0 0.259766 0.683594 0.25625 0.687012 0.249609 0.698242 0.248047 0.704102 0.248047 0.708496 0.248828 0.711426 0.251172 0.713379 0.25625 0.711914 0.264453 0.700195 0.264844 0.689453 0.263281 0.685059
0 0.0953125 0.958984 0.0925781 0.957031 0.0871094 0.957031 0.0839844 0.958984 0.0804688 0.963379 0.0765625 0.970703 0.0738281 0.97998 0.0753906 0.981445 0.08125 0.981445 0.0859375 0.97998 0.0898438 0.977051 0.09375 0.972168 0.0957031 0.96582
1 0.825391 0.0595703 0.821875 0.0532227 0.813672 0.0512695 0.807813 0.0541992 0.802734 0.059082 0.801172 0.0615234 0.800391 0.0668945 0.802344 0.0693359 0.809766 0.0693359 0.816406 0.0654297 0.823828 0.0629883 0.825391 0.0615234
1 0.817578 0.0263672 0.812891 0.0307617 0.811719 0.0424805 0.813672 0.0498047 0.817578 0.0522461 0.819922 0.0522461 0.823047 0.0498047 0.824219 0.0390625 0.823047 0.034668 0.821484 0.0327148 0.820703 0.0273438
1 0.814453 0.0126953 0.813281 0.0175781 0.815625 0.0214844 0.816406 0.0258789 0.821875 0.0322266 0.823438 0.0419922 0.826562 0.0429688 0.830859 0.0415039 0.831641 0.0351562 0.830078 0.0292969 0.81875 0.0141602
1 0.828516 0.121582 0.825781 0.128418 0.826953 0.134766 0.8375 0.145996 0.840625 0.147949 0.844531 0.146973 0.845703 0.14502 0.845703 0.138672 0.843359 0.131836 0.839844 0.126953 0.834766 0.122559 0.831641 0.121094
1 0.953906 0.111328 0.950391 0.106934 0.948047 0.105957 0.942187 0.106445 0.935156 0.11084 0.930469 0.118164 0.930078 0.120605 0.931641 0.123535 0.939844 0.121094 0.952344 0.120605 0.954297 0.118652 0.954688 0.114258
1 0.80625 0.27002 0.802734 0.275391 0.802344 0.282715 0.803125 0.285645 0.807031 0.291016 0.814453 0.291992 0.816016 0.288086 0.815234 0.274414 0.811328 0.269531
1 0.803125 0.365723 0.796094 0.368164 0.788672 0.376465 0.785547 0.385254 0.785547 0.389648 0.7875 0.393555 0.792188 0.394043 0.796875 0.38916 0.799219 0.384766 0.801172 0.376953 0.803906 0.370605
1 0.823828 0.422852 0.825 0.428223 0.830469 0.435059 0.842187 0.443848 0.845703 0.444336 0.846484 0.443359 0.846094 0.433594 0.844141 0.428223 0.842187 0.425781 0.834766 0.421387 0.825391 0.421387
1 0.879297 0.452148 0.876563 0.449707 0.872656 0.449707 0.864844 0.452637 0.859766 0.460938 0.860547 0.466309 0.86875 0.467285 0.877734 0.462402 0.880078 0.458496
1 0.884766 0.519043 0.882812 0.51709 0.880078 0.51709 0.873828 0.521484 0.868359 0.523438 0.866016 0.528809 0.866406 0.532227 0.869141 0.536621 0.873828 0.536133 0.879687 0.530762 0.884375 0.521484
1 0.851953 0.516602 0.850391 0.52002 0.85 0.525391 0.851172 0.530273 0.853906 0.535645 0.862109 0.54248 0.864453 0.543457 0.869531 0.542969 0.870703 0.541016 0.870703 0.537598 0.868359 0.533203 0.857031 0.518066 0.854688 0.516113
1 0.823047 0.505859 0.820703 0.505371 0.814844 0.507812 0.805078 0.515625 0.801953 0.519043 0.801953 0.525391 0.803906 0.526855 0.808984 0.526855 0.810937 0.525879 0.819531 0.516602 0.822656 0.51123
1 0.767188 0.481445 0.766016 0.486328 0.771094 0.5 0.778516 0.506836 0.782813 0.507324 0.785156 0.506348 0.787891 0.502441 0.787891 0.499512 0.785156 0.495605 0.771484 0.481445
1 0.704297 0.477539 0.700781 0.479492 0.7 0.480957 0.699219 0.492676 0.703125 0.505371 0.704297 0.506836 0.70625 0.506836 0.709375 0.504395 0.711328 0.500488 0.712891 0.489746 0.7125 0.486328 0.709766 0.480469
1 0.774609 0.549805 0.771875 0.549316 0.770703 0.550781 0.764453 0.56543 0.763672 0.57959 0.766406 0.584961 0.769141 0.584961 0.771875 0.58252 0.775 0.57373 0.777344 0.553711
1 0.786328 0.587891 0.786328 0.594238 0.795312 0.604492 0.801172 0.605469 0.807422 0.604004 0.808984 0.602539 0.808594 0.597168 0.803125 0.59082 0.792188 0.586426 0.789062 0.586426
1 0.758984 0.59082 0.758203 0.592773 0.758984 0.59668 0.763281 0.606445 0.770312 0.61084 0.775391 0.61084 0.778906 0.608398 0.780078 0.602539 0.777344 0.597656 0.769531 0.594727 0.764453 0.59082
1 0.724219 0.613281 0.725 0.617188 0.726172 0.618652 0.732422 0.621094 0.74375 0.620605 0.748437 0.618164 0.748437 0.613281 0.747656 0.611816 0.737109 0.605957 0.732812 0.605957 0.728516 0.60791 0.725391 0.610352
1 0.785547 0.634277 0.784375 0.633301 0.780859 0.633301 0.773047 0.636719 0.765625 0.642578 0.763672 0.645508 0.763672 0.648438 0.767969 0.65332 0.773047 0.65332 0.778906 0.650391 0.783984 0.643555 0.786328 0.637207
1 0.901563 0.641113 0.896484 0.637695 0.892188 0.637207 0.885156 0.642578 0.882812 0.645996 0.882812 0.647949 0.887109 0.65332 0.888672 0.654297 0.892969 0.654297 0.896484 0.652832 0.901172 0.648438 0.901953 0.646484
0 0.930078 0.473145 0.928906 0.475098 0.929297 0.477051 0.934375 0.483887 0.939453 0.496094 0.945703 0.501953 0.948438 0.502441 0.951562 0.501465 0.951953 0.499023 0.948828 0.48584 0.946484 0.480957 0.942578 0.476562 0.936719 0.472656 0.933203 0.472168
0 0.721484 0.407715 0.714063 0.405762 0.707422 0.407227 0.704297 0.410645 0.701172 0.416504 0.700781 0.422852 0.705078 0.425781 0.708594 0.425781 0.714453 0.422363 0.721875 0.415527 0.722656 0.411621
1 0.624219 0.344727 0.625 0.349121 0.630469 0.357422 0.633984 0.359375 0.64375 0.361328 0.647266 0.359375 0.648828 0.355469 0.647656 0.352539 0.642188 0.348633 0.63125 0.34375 0.625391 0.34375
1 0.631641 0.379395 0.630469 0.37793 0.627344 0.37793 0.61875 0.383301 0.612891 0.390625 0.610938 0.398926 0.613672 0.400391 0.623828 0.399414 0.627344 0.396973 0.629687 0.393555 0.632031 0.38623 0.632422 0.382324
1 0.671484 0.384766 0.669531 0.382812 0.664062 0.382812 0.654687 0.385742 0.649219 0.391602 0.648828 0.394531 0.650391 0.397949 0.653516 0.399902 0.661719 0.399414 0.667188 0.395508 0.671875 0.38916
1 0.626563 0.479004 0.61875 0.478027 0.6125 0.480957 0.609766 0.484375 0.607031 0.495605 0.607812 0.500977 0.610156 0.50293 0.612109 0.50293 0.617578 0.498535 0.626563 0.486328 0.627344 0.48291
1 0.790234 0.543945 0.790625 0.54541 0.809375 0.553711 0.814063 0.553711 0.814844 0.549805 0.814063 0.547363 0.807422 0.537598 0.804297 0.536133 0.801562 0.536133 0.795312 0.538574
1 0.786328 0.547852 0.787109 0.555176 0.788672 0.559082 0.790625 0.561035 0.797266 0.562988 0.803516 0.562988 0.807422 0.562012 0.810547 0.559082 0.809375 0.553711 0.794141 0.545898 0.788672 0.54541
1 0.791797 0.662109 0.7875 0.664551 0.783594 0.671875 0.779687 0.689941 0.780078 0.694824 0.781641 0.696777 0.784375 0.696777 0.786719 0.695312 0.790234 0.690918 0.793359 0.683105 0.794141 0.679199 0.794141 0.667969 0.793359 0.664062
1 0.733203 0.671875 0.733984 0.67627 0.744141 0.683105 0.747656 0.682617 0.751563 0.680176 0.754297 0.676758 0.755469 0.672852 0.753906 0.668945 0.745703 0.666016 0.740234 0.666504
1 0.66875 0.702637 0.668359 0.707031 0.669141 0.708496 0.680078 0.712891 0.683594 0.712891 0.686328 0.711426 0.688672 0.707031 0.687891 0.700684 0.683203 0.697754 0.677344 0.697754 0.670312 0.700195
1 0.751563 0.758789 0.748437 0.755371 0.742578 0.754883 0.731641 0.758789 0.725 0.763184 0.724609 0.765137 0.727734 0.769043 0.732031 0.770996 0.740625 0.771484 0.746875 0.767578 0.750391 0.763184
1 0.680469 0.788086 0.680859 0.791992 0.682813 0.795898 0.692187 0.807129 0.696484 0.809082 0.703906 0.809082 0.705859 0.808105 0.706641 0.802246 0.698438 0.79248 0.685547 0.785645 0.681641 0.786621
1 0.692969 0.850098 0.688672 0.848633 0.684375 0.851074 0.678125 0.869629 0.678125 0.874023 0.680469 0.878418 0.682813 0.87793 0.690234 0.87207 0.694141 0.866699 0.695703 0.862305 0.695703 0.855957 0.694531 0.852051
1 0.777344 0.873047 0.775781 0.875488 0.775781 0.878906 0.777344 0.886719 0.779687 0.89209 0.788281 0.899902 0.791406 0.900879 0.794922 0.898926 0.796094 0.895996 0.790234 0.882812 0.779687 0.872559
1 0.820312 0.84082 0.814063 0.839844 0.810937 0.841309 0.807031 0.845703 0.801953 0.854492 0.801562 0.862793 0.802734 0.864258 0.807031 0.86377 0.814844 0.856934 0.821094 0.84375
1 0.650781 0.918945 0.644922 0.918945 0.637891 0.925293 0.633594 0.933105 0.633594 0.941406 0.634375 0.942871 0.639844 0.941406 0.646875 0.937012 0.650391 0.932617 0.651563 0.928711 0.651563 0.919922
1 0.635547 0.944824 0.633984 0.944824 0.630859 0.94873 0.625 0.958984 0.625 0.968262 0.630078 0.981445 0.632031 0.981445 0.633984 0.97998 0.633984 0.975098 0.638672 0.956055 0.638281 0.949219
1 0.978125 0.977539 0.975 0.984375 0.975 0.989258 0.976953 0.99707 0.98125 1 0.991016 1 0.991406 0.997559 0.990234 0.991211 0.985547 0.98291 0.983984 0.978027 0.982812 0.976562
1 0.957812 0.964355 0.961719 0.966309 0.965234 0.970703 0.969922 0.972656 0.975 0.976562 0.980469 0.976562 0.983984 0.974121 0.985938 0.970703 0.985547 0.96875 0.978516 0.960938 0.970313 0.960938 0.965625 0.958984 0.959375 0.960449
1 0.972266 0.944824 0.970313 0.943359 0.963281 0.942871 0.958594 0.946289 0.957031 0.948242 0.953516 0.958496 0.954688 0.963867 0.958594 0.964844 0.9625 0.962402 0.964063 0.960449 0.964453 0.956055 0.965625 0.95459 0.972656 0.950195
1 0.967187 0.929688 0.961328 0.928223 0.95625 0.930176 0.950781 0.935547 0.948828 0.946289 0.951172 0.948242 0.954688 0.948242 0.957812 0.946289 0.960156 0.943359 0.962109 0.938477 0.966797 0.933594
1 0.938672 0.913574 0.937891 0.915039 0.937891 0.922363 0.942969 0.930664 0.95 0.934082 0.953125 0.933594 0.957031 0.930664 0.957031 0.925781 0.955859 0.921387 0.952344 0.916992 0.944141 0.912598
1 0.932031 0.919434 0.929688 0.91748 0.926953 0.916992 0.915234 0.92334 0.909375 0.930664 0.907813 0.934082 0.907813 0.936523 0.910547 0.938965 0.914062 0.938965 0.924219 0.935059 0.93125 0.925293 0.932422 0.921387
1 0.99375 0.93457 0.992578 0.936035 0.992578 0.940918 0.998437 0.950195 1 0.950195 1 0.934082
1 0.967187 0.853516 0.961719 0.852539 0.951953 0.856445 0.948828 0.86084 0.947656 0.865723 0.948828 0.872559 0.950781 0.875 0.953516 0.874512 0.962109 0.868164 0.967969 0.858398 0.968359 0.856445
1 0.93125 0.838867 0.928125 0.841797 0.926953 0.849121 0.928125 0.854492 0.932422 0.861816 0.934375 0.862793 0.939453 0.862793 0.941797 0.860352 0.942969 0.856934 0.942969 0.84668 0.940625 0.841797 0.937109 0.838867
1 0.666797 0.209473 0.665625 0.211426 0.666406 0.216309 0.671484 0.225586 0.680859 0.234863 0.685156 0.234863 0.686328 0.233398 0.686328 0.22998 0.682813 0.221191 0.670703 0.208984
1 0.55625 0.150879 0.555078 0.153809 0.553516 0.163086 0.553906 0.169434 0.559375 0.174805 0.564063 0.177246 0.568359 0.177734 0.570312 0.173828 0.569531 0.169434 0.563281 0.159668 0.561328 0.149414 0.560156 0.148438
1 0.505859 0.157715 0.507031 0.164062 0.5125 0.169434 0.519922 0.170898 0.528125 0.17041 0.530469 0.168945 0.530078 0.162598 0.527734 0.159668 0.523047 0.156738 0.518359 0.155273 0.508984 0.155273
1 0.453125 0.162598 0.453125 0.165039 0.455469 0.168457 0.466797 0.173828 0.469922 0.173828 0.472266 0.172363 0.475391 0.168945 0.476562 0.165527 0.476562 0.162598 0.475391 0.160645 0.465625 0.158203 0.459375 0.158691
1 0.483594 0.271484 0.482812 0.276367 0.491016 0.286621 0.493359 0.288086 0.498828 0.288086 0.501563 0.285645 0.501563 0.28125 0.497656 0.272461 0.495703 0.27002 0.489453 0.268555 0.484766 0.27002
1 0.583203 0.272461 0.582422 0.275391 0.582812 0.277832 0.584766 0.281738 0.588281 0.285645 0.596484 0.288086 0.600391 0.288086 0.602344 0.286621 0.602734 0.281738 0.601953 0.278809 0.595313 0.269531 0.590234 0.269043 0.585547 0.270508
1 0.565625 0.316406 0.559766 0.317871 0.552344 0.326172 0.55 0.333984 0.551953 0.337891 0.556641 0.338379 0.559375 0.336426 0.564063 0.330566 0.566797 0.324707 0.567187 0.318848
1 0.549609 0.33252 0.548047 0.33252 0.544141 0.335938 0.541016 0.345703 0.541406 0.354004 0.544531 0.359375 0.546484 0.359375 0.549609 0.357422 0.551953 0.354004 0.553125 0.349121 0.553516 0.339355
1 0.49375 0.304688 0.49375 0.307129 0.495703 0.310547 0.505469 0.31543 0.519531 0.317383 0.522266 0.315918 0.522656 0.310059 0.521484 0.308105 0.507031 0.299805 0.497656 0.301758
1 0.545703 0.411621 0.545703 0.413574 0.551562 0.421875 0.554297 0.42334 0.564063 0.42334 0.56875 0.421387 0.569922 0.419434 0.569922 0.416016 0.56875 0.413086 0.565234 0.409668 0.561328 0.407715 0.550781 0.408203
1 0.448437 0.492676 0.448047 0.496094 0.450391 0.499023 0.461719 0.50293 0.466797 0.501465 0.469531 0.496094 0.468359 0.491211 0.459375 0.486328 0.450391 0.489746
1 0.541797 0.602051 0.542578 0.608398 0.549219 0.618164 0.560156 0.624512 0.563281 0.625488 0.565234 0.624512 0.565234 0.618164 0.558984 0.60791 0.548828 0.600098 0.544922 0.599121
1 0.594531 0.687012 0.59375 0.689941 0.594141 0.693848 0.597266 0.69873 0.603125 0.703613 0.608203 0.704102 0.611328 0.702148 0.611328 0.693848 0.608203 0.687988 0.601953 0.685059 0.597656 0.685059
1 0.577344 0.705078 0.577734 0.711914 0.580859 0.715332 0.583984 0.716797 0.594531 0.716309 0.602734 0.710938 0.602734 0.708496 0.601172 0.705078 0.597266 0.702148 0.5875 0.701172 0.580078 0.702637
1 0.517188 0.687988 0.515234 0.691406 0.515625 0.69873 0.51875 0.709961 0.523438 0.717773 0.525781 0.719238 0.528906 0.71875 0.530859 0.71582 0.529687 0.698242 0.528516 0.695312 0.522266 0.688965
1 0.431641 0.57666 0.430078 0.578125 0.427344 0.586426 0.426563 0.591309 0.426953 0.599121 0.433984 0.608887 0.436328 0.610352 0.440234 0.61084 0.441797 0.60791 0.440625 0.599609 0.436719 0.588867 0.435547 0.580566 0.434375 0.578125
1 0.583203 0.744141 0.582422 0.75 0.585156 0.756836 0.590625 0.765137 0.594922 0.766602 0.598047 0.765625 0.598828 0.763184 0.597656 0.753418 0.595313 0.74707 0.591797 0.742188 0.5875 0.741211
1 0.4875 0.90625 0.489453 0.911621 0.500391 0.91748 0.510938 0.916016 0.514062 0.912109 0.514062 0.910156 0.5125 0.908203 0.501563 0.901367 0.496094 0.901367 0.490625 0.902832
1 0.454297 0.952148 0.447656 0.960449 0.446484 0.965332 0.447656 0.96875 0.451562 0.973633 0.455078 0.976074 0.458594 0.976562 0.464062 0.971191 0.465234 0.967773 0.465234 0.964355 0.457422 0.954102
1 0.386719 0.929199 0.385937 0.930176 0.385937 0.94043 0.388672 0.949707 0.394531 0.953613 0.396875 0.954102 0.4 0.952637 0.401172 0.950684 0.401172 0.943359 0.4 0.937988 0.396875 0.934082 0.389453 0.928711
1 0.346484 0.902344 0.345313 0.902344 0.341797 0.908203 0.338281 0.920898 0.337891 0.930176 0.340625 0.933105 0.343359 0.933105 0.346875 0.931152 0.351172 0.925781 0.352734 0.921387 0.349609 0.907227
1 0.280078 0.875977 0.278125 0.880859 0.278516 0.883789 0.280078 0.88623 0.290234 0.890137 0.292578 0.889648 0.294922 0.887207 0.296094 0.881348 0.295312 0.878418 0.292969 0.875488 0.288281 0.873047 0.283984 0.873047
1 0.278125 0.864258 0.276562 0.862793 0.274609 0.862793 0.269141 0.865723 0.264062 0.870117 0.257031 0.881348 0.257422 0.883301 0.259766 0.885742 0.265234 0.885742 0.272656 0.882812 0.276953 0.874023 0.278516 0.868652
1 0.333203 0.808105 0.33125 0.8125 0.331641 0.816406 0.334375 0.818848 0.342187 0.821289 0.346875 0.820801 0.35 0.816406 0.351953 0.810547 0.351953 0.807617 0.348047 0.804688 0.3375 0.804688
1 0.246094 0.802246 0.246875 0.806152 0.251172 0.811035 0.255469 0.813965 0.262891 0.816895 0.266406 0.819824 0.269141 0.819336 0.269141 0.810547 0.267969 0.807129 0.264062 0.802734 0.255469 0.798828 0.248438 0.799805
1 0.363672 0.751465 0.359766 0.748535 0.355469 0.748535 0.350781 0.750977 0.347656 0.753906 0.344922 0.758789 0.345313 0.764648 0.346875 0.766602 0.35 0.768066 0.357812 0.767578 0.3625 0.765625 0.364453 0.76123 0.364453 0.753906
1 0.319922 0.680176 0.317188 0.679688 0.314844 0.681152 0.307031 0.694824 0.306641 0.696777 0.308984 0.701172 0.310547 0.702148 0.316797 0.701172 0.322656 0.695312 0.323437 0.686035
1 0.35 0.635254 0.346875 0.641602 0.346875 0.647949 0.348047 0.650879 0.35 0.65332 0.353906 0.655273 0.361719 0.655273 0.363672 0.652344 0.364063 0.648438 0.361719 0.640625 0.354297 0.633789
1 0.310547 0.594727 0.308984 0.592285 0.306641 0.591309 0.298438 0.592285 0.288281 0.602051 0.285156 0.60791 0.286719 0.609375 0.292969 0.611328 0.299219 0.61084 0.302734 0.607422 0.305469 0.602539 0.310156 0.599121
1 0.347656 0.559082 0.347266 0.564941 0.355469 0.577637 0.360938 0.580566 0.367578 0.57959 0.369922 0.577637 0.370703 0.573242 0.366016 0.566406 0.352734 0.557617 0.349219 0.557129
1 0.275781 0.551758 0.270313 0.55127 0.267578 0.554688 0.264844 0.56543 0.264844 0.570312 0.266406 0.574707 0.267578 0.575684 0.271094 0.576172 0.274609 0.574707 0.278906 0.569336 0.280078 0.564941 0.280078 0.557617 0.278906 0.554199
1 0.209766 0.524414 0.205078 0.524414 0.203125 0.530273 0.202344 0.541016 0.203516 0.548828 0.205078 0.550781 0.209766 0.548828 0.214453 0.541016 0.216016 0.536133 0.216016 0.530762 0.215234 0.528809
1 0.180859 0.564941 0.177344 0.568359 0.177344 0.574219 0.179688 0.586426 0.181641 0.589355 0.186719 0.588867 0.190625 0.584473 0.191797 0.57959 0.191406 0.574219 0.185938 0.566406
1 0.25625 0.404297 0.251172 0.40332 0.247656 0.404785 0.242188 0.412598 0.241406 0.415527 0.242188 0.421875 0.243359 0.422852 0.248438 0.422852 0.254688 0.416992 0.258984 0.414062 0.258984 0.410156 0.257812 0.40625
1 0.255078 0.415527 0.248438 0.421387 0.248047 0.426758 0.250391 0.43457 0.252734 0.437012 0.256641 0.437988 0.260156 0.435059 0.262109 0.427246 0.262109 0.422852 0.258984 0.416016
1 0.275781 0.419434 0.270703 0.418945 0.266016 0.421875 0.262891 0.425293 0.260547 0.432129 0.260547 0.437012 0.261719 0.438965 0.264062 0.44043 0.267188 0.439941 0.271094 0.437988 0.276562 0.433105 0.277734 0.425293
1 0.276172 0.460938 0.274219 0.460938 0.270313 0.464844 0.263281 0.481445 0.2625 0.491699 0.263672 0.496094 0.265234 0.497559 0.268359 0.498047 0.269531 0.49707 0.273828 0.487305 0.276953 0.46875
1 0.28125 0.463379 0.280078 0.464355 0.278516 0.470215 0.278906 0.474609 0.282422 0.479004 0.286719 0.479004 0.287891 0.478027 0.289844 0.472168 0.289062 0.466797 0.286719 0.463867
1 0.339062 0.42627 0.340234 0.430176 0.348438 0.432617 0.360156 0.431152 0.362891 0.428711 0.362891 0.42627 0.360156 0.421875 0.351562 0.417969 0.345313 0.418945 0.342187 0.421387
1 0.317969 0.382324 0.311328 0.381348 0.305859 0.383789 0.301953 0.38916 0.298438 0.396973 0.298438 0.398926 0.299609 0.400391 0.302734 0.401367 0.308594 0.401367 0.311328 0.399902 0.313281 0.396973 0.317188 0.394043 0.318359 0.391602 0.31875 0.387207
1 0.311719 0.398438 0.311328 0.40332 0.3125 0.405762 0.314453 0.407715 0.318359 0.40918 0.322656 0.40918 0.325 0.407715 0.328516 0.403809 0.330078 0.399414 0.328906 0.395996 0.323437 0.392578 0.318359 0.393066
1 0.344531 0.256836 0.34375 0.26123 0.344141 0.266602 0.348828 0.270996 0.357812 0.273438 0.365234 0.271973 0.366797 0.27002 0.367188 0.265625 0.361719 0.26123 0.350391 0.256348 0.346094 0.255859
1 0.333203 0.24707 0.329688 0.25293 0.329297 0.258301 0.336719 0.272949 0.339062 0.274414 0.341797 0.272949 0.344531 0.267578 0.344531 0.259277 0.343359 0.256348 0.335156 0.24707
1 0.308203 0.215332 0.307812 0.218262 0.308984 0.223145 0.314063 0.226562 0.317188 0.227539 0.322656 0.227051 0.327344 0.223145 0.326562 0.216797 0.322266 0.211914 0.318359 0.209473 0.313672 0.208984 0.309766 0.211914
1 0.304688 0.207031 0.300391 0.20752 0.29375 0.211914 0.292578 0.21582 0.292578 0.22168 0.294922 0.227539 0.300781 0.229004 0.303125 0.228516 0.305078 0.226562 0.306641 0.221191 0.306641 0.213867 0.305859 0.208008
1 0.176953 0.254883 0.176563 0.258789 0.178516 0.264648 0.187891 0.274902 0.192188 0.276855 0.197656 0.276855 0.201563 0.273438 0.201953 0.27002 0.200781 0.268066 0.192969 0.260742 0.182812 0.253418 0.178516 0.253418
1 0.216797 0.259277 0.214062 0.261719 0.214453 0.276367 0.216797 0.281738 0.219141 0.28418 0.221094 0.284668 0.225 0.279297 0.225391 0.273438 0.222266 0.262695 0.220703 0.260742
1 0.225391 0.227051 0.223828 0.229004 0.222656 0.23291 0.221875 0.246582 0.226172 0.256348 0.228516 0.258789 0.232031 0.259277 0.235156 0.255859 0.235156 0.241211 0.232422 0.232422 0.228125 0.226562
1 0.241016 0.220703 0.237891 0.222656 0.233984 0.233887 0.233594 0.238281 0.234766 0.242676 0.235937 0.243652 0.242578 0.242676 0.247266 0.236328 0.247656 0.230957 0.246875 0.227051 0.24375 0.222168
1 0.242969 0.247559 0.240625 0.250488 0.240234 0.257812 0.242578 0.272461 0.244531 0.273926 0.251953 0.266602 0.253516 0.260742 0.250391 0.25293 0.244922 0.247559
1 0.253906 0.155273 0.249609 0.145996 0.247266 0.143066 0.243359 0.14209 0.236328 0.145508 0.23125 0.15332 0.23125 0.15918 0.236719 0.163086 0.241016 0.163086 0.247656 0.158691 0.253906 0.158203
1 0.217188 0.161133 0.216406 0.162109 0.217188 0.168945 0.221875 0.181641 0.223828 0.18457 0.227734 0.187012 0.231641 0.185547 0.232813 0.183105 0.233203 0.178223 0.229297 0.168457 0.223828 0.162598 0.220703 0.161133
1 0.128516 0.204102 0.129688 0.206543 0.131641 0.20752 0.141797 0.20752 0.151172 0.202148 0.152344 0.197266 0.151172 0.195312 0.146875 0.192871 0.1375 0.192383 0.130078 0.197266 0.128516 0.201172
1 0.141016 0.304199 0.138281 0.302246 0.133984 0.301758 0.129688 0.304688 0.122656 0.313965 0.11875 0.321777 0.118359 0.325684 0.121875 0.328613 0.126953 0.328613 0.132031 0.325684 0.139453 0.311523 0.141406 0.306152
1 0.153516 0.336914 0.153125 0.341309 0.153906 0.344727 0.162109 0.35498 0.16875 0.35791 0.170313 0.35791 0.172656 0.355957 0.173437 0.349121 0.167187 0.338379 0.160547 0.333984 0.157422 0.333984
1 0.235547 0.0986328 0.237109 0.101562 0.239453 0.102539 0.24375 0.101562 0.258594 0.0913086 0.258984 0.0893555 0.25625 0.0844727 0.253125 0.0825195 0.243359 0.0820312 0.239063 0.0854492 0.235547 0.09375
1 0.315234 0.012207 0.310156 0.0136719 0.301563 0.0249023 0.299219 0.0307617 0.299219 0.0332031 0.301172 0.0366211 0.30625 0.0371094 0.310547 0.0356445 0.316797 0.0292969 0.318359 0.0244141 0.318359 0.0205078 0.317188 0.015625
1 0.0789062 0.171875 0.0746094 0.169434 0.0710937 0.169434 0.0671875 0.171387 0.0632812 0.177246 0.0652344 0.188477 0.0691406 0.189453 0.0738281 0.186523 0.0792969 0.175293
1 0.0613281 0.17627 0.0566406 0.176758 0.0535156 0.182129 0.0519531 0.187988 0.0535156 0.197754 0.0558594 0.201172 0.0613281 0.200195 0.0648438 0.193848 0.0664062 0.188965 0.065625 0.182617 0.0640625 0.179199
1 0.0476562 0.203125 0.0484375 0.208008 0.0507812 0.212891 0.0558594 0.218262 0.0671875 0.224121 0.0695313 0.224121 0.071875 0.222168 0.071875 0.21582 0.0703125 0.211914 0.0660156 0.206055 0.059375 0.202637 0.0527344 0.201172
1 0.161328 0.318359 0.159766 0.323242 0.160938 0.333496 0.165234 0.337891 0.169531 0.337891 0.173828 0.335938 0.175 0.33252 0.174219 0.324219 0.167969 0.319824
1 0 0.490234 0 0.522949 0.00195312 0.522949 0.00625 0.51416 0.00664062 0.504395 0.00429688 0.494141 0.00234375 0.490723
1 0.0289063 0.67334 0.0257812 0.675293 0.0242188 0.678223 0.0234375 0.682129 0.0242188 0.689453 0.0300781 0.696777 0.0324219 0.698242 0.0367188 0.697754 0.0378906 0.692383 0.0367188 0.67627 0.0335937 0.672852
1 0.0835937 0.728516 0.0828125 0.729492 0.0832031 0.736328 0.0867187 0.743652 0.0917969 0.749512 0.0953125 0.751953 0.0988281 0.750977 0.100781 0.746582 0.100781 0.740234 0.0992187 0.735352 0.0929688 0.729492 0.0859375 0.728027
1 0.119531 0.841309 0.115234 0.836426 0.108984 0.835938 0.0992187 0.838379 0.0964844 0.84082 0.0960938 0.843262 0.0992187 0.848145 0.102344 0.850586 0.106641 0.852539 0.109766 0.852539 0.114062 0.851074 0.117578 0.848145 0.119531 0.84375
1 0.117969 0.879883 0.114844 0.884766 0.113281 0.889648 0.113281 0.893066 0.114844 0.897461 0.116016 0.898926 0.125391 0.899414 0.126953 0.900879 0.126562 0.895996 0.128125 0.892578 0.126953 0.886719 0.122266 0.880371 0.120313 0.879395
1 0.105469 0.964355 0.101562 0.965332 0.0933594 0.975586 0.0921875 0.981934 0.0921875 0.990723 0.0945312 0.993164 0.1 0.991211 0.103516 0.984863 0.107813 0.970215 0.107422 0.966797
2 0.356641 0 0.349219 0 0.347656 0.00537109 0.347656 0.00927734 0.348828 0.0117188 0.350781 0.0117188 0.354687 0.00878906
2 0.807813 0.72998 0.805859 0.728516 0.801562 0.728516 0.797266 0.732422 0.796484 0.736816 0.798047 0.73877 0.803906 0.736816 0.807031 0.734375
2 0.908594 0.919922 0.905078 0.916504 0.903516 0.916992 0.9 0.921875 0.895312 0.925781 0.887891 0.928223 0.887109 0.930664 0.887891 0.933594 0.891016 0.935059 0.897266 0.93457 0.907422 0.927246
