0 0.520703 0 0.51875 0.00976562 0.520312 0.0229492 0.523047 0.0273438 0.526953 0.027832 0.531641 0.0219727 0.532031 0.00878906 0.530469 0
0 0.732812 0.626953 0.732812 0.633301 0.734766 0.637207 0.737109 0.63916 0.748047 0.63916 0.75 0.638184 0.751563 0.635742 0.751953 0.630859 0.748437 0.626465 0.741406 0.624023 0.736328 0.624023
1 0.236719 0.15332 0.234375 0.148438 0.228906 0.143555 0.220312 0.144531 0.216406 0.146973 0.214453 0.149414 0.214062 0.154297 0.216016 0.156738 0.225 0.161133 0.233594 0.160156 0.235937 0.158203
1 0.227734 0.134766 0.226562 0.138184 0.227344 0.143555 0.232813 0.148926 0.235547 0.155273 0.239063 0.154297 0.241797 0.148438 0.240625 0.138184 0.237891 0.135254 0.235547 0.134277
1 0.38125 0.0366211 0.380859 0.0424805 0.383203 0.0493164 0.390625 0.0576172 0.396875 0.0595703 0.398828 0.0537109 0.398828 0.046875 0.396875 0.0424805 0.389844 0.0356445 0.385156 0.0351562
1 0.411719 0.149414 0.408594 0.145996 0.401172 0.146973 0.391406 0.154785 0.389062 0.157715 0.389062 0.159668 0.392578 0.162598 0.397266 0.164062 0.401172 0.164062 0.405078 0.162598 0.409766 0.158691 0.411328 0.154785
1 0.418359 0.186523 0.416406 0.1875 0.413672 0.191895 0.412891 0.196289 0.413281 0.202148 0.416406 0.207031 0.421484 0.208008 0.424609 0.206543 0.426953 0.203613 0.428125 0.197754 0.423438 0.188477 0.420703 0.186523
1 0.274219 0 0.275391 0.00585938 0.278516 0.00927734 0.282422 0.0102539 0.289062 0.00830078 0.294531 0.00195312 0.294531 0
1 0.234766 0.225586 0.232422 0.223145 0.229297 0.222168 0.223438 0.223145 0.212891 0.233398 0.211719 0.23584 0.211719 0.238281 0.213281 0.241699 0.215625 0.243652 0.218359 0.244629 0.224609 0.243652 0.233984 0.236328 0.235937 0.231934
1 0.150391 0.215332 0.148047 0.226074 0.148438 0.234375 0.149609 0.237305 0.154688 0.242188 0.159375 0.242676 0.160547 0.239258 0.160547 0.234863 0.158984 0.226074 0.153906 0.21582
1 0.221484 0.260254 0.216016 0.259277 0.213281 0.260742 0.210938 0.26416 0.208203 0.275391 0.208203 0.282715 0.209375 0.285156 0.213281 0.285645 0.215625 0.28418 0.221484 0.275879 0.222656 0.269531 0.222656 0.26416
1 0.267188 0.285645 0.263281 0.285156 0.257422 0.289551 0.251563 0.303711 0.251563 0.307129 0.253516 0.310547 0.255078 0.311523 0.259375 0.311523 0.265625 0.306152 0.267969 0.296387 0.267969 0.287109
1 0.360938 0.324707 0.357031 0.320801 0.351953 0.320312 0.341406 0.32666 0.339453 0.32959 0.340234 0.334473 0.346094 0.337891 0.353516 0.336914 0.361719 0.330078
1 0.405469 0.270996 0.403516 0.270996 0.398828 0.274414 0.395703 0.27832 0.392969 0.285156 0.392578 0.295898 0.393359 0.298828 0.395703 0.300781 0.400391 0.29834 0.402734 0.29541 0.407422 0.282227 0.407813 0.274414
1 0.451562 0.354492 0.451172 0.36084 0.452344 0.36377 0.458594 0.368652 0.465234 0.367676 0.469531 0.364258 0.469531 0.358887 0.466016 0.354492 0.459375 0.351562 0.455078 0.351562
1 0.441406 0.371582 0.439453 0.37207 0.435937 0.37793 0.434766 0.384277 0.435937 0.388672 0.438672 0.39209 0.443359 0.393555 0.447266 0.38916 0.448437 0.381836 0.444141 0.372559
1 0.192188 0.265137 0.189453 0.263672 0.185547 0.263672 0.180859 0.267578 0.174609 0.279785 0.174219 0.282715 0.175391 0.287109 0.176563 0.288086 0.182422 0.287109 0.185156 0.285156 0.191797 0.276855 0.19375 0.271973 0.193359 0.26709
1 0.165625 0.275391 0.162891 0.273438 0.149609 0.275391 0.146094 0.27832 0.145703 0.282227 0.150781 0.288574 0.153516 0.289551 0.157422 0.289062 0.161328 0.286621 0.165625 0.280273
1 0.128125 0.299805 0.128125 0.303223 0.129297 0.306641 0.135547 0.308594 0.141016 0.308594 0.146875 0.306641 0.151172 0.30127 0.151172 0.299805 0.147266 0.294922 0.142187 0.291504 0.137891 0.291504 0.130078 0.295898
1 0.1375 0.341797 0.133984 0.34082 0.121484 0.35791 0.120313 0.361816 0.120313 0.367188 0.122266 0.372559 0.123828 0.373047 0.127734 0.369141 0.139453 0.350098 0.139453 0.344727
1 0.100781 0.320801 0.0964844 0.321777 0.09375 0.328613 0.0929688 0.33252 0.0933594 0.343262 0.0953125 0.347656 0.100391 0.347656 0.104297 0.345703 0.106641 0.341309 0.107422 0.33252 0.106641 0.325195
1 0.0652344 0.339844 0.0578125 0.339355 0.0527344 0.341309 0.0417969 0.349609 0.0402344 0.352539 0.0402344 0.354492 0.04375 0.356445 0.0511719 0.356445 0.0554687 0.35498 0.065625 0.344727
1 0.0339844 0.344727 0.0324219 0.344727 0.0269531 0.349121 0.021875 0.35498 0.0207031 0.359375 0.0242188 0.365234 0.0265625 0.365723 0.0300781 0.364258 0.0363281 0.354492 0.0367188 0.348633
1 0 0.339844 0 0.351074 0.00234375 0.351562 0.00507813 0.355469 0.0167969 0.361816 0.0191406 0.361816 0.021875 0.359863 0.0199219 0.351562 0.0171875 0.347168 0.0101563 0.341797 0.0046875 0.339844
1 0.0292969 0.525391 0.0226562 0.520996 0.0175781 0.522461 0.0136719 0.526855 0.0117188 0.53125 0.00820313 0.535645 0.00703125 0.540039 0.0136719 0.541504 0.0210938 0.537598 0.0273438 0.529785
1 0.0300781 0.552246 0.0230469 0.552246 0.0144531 0.55957 0.0144531 0.562988 0.0105469 0.579102 0.0121094 0.581055 0.015625 0.580078 0.0246094 0.567871 0.03125 0.555176
1 0.0507812 0.449219 0.0488281 0.453613 0.0488281 0.462891 0.0496094 0.46582 0.0554687 0.473145 0.0605469 0.475586 0.0644531 0.475098 0.0652344 0.469727 0.059375 0.453613 0.0554687 0.449219
1 0.0898438 0.419922 0.0882813 0.421875 0.0882813 0.423828 0.0925781 0.430176 0.0949219 0.435547 0.0992187 0.439453 0.103906 0.438477 0.105859 0.433594 0.105859 0.42627 0.104688 0.422852 0.0992187 0.41748 0.0960938 0.416992
1 0.126562 0.398438 0.122266 0.40332 0.120703 0.411621 0.121094 0.417969 0.122656 0.422852 0.126953 0.426758 0.13125 0.427246 0.133203 0.425293 0.134375 0.421875 0.134375 0.40625 0.133203 0.401855 0.13125 0.399414
1 0.160156 0.382812 0.160547 0.38916 0.165234 0.398926 0.16875 0.401855 0.174609 0.402832 0.178125 0.400879 0.180078 0.398438 0.181641 0.393066 0.179688 0.390137 0.164844 0.381348 0.162109 0.380859
1 0.146484 0.433594 0.146484 0.438965 0.154688 0.451172 0.158984 0.453613 0.163672 0.45459 0.16875 0.454102 0.170703 0.452148 0.169531 0.447266 0.161328 0.436523 0.153516 0.432617 0.148047 0.432617
1 0.233203 0.433105 0.227734 0.432129 0.220312 0.436523 0.217578 0.443848 0.217578 0.452148 0.219141 0.454102 0.222266 0.45459 0.226953 0.453125 0.233984 0.446289 0.235937 0.442871 0.235937 0.437012
1 0.280469 0.446777 0.280469 0.451172 0.28125 0.452637 0.285938 0.45459 0.298828 0.455566 0.303516 0.452637 0.301953 0.447266 0.299219 0.444336 0.294922 0.441895 0.2875 0.441895
1 0.396875 0.465332 0.395313 0.463867 0.388672 0.462402 0.380078 0.462891 0.367578 0.470215 0.366797 0.473633 0.368359 0.477051 0.372656 0.47998 0.380078 0.479492 0.385156 0.477539 0.392578 0.472168 0.396875 0.467285
1 0.422266 0.457031 0.419922 0.455078 0.417187 0.45459 0.412891 0.457031 0.406641 0.464355 0.405469 0.46875 0.405859 0.472656 0.407422 0.474121 0.4125 0.473633 0.420703 0.467285 0.423438 0.462402
1 0.432812 0.406738 0.427734 0.408203 0.424609 0.412598 0.423438 0.432129 0.426172 0.435547 0.428516 0.435547 0.432031 0.433594 0.434766 0.428223 0.435156 0.414551 0.433984 0.408203
1 0.237109 0.538086 0.228906 0.538086 0.226953 0.539551 0.223828 0.544922 0.221875 0.549805 0.221875 0.555176 0.223047 0.560059 0.225 0.563477 0.227734 0.564941 0.229687 0.564453 0.235937 0.554199 0.238672 0.54541 0.238672 0.540039
1 0.241016 0.568359 0.237109 0.56543 0.23125 0.566406 0.224219 0.57373 0.217188 0.577637 0.216797 0.580078 0.21875 0.583008 0.221484 0.584473 0.226172 0.584961 0.228516 0.583984 0.235547 0.578613 0.239844 0.572266
1 0.315625 0.59668 0.309375 0.59375 0.301953 0.594727 0.297656 0.599121 0.29375 0.60791 0.29375 0.613281 0.294922 0.614258 0.299609 0.61377 0.308203 0.609375 0.315234 0.603027 0.316016 0.600098
1 0.143359 0.584961 0.140234 0.592773 0.139844 0.599121 0.142969 0.603516 0.149609 0.608887 0.155469 0.608398 0.157031 0.603516 0.154297 0.598145 0.151172 0.588379 0.147656 0.583984 0.145703 0.583496
1 0.100391 0.636719 0.0984375 0.636719 0.0949219 0.63916 0.090625 0.645508 0.0878906 0.662109 0.0910156 0.666016 0.096875 0.663574 0.101172 0.656738 0.102734 0.649902 0.102734 0.643555
1 0.101562 0.665039 0.102734 0.67041 0.108203 0.67334 0.122656 0.668457 0.124609 0.662109 0.122266 0.65918 0.111719 0.657227 0.105078 0.660156 0.102734 0.662109
1 0.105859 0.673828 0.105859 0.677246 0.111328 0.687988 0.11875 0.693848 0.122266 0.694824 0.123828 0.693848 0.123828 0.686035 0.121094 0.679688 0.115625 0.67334 0.110547 0.671875 0.107422 0.672363
1 0.071875 0.681641 0.0671875 0.680664 0.0632812 0.682129 0.0601563 0.685059 0.0582031 0.69043 0.0585938 0.695312 0.0597656 0.697754 0.0632812 0.699707 0.0660156 0.699707 0.06875 0.698242 0.071875 0.694336 0.0734375 0.689941 0.0734375 0.685059
1 0.00898437 0.728516 0.009375 0.730957 0.0242188 0.73877 0.0335937 0.738281 0.0359375 0.73584 0.0355469 0.731445 0.0335937 0.728516 0.0210938 0.72168 0.0179687 0.721191 0.0117188 0.724121
1 0.0914062 0.727539 0.0886719 0.726074 0.0851563 0.727539 0.0792969 0.736328 0.0753906 0.748047 0.0753906 0.752441 0.0765625 0.754883 0.08125 0.754883 0.0855469 0.753418 0.0894531 0.750977 0.0929688 0.74707 0.0953125 0.742188 0.0957031 0.738281
1 0.0761719 0.802734 0.0734375 0.798828 0.0660156 0.797363 0.0605469 0.79834 0.0558594 0.803223 0.0550781 0.80957 0.0570312 0.8125 0.059375 0.813477 0.0683594 0.8125 0.0730469 0.810547 0.075 0.808105
1 0.241016 0.717285 0.239844 0.717285 0.235937 0.72168 0.232422 0.730469 0.232031 0.740723 0.232813 0.744141 0.235547 0.746582 0.237109 0.746582 0.239453 0.744141 0.244922 0.730957 0.244922 0.724121
1 0.295703 0.717285 0.292969 0.717285 0.289844 0.719727 0.279297 0.739258 0.278125 0.743652 0.278906 0.746094 0.283984 0.746582 0.292187 0.740234 0.296484 0.735352 0.298047 0.72998 0.298047 0.721191
1 0.227734 0.680176 0.229297 0.683105 0.232031 0.685059 0.241797 0.686523 0.244922 0.685547 0.251563 0.679688 0.253125 0.675293 0.252344 0.672363 0.250781 0.670898 0.246094 0.669434 0.238281 0.668945 0.234375 0.67041 0.227734 0.67627
1 0.322656 0.661133 0.321094 0.661133 0.31875 0.663086 0.314844 0.675781 0.315234 0.686035 0.318359 0.688965 0.324219 0.6875 0.328516 0.682129 0.328516 0.67041
1 0.342578 0.66748 0.339844 0.666016 0.333203 0.666504 0.329297 0.671387 0.328516 0.682129 0.330859 0.684082 0.334766 0.68457 0.342969 0.678711 0.344141 0.67627 0.344141 0.670898
1 0.359375 0.65625 0.355469 0.655762 0.353125 0.656738 0.346094 0.663574 0.34375 0.668945 0.343359 0.67627 0.344922 0.678711 0.353125 0.678711 0.355859 0.677246 0.358594 0.673828 0.361719 0.666504 0.362109 0.663574 0.361328 0.658691
1 0.383594 0.792969 0.38125 0.79834 0.381641 0.808105 0.382812 0.8125 0.389453 0.82373 0.392188 0.825684 0.394922 0.825195 0.396875 0.823242 0.396484 0.812988 0.395313 0.808594 0.389844 0.796875 0.385937 0.792969
1 0.405078 0.768066 0.403906 0.765137 0.401172 0.762207 0.397266 0.760742 0.392969 0.76123 0.389062 0.763672 0.385937 0.767578 0.383984 0.772461 0.383984 0.775391 0.387109 0.777832 0.391797 0.779297 0.396484 0.778809 0.403516 0.774902
1 0.416797 0.79541 0.414062 0.796875 0.410547 0.80127 0.40625 0.809082 0.405859 0.814941 0.408203 0.818848 0.412891 0.817383 0.416797 0.812988 0.419141 0.805176 0.419141 0.797852
1 0.442578 0.782715 0.442188 0.788574 0.446484 0.804688 0.450781 0.812988 0.455078 0.8125 0.458203 0.804199 0.457813 0.79834 0.45625 0.792969 0.447656 0.783691
1 0.475781 0.81543 0.474609 0.81543 0.473047 0.817871 0.467187 0.832031 0.465625 0.846191 0.466797 0.850586 0.470313 0.848633 0.472656 0.845703 0.480078 0.833008 0.480469 0.828125 0.479297 0.820801 0.478125 0.817383
1 0.546094 0.705566 0.539844 0.70752 0.5375 0.710449 0.535547 0.716309 0.535547 0.729004 0.5375 0.733887 0.539844 0.736328 0.542578 0.73584 0.544141 0.733398 0.546875 0.726074 0.55 0.712891 0.55 0.708496
1 0.515234 0.737305 0.508594 0.738281 0.502344 0.745117 0.501953 0.751465 0.502734 0.754883 0.505859 0.76123 0.508594 0.76416 0.510547 0.76416 0.513281 0.760742 0.514844 0.756836 0.517188 0.739258
1 0.603906 0.802734 0.600391 0.79834 0.596484 0.796387 0.589453 0.796875 0.586719 0.799316 0.582422 0.808594 0.582422 0.813965 0.583984 0.816406 0.588281 0.815918 0.591797 0.812012 0.596094 0.80957 0.603125 0.80957 0.604297 0.808594
1 0.638281 0.771973 0.634375 0.770508 0.629687 0.773438 0.625 0.77832 0.619141 0.79248 0.619141 0.795898 0.620313 0.79834 0.623828 0.798828 0.626953 0.796387 0.637109 0.78418 0.639453 0.778809 0.639453 0.773438
1 0.685156 0.724609 0.681641 0.724121 0.678125 0.727539 0.675 0.740234 0.676172 0.745605 0.682031 0.745605 0.685937 0.742676 0.688281 0.739258 0.689844 0.734863 0.689063 0.730469
1 0.632812 0.669922 0.629297 0.669434 0.626953 0.67041 0.621875 0.675781 0.61875 0.689941 0.619141 0.693359 0.620703 0.695801 0.623437 0.696777 0.625781 0.695312 0.633203 0.686035 0.633984 0.671875
1 0.614844 0.641602 0.613281 0.643555 0.611719 0.648438 0.611719 0.652832 0.6125 0.654297 0.61875 0.65918 0.623828 0.658203 0.628906 0.647949 0.628516 0.64209 0.624219 0.640137 0.61875 0.640137
1 0.676172 0.641602 0.673828 0.638672 0.667969 0.638672 0.662891 0.640625 0.65625 0.646973 0.655859 0.651855 0.658594 0.655273 0.662891 0.655762 0.674219 0.650391 0.676953 0.646973
1 0.696875 0.672852 0.701562 0.676758 0.709375 0.677734 0.71875 0.672852 0.720313 0.670898 0.721484 0.666016 0.719922 0.663574 0.717578 0.662598 0.707812 0.662109 0.701172 0.663086 0.698047 0.666504
1 0.412109 0.700195 0.412109 0.708008 0.415625 0.713379 0.423828 0.716797 0.428906 0.716309 0.430469 0.714844 0.430859 0.709961 0.426172 0.702637 0.420312 0.698242 0.415234 0.697754
1 0.407031 0.688477 0.406641 0.690918 0.407813 0.692871 0.424219 0.699707 0.427344 0.700195 0.429297 0.696777 0.427734 0.69043 0.424219 0.686035 0.419531 0.683594 0.412109 0.683594 0.408984 0.685547
1 0.397266 0.681152 0.401953 0.684082 0.408594 0.684082 0.417187 0.679688 0.419141 0.677246 0.419141 0.675781 0.417187 0.67334 0.411719 0.67041 0.404297 0.67041 0.397656 0.675293
1 0.425781 0.631836 0.425391 0.638184 0.430469 0.643555 0.438281 0.646973 0.440625 0.646973 0.44375 0.644531 0.44375 0.636719 0.439453 0.629395 0.436328 0.627441 0.428125 0.629395
1 0.413281 0.601562 0.413281 0.60498 0.414844 0.609375 0.418359 0.613281 0.421875 0.614746 0.426953 0.61377 0.433984 0.610352 0.437109 0.607422 0.436719 0.603516 0.426172 0.597168 0.416016 0.598145
1 0.426953 0.5625 0.424609 0.564941 0.424609 0.589355 0.426172 0.591309 0.428906 0.591309 0.431641 0.589844 0.435937 0.583984 0.437891 0.578613 0.437891 0.573242 0.431641 0.564941
1 0.528906 0.585938 0.526953 0.584961 0.522266 0.585938 0.514062 0.599121 0.513281 0.603027 0.517578 0.608887 0.520703 0.609863 0.525391 0.608887 0.529297 0.603516 0.530859 0.59375
1 0.513672 0.579102 0.516016 0.584473 0.523047 0.587891 0.528906 0.587402 0.533203 0.583496 0.532813 0.57666 0.524609 0.569824 0.520703 0.569824 0.517188 0.572266
1 0.521875 0.563477 0.521875 0.565918 0.524219 0.570312 0.532422 0.574219 0.541016 0.571777 0.542969 0.569336 0.541797 0.563965 0.537891 0.55957 0.534766 0.558105 0.526172 0.55957
1 0.526563 0.501465 0.521875 0.501953 0.516797 0.504395 0.513672 0.509277 0.514062 0.518066 0.518359 0.523438 0.520703 0.524414 0.523438 0.523438 0.525 0.521973 0.527734 0.516113 0.528906 0.509277
1 0.524219 0.500977 0.523828 0.505371 0.526563 0.51123 0.528906 0.513672 0.536719 0.512695 0.538672 0.511719 0.540234 0.509277 0.540234 0.504395 0.5375 0.5 0.528516 0.498535
1 0.563281 0.461426 0.559766 0.46582 0.559766 0.471191 0.563672 0.483398 0.567187 0.488281 0.572656 0.489746 0.575 0.48584 0.575 0.480469 0.573438 0.474609 0.56875 0.464844 0.566797 0.462402
1 0.555859 0.71582 0.552734 0.719238 0.551953 0.726074 0.553906 0.731445 0.555859 0.733887 0.559766 0.73584 0.564844 0.735352 0.566797 0.730957 0.566797 0.724121 0.565234 0.720215 0.560547 0.71582
1 0.520703 0.684082 0.520312 0.686035 0.522656 0.691895 0.526172 0.695801 0.529297 0.697266 0.532813 0.696777 0.538672 0.692383 0.540234 0.688477 0.539453 0.683594 0.534766 0.680176 0.525 0.680176 0.522266 0.681641
1 0.556641 0.655273 0.553516 0.661621 0.552344 0.674805 0.555859 0.679199 0.561719 0.680176 0.564844 0.677734 0.566016 0.67041 0.564844 0.661621 0.561719 0.655762 0.560156 0.654785
1 0.669531 0.846191 0.664844 0.852051 0.663281 0.862305 0.663281 0.868652 0.664062 0.872559 0.667188 0.877441 0.671875 0.882324 0.674609 0.882812 0.676172 0.880371 0.676562 0.873535 0.673828 0.861816 0.673438 0.851562 0.671484 0.847168
1 0.707031 0.794434 0.704688 0.79248 0.697656 0.79248 0.69375 0.794922 0.685547 0.802246 0.680078 0.811035 0.679297 0.813477 0.680078 0.815918 0.682031 0.817383 0.684766 0.817383 0.69375 0.812988 0.707031 0.799316
1 0.732422 0.787109 0.733203 0.793457 0.7375 0.797363 0.749609 0.799316 0.758594 0.799316 0.759766 0.79834 0.758984 0.793945 0.755859 0.790039 0.748828 0.785156 0.738281 0.783691 0.735547 0.78418
1 0.728125 0.890625 0.723047 0.900391 0.723047 0.908691 0.726562 0.921387 0.729297 0.922852 0.732812 0.921387 0.735938 0.915527 0.736719 0.90332 0.733203 0.893555 0.729688 0.890625
1 0.720703 0.873535 0.716016 0.873047 0.709375 0.876953 0.704688 0.888672 0.704688 0.892578 0.70625 0.89502 0.707812 0.895996 0.714453 0.89502 0.717578 0.893555 0.721484 0.889648 0.723437 0.88623 0.724219 0.881348
1 0.692578 0.909668 0.688672 0.907227 0.683594 0.907227 0.678906 0.909668 0.675781 0.916992 0.675781 0.920898 0.676953 0.923828 0.682031 0.925293 0.689844 0.921875 0.692578 0.916504
1 0.833203 0.905762 0.829688 0.907227 0.827734 0.911133 0.826953 0.922363 0.828516 0.931641 0.830469 0.933594 0.835156 0.934082 0.838281 0.932617 0.840234 0.930176 0.841016 0.92627 0.841016 0.916016 0.839453 0.910156 0.835938 0.906738
1 0.967187 0.76416 0.964063 0.765625 0.962109 0.768066 0.958984 0.776855 0.958984 0.789551 0.960547 0.793945 0.963281 0.795898 0.967187 0.792969 0.971484 0.78125 0.970703 0.769531 0.969531 0.766602
1 0.984375 0.756836 0.981641 0.756348 0.976562 0.758789 0.972656 0.765137 0.971094 0.772949 0.971094 0.783691 0.974609 0.788574 0.978125 0.787598 0.980078 0.78418 0.980469 0.780273 0.985938 0.761719 0.985938 0.758789
1 0.935547 0.714844 0.935156 0.716797 0.936328 0.719727 0.940625 0.723633 0.94375 0.72998 0.95 0.737305 0.953906 0.740234 0.955859 0.740234 0.958594 0.737305 0.959375 0.733398 0.958203 0.726074 0.954297 0.71875 0.951172 0.716309 0.944922 0.713867
1 0.915234 0.697266 0.915234 0.702637 0.916016 0.70459 0.922266 0.70752 0.927344 0.708008 0.932813 0.705078 0.935156 0.70166 0.934766 0.69873 0.932422 0.695801 0.928906 0.694336 0.919141 0.693848 0.916016 0.695312
1 0.904297 0.69043 0.901953 0.695801 0.901953 0.70166 0.903125 0.705566 0.907813 0.708984 0.911719 0.708984 0.915234 0.706543 0.915625 0.70459 0.914062 0.694336 0.909375 0.689941
1 0.872656 0.723145 0.867969 0.722656 0.866406 0.723633 0.859766 0.733887 0.858594 0.737793 0.858594 0.742188 0.860938 0.748047 0.864844 0.748047 0.869141 0.745605 0.873047 0.740234 0.875 0.733887 0.875391 0.728516 0.874219 0.724609
1 0.841797 0.687988 0.839453 0.694824 0.838672 0.707031 0.840625 0.715332 0.842187 0.716797 0.845703 0.716797 0.848437 0.713379 0.850391 0.70752 0.850391 0.695801 0.848828 0.691895 0.845703 0.687988
1 0.837109 0.708496 0.834766 0.70752 0.832812 0.708008 0.821094 0.719727 0.819531 0.724121 0.819922 0.728516 0.821094 0.730957 0.826953 0.73291 0.83125 0.730957 0.835938 0.726562 0.839844 0.716309 0.839453 0.713379
1 0.813672 0.685059 0.810547 0.684082 0.803125 0.688477 0.796875 0.701172 0.796094 0.704102 0.796094 0.709473 0.796875 0.710449 0.799219 0.710938 0.809375 0.705566 0.812109 0.700195 0.814453 0.691895 0.814453 0.686035
1 0.780469 0.681152 0.781641 0.686035 0.786719 0.69043 0.799219 0.69043 0.802734 0.6875 0.801953 0.681641 0.798047 0.678711 0.786719 0.678711
1 0.757031 0.696777 0.75625 0.700684 0.757812 0.705078 0.766016 0.716797 0.769141 0.718262 0.776172 0.71875 0.779297 0.716309 0.777344 0.708496 0.770312 0.699707 0.763672 0.695801 0.758984 0.695312
1 0.757031 0.64209 0.755469 0.64502 0.755859 0.651367 0.762891 0.663086 0.765234 0.663574 0.767578 0.662598 0.770703 0.65625 0.770703 0.652344 0.769141 0.647949 0.763672 0.641602 0.759375 0.640625
1 0.738281 0.639648 0.737891 0.644043 0.739062 0.647949 0.741016 0.649902 0.748437 0.651855 0.752734 0.650879 0.754687 0.647949 0.754687 0.642578 0.751563 0.63916 0.746484 0.638184
1 0.860938 0.657715 0.855078 0.656738 0.848828 0.659668 0.846484 0.664551 0.846484 0.668457 0.847656 0.672363 0.851172 0.674316 0.855859 0.67334 0.862109 0.666016 0.862891 0.661133
1 0.892969 0.661621 0.891016 0.664551 0.889844 0.67627 0.892969 0.679199 0.897656 0.678711 0.900391 0.676758 0.902344 0.672363 0.902344 0.666504 0.9 0.664062
1 0.894141 0.656738 0.894141 0.661621 0.895312 0.663086 0.898438 0.664062 0.903125 0.668457 0.908594 0.666016 0.910937 0.662598 0.910937 0.656738 0.909375 0.654785 0.903516 0.651367 0.898828 0.651367
1 0.826172 0.625 0.820312 0.630371 0.81875 0.635254 0.81875 0.638672 0.820703 0.641602 0.823047 0.643066 0.830078 0.644043 0.833594 0.64209 0.836328 0.638184 0.836719 0.631348 0.835156 0.627441 0.833203 0.625488
1 0.882812 0.629883 0.877734 0.625488 0.871875 0.625977 0.864062 0.632324 0.862109 0.63623 0.862109 0.638672 0.865625 0.641602 0.872656 0.641602 0.877734 0.639648 0.881641 0.63623 0.883203 0.632324
1 0.876172 0.612305 0.873828 0.616211 0.875391 0.624512 0.880859 0.630371 0.885156 0.630371 0.887109 0.627441 0.8875 0.623535 0.885938 0.614746 0.88125 0.612305
1 0.878125 0.601562 0.874219 0.600098 0.869531 0.600098 0.864453 0.603027 0.862891 0.605957 0.860547 0.616699 0.860938 0.62207 0.861719 0.623047 0.865234 0.622559 0.874219 0.615723 0.875781 0.61377 0.876563 0.608398 0.878906 0.604004
1 0.879687 0.601562 0.877734 0.607422 0.877734 0.612793 0.883594 0.615234 0.888281 0.615234 0.893359 0.612305 0.894531 0.609375 0.894531 0.606445 0.892188 0.601074 0.889453 0.599121 0.882422 0.599121
1 0.895703 0.604492 0.895312 0.612793 0.899609 0.617676 0.907813 0.618652 0.910937 0.617188 0.913281 0.614258 0.9125 0.607422 0.908594 0.603516 0.899609 0.601562
1 0.851172 0.587402 0.850391 0.594238 0.854688 0.599609 0.861328 0.603516 0.865234 0.602539 0.867578 0.600098 0.867578 0.591797 0.862891 0.586914 0.856641 0.583984
1 0.829688 0.578125 0.829688 0.583496 0.83125 0.589355 0.834375 0.594727 0.837891 0.597656 0.84375 0.599609 0.848047 0.599609 0.850391 0.598145 0.85 0.592773 0.842969 0.583984 0.834766 0.578125
1 0.852344 0.557617 0.848437 0.557617 0.841406 0.573242 0.840625 0.57959 0.844531 0.583496 0.846094 0.583496 0.855078 0.574219 0.85625 0.569824 0.85625 0.564941 0.853906 0.559082
1 0.814063 0.530762 0.807422 0.532227 0.805469 0.534668 0.803516 0.540039 0.803125 0.549805 0.804688 0.556152 0.806641 0.560059 0.811328 0.558594 0.817187 0.548828 0.816406 0.533691
1 0.810156 0.509766 0.807031 0.509766 0.799219 0.519043 0.794922 0.522461 0.794141 0.523926 0.794141 0.52832 0.795703 0.530762 0.803516 0.532715 0.806641 0.529785 0.812891 0.518555 0.812891 0.51416
1 0.809766 0.504395 0.809375 0.506836 0.812891 0.516113 0.816406 0.52002 0.824609 0.523438 0.828516 0.522949 0.830469 0.521484 0.830859 0.514648 0.822656 0.506348 0.815234 0.501465 0.8125 0.501953
1 0.901563 0.524902 0.898828 0.523926 0.894141 0.524902 0.890625 0.527832 0.8875 0.532227 0.885938 0.537109 0.885938 0.54248 0.888281 0.54834 0.892188 0.547852 0.900781 0.537109 0.902734 0.531738 0.902734 0.527344
1 0.928906 0.540039 0.926953 0.540039 0.923047 0.54541 0.919922 0.554688 0.919531 0.562012 0.920312 0.568359 0.923438 0.574219 0.926953 0.57373 0.928906 0.571777 0.929688 0.564941 0.933594 0.556152 0.932813 0.547852
1 0.911328 0.572754 0.907813 0.577637 0.907813 0.583008 0.911328 0.592285 0.913281 0.594727 0.915625 0.596191 0.919531 0.59668 0.922266 0.59375 0.923438 0.588379 0.922656 0.577637 0.921094 0.574707 0.917578 0.572266
1 0.955078 0.604492 0.953125 0.603516 0.945703 0.603516 0.942187 0.60498 0.937891 0.611328 0.937891 0.617188 0.939063 0.620117 0.942578 0.623047 0.944922 0.623047 0.953125 0.618652 0.95625 0.611816 0.956641 0.60791
1 0.973437 0.632812 0.971875 0.631348 0.966797 0.631348 0.962891 0.632324 0.959375 0.634766 0.955078 0.64209 0.955469 0.649414 0.958203 0.651855 0.960547 0.651855 0.966406 0.649902 0.970703 0.646973 0.973047 0.643555 0.974219 0.638672
1 0.978516 0.572754 0.982031 0.581543 0.985938 0.586426 0.990625 0.588867 1 0.587891 1 0.574707 0.9875 0.570312 0.982422 0.570312
1 0.989844 0.546387 0.985156 0.547852 0.976172 0.558105 0.973828 0.566895 0.974609 0.570312 0.977734 0.571777 0.986328 0.569824 0.989062 0.566895 0.991797 0.555176 0.991016 0.547852
1 0.958594 0.555176 0.956641 0.558105 0.958594 0.572266 0.960938 0.575195 0.966406 0.578613 0.970313 0.578125 0.974219 0.570312 0.972656 0.562012 0.96875 0.557617 0.964063 0.554688
1 0.914844 0.495117 0.913281 0.493652 0.910156 0.493652 0.902734 0.49707 0.897266 0.504395 0.897266 0.509766 0.900391 0.512207 0.906641 0.512207 0.9125 0.510254 0.915234 0.506348 0.916406 0.502441 0.916406 0.499023
1 0.853516 0.474609 0.851172 0.476562 0.850391 0.479492 0.849609 0.490723 0.852734 0.501465 0.855078 0.501953 0.857422 0.500977 0.860938 0.496582 0.861328 0.487793 0.860938 0.480957 0.859766 0.477539 0.857812 0.475098
1 0.886719 0.484863 0.886719 0.487305 0.887891 0.48877 0.896875 0.492676 0.903516 0.492188 0.905469 0.487793 0.904687 0.48291 0.903125 0.480957 0.898828 0.479004 0.892969 0.479492
1 0.900391 0.456543 0.898438 0.455078 0.89375 0.455078 0.882812 0.463867 0.879297 0.470215 0.879687 0.477051 0.882422 0.478027 0.887109 0.476562 0.895703 0.471191 0.898828 0.466309 0.900391 0.460449
1 0.89375 0.441406 0.891016 0.440918 0.879687 0.448242 0.875391 0.454102 0.875 0.45752 0.875781 0.459961 0.877344 0.461426 0.882422 0.462402 0.885156 0.461914 0.890234 0.45752 0.893359 0.45166
1 0.929688 0.452148 0.929688 0.45752 0.938672 0.466797 0.945703 0.470703 0.948828 0.470703 0.951172 0.468262 0.951562 0.465332 0.949609 0.460449 0.942578 0.453125 0.935937 0.449707 0.930859 0.450684
1 0.938281 0.426758 0.938281 0.428223 0.942187 0.433105 0.950391 0.436523 0.955078 0.436523 0.960938 0.433105 0.964453 0.427734 0.964453 0.424805 0.962891 0.420898 0.949609 0.419434 0.942969 0.422363
1 0.9625 0.408691 0.961328 0.411133 0.961328 0.414551 0.965625 0.424805 0.969141 0.428711 0.973437 0.431152 0.975391 0.431152 0.976953 0.429199 0.978516 0.42334 0.976953 0.418457 0.969531 0.409668 0.967187 0.408203
2 0.915625 0.413086 0.916797 0.416992 0.919531 0.419434 0.925 0.419922 0.928125 0.41748 0.928516 0.412598 0.925781 0.410645 0.920312 0.410156 0.916406 0.411621
1 0.841406 0.376465 0.840234 0.374023 0.838281 0.373047 0.832812 0.373047 0.821484 0.377441 0.813672 0.383789 0.811719 0.386719 0.811719 0.38916 0.813672 0.391113 0.818359 0.393066 0.822656 0.39209 0.839063 0.381836 0.841406 0.379395
1 0.945312 0.34375 0.941406 0.341797 0.934766 0.341797 0.93125 0.343262 0.926953 0.349121 0.923047 0.358398 0.923047 0.364258 0.923828 0.365234 0.928125 0.365234 0.934766 0.36084 0.945312 0.349121
1 1 0.32666 0.997266 0.327637 0.993359 0.336914 0.992969 0.34375 0.99375 0.345215 1 0.346191
1 0.935937 0.248047 0.933203 0.249023 0.930469 0.251953 0.926562 0.258789 0.925391 0.262695 0.925391 0.268555 0.926953 0.276855 0.928516 0.280762 0.93125 0.283691 0.933594 0.280762 0.935937 0.268066 0.939063 0.257812 0.9375 0.250488
1 0.950781 0.22168 0.946875 0.221191 0.944531 0.222656 0.934766 0.233398 0.933594 0.236816 0.933594 0.243652 0.934766 0.246094 0.936328 0.246094 0.949609 0.236816 0.951172 0.229492
1 0.779687 0.408691 0.774219 0.409668 0.758984 0.422852 0.757031 0.426758 0.757812 0.430664 0.759766 0.432617 0.764062 0.432129 0.771875 0.428711 0.775781 0.425781 0.778516 0.422363 0.780078 0.417969 0.780469 0.411621
1 0.719141 0.415039 0.716016 0.414551 0.711719 0.416504 0.708203 0.42041 0.704688 0.427734 0.704297 0.433594 0.708594 0.443848 0.711328 0.442871 0.714063 0.439941 0.719922 0.427246 0.720703 0.417969
1 0.6625 0.497559 0.657813 0.499023 0.650391 0.51123 0.649219 0.518066 0.650781 0.522949 0.653516 0.524414 0.657813 0.522949 0.662891 0.516113 0.664844 0.510742 0.664844 0.501953
1 0.646484 0.412109 0.642188 0.412109 0.637891 0.41748 0.636719 0.421387 0.639062 0.437988 0.641797 0.441406 0.646484 0.439453 0.650781 0.432617 0.650781 0.422363 0.648438 0.415039
1 0.685156 0.234375 0.683984 0.236816 0.684766 0.246582 0.686719 0.25293 0.689453 0.256836 0.692578 0.258789 0.696875 0.259277 0.698828 0.258301 0.700391 0.255859 0.700391 0.25 0.699219 0.244141 0.69375 0.238281
1 0.752344 0.258789 0.747266 0.264648 0.746484 0.266602 0.746484 0.271973 0.747266 0.274414 0.751563 0.279297 0.754687 0.28125 0.759375 0.280762 0.762891 0.276367 0.764453 0.272949 0.764453 0.27002 0.75625 0.258789
1 0.786328 0.219238 0.787891 0.223145 0.794922 0.227051 0.803125 0.228027 0.808203 0.224609 0.812109 0.219238 0.8125 0.216309 0.807813 0.212891 0.803516 0.211426 0.798828 0.211426 0.787109 0.216309
1 0.993359 0.152344 0.989453 0.151367 0.985938 0.152832 0.984375 0.154785 0.979688 0.168945 0.979297 0.179199 0.983594 0.180176 0.994141 0.167969 0.995703 0.161621 0.995703 0.156738
1 0.976953 0.09375 0.975391 0.0966797 0.975391 0.101562 0.98125 0.116211 0.987109 0.121094 0.994531 0.121094 0.995313 0.119141 0.991016 0.105957 0.982812 0.0947266 0.979688 0.0932617
1 0.888281 0.0439453 0.883203 0.0439453 0.88125 0.0449219 0.877734 0.0507812 0.876172 0.0585938 0.876172 0.0668945 0.879687 0.0722656 0.88125 0.0727539 0.884766 0.0703125 0.8875 0.0664062 0.891016 0.0581055 0.891797 0.050293 0.890625 0.0458984
1 0.823047 0 0.811328 0 0.811328 0.00195312 0.808984 0.00634766 0.807813 0.0131836 0.807813 0.0219727 0.808984 0.0244141 0.811328 0.0253906 0.814844 0.0239258 0.821875 0.0126953 0.823047 0.0078125
1 0.898047 0.00390625 0.897266 0.00292969 0.889062 0.00341797 0.880859 0.00634766 0.873047 0.0131836 0.872266 0.015625 0.872656 0.0214844 0.877344 0.0244141 0.882031 0.0244141 0.886719 0.0224609 0.890234 0.0195312 0.898828 0.00732422
1 0.897266 0 0.897266 0.00244141 0.898438 0.00439453 0.903516 0.00683594 0.908984 0.00634766 0.911719 0.00292969 0.911719 0
1 0.968359 0.00585938 0.968359 0.00830078 0.969531 0.0107422 0.981641 0.0151367 0.986719 0.0136719 0.989453 0.00830078 0.987891 0 0.970703 0 0.970703 0.00195312
1 0.604688 0 0.604688 0.00341797 0.60625 0.0078125 0.609375 0.00927734 0.615234 0.0078125 0.619922 0.00195312 0.619922 0
1 0.633594 0.0615234 0.631641 0.0595703 0.628516 0.0595703 0.625781 0.0605469 0.621094 0.0644531 0.617578 0.0703125 0.616016 0.0751953 0.617188 0.0795898 0.618359 0.0805664 0.623047 0.0805664 0.627734 0.0786133 0.632031 0.0751953 0.634375 0.0712891 0.634375 0.0639648
1 0.619922 0.119629 0.619141 0.123047 0.619922 0.125488 0.628906 0.130859 0.633203 0.131348 0.637109 0.128906 0.641016 0.120605 0.641016 0.118164 0.638672 0.115234 0.635547 0.114258 0.625391 0.11377
1 0.646094 0.208984 0.641406 0.210938 0.638281 0.22168 0.637109 0.23291 0.637891 0.237793 0.639844 0.23877 0.642578 0.23877 0.645703 0.236816 0.648438 0.233398 0.651172 0.227539 0.649609 0.216797
1 0.576953 0.181641 0.575781 0.183594 0.575781 0.188477 0.580078 0.193848 0.584766 0.196777 0.588281 0.196777 0.592187 0.193359 0.592578 0.1875 0.587109 0.179688 0.582812 0.178223
1 0.563281 0.16748 0.560937 0.169922 0.560156 0.172363 0.558984 0.18457 0.562109 0.197266 0.563281 0.19873 0.565234 0.19873 0.567969 0.195312 0.570703 0.189453 0.571484 0.179688 0.567578 0.17041 0.565234 0.16748
1 0.529297 0.114258 0.528516 0.124023 0.533203 0.130859 0.541797 0.135742 0.547656 0.137207 0.550781 0.135742 0.551172 0.133301 0.549219 0.12793 0.537891 0.118164 0.533594 0.112793 0.53125 0.112793
0 0.552734 0.662598 0.550391 0.660645 0.545312 0.661133 0.535156 0.666016 0.533984 0.670898 0.535937 0.67334 0.542969 0.678223 0.548047 0.678223 0.55 0.67627 0.552344 0.670898 0.553125 0.66748
1 0.385547 0.266602 0.381641 0.263672 0.372266 0.266113 0.366406 0.271973 0.361328 0.275879 0.361328 0.27832 0.363672 0.280762 0.371094 0.282715 0.376953 0.282715 0.385156 0.275879 0.386328 0.272461
