0 0.516797 0.422852 0.521094 0.433105 0.529297 0.445312 0.533203 0.447754 0.537109 0.452148 0.551953 0.459961 0.557422 0.459961 0.560937 0.458496 0.570703 0.445312 0.579297 0.438477 0.580469 0.436035 0.580469 0.431641 0.575781 0.428711 0.564063 0.428711 0.558984 0.431641 0.554297 0.432129 0.539062 0.430176 0.524609 0.424316 0.521094 0.421387 0.517969 0.421387
1 0.801953 0.362305 0.798828 0.363281 0.796484 0.367676 0.794141 0.387695 0.790625 0.401855 0.790234 0.40918 0.79375 0.423828 0.796094 0.428223 0.798828 0.4375 0.8 0.446777 0.803906 0.45752 0.807422 0.458008 0.808984 0.456543 0.809375 0.439941 0.805469 0.408691 0.805078 0.393555 0.803906 0.384277 0.803906 0.364258
1 0.756641 0.397461 0.756641 0.40332 0.761328 0.414551 0.761328 0.428223 0.7625 0.4375 0.766406 0.446777 0.772266 0.453125 0.790625 0.455566 0.794922 0.458008 0.799609 0.458984 0.800781 0.45752 0.800781 0.451172 0.797656 0.445312 0.785547 0.437988 0.782031 0.433594 0.780078 0.42627 0.771094 0.410645 0.763281 0.402344 0.760156 0.397461
1 0.703516 0.481445 0.700391 0.480469 0.690625 0.486816 0.6875 0.5 0.680078 0.510742 0.675781 0.52002 0.674219 0.524902 0.674609 0.528809 0.678125 0.528809 0.682422 0.525879 0.686328 0.525879 0.694141 0.520508 0.696875 0.516602 0.702734 0.500977 0.704688 0.48877 0.704688 0.483887
1 0.726562 0.519043 0.723828 0.516602 0.717969 0.518555 0.697266 0.519531 0.693359 0.524414 0.669531 0.531738 0.660547 0.538574 0.658594 0.541504 0.657813 0.54541 0.661328 0.550781 0.665234 0.552734 0.672656 0.55127 0.684766 0.550781 0.690234 0.546387 0.696875 0.538574 0.700781 0.536621 0.708203 0.536133 0.714063 0.532227 0.717578 0.527344 0.721094 0.526367 0.726562 0.520996
1 0.721094 0.542969 0.717969 0.539062 0.712891 0.536621 0.708203 0.536133 0.703906 0.537598 0.700391 0.541016 0.697656 0.541016 0.693359 0.543457 0.688672 0.547363 0.684375 0.553711 0.68125 0.553711 0.678516 0.552246 0.675781 0.553223 0.670703 0.55957 0.671484 0.56543 0.674609 0.569824 0.674609 0.573242 0.676172 0.574219 0.678516 0.574219 0.683984 0.570312 0.695312 0.569336 0.704688 0.563477 0.714453 0.55127 0.719922 0.54834 0.721484 0.545898
1 0.639453 0.53125 0.637891 0.533691 0.637891 0.536133 0.650781 0.561523 0.652344 0.574707 0.653906 0.580078 0.657422 0.586426 0.658984 0.587402 0.663672 0.587402 0.665234 0.586426 0.670312 0.57959 0.670312 0.578125 0.669141 0.576172 0.666406 0.561035 0.663281 0.553223 0.659375 0.546875 0.647656 0.532227 0.643359 0.529785
1 0.71875 0.583496 0.716406 0.580566 0.709375 0.578613 0.691016 0.578613 0.685937 0.580566 0.670312 0.580078 0.667578 0.584473 0.661719 0.586914 0.658984 0.59082 0.653906 0.593262 0.649609 0.597168 0.646875 0.601562 0.646875 0.60498 0.649219 0.609375 0.653125 0.609863 0.662891 0.604492 0.669922 0.603027 0.675391 0.600098 0.679297 0.600098 0.685156 0.602051 0.695703 0.601562 0.698047 0.600586 0.700391 0.597656 0.708203 0.591797 0.714453 0.589355
1 0.674219 0.606934 0.675 0.608887 0.680078 0.613281 0.6875 0.616211 0.697266 0.628418 0.708203 0.634277 0.716016 0.636719 0.729297 0.648926 0.735547 0.658691 0.737891 0.658691 0.740234 0.65625 0.741797 0.651367 0.741406 0.645996 0.733594 0.631348 0.724609 0.620117 0.714063 0.610352 0.707812 0.606934 0.699609 0.605469 0.69375 0.603027 0.689063 0.603027 0.682031 0.605469 0.677344 0.60498
1 0.682031 0.615234 0.677734 0.616211 0.671875 0.623047 0.664453 0.635254 0.659375 0.647949 0.653516 0.657227 0.653125 0.663086 0.654297 0.666504 0.657813 0.668457 0.660156 0.66748 0.663672 0.663086 0.671484 0.657227 0.676172 0.649902 0.678125 0.642578 0.684375 0.626953 0.684766 0.618652
1 0.691016 0.624023 0.688672 0.624023 0.686719 0.627441 0.686328 0.631836 0.68125 0.638672 0.675 0.660645 0.662109 0.690918 0.661328 0.695312 0.661328 0.70752 0.6625 0.709473 0.665625 0.709473 0.667188 0.70752 0.668359 0.702148 0.671094 0.695801 0.675781 0.69043 0.680469 0.6875 0.686719 0.676758 0.689844 0.664551 0.692969 0.645996 0.694141 0.626465
1 0.688672 0.674805 0.6875 0.675781 0.686328 0.680176 0.687109 0.692383 0.683984 0.709473 0.683984 0.719238 0.685937 0.730469 0.689844 0.743164 0.688281 0.75293 0.688672 0.758789 0.692578 0.761719 0.697266 0.762207 0.699609 0.759766 0.701953 0.753906 0.704688 0.739746 0.704688 0.726562 0.700781 0.705566 0.699219 0.691406 0.696094 0.68457 0.694141 0.676758 0.691797 0.674805
1 0.794141 0.79541 0.791406 0.794922 0.786328 0.797852 0.779297 0.799316 0.773438 0.803223 0.769531 0.807617 0.765625 0.816895 0.765625 0.83252 0.760156 0.840332 0.75625 0.843262 0.755078 0.84668 0.75625 0.851562 0.758594 0.854492 0.763672 0.855469 0.767969 0.853516 0.776953 0.842773 0.782813 0.83252 0.784766 0.827148 0.786328 0.819336 0.786328 0.8125 0.788672 0.809082 0.791797 0.807129 0.794922 0.801758 0.795703 0.798828
1 0.755859 0.870605 0.760156 0.876953 0.7625 0.885742 0.764453 0.888184 0.767969 0.887695 0.775 0.882812 0.778516 0.878906 0.786719 0.875488 0.792188 0.868164 0.792188 0.866699 0.786328 0.86084 0.779297 0.856934 0.767188 0.85498 0.761719 0.857422 0.758984 0.859863 0.755859 0.866699
1 0.734766 0.853516 0.732812 0.855469 0.732812 0.85791 0.741797 0.87793 0.747266 0.895996 0.749609 0.913574 0.748047 0.927246 0.751953 0.929199 0.754687 0.927246 0.759375 0.920898 0.764453 0.90625 0.765234 0.896484 0.764062 0.887695 0.761328 0.879395 0.755469 0.868652 0.751563 0.866211 0.741016 0.85498
1 0.673828 0.899902 0.673828 0.901855 0.677734 0.904785 0.691406 0.907715 0.709766 0.92041 0.725781 0.922363 0.734375 0.925293 0.736719 0.925293 0.738281 0.922363 0.738281 0.919922 0.734375 0.915039 0.729688 0.904297 0.727344 0.90332 0.720703 0.90332 0.712891 0.897949 0.700391 0.89502 0.692969 0.894531 0.677344 0.897461
1 0.791016 0.868164 0.788672 0.871094 0.787109 0.875488 0.7875 0.888672 0.789844 0.900391 0.790625 0.918457 0.789062 0.931152 0.791016 0.935059 0.794141 0.937012 0.796094 0.937012 0.798047 0.93457 0.800781 0.921875 0.803906 0.915039 0.805859 0.90332 0.805859 0.896484 0.804688 0.889648 0.8 0.879395 0.797656 0.871094 0.795312 0.868164
1 0.345703 0.859863 0.344141 0.859863 0.341797 0.861816 0.333203 0.881836 0.325781 0.891113 0.321484 0.894531 0.314453 0.895996 0.310937 0.898926 0.310547 0.901367 0.312109 0.904297 0.319141 0.912109 0.325391 0.915527 0.330469 0.916016 0.341406 0.908203 0.349219 0.897949 0.351172 0.891602 0.351562 0.879395
1 0.337109 0.851562 0.333984 0.847656 0.329297 0.851562 0.326172 0.856445 0.31875 0.858887 0.311719 0.864258 0.307031 0.865723 0.303516 0.864258 0.299609 0.865234 0.294531 0.869141 0.289062 0.871094 0.285938 0.874023 0.282422 0.875488 0.279297 0.881348 0.280078 0.882324 0.281641 0.881348 0.294922 0.880371 0.304297 0.884277 0.308203 0.887207 0.313672 0.888672 0.326953 0.887207 0.330859 0.882324 0.331641 0.877441 0.333594 0.874512 0.3375 0.862793
1 0.353906 0.821777 0.350391 0.816895 0.341016 0.817383 0.334766 0.821289 0.330469 0.827637 0.325 0.82666 0.321875 0.828125 0.316406 0.835938 0.310156 0.841797 0.302344 0.857422 0.302344 0.86377 0.307422 0.864258 0.310937 0.863281 0.315234 0.859863 0.321484 0.856934 0.327344 0.856445 0.333594 0.853027 0.338672 0.84082 0.341406 0.837402 0.348047 0.831543 0.353906 0.828125
1 0.337109 0.817871 0.333984 0.812988 0.330078 0.813477 0.325781 0.816406 0.312109 0.815918 0.305078 0.816895 0.294531 0.821289 0.288281 0.817383 0.278125 0.815918 0.275 0.817383 0.274609 0.82373 0.278516 0.831055 0.285938 0.838379 0.294141 0.842285 0.305469 0.843262 0.312109 0.840332 0.322266 0.82959 0.331641 0.82959 0.335156 0.824707
1 0.330078 0.746094 0.325391 0.746094 0.323437 0.748047 0.320703 0.756836 0.314844 0.76416 0.313281 0.769043 0.3125 0.777344 0.313281 0.784668 0.312891 0.804199 0.315625 0.814453 0.31875 0.816406 0.325781 0.815918 0.329297 0.814453 0.333594 0.810059 0.335547 0.804688 0.335156 0.793945 0.333594 0.789551 0.33125 0.787109 0.328516 0.786133 0.326562 0.783203 0.327734 0.764648 0.331641 0.751465 0.331641 0.748535
1 0.354687 0.687012 0.34375 0.689453 0.339844 0.693359 0.338281 0.697266 0.336328 0.710449 0.337109 0.726562 0.341406 0.746582 0.341406 0.759277 0.344922 0.76416 0.349609 0.76416 0.355859 0.751953 0.357031 0.746094 0.355078 0.716309 0.352734 0.706055 0.352734 0.70166 0.358594 0.691895 0.358594 0.689941
1 0.439453 0.751465 0.432422 0.745117 0.428906 0.743164 0.427344 0.743652 0.421094 0.757812 0.420703 0.76416 0.416406 0.776367 0.409375 0.785645 0.404297 0.789062 0.404687 0.792969 0.407813 0.793457 0.423438 0.784668 0.428516 0.779785 0.432031 0.774414 0.437109 0.763184 0.441016 0.759277 0.441016 0.755859
1 0.420312 0.708008 0.419141 0.710449 0.419531 0.715332 0.425 0.724121 0.429297 0.743652 0.432812 0.746582 0.438281 0.748535 0.442188 0.754395 0.442578 0.764648 0.446875 0.77002 0.448437 0.77002 0.454297 0.765137 0.45625 0.760254 0.455469 0.744141 0.453516 0.737305 0.446484 0.729492 0.442969 0.727539 0.438281 0.722656 0.435937 0.717773 0.432422 0.714355 0.430859 0.710938
1 0.420312 0.708984 0.420312 0.711914 0.428516 0.711426 0.430859 0.712402 0.440625 0.726074 0.454688 0.734375 0.472266 0.739746 0.476953 0.737793 0.482031 0.731934 0.482031 0.729492 0.478906 0.725098 0.475391 0.723145 0.467187 0.714844 0.436719 0.696289 0.432031 0.696289 0.424609 0.701172
1 0.455078 0.654297 0.454297 0.657715 0.464453 0.680176 0.467578 0.692871 0.479297 0.71582 0.485547 0.721191 0.489453 0.720703 0.494922 0.716797 0.496094 0.714844 0.496094 0.709473 0.494531 0.703613 0.491016 0.695801 0.482422 0.681641 0.470313 0.665527 0.462109 0.658691 0.459766 0.655273
1 0.111719 0.65625 0.108203 0.653809 0.103906 0.654785 0.0839844 0.671387 0.0753906 0.681641 0.0691406 0.692871 0.0621094 0.70166 0.0589844 0.70752 0.0527344 0.714844 0.053125 0.717773 0.0550781 0.719238 0.0632812 0.717773 0.0761719 0.708008 0.0804688 0.706055 0.0925781 0.695801 0.104688 0.677246 0.107813 0.67041 0.111328 0.666504 0.1125 0.663086
1 0.0914062 0.37207 0.0878906 0.371582 0.0808594 0.384766 0.0773438 0.388672 0.0738281 0.396484 0.0695313 0.422852 0.0640625 0.432617 0.0640625 0.438965 0.0648438 0.441406 0.0675781 0.444336 0.0722656 0.443848 0.0742188 0.441895 0.0808594 0.427246 0.0890625 0.413086 0.0914062 0.402832 0.0929688 0.390137 0.0929688 0.377441
1 0.0417969 0.261719 0.0402344 0.26123 0.0367188 0.263184 0.0265625 0.274414 0.0234375 0.276367 0.00859375 0.27832 0 0.28125 0 0.301758 0.0136719 0.300781 0.021875 0.296875 0.0269531 0.29248 0.0324219 0.289551 0.034375 0.287109 0.0425781 0.26709
1 0.134766 0.279785 0.134766 0.281738 0.1375 0.285156 0.145703 0.288086 0.162109 0.288086 0.164844 0.287109 0.182422 0.288086 0.189062 0.287109 0.190625 0.285645 0.189453 0.279785 0.182031 0.270508 0.176953 0.26709 0.166797 0.265137 0.161719 0.262207 0.153906 0.262207 0.145703 0.26709 0.138672 0.272461
1 0.120313 0.210938 0.120313 0.214844 0.122266 0.225098 0.125391 0.22998 0.130078 0.241699 0.135156 0.248047 0.146094 0.257324 0.154688 0.259766 0.161328 0.263184 0.169922 0.265137 0.173047 0.26416 0.173047 0.261719 0.170703 0.255371 0.163281 0.245605 0.158203 0.243652 0.152344 0.23584 0.149219 0.22998 0.142578 0.225098 0.127344 0.207031 0.125 0.206055 0.122266 0.206055
1 0.143359 0.181641 0.142578 0.183594 0.147656 0.212402 0.149219 0.228027 0.153906 0.23877 0.157031 0.242676 0.1625 0.245117 0.169922 0.250977 0.170313 0.252441 0.169141 0.254883 0.169141 0.257324 0.175 0.265625 0.183203 0.269531 0.189062 0.268555 0.190234 0.26709 0.190234 0.265137 0.188672 0.26123 0.179297 0.25 0.175781 0.243652 0.166406 0.220215 0.154297 0.193848 0.146875 0.181152
2 0.260156 0.348633 0.2625 0.352051 0.269531 0.355957 0.286719 0.373535 0.290625 0.373535 0.291406 0.372559 0.29375 0.364746 0.292578 0.36084 0.278516 0.348633 0.267188 0.346191 0.262891 0.346191
1 0.0304687 0.0268555 0.0289063 0.0268555 0.025 0.03125 0.0226562 0.0405273 0.0195312 0.0483398 0.0101563 0.0595703 0.0046875 0.0703125 0.00429688 0.074707 0.00195312 0.0771484 0 0.0771484 0 0.0917969 0.00273437 0.0913086 0.0109375 0.0825195 0.0179687 0.0800781 0.0261719 0.0703125 0.0289063 0.0625 0.0292969 0.0522461 0.0332031 0.0488281 0.034375 0.043457 0.0332031 0.03125
1 0.0789062 0.0405273 0.0773438 0.0366211 0.0722656 0.0302734 0.0601563 0.0249023 0.0523438 0.0249023 0.0445313 0.0288086 0.0386719 0.0385742 0.0355469 0.0419922 0.0339844 0.0522461 0.0378906 0.0532227 0.05 0.0444336 0.0609375 0.0429688 0.0769531 0.0429688
1 0.248828 0.0424805 0.247266 0.043457 0.244141 0.0595703 0.246484 0.074707 0.246094 0.0961914 0.242578 0.104492 0.241797 0.114258 0.243359 0.119629 0.244531 0.120605 0.248438 0.120605 0.253125 0.115723 0.260547 0.100098 0.263672 0.0864258 0.261719 0.0751953 0.257812 0.0668945 0.254297 0.0517578 0.251953 0.0458984
2 0.30625 0 0.291016 0 0.290625 0.00195312 0.279687 0.00439453 0.271875 0.00927734 0.267188 0.0166016 0.264453 0.0229492 0.257422 0.0444336 0.257031 0.0517578 0.258203 0.059082 0.260156 0.0600586 0.263281 0.0639648 0.267188 0.0639648 0.268359 0.0629883 0.271484 0.0483398 0.275391 0.0419922 0.278125 0.0351562 0.292969 0.0141602 0.305469 0.0078125
1 0.45625 0 0.435156 0 0.433984 0.00292969 0.428906 0.00683594 0.424609 0.015625 0.417187 0.0239258 0.408203 0.0297852 0.407031 0.0317383 0.407422 0.0336914 0.409375 0.0361328 0.411719 0.0371094 0.424609 0.0371094 0.432031 0.0327148 0.442578 0.0214844 0.445703 0.0161133 0.45625 0.00292969
1 0.58125 0.0581055 0.574219 0.0541992 0.566797 0.0546875 0.562891 0.0566406 0.557813 0.0625 0.551562 0.0673828 0.539453 0.0737305 0.53125 0.0820312 0.525 0.0854492 0.524609 0.0908203 0.521484 0.0991211 0.521875 0.102051 0.525781 0.104492 0.532422 0.102051 0.538281 0.101562 0.54375 0.0981445 0.55 0.0966797 0.558594 0.0913086 0.567969 0.0820312 0.575781 0.0698242 0.580859 0.0649414 0.582031 0.0620117
1 0.610156 0.0263672 0.603906 0.0166016 0.595313 0.0161133 0.588672 0.0185547 0.585547 0.0205078 0.579297 0.0292969 0.575781 0.0322266 0.573438 0.0415039 0.577344 0.0444336 0.579688 0.0478516 0.584766 0.0493164 0.591797 0.043457 0.604688 0.0375977 0.609766 0.0322266
2 0.564453 0.0131836 0.566406 0.0209961 0.572266 0.0258789 0.576562 0.0234375 0.583203 0.0151367 0.592187 0.0102539 0.598437 0.00537109 0.603125 0.00341797 0.604297 0.00195312 0.604297 0 0.566406 0 0.564453 0.00732422
1 0.521094 0.203125 0.519922 0.206055 0.51875 0.216309 0.514844 0.22998 0.513281 0.244141 0.513281 0.256836 0.514062 0.266113 0.51875 0.280273 0.519922 0.286621 0.519531 0.299316 0.521094 0.302734 0.525 0.303223 0.529687 0.300293 0.532813 0.293945 0.534375 0.261719 0.532422 0.242188 0.529297 0.23291 0.526563 0.214844 0.523438 0.20459
1 0.522266 0.353516 0.514062 0.360352 0.508594 0.368652 0.505078 0.377441 0.500781 0.39502 0.500391 0.405273 0.502734 0.433105 0.503906 0.437988 0.505469 0.439941 0.510156 0.441406 0.510938 0.438965 0.509766 0.430176 0.512109 0.42334 0.513672 0.412109 0.517188 0.399414 0.519922 0.378418 0.522266 0.369141 0.525781 0.360352 0.525391 0.356445
1 0.470703 0.349121 0.466406 0.349609 0.461328 0.352539 0.456641 0.358398 0.45625 0.366211 0.458984 0.398438 0.458203 0.418457 0.459375 0.42334 0.463672 0.42334 0.470703 0.413574 0.476562 0.394531 0.472656 0.374023 0.468359 0.364258 0.469141 0.35791 0.470703 0.354004
1 0.43125 0.411133 0.427344 0.410156 0.420312 0.410645 0.414062 0.412598 0.410938 0.416504 0.411328 0.418945 0.412891 0.420898 0.420312 0.425293 0.422266 0.429688 0.422266 0.43457 0.420703 0.440918 0.421094 0.456543 0.41875 0.466309 0.413672 0.476074 0.414844 0.480469 0.420312 0.477051 0.425391 0.470703 0.436719 0.452148 0.439063 0.445801 0.440234 0.439941 0.440234 0.431641 0.438672 0.421875 0.436328 0.415527
2 0.569141 0.954102 0.567578 0.955078 0.563672 0.973145 0.562891 0.987793 0.561719 0.991211 0.559766 0.993164 0.55625 0.993164 0.545312 0.987793 0.540234 0.986816 0.537891 0.988281 0.537891 0.990234 0.541797 1 0.580078 1 0.579688 0.994629 0.575391 0.97998 0.572656 0.960449 0.571484 0.957031
2 0.601562 0.983887 0.601953 0.98877 0.603516 0.989746 0.611328 0.989746 0.624219 1 0.646875 1 0.646875 0.998047 0.636328 0.98584 0.634766 0.984863 0.63125 0.98584 0.627344 0.985352 0.614844 0.975586 0.610938 0.975586 0.606641 0.978516
