2 0.138281 0.572266 0.137109 0.57373 0.1375 0.57959 0.139844 0.586914 0.141797 0.598633 0.144531 0.60498 0.146094 0.606934 0.147656 0.606934 0.15 0.605469 0.151172 0.602051 0.151172 0.596191 0.149609 0.587891 0.146484 0.577637 0.143359 0.574219
2 0.657422 0.591797 0.657031 0.594238 0.666016 0.60498 0.677734 0.611816 0.680469 0.610352 0.680859 0.607422 0.662891 0.591797 0.658984 0.59082
2 0.712891 0.638672 0.708203 0.638184 0.696484 0.641602 0.693359 0.645996 0.69375 0.651367 0.696094 0.65332 0.698047 0.65332 0.702734 0.649902 0.709375 0.646973 0.713281 0.642578
2 0.372656 0.555664 0.369141 0.556152 0.365625 0.569336 0.359375 0.583008 0.359766 0.586426 0.360938 0.588379 0.366016 0.587891 0.371875 0.578125 0.375391 0.564453 0.375391 0.55957
2 0.428125 0.734375 0.425781 0.734863 0.423047 0.738281 0.421875 0.748535 0.419141 0.753906 0.419531 0.758789 0.422656 0.76123 0.426953 0.760254 0.429297 0.755371 0.430078 0.747559
2 0.795312 0.822266 0.793359 0.820312 0.789453 0.820312 0.783203 0.824219 0.773828 0.827637 0.771484 0.830566 0.771094 0.833008 0.778906 0.835938 0.787891 0.834473 0.791797 0.831543 0.793359 0.829102
2 0.804688 0.594727 0.804297 0.598145 0.80625 0.601562 0.814844 0.606934 0.818359 0.611328 0.824609 0.611328 0.829688 0.608398 0.829688 0.606445 0.827344 0.603516 0.814844 0.597168 0.810156 0.593262 0.80625 0.592773
2 0.277344 0.901855 0.274609 0.901855 0.266016 0.912598 0.259766 0.925781 0.259766 0.930664 0.264062 0.929688 0.272656 0.919922 0.278516 0.907715 0.278906 0.904785
2 0.263281 0.871582 0.259375 0.879395 0.257422 0.885742 0.258203 0.891113 0.263281 0.894531 0.270313 0.895996 0.274609 0.898438 0.278906 0.896973 0.280469 0.892578 0.280078 0.890625 0.270313 0.882812 0.267969 0.879395 0.266016 0.873047 0.264453 0.871094
2 0.322656 0.458984 0.320312 0.457031 0.316016 0.457031 0.310547 0.460938 0.302344 0.470703 0.301172 0.475098 0.301953 0.478516 0.30625 0.479004 0.308984 0.477051 0.314453 0.470215 0.323047 0.461914
2 0.357422 0.272461 0.351953 0.275391 0.348438 0.285156 0.344922 0.303711 0.344922 0.307129 0.346484 0.310547 0.349609 0.311035 0.350781 0.308594 0.352734 0.296387 0.352734 0.290039 0.358984 0.276855 0.358984 0.274414
2 0.441016 0.293945 0.439844 0.291992 0.434766 0.29248 0.415625 0.29834 0.414453 0.30127 0.419531 0.305664 0.428516 0.305664 0.438672 0.300781 0.441016 0.296875
2 0.532422 0.176758 0.529297 0.187012 0.528906 0.200684 0.53125 0.209961 0.533984 0.212402 0.536328 0.211426 0.5375 0.209473 0.537891 0.200684 0.535156 0.179688 0.533984 0.176758
2 0.766406 0.10791 0.765234 0.109375 0.765625 0.114746 0.770312 0.129395 0.776172 0.138184 0.779297 0.140137 0.782422 0.139648 0.782422 0.134277 0.772266 0.110352 0.769141 0.10791
2 0.652734 0.144531 0.651953 0.148438 0.653516 0.152832 0.660937 0.162598 0.673828 0.17334 0.677734 0.173828 0.678516 0.172852 0.678906 0.167969 0.674219 0.162109 0.656641 0.146484 0.655078 0.144043
2 0.698438 0.367676 0.698438 0.369629 0.700391 0.374023 0.705859 0.378418 0.713672 0.380859 0.716016 0.379883 0.717187 0.37793 0.717578 0.374023 0.716406 0.372559 0.711328 0.371094 0.701953 0.365723 0.700391 0.365723
2 0.945703 0.279297 0.946094 0.282715 0.950391 0.288086 0.955469 0.291504 0.964063 0.291992 0.966016 0.290039 0.965234 0.286133 0.964063 0.284668 0.958984 0.282227 0.951172 0.276367 0.946875 0.276855
2 0.794531 0.397949 0.796484 0.400879 0.798828 0.408203 0.805859 0.407227 0.811719 0.408203 0.814063 0.407227 0.814063 0.400879 0.811719 0.398438 0.805078 0.396484 0.796094 0.396973
2 0.803516 0.391113 0.803516 0.393555 0.807031 0.397461 0.814844 0.397949 0.819922 0.396484 0.821484 0.394531 0.821484 0.392578 0.817578 0.387695 0.815234 0.38623 0.806641 0.387207 0.804688 0.388184
2 0.628906 0.216797 0.629297 0.218262 0.631641 0.21875 0.641406 0.214844 0.64375 0.214844 0.650391 0.219727 0.653516 0.217285 0.653125 0.212402 0.650781 0.209961 0.643359 0.208008 0.6375 0.208008 0.633984 0.209473
2 0.322656 0.0600586 0.321484 0.0615234 0.321094 0.0649414 0.321875 0.0805664 0.324609 0.0898438 0.326953 0.0913086 0.328516 0.0893555 0.329297 0.0859375 0.327734 0.0639648 0.326172 0.0600586
2 0.274609 0.0507812 0.272656 0.0546875 0.273828 0.0712891 0.273438 0.0810547 0.275781 0.0830078 0.280078 0.0800781 0.28125 0.0761719 0.28125 0.0668945 0.279297 0.0551758 0.276172 0.0507812
1 0.385937 0.323242 0.385547 0.325684 0.387109 0.334961 0.39375 0.345703 0.397266 0.354492 0.403906 0.36377 0.4125 0.368652 0.426563 0.372559 0.432031 0.37207 0.4375 0.368164 0.437891 0.36377 0.437109 0.362793 0.424219 0.357422 0.420703 0.354492 0.409766 0.341309 0.402734 0.329102 0.397266 0.322754 0.387891 0.320801
1 0.009375 0 0.00820313 0.00634766 0.00898437 0.012207 0.0125 0.019043 0.0167969 0.0234375 0.0183594 0.0234375 0.0210938 0.0200195 0.025 0.0185547 0.0296875 0.0195312 0.0355469 0.0224609 0.040625 0.0224609 0.0476562 0.019043 0.0496094 0.0170898 0.0484375 0.012207 0.0449219 0.012207 0.0398437 0.00927734 0.0335937 0.00195312 0.0335937 0
1 0.186719 0.0258789 0.183203 0.0263672 0.181641 0.0292969 0.177734 0.0605469 0.178125 0.0664062 0.177344 0.0722656 0.178125 0.0742188 0.186328 0.0717773 0.189453 0.0678711 0.189844 0.065918 0.189453 0.059082 0.190625 0.0405273 0.188281 0.0273438
1 0.195703 0.0263672 0.194531 0.027832 0.194141 0.0322266 0.198437 0.0380859 0.208203 0.043457 0.213281 0.043457 0.217188 0.0449219 0.219141 0.0473633 0.220703 0.0537109 0.220703 0.0620117 0.224219 0.0644531 0.225781 0.0610352 0.226562 0.0541992 0.228125 0.0512695 0.228125 0.046875 0.223438 0.0366211 0.217578 0.0297852 0.212109 0.0263672 0.205078 0.0253906
1 0.221875 0.0605469 0.219141 0.0541992 0.216406 0.0532227 0.2125 0.0537109 0.207813 0.0576172 0.205078 0.0615234 0.200391 0.0644531 0.186719 0.0673828 0.185547 0.0712891 0.1875 0.0751953 0.192188 0.0800781 0.201563 0.081543 0.203906 0.0795898 0.209375 0.0776367 0.216797 0.0664062 0.221484 0.0620117
1 0.216406 0.0810547 0.2125 0.0795898 0.196484 0.0883789 0.192969 0.0942383 0.191406 0.100098 0.192188 0.104004 0.201563 0.101074 0.206641 0.097168 0.212109 0.0898438 0.216406 0.0859375
1 0.187891 0.108887 0.188281 0.111328 0.19375 0.120117 0.204297 0.124512 0.211719 0.121582 0.216406 0.115723 0.216406 0.11084 0.214453 0.107422 0.203906 0.106934 0.198437 0.103027 0.192188 0.102539 0.189062 0.10498
1 0.16875 0.0795898 0.165234 0.0834961 0.164453 0.0869141 0.1625 0.0893555 0.1625 0.0922852 0.167969 0.102051 0.170313 0.109863 0.173437 0.114746 0.173437 0.119629 0.177344 0.128418 0.182422 0.130859 0.186328 0.135254 0.188281 0.133301 0.188672 0.127441 0.186719 0.121582 0.186328 0.113281 0.183984 0.100586 0.182422 0.0957031 0.178906 0.0917969 0.175391 0.0839844 0.171484 0.0800781
1 0.242969 0.138672 0.241797 0.133789 0.240234 0.131836 0.232422 0.129395 0.224219 0.129883 0.214844 0.134277 0.212109 0.138184 0.212109 0.144043 0.216016 0.146973 0.233203 0.146973 0.241016 0.144531
1 0.255469 0.129883 0.250781 0.134277 0.248438 0.144043 0.248828 0.151367 0.251953 0.158691 0.254688 0.162598 0.259375 0.165527 0.267578 0.168457 0.267969 0.164062 0.264062 0.158691 0.261328 0.143066 0.261328 0.133789 0.259375 0.130859
1 0.219531 0.147949 0.219531 0.149902 0.222266 0.152344 0.223438 0.156738 0.225781 0.15918 0.232813 0.160645 0.245703 0.166016 0.249219 0.165527 0.250781 0.163574 0.244922 0.150879 0.240625 0.145996 0.228906 0.145996
1 0.222656 0.177734 0.223438 0.180664 0.227734 0.181152 0.230078 0.18457 0.234766 0.186035 0.248828 0.194824 0.251953 0.197754 0.256641 0.198242 0.257812 0.197266 0.257031 0.1875 0.249609 0.178711 0.246484 0.172363 0.240625 0.168457 0.234766 0.166504 0.229297 0.166504 0.227344 0.167969 0.225 0.174316
1 0.183984 0.138672 0.180469 0.137695 0.167187 0.143066 0.160938 0.150391 0.159375 0.153809 0.159375 0.164062 0.160156 0.169434 0.161328 0.170898 0.165234 0.169922 0.176953 0.151855 0.186328 0.144531 0.186719 0.143066
1 0.130469 0.15332 0.130469 0.163574 0.133594 0.172852 0.132422 0.176758 0.132422 0.1875 0.134375 0.192871 0.134766 0.198242 0.138281 0.207031 0.139453 0.207031 0.142578 0.199219 0.142578 0.192871 0.144141 0.188477 0.143359 0.173828 0.140625 0.168945 0.139453 0.162598 0.133984 0.154297
1 0.154297 0.172852 0.150781 0.175781 0.142578 0.197754 0.141797 0.20752 0.144141 0.218262 0.146484 0.223145 0.148438 0.222656 0.15 0.219727 0.15 0.216309 0.148828 0.212891 0.149219 0.207031 0.151562 0.199707 0.155078 0.193359 0.156641 0.177246
1 0.178516 0.164062 0.176953 0.163574 0.173437 0.16748 0.173047 0.172852 0.171875 0.175781 0.165234 0.186523 0.163281 0.191895 0.156641 0.19873 0.155078 0.202637 0.155078 0.207031 0.155859 0.208496 0.159375 0.208984 0.161328 0.208008 0.163281 0.202148 0.166797 0.197266 0.169531 0.195801 0.174219 0.195801 0.180078 0.188477 0.181641 0.18457 0.180469 0.168945
1 0.161719 0.208496 0.15625 0.209961 0.148438 0.217773 0.148828 0.222656 0.152344 0.233887 0.158203 0.236816 0.1625 0.236328 0.164062 0.233887 0.164844 0.229492 0.164453 0.214355
1 0.169922 0.206055 0.166406 0.212402 0.167187 0.236328 0.178516 0.241699 0.184766 0.243164 0.187891 0.242676 0.188672 0.241211 0.188281 0.237305 0.183203 0.232422 0.182031 0.226562 0.177344 0.216797 0.176563 0.208984 0.173828 0.206055
1 0.223828 0.175781 0.217969 0.180664 0.216016 0.185059 0.215625 0.188965 0.219141 0.193359 0.225 0.195801 0.230078 0.188477 0.230469 0.182617 0.225391 0.175781
1 0.205078 0.196777 0.208594 0.208496 0.211719 0.211426 0.215234 0.212891 0.222266 0.212402 0.225 0.213867 0.226953 0.213379 0.230078 0.210938 0.236328 0.208984 0.238281 0.203613 0.237109 0.202148 0.232422 0.202637 0.228516 0.201172 0.221094 0.196289 0.216016 0.195801 0.209375 0.190918 0.208203 0.190918
1 0.204297 0.187012 0.202344 0.185547 0.199609 0.185547 0.197266 0.186523 0.192969 0.191406 0.185547 0.192871 0.180078 0.201172 0.180469 0.20459 0.184766 0.209961 0.192578 0.214355 0.2 0.213379 0.201172 0.211914 0.202344 0.203613 0.201953 0.197754 0.204687 0.192383
1 0.234375 0.249512 0.23125 0.248535 0.228516 0.25 0.227344 0.251465 0.226953 0.254883 0.225391 0.256836 0.220703 0.258789 0.2125 0.269531 0.210547 0.277344 0.210547 0.282715 0.2125 0.288086 0.216406 0.287109 0.222266 0.278809 0.226172 0.276367 0.235547 0.252441
1 0.140234 0.258301 0.139063 0.260254 0.139453 0.26709 0.145313 0.276367 0.152344 0.282715 0.155078 0.283203 0.157812 0.281738 0.158594 0.27832 0.157422 0.273438 0.148438 0.260742 0.142969 0.257324
1 0.130859 0.22168 0.129688 0.225098 0.130078 0.229004 0.133984 0.237305 0.137109 0.240234 0.141016 0.24707 0.14375 0.254883 0.147656 0.259277 0.153125 0.260742 0.155078 0.260254 0.15625 0.255859 0.155078 0.250488 0.152734 0.246094 0.151172 0.236816 0.135156 0.222168
1 0.163672 0.261719 0.162891 0.264648 0.163672 0.270996 0.167578 0.27832 0.172266 0.279785 0.184766 0.287598 0.189844 0.287598 0.194531 0.281738 0.194922 0.279785 0.192578 0.275391 0.192969 0.271484 0.185547 0.270996 0.178125 0.265137 0.170313 0.265137 0.166406 0.260742
1 0.205078 0.26416 0.203906 0.261719 0.2 0.258789 0.196094 0.257812 0.191406 0.259766 0.189062 0.262695 0.1875 0.26123 0.184766 0.260742 0.179688 0.265137 0.179297 0.26709 0.184766 0.271973 0.186719 0.272461 0.201953 0.27002 0.205078 0.26709
1 0.164062 0.250488 0.165234 0.254883 0.169141 0.260254 0.176172 0.26416 0.178516 0.26416 0.181641 0.261719 0.184766 0.263184 0.186328 0.262695 0.191016 0.257324 0.190234 0.250488 0.185156 0.24707 0.166016 0.245605
1 0.224609 0.215332 0.217188 0.216309 0.216406 0.217773 0.216797 0.227051 0.216016 0.234863 0.217188 0.242188 0.215234 0.247559 0.216406 0.250977 0.220312 0.254395 0.226562 0.251465 0.228906 0.247559 0.229687 0.23584 0.227734 0.222168 0.226562 0.217773
1 0.183594 0.222656 0.183203 0.226562 0.184766 0.232422 0.192188 0.242188 0.200391 0.246094 0.210547 0.24707 0.215625 0.245605 0.216016 0.240723 0.213672 0.234863 0.209375 0.229492 0.201953 0.227539 0.2 0.22168 0.197656 0.220703 0.185156 0.221191
1 0.239063 0 0.239453 0.00341797 0.243359 0.00927734 0.251172 0.0180664 0.256641 0.0180664 0.258984 0.0151367 0.259766 0.0107422 0.257422 0
1 0.453516 0.0844727 0.452344 0.0825195 0.449609 0.0820312 0.439453 0.0874023 0.431641 0.0888672 0.426172 0.0932617 0.419922 0.0961914 0.417969 0.0991211 0.417578 0.104492 0.419141 0.106934 0.421094 0.107422 0.428125 0.104004 0.436328 0.103516 0.441406 0.102051 0.44375 0.100586 0.446875 0.0957031 0.452344 0.090332
1 0.445703 0.244629 0.445703 0.249023 0.447266 0.255859 0.450391 0.259277 0.458984 0.263184 0.466797 0.263184 0.470703 0.261719 0.477734 0.257324 0.483203 0.251953 0.482422 0.248535 0.473438 0.249023 0.467187 0.248047 0.456641 0.244629 0.451953 0.241211 0.447266 0.241211
1 0.54375 0.312988 0.540234 0.315918 0.538281 0.320312 0.5375 0.341797 0.541406 0.354004 0.546484 0.359375 0.550391 0.360352 0.553125 0.358398 0.553906 0.352051 0.551953 0.338867 0.547266 0.324219 0.546484 0.31543 0.545703 0.312988
1 0.596484 0.274414 0.591406 0.274414 0.5875 0.277832 0.576953 0.299316 0.576953 0.303711 0.579297 0.308105 0.581641 0.308594 0.585156 0.307129 0.596094 0.293945 0.598437 0.28418 0.598437 0.279297
1 0.653516 0.245117 0.651172 0.246094 0.648828 0.250977 0.648438 0.265625 0.65 0.275879 0.653516 0.283203 0.658984 0.285645 0.661328 0.284668 0.662891 0.282227 0.6625 0.270508 0.663672 0.260742 0.661719 0.255371 0.656641 0.247559
1 0.660937 0.220703 0.659375 0.21875 0.653906 0.217773 0.647266 0.220215 0.642578 0.223633 0.639062 0.227539 0.636719 0.232422 0.630078 0.239746 0.629297 0.241699 0.630078 0.247559 0.638672 0.247559 0.647656 0.241699 0.655078 0.23291 0.660937 0.223145
1 0.715625 0.257324 0.7125 0.260254 0.7125 0.262207 0.716406 0.270508 0.717969 0.28125 0.722266 0.29541 0.723828 0.297852 0.725 0.297852 0.729688 0.285645 0.730859 0.279297 0.730859 0.272949 0.725391 0.263184 0.721094 0.257812
1 0.708984 0.40625 0.705078 0.40625 0.701562 0.408691 0.696484 0.422852 0.696484 0.436035 0.697266 0.440918 0.696875 0.463379 0.698047 0.46582 0.700781 0.466309 0.702344 0.464844 0.711328 0.442383 0.711719 0.431641 0.710547 0.424805 0.710156 0.410156
1 0.554297 0.402344 0.555078 0.407715 0.557813 0.412109 0.559766 0.413574 0.568359 0.415527 0.577344 0.414062 0.584375 0.407715 0.588672 0.406738 0.592187 0.403809 0.591016 0.401367 0.588281 0.399414 0.576953 0.397461 0.567578 0.397461 0.55625 0.399902
1 0.482031 0.412109 0.480078 0.410156 0.477734 0.410156 0.468359 0.414062 0.450391 0.416016 0.446875 0.419434 0.445703 0.422363 0.445312 0.428223 0.447656 0.432129 0.460156 0.432129 0.471094 0.428223 0.480078 0.42041 0.48125 0.417969
1 0.48125 0.430664 0.482031 0.440918 0.486328 0.445801 0.489844 0.447754 0.501953 0.446777 0.508203 0.442383 0.509375 0.439941 0.509375 0.437012 0.508203 0.435547 0.500781 0.431152 0.490625 0.431152 0.482422 0.428711
1 0.310547 0.405273 0.307422 0.411621 0.305859 0.423828 0.307031 0.437988 0.308203 0.442871 0.314453 0.45459 0.317969 0.45459 0.319531 0.45166 0.321094 0.431152 0.31875 0.418457 0.314844 0.406738
1 0.217969 0.353027 0.216406 0.353027 0.214062 0.356934 0.207813 0.373535 0.202734 0.396484 0.202734 0.398926 0.204297 0.401367 0.208594 0.399414 0.213672 0.393066 0.219141 0.383301 0.222266 0.362793 0.220703 0.355957
1 0.139063 0.358398 0.139063 0.359863 0.141406 0.361328 0.147266 0.36084 0.151953 0.362305 0.159375 0.370605 0.1625 0.378418 0.166016 0.380371 0.167969 0.37793 0.169141 0.371582 0.166797 0.361328 0.164062 0.355469 0.158984 0.348633 0.155469 0.347168 0.150781 0.348145
1 0.142969 0.401367 0.141016 0.407227 0.140234 0.418945 0.141406 0.422852 0.14375 0.42627 0.150781 0.432129 0.159375 0.43457 0.166406 0.438965 0.170703 0.439453 0.171484 0.436523 0.169922 0.432617 0.1625 0.425781 0.152734 0.412598 0.149219 0.402344 0.147266 0.400391
1 0.141797 0.500488 0.135937 0.493164 0.134375 0.492188 0.130078 0.492188 0.122266 0.498047 0.116406 0.505371 0.110547 0.508789 0.109766 0.510254 0.110156 0.514648 0.110937 0.516113 0.114844 0.517578 0.123047 0.517578 0.126953 0.516113 0.132812 0.51123 0.135156 0.507812 0.139844 0.504883 0.141406 0.50293
1 0.0691406 0.501953 0.0675781 0.501953 0.0644531 0.505371 0.0585938 0.514648 0.0554687 0.521973 0.0535156 0.530273 0.0535156 0.535645 0.0566406 0.539062 0.0605469 0.538574 0.0621094 0.536621 0.071875 0.515625 0.0730469 0.509277 0.071875 0.505371
1 0.14375 0.749023 0.139453 0.745117 0.134375 0.746582 0.127344 0.756348 0.119141 0.759277 0.113281 0.767578 0.111328 0.774414 0.113281 0.776367 0.116016 0.776855 0.123828 0.775391 0.135547 0.770508 0.140625 0.765625 0.144141 0.760254 0.144922 0.753418
1 0.240625 0.84375 0.237109 0.84082 0.231641 0.84082 0.223828 0.84375 0.215625 0.851074 0.207422 0.861816 0.205078 0.866211 0.205469 0.869629 0.206641 0.870605 0.2125 0.870117 0.228906 0.862793 0.241016 0.851562 0.241797 0.84668
1 0.2875 0.963379 0.283984 0.960449 0.271094 0.963867 0.2625 0.969727 0.259375 0.974121 0.257812 0.978516 0.257422 0.98877 0.258203 0.991211 0.260156 0.993164 0.263281 0.993652 0.267188 0.990234 0.279297 0.975586 0.284375 0.973145 0.286328 0.970703 0.287891 0.965332
1 0.282422 0.933594 0.280859 0.936035 0.279687 0.943848 0.279687 0.950684 0.281641 0.955566 0.287891 0.962402 0.294531 0.964844 0.298047 0.967285 0.303125 0.966797 0.303906 0.962891 0.302734 0.958496 0.293359 0.943848 0.289844 0.934082 0.287109 0.931152
1 0.432422 0.900879 0.430859 0.900879 0.425781 0.904297 0.419531 0.915527 0.419531 0.921875 0.422266 0.931152 0.425781 0.938965 0.428125 0.952637 0.43125 0.957031 0.433594 0.955078 0.434766 0.951172 0.434375 0.928711 0.432812 0.919922 0.430859 0.916016 0.43125 0.911133 0.432812 0.907227
1 0.504687 0.964355 0.501953 0.96875 0.500391 0.974121 0.500391 0.981934 0.501953 0.98877 0.509766 0.998047 0.512891 1 0.520703 0.999023 0.521094 0.99707 0.519922 0.995117 0.516797 0.979004 0.513281 0.967773 0.510156 0.963379
1 0.537109 0.949707 0.532422 0.950195 0.529687 0.953613 0.523438 0.973145 0.523828 0.985352 0.525391 0.989258 0.528125 0.992188 0.532813 0.991211 0.539062 0.979492 0.540234 0.963379 0.539062 0.95459
1 0.589063 0.74707 0.580078 0.746094 0.570703 0.757324 0.569141 0.765137 0.571484 0.770996 0.575391 0.775879 0.578906 0.777832 0.58125 0.777832 0.583984 0.775879 0.585156 0.77002 0.589063 0.76416 0.591797 0.749512
1 0.690625 0.828613 0.686328 0.827637 0.678516 0.828613 0.669922 0.838867 0.666016 0.847656 0.665234 0.851562 0.665234 0.861328 0.667188 0.864258 0.669531 0.865723 0.673438 0.864746 0.676172 0.85791 0.691406 0.837891 0.692969 0.833984 0.692969 0.831543
1 0.716016 0.812988 0.7125 0.812012 0.703516 0.818359 0.703125 0.835449 0.704297 0.842773 0.702344 0.845215 0.697656 0.847656 0.697266 0.852051 0.698047 0.853027 0.703516 0.854004 0.707422 0.852539 0.712891 0.848145 0.716406 0.84375 0.717187 0.836426 0.714844 0.826172 0.714844 0.822754 0.716406 0.818848
1 0.695703 0.790039 0.696875 0.79248 0.698438 0.79248 0.701562 0.790527 0.705469 0.785645 0.716016 0.788574 0.731641 0.786621 0.736328 0.78418 0.737109 0.779297 0.735938 0.777832 0.728516 0.775879 0.720703 0.771973 0.710156 0.77002 0.701562 0.774902 0.698438 0.778809 0.696094 0.783691
1 0.447656 0.816895 0.447266 0.828613 0.449219 0.848145 0.450781 0.854492 0.457031 0.863281 0.469141 0.873047 0.472656 0.872559 0.473438 0.871582 0.472656 0.864258 0.464453 0.847168 0.456641 0.821289 0.453906 0.816895 0.451562 0.81543
1 0.39375 0.810059 0.392188 0.809082 0.386719 0.813477 0.361719 0.828613 0.349609 0.84082 0.349609 0.847168 0.367969 0.84668 0.376953 0.843262 0.385156 0.83252 0.388672 0.821289 0.392188 0.817871 0.39375 0.814453
1 0.352344 0.787598 0.35 0.784668 0.348438 0.78418 0.338281 0.786621 0.335156 0.789062 0.328125 0.797852 0.325391 0.807617 0.325 0.813965 0.326953 0.814453 0.329688 0.809082 0.333984 0.810059 0.341797 0.805664 0.345703 0.804688 0.347656 0.802246 0.351953 0.79248
1 0.324219 0.744141 0.322656 0.741699 0.319141 0.739746 0.314063 0.739746 0.310156 0.742676 0.30625 0.742188 0.303125 0.744629 0.299609 0.744629 0.296094 0.742188 0.294531 0.742188 0.290234 0.746582 0.289062 0.75 0.289453 0.754395 0.290625 0.756348 0.299609 0.763184 0.305469 0.76416 0.307812 0.763184 0.319922 0.752441 0.323828 0.750488
1 0.322656 0.711914 0.317969 0.712891 0.303125 0.724609 0.298438 0.72998 0.294922 0.73877 0.294922 0.744141 0.297656 0.748535 0.302734 0.749512 0.304297 0.748047 0.323828 0.716797 0.324219 0.714844
1 0.353906 0.678711 0.352734 0.680176 0.353125 0.694336 0.353906 0.697266 0.3625 0.706055 0.369141 0.708984 0.378906 0.716797 0.381641 0.717285 0.382422 0.71582 0.382422 0.710449 0.377344 0.701172 0.36875 0.690918 0.364063 0.6875 0.360938 0.681152 0.357812 0.678711
1 0.320703 0.667969 0.319531 0.671875 0.325 0.682617 0.329297 0.698242 0.334375 0.708008 0.337891 0.708008 0.341016 0.70166 0.340625 0.693848 0.339453 0.689941 0.333984 0.683105 0.332031 0.67627 0.326562 0.669434
1 0.333984 0.654785 0.330859 0.660645 0.330859 0.677246 0.333984 0.682617 0.335938 0.688477 0.341797 0.691406 0.346484 0.687012 0.346484 0.685059 0.344922 0.682129 0.346094 0.673828 0.345703 0.667969 0.344141 0.664062 0.338672 0.65625
1 0.326953 0.632812 0.326953 0.638184 0.329688 0.64209 0.331641 0.648926 0.334766 0.651367 0.348047 0.654297 0.358203 0.653809 0.369141 0.649902 0.374219 0.649414 0.377344 0.646973 0.377344 0.642578 0.357812 0.639648 0.347656 0.63623 0.3375 0.636719 0.330469 0.630859
1 0.416406 0.625488 0.415234 0.625 0.411719 0.626465 0.399609 0.63623 0.389453 0.650879 0.388281 0.657715 0.389844 0.661621 0.390234 0.666504 0.391797 0.668945 0.394531 0.669434 0.397266 0.668457 0.399219 0.662598 0.410156 0.647949 0.416406 0.635254
1 0.459766 0.651855 0.451953 0.644043 0.450391 0.638672 0.450781 0.631836 0.444531 0.626953 0.4375 0.626953 0.434375 0.629395 0.432422 0.637207 0.425391 0.649414 0.412891 0.664551 0.412109 0.666992 0.4125 0.669434 0.414453 0.671875 0.416797 0.671875 0.420312 0.668945 0.428125 0.668457 0.439453 0.657227 0.456641 0.657715 0.459375 0.655762
1 0.382422 0.691406 0.383984 0.693848 0.383984 0.695801 0.386719 0.69873 0.3875 0.70166 0.391016 0.706543 0.407813 0.721191 0.4125 0.721191 0.416016 0.717285 0.416406 0.714355 0.415234 0.710938 0.401562 0.697754 0.397656 0.696777 0.392969 0.697266 0.384375 0.69043
1 0.423047 0.685059 0.422266 0.680664 0.420312 0.676758 0.414844 0.675293 0.408984 0.678711 0.399219 0.680664 0.391016 0.685547 0.387891 0.689453 0.382812 0.689941 0.382031 0.691895 0.386328 0.696289 0.397656 0.696777 0.404297 0.694336 0.412109 0.687988 0.416406 0.687988 0.419141 0.692383 0.421094 0.692383 0.422656 0.69043
1 0.379297 0.66748 0.378906 0.671387 0.38125 0.675781 0.386719 0.680176 0.388281 0.683105 0.39375 0.687012 0.396875 0.691895 0.404297 0.691895 0.407031 0.689453 0.413672 0.687012 0.416016 0.683594 0.419531 0.684082 0.421484 0.682129 0.421484 0.680176 0.419922 0.677246 0.416016 0.674805 0.411719 0.675781 0.404687 0.680176 0.4 0.679199 0.397266 0.675293 0.389844 0.669434 0.384375 0.668945 0.380859 0.666016
1 0.533203 0.54834 0.529687 0.548828 0.523438 0.556152 0.510938 0.566406 0.502734 0.570801 0.496094 0.572266 0.495312 0.573242 0.495312 0.578613 0.497656 0.581055 0.502344 0.58252 0.510547 0.582031 0.517578 0.578613 0.526563 0.567871 0.53125 0.560059 0.533203 0.553711
1 0.366016 0.542969 0.358984 0.543457 0.349609 0.549805 0.34375 0.558594 0.342578 0.565918 0.349609 0.58252 0.353906 0.58252 0.355078 0.571777 0.356641 0.566895 0.359766 0.561035 0.366406 0.552734 0.367188 0.550781 0.367188 0.544922
1 0.318359 0.515625 0.31875 0.521484 0.327344 0.526367 0.333203 0.532227 0.339453 0.533203 0.344922 0.530762 0.344922 0.528809 0.341016 0.524902 0.334766 0.515625 0.323437 0.51416 0.319141 0.514648
1 0.323828 0.505859 0.324219 0.509766 0.326953 0.510254 0.330078 0.508789 0.332813 0.513184 0.340234 0.516602 0.342969 0.516602 0.346484 0.514648 0.350781 0.514648 0.355859 0.516602 0.357812 0.516602 0.358984 0.515137 0.358594 0.512207 0.356641 0.509277 0.35 0.503906 0.341406 0.501953 0.3375 0.49707 0.330469 0.503906 0.325391 0.504395
1 0.8125 0.333984 0.809766 0.333008 0.804297 0.333984 0.800781 0.338379 0.798438 0.343262 0.795703 0.352539 0.794922 0.361328 0.795312 0.373535 0.798438 0.374023 0.801562 0.37207 0.807422 0.362305 0.810937 0.353516 0.810547 0.34375 0.813281 0.335449
1 0.828125 0.377441 0.826172 0.374023 0.823047 0.372559 0.802344 0.372559 0.795312 0.376953 0.787109 0.385254 0.783203 0.387207 0.782031 0.388672 0.782422 0.392578 0.787891 0.395996 0.796094 0.391602 0.804297 0.391602 0.810937 0.387207 0.825781 0.381836 0.828125 0.379395
1 0.887109 0.0258789 0.885547 0.0244141 0.880469 0.0249023 0.871484 0.0307617 0.853125 0.0556641 0.853516 0.0600586 0.854688 0.0610352 0.861328 0.0600586 0.876563 0.0498047 0.882422 0.0424805 0.886719 0.0317383
1 0.879687 0 0.879687 0.00146484 0.875781 0.00488281 0.875391 0.00878906 0.877734 0.0117188 0.884375 0.015625 0.8875 0.0195312 0.893359 0.0239258 0.907813 0.0410156 0.909766 0.0449219 0.911328 0.0517578 0.9125 0.0532227 0.916016 0.0532227 0.917578 0.0493164 0.917188 0.0415039 0.912891 0.0283203 0.907813 0.0175781 0.900391 0.0102539 0.888672 0.00390625 0.883594 0.00292969 0.881641 0.00146484 0.881641 0
1 0.970313 0.050293 0.966797 0.0556641 0.963281 0.0668945 0.961328 0.0810547 0.961719 0.0864258 0.962891 0.0908203 0.965625 0.0952148 0.965234 0.101562 0.966797 0.105957 0.972656 0.11084 0.978516 0.111328 0.980078 0.110352 0.980859 0.105469 0.980078 0.103027 0.975781 0.0981445 0.974219 0.0947266 0.974609 0.0810547 0.973828 0.0664062 0.975 0.0556641 0.973437 0.0512695
1 0.960156 0.123535 0.960156 0.130859 0.964063 0.142578 0.967969 0.147461 0.973828 0.151855 0.98125 0.151855 0.983984 0.149414 0.983203 0.144531 0.980469 0.139648 0.969922 0.129883 0.964453 0.122559 0.962109 0.12207
1 0.899609 0.316895 0.898438 0.319336 0.899609 0.327637 0.898438 0.331543 0.895312 0.334961 0.895312 0.339355 0.898438 0.342285 0.903516 0.355469 0.911328 0.364746 0.916016 0.367188 0.920312 0.367188 0.923438 0.365234 0.924219 0.36377 0.923828 0.35791 0.917578 0.352539 0.915234 0.34375 0.909375 0.334961 0.908984 0.328125 0.903516 0.32373 0.901563 0.318359
1 0.825781 0.608398 0.822656 0.60791 0.819922 0.609863 0.810937 0.621582 0.805859 0.631348 0.804297 0.641602 0.804297 0.650391 0.805859 0.65625 0.809766 0.65918 0.812891 0.657715 0.814063 0.649414 0.819531 0.638184 0.823438 0.621094 0.826562 0.612793
1 0.853125 0.975586 0.849219 0.975098 0.839844 0.983398 0.837891 0.98877 0.836719 0.997559 0.837109 1 0.848047 1 0.85 0.991211 0.854297 0.97998
1 0.9 0.944824 0.899219 0.94873 0.899609 0.954102 0.898047 0.961426 0.897656 0.975098 0.896484 0.978027 0.896484 0.981445 0.897656 0.986816 0.899219 0.98877 0.901953 0.98877 0.905469 0.98584 0.912891 0.971191 0.914062 0.966797 0.914062 0.962402 0.910937 0.954102 0.905078 0.947266 0.901563 0.944824
1 0.991016 0.928223 0.989062 0.928223 0.987891 0.930664 0.986719 0.939453 0.980078 0.945312 0.980078 0.950195 0.978125 0.959473 0.982812 0.963379 0.991406 0.962402 0.99375 0.961426 0.995313 0.958984 0.996094 0.95459 0.996094 0.943359 0.994922 0.938965 0.994922 0.93457
1 0.975391 0.838379 0.973828 0.839355 0.966016 0.852539 0.957031 0.873047 0.955078 0.882812 0.955859 0.888672 0.958203 0.891602 0.962109 0.887207 0.969141 0.885742 0.968359 0.882324 0.978125 0.845703 0.978125 0.841797
1 1 0.868164 0.993359 0.867676 0.982812 0.874023 0.978125 0.875488 0.973437 0.879883 0.966406 0.882324 0.962891 0.88623 0.965625 0.88916 0.969531 0.890137 0.982422 0.887695 0.990234 0.882324 0.99375 0.877441 1 0.874512
1 0.942969 0.930176 0.943359 0.93457 0.941406 0.94043 0.941406 0.945312 0.943359 0.947266 0.947266 0.947266 0.948828 0.953125 0.950391 0.955566 0.954688 0.957031 0.957422 0.959473 0.972656 0.959473 0.972266 0.949707 0.970703 0.945312 0.967578 0.944824 0.962109 0.940918 0.955078 0.932129 0.948047 0.927246 0.946094 0.927246
1 0.891406 0.828613 0.890234 0.831543 0.890625 0.835938 0.896094 0.846191 0.9 0.849609 0.907031 0.853027 0.908984 0.853027 0.912891 0.849609 0.913672 0.845215 0.9125 0.841309 0.907422 0.833008 0.901172 0.825195 0.896094 0.824707
1 0.893359 0.806641 0.888281 0.805664 0.884766 0.806641 0.882812 0.808594 0.882031 0.817383 0.880859 0.821289 0.875 0.830566 0.871484 0.832031 0.871875 0.839844 0.873047 0.843262 0.877734 0.84375 0.88125 0.842285 0.885547 0.838379 0.892578 0.828125 0.893359 0.819336
1 0.867969 0.720703 0.867578 0.725098 0.869141 0.726562 0.873828 0.725098 0.884375 0.724121 0.888672 0.725586 0.891797 0.728027 0.896875 0.73584 0.900781 0.736328 0.902734 0.733398 0.902734 0.723145 0.901953 0.719727 0.898047 0.711426 0.893359 0.707031 0.8875 0.706543 0.881641 0.708984 0.872656 0.714844
1 0.914844 0.806641 0.913281 0.810547 0.914062 0.82666 0.916797 0.839355 0.920312 0.841309 0.924609 0.839355 0.928125 0.833496 0.928125 0.82959 0.924219 0.816895 0.917188 0.806641
1 0.919141 0.779297 0.914844 0.78418 0.915234 0.790039 0.917578 0.796875 0.920664 0.801221 0.924219 0.803711 0.929297 0.8125 0.933203 0.822754 0.934375 0.82373 0.938281 0.823242 0.938672 0.816895 0.937109 0.809082 0.934766 0.804199 0.935156 0.797852 0.926953 0.785156 0.920703 0.779297
1 0.335547 0.807617 0.340664 0.816162 0.348828 0.820752 0.352734 0.821289 0.358594 0.823242 0.365234 0.82373 0.375781 0.818848 0.375391 0.815918 0.372266 0.812012 0.357031 0.806152 0.35 0.806641 0.345703 0.805176 0.340625 0.805176
2 0.814844 0.978516 0.811719 0.978027 0.810156 0.979004 0.807422 0.991699 0.803906 0.997559 0.803906 1 0.819141 1 0.81875 0.987793 0.817578 0.983398
1 0.864844 0.817871 0.861328 0.817871 0.857422 0.821289 0.850781 0.818848 0.844922 0.819824 0.842578 0.822754 0.841406 0.82666 0.841016 0.833984 0.841797 0.835938 0.844141 0.837402 0.848828 0.836914 0.855859 0.830566 0.863281 0.82666 0.864453 0.824219
1 0.876953 0.805176 0.873047 0.805664 0.869141 0.807617 0.8625 0.822754 0.863281 0.827148 0.869531 0.83252 0.873047 0.833008 0.878516 0.821777 0.880078 0.812988
1 0.923438 0.763184 0.921484 0.767578 0.921094 0.77832 0.924609 0.780762 0.926953 0.784668 0.942578 0.79834 0.944141 0.798828 0.946094 0.797852 0.947266 0.79541 0.946875 0.790039 0.945312 0.783203 0.942187 0.775391 0.936328 0.771973 0.93125 0.770996 0.928125 0.76416
1 0.928125 0.742676 0.927344 0.744141 0.927734 0.750488 0.931641 0.759766 0.933984 0.769043 0.937891 0.772461 0.943359 0.772949 0.944922 0.770508 0.945703 0.763184 0.94375 0.758789 0.942187 0.748535 0.935547 0.742188 0.930469 0.741699
1 0.869922 0.790527 0.864844 0.790527 0.861719 0.794434 0.85625 0.79834 0.852734 0.806641 0.852734 0.810059 0.855078 0.814453 0.861719 0.81543 0.871484 0.803711 0.871484 0.793945
2 0.930469 0.724609 0.928125 0.720703 0.923438 0.719727 0.910937 0.725098 0.908203 0.729004 0.908203 0.730957 0.911719 0.733398 0.919922 0.733398 0.924609 0.729492 0.930078 0.727051
1 0.943359 0.745117 0.942578 0.749512 0.947266 0.76123 0.949609 0.763672 0.953125 0.763672 0.956641 0.762207 0.957812 0.758301 0.953516 0.749023 0.948047 0.743164 0.946094 0.743164
1 0.948047 0.898926 0.938281 0.897461 0.933086 0.900342 0.929727 0.90332 0.925781 0.90625 0.921836 0.90874 0.918242 0.911865 0.914805 0.915332 0.911641 0.919482 0.908594 0.923389 0.906172 0.926025 0.905508 0.929541 0.903516 0.935059 0.901172 0.936523 0.897266 0.940918 0.903906 0.948242 0.910547 0.949707 0.916016 0.942871 0.922656 0.935547 0.925 0.932617 0.93125 0.916992 0.942578 0.905273 0.948047 0.902832 0.948828 0.901855
2 0.154688 0.245117 0.154297 0.248047 0.155859 0.250488 0.155859 0.252441 0.153906 0.255371 0.153906 0.257324 0.160938 0.274902 0.161328 0.28125 0.167578 0.294922 0.173437 0.302246 0.175781 0.302246 0.176563 0.300781 0.175 0.294922 0.164453 0.271484 0.164844 0.265625 0.162891 0.257812 0.163281 0.246582 0.162109 0.245117
