1 0.2875 0.207031 0.283203 0.203613 0.275391 0.204102 0.270313 0.206543 0.269922 0.211426 0.273438 0.214844 0.282422 0.214844 0.286328 0.211914
1 0.342969 0.155273 0.344531 0.157715 0.360156 0.155273 0.366797 0.151855 0.369141 0.147461 0.365625 0.14209 0.353516 0.139648 0.345313 0.145996
1 0.39375 0.192871 0.397266 0.20752 0.404297 0.214355 0.411719 0.214844 0.423438 0.208496 0.423438 0.206055 0.420312 0.202148 0.409766 0.198242 0.400391 0.189941 0.395313 0.19043
1 0.170313 0.32959 0.163672 0.335449 0.159375 0.344238 0.157422 0.353027 0.161328 0.375 0.165234 0.379883 0.16875 0.378906 0.171094 0.374023 0.171484 0.331543
1 0.204297 0.273438 0.203906 0.27832 0.20625 0.285645 0.216016 0.294922 0.225391 0.299316 0.237109 0.30127 0.235937 0.293945 0.223828 0.279785 0.217188 0.274902
1 0.419141 0.332031 0.416016 0.343262 0.41875 0.363281 0.420312 0.366699 0.424609 0.368164 0.428125 0.366699 0.430078 0.363281 0.430859 0.351074 0.425391 0.337891
1 0.435937 0.329102 0.435156 0.338867 0.4375 0.349121 0.442578 0.361816 0.446094 0.365723 0.448437 0.365723 0.451953 0.359375 0.451172 0.344727 0.440234 0.32959
1 0.498047 0.308105 0.497266 0.311523 0.505469 0.336426 0.513672 0.349609 0.517188 0.351562 0.51875 0.337402 0.514453 0.323242 0.50625 0.310059
1 0.546875 0.295898 0.540234 0.298828 0.529297 0.317383 0.526172 0.328125 0.524492 0.339453 0.533594 0.33252 0.541797 0.32373 0.546484 0.312012
1 0.454297 0.465332 0.448828 0.475586 0.449219 0.481934 0.452344 0.490234 0.458203 0.495117 0.467969 0.492676 0.469531 0.490723 0.469141 0.48584 0.461719 0.476074 0.459375 0.46582
1 0.552734 0.515137 0.549609 0.519043 0.554688 0.535156 0.556641 0.55127 0.558984 0.555176 0.561328 0.555664 0.563672 0.553223 0.566406 0.544922 0.568359 0.529297 0.564844 0.52002 0.557422 0.515137
1 0.61875 0.455078 0.615234 0.447754 0.609766 0.445801 0.595313 0.449219 0.589063 0.45752 0.591016 0.461914 0.608203 0.464844 0.614844 0.461426
1 0.848828 0.481445 0.845313 0.486328 0.845313 0.501465 0.851172 0.515625 0.858203 0.519531 0.860938 0.516113 0.860938 0.505859 0.850391 0.481934
1 0.819141 0.480469 0.817578 0.487793 0.821094 0.496582 0.825781 0.502441 0.845898 0.512158 0.841406 0.501465 0.839063 0.493652 0.829688 0.481934 0.823047 0.479004
1 0.751953 0.440918 0.752344 0.446777 0.755859 0.447266 0.758203 0.45166 0.776563 0.467285 0.780859 0.468262 0.784766 0.464844 0.784766 0.453613 0.78125 0.445801 0.776172 0.44043 0.768359 0.436523 0.758984 0.436035
1 0.876563 0.439941 0.874219 0.444336 0.873047 0.462402 0.876953 0.466797 0.881914 0.463232 0.885391 0.457617 0.884766 0.446777 0.881641 0.44043
1 0.682813 0.628906 0.682813 0.632812 0.685156 0.636719 0.697266 0.647949 0.706641 0.648438 0.716797 0.643066 0.714063 0.637207 0.705469 0.634277 0.694531 0.626465 0.685156 0.624023
1 0.875391 0.727051 0.875 0.731934 0.880859 0.739746 0.896875 0.748047 0.906641 0.749023 0.906641 0.734375 0.903125 0.729492 0.892188 0.725586 0.876563 0.725586
2 0.895703 0.459473 0.889062 0.459961 0.885547 0.464844 0.885547 0.47168 0.888281 0.480469 0.892188 0.477051 0.896875 0.462402
1 0.58125 0.42041 0.574609 0.423828 0.567578 0.440918 0.566016 0.452637 0.568359 0.460449 0.574219 0.45752 0.585547 0.441406 0.585156 0.425293
1 0.596484 0.406738 0.591016 0.408203 0.588281 0.416016 0.587109 0.427734 0.585156 0.432129 0.587109 0.441406 0.592578 0.435059 0.598437 0.415039 0.598047 0.408691
1 0.151172 0.73291 0.146484 0.73291 0.141016 0.73877 0.137891 0.749023 0.139453 0.766895 0.144141 0.760742 0.148047 0.757812 0.153516 0.740723
1 0.110937 0.758789 0.104297 0.759277 0.0988281 0.763184 0.0925781 0.774414 0.09375 0.784668 0.102734 0.79834 0.105469 0.788574 0.105859 0.776855 0.111719 0.760742
1 0.573047 0.800781 0.567969 0.801758 0.557813 0.814453 0.552734 0.827148 0.553516 0.833984 0.561328 0.835449 0.567578 0.828125 0.573828 0.807617
2 0.397266 0.504395 0.398828 0.508789 0.407813 0.513672 0.413672 0.513672 0.417969 0.51123 0.416797 0.507324 0.404297 0.502441 0.399609 0.501953
1 0.588672 0.200684 0.584766 0.201172 0.574609 0.21875 0.572656 0.228027 0.575391 0.231445 0.580469 0.230469 0.588672 0.21875 0.590234 0.211426 0.590234 0.204102
