1 0.115234 0.0317383 0.1125 0.0297852 0.104688 0.027832 0.0988281 0.027832 0.0890625 0.0317383 0.078125 0.0454102 0.078125 0.0512695 0.0792969 0.0522461 0.0839844 0.0517578 0.0953125 0.0473633 0.107813 0.0400391 0.112891 0.0400391 0.115234 0.0371094
1 0.216406 0.163086 0.209375 0.154297 0.205859 0.151855 0.199219 0.152344 0.1875 0.158203 0.185156 0.162598 0.187891 0.168945 0.189453 0.17041 0.203125 0.17041 0.212891 0.168457 0.216016 0.166504
1 0.0558594 0.231934 0.053125 0.240723 0.0527344 0.263672 0.0546875 0.275391 0.0578125 0.285156 0.0597656 0.288086 0.0613281 0.288574 0.0628906 0.287109 0.0640625 0.282227 0.0648438 0.271973 0.0644531 0.26416 0.0613281 0.250977 0.0609375 0.242188 0.0578125 0.232422
1 0.158594 0.305176 0.153516 0.305176 0.151172 0.306641 0.149219 0.309082 0.148438 0.312988 0.146094 0.315918 0.141016 0.32666 0.138672 0.32959 0.135937 0.339844 0.135937 0.345703 0.1375 0.349609 0.137891 0.353516 0.139453 0.353516 0.141406 0.350098 0.146484 0.345215 0.152344 0.335938 0.15625 0.320312 0.159375 0.312988 0.159766 0.308594
1 0.102734 0.374023 0.100781 0.37793 0.101172 0.382324 0.102734 0.385742 0.110547 0.394043 0.120313 0.400879 0.122656 0.403809 0.126562 0.403809 0.127344 0.402832 0.127344 0.396973 0.125781 0.389648 0.121094 0.382324 0.110156 0.373047 0.105469 0.372559
1 0.175781 0.476074 0.173437 0.472656 0.169922 0.471191 0.164062 0.471191 0.149609 0.476562 0.146484 0.479004 0.139453 0.47998 0.138672 0.481934 0.141797 0.483398 0.146484 0.487793 0.152344 0.48877 0.158984 0.488281 0.169141 0.485352 0.174219 0.482422
1 0.141797 0.680664 0.138281 0.674805 0.130469 0.674316 0.126172 0.675781 0.124219 0.678223 0.119922 0.680176 0.110937 0.680664 0.108594 0.685547 0.108984 0.69043 0.110547 0.692871 0.116797 0.696777 0.127344 0.696777 0.139063 0.6875
1 0.291797 0.571289 0.290234 0.571289 0.284375 0.579102 0.278906 0.589844 0.279297 0.598633 0.282422 0.60498 0.283203 0.608887 0.287109 0.612793 0.290625 0.611816 0.291406 0.603027 0.293359 0.598145 0.294922 0.588867 0.29375 0.575195 0.292969 0.572266
1 0.576172 0.854492 0.572656 0.854492 0.571484 0.855469 0.570312 0.86084 0.564844 0.871582 0.559375 0.885742 0.557813 0.901855 0.564453 0.905762 0.567969 0.905762 0.569922 0.903809 0.571484 0.897461 0.574219 0.893555 0.578125 0.881836 0.580078 0.873047 0.580078 0.867188 0.578125 0.861328 0.578516 0.857422
1 0.686328 0.925293 0.684766 0.925293 0.682422 0.927246 0.678516 0.933594 0.673047 0.953125 0.673438 0.960449 0.674609 0.963379 0.677734 0.966309 0.68125 0.966797 0.685156 0.964844 0.687891 0.961426 0.690625 0.95459 0.691797 0.947754 0.691797 0.9375 0.689844 0.929688
1 0.701562 0.856445 0.698047 0.85791 0.691797 0.86377 0.685937 0.87793 0.685937 0.88916 0.686719 0.891602 0.689453 0.894531 0.694141 0.89502 0.698047 0.892578 0.701953 0.882812 0.703516 0.876953 0.704297 0.861816 0.703516 0.858398
1 0.577344 0.569336 0.580469 0.574707 0.590625 0.580078 0.607422 0.581543 0.611719 0.580566 0.613672 0.578613 0.611719 0.571777 0.607422 0.566406 0.602344 0.563477 0.587109 0.563477 0.580078 0.566895
1 0.521484 0.526855 0.517188 0.526367 0.510547 0.530273 0.50625 0.535156 0.503125 0.548828 0.503516 0.554199 0.505859 0.558594 0.508203 0.560059 0.511328 0.560059 0.513672 0.557617 0.517188 0.549316 0.519141 0.539551 0.522656 0.530762
1 0.299609 0.367676 0.295703 0.369141 0.293359 0.372559 0.289844 0.381836 0.2875 0.384277 0.283594 0.393066 0.282031 0.402832 0.286328 0.408203 0.287891 0.408203 0.292969 0.404785 0.296094 0.397461 0.298828 0.386719 0.299609 0.378418 0.301172 0.374512 0.301172 0.370117
1 0.310937 0.382324 0.306641 0.383301 0.300781 0.387695 0.298047 0.392578 0.296484 0.400391 0.294922 0.402832 0.294922 0.408691 0.296875 0.413574 0.297266 0.420898 0.298828 0.42334 0.303516 0.419922 0.304688 0.412109 0.310937 0.397461 0.312109 0.392578 0.311719 0.383789
1 0.294531 0.422852 0.291016 0.42041 0.286719 0.420898 0.282031 0.426758 0.278125 0.444824 0.275391 0.449707 0.275 0.452637 0.282422 0.452148 0.289844 0.443848 0.291797 0.442871 0.295703 0.432617 0.296094 0.42627
1 0.299219 0.467285 0.298828 0.472168 0.301563 0.478027 0.308594 0.486816 0.314063 0.491699 0.323047 0.492676 0.327344 0.490723 0.328906 0.48877 0.329297 0.485352 0.326953 0.481445 0.323828 0.47998 0.314453 0.47168 0.310156 0.469727 0.307422 0.466309 0.302344 0.465332
1 0.416797 0.339844 0.414844 0.339844 0.411328 0.34375 0.410547 0.348633 0.407813 0.352539 0.402734 0.365723 0.402344 0.374023 0.403516 0.378418 0.403516 0.384277 0.404687 0.38623 0.407813 0.384766 0.406641 0.37793 0.409375 0.375488 0.415625 0.36377 0.416406 0.356934 0.419531 0.349121 0.418359 0.341797
1 0.417578 0.35791 0.417578 0.362793 0.41875 0.365723 0.426172 0.37207 0.435937 0.374512 0.442969 0.368652 0.442969 0.364258 0.439063 0.359863 0.434766 0.356934 0.422266 0.354492 0.41875 0.355957
1 0.407422 0.388672 0.410938 0.394043 0.417187 0.39502 0.429297 0.394043 0.437109 0.38916 0.437109 0.387207 0.432812 0.380859 0.421094 0.376465 0.411328 0.376465 0.409766 0.377441 0.408594 0.379395
1 0.598828 0.371582 0.594531 0.370605 0.592187 0.37207 0.588672 0.37793 0.587109 0.384766 0.586328 0.394531 0.582812 0.402344 0.583594 0.40625 0.592578 0.40332 0.596094 0.397949 0.600391 0.384277 0.600391 0.373535
1 0.608984 0.349609 0.607422 0.349609 0.603125 0.364258 0.601562 0.376953 0.602344 0.391602 0.603516 0.393555 0.60625 0.394531 0.608984 0.394043 0.611328 0.391113 0.616406 0.378906 0.616797 0.375 0.615625 0.359375 0.6125 0.352539
1 0.748828 0.318359 0.744141 0.317871 0.740625 0.319824 0.735547 0.325195 0.732812 0.331055 0.731641 0.337891 0.73125 0.35498 0.731641 0.359863 0.733594 0.362305 0.735938 0.362793 0.738672 0.355469 0.742188 0.348633 0.745703 0.334473 0.749609 0.324219 0.75 0.319824
1 0.763672 0.39502 0.758594 0.39502 0.755469 0.397461 0.753516 0.404297 0.751563 0.407715 0.749609 0.417969 0.749609 0.42334 0.751563 0.425781 0.755469 0.42627 0.760547 0.42334 0.764062 0.413574 0.764062 0.406738 0.767188 0.401855 0.767578 0.398438
1 0.726562 0.427246 0.723828 0.432129 0.724219 0.437988 0.726953 0.439453 0.735156 0.449219 0.736328 0.452637 0.743359 0.459961 0.748047 0.459961 0.752734 0.45459 0.753516 0.452148 0.752734 0.447266 0.749609 0.44043 0.744141 0.432129 0.732031 0.425293
1 0.678906 0.186523 0.676562 0.186523 0.673047 0.188477 0.669922 0.194336 0.667578 0.216797 0.667969 0.223633 0.669141 0.227051 0.670703 0.227051 0.673828 0.223633 0.677344 0.22168 0.68125 0.210449 0.682031 0.191895 0.681641 0.188965
1 0.6 0.00439453 0.595703 0.00537109 0.583203 0.0224609 0.578516 0.0327148 0.577734 0.0366211 0.578125 0.0419922 0.583594 0.0488281 0.588672 0.0463867 0.596484 0.0297852 0.602734 0.00878906 0.602734 0.00683594
1 1 0.00390625 0.998437 0.00390625 0.997266 0.00537109 0.995703 0.0107422 0.991406 0.0161133 0.984766 0.0209961 0.982031 0.0273438 0.981641 0.03125 0.982812 0.0336914 0.986719 0.0341797 0.992578 0.0307617 1 0.0307617
1 0.971094 0.281738 0.966406 0.282715 0.963281 0.285645 0.959375 0.294922 0.956641 0.306152 0.957031 0.314453 0.959375 0.317871 0.963281 0.318359 0.966406 0.315918 0.971484 0.304688 0.973437 0.295898 0.973828 0.287109 0.973047 0.283691
1 0.960156 0.254883 0.958984 0.256836 0.958984 0.261719 0.963281 0.266602 0.967969 0.27002 0.972266 0.275391 0.973047 0.278809 0.976562 0.285156 0.978906 0.285156 0.982812 0.271973 0.982812 0.265137 0.982031 0.263184 0.976562 0.255859 0.969922 0.251465 0.966016 0.250977
1 0.933203 0.376953 0.932031 0.37793 0.930859 0.382812 0.930859 0.393555 0.938281 0.413574 0.939844 0.415039 0.944141 0.414551 0.946484 0.411621 0.946875 0.401367 0.939844 0.379395 0.936719 0.376465
1 0.930469 0.399414 0.925781 0.401855 0.924609 0.40918 0.926953 0.429688 0.929688 0.436523 0.930469 0.443359 0.932422 0.445312 0.934375 0.444336 0.935937 0.441406 0.936328 0.432617 0.937891 0.426758 0.937891 0.407227 0.933203 0.399414
1 0.877734 0.544922 0.875781 0.546387 0.873047 0.553223 0.871875 0.558594 0.869531 0.562988 0.867969 0.570801 0.867969 0.583984 0.86875 0.587891 0.876172 0.59668 0.877734 0.595703 0.878516 0.588867 0.881641 0.582031 0.883594 0.57373 0.883594 0.568359 0.882031 0.563965 0.880469 0.548828
