1 0.1 0.117676 0.1 0.119629 0.100391 0.120117 0.100391 0.120605 0.100781 0.121094 0.100781 0.121582 0.101172 0.12207 0.101172 0.122559 0.102734 0.124512 0.103516 0.124512 0.103906 0.125 0.104688 0.125 0.105078 0.125488 0.10625 0.125488 0.106641 0.125977 0.116406 0.125977 0.116797 0.125488 0.125781 0.125488 0.126172 0.125 0.128516 0.125 0.128906 0.124512 0.130469 0.124512 0.130859 0.124023 0.13125 0.124023 0.132422 0.122559 0.132422 0.121094 0.132812 0.120605 0.132812 0.118652 0.132422 0.118164 0.132422 0.117676 0.132031 0.117188 0.132031 0.116699 0.131641 0.116211 0.131641 0.115723 0.130469 0.114258 0.130078 0.114258 0.129688 0.11377 0.129297 0.11377 0.128516 0.112793 0.128125 0.112793 0.127344 0.111816 0.126953 0.111816 0.126172 0.11084 0.125781 0.11084 0.125 0.109863 0.124609 0.109863 0.124219 0.109375 0.123828 0.109375 0.123438 0.108887 0.121484 0.108887 0.121094 0.108398 0.111328 0.108398 0.110937 0.108887 0.110156 0.108887 0.109766 0.109375 0.108984 0.109375 0.108594 0.109863 0.107813 0.109863 0.107422 0.110352 0.10625 0.110352 0.105859 0.11084 0.104688 0.11084 0.104297 0.111328 0.103516 0.111328 0.100781 0.114746 0.100781 0.115234 0.100391 0.115723 0.100391 0.117188
1 0.670312 0.810547 0.670312 0.811035 0.669922 0.811523 0.669922 0.812012 0.669531 0.8125 0.669531 0.815918 0.669922 0.816406 0.669922 0.816895 0.670312 0.817383 0.670312 0.818359 0.670703 0.818848 0.670703 0.819336 0.671094 0.819824 0.671094 0.820312 0.671484 0.820801 0.671484 0.821289 0.671875 0.821777 0.671875 0.822266 0.672656 0.823242 0.672656 0.82373 0.673828 0.825195 0.673828 0.825684 0.674219 0.825684 0.675391 0.827148 0.675781 0.827148 0.678125 0.830078 0.678516 0.830078 0.679297 0.831055 0.679688 0.831055 0.680078 0.831543 0.680469 0.831543 0.68125 0.83252 0.681641 0.83252 0.682031 0.833008 0.682813 0.833008 0.683203 0.833496 0.683984 0.833496 0.684375 0.833984 0.685156 0.833984 0.685547 0.834473 0.686719 0.834473 0.687109 0.834961 0.69375 0.834961 0.694141 0.834473 0.694531 0.834473 0.695312 0.833496 0.695703 0.833496 0.698047 0.830566 0.698047 0.830078 0.698438 0.82959 0.698438 0.829102 0.698828 0.828613 0.698828 0.827637 0.699219 0.827148 0.699219 0.825684 0.698828 0.825195 0.698828 0.824707 0.696484 0.821777 0.696094 0.821777 0.695312 0.820801 0.694922 0.820801 0.694531 0.820312 0.694141 0.820312 0.69375 0.819824 0.693359 0.819824 0.692969 0.819336 0.692578 0.819336 0.692187 0.818848 0.691797 0.818848 0.691406 0.818359 0.691016 0.818359 0.690625 0.817871 0.690234 0.817871 0.689844 0.817383 0.689453 0.817383 0.688672 0.816406 0.688281 0.816406 0.686719 0.814453 0.686328 0.814453 0.685937 0.813965 0.685547 0.813965 0.685156 0.813477 0.684766 0.813477 0.684375 0.812988 0.683984 0.812988 0.683594 0.8125 0.682813 0.8125 0.682422 0.812012 0.682031 0.812012 0.681641 0.811523 0.68125 0.811523 0.680859 0.811035 0.680078 0.811035 0.679688 0.810547 0.679297 0.810547 0.678906 0.810059 0.678516 0.810059 0.678125 0.80957 0.677344 0.80957 0.676953 0.809082 0.675781 0.809082 0.675391 0.808594 0.672656 0.808594 0.672266 0.809082 0.671875 0.809082 0.671484 0.80957 0.671094 0.80957
1 0.6625 0.759277 0.661719 0.759277 0.661328 0.758789 0.659375 0.758789 0.658984 0.758301 0.658203 0.758301 0.657813 0.758789 0.657031 0.758789 0.656641 0.759277 0.65625 0.759277 0.655859 0.759766 0.655469 0.759766 0.655078 0.760254 0.654687 0.760254 0.650391 0.765625 0.650391 0.766113 0.649609 0.76709 0.649609 0.767578 0.649219 0.768066 0.649219 0.769043 0.648828 0.769531 0.648828 0.770508 0.648438 0.770996 0.648438 0.771973 0.648047 0.772461 0.648047 0.773438 0.647656 0.773926 0.647656 0.774902 0.647266 0.775391 0.647266 0.777344 0.646875 0.777832 0.646875 0.779297 0.646484 0.779785 0.646484 0.78125 0.646094 0.781738 0.646094 0.787598 0.646484 0.788086 0.646484 0.788574 0.646875 0.789062 0.647266 0.789062 0.647656 0.789551 0.648438 0.789551 0.648828 0.790039 0.651953 0.790039 0.652344 0.789551 0.653516 0.789551 0.653906 0.789062 0.654297 0.789062 0.654687 0.788574 0.655078 0.788574 0.65625 0.787109 0.65625 0.786621 0.657422 0.785156 0.657422 0.784668 0.659766 0.781738 0.660156 0.781738 0.6625 0.778809 0.6625 0.77832 0.662891 0.777832 0.662891 0.777344 0.663281 0.776855 0.663281 0.776367 0.663672 0.775879 0.663672 0.774902 0.664062 0.774414 0.664062 0.773438 0.664453 0.772949 0.664453 0.772461 0.664844 0.771973 0.664844 0.77002 0.665234 0.769531 0.665234 0.765625 0.664844 0.765137 0.664844 0.763672 0.664453 0.763184 0.664453 0.762695 0.664062 0.762207 0.664062 0.761719 0.663672 0.76123 0.663672 0.760742
1 0.678125 0.721191 0.676172 0.721191 0.675781 0.72168 0.674219 0.72168 0.673828 0.722168 0.673047 0.722168 0.672656 0.722656 0.672266 0.722656 0.670703 0.724609 0.670703 0.725098 0.669141 0.727051 0.669141 0.727539 0.668359 0.728516 0.668359 0.729004 0.667969 0.729492 0.667969 0.72998 0.667578 0.730469 0.667578 0.730957 0.666797 0.731934 0.666797 0.732422 0.666016 0.733398 0.666016 0.733887 0.665625 0.734375 0.665625 0.734863 0.665234 0.735352 0.665234 0.73584 0.664844 0.736328 0.664844 0.737793 0.664453 0.738281 0.664453 0.739746 0.664062 0.740234 0.664062 0.741699 0.663672 0.742188 0.663672 0.743164 0.663281 0.743652 0.663281 0.745605 0.662891 0.746094 0.662891 0.748535 0.663281 0.749023 0.663281 0.75 0.663672 0.750488 0.663672 0.750977 0.664062 0.751465 0.664062 0.751953 0.664844 0.75293 0.664844 0.753418 0.665234 0.753906 0.665234 0.754395 0.666406 0.755859 0.667578 0.755859 0.667969 0.756348 0.66875 0.756348 0.669141 0.756836 0.669531 0.756836 0.669922 0.756348 0.670312 0.756348 0.670703 0.755859 0.670703 0.755371 0.671484 0.754395 0.671484 0.753906 0.671875 0.753418 0.671875 0.75293 0.672656 0.751953 0.672656 0.751465 0.674609 0.749023 0.674609 0.748535 0.675 0.748047 0.675 0.747559 0.675391 0.74707 0.675391 0.746094 0.675781 0.745605 0.675781 0.744629 0.676172 0.744141 0.676172 0.743652 0.676562 0.743164 0.676562 0.742676 0.677344 0.741699 0.677344 0.741211 0.678125 0.740234 0.678125 0.739258 0.678516 0.73877 0.678516 0.737793 0.678906 0.737305 0.678906 0.736328 0.679297 0.73584 0.679297 0.735352 0.679688 0.734863 0.679688 0.733887 0.680078 0.733398 0.680078 0.73291 0.680469 0.732422 0.680469 0.730957 0.680859 0.730469 0.680859 0.724121 0.678906 0.72168 0.678516 0.72168
1 0.667188 0.710938 0.665234 0.710938 0.664453 0.711914 0.664062 0.711914 0.663281 0.712891 0.662891 0.712891 0.661328 0.714844 0.661328 0.715332 0.658984 0.718262 0.658594 0.718262 0.656641 0.720703 0.656641 0.721191 0.65625 0.72168 0.65625 0.722656 0.655859 0.723145 0.655859 0.724121 0.655469 0.724609 0.655469 0.725098 0.655078 0.725586 0.655078 0.726074 0.654297 0.727051 0.654297 0.727539 0.653906 0.728027 0.653906 0.729004 0.653516 0.729492 0.653516 0.730957 0.653125 0.731445 0.653125 0.732422 0.652734 0.73291 0.652734 0.733887 0.652344 0.734375 0.652344 0.734863 0.651953 0.735352 0.651953 0.736328 0.651563 0.736816 0.651563 0.739258 0.651172 0.739746 0.651172 0.744141 0.651563 0.744629 0.651563 0.745117 0.653906 0.748047 0.654687 0.748047 0.655078 0.748535 0.658984 0.748535 0.659375 0.748047 0.659766 0.748047 0.660937 0.746582 0.660937 0.746094 0.661719 0.745117 0.661719 0.744629 0.662109 0.744141 0.662109 0.743652 0.6625 0.743164 0.6625 0.742676 0.662891 0.742188 0.662891 0.741211 0.663281 0.740723 0.663281 0.739746 0.663672 0.739258 0.663672 0.738281 0.664062 0.737793 0.664062 0.736328 0.664453 0.73584 0.664453 0.735352 0.664844 0.734863 0.664844 0.734375 0.665234 0.733887 0.665234 0.733398 0.665625 0.73291 0.665625 0.731934 0.666016 0.731445 0.666016 0.730957 0.666406 0.730469 0.666406 0.72998 0.666797 0.729492 0.666797 0.729004 0.667188 0.728516 0.667188 0.728027 0.667578 0.727539 0.667578 0.727051 0.667969 0.726562 0.667969 0.726074 0.66875 0.725098 0.66875 0.724121 0.669141 0.723633 0.669141 0.722656 0.669531 0.722168 0.669531 0.720215 0.669922 0.719727 0.669922 0.71582 0.669531 0.715332 0.669531 0.713867 0.669141 0.713379 0.669141 0.712891 0.668359 0.711914 0.667969 0.711914
1 0.775 0.724609 0.775 0.726074 0.775391 0.726562 0.775391 0.729004 0.775781 0.729492 0.775781 0.72998 0.778516 0.733398 0.778906 0.733398 0.779297 0.733887 0.779687 0.733887 0.780078 0.734375 0.78125 0.734375 0.781641 0.734863 0.783984 0.734863 0.784375 0.735352 0.790234 0.735352 0.790625 0.734863 0.79375 0.734863 0.794141 0.735352 0.794531 0.735352 0.794922 0.734863 0.796875 0.734863 0.797266 0.734375 0.798828 0.734375 0.799219 0.733887 0.799609 0.733887 0.8 0.733398 0.800391 0.733398 0.800781 0.73291 0.801172 0.73291 0.802344 0.731445 0.802344 0.730957 0.802734 0.730469 0.802734 0.729492 0.803125 0.729004 0.803125 0.726562 0.802734 0.726074 0.802734 0.724609 0.802344 0.724121 0.802344 0.723633 0.801953 0.723145 0.801562 0.723145 0.800781 0.722168 0.800391 0.722168 0.799609 0.721191 0.799219 0.721191 0.798828 0.720703 0.798438 0.720703 0.797656 0.719727 0.797266 0.719727 0.796875 0.719238 0.796484 0.719238 0.796094 0.71875 0.795703 0.71875 0.795312 0.718262 0.79375 0.718262 0.793359 0.717773 0.791797 0.717773 0.791406 0.717285 0.783594 0.717285 0.783203 0.717773 0.782422 0.717773 0.782031 0.718262 0.781641 0.718262 0.780859 0.719238 0.780469 0.719238 0.778906 0.721191 0.778516 0.721191 0.777734 0.722168 0.777344 0.722168 0.776953 0.722656 0.776563 0.722656 0.776172 0.723145 0.775781 0.723145 0.775391 0.723633 0.775391 0.724121
1 0.783594 0.689453 0.781641 0.689453 0.78125 0.689941 0.780078 0.689941 0.779687 0.69043 0.779297 0.69043 0.778906 0.690918 0.778516 0.690918 0.776953 0.692871 0.776563 0.692871 0.774609 0.695312 0.774609 0.695801 0.774219 0.696289 0.774219 0.696777 0.773828 0.697266 0.773828 0.697754 0.773438 0.698242 0.773438 0.699707 0.773047 0.700195 0.773047 0.701172 0.772656 0.70166 0.772656 0.702637 0.772266 0.703125 0.772266 0.703613 0.771875 0.704102 0.771875 0.70459 0.771484 0.705078 0.771484 0.70752 0.771094 0.708008 0.771094 0.713379 0.771484 0.713867 0.771484 0.714844 0.771875 0.715332 0.771875 0.71582 0.772266 0.716309 0.772266 0.716797 0.772656 0.717285 0.772656 0.717773 0.774609 0.720215 0.775 0.720215 0.775391 0.719727 0.776172 0.719727 0.777344 0.718262 0.777734 0.718262 0.778125 0.717773 0.778516 0.717773 0.779297 0.716797 0.779687 0.716797 0.780078 0.716309 0.780078 0.71582 0.780469 0.715332 0.780469 0.714844 0.780859 0.714355 0.780859 0.713867 0.78125 0.713379 0.78125 0.712402 0.781641 0.711914 0.781641 0.710938 0.782031 0.710449 0.782031 0.709961 0.782422 0.709473 0.782422 0.708496 0.782813 0.708008 0.782813 0.707031 0.783203 0.706543 0.783203 0.705566 0.783594 0.705078 0.783594 0.704102 0.783984 0.703613 0.783984 0.702148 0.784375 0.70166 0.784375 0.700195 0.784766 0.699707 0.784766 0.697266 0.785156 0.696777 0.785156 0.693848 0.784766 0.693359 0.784766 0.691895 0.784375 0.691406 0.784375 0.69043
1 0.786719 0.696289 0.786719 0.704102 0.787109 0.70459 0.787109 0.705078 0.787891 0.706055 0.788281 0.706055 0.790625 0.708984 0.791797 0.708984 0.792188 0.709473 0.794141 0.709473 0.794922 0.710449 0.794922 0.710938 0.795312 0.711426 0.795312 0.711914 0.796484 0.713379 0.796875 0.713379 0.797266 0.713867 0.797656 0.713867 0.798047 0.714355 0.798828 0.714355 0.799219 0.714844 0.801172 0.714844 0.801562 0.715332 0.803516 0.715332 0.803906 0.714844 0.805859 0.714844 0.80625 0.714355 0.807813 0.714355 0.808203 0.713867 0.808984 0.713867 0.809375 0.713379 0.809766 0.713379 0.810937 0.711914 0.810937 0.711426 0.811328 0.710938 0.811328 0.710449 0.811719 0.709961 0.811719 0.705078 0.811328 0.70459 0.811328 0.704102 0.810937 0.703613 0.810937 0.703125 0.810156 0.702148 0.810156 0.70166 0.809375 0.700684 0.808984 0.700684 0.808203 0.699707 0.807813 0.699707 0.807422 0.699219 0.807031 0.699219 0.806641 0.69873 0.80625 0.69873 0.805469 0.697754 0.805078 0.697754 0.804688 0.697266 0.804297 0.697266 0.803906 0.696777 0.803125 0.696777 0.802734 0.696289 0.801172 0.696289 0.800781 0.695801 0.799219 0.695801 0.798828 0.695312 0.796875 0.695312 0.796484 0.694824 0.794531 0.694824 0.794141 0.694336 0.789062 0.694336 0.788672 0.694824 0.787891 0.694824
1 0.949219 0.914551 0.949219 0.916992 0.95 0.917969 0.95 0.918457 0.951562 0.92041 0.951953 0.92041 0.952344 0.920898 0.952734 0.920898 0.953516 0.921875 0.953906 0.921875 0.954297 0.922363 0.954688 0.922363 0.955078 0.922852 0.955469 0.922852 0.955859 0.92334 0.956641 0.92334 0.957031 0.923828 0.957812 0.923828 0.958203 0.924316 0.958984 0.924316 0.959375 0.924805 0.960547 0.924805 0.960938 0.925293 0.962109 0.925293 0.9625 0.925781 0.964453 0.925781 0.964844 0.92627 0.967187 0.92627 0.967578 0.926758 0.969531 0.926758 0.969922 0.927246 0.976562 0.927246 0.976953 0.926758 0.978906 0.926758 0.979297 0.92627 0.980078 0.92627 0.980469 0.925781 0.980859 0.925781 0.98125 0.925293 0.981641 0.925293 0.982422 0.924316 0.982422 0.923828 0.982812 0.92334 0.982812 0.919434 0.982422 0.918945 0.982422 0.91748 0.982031 0.916992 0.982031 0.916016 0.978516 0.911621 0.978125 0.911621 0.977344 0.910645 0.976953 0.910645 0.976172 0.909668 0.975781 0.909668 0.975 0.908691 0.974219 0.908691 0.973828 0.908203 0.972266 0.908203 0.971875 0.907715 0.967969 0.907715 0.967578 0.907227 0.960938 0.907227 0.960547 0.907715 0.955469 0.907715 0.955078 0.908203 0.954297 0.908203 0.953906 0.908691 0.953516 0.908691 0.953125 0.90918 0.952734 0.90918 0.951562 0.910645 0.951172 0.910645 0.95 0.912109 0.95 0.912598 0.949609 0.913086 0.949609 0.914062
1 0.982422 0.693848 0.978516 0.693848 0.977734 0.694824 0.977734 0.695312 0.976953 0.696289 0.976953 0.697266 0.976562 0.697754 0.976562 0.69873 0.976172 0.699219 0.976172 0.700195 0.975781 0.700684 0.975781 0.701172 0.975391 0.70166 0.975391 0.702148 0.975 0.702637 0.975 0.703125 0.974609 0.703613 0.974609 0.704102 0.974219 0.70459 0.974219 0.706055 0.973828 0.706543 0.973828 0.708008 0.973437 0.708496 0.973437 0.710449 0.973047 0.710938 0.973047 0.725098 0.972656 0.725586 0.972656 0.731934 0.973047 0.732422 0.973047 0.734375 0.973437 0.734863 0.973437 0.73584 0.973828 0.736328 0.973828 0.736816 0.974609 0.737793 0.975 0.737793 0.975391 0.738281 0.975781 0.738281 0.976172 0.73877 0.976562 0.73877 0.976953 0.739258 0.977734 0.739258 0.978125 0.739746 0.978906 0.739746 0.979297 0.739258 0.980078 0.739258 0.980859 0.738281 0.98125 0.738281 0.981641 0.737793 0.982031 0.737793 0.982031 0.737305 0.982812 0.736328 0.982812 0.735352 0.983203 0.734863 0.983203 0.734375 0.983594 0.733887 0.983594 0.733398 0.983984 0.73291 0.983984 0.732422 0.984375 0.731934 0.984375 0.730957 0.984766 0.730469 0.984766 0.729492 0.985156 0.729004 0.985156 0.728027 0.985547 0.727539 0.985547 0.727051 0.985938 0.726562 0.985938 0.726074 0.986328 0.725586 0.986328 0.724121 0.986719 0.723633 0.986719 0.72168 0.987109 0.721191 0.987109 0.719238 0.9875 0.71875 0.9875 0.717285 0.987891 0.716797 0.987891 0.710938 0.9875 0.710449 0.9875 0.706543 0.987109 0.706055 0.987109 0.704102 0.986719 0.703613 0.986719 0.703125 0.986328 0.702637 0.986328 0.70166 0.985938 0.701172 0.985938 0.700684 0.985156 0.699707 0.985156 0.699219 0.984766 0.69873 0.984766 0.698242 0.984375 0.697754 0.984375 0.697266 0.983984 0.696777 0.983984 0.696289 0.983203 0.695312 0.983203 0.694824
1 0.973047 0.348145 0.972656 0.348145 0.972266 0.347656 0.971484 0.347656 0.971094 0.347168 0.970313 0.347168 0.969922 0.347656 0.969141 0.347656 0.96875 0.348145 0.968359 0.348145 0.967969 0.348633 0.967578 0.348633 0.967187 0.349121 0.966797 0.349121 0.964844 0.351562 0.964453 0.351562 0.963672 0.352539 0.963281 0.352539 0.961719 0.354492 0.961719 0.35498 0.957422 0.360352 0.957031 0.360352 0.957031 0.36084 0.955469 0.362793 0.955469 0.363281 0.954688 0.364258 0.954688 0.364746 0.954297 0.365234 0.954297 0.365723 0.953516 0.366699 0.953516 0.367188 0.953125 0.367676 0.953125 0.368164 0.952734 0.368652 0.952734 0.369141 0.952344 0.369629 0.952344 0.370605 0.951953 0.371094 0.951953 0.371582 0.951562 0.37207 0.951562 0.373047 0.951172 0.373535 0.951172 0.374023 0.950781 0.374512 0.950781 0.375 0.950391 0.375488 0.950391 0.376953 0.95 0.377441 0.95 0.380859 0.949609 0.381348 0.949609 0.382324 0.95 0.382812 0.95 0.38623 0.950391 0.386719 0.950391 0.387695 0.950781 0.388184 0.950781 0.388672 0.952344 0.390625 0.952734 0.390625 0.953125 0.391113 0.953516 0.391113 0.953906 0.391602 0.954297 0.391602 0.954688 0.39209 0.957031 0.39209 0.957422 0.391602 0.959375 0.391602 0.960156 0.390625 0.960547 0.390625 0.964063 0.38623 0.964063 0.385742 0.964844 0.384766 0.964844 0.384277 0.965625 0.383301 0.965625 0.382812 0.966406 0.381836 0.966406 0.381348 0.966797 0.380859 0.966797 0.379883 0.967187 0.379395 0.967187 0.378906 0.967578 0.378418 0.967578 0.377441 0.967969 0.376953 0.967969 0.375977 0.968359 0.375488 0.968359 0.375 0.969141 0.374023 0.969141 0.373535 0.969531 0.373047 0.969531 0.372559 0.969922 0.37207 0.969922 0.371582 0.970313 0.371094 0.970313 0.370117 0.970703 0.369629 0.970703 0.369141 0.971094 0.368652 0.971094 0.368164 0.971484 0.367676 0.971484 0.367188 0.971875 0.366699 0.971875 0.366211 0.972266 0.365723 0.972266 0.364746 0.972656 0.364258 0.972656 0.363281 0.973047 0.362793 0.973047 0.361816 0.973437 0.361328 0.973437 0.360352 0.973828 0.359863 0.973828 0.358887 0.974219 0.358398 0.974219 0.355957 0.974609 0.355469 0.974609 0.352051 0.974219 0.351562 0.974219 0.349609
1 0.925781 0.0791016 0.925781 0.0834961 0.926172 0.0839844 0.926172 0.0859375 0.926562 0.0864258 0.926562 0.0874023 0.926953 0.0878906 0.926953 0.0888672 0.927344 0.0893555 0.927344 0.090332 0.927734 0.0908203 0.927734 0.0913086 0.928125 0.0917969 0.928125 0.0922852 0.929688 0.0942383 0.929688 0.0947266 0.930859 0.0961914 0.93125 0.0961914 0.931641 0.0966797 0.932422 0.0966797 0.932813 0.097168 0.933594 0.097168 0.933984 0.0976562 0.935547 0.0976562 0.935937 0.0981445 0.936328 0.0981445 0.936719 0.0976562 0.941406 0.0976562 0.941797 0.097168 0.943359 0.097168 0.94375 0.0966797 0.944531 0.0966797 0.944922 0.0961914 0.945312 0.0961914 0.946094 0.0952148 0.946484 0.0952148 0.946875 0.0947266 0.947266 0.0947266 0.948047 0.09375 0.948438 0.09375 0.948828 0.0932617 0.949219 0.0932617 0.950391 0.0917969 0.950391 0.090332 0.950781 0.0898438 0.950781 0.0878906 0.950391 0.0874023 0.950391 0.0869141 0.947656 0.0834961 0.947266 0.0834961 0.946875 0.0830078 0.946484 0.0830078 0.945703 0.0820312 0.945312 0.0820312 0.944531 0.0810547 0.944141 0.0810547 0.94375 0.0805664 0.943359 0.0805664 0.942969 0.0800781 0.942187 0.0800781 0.941797 0.0795898 0.940625 0.0795898 0.940234 0.0791016 0.939844 0.0791016 0.939453 0.0786133 0.938672 0.0786133 0.935937 0.0751953 0.935547 0.0751953 0.935156 0.074707 0.934375 0.074707 0.933984 0.0742188 0.932813 0.0742188 0.932422 0.0737305 0.930859 0.0737305 0.930469 0.0742188 0.929297 0.0742188 0.928906 0.074707 0.928125 0.074707 0.926953 0.0761719 0.926953 0.0766602 0.926562 0.0771484 0.926562 0.0776367 0.926172 0.078125 0.926172 0.0786133
1 0.4875 0.244141 0.4875 0.247559 0.487891 0.248047 0.487891 0.248535 0.488281 0.248535 0.489063 0.249512 0.489844 0.249512 0.490234 0.25 0.491797 0.25 0.492188 0.250488 0.501172 0.250488 0.501563 0.25 0.502734 0.25 0.503125 0.250488 0.515625 0.250488 0.516016 0.25 0.517969 0.25 0.518359 0.249512 0.519141 0.249512 0.519531 0.249023 0.520312 0.249023 0.520703 0.248535 0.521094 0.248535 0.521875 0.247559 0.521875 0.246582 0.522266 0.246094 0.522266 0.245117 0.522656 0.244629 0.522656 0.242676 0.522266 0.242188 0.522266 0.240234 0.521875 0.239746 0.521875 0.239258 0.521484 0.23877 0.521094 0.23877 0.520312 0.237793 0.519922 0.237793 0.519531 0.237305 0.519141 0.237305 0.51875 0.236816 0.518359 0.236816 0.517969 0.236328 0.517578 0.236328 0.517188 0.23584 0.516406 0.23584 0.516016 0.235352 0.514844 0.235352 0.514453 0.234863 0.5125 0.234863 0.512109 0.234375 0.509766 0.234375 0.509375 0.233887 0.507422 0.233887 0.507031 0.233398 0.504297 0.233398 0.503906 0.23291 0.501172 0.23291 0.500781 0.233398 0.499609 0.233398 0.499219 0.233887 0.498047 0.233887 0.497656 0.234375 0.497266 0.234375 0.496875 0.234863 0.495703 0.234863 0.495312 0.235352 0.494531 0.235352 0.494141 0.23584 0.49375 0.23584 0.491797 0.238281 0.491406 0.238281 0.489453 0.240723 0.489453 0.241211 0.487891 0.243164 0.487891 0.243652
1 0.662109 0.224121 0.658984 0.220703 0.657422 0.220703 0.657031 0.220215 0.651953 0.220215 0.651563 0.220703 0.648828 0.221191 0.648047 0.222168 0.647266 0.222168 0.642188 0.225098 0.640234 0.227539 0.639062 0.228027 0.638281 0.229004 0.635938 0.230469 0.635156 0.230469 0.627344 0.23584 0.627344 0.240234 0.629687 0.241211 0.633594 0.241211 0.633984 0.240723 0.635547 0.240723 0.635938 0.241211 0.639453 0.241211 0.639844 0.241699 0.644531 0.241699 0.644922 0.241211 0.646875 0.241211 0.652734 0.23877 0.653906 0.23877 0.657422 0.234863 0.659766 0.233398 0.661328 0.231445 0.662109 0.229492
1 0.641406 0.243652 0.641016 0.243652 0.640625 0.243164 0.639844 0.243164 0.639453 0.242676 0.638672 0.242676 0.638281 0.242188 0.6375 0.242188 0.637109 0.241699 0.636328 0.241699 0.635938 0.241211 0.633594 0.241211 0.633203 0.241699 0.631641 0.241699 0.63125 0.242188 0.630469 0.242188 0.630078 0.242676 0.629687 0.242676 0.628516 0.244141 0.628125 0.244141 0.627344 0.245117 0.627344 0.245605 0.626563 0.246582 0.626563 0.24707 0.626172 0.247559 0.626172 0.248047 0.625781 0.248535 0.625781 0.249023 0.625391 0.249512 0.625391 0.25 0.624609 0.250977 0.624609 0.251465 0.624219 0.251953 0.624219 0.25293 0.623828 0.253418 0.623828 0.254395 0.623437 0.254883 0.623437 0.255371 0.623047 0.255859 0.623047 0.256348 0.622656 0.256836 0.622656 0.257324 0.622266 0.257812 0.622266 0.258301 0.621875 0.258789 0.621875 0.259277 0.621484 0.259766 0.621484 0.260254 0.621094 0.260742 0.621094 0.261719 0.620703 0.262207 0.620703 0.262695 0.620313 0.263184 0.620313 0.26416 0.619922 0.264648 0.619922 0.265137 0.619531 0.265625 0.619531 0.266602 0.619141 0.26709 0.619141 0.269531 0.619531 0.27002 0.619531 0.271973 0.619922 0.272461 0.619922 0.272949 0.620313 0.273438 0.620313 0.273926 0.622266 0.276367 0.626953 0.276367 0.627344 0.275879 0.628125 0.275879 0.628516 0.275391 0.628906 0.275391 0.629297 0.274902 0.629687 0.274902 0.630078 0.274414 0.630469 0.274414 0.63125 0.273438 0.631641 0.273438 0.632812 0.271973 0.632812 0.271484 0.633203 0.270996 0.633203 0.27002 0.633594 0.269531 0.633594 0.268555 0.633984 0.268066 0.633984 0.26709 0.634766 0.266113 0.634766 0.265625 0.635547 0.264648 0.635547 0.26416 0.635938 0.263672 0.635938 0.263184 0.636328 0.262695 0.636328 0.262207 0.636719 0.261719 0.636719 0.260742 0.637109 0.260254 0.637109 0.259766 0.637891 0.258789 0.637891 0.258301 0.638672 0.257324 0.638672 0.256836 0.639453 0.255859 0.639453 0.254883 0.639844 0.254395 0.639844 0.25293 0.640234 0.252441 0.640234 0.250977 0.640625 0.250488 0.640625 0.25 0.641016 0.249512 0.641016 0.249023 0.641406 0.248535 0.641406 0.246094 0.641797 0.245605 0.641797 0.244141
1 0.13125 0.219727 0.130859 0.219727 0.130469 0.219238 0.130078 0.219238 0.129688 0.219727 0.127734 0.219727 0.127344 0.220215 0.126953 0.220215 0.125781 0.22168 0.125781 0.222168 0.125391 0.222656 0.125391 0.223145 0.124609 0.224121 0.124609 0.224609 0.121484 0.228516 0.121484 0.229004 0.120313 0.230469 0.120313 0.230957 0.117969 0.233887 0.117969 0.234375 0.116016 0.236816 0.116016 0.237305 0.114844 0.23877 0.114844 0.239258 0.114062 0.240234 0.114062 0.240723 0.113281 0.241699 0.113281 0.242188 0.112891 0.242676 0.112891 0.243164 0.1125 0.243652 0.1125 0.244141 0.112109 0.244629 0.112109 0.246094 0.111719 0.246582 0.111719 0.251953 0.112109 0.252441 0.112109 0.25293 0.1125 0.25293 0.113672 0.254395 0.114062 0.254395 0.114453 0.254883 0.115234 0.254883 0.115625 0.255371 0.116016 0.255371 0.116406 0.254883 0.119922 0.254883 0.120313 0.254395 0.121094 0.254395 0.121484 0.253906 0.122266 0.253906 0.122656 0.253418 0.123047 0.253418 0.123438 0.25293 0.123828 0.25293 0.123828 0.252441 0.128516 0.246582 0.128516 0.246094 0.129297 0.245117 0.129297 0.244629 0.130078 0.243652 0.130078 0.243164 0.130469 0.242676 0.130469 0.242188 0.13125 0.241211 0.13125 0.240723 0.131641 0.240234 0.131641 0.239258 0.132031 0.23877 0.132031 0.237305 0.132422 0.236816 0.132422 0.233398 0.132812 0.23291 0.132812 0.223145 0.132422 0.222656 0.132422 0.22168 0.132031 0.221191 0.132031 0.220703
1 0.330078 0.303223 0.328906 0.304688 0.328906 0.305176 0.328516 0.305664 0.328516 0.312012 0.328906 0.3125 0.328906 0.314453 0.329297 0.314941 0.329297 0.316406 0.330195 0.317285 0.329688 0.318848 0.330078 0.319336 0.330078 0.321289 0.330469 0.321777 0.330469 0.327637 0.330859 0.328125 0.330859 0.331055 0.33125 0.331543 0.33125 0.333008 0.331641 0.333496 0.331641 0.333984 0.332031 0.334473 0.332031 0.334961 0.333594 0.336914 0.338672 0.336914 0.339062 0.336426 0.339453 0.336426 0.339844 0.335938 0.340234 0.335938 0.341016 0.334961 0.341406 0.334961 0.342578 0.333496 0.342578 0.333008 0.342969 0.33252 0.342969 0.332031 0.343359 0.331543 0.343359 0.331055 0.34375 0.330566 0.34375 0.330078 0.344141 0.32959 0.344141 0.329102 0.344531 0.328613 0.344531 0.328125 0.344922 0.327637 0.344922 0.32666 0.345313 0.326172 0.345313 0.324219 0.345703 0.32373 0.345703 0.315918 0.345313 0.31543 0.345313 0.314453 0.344922 0.313965 0.344922 0.313477 0.344141 0.3125 0.344141 0.312012 0.34375 0.311523 0.34375 0.311035 0.342969 0.310059 0.342969 0.30957 0.342187 0.308594 0.342187 0.308105 0.340625 0.306152 0.340234 0.306152 0.339453 0.305176 0.339062 0.305176 0.338672 0.304688 0.337891 0.304688 0.3375 0.304199 0.336719 0.304199 0.336328 0.303711 0.335547 0.303711 0.335156 0.303223 0.334375 0.303223 0.333984 0.302734 0.332422 0.302734 0.332031 0.303223
1 0.237109 0.589355 0.236719 0.589355 0.236328 0.588867 0.235937 0.588867 0.235547 0.588379 0.231641 0.588379 0.23125 0.588867 0.230469 0.588867 0.230078 0.589355 0.229297 0.589355 0.228906 0.589844 0.228516 0.589844 0.227734 0.59082 0.227344 0.59082 0.226953 0.591309 0.226953 0.591797 0.226172 0.592773 0.225781 0.592773 0.224609 0.594238 0.224219 0.594238 0.223828 0.594727 0.223438 0.594727 0.222266 0.596191 0.222266 0.59668 0.221094 0.598145 0.221094 0.598633 0.220312 0.599609 0.220312 0.600098 0.219922 0.600586 0.219922 0.601074 0.219531 0.601562 0.219531 0.602051 0.219141 0.602539 0.219141 0.603027 0.21875 0.603516 0.21875 0.605469 0.218359 0.605957 0.218359 0.608887 0.217969 0.609375 0.217969 0.615234 0.218359 0.615723 0.218359 0.617676 0.21875 0.618164 0.21875 0.619141 0.220312 0.621094 0.225 0.621094 0.225391 0.620605 0.225781 0.620605 0.226172 0.620117 0.226562 0.620117 0.227734 0.618652 0.228125 0.618652 0.23125 0.614746 0.23125 0.614258 0.232031 0.613281 0.232031 0.612793 0.232422 0.612305 0.232422 0.611816 0.232813 0.611328 0.232813 0.61084 0.233203 0.610352 0.233203 0.609863 0.233594 0.609375 0.233594 0.608887 0.233984 0.608398 0.233984 0.60791 0.234375 0.607422 0.234375 0.606445 0.234766 0.605957 0.234766 0.605469 0.235156 0.60498 0.235156 0.604004 0.235547 0.603516 0.235547 0.603027 0.236328 0.602051 0.236328 0.601562 0.236719 0.601074 0.236719 0.600586 0.237109 0.600098 0.237109 0.599609 0.2375 0.599121 0.2375 0.598145 0.237891 0.597656 0.237891 0.59668 0.238281 0.596191 0.238281 0.591309 0.2375 0.590332 0.2375 0.589844
1 0.248828 0.44873 0.248438 0.449219 0.248047 0.449219 0.247266 0.450195 0.247266 0.450684 0.246875 0.451172 0.246875 0.45166 0.246094 0.452637 0.246094 0.453125 0.245312 0.454102 0.245312 0.45459 0.244922 0.455078 0.244922 0.456055 0.244531 0.456543 0.244531 0.458496 0.244141 0.458984 0.244141 0.461426 0.24375 0.461914 0.24375 0.465332 0.244141 0.46582 0.244141 0.470215 0.244531 0.470703 0.244531 0.472168 0.244922 0.472656 0.244922 0.473633 0.245312 0.474121 0.245312 0.474609 0.245703 0.475098 0.245703 0.475586 0.246094 0.476074 0.246094 0.477051 0.246484 0.477539 0.246484 0.478027 0.246875 0.478516 0.246875 0.479004 0.25 0.48291 0.250391 0.48291 0.250781 0.483398 0.251172 0.483398 0.251563 0.483887 0.251953 0.483887 0.252344 0.484375 0.253516 0.484375 0.253906 0.484863 0.254297 0.484863 0.254688 0.485352 0.255469 0.485352 0.255859 0.48584 0.257031 0.48584 0.257422 0.485352 0.259375 0.485352 0.259766 0.484863 0.260156 0.484863 0.260937 0.483887 0.260937 0.483398 0.261328 0.48291 0.261328 0.47998 0.260937 0.479492 0.260937 0.478027 0.260547 0.477539 0.260547 0.477051 0.260156 0.476562 0.260156 0.476074 0.259766 0.475586 0.259766 0.474609 0.259375 0.474121 0.259375 0.473633 0.258984 0.473145 0.258984 0.472656 0.258594 0.472168 0.258594 0.470703 0.258203 0.470215 0.258203 0.466797 0.257812 0.466309 0.257812 0.459961 0.257422 0.459473 0.257422 0.456543 0.257031 0.456055 0.257031 0.45459 0.256641 0.454102 0.256641 0.453125 0.255859 0.452148 0.255859 0.45166 0.254297 0.449707 0.253906 0.449707 0.253516 0.449219 0.253125 0.449219 0.252734 0.44873 0.252344 0.44873 0.251953 0.448242 0.250781 0.448242 0.250391 0.44873
1 0.470703 0.712402 0.470703 0.712891 0.470313 0.713379 0.470313 0.714355 0.469922 0.714844 0.469922 0.721191 0.470313 0.72168 0.470313 0.722168 0.471094 0.723145 0.471094 0.723633 0.473047 0.726074 0.473047 0.726562 0.475391 0.729492 0.475781 0.729492 0.478516 0.73291 0.478906 0.73291 0.479297 0.733398 0.479687 0.733398 0.480469 0.734375 0.480859 0.734375 0.481641 0.735352 0.482031 0.735352 0.482812 0.736328 0.483203 0.736328 0.483594 0.736816 0.483984 0.736816 0.484766 0.737793 0.485156 0.737793 0.485938 0.73877 0.486328 0.73877 0.486719 0.739258 0.487109 0.739258 0.4875 0.739746 0.487891 0.739746 0.488281 0.740234 0.488672 0.740234 0.489453 0.741211 0.494141 0.741211 0.494922 0.740234 0.494922 0.73877 0.495312 0.738281 0.495312 0.730957 0.494922 0.730469 0.494922 0.729492 0.494531 0.729004 0.494531 0.728027 0.49375 0.727051 0.49375 0.726562 0.493359 0.726074 0.493359 0.725586 0.492969 0.725098 0.492969 0.724609 0.492188 0.723633 0.492188 0.723145 0.491016 0.72168 0.491016 0.721191 0.490234 0.720215 0.489844 0.720215 0.489063 0.719238 0.488672 0.719238 0.487891 0.718262 0.4875 0.718262 0.486328 0.716797 0.485938 0.716797 0.485156 0.71582 0.484766 0.71582 0.483594 0.714355 0.483203 0.714355 0.482422 0.713379 0.482031 0.713379 0.481641 0.712891 0.48125 0.712891 0.480859 0.712402 0.480078 0.712402 0.479687 0.711914 0.478516 0.711914 0.478125 0.711426 0.476172 0.711426 0.475781 0.710938 0.473828 0.710938 0.473438 0.711426 0.472266 0.711426 0.471875 0.711914 0.471484 0.711914 0.471094 0.712402
1 0.525781 0.646973 0.521875 0.646484 0.517578 0.649414 0.514844 0.655273 0.512109 0.658691 0.511328 0.661133 0.508984 0.665039 0.507422 0.670898 0.50625 0.67334 0.505078 0.677734 0.505078 0.679199 0.504687 0.679688 0.504687 0.686035 0.505859 0.688477 0.507812 0.689453 0.510547 0.689453 0.514062 0.6875 0.516797 0.684082 0.520703 0.677246 0.522656 0.671875 0.523828 0.669922 0.524609 0.665039 0.525391 0.663574 0.526172 0.660645 0.526172 0.65918 0.526563 0.658691 0.526563 0.656738 0.526953 0.65625 0.526953 0.649414
1 0.258984 0.665527 0.257812 0.665527 0.257422 0.665039 0.254688 0.665039 0.254297 0.665527 0.253125 0.665527 0.252734 0.666016 0.252344 0.666016 0.250391 0.668457 0.250391 0.668945 0.25 0.669434 0.25 0.669922 0.246484 0.674316 0.246484 0.674805 0.245703 0.675781 0.245703 0.67627 0.244531 0.677734 0.244531 0.678223 0.244141 0.678711 0.244141 0.679199 0.243359 0.680176 0.243359 0.680664 0.242969 0.681152 0.242969 0.682617 0.242578 0.683105 0.242578 0.685547 0.242188 0.686035 0.242188 0.688477 0.241797 0.688965 0.241797 0.691406 0.242188 0.691895 0.242188 0.695312 0.242578 0.695801 0.242578 0.697266 0.242969 0.697754 0.242969 0.698242 0.244141 0.699707 0.244531 0.699707 0.244922 0.700195 0.245703 0.700195 0.246094 0.700684 0.246875 0.700684 0.247266 0.701172 0.248438 0.701172 0.249219 0.700195 0.249609 0.700195 0.251172 0.698242 0.251563 0.698242 0.252734 0.696777 0.252734 0.696289 0.255469 0.692871 0.255469 0.692383 0.255859 0.691895 0.255859 0.691406 0.256641 0.69043 0.256641 0.689453 0.257422 0.688477 0.257422 0.687988 0.257812 0.6875 0.257812 0.687012 0.258594 0.686035 0.258594 0.685547 0.258984 0.685059 0.258984 0.68457 0.259375 0.684082 0.259375 0.683594 0.259766 0.683105 0.259766 0.682129 0.260156 0.681641 0.260156 0.681152 0.260547 0.680664 0.260547 0.680176 0.260937 0.679688 0.260937 0.678711 0.261328 0.678223 0.261328 0.677734 0.261719 0.677246 0.261719 0.675781 0.262109 0.675293 0.262109 0.671387 0.261719 0.670898 0.261719 0.669434 0.261328 0.668945 0.261328 0.668457 0.260547 0.66748 0.260547 0.666992 0.259766 0.666016 0.259375 0.666016
1 0.584375 0.500488 0.583984 0.5 0.583984 0.499512 0.583594 0.499023 0.583594 0.498535 0.580859 0.495117 0.580469 0.495117 0.580078 0.494629 0.579688 0.494629 0.579297 0.494141 0.578906 0.494141 0.578516 0.493652 0.578125 0.493652 0.577734 0.493164 0.576953 0.493164 0.576562 0.492676 0.574219 0.492676 0.573828 0.492188 0.571484 0.492188 0.571094 0.492676 0.569141 0.492676 0.56875 0.493164 0.566797 0.493164 0.566406 0.493652 0.564844 0.493652 0.564453 0.494141 0.563672 0.494141 0.563281 0.494629 0.562891 0.494629 0.562109 0.495605 0.561719 0.495605 0.560937 0.496582 0.560547 0.496582 0.560156 0.49707 0.559766 0.49707 0.557813 0.499512 0.557813 0.5 0.557031 0.500977 0.557031 0.504883 0.557422 0.505371 0.557422 0.506348 0.559375 0.508789 0.559766 0.508789 0.560156 0.509277 0.561328 0.509277 0.561719 0.509766 0.570312 0.509766 0.570703 0.509277 0.572656 0.509277 0.573047 0.508789 0.575391 0.508789 0.575781 0.508301 0.577344 0.508301 0.577734 0.507812 0.578906 0.507812 0.579297 0.507324 0.580469 0.507324 0.580859 0.506836 0.581641 0.506836 0.582031 0.506348 0.582812 0.506348 0.583984 0.504883 0.583984 0.504395 0.584375 0.503906
1 0.426563 0.574219 0.424219 0.575195 0.423047 0.578613 0.423047 0.581543 0.422656 0.582031 0.422266 0.592773 0.421875 0.593262 0.422656 0.609375 0.423047 0.609863 0.423047 0.611816 0.424219 0.616211 0.425781 0.619141 0.428125 0.621582 0.432031 0.621582 0.433203 0.620117 0.434766 0.615234 0.434766 0.604492 0.434375 0.604004 0.434375 0.601074 0.433984 0.600586 0.433984 0.59668 0.433594 0.596191 0.433594 0.594238 0.432422 0.590332 0.432422 0.587402 0.43125 0.584473 0.430469 0.57959 0.428906 0.575684 0.428125 0.574707
1 0.658594 0.913574 0.657813 0.913574 0.657422 0.914062 0.657031 0.914062 0.656641 0.914551 0.65625 0.914551 0.655859 0.915039 0.655469 0.915039 0.655078 0.915527 0.654687 0.915527 0.652734 0.917969 0.652734 0.918457 0.651563 0.919922 0.651563 0.92041 0.650391 0.921875 0.650391 0.922363 0.649609 0.92334 0.649609 0.923828 0.649219 0.924316 0.649219 0.925781 0.648828 0.92627 0.648828 0.927246 0.648438 0.927734 0.648438 0.929199 0.648047 0.929688 0.648047 0.930664 0.647656 0.931152 0.647656 0.94043 0.648047 0.940918 0.648047 0.942871 0.648438 0.943359 0.648438 0.944336 0.648828 0.944824 0.648828 0.945801 0.649219 0.946289 0.649219 0.946777 0.649609 0.947266 0.649609 0.947754 0.650781 0.949219 0.651172 0.949219 0.651563 0.949707 0.651953 0.949707 0.652734 0.950684 0.653125 0.950684 0.653516 0.951172 0.655078 0.951172 0.657813 0.947754 0.657813 0.947266 0.658203 0.946777 0.658203 0.946289 0.658594 0.945801 0.658594 0.945312 0.658984 0.944824 0.658984 0.943848 0.659375 0.943359 0.659375 0.941895 0.659766 0.941406 0.659766 0.939941 0.660156 0.939453 0.660156 0.937988 0.660547 0.9375 0.660547 0.937012 0.660937 0.936523 0.660937 0.936035 0.661328 0.935547 0.661328 0.933594 0.661719 0.933105 0.661719 0.929688 0.662109 0.929199 0.662109 0.921387 0.661719 0.920898 0.661719 0.918945 0.661328 0.918457 0.661328 0.91748 0.660937 0.916992 0.660937 0.916504 0.660547 0.916016 0.660547 0.915527 0.659375 0.914062 0.658984 0.914062
1 0.8875 0.872559 0.883594 0.872559 0.883203 0.873047 0.882422 0.873047 0.882031 0.873535 0.88125 0.873535 0.880859 0.874023 0.880469 0.874023 0.880078 0.874512 0.879687 0.874512 0.879297 0.875 0.878906 0.875 0.878125 0.875977 0.877734 0.875977 0.876172 0.87793 0.876172 0.878906 0.875781 0.879395 0.875781 0.879883 0.875391 0.880371 0.875391 0.881348 0.875 0.881836 0.875 0.882812 0.874609 0.883301 0.874609 0.883789 0.874219 0.884277 0.874219 0.885742 0.873828 0.88623 0.873828 0.888184 0.873437 0.888672 0.873437 0.890137 0.873047 0.890625 0.873047 0.89209 0.872656 0.892578 0.872656 0.897461 0.873047 0.897949 0.873047 0.900391 0.873437 0.900879 0.873437 0.901367 0.875781 0.904297 0.879297 0.904297 0.879687 0.903809 0.880859 0.903809 0.882422 0.901855 0.882422 0.901367 0.882812 0.900879 0.882812 0.900391 0.883203 0.899902 0.883203 0.899414 0.884375 0.897949 0.884375 0.897461 0.885156 0.896484 0.885156 0.895996 0.885547 0.895508 0.885547 0.894531 0.885938 0.894043 0.885938 0.893555 0.886328 0.893066 0.886328 0.89209 0.886719 0.891602 0.886719 0.891113 0.887109 0.890625 0.887109 0.890137 0.8875 0.889648 0.8875 0.88916 0.887891 0.888672 0.887891 0.888184 0.888281 0.887695 0.888281 0.88623 0.888672 0.885742 0.888672 0.883789 0.889062 0.883301 0.889062 0.880859 0.889453 0.880371 0.889453 0.875 0.889062 0.874512 0.889062 0.874023 0.888281 0.873047 0.887891 0.873047
1 0.970313 0.712402 0.966016 0.712402 0.965625 0.712891 0.965234 0.712891 0.964844 0.713379 0.964063 0.713379 0.963672 0.713867 0.963281 0.713867 0.962891 0.714355 0.9625 0.714355 0.961328 0.71582 0.961328 0.716309 0.960547 0.717285 0.960547 0.717773 0.958984 0.719727 0.958984 0.720215 0.958594 0.720703 0.958594 0.721191 0.958203 0.72168 0.958203 0.722168 0.957812 0.722656 0.957812 0.723633 0.957422 0.724121 0.957422 0.725098 0.957031 0.725586 0.957031 0.727051 0.956641 0.727539 0.956641 0.729004 0.95625 0.729492 0.95625 0.730957 0.955859 0.731445 0.955859 0.733398 0.955469 0.733887 0.955469 0.736328 0.955078 0.736816 0.955078 0.741211 0.954688 0.741699 0.954688 0.745117 0.955078 0.745605 0.955078 0.746582 0.95625 0.748047 0.956641 0.748047 0.957031 0.748535 0.957422 0.748535 0.957812 0.749023 0.959766 0.749023 0.960156 0.748535 0.960938 0.748535 0.961328 0.748047 0.962109 0.748047 0.9625 0.747559 0.963281 0.747559 0.964063 0.746582 0.964453 0.746582 0.967578 0.742676 0.967578 0.742188 0.968359 0.741211 0.968359 0.740723 0.96875 0.740234 0.96875 0.739746 0.969141 0.739258 0.969141 0.738281 0.969531 0.737793 0.969531 0.736328 0.969922 0.73584 0.969922 0.734375 0.970313 0.733887 0.970313 0.732422 0.970703 0.731934 0.970703 0.730469 0.971094 0.72998 0.971094 0.728516 0.971484 0.728027 0.971484 0.725098 0.971875 0.724609 0.971875 0.717773 0.971484 0.717285 0.971484 0.715332 0.971094 0.714844 0.971094 0.713867 0.970703 0.713379 0.970703 0.712891
1 0.543359 0.814941 0.542969 0.814453 0.542969 0.813965 0.542188 0.812988 0.541797 0.812988 0.541016 0.812012 0.540625 0.812012 0.540234 0.811523 0.539844 0.811523 0.539453 0.811035 0.539062 0.811035 0.538672 0.810547 0.537891 0.810547 0.5375 0.810059 0.532422 0.810059 0.532031 0.810547 0.530469 0.810547 0.530078 0.811035 0.528906 0.811035 0.528516 0.811523 0.526563 0.811523 0.526172 0.812012 0.525 0.812012 0.524609 0.8125 0.523828 0.8125 0.523438 0.812988 0.522266 0.812988 0.521875 0.813477 0.520312 0.813477 0.519922 0.813965 0.517969 0.813965 0.517578 0.814453 0.516406 0.814453 0.516016 0.814941 0.515625 0.814941 0.515234 0.81543 0.514453 0.81543 0.514062 0.815918 0.513672 0.815918 0.513281 0.816406 0.5125 0.816406 0.512109 0.816895 0.510938 0.816895 0.510547 0.817383 0.509766 0.817383 0.508594 0.818848 0.508594 0.822266 0.510156 0.824219 0.510547 0.824219 0.511328 0.825195 0.511719 0.825195 0.512109 0.825684 0.5125 0.825684 0.512891 0.826172 0.513281 0.826172 0.513672 0.82666 0.514062 0.82666 0.514453 0.827148 0.515625 0.827148 0.516016 0.827637 0.517578 0.827637 0.517969 0.828125 0.524609 0.828125 0.525 0.827637 0.529297 0.827637 0.529687 0.827148 0.530859 0.827148 0.53125 0.82666 0.532422 0.82666 0.532813 0.826172 0.534375 0.826172 0.534766 0.825684 0.535937 0.825684 0.536328 0.825195 0.537109 0.825195 0.5375 0.824707 0.537891 0.824707 0.538281 0.824219 0.538672 0.824219 0.539844 0.822754 0.540234 0.822754 0.541016 0.821777 0.541016 0.821289 0.542578 0.819336 0.542578 0.818848 0.542969 0.818359 0.542969 0.815918 0.543359 0.81543
1 0.4875 0.372559 0.485938 0.370605 0.485547 0.370605 0.484766 0.369629 0.484375 0.369629 0.483984 0.369141 0.483203 0.369141 0.482812 0.368652 0.481641 0.368652 0.48125 0.368164 0.478516 0.368164 0.478125 0.367676 0.474219 0.367676 0.473828 0.368164 0.469922 0.368164 0.469531 0.368652 0.468359 0.368652 0.467969 0.369141 0.467187 0.369141 0.466797 0.369629 0.465625 0.369629 0.465234 0.370117 0.464453 0.370117 0.464062 0.370605 0.463281 0.370605 0.462891 0.371094 0.462109 0.371094 0.461328 0.37207 0.460938 0.37207 0.460547 0.372559 0.460156 0.372559 0.458594 0.374512 0.458203 0.374512 0.457813 0.375 0.457422 0.375 0.457031 0.375488 0.456641 0.375488 0.45625 0.375977 0.455859 0.375977 0.455469 0.376465 0.455078 0.376465 0.454297 0.377441 0.454297 0.37793 0.453516 0.378906 0.453516 0.379395 0.453125 0.379883 0.453125 0.380371 0.452734 0.380859 0.452734 0.381348 0.451953 0.382324 0.451953 0.382812 0.450391 0.384766 0.450391 0.38623 0.45 0.386719 0.45 0.38916 0.450391 0.389648 0.450391 0.390137 0.450781 0.390137 0.451172 0.390625 0.455859 0.390625 0.45625 0.390137 0.457813 0.390137 0.458203 0.389648 0.459766 0.389648 0.460156 0.38916 0.460938 0.38916 0.461328 0.388672 0.4625 0.388672 0.462891 0.388184 0.464062 0.388184 0.464453 0.387695 0.465234 0.387695 0.465625 0.387207 0.466797 0.387207 0.467187 0.386719 0.467578 0.386719 0.467969 0.38623 0.468359 0.38623 0.46875 0.385742 0.469141 0.385742 0.469531 0.385254 0.469922 0.385254 0.470313 0.384766 0.471094 0.384766 0.471484 0.384277 0.472266 0.384277 0.472656 0.383789 0.473438 0.383789 0.473828 0.383301 0.474609 0.383301 0.475 0.382812 0.475781 0.382812 0.476172 0.382324 0.476562 0.382324 0.476953 0.381836 0.477734 0.381836 0.478125 0.381348 0.478906 0.381348 0.479297 0.380859 0.48125 0.380859 0.481641 0.380371 0.482422 0.380371 0.482812 0.379883 0.483203 0.379883 0.483594 0.379395 0.483984 0.379395 0.484375 0.378906 0.484766 0.378906 0.485547 0.37793 0.485938 0.37793 0.487109 0.376465 0.487109 0.375 0.4875 0.374512
1 0.0609375 0.849121 0.0605469 0.849121 0.0601563 0.848633 0.0582031 0.848633 0.0578125 0.849121 0.0558594 0.849121 0.0550781 0.850098 0.0546875 0.850098 0.0539063 0.851074 0.0535156 0.851074 0.053125 0.851562 0.0527344 0.851562 0.0519531 0.852539 0.0515625 0.852539 0.05 0.854492 0.05 0.85498 0.0488281 0.856445 0.0488281 0.856934 0.0480469 0.85791 0.0480469 0.858398 0.0476562 0.858887 0.0476562 0.859375 0.0472656 0.859863 0.0472656 0.860352 0.046875 0.86084 0.046875 0.861328 0.0464844 0.861816 0.0464844 0.862793 0.0460938 0.863281 0.0460938 0.864258 0.0457031 0.864746 0.0457031 0.865723 0.0453125 0.866211 0.0453125 0.867188 0.0449219 0.867676 0.0449219 0.868652 0.0445313 0.869141 0.0445313 0.870605 0.0449219 0.871094 0.0449219 0.873535 0.0464844 0.875488 0.046875 0.875488 0.0472656 0.875977 0.0476562 0.875977 0.0480469 0.876465 0.0523438 0.876465 0.0527344 0.875977 0.0535156 0.875977 0.0542969 0.875 0.0546875 0.875 0.0550781 0.874512 0.0554687 0.874512 0.05625 0.873535 0.0566406 0.873535 0.0582031 0.871582 0.0582031 0.871094 0.059375 0.869629 0.059375 0.869141 0.0601563 0.868164 0.0601563 0.867188 0.0605469 0.866699 0.0605469 0.866211 0.0609375 0.865723 0.0609375 0.865234 0.0613281 0.864746 0.0613281 0.863281 0.0617188 0.862793 0.0617188 0.86084 0.0621094 0.860352 0.0621094 0.85791 0.0625 0.857422 0.0625 0.852539 0.0621094 0.852051 0.0621094 0.851074 0.0617188 0.850586 0.0617188 0.850098
1 0.657969 0.240771 0.656836 0.240674 0.655898 0.240918 0.655039 0.241309 0.654219 0.241797 0.653477 0.241895 0.652656 0.24248 0.651758 0.242676 0.651016 0.243311 0.650078 0.243701 0.649687 0.244385 0.649219 0.245117 0.648203 0.245117 0.647578 0.245459 0.646719 0.245996 0.646094 0.246484 0.645469 0.246777 0.644922 0.247314 0.644297 0.247803 0.643672 0.248291 0.643359 0.249512 0.642969 0.249512 0.642188 0.250488 0.642188 0.250977 0.641797 0.251465 0.641797 0.251953 0.641406 0.252441 0.641406 0.25293 0.641016 0.253418 0.641016 0.253906 0.640625 0.254395 0.640625 0.254883 0.640234 0.255371 0.640234 0.256348 0.639844 0.256836 0.639844 0.257324 0.639062 0.258301 0.639062 0.258789 0.638672 0.259277 0.638672 0.259766 0.638281 0.260254 0.638047 0.2604 0.637813 0.261328 0.637148 0.262305 0.635547 0.265625 0.635156 0.265625 0.634766 0.266113 0.634766 0.266602 0.633984 0.267578 0.633984 0.269043 0.633594 0.269531 0.633594 0.273438 0.633984 0.273926 0.633984 0.274414 0.634375 0.274902 0.634766 0.274902 0.635156 0.275391 0.638672 0.275391 0.639062 0.274902 0.639453 0.274902 0.640234 0.273926 0.640625 0.273926 0.641016 0.273438 0.641406 0.273438 0.641797 0.272949 0.642188 0.272949 0.642578 0.272461 0.643359 0.272461 0.644531 0.270996 0.644922 0.270996 0.646484 0.269043 0.646875 0.269043 0.647266 0.268555 0.647266 0.268066 0.648047 0.26709 0.648047 0.266602 0.649609 0.264648 0.65 0.264648 0.650781 0.263672 0.651172 0.263672 0.651172 0.263184 0.653125 0.260742 0.653125 0.260254 0.653906 0.259277 0.653906 0.258789 0.654297 0.258301 0.654297 0.257812 0.654687 0.257324 0.654687 0.256836 0.655078 0.256348 0.655078 0.254883 0.655469 0.254395 0.655469 0.25293 0.655859 0.252441 0.655859 0.251465 0.65625 0.250977 0.65625 0.250488 0.657031 0.249512 0.657422 0.249512 0.657813 0.249023 0.658359 0.248193 0.658906 0.246826 0.659141 0.245068 0.659258 0.243164 0.658672 0.241943
