1 0.491016 0.30957 0.489063 0.307617 0.484766 0.307617 0.466406 0.314941 0.459766 0.319336 0.452734 0.32959 0.447266 0.342285 0.442188 0.349121 0.441016 0.35498 0.442578 0.356445 0.448047 0.35498 0.471875 0.336426 0.477734 0.329102 0.491406 0.316895 0.491797 0.3125
1 0.5625 0.368652 0.560547 0.374512 0.563281 0.38623 0.56875 0.402832 0.574219 0.412109 0.577344 0.415527 0.584375 0.42041 0.591406 0.422852 0.595313 0.422852 0.602734 0.428711 0.605469 0.428223 0.60625 0.426758 0.605859 0.422363 0.604297 0.419434 0.576172 0.384766 0.569922 0.375 0.567578 0.369629 0.565625 0.368164
1 0.664844 0.536133 0.662891 0.539062 0.663281 0.546387 0.6625 0.554688 0.665234 0.568848 0.66875 0.578125 0.683984 0.59668 0.688672 0.599121 0.690625 0.598633 0.691797 0.596191 0.691797 0.591797 0.690625 0.588379 0.685937 0.582031 0.672266 0.550293 0.670703 0.54248 0.666797 0.536621
1 0.642188 0.513672 0.638672 0.513184 0.635156 0.515137 0.623828 0.525879 0.618359 0.535156 0.6125 0.548828 0.610547 0.55127 0.604297 0.554688 0.603516 0.55957 0.606641 0.564453 0.611328 0.564453 0.620313 0.560547 0.628906 0.550293 0.634766 0.537109 0.637109 0.526855 0.642969 0.516113
1 0.560547 0.59375 0.557422 0.592285 0.555469 0.592773 0.549219 0.599609 0.536328 0.610352 0.529687 0.620605 0.525781 0.633301 0.525781 0.647461 0.527344 0.649414 0.530078 0.649902 0.532422 0.647461 0.536328 0.637207 0.55625 0.608887 0.561328 0.599121
1 0.380859 0.636719 0.380859 0.641602 0.383594 0.647461 0.40625 0.67627 0.426563 0.696289 0.429297 0.696777 0.431641 0.695312 0.432422 0.691406 0.43125 0.687988 0.425781 0.679199 0.422266 0.670898 0.415234 0.660645 0.410156 0.654785 0.389453 0.63623 0.383984 0.634766
1 0.827734 0.61377 0.826172 0.612305 0.821875 0.611816 0.807031 0.616211 0.795703 0.624023 0.790625 0.631348 0.784375 0.647461 0.783594 0.650879 0.784375 0.658203 0.786328 0.660645 0.791016 0.65918 0.794922 0.652344 0.799219 0.647461 0.802344 0.641113 0.817578 0.628418 0.821484 0.622559 0.827734 0.619141 0.828516 0.617676
1 0.96875 0.485352 0.967187 0.486328 0.967187 0.492676 0.974609 0.522461 0.973437 0.531738 0.973047 0.546387 0.974219 0.549316 0.977734 0.549316 0.980859 0.544922 0.983594 0.537598 0.985156 0.521973 0.984766 0.508789 0.983984 0.504883 0.979297 0.495117 0.971875 0.48584
1 0.955469 0.115234 0.950781 0.115234 0.942578 0.120117 0.935156 0.128906 0.932031 0.13916 0.930859 0.153809 0.926562 0.175781 0.926562 0.181152 0.927734 0.184082 0.932031 0.18457 0.932813 0.183594 0.934375 0.177734 0.934766 0.171875 0.938281 0.162109 0.940234 0.15918 0.941797 0.14502 0.944141 0.140137 0.944922 0.134766 0.948438 0.128906 0.955859 0.120605 0.95625 0.118164
1 0.482031 0.078125 0.476953 0.0844727 0.473828 0.0908203 0.471875 0.0991211 0.471875 0.109863 0.473828 0.119141 0.478516 0.128418 0.484766 0.134766 0.490625 0.13623 0.492188 0.135254 0.492578 0.133301 0.489063 0.125 0.488672 0.110352 0.485547 0.100586 0.486719 0.0869141 0.486328 0.081543 0.484766 0.0791016
1 0.18125 0.0947266 0.181641 0.100586 0.184375 0.105957 0.191016 0.114258 0.194922 0.121094 0.200781 0.125977 0.20625 0.128906 0.223047 0.130859 0.227734 0.132324 0.233203 0.130859 0.232422 0.12793 0.222266 0.120605 0.215234 0.11377 0.205859 0.107422 0.190234 0.0996094 0.185547 0.0947266
1 0.106641 0.109863 0.107031 0.115234 0.112109 0.121582 0.123047 0.130371 0.147266 0.141113 0.153125 0.140137 0.157031 0.135742 0.15625 0.129395 0.149609 0.124512 0.119141 0.115723 0.108203 0.108887
1 0.071875 0.0332031 0.0695313 0.0361328 0.0695313 0.0429688 0.0730469 0.0561523 0.0726563 0.0654297 0.0742188 0.074707 0.0742188 0.0805664 0.0789062 0.090332 0.0804688 0.0913086 0.0851563 0.0913086 0.0867187 0.0898438 0.0871094 0.0820312 0.084375 0.0654297 0.0847656 0.0600586 0.0824219 0.0429688 0.0796875 0.0361328 0.0757812 0.0332031
1 0.258594 0.0566406 0.257031 0.0556641 0.251953 0.0561523 0.242969 0.0649414 0.239844 0.0712891 0.239063 0.0761719 0.234766 0.0888672 0.230859 0.0927734 0.223828 0.0947266 0.222656 0.0996094 0.224219 0.103516 0.229297 0.106445 0.233203 0.106934 0.236719 0.10498 0.241016 0.100586 0.242578 0.0947266 0.245312 0.0913086 0.249609 0.0810547 0.251953 0.0698242 0.255078 0.0649414 0.259375 0.0620117 0.259766 0.0595703
1 0.221484 0.0664062 0.216797 0.0654297 0.215234 0.0668945 0.213672 0.0703125 0.211328 0.0844727 0.209766 0.0883789 0.204687 0.0957031 0.196484 0.0996094 0.195703 0.100586 0.201172 0.105957 0.20625 0.106445 0.213672 0.102051 0.219141 0.0961914 0.221484 0.0874023 0.222656 0.0771484 0.222656 0.0698242
1 0.0421875 0.506348 0.0375 0.507324 0.0355469 0.510742 0.0347656 0.514648 0.0351562 0.540039 0.0332031 0.548828 0.0308594 0.554688 0.0273438 0.55957 0.0269531 0.563965 0.0285156 0.566406 0.034375 0.56543 0.0417969 0.560059 0.0460938 0.553711 0.0492187 0.545898 0.0492187 0.525391 0.0449219 0.508789
1 0.00820313 0.651367 0.00664062 0.657715 0.009375 0.661133 0.0132812 0.660645 0.0214844 0.656738 0.0261719 0.657227 0.0371094 0.663086 0.0441406 0.67627 0.0457031 0.676758 0.046875 0.674805 0.0472656 0.668457 0.0464844 0.662109 0.04375 0.653809 0.040625 0.648926 0.034375 0.644531 0.0289063 0.642578 0.0214844 0.642578 0.0140625 0.645508
1 0.228516 0.867188 0.227344 0.870117 0.227734 0.875 0.230078 0.882324 0.234375 0.891113 0.235547 0.900879 0.239063 0.913086 0.239063 0.916016 0.236328 0.92334 0.235937 0.927246 0.236719 0.929688 0.240234 0.929199 0.247266 0.92041 0.249219 0.916504 0.25 0.908203 0.248438 0.898438 0.245312 0.885742 0.240234 0.875977 0.233203 0.868164
1 0.300781 0.839844 0.299609 0.834961 0.296094 0.830566 0.291406 0.827637 0.286719 0.827637 0.274609 0.831055 0.26875 0.834473 0.262109 0.836426 0.260156 0.837891 0.260156 0.842773 0.2625 0.844727 0.275781 0.844727 0.2875 0.841309 0.290625 0.84375 0.292187 0.852051 0.294141 0.854004 0.296094 0.854004 0.298438 0.851562 0.299609 0.848633
1 0.369922 0.788574 0.369922 0.793945 0.372266 0.796875 0.384375 0.796875 0.396875 0.79834 0.398438 0.799316 0.403516 0.799316 0.404687 0.797852 0.404687 0.793945 0.403906 0.792969 0.398047 0.791016 0.392578 0.785156 0.388281 0.783203 0.380859 0.783691 0.372266 0.786621
1 0.691016 0.818359 0.690234 0.82373 0.700781 0.835449 0.705469 0.837891 0.712109 0.844727 0.725 0.861816 0.727734 0.862793 0.729297 0.861816 0.730078 0.858887 0.729688 0.851562 0.725391 0.842773 0.717187 0.831543 0.708984 0.82373 0.701562 0.819336 0.694531 0.817383
1 0.242188 0.123535 0.241797 0.127441 0.242578 0.130859 0.248828 0.135254 0.253516 0.141602 0.256641 0.142578 0.259375 0.139648 0.259766 0.133789 0.257812 0.12793 0.248047 0.123047 0.244531 0.122559
2 0.338672 0.0629883 0.329297 0.0615234 0.324609 0.0644531 0.323047 0.0693359 0.324219 0.0913086 0.322656 0.0957031 0.317969 0.101074 0.316797 0.104004 0.317578 0.106934 0.319531 0.10791 0.325 0.107422 0.334766 0.0991211 0.336328 0.0913086 0.335156 0.0756836 0.340625 0.0668945
2 0.319141 0.177246 0.317969 0.17627 0.313672 0.176758 0.305078 0.181641 0.297266 0.188965 0.283203 0.195312 0.276953 0.202148 0.277734 0.206055 0.278516 0.207031 0.288281 0.205078 0.303516 0.197754 0.30625 0.193848 0.310937 0.190918 0.316016 0.18457 0.319141 0.179199
2 0.26875 0.135254 0.266016 0.135254 0.262109 0.137207 0.258594 0.144531 0.258594 0.15332 0.256641 0.158691 0.256641 0.169922 0.257812 0.173828 0.258984 0.174805 0.260937 0.174805 0.264453 0.171387 0.271484 0.149902 0.272266 0.144531 0.271875 0.13916
2 0.241797 0.14502 0.239453 0.14502 0.237109 0.147949 0.234375 0.15332 0.226562 0.163086 0.224219 0.168457 0.223047 0.177246 0.223438 0.180176 0.227344 0.189941 0.228906 0.191895 0.232813 0.191895 0.234375 0.189941 0.2375 0.17334 0.24375 0.159668 0.24375 0.147949
2 0.214062 0.202148 0.210938 0.200684 0.207422 0.200684 0.199219 0.20459 0.195312 0.208496 0.1875 0.22168 0.187891 0.223633 0.189453 0.224609 0.194531 0.224121 0.202344 0.219238 0.20625 0.212891 0.214062 0.203613
2 0.187891 0.237793 0.182812 0.23584 0.169141 0.23584 0.161719 0.237793 0.152344 0.245605 0.146484 0.251953 0.141406 0.260254 0.141406 0.262695 0.142578 0.26416 0.146875 0.26416 0.157812 0.253418 0.164844 0.248535 0.1875 0.242676 0.188281 0.241699
2 0.235937 0.247559 0.231641 0.251465 0.229687 0.256836 0.229297 0.265625 0.230859 0.270996 0.235547 0.27832 0.244141 0.283203 0.248828 0.283691 0.251172 0.282227 0.251563 0.280273 0.242188 0.271973 0.240234 0.26709 0.239844 0.260742 0.241797 0.258789 0.248438 0.256836 0.25 0.253906 0.25 0.250977 0.248438 0.249023 0.242969 0.246582
2 0.272266 0.288086 0.267578 0.289062 0.265234 0.291016 0.259766 0.299805 0.254688 0.311035 0.253516 0.320801 0.250781 0.327637 0.249609 0.333496 0.25 0.34082 0.252344 0.343262 0.260156 0.34375 0.25625 0.337402 0.255859 0.333984 0.260547 0.324219 0.261719 0.316406 0.264062 0.310059 0.268359 0.302246 0.273828 0.294922 0.274609 0.290039
2 0.248438 0.338379 0.249609 0.342773 0.251953 0.345215 0.269922 0.348633 0.275391 0.347168 0.285156 0.34082 0.285938 0.339355 0.283984 0.334473 0.267969 0.337891 0.258203 0.336914 0.251172 0.334473
2 0.25 0.30957 0.246875 0.309082 0.242188 0.310547 0.236719 0.31543 0.234766 0.319336 0.227734 0.328125 0.212109 0.353516 0.210938 0.35791 0.211328 0.359863 0.2125 0.360352 0.214844 0.357422 0.217188 0.356445 0.223828 0.347168 0.227734 0.344238 0.236719 0.333496 0.245312 0.319336 0.249609 0.315918 0.250391 0.312988
2 0.204297 0.369141 0.208984 0.370605 0.213672 0.368652 0.220703 0.371094 0.238281 0.37207 0.241016 0.371094 0.242578 0.369141 0.244141 0.365234 0.244141 0.362793 0.241016 0.36084 0.231641 0.361816 0.217578 0.35498 0.215625 0.35498 0.208594 0.359375 0.204687 0.364258
2 0.126172 0.333496 0.126172 0.335449 0.130859 0.34082 0.138281 0.346191 0.148438 0.351562 0.155469 0.352539 0.160547 0.35498 0.166797 0.355469 0.173828 0.353516 0.177344 0.350098 0.177344 0.348145 0.173437 0.344727 0.16875 0.344727 0.154297 0.341797 0.141406 0.336914 0.132031 0.332031 0.128125 0.332031
2 0.131641 0.350098 0.131641 0.354492 0.135547 0.355957 0.141797 0.360352 0.165234 0.387207 0.16875 0.389648 0.171484 0.389648 0.173437 0.388184 0.173437 0.383301 0.170703 0.377441 0.147656 0.351074 0.138281 0.347656 0.134375 0.347656
2 0.111719 0.360352 0.110547 0.360352 0.108594 0.36377 0.108594 0.370117 0.109766 0.376465 0.109375 0.387695 0.104688 0.39502 0.101172 0.397461 0.101172 0.400879 0.102734 0.403809 0.107813 0.403809 0.113672 0.399902 0.117188 0.39502 0.119141 0.389648 0.119922 0.376953 0.114453 0.364258
2 0.134375 0.25293 0.130078 0.251465 0.128516 0.256836 0.125781 0.275391 0.124219 0.279297 0.121875 0.281738 0.117578 0.283203 0.112891 0.290039 0.112891 0.29541 0.114453 0.297363 0.127344 0.300293 0.133984 0.296875 0.141406 0.285156 0.141406 0.279785 0.139844 0.275391 0.139453 0.265137 0.136328 0.255371
2 0.2 0.411621 0.198047 0.410156 0.192578 0.411133 0.183203 0.419434 0.175781 0.429199 0.165234 0.447266 0.161719 0.451172 0.160938 0.457031 0.162109 0.458008 0.166406 0.458008 0.171875 0.453613 0.182422 0.4375 0.194531 0.422852 0.198437 0.416992
2 0.226953 0.394043 0.225 0.396973 0.225781 0.402344 0.240234 0.432129 0.253906 0.44873 0.255078 0.45166 0.260547 0.458496 0.2625 0.459473 0.265234 0.458984 0.266406 0.45752 0.266406 0.455078 0.263281 0.443848 0.260547 0.437988 0.251172 0.429199 0.249609 0.425293 0.239844 0.410645 0.235156 0.401855 0.233594 0.396973 0.229687 0.393555
2 0.248047 0.39502 0.246094 0.397461 0.245312 0.400391 0.245312 0.408691 0.247656 0.41748 0.248047 0.422363 0.251172 0.424316 0.254297 0.429688 0.257422 0.442871 0.257031 0.452637 0.260937 0.458496 0.264453 0.459961 0.266797 0.45752 0.264844 0.447266 0.264453 0.435059 0.260937 0.422852 0.258594 0.419434 0.254688 0.40918 0.251563 0.39502
2 0.283594 0.38916 0.275781 0.394043 0.270703 0.39502 0.263281 0.400391 0.261328 0.403809 0.260937 0.408691 0.263281 0.415039 0.265234 0.41748 0.267188 0.42334 0.270703 0.426758 0.273438 0.42627 0.275 0.423828 0.274609 0.420898 0.271484 0.416016 0.271484 0.410645 0.274219 0.407715 0.282422 0.405273 0.285156 0.402832 0.285938 0.396484 0.285156 0.39209
2 0.310156 0.385254 0.307031 0.386719 0.305859 0.388672 0.301172 0.418945 0.3 0.421875 0.291406 0.431152 0.290625 0.4375 0.291797 0.438477 0.296875 0.438477 0.303125 0.43457 0.308594 0.424316 0.310937 0.416504 0.313281 0.402344 0.312109 0.389648
2 0.359375 0.41748 0.357422 0.415527 0.352344 0.416504 0.344922 0.423828 0.339062 0.426758 0.334375 0.426758 0.318359 0.420898 0.314844 0.421387 0.314063 0.42334 0.317188 0.432617 0.322656 0.438477 0.327344 0.44043 0.334766 0.44043 0.351172 0.432129 0.357812 0.424316
2 0.411328 0.376465 0.407422 0.383301 0.407422 0.39502 0.406641 0.399902 0.405078 0.40332 0.40625 0.412598 0.409375 0.419434 0.412891 0.424316 0.415234 0.425781 0.419531 0.425781 0.421094 0.424316 0.421484 0.421387 0.414844 0.407715 0.413672 0.378906 0.412891 0.376465
2 0.446484 0.361816 0.445703 0.363281 0.446094 0.370605 0.450781 0.381348 0.455078 0.388184 0.459375 0.393066 0.466406 0.398438 0.470703 0.400391 0.472656 0.399902 0.473438 0.396484 0.472266 0.392578 0.461719 0.380371 0.448437 0.362305
2 0.501172 0.366699 0.496484 0.365723 0.487109 0.368652 0.480859 0.374512 0.476562 0.383789 0.474219 0.393555 0.473828 0.403809 0.475 0.407227 0.478125 0.407227 0.480469 0.396973 0.483203 0.39209 0.486328 0.382812 0.490234 0.378418 0.496484 0.375 0.501563 0.369629
2 0.478125 0.413086 0.475 0.413574 0.469531 0.42041 0.466406 0.422852 0.460938 0.432617 0.457422 0.442383 0.45625 0.452637 0.457813 0.455078 0.460156 0.454102 0.461719 0.446289 0.478906 0.421875 0.480078 0.41748
2 0.588281 0.308105 0.587109 0.307617 0.583594 0.30957 0.580859 0.317383 0.569531 0.341309 0.552344 0.369629 0.560937 0.370605 0.573047 0.354004 0.578516 0.343262 0.588672 0.316406 0.589063 0.30957
2 0.409375 0.236816 0.410547 0.241699 0.411719 0.243164 0.419531 0.247559 0.433984 0.25293 0.443359 0.259766 0.454688 0.26416 0.456641 0.263672 0.457422 0.262207 0.455859 0.255371 0.453906 0.251953 0.440234 0.240723 0.428516 0.236816 0.410938 0.235352
2 0.415625 0.279785 0.411328 0.289062 0.407422 0.304199 0.407813 0.30957 0.411328 0.320312 0.418359 0.328125 0.424609 0.331543 0.426953 0.330566 0.426953 0.32959 0.422266 0.320801 0.419141 0.305664 0.419922 0.296875 0.422656 0.291016 0.422656 0.282227 0.419922 0.279297
2 0.444531 0.264648 0.435156 0.265625 0.428906 0.270996 0.425781 0.277344 0.421094 0.280762 0.424219 0.287109 0.427344 0.286621 0.435547 0.277344 0.439844 0.276855 0.444922 0.26709
2 0.459766 0.297852 0.458984 0.296875 0.454297 0.296875 0.448047 0.299316 0.444141 0.304199 0.440234 0.307129 0.434766 0.308594 0.423438 0.308105 0.421875 0.306641 0.420312 0.300293 0.419141 0.299805 0.419141 0.310547 0.420312 0.312988 0.422656 0.312012 0.424609 0.3125 0.426563 0.316406 0.43125 0.320801 0.439063 0.323242 0.44375 0.322754 0.454688 0.30957 0.457031 0.304199 0.459766 0.300781
2 0.43125 0.324219 0.428906 0.327637 0.426563 0.329102 0.429297 0.336426 0.427734 0.352051 0.428125 0.363281 0.43125 0.36377 0.432422 0.362305 0.438281 0.348633 0.437109 0.344727 0.437891 0.339355 0.436953 0.334961 0.437109 0.332813 0.436719 0.330566 0.436719 0.327148 0.435937 0.325195
2 0.485938 0.156738 0.485156 0.15918 0.491797 0.174805 0.495703 0.1875 0.501172 0.196289 0.505078 0.208496 0.507031 0.209961 0.510547 0.209473 0.511328 0.20752 0.510938 0.202637 0.507812 0.193359 0.507031 0.1875 0.499219 0.167969 0.494531 0.161133 0.490234 0.157715
2 0.457813 0.121094 0.452344 0.121094 0.449219 0.124512 0.440625 0.15918 0.441016 0.175293 0.439844 0.183594 0.441797 0.185547 0.444141 0.185547 0.447266 0.179199 0.447266 0.17334 0.451953 0.161621 0.456641 0.135742 0.460938 0.125977 0.460156 0.122559
2 0.456641 0.046875 0.455078 0.0463867 0.453125 0.0483398 0.449609 0.0571289 0.442188 0.0698242 0.4375 0.0849609 0.432031 0.090332 0.431641 0.0947266 0.434766 0.0966797 0.440234 0.0961914 0.44375 0.0942383 0.448437 0.0888672 0.458984 0.0527344 0.458984 0.050293
2 0.519922 0 0.519922 0.00244141 0.523438 0.00830078 0.528906 0.0126953 0.533203 0.0146484 0.539844 0.0224609 0.543359 0.0239258 0.548438 0.0239258 0.550781 0.0219727 0.550781 0.015625 0.549219 0.0136719 0.54375 0.0107422 0.537891 0.00488281 0.53125 0.00244141 0.530469 0
2 0.659375 0.0161133 0.643359 0.00878906 0.633594 0.00927734 0.630078 0.0107422 0.625781 0.0170898 0.622266 0.0332031 0.622656 0.0400391 0.623828 0.0410156 0.626953 0.0395508 0.628516 0.0375977 0.632422 0.0253906 0.635156 0.0219727 0.638672 0.0200195 0.645703 0.0219727 0.651172 0.0219727 0.658203 0.0195312 0.659375 0.0180664
2 0.689844 0.0991211 0.685547 0.100586 0.681641 0.118652 0.673047 0.138184 0.671484 0.144531 0.667578 0.148926 0.666797 0.154297 0.66875 0.156738 0.670703 0.156738 0.679297 0.149414 0.683594 0.144043 0.685937 0.134766 0.691406 0.120117 0.691797 0.106934
2 0.725781 0.147949 0.722266 0.144043 0.717578 0.142578 0.714063 0.138672 0.709766 0.136719 0.704688 0.136719 0.697266 0.143066 0.691797 0.150879 0.687109 0.163086 0.687109 0.168945 0.687891 0.169922 0.690234 0.169922 0.695312 0.166016 0.705078 0.152832 0.709766 0.149414 0.713281 0.147949 0.720703 0.147461 0.723828 0.149902 0.725391 0.149902
2 0.732422 0.0957031 0.729688 0.0961914 0.728906 0.0991211 0.731641 0.111328 0.731641 0.118164 0.721484 0.147949 0.722656 0.150391 0.725 0.151367 0.728516 0.150879 0.730469 0.148926 0.741406 0.122559 0.741016 0.108398
2 0.778125 0.0898438 0.776172 0.0942383 0.778125 0.101562 0.784766 0.111816 0.788672 0.120605 0.793359 0.12793 0.798047 0.132324 0.8 0.131836 0.801953 0.129395 0.802734 0.126465 0.802734 0.119141 0.8 0.109375 0.795312 0.101074 0.787891 0.0932617 0.782422 0.0898438
2 0.863672 0.180664 0.861719 0.178223 0.853906 0.178711 0.847656 0.180664 0.842578 0.18457 0.839453 0.185547 0.833984 0.185547 0.828125 0.183105 0.825391 0.183105 0.824219 0.185059 0.823828 0.188477 0.833203 0.19873 0.836719 0.200195 0.840234 0.200195 0.844531 0.19873 0.851172 0.192383 0.860938 0.1875 0.863281 0.18457
2 0.797656 0.166016 0.796094 0.169434 0.799219 0.1875 0.800391 0.202637 0.800391 0.214844 0.799219 0.223145 0.8 0.227051 0.803906 0.228027 0.807422 0.224121 0.810156 0.217285 0.811328 0.208496 0.810547 0.186523 0.809766 0.182617 0.803516 0.168945 0.8 0.166016
2 0.794531 0.226074 0.792578 0.222656 0.789062 0.221191 0.782813 0.221191 0.776172 0.224121 0.765625 0.232422 0.760156 0.238281 0.755469 0.241211 0.751953 0.246094 0.751953 0.247559 0.754297 0.25 0.764453 0.248535 0.792969 0.229004
1 0.649219 0.217285 0.649219 0.22168 0.650391 0.223145 0.655078 0.223145 0.658203 0.221191 0.673047 0.218262 0.677734 0.219238 0.68125 0.221191 0.685156 0.228027 0.688672 0.231934 0.689844 0.231445 0.690625 0.228516 0.690234 0.223145 0.687891 0.217773 0.683594 0.212891 0.677344 0.208984 0.667188 0.208496 0.657813 0.211914 0.654687 0.211914
2 0.727734 0.37793 0.726172 0.381348 0.726172 0.384277 0.727734 0.387695 0.746484 0.408203 0.749219 0.414551 0.751172 0.415527 0.753125 0.415039 0.755078 0.412598 0.756641 0.404785 0.75625 0.400879 0.753125 0.394531 0.747656 0.388184 0.742969 0.385742 0.733594 0.378418
2 0.773828 0.285645 0.771094 0.288086 0.770703 0.29248 0.777344 0.307617 0.777344 0.31543 0.780859 0.333984 0.788281 0.350586 0.789062 0.35498 0.791016 0.356445 0.792578 0.354004 0.792578 0.343262 0.786719 0.305664 0.780078 0.289062 0.776172 0.285645
2 0.814063 0.273438 0.811328 0.271973 0.809766 0.272949 0.805859 0.283203 0.799219 0.291016 0.79375 0.300293 0.794141 0.31543 0.793359 0.320801 0.794531 0.32373 0.798047 0.321289 0.799219 0.318848 0.8 0.30957 0.801562 0.304688 0.815625 0.286621 0.816016 0.278809
2 0.844922 0.277832 0.841406 0.28125 0.841406 0.286621 0.843359 0.297363 0.842578 0.334473 0.844922 0.338379 0.846484 0.338867 0.849219 0.336914 0.850391 0.334473 0.849609 0.32959 0.852734 0.321289 0.854297 0.300293 0.853516 0.296387 0.850781 0.290527 0.85 0.279785 0.846875 0.277832
2 0.878516 0.303711 0.876172 0.302734 0.869922 0.305176 0.867578 0.30957 0.866016 0.319824 0.8625 0.32959 0.860938 0.331055 0.853906 0.333496 0.85 0.333496 0.848828 0.335938 0.848828 0.340332 0.858984 0.342773 0.871094 0.339355 0.875391 0.316406 0.878906 0.306152
2 0.883984 0.341309 0.874609 0.34082 0.869531 0.338867 0.862109 0.344727 0.856641 0.345703 0.854297 0.348145 0.851953 0.355957 0.848437 0.359375 0.845703 0.364746 0.848047 0.366699 0.850391 0.366699 0.851953 0.365234 0.854688 0.357422 0.857031 0.354492 0.866016 0.353027 0.86875 0.351074 0.88125 0.34668 0.883984 0.344727
2 0.83125 0.364746 0.833594 0.367676 0.838281 0.367676 0.848437 0.370605 0.853906 0.368652 0.873047 0.370117 0.883203 0.366211 0.884766 0.364746 0.885156 0.362793 0.883984 0.36084 0.881641 0.359863 0.871875 0.359863 0.869531 0.358398 0.864453 0.358887 0.862109 0.357422 0.857031 0.358398 0.854688 0.356445 0.851953 0.356445 0.845703 0.360352 0.837109 0.359863 0.832422 0.362305
2 0.912109 0.333496 0.909766 0.335449 0.908594 0.341309 0.902344 0.357422 0.892969 0.373535 0.895312 0.377441 0.9 0.377441 0.904687 0.374512 0.910547 0.364746 0.915234 0.354004 0.916406 0.343262
2 0.973437 0.242188 0.970313 0.241699 0.965625 0.245117 0.962109 0.249023 0.953906 0.262207 0.95 0.266113 0.94375 0.277344 0.938672 0.28418 0.938281 0.286621 0.940234 0.289551 0.942578 0.291504 0.948047 0.291504 0.953516 0.288086 0.957031 0.283691 0.962891 0.271973 0.96875 0.263672 0.973047 0.254395 0.975 0.246582
2 0.991016 0.367188 0.989844 0.366211 0.984375 0.366211 0.977344 0.369141 0.9625 0.386719 0.959766 0.388672 0.951172 0.391602 0.95 0.393066 0.950391 0.398926 0.954297 0.401855 0.961328 0.401855 0.966406 0.399414 0.978516 0.383301 0.989844 0.372559 0.991016 0.370117
2 0.940625 0.439941 0.941016 0.442383 0.942969 0.444824 0.948828 0.449219 0.954688 0.450684 0.967969 0.456543 0.970703 0.456543 0.978516 0.453613 0.980469 0.451172 0.98125 0.448242 0.980859 0.445801 0.978125 0.442871 0.958203 0.4375 0.942578 0.436035 0.941016 0.4375
1 0.950391 0.121094 0.949609 0.124023 0.946875 0.127441 0.943359 0.134766 0.940234 0.143555 0.940625 0.149414 0.939063 0.152832 0.939844 0.163574 0.94375 0.168945 0.946094 0.178223 0.947656 0.179688 0.952344 0.180176 0.954297 0.178223 0.954688 0.175293 0.953125 0.162598 0.953516 0.148926 0.958984 0.135254 0.959766 0.129395 0.955078 0.123535
2 0.582812 0.39209 0.583594 0.394043 0.585938 0.395508 0.586719 0.398926 0.590234 0.402344 0.598047 0.413574 0.603125 0.416992 0.607031 0.415039 0.616406 0.413574 0.622656 0.408691 0.626563 0.407715 0.628906 0.404297 0.628125 0.401855 0.624219 0.400879 0.609766 0.401367 0.593359 0.396973 0.587109 0.39209
2 0.960156 0.602539 0.960156 0.604492 0.962891 0.60791 0.980469 0.619629 0.991406 0.622559 1 0.622559 1 0.614258 0.991797 0.612793 0.966797 0.600586 0.962891 0.600586
2 0.9625 0.622559 0.966797 0.632812 0.970703 0.637207 0.975 0.640137 0.985547 0.644043 0.994922 0.64502 1 0.641602 1 0.640625 0.998437 0.640137 0.998437 0.637695 0.996875 0.63623 0.982031 0.631348 0.967578 0.620117 0.964063 0.620605
2 0.882422 0.579102 0.883594 0.585449 0.887891 0.588379 0.895312 0.587891 0.907031 0.582031 0.909766 0.57959 0.908594 0.577637 0.902734 0.57666 0.883984 0.577637
2 0.866016 0.70752 0.863672 0.70752 0.860156 0.710449 0.843359 0.738281 0.839844 0.748535 0.839844 0.750977 0.841406 0.753906 0.846094 0.751465 0.850391 0.74707 0.853516 0.740723 0.860547 0.730469 0.866016 0.717285 0.867188 0.711426
2 1 0.729492 0.994141 0.729492 0.988672 0.730957 0.982031 0.728027 0.975 0.728516 0.967578 0.73291 0.951172 0.739258 0.942969 0.745605 0.940625 0.746582 0.935156 0.746094 0.93125 0.747559 0.930078 0.750488 0.935156 0.756836 0.939063 0.758789 0.94375 0.759277 0.947656 0.757812 0.970313 0.743164 0.978125 0.739258 1 0.743164
2 0.904687 0.791016 0.903125 0.791016 0.899609 0.793945 0.898047 0.80127 0.891797 0.813965 0.889844 0.823242 0.889844 0.829102 0.891797 0.830566 0.894141 0.830078 0.899219 0.823242 0.9 0.818848 0.902734 0.812988 0.905859 0.795898 0.905859 0.79248
2 0.876563 0.807617 0.876563 0.8125 0.880078 0.827637 0.880078 0.833008 0.883594 0.842773 0.890625 0.853516 0.896094 0.85791 0.9 0.858398 0.900391 0.855469 0.899609 0.852539 0.89375 0.841797 0.892578 0.833984 0.887891 0.830078 0.886719 0.826172 0.884375 0.822754 0.881641 0.810059 0.878125 0.807617
2 0.752344 0.808105 0.755078 0.814453 0.760938 0.819336 0.769531 0.823242 0.773828 0.823242 0.782422 0.818359 0.791406 0.808594 0.795312 0.803223 0.795312 0.79834 0.788672 0.797852 0.776953 0.804688 0.769922 0.806152 0.767969 0.805664 0.766406 0.803711 0.767188 0.797852 0.764844 0.79541 0.7625 0.79541 0.755469 0.798828 0.752344 0.802734
2 0.719922 0.678223 0.71875 0.681641 0.71875 0.691406 0.719922 0.696289 0.724219 0.702637 0.728125 0.706543 0.736328 0.711426 0.750781 0.715332 0.755859 0.714844 0.756641 0.712402 0.755859 0.709473 0.732031 0.694336 0.729297 0.690918 0.727344 0.686035 0.727344 0.681152 0.726172 0.676758 0.725 0.675293 0.722266 0.675781
2 0.667188 0.880859 0.664062 0.879395 0.660547 0.879395 0.653906 0.882812 0.643359 0.894531 0.633203 0.899414 0.632031 0.900879 0.633203 0.907227 0.638281 0.911621 0.644922 0.913086 0.65 0.912598 0.654297 0.910156 0.657422 0.905273 0.660937 0.89209 0.666016 0.88623 0.667578 0.882324
2 0.828125 0.987793 0.825781 0.982422 0.821094 0.97998 0.817187 0.97998 0.80625 0.98291 0.794531 0.990234 0.789453 0.998047 0.789453 1 0.826172 1 0.828125 0.998047 0.828516 0.996094
2 0.780078 0.961426 0.778516 0.961426 0.774609 0.966797 0.766406 0.981445 0.763672 0.989746 0.762891 0.99707 0.763672 1 0.773828 1 0.775 0.989258 0.78125 0.970703 0.781641 0.963379
2 0.696484 0.984863 0.695703 0.990723 0.697656 0.997559 0.704688 0.997559 0.707812 1 0.721875 1 0.722266 0.999023 0.715234 0.987793 0.709766 0.981934 0.705859 0.979492 0.700781 0.97998
2 0.609766 0.973633 0.610156 0.976562 0.614844 0.980469 0.627734 0.980469 0.633984 0.98291 0.645703 0.993652 0.647266 0.993652 0.649609 0.990234 0.648438 0.983398 0.646484 0.979492 0.639844 0.972656 0.63125 0.966309 0.626172 0.966309 0.619141 0.971191
2 0.596484 0.950684 0.594922 0.950684 0.591406 0.953613 0.589844 0.957031 0.582422 0.964844 0.574219 0.978027 0.567578 0.985352 0.566406 0.988281 0.567187 0.990234 0.571875 0.992676 0.575781 0.992188 0.578516 0.990723 0.583594 0.984863 0.586719 0.97998 0.589063 0.972168 0.592969 0.966309 0.596875 0.957031 0.597266 0.952637
2 0.5625 0.984863 0.5625 0.983398 0.558203 0.978516 0.547656 0.974609 0.54375 0.974609 0.528125 0.979004 0.521875 0.979004 0.521094 0.97998 0.521484 0.984863 0.524609 0.988281 0.528516 0.989746 0.542188 0.987793 0.550781 0.984863 0.55625 0.986328
2 0.469141 0.978516 0.473438 0.98877 0.48125 0.992676 0.491016 0.993164 0.493359 0.992188 0.501563 0.992188 0.505859 0.994141 0.514062 0.995117 0.516406 0.990234 0.516406 0.987305 0.515234 0.98584 0.508594 0.982422 0.492969 0.980957 0.480078 0.981445 0.471484 0.976562
2 0.561719 0.90625 0.558203 0.906738 0.554297 0.910645 0.550781 0.916504 0.548828 0.925781 0.548828 0.930176 0.550781 0.93457 0.55 0.943359 0.552344 0.959473 0.556641 0.96875 0.558984 0.967773 0.559766 0.964355 0.559766 0.956543 0.557813 0.944336 0.557031 0.920898 0.558594 0.916992 0.5625 0.911621
1 0.516016 0.876953 0.516797 0.881836 0.520312 0.88623 0.522266 0.901367 0.528125 0.921387 0.540234 0.932617 0.544531 0.935547 0.546094 0.935547 0.546875 0.93457 0.546875 0.929688 0.544922 0.927246 0.541797 0.919922 0.538672 0.916992 0.534375 0.910156 0.530078 0.896973 0.523438 0.880859 0.521094 0.877441
1 0.505469 0.881348 0.501563 0.885254 0.501172 0.887207 0.505859 0.902832 0.507422 0.911133 0.508203 0.939941 0.512891 0.95459 0.514453 0.964844 0.516797 0.968262 0.517969 0.968262 0.51875 0.966797 0.51875 0.932617 0.519922 0.919434 0.519531 0.903809 0.518359 0.898438 0.512109 0.885254 0.508984 0.882324
1 0.491016 0.944336 0.490234 0.95166 0.491797 0.958984 0.49375 0.963379 0.497266 0.967773 0.505078 0.970703 0.510156 0.974609 0.51875 0.977051 0.520703 0.978516 0.522266 0.978516 0.524219 0.975586 0.523828 0.970215 0.522266 0.967773 0.517188 0.964844 0.509375 0.962891 0.501172 0.955078 0.494531 0.942871
2 0.403125 0.994141 0.4 0.986816 0.395703 0.985352 0.389453 0.989258 0.383984 0.998047 0.383984 1 0.402734 1 0.403516 0.998535
2 0.338281 0.962402 0.335938 0.963867 0.337109 0.969238 0.34375 0.974121 0.347656 0.979004 0.345703 0.984863 0.337891 0.993652 0.338281 0.998047 0.341406 0.998047 0.357031 0.989258 0.359766 0.984375 0.360156 0.979004 0.358984 0.974609 0.353516 0.968262 0.344922 0.963379
2 0.293359 0.984375 0.293359 0.98877 0.294922 0.990723 0.299219 0.989258 0.30625 0.990234 0.309375 0.991699 0.314844 0.991699 0.317578 0.993164 0.321875 0.992188 0.325781 0.993652 0.33125 0.992676 0.334375 0.994629 0.338672 0.994629 0.338672 0.992676 0.336328 0.990723 0.335156 0.987793 0.328516 0.986816 0.321875 0.98291 0.299219 0.981934 0.295312 0.982422
2 0.170703 0.939453 0.164062 0.938965 0.152344 0.94043 0.142969 0.944336 0.135937 0.945312 0.125 0.949219 0.118359 0.95459 0.116797 0.958984 0.117188 0.962891 0.125781 0.972656 0.126172 0.974609 0.128516 0.976562 0.130078 0.980469 0.132031 0.980469 0.132812 0.978027 0.13125 0.974121 0.130859 0.965332 0.133203 0.961914 0.138672 0.958496 0.153906 0.95459 0.167187 0.947266 0.169141 0.944824
1 0.0855469 0.950684 0.084375 0.954102 0.0839844 0.960449 0.0914062 0.969238 0.0957031 0.97168 0.103125 0.973633 0.108984 0.973633 0.112109 0.972168 0.116016 0.965332 0.116016 0.959961 0.113281 0.95459 0.107813 0.949219 0.103125 0.946289 0.0957031 0.945312 0.0886719 0.947754
2 0.0710937 0.950684 0.0707031 0.955566 0.0714844 0.957031 0.0808594 0.961914 0.0839844 0.965332 0.0867187 0.966309 0.0941406 0.976074 0.0949219 0.979492 0.0972656 0.982422 0.105078 0.998047 0.109375 1 0.114062 1 0.115234 0.998535 0.112891 0.989746 0.10625 0.978516 0.10625 0.975098 0.102734 0.973633 0.0953125 0.967773 0.0863281 0.956543 0.0847656 0.95166 0.0800781 0.952637 0.0765625 0.950195 0.071875 0.949707
2 0.0574219 0.915527 0.0546875 0.916992 0.0527344 0.919922 0.0503906 0.930664 0.05 0.944824 0.0480469 0.954102 0.0457031 0.97998 0.0421875 0.991211 0.0417969 0.998535 0.0445313 1 0.0542969 1 0.0554687 0.998047 0.05625 0.973633 0.0574219 0.969238 0.0589844 0.95166 0.0582031 0.932617 0.0597656 0.925781 0.0597656 0.918945 0.0589844 0.916504
1 0.208203 0.795898 0.205469 0.79834 0.205469 0.802734 0.211328 0.827148 0.212109 0.838379 0.210156 0.862793 0.213281 0.864258 0.216016 0.857422 0.219922 0.852051 0.221094 0.834961 0.223047 0.831055 0.223438 0.828125 0.221484 0.823242 0.219531 0.813477 0.213281 0.798828 0.210156 0.795898
2 0.219922 0.827148 0.219922 0.828613 0.223438 0.832031 0.224609 0.834961 0.228516 0.836426 0.232031 0.840332 0.236719 0.840332 0.246094 0.850586 0.252734 0.855957 0.255469 0.859863 0.256641 0.860352 0.258984 0.858398 0.257812 0.851562 0.253516 0.84375 0.246484 0.835938 0.241016 0.832031 0.232813 0.830078 0.227344 0.827148
1 0.476562 0.861816 0.475 0.860352 0.469922 0.860352 0.466797 0.861816 0.44375 0.861328 0.432422 0.866211 0.426172 0.865723 0.421094 0.869629 0.412109 0.874023 0.407813 0.874512 0.403125 0.873535 0.401172 0.875488 0.401172 0.87793 0.404297 0.884277 0.409766 0.887207 0.414844 0.887207 0.426172 0.880859 0.432422 0.874512 0.45 0.872559 0.464844 0.872559 0.470313 0.871094 0.476172 0.867188
1 0.464453 0.82666 0.464844 0.828613 0.472656 0.83252 0.475391 0.835938 0.481641 0.84082 0.485938 0.841309 0.488281 0.845703 0.492578 0.849121 0.495312 0.849609 0.496484 0.848145 0.494922 0.840332 0.491406 0.832031 0.467969 0.82373 0.466406 0.82373
2 0.455469 0.827148 0.455469 0.832031 0.460156 0.842285 0.466406 0.850098 0.481641 0.860352 0.490625 0.862793 0.495312 0.862793 0.498047 0.861328 0.498437 0.856445 0.49375 0.851562 0.489844 0.849121 0.482031 0.848633 0.478906 0.844727 0.469922 0.837402 0.462109 0.828125 0.459766 0.82666
2 0.423438 0.787598 0.424219 0.792969 0.430078 0.804199 0.435156 0.808594 0.450781 0.81543 0.455469 0.81543 0.458203 0.817383 0.459766 0.817383 0.461719 0.814453 0.462891 0.80957 0.4625 0.807617 0.452734 0.802246 0.44375 0.800293 0.435937 0.792969 0.433203 0.788086 0.428516 0.783203 0.426563 0.783203
2 0.494531 0.77832 0.489844 0.777344 0.478906 0.787598 0.469141 0.803223 0.460938 0.813477 0.461328 0.817383 0.466797 0.819336 0.471094 0.816406 0.479687 0.803711 0.480469 0.80127 0.494922 0.78418
2 0.510547 0.783203 0.508594 0.78418 0.504687 0.794922 0.5 0.802246 0.498047 0.807617 0.493359 0.826172 0.493359 0.833496 0.494141 0.834473 0.498828 0.833008 0.511328 0.803711 0.5125 0.798828 0.5125 0.790039
2 0.569141 0.70752 0.564063 0.708008 0.562109 0.709473 0.55625 0.716797 0.549609 0.729004 0.548047 0.734863 0.548438 0.745605 0.550391 0.753906 0.552734 0.757812 0.55625 0.756836 0.55625 0.740723 0.557422 0.735352 0.562891 0.720703 0.569141 0.712402 0.569922 0.710449
2 0.369922 0.79541 0.365234 0.796875 0.362109 0.799805 0.356641 0.802246 0.352734 0.806152 0.350781 0.812988 0.350391 0.823242 0.352344 0.829102 0.362891 0.843262 0.365234 0.844727 0.369141 0.844727 0.369531 0.841797 0.360547 0.824219 0.360156 0.816406 0.3625 0.810059 0.368359 0.804199 0.371484 0.799316 0.371484 0.797363
2 0.379688 0.758301 0.376172 0.757812 0.373828 0.759277 0.365234 0.769043 0.360938 0.776855 0.357812 0.779785 0.352734 0.79248 0.352734 0.799805 0.353516 0.800781 0.357812 0.796875 0.359375 0.791504 0.364844 0.783691 0.367188 0.777832 0.378125 0.764648 0.380469 0.760254
2 0.0738281 0.768555 0.0710937 0.768066 0.0679687 0.769531 0.0515625 0.787109 0.0425781 0.807617 0.0425781 0.812988 0.04375 0.814941 0.0460938 0.81543 0.0480469 0.814453 0.0578125 0.803711 0.0660156 0.789062 0.0691406 0.785156 0.0710937 0.778809 0.0738281 0.775391 0.0746094 0.771973
2 0.0953125 0.705078 0.0894531 0.704102 0.0847656 0.705566 0.0664062 0.71875 0.0585938 0.728516 0.0558594 0.733398 0.0515625 0.743652 0.0503906 0.749023 0.0507812 0.751465 0.0519531 0.75293 0.0535156 0.75293 0.0589844 0.744629 0.06875 0.733398 0.0761719 0.727051 0.0835937 0.718262 0.0933594 0.711914 0.0957031 0.706543
2 0.0441406 0.669922 0.0433594 0.676758 0.0464844 0.680664 0.0453125 0.684082 0.0453125 0.6875 0.0523438 0.706543 0.0566406 0.714355 0.0613281 0.715332 0.0640625 0.713867 0.065625 0.711914 0.0648438 0.70752 0.0609375 0.703125 0.0515625 0.688477 0.0457031 0.670898
2 0.0464844 0.709473 0.0445313 0.708984 0.0417969 0.710938 0.0375 0.716797 0.0269531 0.727539 0.00664062 0.741211 0.0015625 0.749023 0 0.749023 0 0.775391 0.00234375 0.775391 0.00703125 0.771484 0.0109375 0.765137 0.0101563 0.758789 0.0117188 0.753906 0.0144531 0.749512 0.0207031 0.745605 0.0257812 0.739746 0.0304687 0.736328 0.040625 0.724121 0.0425781 0.719727 0.046875 0.715332 0.0472656 0.710449
2 0.236328 0.60498 0.235937 0.608398 0.241016 0.61377 0.250781 0.619629 0.254688 0.623535 0.258203 0.629883 0.261328 0.638672 0.263672 0.64209 0.267969 0.643555 0.269922 0.641602 0.270703 0.63623 0.2625 0.617676 0.259375 0.613281 0.25625 0.610352 0.250781 0.607422 0.238281 0.604492
2 0.275391 0.652832 0.271094 0.654785 0.268359 0.662109 0.262891 0.672363 0.263672 0.680176 0.270313 0.688477 0.272266 0.688477 0.273828 0.686035 0.274609 0.67627 0.280469 0.658203 0.279297 0.655273
2 0.307422 0.695801 0.30625 0.695801 0.304688 0.697754 0.302344 0.703125 0.298828 0.708008 0.286719 0.71875 0.282031 0.724609 0.277344 0.733398 0.277344 0.73584 0.278516 0.737305 0.281641 0.736816 0.283984 0.734863 0.289844 0.726562 0.299609 0.723145 0.307422 0.714355 0.310937 0.702637 0.310547 0.699707
2 0.298047 0.725098 0.291406 0.739258 0.289844 0.744141 0.289062 0.750977 0.294531 0.774902 0.3 0.779785 0.303906 0.780273 0.304688 0.779297 0.304297 0.774902 0.299219 0.765137 0.297266 0.751465 0.297656 0.746094 0.300781 0.731934 0.300781 0.727539 0.299609 0.725098
2 0.2875 0.750977 0.284375 0.758789 0.284375 0.766113 0.289062 0.775879 0.291406 0.777832 0.295312 0.778809 0.296484 0.776367 0.296484 0.773438 0.293359 0.77002 0.291016 0.762695 0.289062 0.751953
2 0.562891 0.825195 0.562109 0.82373 0.560156 0.823242 0.553125 0.825195 0.541016 0.826172 0.531641 0.838379 0.525 0.839844 0.523047 0.842773 0.522266 0.848633 0.526172 0.849609 0.5375 0.84375 0.550781 0.833496 0.561719 0.82959 0.562891 0.828125
2 0.557422 0.769043 0.55625 0.769043 0.551953 0.773438 0.548047 0.789551 0.544531 0.795898 0.539062 0.80957 0.528906 0.815918 0.520312 0.827148 0.51875 0.831543 0.51875 0.834473 0.521094 0.837891 0.523438 0.837402 0.526172 0.83252 0.530859 0.83252 0.535937 0.831055 0.540625 0.826172 0.546484 0.824707 0.55 0.818848 0.558984 0.809082 0.560547 0.804688 0.560547 0.80127 0.557813 0.785156 0.559375 0.773438
1 0.0664062 0.556152 0.065625 0.559082 0.0675781 0.562012 0.0808594 0.571777 0.0851563 0.576172 0.0976562 0.583496 0.100781 0.587402 0.10625 0.598633 0.113281 0.608887 0.116797 0.609375 0.119141 0.607422 0.11875 0.599609 0.115625 0.590332 0.112109 0.583008 0.104297 0.573242 0.0785156 0.561035 0.0726563 0.556641 0.0699219 0.555664
1 0.669922 0.424316 0.666406 0.425781 0.665625 0.429688 0.665625 0.445801 0.664844 0.450684 0.665625 0.461914 0.666797 0.461426 0.667188 0.459473 0.673438 0.45166 0.674219 0.447754 0.674219 0.442383 0.671875 0.437012 0.671484 0.428223
1 0.55 0.470703 0.552344 0.478516 0.554922 0.483887 0.558594 0.488184 0.564453 0.490723 0.572969 0.493457 0.58168 0.493213 0.5875 0.490723 0.587109 0.486328 0.585156 0.484863 0.578516 0.484863 0.574609 0.486328 0.570703 0.484863 0.566484 0.48252 0.562109 0.479492 0.560937 0.475586 0.558203 0.47168 0.557422 0.466797 0.551953 0.467285
2 0.593359 0.441895 0.594141 0.447754 0.616016 0.48584 0.61875 0.496582 0.623047 0.498047 0.623828 0.49707 0.623047 0.481445 0.619531 0.471191 0.614062 0.460938 0.605859 0.44873 0.596484 0.441406
2 0.627344 0.501953 0.622656 0.502441 0.603125 0.530273 0.598047 0.540039 0.594922 0.548828 0.594922 0.555664 0.596094 0.557617 0.6 0.557617 0.601562 0.556152 0.610156 0.537109 0.611719 0.535156 0.615625 0.533203 0.621484 0.518555 0.628516 0.507324 0.628516 0.503906
2 0.566797 0.499512 0.566797 0.501465 0.568359 0.50293 0.583984 0.506836 0.588672 0.51123 0.594922 0.513184 0.606641 0.523438 0.608203 0.523438 0.610156 0.520996 0.610156 0.519531 0.605078 0.513672 0.596094 0.505859 0.592969 0.504395 0.5875 0.497559 0.583594 0.49707 0.580859 0.499023 0.571094 0.49707
2 0.5875 0.488281 0.584375 0.48877 0.578906 0.508301 0.578516 0.520996 0.583203 0.536133 0.584766 0.536133 0.587109 0.530273 0.587109 0.51416 0.589844 0.507324 0.588672 0.490234
2 0.575781 0.539551 0.573047 0.544434 0.570312 0.558594 0.570312 0.569336 0.571875 0.573242 0.575781 0.577637 0.582812 0.58252 0.5875 0.588379 0.594531 0.59082 0.598047 0.589844 0.598828 0.587402 0.59375 0.581543 0.589063 0.571777 0.581641 0.562988 0.579297 0.558594 0.578906 0.547852 0.58125 0.539062 0.578516 0.538574
2 0.616016 0.617188 0.6125 0.617188 0.602734 0.620605 0.594922 0.625 0.591406 0.629395 0.586328 0.645996 0.586719 0.65625 0.591406 0.662109 0.596484 0.664062 0.598828 0.661621 0.599609 0.65918 0.598828 0.652832 0.599609 0.64209 0.601953 0.636719 0.60625 0.630859 0.610938 0.62793 0.615234 0.623047 0.616797 0.618652
2 0.508203 0.563477 0.509766 0.565918 0.514062 0.566406 0.522266 0.562988 0.530078 0.562988 0.533594 0.560059 0.536719 0.560059 0.541016 0.564941 0.544531 0.578125 0.549219 0.59082 0.551562 0.592773 0.553516 0.592773 0.555469 0.589844 0.553906 0.578613 0.551953 0.572754 0.549219 0.558105 0.545312 0.551758 0.536719 0.54541 0.533203 0.543945 0.528906 0.544434 0.522266 0.55127 0.511328 0.558594
2 0.474609 0.533203 0.475391 0.538574 0.478125 0.541504 0.48125 0.541992 0.487891 0.541016 0.494531 0.542969 0.501172 0.542969 0.507422 0.538574 0.5125 0.536621 0.517578 0.537109 0.525781 0.54248 0.528906 0.540527 0.526563 0.53418 0.520312 0.525879 0.514062 0.521484 0.508984 0.521484 0.505078 0.523926 0.496484 0.532227 0.492969 0.532715 0.487109 0.530762 0.485156 0.525879 0.487891 0.510742 0.487109 0.506836 0.485547 0.506836 0.482812 0.509766 0.480469 0.51416 0.477344 0.526367
2 0.434375 0.568359 0.434375 0.57373 0.435937 0.57666 0.454688 0.587891 0.470703 0.608887 0.475391 0.608887 0.476562 0.607422 0.475781 0.602051 0.46875 0.593262 0.463672 0.583008 0.459766 0.577637 0.443359 0.568359 0.435547 0.566895
2 0.401562 0.580566 0.4 0.580566 0.394531 0.583984 0.391797 0.587402 0.386328 0.599121 0.378906 0.627441 0.378906 0.632324 0.380469 0.637207 0.387109 0.635254 0.389062 0.632812 0.389844 0.627441 0.401953 0.584473
2 0.346484 0.542969 0.344922 0.542969 0.341406 0.546387 0.335938 0.553711 0.332813 0.560059 0.323047 0.59668 0.323047 0.599121 0.325391 0.602051 0.327344 0.602051 0.329688 0.598145 0.338672 0.565918 0.346875 0.546387
2 0.386563 0.563965 0.379688 0.559082 0.372656 0.560059 0.364063 0.56543 0.348047 0.571289 0.344141 0.575195 0.342187 0.580078 0.344141 0.583008 0.348828 0.583008 0.376172 0.577637 0.377344 0.57959 0.375781 0.586426 0.372656 0.591797 0.369531 0.591797 0.369141 0.594238 0.376953 0.595703 0.38125 0.592773 0.385156 0.583008 0.386328 0.578125
2 0.467578 0.614746 0.466016 0.617188 0.461211 0.65835 0.457813 0.665674 0.462812 0.675977 0.467695 0.677979 0.474062 0.679541 0.475352 0.675537 0.47375 0.672412 0.469648 0.671826 0.468359 0.666992 0.474219 0.648438 0.472266 0.636719 0.471094 0.621582 0.469922 0.617676
1 0.517188 0.612305 0.513672 0.614746 0.512891 0.618164 0.5125 0.639648 0.513281 0.651367 0.511719 0.655273 0.5125 0.666504 0.513672 0.668457 0.517188 0.668457 0.517969 0.66748 0.518359 0.665039 0.517188 0.661133 0.520703 0.652832 0.520312 0.63916 0.521484 0.62793 0.520312 0.618164
2 0.48125 0.632812 0.482422 0.635742 0.486719 0.633789 0.493359 0.637207 0.500391 0.642578 0.503906 0.647949 0.508594 0.652344 0.511328 0.657715 0.513672 0.660156 0.517188 0.66084 0.520703 0.662109 0.526563 0.662598 0.529297 0.661621 0.529297 0.65625 0.528516 0.654785 0.516406 0.648438 0.512891 0.64502 0.510938 0.640137 0.50625 0.63623 0.490234 0.629395
2 0.454688 0.661133 0.451172 0.665039 0.448828 0.671387 0.448828 0.675293 0.451172 0.690918 0.451172 0.698242 0.453516 0.706055 0.454297 0.712891 0.455859 0.713867 0.457422 0.705566 0.458203 0.6875 0.457813 0.679688 0.456641 0.675781 0.458203 0.672852 0.457422 0.666016 0.457813 0.662109
2 0.419531 0.651367 0.417969 0.657227 0.419531 0.665527 0.423438 0.671387 0.425 0.677246 0.430859 0.687012 0.433203 0.695312 0.436719 0.700684 0.438672 0.706543 0.446484 0.714355 0.454688 0.718262 0.455859 0.716797 0.455859 0.714355 0.453516 0.708984 0.446484 0.699707 0.442969 0.691406 0.441016 0.681152 0.437891 0.675781 0.438281 0.671875 0.432422 0.666016 0.431641 0.661621 0.425 0.651367
2 0.426563 0.713867 0.426172 0.716309 0.427344 0.719727 0.433984 0.726562 0.44375 0.732422 0.45 0.733398 0.455078 0.736328 0.460156 0.73584 0.460547 0.72998 0.455078 0.722168 0.448047 0.720215 0.432031 0.710449 0.429297 0.710938
2 0.483594 0.631836 0.48125 0.632812 0.475 0.645996 0.475 0.652344 0.473828 0.654297 0.473438 0.658203 0.475 0.658203 0.475781 0.655762 0.479687 0.651855 0.481641 0.646484 0.482422 0.641113 0.484766 0.636719
2 0.458594 0.268066 0.455469 0.266113 0.449219 0.266602 0.439453 0.278809 0.436055 0.28252 0.433984 0.285645 0.431641 0.289062 0.428516 0.291016 0.425391 0.30127 0.426563 0.302734 0.428906 0.302734 0.430469 0.301758 0.438672 0.301758 0.44375 0.300293 0.446094 0.29541 0.446094 0.290527 0.448828 0.285156 0.454688 0.278809 0.458984 0.27832 0.460156 0.276855
2 0.245703 0.488281 0.244531 0.487305 0.240625 0.487793 0.227734 0.49707 0.223828 0.501953 0.217188 0.51416 0.216406 0.520996 0.217969 0.522461 0.221094 0.522949 0.228125 0.513184 0.242969 0.501953 0.245703 0.496582 0.246484 0.492188
2 0.154688 0.523926 0.152734 0.518066 0.15 0.51416 0.142578 0.511719 0.130859 0.511719 0.124219 0.515137 0.121875 0.517578 0.117578 0.525879 0.113281 0.530273 0.111328 0.534668 0.111328 0.537598 0.1125 0.539551 0.116016 0.539551 0.119922 0.536133 0.126953 0.526855 0.132812 0.523438 0.136719 0.522461 0.143359 0.522949 0.145703 0.523926 0.150391 0.528809 0.153906 0.528809
2 0.0414062 0.477539 0.040625 0.479004 0.0425781 0.501465 0.0410156 0.505371 0.0410156 0.510254 0.04375 0.513672 0.0488281 0.524414 0.05 0.530762 0.0527344 0.532715 0.0550781 0.536133 0.0617188 0.538086 0.0628906 0.533691 0.0550781 0.513184 0.0527344 0.5 0.0492187 0.486816 0.0445313 0.479492
2 0.134766 0.631836 0.13125 0.629883 0.117188 0.629883 0.115234 0.630859 0.111719 0.635254 0.108203 0.63623 0.101953 0.642578 0.101562 0.646973 0.0949219 0.653809 0.0921875 0.654297 0.090625 0.655762 0.0910156 0.662598 0.09375 0.664062 0.0960938 0.663574 0.109375 0.648926 0.114844 0.646973 0.117969 0.644043 0.128516 0.638184 0.134766 0.633301
2 0.115234 0.62793 0.1125 0.626953 0.10625 0.62793 0.0992187 0.630859 0.0945312 0.634766 0.0902344 0.63623 0.0886719 0.637695 0.0871094 0.641602 0.0875 0.651855 0.0886719 0.652344 0.0902344 0.650879 0.0945312 0.649902 0.107031 0.634277 0.111719 0.635254 0.113672 0.632812
2 0.0871094 0.607422 0.0871094 0.608887 0.0910156 0.616211 0.0960938 0.617188 0.100781 0.620605 0.103516 0.625 0.110156 0.625488 0.112109 0.624023 0.112109 0.62207 0.101172 0.608887 0.0929688 0.605469 0.0886719 0.605957
2 0.15625 0.562988 0.155078 0.562012 0.146875 0.5625 0.1375 0.578613 0.129297 0.584473 0.126562 0.584473 0.124609 0.581055 0.122266 0.581055 0.120703 0.583008 0.121094 0.585938 0.126562 0.593262 0.135937 0.59375 0.140234 0.591797 0.146875 0.583984 0.151562 0.574707 0.152734 0.569824 0.15625 0.564941
2 0.143359 0.549805 0.141797 0.550293 0.136328 0.556152 0.133594 0.565918 0.125391 0.579102 0.126172 0.583984 0.13125 0.583984 0.135156 0.581543 0.139453 0.577148 0.143359 0.570312 0.146484 0.55957 0.146484 0.553711
2 0.140625 0.535156 0.135937 0.532227 0.13125 0.533691 0.130469 0.540039 0.128125 0.54541 0.126172 0.547852 0.118359 0.553223 0.110937 0.561523 0.107813 0.5625 0.107422 0.564453 0.108594 0.56543 0.115234 0.564941 0.131641 0.557129 0.139063 0.550781 0.143359 0.550293 0.14375 0.543457
2 0.0910156 0.510742 0.0910156 0.518555 0.101953 0.538086 0.108203 0.541016 0.111719 0.537109 0.115234 0.535645 0.115625 0.533203 0.111328 0.533203 0.108594 0.527344 0.0960938 0.511719 0.0929688 0.510254
2 0.0707031 0.543945 0.0703125 0.549316 0.0722656 0.552734 0.0742188 0.553711 0.0804688 0.553711 0.0847656 0.556152 0.0882813 0.556641 0.0925781 0.560547 0.0972656 0.562988 0.101172 0.568848 0.102734 0.569824 0.107422 0.568848 0.107422 0.56543 0.104297 0.557617 0.0976562 0.548828 0.0964844 0.544922 0.0863281 0.54248 0.0761719 0.54248
1 0.192578 0.260254 0.191016 0.26416 0.191016 0.268066 0.199219 0.290039 0.2 0.297363 0.202734 0.305176 0.208984 0.314453 0.212891 0.317871 0.216406 0.323242 0.218359 0.323242 0.220312 0.321289 0.221094 0.316895 0.219922 0.310547 0.215234 0.303711 0.210938 0.294922 0.208594 0.284668 0.203906 0.275391 0.201563 0.268555 0.195703 0.26123
2 0.217578 0.214844 0.215234 0.216797 0.212891 0.22168 0.211328 0.230957 0.212109 0.233887 0.214453 0.236328 0.214062 0.247559 0.215625 0.261719 0.215625 0.276855 0.216797 0.27832 0.220312 0.277344 0.223047 0.270508 0.224219 0.26123 0.222656 0.239258 0.222656 0.223145 0.220312 0.217285
2 0.217188 0.217285 0.216016 0.217285 0.2125 0.220703 0.210938 0.225586 0.208203 0.22998 0.204297 0.243652 0.201953 0.24707 0.200781 0.252441 0.198828 0.256348 0.198047 0.260254 0.198828 0.261719 0.205078 0.261719 0.207031 0.258301 0.209375 0.249023 0.214062 0.242676 0.212891 0.236816 0.219531 0.223145
2 0.155078 0.168945 0.151172 0.165527 0.145703 0.165039 0.132031 0.16748 0.123828 0.17041 0.119141 0.174805 0.107422 0.181641 0.100781 0.187988 0.100781 0.192871 0.102734 0.194824 0.107422 0.193848 0.122266 0.1875 0.130078 0.182129 0.153906 0.174316 0.155078 0.17334
2 0.0332031 0.603516 0.0339844 0.60791 0.0382813 0.617188 0.0453125 0.625977 0.05625 0.633789 0.0605469 0.634277 0.0617188 0.633301 0.0617188 0.631836 0.059375 0.629395 0.0578125 0.624512 0.0539063 0.618164 0.0417969 0.603027 0.0363281 0.602051
2 0.040625 0.575195 0.0375 0.575195 0.0347656 0.578125 0.0335937 0.583008 0.028125 0.594727 0.0191406 0.598633 0.0167969 0.601074 0.015625 0.605469 0.015625 0.609863 0.0171875 0.613281 0.021875 0.612305 0.0246094 0.606445 0.0328125 0.604492 0.0378906 0.599121 0.040625 0.589355 0.040625 0.583008 0.0414062 0.580566 0.0414062 0.57666
2 0.0683594 0.581055 0.065625 0.583984 0.065625 0.589355 0.0636719 0.597656 0.0640625 0.603516 0.0628906 0.607422 0.0628906 0.613281 0.0710937 0.623535 0.071875 0.626465 0.0777344 0.631348 0.0796875 0.634766 0.0804688 0.632812 0.0804688 0.626465 0.0734375 0.604492 0.0726563 0.583984 0.071875 0.58252
2 0.0601563 0.61377 0.0578125 0.618164 0.0585938 0.626465 0.0597656 0.629883 0.0648438 0.629883 0.0734375 0.641602 0.0757812 0.647949 0.0796875 0.647949 0.0808594 0.641113 0.0785156 0.631836 0.0714844 0.624512 0.06875 0.619629 0.065625 0.618164 0.0621094 0.61377
2 0 0.367188 0 0.388184 0.00195312 0.388672 0.00546875 0.394043 0.009375 0.396484 0.0121094 0.395996 0.0132812 0.394043 0.0132812 0.391602 0.00976562 0.383301 0.0078125 0.375977 0.00234375 0.367676
1 0.0292969 0.370117 0.0261719 0.377441 0.0246094 0.399414 0.0253906 0.403809 0.0277344 0.408691 0.0296875 0.411133 0.0339844 0.412598 0.0359375 0.407227 0.0359375 0.402344 0.0335937 0.395508 0.0347656 0.377441 0.0339844 0.373047
2 0.0691406 0.300293 0.0613281 0.302246 0.0566406 0.301758 0.0558594 0.303223 0.0496094 0.333984 0.0492187 0.345703 0.05 0.350098 0.0488281 0.353027 0.0484375 0.358887 0.0515625 0.361816 0.053125 0.361816 0.0570312 0.358398 0.0578125 0.35498 0.0574219 0.344727 0.059375 0.325684 0.0632812 0.313477 0.0660156 0.307617 0.0683594 0.305176
2 0.0535156 0.29834 0.0519531 0.29834 0.0496094 0.303223 0.04375 0.308105 0.0402344 0.315918 0.0382813 0.328613 0.0363281 0.333496 0.034375 0.343262 0.034375 0.355469 0.0359375 0.35791 0.0375 0.35791 0.0390625 0.355957 0.0414062 0.347656 0.0453125 0.344238 0.0484375 0.335449 0.0480469 0.329102 0.0511719 0.315918 0.0515625 0.308594 0.0546875 0.301758 0.0546875 0.299805
2 0.0820312 0.230469 0.0789062 0.230469 0.0765625 0.237305 0.0742188 0.240723 0.0683594 0.254883 0.0648438 0.258301 0.0601563 0.257324 0.0582031 0.259766 0.0558594 0.266602 0.05625 0.276855 0.0617188 0.278809 0.0679687 0.27832 0.0699219 0.276855 0.0714844 0.268555 0.075 0.26123 0.0800781 0.255371 0.0832031 0.245605 0.0835937 0.233398
2 0.05625 0.217773 0.0527344 0.217285 0.0496094 0.223633 0.0425781 0.231445 0.0402344 0.240723 0.0382813 0.260254 0.0363281 0.265625 0.0363281 0.270996 0.0375 0.272461 0.0410156 0.271484 0.0421875 0.27002 0.0472656 0.256348 0.0472656 0.245605 0.0484375 0.242676 0.053125 0.237793 0.0539063 0.230469 0.0570312 0.222168
1 0.084375 0.162598 0.0804688 0.161133 0.0683594 0.160645 0.0625 0.166992 0.0605469 0.172363 0.059375 0.183105 0.059375 0.197754 0.0609375 0.205566 0.0628906 0.208496 0.0648438 0.209473 0.0683594 0.208496 0.071875 0.203613 0.0726563 0.197754 0.0683594 0.193359 0.0699219 0.188965 0.0714844 0.17627 0.0726563 0.173828 0.075 0.172363 0.0804688 0.174805 0.0855469 0.17334 0.0867187 0.17041 0.0867187 0.166992
2 0.253516 0.0200195 0.253516 0.0229492 0.262891 0.0327148 0.267578 0.0356445 0.272266 0.0410156 0.275781 0.0517578 0.279687 0.0551758 0.281641 0.0585938 0.285938 0.0615234 0.291797 0.0610352 0.291797 0.0561523 0.290625 0.0512695 0.287891 0.0449219 0.281641 0.0351562 0.271875 0.0263672 0.263281 0.0209961 0.257031 0.0185547 0.254688 0.0185547
2 0.264062 0.0512695 0.260156 0.0600586 0.260156 0.0708008 0.262109 0.0805664 0.267578 0.0957031 0.269141 0.097168 0.271094 0.102051 0.275391 0.106445 0.275781 0.100586 0.273828 0.0961914 0.273047 0.090332 0.270703 0.0830078 0.270313 0.0732422 0.26875 0.0673828 0.267578 0.0566406 0.268359 0.0517578
2 0.123438 0.0981445 0.123047 0.102539 0.124609 0.113281 0.126172 0.116211 0.134375 0.120117 0.146875 0.121582 0.149609 0.124512 0.151172 0.124023 0.15 0.120117 0.146094 0.118652 0.142969 0.112793 0.139063 0.109863 0.128906 0.097168 0.125781 0.0961914
2 0.183984 0.126465 0.183594 0.130371 0.184766 0.13916 0.188672 0.142578 0.192578 0.147949 0.200391 0.152832 0.210547 0.152344 0.215625 0.149902 0.221875 0.14502 0.221875 0.143555 0.220703 0.142578 0.213281 0.14209 0.205078 0.136719 0.201172 0.135254 0.197266 0.135254 0.194141 0.132324 0.190234 0.131836 0.185938 0.125977
2 0.111719 0.0273438 0.110547 0.0273438 0.109375 0.0297852 0.109375 0.0341797 0.111328 0.0419922 0.108203 0.0561523 0.108594 0.0654297 0.106641 0.0698242 0.105469 0.0800781 0.107031 0.0810547 0.110547 0.0810547 0.112109 0.0791016 0.113281 0.074707 0.119531 0.0610352 0.11875 0.0576172 0.119531 0.0527344 0.11875 0.0429688 0.115234 0.0307617
2 0.0867187 0.0366211 0.084375 0.0395508 0.0835937 0.0424805 0.0835937 0.046875 0.0855469 0.0512695 0.0839844 0.0629883 0.084375 0.0776367 0.0851563 0.0795898 0.0847656 0.0874023 0.0863281 0.0898438 0.0929688 0.0908203 0.0957031 0.0893555 0.0976562 0.0849609 0.0992187 0.0712891 0.0992187 0.0546875 0.096875 0.0458984 0.0941406 0.0410156 0.0886719 0.0366211
2 0.128125 0.0703125 0.125781 0.0703125 0.121875 0.0732422 0.113672 0.0820312 0.103906 0.0844727 0.102344 0.0859375 0.100781 0.090332 0.100391 0.0952148 0.0980469 0.0991211 0.0984375 0.101562 0.101953 0.106934 0.104297 0.108398 0.108203 0.108398 0.110547 0.105469 0.112109 0.0966797 0.114062 0.0942383 0.121094 0.0917969 0.128906 0.0859375 0.130469 0.0820312 0.130469 0.074707
