1 0.380469 0.735352 0.378906 0.735352 0.378125 0.734375 0.375781 0.734375 0.375 0.735352 0.371094 0.735352 0.370312 0.736328 0.364844 0.736328 0.364063 0.737305 0.359375 0.737305 0.358594 0.738281 0.355469 0.738281 0.354687 0.739258 0.351562 0.739258 0.350781 0.740234 0.35 0.740234 0.347656 0.743164 0.347656 0.745117 0.349219 0.74707 0.35 0.74707 0.350781 0.748047 0.353125 0.748047 0.353906 0.749023 0.366406 0.749023 0.367188 0.748047 0.371094 0.748047 0.371875 0.74707 0.373437 0.74707 0.374219 0.746094 0.375 0.746094 0.375781 0.745117 0.376563 0.745117 0.380469 0.740234
1 0.103906 0.773438 0.103125 0.772461 0.100781 0.772461 0.1 0.771484 0.0992187 0.771484 0.0984375 0.772461 0.0945312 0.772461 0.09375 0.773438 0.0898438 0.773438 0.0890625 0.774414 0.0859375 0.774414 0.0851563 0.775391 0.0835937 0.775391 0.0828125 0.776367 0.0820312 0.776367 0.08125 0.777344 0.0804688 0.777344 0.0796875 0.77832 0.0789062 0.77832 0.0765625 0.78125 0.0765625 0.782227 0.0757812 0.783203 0.0757812 0.785156 0.075 0.786133 0.075 0.791992 0.0773438 0.794922 0.0851563 0.794922 0.0859375 0.793945 0.0875 0.793945 0.0882813 0.792969 0.0890625 0.792969 0.0898438 0.791992 0.090625 0.791992 0.0914062 0.791016 0.0921875 0.791016 0.09375 0.789062 0.0945312 0.789062 0.0960938 0.787109 0.096875 0.787109 0.103125 0.779297 0.103125 0.77832 0.103906 0.777344
1 0.7125 0.415039 0.711719 0.414062 0.710938 0.414062 0.710156 0.413086 0.709375 0.413086 0.708594 0.412109 0.703906 0.412109 0.703125 0.413086 0.7 0.413086 0.699219 0.414062 0.697656 0.414062 0.696875 0.415039 0.696094 0.415039 0.695312 0.416016 0.695312 0.416992 0.69375 0.418945 0.692969 0.418945 0.692969 0.419922 0.689844 0.423828 0.689844 0.424805 0.689063 0.425781 0.689063 0.427734 0.688281 0.428711 0.688281 0.436523 0.689063 0.4375 0.690625 0.4375 0.691406 0.436523 0.692969 0.436523 0.699219 0.428711 0.7 0.428711 0.700781 0.427734 0.701562 0.427734 0.702344 0.426758 0.703125 0.426758 0.703906 0.425781 0.704688 0.425781 0.705469 0.424805 0.709375 0.424805 0.710156 0.423828 0.710938 0.423828 0.713281 0.420898 0.713281 0.416992 0.7125 0.416016
1 0.990625 0.251953 0.989844 0.250977 0.989062 0.250977 0.988281 0.25 0.9875 0.25 0.986719 0.249023 0.985156 0.249023 0.984375 0.248047 0.983594 0.248047 0.982812 0.24707 0.980469 0.24707 0.979688 0.246094 0.976562 0.246094 0.975781 0.24707 0.971875 0.24707 0.971094 0.248047 0.969531 0.248047 0.96875 0.249023 0.966406 0.249023 0.965625 0.25 0.963281 0.25 0.9625 0.250977 0.960938 0.250977 0.957812 0.254883 0.957812 0.256836 0.957031 0.257812 0.957031 0.260742 0.957812 0.261719 0.957812 0.262695 0.959375 0.264648 0.960938 0.264648 0.961719 0.265625 0.966406 0.265625 0.967187 0.264648 0.970313 0.264648 0.971094 0.263672 0.975 0.263672 0.975781 0.262695 0.978906 0.262695 0.979688 0.261719 0.98125 0.261719 0.982031 0.260742 0.984375 0.260742 0.985156 0.259766 0.986719 0.259766 0.9875 0.258789 0.988281 0.258789 0.989844 0.256836 0.990625 0.256836
2 0.2375 0.650391 0.2375 0.652344 0.236719 0.65332 0.236719 0.655273 0.2375 0.65625 0.2375 0.65918 0.238281 0.660156 0.238281 0.661133 0.240625 0.664062 0.241406 0.664062 0.242188 0.665039 0.24375 0.665039 0.244531 0.666016 0.246094 0.666016 0.246875 0.666992 0.25 0.666992 0.250781 0.667969 0.257031 0.667969 0.257812 0.668945 0.260156 0.668945 0.260937 0.669922 0.263281 0.669922 0.264062 0.670898 0.26875 0.670898 0.269531 0.669922 0.269531 0.667969 0.270313 0.666992 0.270313 0.665039 0.269531 0.664062 0.269531 0.663086 0.26875 0.662109 0.26875 0.661133 0.267969 0.660156 0.267969 0.65918 0.267188 0.658203 0.267188 0.657227 0.263281 0.652344 0.2625 0.652344 0.261719 0.651367 0.260937 0.651367 0.260156 0.650391 0.259375 0.650391 0.258594 0.649414 0.257812 0.649414 0.257031 0.648438 0.254688 0.648438 0.253906 0.647461 0.252344 0.647461 0.251563 0.646484 0.25 0.646484 0.249219 0.645508 0.242188 0.645508 0.241406 0.646484 0.240625 0.646484 0.239844 0.647461 0.239063 0.647461 0.239063 0.648438
2 0.273438 0.84668 0.271094 0.84668 0.270313 0.847656 0.269531 0.847656 0.267969 0.849609 0.267969 0.850586 0.267188 0.851562 0.267188 0.852539 0.266406 0.853516 0.266406 0.855469 0.265625 0.856445 0.265625 0.859375 0.264844 0.860352 0.264844 0.878906 0.265625 0.879883 0.265625 0.893555 0.267188 0.895508 0.271094 0.895508 0.271875 0.894531 0.272656 0.894531 0.273438 0.893555 0.273438 0.892578 0.274219 0.891602 0.274219 0.888672 0.275 0.887695 0.275 0.874023 0.275781 0.873047 0.275781 0.848633 0.275 0.847656 0.274219 0.847656
2 0.724219 0.584961 0.722656 0.583008 0.719531 0.583008 0.71875 0.583984 0.717969 0.583984 0.716406 0.585938 0.715625 0.585938 0.7125 0.589844 0.711719 0.589844 0.707812 0.594727 0.707031 0.594727 0.70625 0.595703 0.705469 0.595703 0.704688 0.59668 0.703906 0.59668 0.702344 0.598633 0.701562 0.598633 0.700781 0.599609 0.7 0.599609 0.696875 0.603516 0.696875 0.608398 0.697656 0.608398 0.698438 0.609375 0.707031 0.609375 0.707812 0.608398 0.710156 0.608398 0.710938 0.607422 0.711719 0.607422 0.7125 0.606445 0.713281 0.606445 0.714844 0.604492 0.715625 0.604492 0.717969 0.601562 0.717969 0.600586 0.721875 0.595703 0.721875 0.594727 0.723437 0.592773 0.723437 0.591797 0.724219 0.59082
2 0.791406 0.416016 0.785937 0.416016 0.784375 0.417969 0.783594 0.417969 0.782031 0.419922 0.782031 0.420898 0.780469 0.422852 0.780469 0.423828 0.779687 0.424805 0.779687 0.425781 0.778906 0.426758 0.778906 0.428711 0.778125 0.429688 0.778125 0.438477 0.778906 0.439453 0.778906 0.44043 0.779687 0.441406 0.779687 0.442383 0.782031 0.445312 0.785937 0.445312 0.786719 0.444336 0.7875 0.444336 0.788281 0.443359 0.788281 0.441406 0.789062 0.44043 0.789062 0.43457 0.789844 0.433594 0.789844 0.430664 0.790625 0.429688 0.790625 0.427734 0.791406 0.426758 0.791406 0.424805 0.792188 0.423828 0.792188 0.421875 0.792969 0.420898 0.792969 0.418945 0.792188 0.417969 0.792188 0.416992
2 0.482031 0.37207 0.482031 0.373047 0.48125 0.374023 0.48125 0.37793 0.482031 0.378906 0.482812 0.378906 0.483594 0.379883 0.486719 0.379883 0.4875 0.380859 0.491406 0.380859 0.492188 0.381836 0.49375 0.381836 0.494531 0.382812 0.495312 0.382812 0.497656 0.385742 0.498437 0.385742 0.500781 0.388672 0.500781 0.389648 0.501563 0.389648 0.502344 0.390625 0.50625 0.390625 0.507031 0.389648 0.507031 0.381836 0.50625 0.380859 0.50625 0.378906 0.505469 0.37793 0.505469 0.376953 0.503125 0.374023 0.503125 0.373047 0.499219 0.368164 0.498437 0.368164 0.497656 0.367188 0.489063 0.367188 0.488281 0.368164 0.486719 0.368164 0.485938 0.369141 0.485156 0.369141 0.483594 0.371094 0.482812 0.371094
2 0.838281 0.300781 0.838281 0.304688 0.839063 0.305664 0.839063 0.306641 0.839844 0.306641 0.841406 0.308594 0.842187 0.308594 0.842969 0.30957 0.84375 0.30957 0.844531 0.310547 0.845313 0.310547 0.846094 0.311523 0.846875 0.311523 0.847656 0.3125 0.848437 0.3125 0.849219 0.313477 0.85 0.313477 0.850781 0.314453 0.851562 0.314453 0.852344 0.31543 0.860156 0.31543 0.860938 0.314453 0.8625 0.314453 0.863281 0.313477 0.864062 0.313477 0.864844 0.3125 0.865625 0.3125 0.866406 0.311523 0.867188 0.311523 0.869531 0.308594 0.870313 0.308594 0.870313 0.307617 0.871094 0.306641 0.871094 0.305664 0.870313 0.304688 0.870313 0.302734 0.867969 0.302734 0.867188 0.303711 0.864844 0.303711 0.864062 0.304688 0.857031 0.304688 0.85625 0.303711 0.855469 0.303711 0.854688 0.302734 0.853125 0.302734 0.851562 0.300781 0.850781 0.300781 0.85 0.299805 0.849219 0.299805 0.848437 0.298828 0.847656 0.298828 0.846875 0.297852 0.845313 0.297852 0.844531 0.296875 0.841406 0.296875
2 0.267969 0.0185547 0.266406 0.0185547 0.265625 0.0195312 0.264062 0.0195312 0.263281 0.0205078 0.263281 0.0214844 0.2625 0.0224609 0.2625 0.0234375 0.260937 0.0253906 0.260937 0.0263672 0.260156 0.0273438 0.260156 0.0283203 0.259375 0.0292969 0.259375 0.0302734 0.258594 0.03125 0.258594 0.0332031 0.257812 0.0341797 0.257812 0.0361328 0.257031 0.0371094 0.257031 0.0390625 0.25625 0.0400391 0.25625 0.0429688 0.255469 0.0439453 0.255469 0.046875 0.254688 0.0478516 0.254688 0.0537109 0.253906 0.0546875 0.253906 0.0585938 0.254688 0.0595703 0.254688 0.0644531 0.257031 0.0673828 0.257812 0.0673828 0.258594 0.0683594 0.2625 0.0683594 0.263281 0.0673828 0.263281 0.0664062 0.264062 0.0654297 0.264062 0.0625 0.264844 0.0615234 0.264844 0.0576172 0.265625 0.0566406 0.265625 0.0537109 0.266406 0.0527344 0.266406 0.0498047 0.267188 0.0488281 0.267188 0.046875 0.267969 0.0458984 0.267969 0.0439453 0.26875 0.0429688 0.26875 0.0400391 0.269531 0.0390625 0.269531 0.0371094 0.270313 0.0361328 0.270313 0.03125 0.271094 0.0302734 0.271094 0.0253906 0.270313 0.0244141 0.270313 0.0214844
2 0.732812 0.777344 0.728906 0.777344 0.728125 0.77832 0.727344 0.77832 0.727344 0.779297 0.726562 0.780273 0.726562 0.78125 0.725781 0.782227 0.725781 0.783203 0.725 0.78418 0.725 0.785156 0.724219 0.786133 0.724219 0.787109 0.722656 0.789062 0.722656 0.790039 0.721875 0.791016 0.721875 0.791992 0.721094 0.792969 0.721094 0.793945 0.720313 0.794922 0.720313 0.795898 0.719531 0.796875 0.719531 0.797852 0.71875 0.798828 0.71875 0.801758 0.717969 0.802734 0.717969 0.804688 0.717187 0.805664 0.717187 0.807617 0.717969 0.808594 0.717969 0.80957 0.719531 0.811523 0.721875 0.811523 0.722656 0.8125 0.725781 0.8125 0.726562 0.811523 0.727344 0.811523 0.727344 0.810547 0.728125 0.80957 0.728125 0.807617 0.728906 0.806641 0.728906 0.804688 0.729688 0.803711 0.729688 0.802734 0.73125 0.800781 0.73125 0.799805 0.732031 0.798828 0.732031 0.797852 0.732812 0.796875 0.732812 0.795898 0.733594 0.794922 0.733594 0.791992 0.734375 0.791016 0.734375 0.789062 0.735156 0.788086 0.735156 0.78125 0.734375 0.780273 0.734375 0.779297
1 0.335938 0.318359 0.335156 0.317383 0.332813 0.317383 0.332031 0.316406 0.330469 0.316406 0.329688 0.317383 0.328125 0.317383 0.327344 0.318359 0.326562 0.318359 0.325781 0.319336 0.325 0.319336 0.324219 0.320312 0.322656 0.320312 0.321875 0.321289 0.321094 0.321289 0.31875 0.324219 0.317969 0.324219 0.316406 0.326172 0.315625 0.326172 0.314844 0.327148 0.314063 0.327148 0.305469 0.337891 0.305469 0.339844 0.304688 0.34082 0.304688 0.34375 0.305469 0.344727 0.305469 0.345703 0.310937 0.345703 0.3125 0.34375 0.313281 0.34375 0.314063 0.342773 0.315625 0.342773 0.316406 0.341797 0.31875 0.341797 0.319531 0.34082 0.320312 0.34082 0.321094 0.339844 0.321875 0.339844 0.322656 0.338867 0.323437 0.338867 0.324219 0.337891 0.325 0.337891 0.325781 0.336914 0.326562 0.336914 0.327344 0.335938 0.328125 0.335938 0.329688 0.333984 0.330469 0.333984 0.332813 0.331055 0.332813 0.330078 0.335938 0.326172 0.335938 0.324219 0.336719 0.323242 0.336719 0.320312 0.335938 0.319336
1 0.526563 0.423828 0.525 0.425781 0.525 0.429688 0.525781 0.430664 0.525781 0.432617 0.526563 0.433594 0.526563 0.43457 0.527344 0.435547 0.527344 0.436523 0.528125 0.4375 0.528125 0.438477 0.530469 0.441406 0.530469 0.442383 0.532031 0.444336 0.532031 0.445312 0.535937 0.450195 0.5375 0.450195 0.538281 0.451172 0.542188 0.451172 0.544531 0.448242 0.544531 0.44043 0.542188 0.4375 0.542188 0.436523 0.539062 0.432617 0.539062 0.431641 0.533594 0.424805 0.532813 0.424805 0.532031 0.423828 0.53125 0.423828 0.530469 0.422852 0.528125 0.422852 0.527344 0.423828
1 0.594531 0.401367 0.594531 0.40918 0.595313 0.410156 0.595313 0.413086 0.596094 0.414062 0.596094 0.415039 0.596875 0.416016 0.596875 0.416992 0.597656 0.417969 0.597656 0.418945 0.6 0.421875 0.600781 0.421875 0.603125 0.424805 0.604688 0.424805 0.605469 0.425781 0.60625 0.425781 0.607031 0.426758 0.608594 0.426758 0.609375 0.427734 0.617188 0.427734 0.617969 0.426758 0.61875 0.426758 0.621094 0.423828 0.621094 0.421875 0.621875 0.420898 0.621875 0.418945 0.621094 0.417969 0.621094 0.416016 0.620313 0.415039 0.61875 0.415039 0.617969 0.414062 0.614844 0.414062 0.614062 0.413086 0.613281 0.413086 0.6125 0.412109 0.610938 0.412109 0.610156 0.411133 0.609375 0.411133 0.60625 0.407227 0.605469 0.407227 0.604688 0.40625 0.603906 0.40625 0.600781 0.402344 0.6 0.402344 0.599219 0.401367 0.598437 0.401367 0.597656 0.400391 0.595313 0.400391
1 0.489063 0.567383 0.489063 0.569336 0.489844 0.570312 0.489844 0.571289 0.490625 0.572266 0.490625 0.573242 0.494531 0.578125 0.495312 0.578125 0.497656 0.581055 0.499219 0.581055 0.5 0.582031 0.500781 0.582031 0.501563 0.583008 0.514062 0.583008 0.514844 0.582031 0.516406 0.582031 0.517188 0.581055 0.517969 0.581055 0.51875 0.580078 0.51875 0.579102 0.519531 0.578125 0.519531 0.575195 0.51875 0.574219 0.51875 0.573242 0.517188 0.571289 0.515625 0.571289 0.514844 0.570312 0.509375 0.570312 0.508594 0.569336 0.504687 0.569336 0.503906 0.568359 0.502344 0.568359 0.501563 0.567383 0.500781 0.567383 0.5 0.566406 0.498437 0.566406 0.497656 0.56543 0.491406 0.56543 0.490625 0.566406 0.489844 0.566406
1 0.711719 0.657227 0.710938 0.658203 0.710938 0.65918 0.710156 0.660156 0.710156 0.667969 0.710938 0.668945 0.710938 0.671875 0.711719 0.672852 0.711719 0.674805 0.7125 0.675781 0.7125 0.676758 0.713281 0.677734 0.713281 0.678711 0.714844 0.680664 0.714844 0.682617 0.716406 0.68457 0.716406 0.685547 0.717187 0.686523 0.717187 0.6875 0.717969 0.688477 0.717969 0.689453 0.719531 0.691406 0.719531 0.692383 0.720313 0.693359 0.725781 0.693359 0.727344 0.691406 0.728125 0.691406 0.728125 0.69043 0.728906 0.689453 0.728906 0.682617 0.728125 0.681641 0.728125 0.679688 0.727344 0.678711 0.727344 0.677734 0.726562 0.676758 0.726562 0.675781 0.725781 0.674805 0.725781 0.672852 0.723437 0.669922 0.723437 0.668945 0.71875 0.663086 0.71875 0.662109 0.717969 0.661133 0.717969 0.660156 0.716406 0.658203 0.714844 0.658203 0.714063 0.657227
1 0.709375 0.164062 0.708594 0.165039 0.707812 0.165039 0.707031 0.166016 0.705469 0.166016 0.702344 0.169922 0.701562 0.169922 0.7 0.171875 0.699219 0.171875 0.697656 0.173828 0.696875 0.173828 0.694531 0.176758 0.694531 0.180664 0.696875 0.183594 0.700781 0.183594 0.701562 0.182617 0.702344 0.182617 0.703906 0.180664 0.704688 0.180664 0.705469 0.179688 0.70625 0.179688 0.709375 0.175781 0.710938 0.175781 0.7125 0.173828 0.717187 0.173828 0.717969 0.172852 0.71875 0.173828 0.71875 0.179688 0.721094 0.182617 0.721875 0.182617 0.722656 0.183594 0.723437 0.183594 0.724219 0.18457 0.726562 0.18457 0.728906 0.1875 0.730469 0.1875 0.73125 0.188477 0.734375 0.188477 0.736719 0.185547 0.736719 0.180664 0.734375 0.177734 0.732812 0.177734 0.730469 0.174805 0.728906 0.174805 0.728125 0.173828 0.727344 0.173828 0.725 0.170898 0.721094 0.170898 0.720313 0.171875 0.719531 0.170898 0.719531 0.166992 0.717187 0.164062
1 0.553906 0.671875 0.551562 0.674805 0.551562 0.688477 0.550781 0.689453 0.549219 0.6875 0.546094 0.6875 0.542969 0.691406 0.542969 0.702148 0.54375 0.703125 0.54375 0.705078 0.546875 0.708984 0.546875 0.710938 0.548438 0.712891 0.548438 0.714844 0.551562 0.71875 0.551562 0.719727 0.55625 0.725586 0.559375 0.725586 0.561719 0.722656 0.561719 0.717773 0.559375 0.714844 0.559375 0.713867 0.557031 0.710938 0.557031 0.709961 0.555469 0.708008 0.555469 0.704102 0.554688 0.703125 0.554688 0.699219 0.555469 0.698242 0.55625 0.699219 0.55625 0.700195 0.557031 0.701172 0.557031 0.707031 0.559375 0.709961 0.564844 0.709961 0.567187 0.707031 0.567187 0.700195 0.566406 0.699219 0.566406 0.698242 0.564063 0.695312 0.564063 0.682617 0.563281 0.681641 0.563281 0.678711 0.557813 0.671875
2 0.19375 0.841797 0.191406 0.844727 0.191406 0.845703 0.189844 0.847656 0.189844 0.848633 0.189062 0.849609 0.189062 0.861328 0.189844 0.862305 0.189844 0.863281 0.190625 0.864258 0.190625 0.865234 0.191406 0.866211 0.191406 0.867188 0.192188 0.868164 0.192188 0.871094 0.192969 0.87207 0.192969 0.873047 0.195312 0.875977 0.195312 0.876953 0.196094 0.87793 0.196094 0.878906 0.198437 0.881836 0.201563 0.881836 0.203906 0.878906 0.203906 0.855469 0.202344 0.853516 0.202344 0.850586 0.201563 0.849609 0.201563 0.847656 0.196875 0.841797
