1 0.232422 0.620605 0.228125 0.620117 0.217188 0.635742 0.211719 0.641602 0.209766 0.648438 0.210156 0.653809 0.211328 0.655273 0.216797 0.655273 0.221484 0.652344 0.232422 0.640137 0.234766 0.632324 0.234766 0.625977
1 0.330469 0.46875 0.329297 0.470703 0.329297 0.473633 0.333594 0.500488 0.333203 0.521973 0.334766 0.523438 0.338672 0.523438 0.342187 0.52002 0.344141 0.51416 0.344922 0.499023 0.343359 0.490234 0.339453 0.478516 0.334375 0.469238
1 0.143359 0.570801 0.138672 0.570312 0.136328 0.571289 0.133984 0.574219 0.130859 0.58252 0.125781 0.588379 0.125 0.591797 0.122266 0.596191 0.121484 0.600098 0.118359 0.605469 0.117188 0.611816 0.11875 0.614746 0.123047 0.614258 0.130078 0.608398 0.138281 0.595703 0.144141 0.580566 0.144922 0.575684
1 0.360547 0.587891 0.357812 0.59082 0.356641 0.594238 0.35625 0.603027 0.357422 0.608398 0.360938 0.616211 0.366016 0.622559 0.369531 0.625 0.373437 0.625488 0.374609 0.624023 0.374609 0.618164 0.370312 0.602539 0.365625 0.589844 0.362891 0.587891
1 0.0589844 0.290039 0.0558594 0.291992 0.0546875 0.295898 0.0542969 0.316895 0.0558594 0.323242 0.0597656 0.327637 0.0625 0.328125 0.0652344 0.327148 0.0660156 0.319336 0.0683594 0.309082 0.0683594 0.300293 0.0667969 0.294434 0.0644531 0.291504 0.0617188 0.290039
1 0.214062 0.298828 0.210938 0.299316 0.204297 0.304199 0.200781 0.310059 0.196484 0.320801 0.194922 0.330078 0.195312 0.337402 0.197266 0.34375 0.200781 0.347168 0.202734 0.34668 0.204687 0.343262 0.20625 0.333984 0.208984 0.32666 0.211328 0.314941 0.216016 0.307129 0.216797 0.301758
1 0.221094 0.303223 0.21875 0.304199 0.2125 0.311523 0.208594 0.333008 0.208203 0.341309 0.208984 0.342773 0.213672 0.343262 0.216797 0.341797 0.220312 0.334473 0.221875 0.327148 0.222266 0.308105
1 0.255469 0.291992 0.253125 0.294922 0.252344 0.299805 0.252734 0.328613 0.253516 0.334473 0.255469 0.339844 0.258203 0.342285 0.260937 0.342285 0.262891 0.338867 0.263672 0.334473 0.264062 0.324219 0.263281 0.312988 0.260937 0.296875 0.259375 0.293457
1 0.328516 0.20752 0.327344 0.206055 0.322656 0.20752 0.317188 0.214355 0.310156 0.21875 0.304688 0.220703 0.299219 0.228516 0.301172 0.23584 0.302344 0.237305 0.308203 0.237305 0.319922 0.22998 0.326562 0.22168 0.328125 0.216309
1 0.309375 0.137695 0.307422 0.135742 0.303906 0.135742 0.297656 0.138184 0.282422 0.149414 0.276562 0.156738 0.276172 0.15918 0.278906 0.162109 0.286328 0.162598 0.294531 0.159668 0.302344 0.154785 0.308594 0.143555
1 0.428516 0.117188 0.424609 0.118652 0.423438 0.121094 0.421484 0.131836 0.416406 0.149902 0.416016 0.159668 0.419141 0.163574 0.421875 0.162598 0.427734 0.154785 0.432422 0.139648 0.432422 0.123535 0.43125 0.120117
1 0.49375 0.114746 0.491016 0.112793 0.486328 0.113281 0.479297 0.118652 0.470313 0.131348 0.469141 0.134277 0.469531 0.138672 0.470313 0.139648 0.475391 0.140137 0.483594 0.135742 0.492969 0.122559 0.494531 0.118652
1 0.533594 0.0761719 0.530469 0.0742188 0.528516 0.0742188 0.517578 0.0805664 0.509375 0.0869141 0.504297 0.0927734 0.502734 0.0966797 0.504687 0.0996094 0.508203 0.100586 0.514844 0.100586 0.521875 0.0981445 0.529297 0.0913086 0.533594 0.081543
1 0.562891 0.132324 0.559766 0.132324 0.557031 0.135254 0.555469 0.141113 0.555078 0.154785 0.55625 0.158691 0.559375 0.161133 0.561328 0.161133 0.564844 0.156738 0.566797 0.146973 0.566406 0.135254
1 0.426563 0.237793 0.423047 0.240234 0.421875 0.248047 0.428906 0.278809 0.428125 0.291016 0.431641 0.291992 0.436719 0.287109 0.440625 0.280273 0.442578 0.273438 0.442578 0.26709 0.440234 0.258301 0.434375 0.244629 0.430859 0.239746 0.428516 0.237793
1 0.398828 0.278809 0.396094 0.275391 0.390625 0.275391 0.384766 0.276855 0.374219 0.281738 0.36875 0.282227 0.367188 0.283691 0.366797 0.287109 0.368359 0.291504 0.371484 0.294922 0.376563 0.296875 0.381641 0.296387 0.387891 0.293945 0.395703 0.287598 0.398438 0.283691
1 0.421094 0.278809 0.416797 0.278809 0.407813 0.285156 0.400781 0.299316 0.398438 0.313477 0.399609 0.318359 0.401953 0.318848 0.404297 0.317871 0.412109 0.307617 0.416406 0.299316 0.420703 0.294434 0.421875 0.291016 0.424609 0.287598 0.425 0.282715
1 0.373047 0.321777 0.373437 0.325195 0.376953 0.332031 0.387891 0.337402 0.401953 0.340332 0.410156 0.337891 0.412109 0.335449 0.412109 0.333008 0.410547 0.330078 0.397266 0.322266 0.378125 0.318359 0.375 0.319336
1 0.423828 0.333008 0.420312 0.333496 0.415625 0.336914 0.413672 0.34082 0.412891 0.345703 0.4125 0.35791 0.416016 0.37793 0.419141 0.381836 0.420703 0.381836 0.423047 0.378906 0.424609 0.374023 0.424609 0.333984
1 0.332813 0.311523 0.330469 0.311035 0.323828 0.325195 0.315625 0.332031 0.315234 0.334473 0.317969 0.339355 0.321875 0.341797 0.327344 0.342285 0.33125 0.338867 0.334766 0.327637 0.335156 0.317871 0.334375 0.313965
1 0.496875 0.26416 0.494531 0.269531 0.494141 0.277344 0.497266 0.288574 0.500781 0.294922 0.509375 0.304688 0.514453 0.306152 0.517188 0.302734 0.514844 0.290039 0.509766 0.282715 0.507812 0.277344 0.501563 0.270996 0.498437 0.26416
1 0.507812 0.27832 0.509375 0.282227 0.513281 0.286621 0.516406 0.288086 0.53125 0.287598 0.537891 0.285156 0.540234 0.28125 0.539844 0.276855 0.536328 0.274414 0.510547 0.274902 0.508594 0.275879
1 0.632031 0.336914 0.629687 0.337402 0.617578 0.36084 0.615234 0.374023 0.615625 0.377441 0.617188 0.381348 0.61875 0.382812 0.622656 0.382812 0.624609 0.380859 0.633984 0.355957 0.635156 0.350586 0.635156 0.34375 0.633594 0.338867
1 0.783594 0.231934 0.778516 0.231934 0.773828 0.23584 0.772656 0.23877 0.767578 0.244141 0.766016 0.247559 0.758984 0.255371 0.757422 0.259277 0.757422 0.262695 0.758594 0.264648 0.764453 0.264648 0.771094 0.262207 0.779297 0.253418 0.784766 0.239258 0.785156 0.235352
1 0.815234 0.0561523 0.8125 0.0595703 0.809375 0.0722656 0.808203 0.105469 0.810547 0.109863 0.814453 0.109375 0.816797 0.106934 0.821094 0.0883789 0.821094 0.0756836 0.819531 0.0605469 0.817969 0.0571289
1 0.889453 0.0180664 0.886328 0.019043 0.884375 0.0224609 0.883984 0.0332031 0.880469 0.0551758 0.880469 0.0615234 0.883594 0.065918 0.885938 0.065918 0.889453 0.0625 0.893359 0.0517578 0.895312 0.043457 0.894531 0.0268555 0.892188 0.0209961
1 0.971094 0.141602 0.970313 0.14502 0.971094 0.152832 0.978125 0.168945 0.982812 0.174316 0.985156 0.175293 0.989453 0.174316 0.992188 0.169434 0.992188 0.165039 0.989844 0.158203 0.976953 0.14209 0.974609 0.140625
1 0.864453 0.225586 0.861328 0.228027 0.860547 0.230957 0.860156 0.251953 0.861719 0.259277 0.864062 0.26416 0.86875 0.265625 0.871875 0.260742 0.872266 0.244141 0.871484 0.231934 0.869531 0.226562
1 0.901172 0.27832 0.899219 0.279297 0.897656 0.283203 0.897656 0.285645 0.89375 0.29834 0.893359 0.303711 0.894531 0.317383 0.895703 0.320312 0.898828 0.323242 0.901953 0.322754 0.903906 0.318848 0.905469 0.297852 0.904687 0.28418 0.903125 0.280273
1 0.798828 0.374512 0.795703 0.375488 0.794141 0.377441 0.790234 0.391602 0.789844 0.400879 0.790625 0.404297 0.794922 0.408203 0.798828 0.407227 0.801953 0.403809 0.803516 0.395996 0.803125 0.380859 0.801953 0.377441
1 0.689063 0.25 0.685156 0.25 0.682031 0.252441 0.676953 0.262695 0.674219 0.266113 0.669531 0.268555 0.669141 0.274414 0.671875 0.279297 0.676953 0.282227 0.682422 0.282227 0.686328 0.279785 0.691016 0.260742 0.690625 0.251953
1 0.702734 0.462891 0.704688 0.467285 0.708594 0.469727 0.71875 0.47168 0.725391 0.470703 0.732422 0.467773 0.734766 0.458984 0.732812 0.455566 0.724609 0.456543 0.707031 0.455566 0.703125 0.458008
1 0.742578 0.471191 0.739844 0.469238 0.728906 0.470703 0.723828 0.474121 0.717187 0.476074 0.712891 0.475586 0.710156 0.476562 0.708984 0.478027 0.708984 0.47998 0.7125 0.487305 0.716406 0.489746 0.724219 0.490234 0.731641 0.486328 0.736719 0.481934 0.741406 0.476074
1 0.701953 0.32666 0.700391 0.32666 0.696875 0.33252 0.692969 0.352539 0.693359 0.362305 0.696484 0.365723 0.699609 0.365234 0.701953 0.362793 0.705859 0.351074 0.70625 0.338379 0.704688 0.332031
1 0.54375 0.625977 0.540625 0.62793 0.5375 0.635742 0.5375 0.643555 0.539453 0.651855 0.541016 0.654785 0.544531 0.656738 0.549219 0.656738 0.552734 0.653809 0.552734 0.644531 0.547266 0.627441 0.545703 0.625977
1 0.552734 0.674805 0.549609 0.678223 0.548828 0.680664 0.548828 0.694336 0.550781 0.700684 0.554688 0.707031 0.556641 0.708496 0.560547 0.708496 0.5625 0.705078 0.562891 0.70166 0.561328 0.681152 0.558594 0.67627
1 0.380859 0.619629 0.375 0.623047 0.373437 0.630371 0.373828 0.64209 0.377344 0.653809 0.38125 0.657715 0.385937 0.658203 0.387891 0.654785 0.385937 0.625488 0.383984 0.621094
1 0.685547 0.590332 0.683984 0.592773 0.683203 0.59668 0.683203 0.608887 0.684766 0.616699 0.689453 0.625488 0.692969 0.62793 0.697266 0.627441 0.700391 0.624023 0.700781 0.620605 0.695312 0.601074 0.690234 0.591797
1 0.768359 0.574219 0.766797 0.578125 0.766797 0.59082 0.767969 0.595703 0.771875 0.603516 0.774609 0.606934 0.779687 0.606934 0.782813 0.603516 0.783594 0.597168 0.776953 0.579102 0.772266 0.57373
1 0.962109 0.534668 0.960547 0.537598 0.960547 0.546387 0.962109 0.555176 0.965625 0.56543 0.970703 0.57666 0.978125 0.583496 0.983203 0.584473 0.984766 0.580566 0.983594 0.575684 0.976172 0.558594 0.972656 0.547852 0.967578 0.536621 0.964844 0.534668
1 0.966016 0.386719 0.9625 0.389648 0.960938 0.394043 0.959375 0.402344 0.959766 0.412598 0.962109 0.420898 0.966016 0.425781 0.971484 0.427734 0.973828 0.424805 0.973828 0.422852 0.972656 0.42041 0.970313 0.403809 0.970313 0.394043 0.96875 0.388184
1 0.872266 0.378906 0.870313 0.380371 0.869531 0.383301 0.869531 0.38916 0.871875 0.400879 0.877344 0.42041 0.883203 0.432129 0.885547 0.432617 0.888281 0.429199 0.889062 0.424805 0.888672 0.41748 0.886719 0.408203 0.879297 0.385254 0.876563 0.380859
1 0.973047 0.42627 0.973437 0.431152 0.977734 0.436523 0.985938 0.443848 0.989062 0.445312 0.993359 0.450195 0.997656 0.452637 1 0.452637 1 0.438477 0.998437 0.438477 0.991406 0.431152 0.982031 0.425293 0.975 0.424316
1 0.210938 0.782715 0.212109 0.788086 0.220312 0.791992 0.228125 0.793945 0.239844 0.794922 0.242578 0.791504 0.241016 0.783691 0.232031 0.777832 0.226172 0.776855 0.219531 0.777344
1 0.18125 0.845215 0.182031 0.850098 0.189453 0.858398 0.197266 0.865234 0.207422 0.869141 0.216406 0.869141 0.223828 0.866699 0.225391 0.864746 0.225 0.86084 0.216406 0.858398 0.201172 0.848145 0.187891 0.84375 0.183594 0.84375
1 0.316016 0.873535 0.316016 0.876953 0.317578 0.879395 0.326172 0.885254 0.337891 0.88916 0.342187 0.88916 0.344922 0.885742 0.342969 0.878418 0.334375 0.871582 0.329297 0.870117 0.321484 0.870117 0.318359 0.871094
1 0.264844 0.900391 0.2625 0.899902 0.258984 0.901367 0.252344 0.90918 0.249219 0.920898 0.242578 0.931641 0.241797 0.936523 0.242969 0.938477 0.244922 0.938965 0.254297 0.935059 0.260547 0.926758 0.267188 0.90918 0.267578 0.904297
1 0.219922 0.160156 0.217969 0.162109 0.217578 0.164551 0.219922 0.194336 0.224609 0.20459 0.226562 0.206543 0.227344 0.209961 0.235156 0.21875 0.236719 0.21875 0.2375 0.217773 0.240547 0.218164 0.239375 0.210986 0.241055 0.215234 0.2375 0.207031 0.235156 0.201172 0.235937 0.196289 0.234766 0.189453 0.231641 0.181152 0.226562 0.171387 0.224609 0.165039 0.221094 0.160156
1 0.219922 0.202637 0.215313 0.199854 0.213125 0.205566 0.219141 0.216797 0.223828 0.219727 0.229687 0.217773 0.229687 0.214844 0.227734 0.212402 0.228516 0.208984 0.226172 0.206055 0.225781 0.204102
1 0.197656 0.208496 0.196875 0.210938 0.197656 0.217285 0.204687 0.225586 0.208203 0.227539 0.211719 0.231445 0.223047 0.234863 0.226953 0.234863 0.230078 0.23291 0.230078 0.228027 0.224219 0.22168 0.21875 0.218262 0.208594 0.206543 0.205859 0.205078 0.201563 0.205078
1 0.689453 0.710449 0.687109 0.717285 0.687109 0.731445 0.689063 0.740234 0.695703 0.749512 0.703516 0.753906 0.709375 0.75293 0.709766 0.749512 0.708594 0.746094 0.702734 0.739258 0.694922 0.724121 0.692187 0.712891
1 0.609375 0.736328 0.607812 0.736816 0.605859 0.739746 0.605469 0.747559 0.607812 0.758789 0.610938 0.76709 0.611719 0.774414 0.614844 0.777344 0.619922 0.770508 0.621094 0.765625 0.621094 0.759766 0.615625 0.740234 0.613281 0.737305
1 0.725 0.763184 0.720703 0.762695 0.714063 0.765625 0.704297 0.775879 0.7 0.782227 0.698828 0.786621 0.699219 0.791992 0.701562 0.79541 0.707031 0.796387 0.710156 0.793945 0.7125 0.788086 0.724609 0.772461 0.725781 0.769043
1 0.849219 0.681641 0.846484 0.686035 0.846875 0.693848 0.851172 0.705566 0.857422 0.713379 0.861328 0.715332 0.866016 0.714844 0.867578 0.711914 0.867578 0.708496 0.866016 0.703125 0.857031 0.686035 0.853906 0.683105
1 0.844922 0.695312 0.844141 0.692871 0.842187 0.691406 0.828516 0.692871 0.807031 0.697754 0.803906 0.700195 0.803906 0.702148 0.805859 0.70459 0.813281 0.707031 0.824609 0.70752 0.830859 0.706543 0.842969 0.70166 0.844922 0.698242
1 0.857031 0.651855 0.855859 0.655273 0.860547 0.669434 0.869531 0.678711 0.873437 0.680176 0.878125 0.679688 0.879687 0.677246 0.879687 0.673828 0.873047 0.661621 0.861719 0.651855
1 0.920312 0.634766 0.915625 0.635742 0.908594 0.644531 0.902734 0.649414 0.902734 0.650879 0.912109 0.662109 0.916016 0.662109 0.919531 0.660156 0.923438 0.654785 0.924609 0.648926 0.924609 0.64209 0.923047 0.638184
1 0.810937 0.584473 0.809766 0.586426 0.809766 0.59082 0.816797 0.607422 0.822656 0.614746 0.827344 0.616699 0.830859 0.616699 0.832031 0.614258 0.832031 0.610352 0.830078 0.606445 0.827344 0.596191 0.819141 0.586914 0.814453 0.583984
1 0.84418 0.589307 0.852148 0.586133 0.855469 0.597803 0.857812 0.616699 0.858594 0.619141 0.85625 0.642578 0.854297 0.647949 0.850391 0.651367 0.848437 0.650391 0.846875 0.643066 0.847266 0.637695 0.846094 0.634766 0.846484 0.631348 0.846562 0.621289
1 0.830469 0.600098 0.830078 0.604492 0.832812 0.608887 0.841406 0.612305 0.844141 0.612305 0.859805 0.615576 0.865234 0.624023 0.86875 0.624023 0.869531 0.622559 0.869141 0.618164 0.866016 0.610352 0.860938 0.603516 0.857422 0.600586 0.853906 0.599121 0.844141 0.600098 0.833203 0.599121
1 0.763672 0.817383 0.7625 0.82373 0.767188 0.835449 0.775391 0.845703 0.777344 0.84668 0.780859 0.846191 0.782422 0.842285 0.782422 0.838867 0.780078 0.828613 0.770703 0.818359 0.768359 0.816895
1 0.871094 0.741699 0.869531 0.743652 0.869531 0.748047 0.871875 0.75293 0.877344 0.773926 0.880469 0.779785 0.882422 0.780762 0.887109 0.780273 0.889062 0.775879 0.888672 0.767578 0.886719 0.758789 0.883984 0.751953 0.878906 0.744629 0.873437 0.741211
1 0.895312 0.818359 0.894922 0.822754 0.896094 0.825684 0.906641 0.834473 0.910547 0.835938 0.917188 0.835938 0.919531 0.833984 0.919531 0.827148 0.915625 0.821777 0.904297 0.816895 0.897266 0.816895
1 0.619922 0.859863 0.618359 0.861328 0.617578 0.865234 0.61875 0.882812 0.622266 0.890625 0.626563 0.896484 0.63125 0.899414 0.633984 0.898438 0.635156 0.896484 0.635156 0.892578 0.632031 0.875977 0.625 0.861328 0.622656 0.859375
1 0.994531 0.787109 0.992969 0.782715 0.989062 0.78125 0.982031 0.78418 0.970703 0.78418 0.967969 0.786621 0.967578 0.790527 0.969141 0.794434 0.974219 0.798828 0.978125 0.800781 0.983203 0.80127 0.987109 0.800293 0.992188 0.795898 0.994531 0.791016
1 0.501953 0.96875 0.498047 0.96875 0.497266 0.969727 0.494922 0.981445 0.491406 0.991211 0.487891 0.996582 0.4875 1 0.501563 1 0.504297 0.988281 0.503906 0.973633
1 0.0386719 0.93457 0.0390625 0.938965 0.0417969 0.943359 0.0523438 0.951172 0.0730469 0.955078 0.0761719 0.952148 0.0765625 0.946777 0.0757812 0.944336 0.06875 0.939453 0.0417969 0.932617
2 0.607031 0.626465 0.607422 0.628418 0.609375 0.630371 0.614453 0.632324 0.630078 0.642578 0.633594 0.643555 0.635938 0.642578 0.633203 0.633789 0.626172 0.627441 0.615625 0.623535 0.610547 0.623535
