0 0.482031 0.526367 0.477734 0.526367 0.475 0.527832 0.471094 0.532715 0.470703 0.536621 0.471094 0.570801 0.472656 0.578125 0.475 0.582031 0.476953 0.583008 0.479297 0.583008 0.482812 0.580566 0.487891 0.579102 0.491406 0.57373 0.491406 0.571777 0.489844 0.569336 0.489844 0.567383 0.490625 0.565918 0.490625 0.558594 0.491406 0.554199 0.491016 0.539551 0.489063 0.533691 0.4875 0.53125
0 0.629687 0.579102 0.626172 0.583496 0.626563 0.584961 0.628906 0.584961 0.630469 0.583008 0.635156 0.587891 0.637891 0.594727 0.638672 0.603516 0.641406 0.608887 0.646094 0.614258 0.650781 0.618652 0.654687 0.621094 0.660156 0.626953 0.663281 0.633301 0.665234 0.640137 0.665234 0.642578 0.666797 0.646973 0.669141 0.650879 0.671484 0.650391 0.672656 0.646484 0.672656 0.637695 0.673438 0.633301 0.673047 0.624023 0.671875 0.616211 0.666016 0.604004 0.663672 0.601074 0.6625 0.598145 0.660156 0.595703 0.646875 0.587402 0.642188 0.586914 0.640625 0.584961 0.639453 0.581543 0.639453 0.57959 0.638281 0.578125 0.634766 0.579102
0 0.657031 0.779297 0.655859 0.777832 0.653125 0.777832 0.646484 0.781738 0.626172 0.785645 0.610156 0.791504 0.603516 0.796875 0.598437 0.803711 0.594531 0.807617 0.591016 0.812988 0.586719 0.817383 0.583984 0.822266 0.583594 0.82666 0.585156 0.828125 0.589844 0.828125 0.592969 0.827148 0.599609 0.82373 0.603516 0.820801 0.614453 0.816406 0.623437 0.814453 0.626953 0.8125 0.632031 0.811035 0.635156 0.808105 0.643359 0.796875 0.650781 0.791992 0.655469 0.787109
0 0.682031 0.0258789 0.672266 0.0253906 0.665234 0.0273438 0.653516 0.0268555 0.65 0.0288086 0.643359 0.0385742 0.637891 0.0424805 0.632031 0.0493164 0.627344 0.0571289 0.625391 0.0620117 0.618359 0.0712891 0.610547 0.0869141 0.609375 0.0917969 0.607031 0.0961914 0.605469 0.102051 0.605469 0.10498 0.607422 0.10791 0.611719 0.10791 0.619141 0.103027 0.623828 0.103027 0.625781 0.0996094 0.626172 0.0952148 0.632031 0.0859375 0.638281 0.0800781 0.64375 0.0776367 0.646094 0.0742188 0.65 0.0712891 0.653906 0.0722656 0.654297 0.0683594 0.655469 0.0654297 0.655469 0.0615234 0.658594 0.0546875 0.665234 0.0463867 0.676953 0.0371094 0.682031 0.0307617
0 0.1875 0.0600586 0.189062 0.0688477 0.192188 0.0766602 0.194922 0.0800781 0.198047 0.0913086 0.202734 0.0961914 0.205469 0.104004 0.210156 0.108398 0.217188 0.111816 0.221094 0.116699 0.237891 0.121094 0.243359 0.124023 0.245703 0.124023 0.249219 0.120605 0.249219 0.117676 0.247656 0.115234 0.247656 0.112793 0.249219 0.106934 0.248828 0.104004 0.239844 0.0957031 0.237109 0.0942383 0.232031 0.0883789 0.219531 0.0830078 0.210938 0.078125 0.207031 0.074707 0.204297 0.0712891 0.201953 0.065918 0.198437 0.0625 0.192969 0.059082 0.189062 0.0585938
0 0.837109 0.646484 0.835156 0.649902 0.835156 0.654785 0.836328 0.657715 0.836719 0.662598 0.839063 0.666016 0.839453 0.669922 0.840625 0.67334 0.841016 0.688965 0.843359 0.701172 0.853516 0.729004 0.857422 0.733887 0.861719 0.73584 0.8625 0.733887 0.8625 0.72998 0.860547 0.723633 0.859766 0.71582 0.860156 0.686035 0.858203 0.674805 0.856641 0.669434 0.852344 0.661621 0.850391 0.65625 0.842187 0.647461 0.840234 0.646484
0 1 0.650391 0.998437 0.650391 0.992578 0.65332 0.987891 0.658691 0.983594 0.669922 0.977344 0.680176 0.972656 0.689941 0.972266 0.694336 0.973828 0.696777 0.978906 0.693359 0.983984 0.6875 0.987109 0.686035 0.997656 0.677246 1 0.676758
1 0.196484 0.0952148 0.195703 0.0976562 0.195703 0.100586 0.196875 0.104004 0.202344 0.113281 0.206641 0.123047 0.209766 0.126953 0.211719 0.131836 0.220703 0.144043 0.228125 0.149902 0.232813 0.152344 0.235547 0.155273 0.239063 0.156738 0.24375 0.161133 0.248047 0.163574 0.253125 0.167969 0.255078 0.168945 0.258984 0.168945 0.260156 0.167969 0.260547 0.165527 0.258594 0.162598 0.256641 0.157227 0.253125 0.154297 0.245312 0.14209 0.241797 0.138184 0.240625 0.135254 0.237109 0.131348 0.233203 0.124512 0.227344 0.120605 0.224609 0.117188 0.220312 0.114258 0.217188 0.11084 0.211719 0.107422 0.210156 0.10498 0.209766 0.103027 0.203125 0.0942383 0.200391 0.09375 0.197656 0.0942383
1 0.382422 0.0473633 0.376172 0.0473633 0.368359 0.0507812 0.364063 0.0537109 0.357812 0.0561523 0.348438 0.0634766 0.345313 0.0678711 0.338281 0.0854492 0.335938 0.0942383 0.333594 0.097168 0.329297 0.0981445 0.327734 0.0996094 0.328125 0.107422 0.326562 0.11084 0.326562 0.115234 0.325391 0.118164 0.325 0.122559 0.322656 0.125977 0.322656 0.131836 0.324609 0.134277 0.326953 0.134277 0.330859 0.131348 0.333203 0.128418 0.338281 0.125 0.342969 0.125 0.346484 0.125977 0.350781 0.123047 0.353516 0.122559 0.353125 0.119141 0.354297 0.117676 0.355078 0.114258 0.358203 0.111328 0.358594 0.105957 0.357812 0.103516 0.358203 0.0986328 0.363281 0.0800781 0.369531 0.065918 0.382031 0.0522461 0.383203 0.0498047 0.383203 0.0483398
1 0.304297 0.103027 0.304688 0.106934 0.305469 0.108398 0.310547 0.111328 0.3125 0.111328 0.319922 0.114258 0.322266 0.117188 0.324219 0.118164 0.326953 0.12207 0.327734 0.124512 0.329297 0.125977 0.333594 0.126953 0.336719 0.125 0.341406 0.125 0.345703 0.127441 0.350391 0.128418 0.353516 0.130371 0.357031 0.130859 0.362109 0.133301 0.369531 0.138184 0.373437 0.139648 0.376563 0.144043 0.382812 0.147461 0.386719 0.147949 0.388281 0.147461 0.389062 0.145996 0.389062 0.142578 0.385156 0.140137 0.382422 0.136719 0.381641 0.134277 0.374219 0.125 0.372656 0.121582 0.367578 0.115723 0.366016 0.112793 0.359766 0.106934 0.357031 0.103027 0.353516 0.103027 0.349219 0.104492 0.346094 0.104004 0.342969 0.101562 0.341016 0.101074 0.3375 0.097168 0.326172 0.0952148 0.310937 0.0957031 0.30625 0.0986328
1 0.421875 0.0913086 0.419141 0.0957031 0.419141 0.102539 0.419922 0.109863 0.423047 0.117188 0.428125 0.125 0.43125 0.125488 0.435156 0.127441 0.440234 0.134766 0.441406 0.139648 0.445703 0.143555 0.450781 0.150879 0.453516 0.150391 0.454688 0.148926 0.455469 0.14502 0.455859 0.126465 0.454688 0.119629 0.452344 0.114258 0.451953 0.111816 0.441797 0.102539 0.438672 0.0986328 0.4375 0.0952148 0.435156 0.0927734 0.428906 0.090332 0.423828 0.090332
1 0.444141 0.133301 0.442969 0.129395 0.439453 0.123535 0.437109 0.122559 0.435156 0.120117 0.43125 0.120117 0.428906 0.118164 0.427734 0.118164 0.426953 0.12207 0.425781 0.123535 0.411328 0.126465 0.407422 0.128418 0.404297 0.134277 0.403906 0.138184 0.404687 0.140625 0.407422 0.144043 0.417187 0.150391 0.422266 0.152344 0.427344 0.152344 0.436328 0.147949 0.441016 0.143555 0.444141 0.13916
1 0.698047 0.303711 0.696875 0.303711 0.695703 0.305664 0.69375 0.306641 0.692969 0.308594 0.689844 0.311523 0.6875 0.314941 0.683594 0.324219 0.681641 0.326172 0.679688 0.334473 0.677344 0.340332 0.674609 0.353027 0.673828 0.371582 0.671484 0.383789 0.671484 0.386719 0.672656 0.389648 0.678125 0.38916 0.682813 0.383301 0.685937 0.378418 0.687109 0.373535 0.691016 0.366211 0.692578 0.361328 0.692578 0.35791 0.69375 0.354004 0.69375 0.349121 0.694531 0.346191 0.694531 0.336914 0.693359 0.333984 0.692969 0.32666 0.694141 0.323242 0.694531 0.318848 0.698047 0.30957
1 0.708203 0.321777 0.703906 0.325195 0.703516 0.328613 0.701562 0.330078 0.699609 0.333496 0.697656 0.333984 0.697266 0.337402 0.69375 0.346191 0.692969 0.355957 0.693359 0.365723 0.696094 0.373535 0.7 0.377441 0.709375 0.395508 0.716016 0.412109 0.717578 0.413574 0.721094 0.413574 0.723047 0.408691 0.723047 0.393555 0.720703 0.379883 0.718359 0.374512 0.717187 0.369141 0.714844 0.364258 0.714453 0.361328 0.711328 0.35498 0.708984 0.346191 0.708984 0.333496 0.710156 0.330566 0.710156 0.325195 0.709375 0.322266
1 0.760156 0.418457 0.753516 0.430664 0.751172 0.437988 0.750391 0.452148 0.748828 0.461914 0.748437 0.470215 0.751172 0.483887 0.759375 0.505371 0.764844 0.509277 0.769922 0.509277 0.776172 0.505859 0.778125 0.503906 0.780078 0.500488 0.780469 0.497559 0.778516 0.493652 0.771484 0.491211 0.769922 0.48877 0.768359 0.483398 0.766406 0.466309 0.764453 0.458496 0.7625 0.454102 0.760938 0.444336 0.761328 0.435059 0.762891 0.428711 0.763672 0.418945
1 0.761719 0.134277 0.761719 0.138184 0.762891 0.139648 0.763281 0.14209 0.764062 0.143066 0.766406 0.143555 0.767969 0.145996 0.771484 0.145996 0.774609 0.147949 0.777344 0.147949 0.780469 0.150391 0.783203 0.150879 0.789453 0.154297 0.798438 0.15625 0.805078 0.156738 0.814453 0.159668 0.820312 0.160156 0.821484 0.161621 0.826172 0.161133 0.828516 0.162598 0.832031 0.162598 0.834375 0.161621 0.836328 0.15918 0.836328 0.157227 0.833594 0.150879 0.828516 0.148926 0.823438 0.14502 0.820312 0.144043 0.819531 0.142578 0.814453 0.142578 0.805469 0.137695 0.801562 0.134277 0.794531 0.130859 0.785156 0.130371 0.782031 0.131348 0.775781 0.135254 0.774609 0.135254 0.772656 0.133789 0.767188 0.134766 0.764453 0.132324 0.762891 0.132324
1 0.655078 0.0625 0.653125 0.0620117 0.650781 0.0629883 0.646484 0.0683594 0.641016 0.0732422 0.638672 0.0766602 0.633594 0.0791016 0.628125 0.0874023 0.623828 0.0927734 0.621875 0.09375 0.620313 0.0957031 0.61875 0.0991211 0.620313 0.103027 0.625391 0.108398 0.631641 0.112305 0.639062 0.112305 0.645703 0.10791 0.651172 0.0996094 0.654687 0.0908203 0.65625 0.0722656 0.65625 0.0654297
1 0.898828 0.303711 0.899219 0.305664 0.900391 0.307129 0.904297 0.307129 0.90625 0.305176 0.909375 0.303711 0.916016 0.296387 0.922656 0.29248 0.952344 0.291016 0.958594 0.290039 0.962891 0.288086 0.964063 0.286621 0.964453 0.283203 0.962109 0.279297 0.953125 0.273926 0.95 0.272949 0.937109 0.266113 0.932422 0.265137 0.921094 0.265625 0.914844 0.269043 0.907813 0.279297 0.900391 0.295898
1 0.645312 0.535645 0.644531 0.536621 0.644531 0.54248 0.645703 0.552734 0.647656 0.558594 0.649219 0.569824 0.652734 0.581055 0.656641 0.59082 0.663672 0.599609 0.66875 0.60791 0.671484 0.616699 0.673438 0.619629 0.674609 0.623535 0.676172 0.625488 0.678516 0.630859 0.678906 0.634277 0.680859 0.63916 0.684766 0.641602 0.686719 0.641113 0.689453 0.637695 0.689844 0.629883 0.685547 0.61084 0.683594 0.607422 0.680859 0.598633 0.680859 0.595215 0.678516 0.584473 0.674609 0.574707 0.670312 0.567383 0.659766 0.554199 0.656641 0.549316 0.654687 0.544434 0.647266 0.535645
1 0.635156 0.569824 0.633594 0.569824 0.630078 0.571777 0.629297 0.574219 0.625781 0.579102 0.624219 0.58252 0.623828 0.589355 0.623047 0.592285 0.609375 0.611328 0.607812 0.616211 0.602734 0.626953 0.598047 0.640137 0.595703 0.643066 0.594922 0.646484 0.592187 0.652344 0.591406 0.655762 0.591406 0.663086 0.592187 0.666016 0.594922 0.66748 0.596484 0.666992 0.601953 0.656738 0.607422 0.650391 0.617578 0.63623 0.622656 0.631836 0.625391 0.627441 0.628906 0.623535 0.633984 0.61084 0.640234 0.599609 0.640625 0.595215 0.643359 0.591797 0.644531 0.588379 0.641016 0.58252 0.638281 0.573242
1 0.496875 0.579102 0.496484 0.581543 0.495703 0.58252 0.492969 0.583008 0.493359 0.584961 0.495312 0.585449 0.496094 0.586426 0.496875 0.59082 0.499609 0.597656 0.501172 0.606934 0.503906 0.611328 0.505469 0.616211 0.507812 0.620117 0.508984 0.624512 0.511328 0.627441 0.512891 0.631836 0.516406 0.636719 0.516797 0.638184 0.519141 0.640137 0.521094 0.643066 0.523438 0.644531 0.525 0.646973 0.532422 0.652832 0.5375 0.652832 0.538672 0.649902 0.536719 0.643066 0.533984 0.640625 0.53125 0.636719 0.530469 0.634277 0.526563 0.630371 0.523047 0.624512 0.520312 0.615234 0.517578 0.599609 0.513672 0.59082 0.510547 0.586914 0.507812 0.585449 0.505469 0.58252 0.498828 0.579102
1 0.892969 0.842285 0.890625 0.842285 0.888281 0.844727 0.886328 0.85791 0.884375 0.862305 0.88125 0.873047 0.878125 0.877441 0.875 0.884277 0.873437 0.891602 0.873437 0.935547 0.872266 0.94043 0.872266 0.948242 0.873047 0.94873 0.877734 0.946777 0.882031 0.939941 0.886719 0.919434 0.888281 0.916504 0.889453 0.910645 0.89375 0.896973 0.894531 0.891113 0.898828 0.874023 0.899609 0.864746 0.897656 0.849609 0.895703 0.845215
1 0.227734 0.626465 0.227734 0.633789 0.233594 0.644531 0.239063 0.657715 0.238672 0.669434 0.237891 0.671387 0.2375 0.678223 0.236328 0.681152 0.236328 0.686523 0.235547 0.688477 0.236328 0.692383 0.236328 0.700684 0.230469 0.70752 0.228125 0.708984 0.225391 0.713379 0.225391 0.716309 0.226953 0.71875 0.231641 0.720703 0.233594 0.720703 0.241016 0.717773 0.248047 0.708496 0.249219 0.705566 0.25625 0.698242 0.257812 0.691406 0.257812 0.681152 0.256641 0.673828 0.253906 0.666504 0.250781 0.661621 0.249609 0.657715 0.246875 0.652832 0.246484 0.650391 0.24375 0.646484 0.241016 0.640137 0.233203 0.628418 0.230078 0.626465
1 0.230469 0.66748 0.227734 0.66748 0.221094 0.677246 0.217969 0.68457 0.211719 0.692383 0.203906 0.705078 0.201172 0.719727 0.201172 0.729492 0.202344 0.734863 0.202344 0.740723 0.199609 0.746582 0.194922 0.752441 0.194141 0.754883 0.194531 0.757324 0.197266 0.760742 0.201953 0.760742 0.20625 0.757812 0.214062 0.747559 0.215625 0.744141 0.216797 0.73877 0.216797 0.732422 0.217578 0.728516 0.219922 0.722168 0.223438 0.717285 0.225781 0.708496 0.225391 0.70459 0.226172 0.696289 0.231641 0.677246 0.232422 0.670898 0.232031 0.668945
1 0.0402344 0.942871 0.0363281 0.945801 0.034375 0.949707 0.0351562 0.958984 0.0410156 0.974609 0.0429688 0.978027 0.0449219 0.988281 0.0480469 0.997559 0.0480469 1 0.0527344 1 0.0550781 0.994629 0.0546875 0.98877 0.05625 0.967285 0.05625 0.958984 0.0554687 0.953613 0.0527344 0.946289 0.0449219 0.942383
1 0.0191406 0.92334 0.0191406 0.928711 0.0207031 0.932617 0.0234375 0.936035 0.0238281 0.937988 0.025 0.939453 0.0246094 0.943359 0.0285156 0.943359 0.0292969 0.944336 0.0289063 0.946777 0.0300781 0.946777 0.0304687 0.945801 0.0328125 0.945801 0.0410156 0.941895 0.0558594 0.942383 0.059375 0.941406 0.0667969 0.941406 0.0757812 0.945312 0.0769531 0.944336 0.0769531 0.939453 0.0761719 0.938477 0.0742188 0.9375 0.0730469 0.935547 0.0707031 0.93457 0.06875 0.931641 0.0660156 0.930176 0.0601563 0.923828 0.0527344 0.919922 0.0453125 0.917969 0.0308594 0.918457 0.0289063 0.919434 0.0246094 0.919434 0.0203125 0.921875
1 0.0253906 0.864258 0.0167969 0.864258 0.015625 0.865234 0.0140625 0.868164 0.0136719 0.870605 0.0140625 0.881348 0.0117188 0.886719 0.00898437 0.890137 0.00390625 0.899414 0.00273437 0.905273 0.00117187 0.907227 0 0.907227 0 0.92334 0.00195312 0.923828 0.00351563 0.925781 0.00976562 0.926758 0.0136719 0.924805 0.0175781 0.921387 0.0207031 0.91748 0.0222656 0.914062 0.025 0.902344 0.0257812 0.87793 0.0269531 0.872559 0.0285156 0.869629 0.0285156 0.868164 0.0273438 0.865723
