0 0.642188 0.327637 0.638672 0.327637 0.637109 0.32959 0.625391 0.352539 0.603516 0.378906 0.596094 0.391113 0.584375 0.397949 0.578516 0.402832 0.580078 0.407715 0.585156 0.408203 0.602734 0.40332 0.611328 0.399414 0.620313 0.392578 0.626563 0.383789 0.629687 0.375 0.635547 0.364258 0.639844 0.353516 0.642969 0.339844 0.642969 0.32959
0 0.523047 0.621094 0.519531 0.621094 0.514062 0.623047 0.509375 0.629395 0.505859 0.638672 0.503906 0.651855 0.498437 0.662598 0.496875 0.678223 0.493359 0.683105 0.490234 0.691406 0.487109 0.706543 0.493359 0.722168 0.496875 0.724609 0.498437 0.724121 0.500391 0.720215 0.501563 0.711426 0.503906 0.704102 0.507031 0.700684 0.512109 0.686523 0.517188 0.680664 0.518359 0.67627 0.521094 0.65625 0.51875 0.634766 0.520312 0.629395 0.524219 0.623535 0.524219 0.62207
1 0.280078 0.128418 0.278125 0.132324 0.278125 0.138184 0.28125 0.148438 0.286328 0.159668 0.293359 0.166016 0.295312 0.168945 0.299609 0.171875 0.308203 0.185059 0.3125 0.202637 0.314453 0.217773 0.31875 0.219238 0.319531 0.217773 0.319531 0.206543 0.318359 0.194336 0.319141 0.188965 0.318359 0.183594 0.319141 0.175293 0.31875 0.16748 0.315234 0.15918 0.310937 0.154297 0.302734 0.147949 0.293359 0.142578 0.284375 0.127441 0.282422 0.126953
1 0.564844 0.162598 0.560937 0.156738 0.553516 0.155762 0.549219 0.157715 0.546094 0.161133 0.540625 0.164062 0.535937 0.164551 0.529297 0.162598 0.520312 0.163086 0.5125 0.168945 0.509766 0.176758 0.507422 0.180176 0.500781 0.186035 0.489453 0.191406 0.488281 0.194336 0.490625 0.197754 0.495312 0.197754 0.509766 0.192871 0.517578 0.188477 0.536328 0.182129 0.542188 0.182617 0.549609 0.181152 0.553125 0.179199 0.554688 0.175293 0.557813 0.171387 0.562891 0.167969 0.564844 0.164551
1 0.672266 0.0507812 0.669141 0.0537109 0.666797 0.0668945 0.666797 0.0888672 0.669531 0.100098 0.671875 0.104492 0.66875 0.113281 0.668359 0.119629 0.669531 0.121582 0.676172 0.126465 0.681641 0.133789 0.685547 0.13623 0.689063 0.13623 0.691016 0.135254 0.691797 0.129883 0.6875 0.124512 0.685547 0.120117 0.685156 0.0913086 0.683203 0.0820312 0.679297 0.0737305 0.676562 0.0644531 0.675781 0.0527344 0.674609 0.0507812
1 0.894922 0 0.89375 0.012207 0.890625 0.0273438 0.891406 0.0419922 0.894141 0.0649414 0.898438 0.0874023 0.900391 0.0917969 0.903906 0.0927734 0.905078 0.0908203 0.904297 0.0620117 0.909375 0.0283203 0.909375 0.00732422 0.906641 0
1 0.622266 0.230469 0.619922 0.228027 0.617969 0.228027 0.610938 0.232422 0.603516 0.241211 0.596094 0.255371 0.579297 0.254883 0.559375 0.260742 0.553906 0.265137 0.544922 0.277344 0.539844 0.285645 0.540234 0.290039 0.547266 0.287598 0.553906 0.280762 0.564063 0.273438 0.585156 0.274902 0.595703 0.27002 0.599609 0.265625 0.607812 0.25293 0.620703 0.237305 0.622656 0.232422
1 0 0.333008 0 0.358887 0.009375 0.36084 0.021875 0.365234 0.0402344 0.368164 0.0484375 0.370605 0.0558594 0.370117 0.065625 0.365234 0.0695313 0.359375 0.0691406 0.353027 0.0679687 0.350098 0.0640625 0.346191 0.0601563 0.346191 0.05 0.342773 0.0425781 0.338867 0.0363281 0.337402
1 0.0800781 0.437012 0.0765625 0.434082 0.0640625 0.436523 0.0488281 0.444336 0.0246094 0.445801 0.00898437 0.450195 0.00742187 0.453125 0.00820313 0.45752 0.0148437 0.462891 0.0277344 0.46582 0.0335937 0.465332 0.0425781 0.473633 0.0480469 0.477051 0.0523438 0.477051 0.0617188 0.472168 0.0707031 0.462402 0.0792969 0.446289 0.0804688 0.441895
1 0.517969 0.454102 0.513672 0.454102 0.512891 0.455566 0.512891 0.458008 0.516016 0.464844 0.516406 0.468262 0.515625 0.47168 0.512109 0.476074 0.510156 0.480469 0.507812 0.494629 0.506641 0.524414 0.505078 0.529785 0.505078 0.536621 0.507031 0.540039 0.508984 0.541016 0.512891 0.540527 0.514453 0.538086 0.519922 0.51416 0.525391 0.498047 0.528516 0.47998 0.528516 0.476074 0.525781 0.466309 0.522266 0.458984
1 0.694922 0.418945 0.694141 0.419434 0.694141 0.422852 0.70625 0.45166 0.708203 0.459473 0.707812 0.46582 0.703125 0.482422 0.702344 0.496582 0.699219 0.509766 0.699219 0.51709 0.700391 0.520508 0.705078 0.523438 0.708594 0.51709 0.714453 0.510742 0.717578 0.501953 0.721875 0.484375 0.722266 0.470703 0.717578 0.456055 0.715234 0.452148 0.711328 0.440918 0.699609 0.423828 0.698047 0.419922
1 0.783203 0.51123 0.774219 0.515625 0.757031 0.527344 0.747656 0.531738 0.74375 0.537598 0.741406 0.543457 0.740234 0.549805 0.738672 0.57666 0.737109 0.58252 0.737109 0.585449 0.738281 0.588379 0.741016 0.588379 0.744531 0.58252 0.753516 0.561523 0.759375 0.55127 0.760156 0.547363 0.759766 0.539062 0.761328 0.53418 0.764453 0.531738 0.772266 0.529297 0.778906 0.524902 0.782813 0.520996 0.784375 0.516602 0.784375 0.513672
1 0.403125 0.670898 0.401172 0.668945 0.396484 0.668457 0.382031 0.672852 0.375781 0.676758 0.358984 0.681641 0.349609 0.687988 0.346875 0.691406 0.339453 0.705566 0.335938 0.709961 0.33125 0.719727 0.319531 0.733887 0.319922 0.737305 0.321875 0.740234 0.324609 0.741699 0.330078 0.740723 0.349609 0.720215 0.354297 0.716797 0.378906 0.688965 0.403125 0.672363
1 0.584766 0.587402 0.582422 0.586914 0.575781 0.589844 0.567187 0.600586 0.564453 0.605469 0.558203 0.609863 0.554688 0.61377 0.551172 0.62207 0.55 0.629395 0.547656 0.63623 0.538672 0.649902 0.535937 0.660645 0.535937 0.666016 0.536719 0.66748 0.542188 0.666016 0.557813 0.65332 0.570312 0.635742 0.585156 0.594238
1 0.553125 0.651367 0.553516 0.654785 0.561719 0.65625 0.582031 0.65625 0.590234 0.654785 0.610156 0.657715 0.616406 0.656738 0.619531 0.652832 0.619141 0.650879 0.616016 0.647461 0.608984 0.642578 0.596094 0.638184 0.584375 0.632324 0.577734 0.630859 0.571875 0.631348 0.563672 0.641602 0.555078 0.645508 0.553516 0.647949
1 0.689063 0.760254 0.6875 0.763184 0.6875 0.770996 0.689063 0.778809 0.691016 0.782715 0.697656 0.789551 0.700391 0.79834 0.700391 0.805664 0.701562 0.812012 0.711328 0.833984 0.717187 0.842773 0.724219 0.848633 0.736719 0.853516 0.745313 0.853516 0.746094 0.852051 0.745313 0.845703 0.731641 0.833984 0.728125 0.829102 0.726172 0.822266 0.725391 0.808594 0.721094 0.797363 0.705078 0.779297 0.698047 0.773926 0.695312 0.770508 0.692187 0.763184
1 0.297266 0.919922 0.294531 0.916504 0.291406 0.915039 0.283594 0.914551 0.276172 0.916504 0.266797 0.92334 0.260547 0.930664 0.255469 0.941406 0.251172 0.959473 0.245703 0.969238 0.247266 0.975098 0.250391 0.977539 0.255078 0.976562 0.261328 0.969238 0.265234 0.961426 0.275391 0.949219 0.280469 0.939941 0.28125 0.935547 0.286328 0.928711 0.296875 0.921387
1 0.414062 0.988281 0.4125 0.983398 0.409375 0.97998 0.403125 0.979492 0.4 0.980469 0.383984 0.991211 0.378906 0.996582 0.378125 1 0.412891 1 0.414062 0.996582
1 0.0941406 0.965332 0.0929688 0.963379 0.0871094 0.959473 0.0765625 0.955078 0.0714844 0.954102 0.0632812 0.95459 0.0539063 0.958496 0.0488281 0.962402 0.0441406 0.963867 0.0398437 0.967773 0.03125 0.969727 0.0292969 0.973633 0.0292969 0.979492 0.0328125 0.982422 0.0359375 0.982422 0.0480469 0.979004 0.05625 0.975098 0.0660156 0.975586 0.078125 0.970215 0.0925781 0.971191 0.0941406 0.969727
2 0.504687 0.592773 0.501172 0.592285 0.484375 0.609375 0.478125 0.617676 0.466016 0.641602 0.464453 0.646973 0.466016 0.652832 0.467578 0.65332 0.470313 0.650879 0.488672 0.628418 0.503125 0.60498 0.505469 0.599121 0.505469 0.59375
