0 0.530859 0.934082 0.526172 0.931152 0.522266 0.931641 0.511328 0.940918 0.494141 0.949707 0.489844 0.955566 0.488281 0.959473 0.483984 0.977539 0.476562 0.996582 0.476562 1 0.485938 1 0.495312 0.989258 0.498437 0.981934 0.502734 0.976074 0.507031 0.96582 0.511719 0.960938 0.517578 0.957031 0.522656 0.950684 0.530078 0.939453 0.53125 0.936035
0 0.330859 0.682129 0.329297 0.683594 0.326562 0.693848 0.325 0.70459 0.320312 0.721191 0.31875 0.724121 0.316797 0.733398 0.316797 0.743652 0.31875 0.756348 0.323437 0.77002 0.326172 0.772461 0.330469 0.770996 0.334766 0.763184 0.339062 0.750488 0.335938 0.740723 0.333203 0.724121 0.332813 0.710449 0.333984 0.686523
0 0.589063 0.587402 0.587891 0.588867 0.584063 0.592529 0.582422 0.595215 0.580078 0.598633 0.568359 0.610352 0.560156 0.620605 0.552734 0.647461 0.551953 0.656738 0.553516 0.65918 0.557422 0.660156 0.563672 0.652344 0.569531 0.647461 0.576172 0.634766 0.588672 0.614746 0.591406 0.607422 0.595313 0.603516 0.597266 0.598633 0.600391 0.59668 0.601172 0.594727 0.600391 0.59082 0.598828 0.588379 0.594141 0.585449
1 0.271094 0.00732422 0.267969 0.0214844 0.266797 0.0424805 0.264453 0.0600586 0.262891 0.065918 0.262109 0.0810547 0.266406 0.0947266 0.271094 0.114258 0.276172 0.118652 0.282813 0.119629 0.285938 0.115234 0.285938 0.110352 0.28125 0.104492 0.280859 0.0991211 0.281641 0.09375 0.280078 0.0795898 0.280078 0.0683594 0.276562 0.0400391 0.274609 0.0112305 0.273047 0.0078125
1 0.501172 0.226074 0.498437 0.231445 0.498437 0.238281 0.501172 0.249512 0.502734 0.260742 0.507812 0.280273 0.511328 0.288086 0.513281 0.29541 0.518359 0.304688 0.528906 0.313965 0.5375 0.316406 0.555469 0.315918 0.561719 0.313477 0.564063 0.310547 0.564453 0.304688 0.561328 0.302734 0.553906 0.303711 0.547656 0.302734 0.538281 0.297852 0.535937 0.294922 0.53125 0.280273 0.519531 0.263184 0.507031 0.239258 0.502734 0.226074
1 0.397266 0.313965 0.392188 0.318848 0.388672 0.325195 0.389062 0.334473 0.401172 0.362305 0.403906 0.365723 0.407813 0.366211 0.409375 0.365234 0.410547 0.36084 0.410547 0.34375 0.408203 0.319824 0.404687 0.314941 0.400781 0.313477
1 0.373437 0.36377 0.374609 0.367676 0.382422 0.374512 0.395703 0.394043 0.399609 0.396484 0.403906 0.401855 0.410938 0.408203 0.416797 0.42041 0.422266 0.423828 0.425 0.422852 0.426563 0.415039 0.426953 0.401855 0.425 0.393066 0.421484 0.387695 0.412891 0.379395 0.404687 0.375488 0.401172 0.375 0.388672 0.365723 0.379688 0.362305 0.375781 0.362305
1 0.0449219 0.675293 0.0429688 0.677246 0.040625 0.683105 0.0390625 0.691895 0.0390625 0.701172 0.0371094 0.708008 0.0371094 0.71582 0.040625 0.726562 0.0441406 0.731934 0.0492187 0.734863 0.0535156 0.734863 0.0574219 0.730469 0.0574219 0.708008 0.0527344 0.680664 0.05 0.675781
1 0.1375 0.851562 0.136719 0.862305 0.139063 0.868164 0.1625 0.897949 0.166406 0.901855 0.192578 0.91748 0.195312 0.916504 0.196094 0.910645 0.194141 0.90625 0.182812 0.893066 0.173828 0.877441 0.167187 0.869629 0.155469 0.861816 0.142969 0.850098 0.139063 0.850098
1 0.270703 0.906738 0.269531 0.909668 0.271094 0.928223 0.271484 0.942871 0.269922 0.954102 0.269922 0.964355 0.26875 0.972656 0.269141 0.97998 0.274219 0.993164 0.273438 0.997559 0.274219 1 0.290234 1 0.291016 0.997559 0.287891 0.975586 0.2875 0.958008 0.282813 0.93457 0.276953 0.92041 0.275391 0.913086 0.273438 0.908691 0.271875 0.906738
1 0.880078 0.900879 0.879687 0.89502 0.876563 0.889648 0.867188 0.882324 0.862109 0.876465 0.854297 0.870605 0.851172 0.869629 0.842187 0.871094 0.835938 0.875 0.830469 0.880371 0.814453 0.884766 0.809766 0.890137 0.810156 0.893066 0.814063 0.895508 0.831641 0.896973 0.849609 0.88916 0.857422 0.888184 0.873828 0.901855 0.878125 0.902344
1 0.591016 0.642578 0.591016 0.647949 0.6 0.675781 0.602734 0.681641 0.607031 0.695801 0.613281 0.707031 0.622266 0.713867 0.634375 0.720703 0.646484 0.726074 0.652344 0.727539 0.657813 0.730957 0.661719 0.729492 0.662891 0.725098 0.6625 0.72168 0.658984 0.714355 0.645703 0.705566 0.640234 0.700195 0.636719 0.698242 0.629297 0.689453 0.614844 0.678223 0.605469 0.666992 0.596094 0.64502 0.592969 0.641602
1 0.551953 0.525391 0.551953 0.53125 0.557422 0.536133 0.562891 0.543945 0.564453 0.549316 0.566797 0.553223 0.569531 0.562988 0.570703 0.57373 0.575781 0.585449 0.582031 0.592773 0.583203 0.597168 0.585156 0.598633 0.591016 0.600098 0.592187 0.602051 0.592187 0.60791 0.611328 0.61084 0.6125 0.609375 0.612109 0.605957 0.605859 0.600098 0.603125 0.592285 0.598437 0.585938 0.596094 0.578613 0.59375 0.575684 0.5875 0.559082 0.582422 0.549316 0.579688 0.541016 0.570312 0.528809 0.56875 0.524414 0.565234 0.520508 0.561328 0.519043 0.557422 0.52002
1 0.417969 0.529297 0.419141 0.531738 0.425391 0.536621 0.431641 0.544434 0.436719 0.554688 0.441797 0.567871 0.453125 0.583008 0.454688 0.588867 0.458203 0.594727 0.464453 0.596191 0.471484 0.602539 0.478125 0.603027 0.485547 0.606934 0.489453 0.605957 0.491797 0.603516 0.490625 0.598145 0.476562 0.589844 0.473047 0.585938 0.472266 0.583008 0.468359 0.579102 0.463672 0.564453 0.459766 0.556152 0.451562 0.544434 0.435547 0.53125 0.424219 0.527832 0.419141 0.527832
1 0.471875 0.583008 0.467578 0.580078 0.458203 0.58252 0.451562 0.57959 0.449219 0.58252 0.442969 0.583984 0.436719 0.587402 0.427734 0.597168 0.426172 0.601562 0.423438 0.60498 0.420312 0.607422 0.419141 0.615723 0.419922 0.623535 0.423828 0.625 0.427344 0.622559 0.43125 0.617676 0.431641 0.614258 0.435547 0.614258 0.440234 0.61084 0.447656 0.60791 0.458984 0.59375 0.4625 0.593262 0.465234 0.59082 0.470703 0.589355 0.471875 0.587402
