1 0.310937 0.54541 0.308203 0.54834 0.30625 0.555176 0.306641 0.567383 0.310937 0.578125 0.313281 0.580078 0.316016 0.580078 0.319141 0.577148 0.320312 0.574219 0.320703 0.553711 0.316797 0.546875 0.314844 0.54541
1 0.216016 0.510742 0.215625 0.516113 0.217578 0.519043 0.229687 0.525879 0.235547 0.526367 0.240234 0.524414 0.244922 0.524414 0.247656 0.520996 0.239844 0.514648 0.232422 0.51123 0.223438 0.509766 0.216797 0.509766
1 0.116797 0.496582 0.116797 0.501465 0.128516 0.515137 0.140234 0.520996 0.14375 0.520996 0.144531 0.52002 0.143359 0.51416 0.133984 0.5 0.124609 0.494629 0.11875 0.494629
1 0.279687 0.373047 0.278906 0.378418 0.280078 0.382812 0.289062 0.393066 0.294922 0.395508 0.302734 0.396973 0.305859 0.398926 0.307812 0.398926 0.309766 0.397461 0.310547 0.39209 0.309375 0.388672 0.302344 0.379883 0.298438 0.37793 0.288672 0.375977 0.283984 0.37207
1 0.354687 0.410156 0.351562 0.411133 0.344922 0.42334 0.344141 0.428711 0.344922 0.436523 0.346094 0.438965 0.350391 0.438477 0.353906 0.434082 0.358203 0.42334 0.357812 0.416504
1 0.622656 0.538574 0.619141 0.537598 0.614453 0.539551 0.607031 0.540527 0.599609 0.54541 0.592578 0.547363 0.591406 0.548828 0.591016 0.553711 0.598047 0.555664 0.603516 0.558594 0.608203 0.559082 0.611719 0.558105 0.616797 0.555176 0.620703 0.550293 0.623047 0.544922
1 0.585547 0.533691 0.586719 0.540039 0.592187 0.546875 0.597656 0.546875 0.607422 0.540527 0.605859 0.53418 0.603906 0.531738 0.599609 0.529297 0.594531 0.529297 0.588281 0.53125
1 0.204297 0.773438 0.203516 0.775391 0.207031 0.785645 0.210938 0.793945 0.215234 0.800293 0.217188 0.805664 0.219531 0.807617 0.221484 0.807617 0.225391 0.803711 0.225781 0.792969 0.223047 0.782715 0.219531 0.777832 0.216797 0.775879 0.209766 0.773438
1 0.752734 0.823242 0.755469 0.829102 0.759375 0.833008 0.763672 0.835449 0.775 0.837402 0.780078 0.836426 0.782031 0.833984 0.782031 0.831055 0.780078 0.827148 0.765234 0.818359 0.757422 0.818359 0.755469 0.819336
1 0.857812 0.617188 0.853516 0.622559 0.852344 0.626465 0.852734 0.647949 0.857031 0.659668 0.859766 0.661621 0.8625 0.661621 0.864453 0.658203 0.863281 0.630859 0.860938 0.617676
1 0.880859 0.418945 0.880078 0.420898 0.880469 0.423828 0.891797 0.439453 0.898828 0.442383 0.901563 0.441895 0.902344 0.438965 0.901563 0.431641 0.900391 0.427734 0.896484 0.422363 0.891797 0.418945 0.887891 0.417969 0.882422 0.417969
1 0.707812 0.299316 0.708594 0.30127 0.721094 0.306152 0.736328 0.308105 0.737891 0.306152 0.7375 0.300293 0.735938 0.297363 0.730469 0.293945 0.721484 0.291504 0.716797 0.29248
1 0.887891 0.181641 0.885547 0.179199 0.882422 0.179199 0.877344 0.182129 0.871875 0.186523 0.867969 0.191406 0.866406 0.198242 0.871094 0.201172 0.876172 0.201172 0.880859 0.199219 0.887109 0.189453 0.888281 0.18457
1 0.899609 0.194336 0.895703 0.193848 0.883203 0.20752 0.878516 0.225586 0.878906 0.231934 0.881641 0.232422 0.886328 0.228027 0.894141 0.217285 0.900781 0.202637 0.901172 0.196289
1 0.658984 0.35498 0.657422 0.355469 0.650391 0.362793 0.646094 0.370117 0.640234 0.377441 0.638281 0.381836 0.638281 0.384766 0.639844 0.387207 0.64375 0.388184 0.651172 0.385742 0.654687 0.383301 0.658203 0.378906 0.661328 0.370117 0.661719 0.362793 0.661328 0.358398
1 0.511328 0.262207 0.509375 0.263672 0.508594 0.266602 0.508594 0.280762 0.509766 0.285645 0.515625 0.295898 0.517188 0.302734 0.519141 0.303223 0.521094 0.301758 0.522266 0.296387 0.521875 0.28125 0.520703 0.276367 0.515625 0.264648 0.513281 0.262207
1 0.61875 0.183105 0.614844 0.184082 0.608984 0.193359 0.608594 0.206543 0.610547 0.212891 0.613281 0.214844 0.616016 0.214355 0.616797 0.211914 0.622266 0.204102 0.624219 0.19873 0.623828 0.191406 0.621094 0.185547
1 0.580469 0.165039 0.579688 0.162598 0.576953 0.160156 0.571094 0.160156 0.551562 0.166992 0.551172 0.169922 0.552344 0.174316 0.55625 0.178711 0.560547 0.180664 0.566797 0.180664 0.572656 0.178711 0.577344 0.174805 0.580469 0.169434
1 0.548438 0.143555 0.544922 0.143555 0.5375 0.154297 0.528516 0.171875 0.528125 0.174316 0.529297 0.17627 0.533984 0.177246 0.539453 0.175781 0.542578 0.173828 0.545703 0.169922 0.55 0.154297 0.55 0.146973
1 0.483594 0.162598 0.483203 0.164551 0.484375 0.168945 0.4875 0.17334 0.490234 0.175293 0.501563 0.174316 0.503906 0.17334 0.505078 0.170898 0.505078 0.167969 0.503125 0.164062 0.498437 0.160156 0.487891 0.159668 0.485156 0.160645
1 0.126562 0.046875 0.123438 0.0473633 0.119141 0.0507812 0.114453 0.0595703 0.114453 0.0708008 0.117969 0.0805664 0.119141 0.081543 0.122656 0.0791016 0.127734 0.0698242 0.129688 0.050293
1 0.0246094 0.205078 0.0238281 0.207031 0.0246094 0.210938 0.0246094 0.222656 0.0269531 0.23291 0.0285156 0.236816 0.0316406 0.240723 0.0332031 0.241699 0.0351562 0.241211 0.0375 0.237793 0.0375 0.221191 0.0316406 0.209473 0.0296875 0.207031 0.0265625 0.205078
1 0.00507813 0.232422 0.00429688 0.235352 0.00429688 0.247559 0.00625 0.255859 0.0199219 0.271484 0.0226562 0.271973 0.025 0.267578 0.025 0.264648 0.0234375 0.259766 0.0175781 0.24707 0.00703125 0.232422
1 0.570703 0.351074 0.567187 0.350098 0.560547 0.351562 0.553125 0.358398 0.545312 0.381348 0.545703 0.385742 0.549219 0.386719 0.553906 0.381836 0.564063 0.365234 0.566016 0.359863 0.571094 0.35498 0.571484 0.352539
2 0.374219 0.230957 0.370703 0.230957 0.368359 0.233398 0.366797 0.242188 0.366797 0.248047 0.36875 0.257324 0.372656 0.256836 0.374609 0.25293 0.375781 0.244629 0.375391 0.232422
2 0.471094 0.0356445 0.467187 0.0361328 0.461719 0.0595703 0.462109 0.0639648 0.463281 0.0664062 0.466406 0.0664062 0.467578 0.0654297 0.469141 0.0610352 0.472266 0.0439453 0.472266 0.0395508
2 0.780078 0.868164 0.774609 0.867188 0.771484 0.871094 0.770312 0.875488 0.770312 0.882812 0.771094 0.884766 0.772266 0.885254 0.778906 0.882324 0.782813 0.87793 0.783203 0.87207
