1 0.501563 0.556641 0.502344 0.560547 0.504687 0.5625 0.514453 0.5625 0.522266 0.560547 0.526172 0.557129 0.526172 0.552734 0.523047 0.548828 0.521094 0.547852 0.510156 0.547852 0.503906 0.552246
1 0.571875 0.443359 0.567578 0.442871 0.563672 0.445312 0.558984 0.451172 0.555078 0.458984 0.554297 0.462402 0.555078 0.467773 0.560547 0.469727 0.566016 0.467285 0.569141 0.463867 0.573438 0.452148 0.573438 0.446289
1 0.469531 0.540527 0.469141 0.544922 0.470313 0.547852 0.472656 0.550781 0.482852 0.552637 0.488672 0.557617 0.491016 0.557617 0.493359 0.554688 0.49375 0.55127 0.492578 0.547363 0.491016 0.544922 0.485547 0.541016 0.480078 0.539062 0.471875 0.539062
1 0.640625 0.533691 0.639453 0.532227 0.635156 0.53125 0.620313 0.533203 0.614062 0.539062 0.613281 0.541016 0.613672 0.544434 0.614844 0.546387 0.621914 0.547705 0.630859 0.547754 0.639453 0.541504 0.640625 0.538086
1 0.678125 0.494629 0.675781 0.498535 0.675391 0.503906 0.678906 0.512695 0.68125 0.515625 0.686328 0.519043 0.692578 0.519531 0.694922 0.518555 0.696875 0.515137 0.696875 0.512207 0.695703 0.509277 0.684258 0.501074 0.682031 0.494629
1 0.633594 0.641602 0.629687 0.645508 0.628516 0.648926 0.628125 0.654297 0.628906 0.65918 0.635156 0.671387 0.639062 0.674316 0.643359 0.673828 0.644531 0.671387 0.644531 0.665527 0.639453 0.645508 0.6375 0.642578
1 0.564453 0.63916 0.564063 0.642578 0.565625 0.646484 0.571484 0.654297 0.579297 0.65918 0.582031 0.65918 0.584375 0.657715 0.584766 0.650391 0.579688 0.642578 0.567969 0.637695
1 0.543359 0.632812 0.542578 0.634766 0.543359 0.641113 0.544531 0.644043 0.547266 0.646973 0.553906 0.647949 0.558594 0.645996 0.560547 0.643555 0.560547 0.638184 0.553516 0.630371 0.547656 0.629395
1 0.398047 0.691895 0.398438 0.696777 0.401562 0.70166 0.405078 0.703613 0.413281 0.702637 0.417969 0.697266 0.417969 0.692871 0.416016 0.69043 0.412891 0.688965 0.399609 0.689453
1 0.338672 0.695801 0.338672 0.69873 0.344141 0.707031 0.352734 0.715332 0.361328 0.717285 0.364844 0.716309 0.366797 0.713867 0.366797 0.709961 0.365234 0.705566 0.357422 0.697754 0.346484 0.693359 0.341016 0.693848
1 0.220312 0.496094 0.220312 0.5 0.221875 0.50293 0.227344 0.506836 0.230469 0.507812 0.2375 0.507812 0.239844 0.506836 0.244531 0.501465 0.245703 0.498535 0.244141 0.494141 0.234375 0.490234 0.228516 0.490234 0.221875 0.493164
1 0.479297 0.443848 0.473828 0.443359 0.469922 0.445312 0.463672 0.451172 0.460547 0.455078 0.457031 0.462891 0.457422 0.467285 0.458984 0.468262 0.467187 0.467285 0.473047 0.462891 0.476172 0.458984 0.480078 0.44873
1 0.867578 0.224121 0.864453 0.223145 0.861719 0.224609 0.855469 0.23291 0.851953 0.242676 0.851953 0.248047 0.853125 0.249512 0.857422 0.25 0.862109 0.244141 0.867969 0.22998
1 0.657031 0.734375 0.654297 0.73584 0.652734 0.739746 0.651953 0.748047 0.656641 0.763184 0.657813 0.764648 0.662109 0.765137 0.664844 0.762695 0.666016 0.759766 0.666406 0.751465 0.662891 0.737305 0.660156 0.734863
1 0.692969 0.811523 0.690625 0.81543 0.690625 0.822754 0.692187 0.831055 0.696875 0.838379 0.702344 0.838867 0.704297 0.834961 0.704297 0.830078 0.701562 0.817871 0.698828 0.813477
1 0.892969 0.831543 0.892969 0.841309 0.899609 0.849609 0.906641 0.849609 0.911328 0.846191 0.913672 0.841797 0.913672 0.836914 0.908203 0.83252 0.901758 0.833154 0.894922 0.830078
1 0.448828 0.793945 0.447266 0.796875 0.447266 0.802734 0.450781 0.811523 0.455469 0.817383 0.461719 0.820312 0.464453 0.819824 0.465625 0.818359 0.466406 0.813477 0.464062 0.805664 0.455078 0.794434 0.451953 0.792969
1 0.485547 0.754883 0.483594 0.751953 0.48125 0.750977 0.475391 0.750977 0.470313 0.75293 0.465234 0.759766 0.464844 0.765137 0.465625 0.768066 0.470313 0.770996 0.474219 0.770996 0.482812 0.766602 0.485938 0.763184 0.488125 0.758447
1 0.367578 0.755371 0.372656 0.755371 0.382422 0.76709 0.385937 0.774902 0.384766 0.778809 0.379297 0.779785 0.376563 0.778809 0.368359 0.771973 0.365625 0.763672 0.365625 0.759277
1 0.124219 0.68457 0.119531 0.685059 0.113672 0.688965 0.110547 0.692871 0.10625 0.703613 0.105859 0.708984 0.107813 0.713867 0.110156 0.715332 0.114062 0.714844 0.116406 0.712891 0.123438 0.700684 0.125391 0.692871 0.125391 0.687012
1 0.286328 0.794434 0.282422 0.791504 0.278125 0.791504 0.272266 0.793457 0.266016 0.79834 0.264844 0.807617 0.268359 0.810547 0.273047 0.810547 0.278516 0.808594 0.284766 0.803223 0.286328 0.799805
1 0.0609375 0.484863 0.0617188 0.490723 0.06875 0.495117 0.0796875 0.494629 0.0835937 0.490723 0.0835937 0.48584 0.0808594 0.481934 0.0765625 0.479004 0.0695313 0.478516 0.0644531 0.47998
1 0.472266 0.994141 0.472656 1 0.489844 1 0.488281 0.994141 0.482422 0.989258 0.476953 0.989258 0.473828 0.991211
1 0.673828 0.855469 0.671875 0.857422 0.670703 0.86084 0.669922 0.874023 0.672656 0.885742 0.675781 0.888672 0.678516 0.888672 0.682813 0.880371 0.684375 0.869141 0.682422 0.861816 0.678125 0.856445
1 0.80625 0.887695 0.806641 0.891602 0.808984 0.896484 0.817187 0.904297 0.825 0.907227 0.829297 0.906738 0.832031 0.904297 0.832031 0.899414 0.830469 0.895996 0.826562 0.890625 0.819531 0.885254 0.816406 0.883789 0.810156 0.883789
1 0.88125 0.862793 0.880469 0.864746 0.88125 0.869141 0.887109 0.885742 0.891797 0.894043 0.894141 0.894531 0.896484 0.893555 0.898047 0.88623 0.896484 0.876465 0.888281 0.862793 0.885547 0.861816
1 0.903125 0.930176 0.900781 0.928711 0.897266 0.929199 0.892188 0.932617 0.888281 0.94043 0.886719 0.946777 0.886719 0.952148 0.888281 0.955566 0.893359 0.955566 0.896875 0.953613 0.9 0.950684 0.904297 0.943848 0.905078 0.935059
1 0.972266 0.520508 0.969141 0.518555 0.964844 0.518555 0.955078 0.524414 0.949609 0.53125 0.949609 0.537109 0.951562 0.538574 0.95625 0.539062 0.960156 0.538086 0.966016 0.53418 0.972656 0.526855 0.973047 0.523438
1 0.890234 0.438965 0.889453 0.443359 0.891406 0.447266 0.902344 0.452637 0.904297 0.452637 0.911719 0.447754 0.913672 0.442383 0.912891 0.435547 0.909375 0.434082 0.896875 0.43457 0.892969 0.436035
1 0.654297 0.352539 0.651563 0.35498 0.650391 0.35791 0.651172 0.369141 0.654297 0.378418 0.657422 0.382324 0.661328 0.382324 0.663281 0.380371 0.664453 0.375977 0.664453 0.367676 0.663281 0.361328 0.659375 0.354004
1 0.733594 0.723145 0.732031 0.724609 0.730469 0.729492 0.732031 0.740723 0.735156 0.748047 0.739453 0.753418 0.744531 0.755859 0.746484 0.75293 0.747266 0.749023 0.746484 0.736816 0.740234 0.724609 0.737109 0.722656
1 0.878906 0.445801 0.878516 0.447754 0.879687 0.452637 0.884766 0.459473 0.898164 0.460498 0.899219 0.466309 0.904687 0.466309 0.905859 0.464844 0.907031 0.457031 0.905078 0.451172 0.897656 0.449707 0.886719 0.444336 0.880078 0.444336
1 0.245703 0.642578 0.24375 0.641113 0.240234 0.641602 0.228906 0.649414 0.225781 0.654297 0.226172 0.658203 0.228125 0.660645 0.23125 0.661621 0.236719 0.660645 0.240234 0.658691 0.244922 0.650391
2 0.439063 0.967285 0.436719 0.969727 0.436719 0.977539 0.437891 0.98584 0.439453 0.991211 0.442188 0.994629 0.444141 0.995117 0.446484 0.990723 0.447266 0.976562 0.44375 0.969238
2 0.553906 0.217773 0.551953 0.217773 0.548438 0.220703 0.544141 0.234375 0.543359 0.242676 0.54375 0.24707 0.545312 0.249512 0.55 0.25 0.552344 0.246582 0.557422 0.224609 0.557031 0.219727
1 0.201563 0.168457 0.201563 0.17334 0.203906 0.182129 0.207031 0.186523 0.216406 0.189941 0.221484 0.188965 0.223828 0.186523 0.223828 0.182129 0.216016 0.173828 0.205078 0.166016 0.203125 0.166504
1 0.115234 0.173828 0.113672 0.176758 0.113672 0.179199 0.117578 0.19043 0.123438 0.197754 0.126172 0.19873 0.129297 0.197754 0.130859 0.194336 0.130859 0.188965 0.127344 0.182129 0.123047 0.175781 0.119922 0.173828
1 0.289062 0.170898 0.287109 0.169434 0.282422 0.169434 0.275 0.173828 0.268359 0.184082 0.267969 0.188965 0.269922 0.19043 0.273438 0.189941 0.282773 0.180127 0.290234 0.174805
1 0.566406 0.119141 0.563672 0.122559 0.563672 0.137695 0.565234 0.149902 0.567187 0.152832 0.569141 0.15332 0.572656 0.151367 0.575781 0.146484 0.576953 0.135254 0.575391 0.12793 0.573047 0.123535 0.569531 0.119629
1 0.686328 0.0205078 0.684766 0.0180664 0.68125 0.0166016 0.673438 0.0170898 0.666016 0.0224609 0.664062 0.0249023 0.662891 0.0302734 0.664062 0.0327148 0.667578 0.0341797 0.677344 0.0332031 0.684766 0.0283203 0.685937 0.0258789
1 0.596094 0 0.596484 0.00244141 0.603906 0.00830078 0.608594 0.00878906 0.612109 0.00683594 0.6125 0
1 0.730469 0 0.730469 0.00585938 0.731641 0.0107422 0.732812 0.0117188 0.7375 0.0112305 0.740625 0.00537109 0.741016 0
1 0.93125 0.224609 0.926953 0.223633 0.924219 0.225098 0.922656 0.228027 0.924063 0.240332 0.919531 0.248535 0.930078 0.248047 0.933984 0.243652 0.935156 0.231934 0.933984 0.227539
1 0.880469 0.321289 0.87543 0.318359 0.868398 0.319238 0.864219 0.318262 0.860039 0.319043 0.856641 0.322559 0.856641 0.326172 0.860352 0.329688 0.868359 0.328613 0.869922 0.329102 0.871953 0.330029 0.875781 0.329102 0.880078 0.325684
1 0.872656 0.310059 0.86875 0.310059 0.864453 0.312988 0.86125 0.321484 0.861523 0.330176 0.860938 0.334473 0.864062 0.337891 0.866797 0.337891 0.871484 0.334961 0.871836 0.3271 0.873008 0.317871
1 0.303906 0.29248 0.303516 0.292969 0.301563 0.292969 0.301172 0.293457 0.300391 0.293457 0.3 0.293945 0.298828 0.293945 0.298438 0.294434 0.298047 0.294434 0.297656 0.294922 0.297656 0.29541 0.297266 0.295898 0.297266 0.296387 0.296875 0.296875 0.296875 0.297363 0.296484 0.297852 0.296484 0.299316 0.296875 0.299805 0.296875 0.300293 0.297266 0.300781 0.297266 0.30127 0.297656 0.301758 0.297656 0.302246 0.298438 0.303223 0.298828 0.303223 0.299609 0.304199 0.3 0.304199 0.301172 0.305664 0.301563 0.305664 0.302344 0.306641 0.302734 0.306641 0.303125 0.307129 0.303516 0.307129 0.303906 0.307617 0.304297 0.307617 0.304688 0.308105 0.305078 0.308105 0.305469 0.308594 0.30625 0.308594 0.306641 0.309082 0.307812 0.309082 0.308203 0.30957 0.309375 0.30957 0.309766 0.310059 0.311328 0.310059 0.311719 0.310547 0.314063 0.310547 0.314453 0.311035 0.317969 0.311035 0.318359 0.310547 0.319141 0.310547 0.319922 0.30957 0.319922 0.308594 0.320312 0.308105 0.320312 0.307129 0.320703 0.306641 0.320703 0.302246 0.320312 0.301758 0.320312 0.30127 0.319922 0.300781 0.319922 0.299805 0.319531 0.299316 0.319531 0.298828 0.317969 0.296875 0.317578 0.296875 0.317188 0.296387 0.316797 0.296387 0.316016 0.29541 0.315625 0.29541 0.314844 0.294434 0.314063 0.294434 0.313672 0.293945 0.312891 0.293945 0.3125 0.293457 0.311719 0.293457 0.311328 0.292969 0.310547 0.292969 0.310156 0.29248
1 0.296484 0.297852 0.296484 0.299805 0.296875 0.300293 0.296875 0.300781 0.297266 0.30127 0.297266 0.301758 0.297656 0.302246 0.297656 0.302734 0.298438 0.303711 0.298828 0.303711 0.299219 0.304199 0.299609 0.304199 0.3 0.304688 0.300391 0.304688 0.301172 0.305664 0.301563 0.305664 0.302734 0.307129 0.303125 0.307129 0.303516 0.307617 0.303906 0.307617 0.304297 0.308105 0.304688 0.308105 0.305078 0.308594 0.305469 0.308594 0.305859 0.309082 0.306641 0.309082 0.307031 0.30957 0.308203 0.30957 0.308594 0.310059 0.309766 0.310059 0.310156 0.310547 0.311719 0.310547 0.312109 0.311035 0.314063 0.311035 0.314453 0.311523 0.319141 0.311523 0.320312 0.310059 0.320312 0.309082 0.320703 0.308594 0.320703 0.307129 0.321094 0.306641 0.321094 0.305176 0.320703 0.304688 0.320703 0.301758 0.320312 0.30127 0.320312 0.300293 0.319922 0.299805 0.319922 0.299316 0.319531 0.298828 0.319531 0.29834 0.31875 0.297363 0.318359 0.297363 0.317969 0.296875 0.317578 0.296875 0.317188 0.296387 0.316797 0.296387 0.316016 0.29541 0.315625 0.29541 0.315234 0.294922 0.314844 0.294922 0.314453 0.294434 0.314063 0.294434 0.313672 0.293945 0.312891 0.293945 0.3125 0.293457 0.311719 0.293457 0.311328 0.292969 0.303516 0.292969 0.303125 0.293457 0.301563 0.293457 0.301172 0.293945 0.3 0.293945 0.299609 0.294434 0.298828 0.294434 0.298438 0.294922 0.298047 0.294922 0.297266 0.295898 0.297266 0.296387 0.296875 0.296875 0.296875 0.297363
1 0.861719 0.641113 0.861719 0.643066 0.862109 0.643555 0.862109 0.644043 0.8625 0.644531 0.8625 0.645508 0.863281 0.646484 0.863281 0.646973 0.864453 0.648438 0.864844 0.648438 0.867188 0.651367 0.867578 0.651367 0.868359 0.652344 0.86875 0.652344 0.869141 0.652832 0.869922 0.652832 0.870313 0.65332 0.871094 0.65332 0.871484 0.653809 0.872656 0.653809 0.873047 0.654297 0.878516 0.654297 0.878906 0.653809 0.880469 0.653809 0.880859 0.65332 0.88125 0.65332 0.883984 0.649902 0.883984 0.649414 0.884766 0.648438 0.884766 0.647949 0.885156 0.647461 0.885156 0.644043 0.884766 0.643555 0.884766 0.643066 0.883594 0.641602 0.883203 0.641602 0.882422 0.640625 0.882031 0.640625 0.881641 0.640137 0.88125 0.640137 0.880859 0.639648 0.880078 0.639648 0.879687 0.63916 0.878906 0.63916 0.878516 0.638672 0.878125 0.638672 0.877734 0.638184 0.876563 0.638184 0.876172 0.637695 0.875391 0.637695 0.875 0.637207 0.874219 0.637207 0.873828 0.636719 0.873047 0.636719 0.872656 0.63623 0.865234 0.63623 0.864844 0.636719 0.864453 0.636719 0.863672 0.637695 0.863281 0.637695 0.8625 0.638672 0.8625 0.63916 0.862109 0.639648 0.862109 0.640625
1 0.944531 0.500977 0.944531 0.50293 0.944922 0.503418 0.944922 0.504395 0.945312 0.504883 0.945312 0.505371 0.946484 0.506836 0.947266 0.506836 0.947656 0.507324 0.950781 0.507324 0.951172 0.507812 0.958594 0.507812 0.958984 0.507324 0.960547 0.507324 0.960938 0.506836 0.962109 0.506836 0.9625 0.506348 0.963672 0.506348 0.964063 0.505859 0.964453 0.505859 0.964844 0.505371 0.965234 0.505371 0.966797 0.503418 0.966797 0.50293 0.967187 0.502441 0.967187 0.497559 0.966797 0.49707 0.966797 0.496582 0.966406 0.496094 0.966406 0.495605 0.964844 0.493652 0.964453 0.493652 0.964063 0.493164 0.963672 0.493164 0.963281 0.492676 0.9625 0.492676 0.962109 0.492188 0.960938 0.492188 0.960547 0.491699 0.954688 0.491699 0.954297 0.492188 0.953125 0.492188 0.952734 0.492676 0.951562 0.492676 0.951172 0.493164 0.950781 0.493164 0.950391 0.493652 0.95 0.493652 0.949609 0.494141 0.949219 0.494141 0.948828 0.494629 0.948438 0.494629 0.947656 0.495605 0.947266 0.495605 0.945312 0.498047 0.945312 0.498535 0.944922 0.499023 0.944922 0.500488
