1 0.633984 0.79834 0.63125 0.803711 0.629297 0.812988 0.629297 0.842285 0.630078 0.848145 0.632422 0.853027 0.634766 0.855469 0.638672 0.856445 0.638281 0.852539 0.636328 0.848633 0.636328 0.841309 0.639062 0.830566 0.639062 0.806152 0.637109 0.799316
1 0.673047 0.822754 0.671875 0.821777 0.664062 0.822266 0.657422 0.826172 0.641797 0.845703 0.640234 0.850098 0.637891 0.852539 0.637891 0.856445 0.639453 0.856934 0.640234 0.855469 0.642578 0.85498 0.650391 0.847656 0.655469 0.844727 0.660156 0.838867 0.6625 0.833496 0.673047 0.824219
1 0.748437 0.8125 0.749609 0.819336 0.754687 0.831055 0.760156 0.839355 0.762891 0.850586 0.767578 0.860352 0.771094 0.859863 0.771875 0.85791 0.771875 0.847168 0.770703 0.842285 0.7625 0.827148 0.756641 0.820312 0.752734 0.813965
1 0.809766 0.773926 0.809766 0.775391 0.810937 0.776367 0.813672 0.776367 0.825 0.780273 0.837891 0.779297 0.846484 0.780762 0.848437 0.778809 0.848047 0.775879 0.846094 0.772461 0.825781 0.768066 0.81875 0.768555
1 0.83125 0.835938 0.828516 0.835938 0.826172 0.837891 0.822656 0.849609 0.810547 0.878418 0.805078 0.885742 0.805469 0.891113 0.808203 0.891113 0.814844 0.884766 0.817773 0.883057 0.820117 0.880371 0.822266 0.875 0.824219 0.864258 0.827734 0.858398 0.832422 0.84375 0.832422 0.837891
1 0.841797 0.85498 0.837891 0.85498 0.835938 0.859375 0.832812 0.862305 0.830859 0.867676 0.826172 0.871582 0.825 0.876465 0.821094 0.885254 0.821484 0.89209 0.820703 0.89502 0.817187 0.899414 0.816797 0.901855 0.817969 0.906738 0.821875 0.905762 0.830859 0.88916 0.835547 0.870117 0.839453 0.86084 0.842578 0.857422
1 0.905469 0.813477 0.904297 0.813477 0.903516 0.814941 0.903125 0.820312 0.901953 0.823242 0.895312 0.829102 0.883984 0.847168 0.882812 0.850586 0.882812 0.854492 0.884844 0.856641 0.889844 0.848437 0.895664 0.842383 0.900469 0.833838 0.905 0.826221 0.907813 0.817383
1 0.906016 0.825635 0.905078 0.825977 0.904023 0.828662 0.903047 0.83125 0.899844 0.837939 0.896094 0.842969 0.891836 0.846338 0.888672 0.851074 0.883203 0.861816 0.884375 0.864258 0.888281 0.863281 0.892188 0.855957 0.897656 0.853027 0.903906 0.84668 0.908203 0.837402 0.90625 0.832031 0.90625 0.82666
1 0.408984 0.88916 0.406641 0.891113 0.406641 0.902344 0.405078 0.914551 0.401953 0.921875 0.399609 0.924805 0.399609 0.92627 0.400781 0.927246 0.410156 0.921387 0.412891 0.916016 0.414453 0.895508 0.412109 0.890625
1 0.466406 0.739258 0.462109 0.749023 0.462109 0.765625 0.462891 0.775879 0.467187 0.777344 0.470977 0.776416 0.471484 0.773145 0.470195 0.769043 0.467969 0.764648 0.469141 0.758301 0.471875 0.751465 0.472266 0.745117 0.470313 0.741211
2 0.463672 0.731934 0.4625 0.731934 0.461719 0.733398 0.461328 0.742188 0.454297 0.766113 0.454297 0.778809 0.458203 0.78418 0.460547 0.783203 0.461328 0.779785 0.460938 0.768555 0.4625 0.763672 0.462891 0.750488 0.464844 0.745117 0.467969 0.741211 0.466406 0.735352
2 0.549609 0.730957 0.548047 0.729492 0.544531 0.729004 0.537109 0.729492 0.529687 0.734375 0.524219 0.743652 0.525 0.748535 0.529687 0.748047 0.537891 0.742676 0.545312 0.740234 0.549219 0.736816 0.55 0.734863
1 0.294141 0.789062 0.304297 0.788574 0.319922 0.791992 0.323047 0.790039 0.323047 0.787598 0.321484 0.78418 0.313672 0.779297 0.30625 0.77832 0.300391 0.783203 0.298242 0.784229 0.294922 0.788086
1 0.290234 0.791504 0.290234 0.793945 0.292187 0.79541 0.305469 0.800293 0.309375 0.803223 0.330859 0.807129 0.332031 0.804688 0.330078 0.800781 0.326562 0.799805 0.322656 0.79541 0.314453 0.791504 0.307031 0.790039 0.299219 0.790527 0.296094 0.788574 0.291406 0.789062
1 0.240234 0.842285 0.240625 0.844238 0.244141 0.849121 0.247656 0.850098 0.250391 0.853027 0.254297 0.863281 0.257031 0.865234 0.259766 0.869629 0.264453 0.870117 0.267969 0.867676 0.267188 0.864746 0.263281 0.86377 0.260937 0.86084 0.257031 0.851562 0.252344 0.845215 0.244922 0.84082 0.242578 0.84082
1 0.233984 0.855957 0.235156 0.858887 0.239844 0.862305 0.245312 0.864258 0.251953 0.87207 0.25625 0.875 0.259766 0.875488 0.264453 0.871582 0.263281 0.869141 0.259375 0.865723 0.258984 0.863281 0.25625 0.858398 0.253516 0.859863 0.251914 0.856104 0.248828 0.851562 0.236328 0.854004
1 0.251953 0.71875 0.248047 0.719727 0.242188 0.728027 0.239453 0.72998 0.233984 0.73877 0.232422 0.743164 0.230078 0.746094 0.222656 0.749512 0.219922 0.75293 0.219922 0.754883 0.225 0.757324 0.230469 0.757324 0.235547 0.754883 0.244531 0.741699 0.249219 0.727051 0.251953 0.72168
1 0.209375 0.700684 0.209375 0.709961 0.213281 0.717285 0.217969 0.718262 0.226562 0.71582 0.242188 0.717285 0.246094 0.716309 0.245312 0.712402 0.242578 0.709473 0.237109 0.708008 0.232031 0.709473 0.228906 0.705566 0.225391 0.70459 0.216406 0.708008 0.214062 0.705566 0.212891 0.699707
1 0.224609 0.701172 0.225 0.703613 0.228906 0.70459 0.232813 0.700195 0.236719 0.698242 0.240625 0.701172 0.248438 0.702637 0.255078 0.708008 0.257031 0.708008 0.258594 0.706543 0.258594 0.70459 0.253516 0.696289 0.244922 0.690918 0.240234 0.689453 0.235156 0.689941 0.23125 0.691895 0.227344 0.695312
1 0.194141 0.736328 0.189453 0.737793 0.185547 0.743164 0.180078 0.746582 0.176563 0.750488 0.163672 0.773926 0.163672 0.778809 0.164453 0.779785 0.166797 0.779785 0.170703 0.776855 0.189062 0.752441 0.194922 0.741211 0.195312 0.73877
1 0.194531 0.735352 0.183203 0.733398 0.166406 0.733887 0.158594 0.740234 0.153125 0.739746 0.150781 0.741699 0.146484 0.742676 0.144922 0.744629 0.144922 0.749512 0.148438 0.751953 0.153906 0.75293 0.158984 0.750488 0.162891 0.74707 0.172656 0.746094 0.177344 0.743652 0.186328 0.742676 0.190234 0.737793 0.193359 0.737305
1 0.122266 0.703125 0.121484 0.705078 0.121484 0.710938 0.124219 0.72998 0.124219 0.73584 0.126172 0.745117 0.129297 0.750488 0.135937 0.756348 0.137891 0.76123 0.141797 0.766113 0.144141 0.766113 0.145703 0.765137 0.144141 0.751465 0.141797 0.746582 0.135156 0.739258 0.134375 0.724609 0.126562 0.706055 0.123828 0.703125
1 0.147656 0.708984 0.147266 0.710449 0.15 0.714844 0.160547 0.722656 0.163281 0.726074 0.169141 0.729004 0.173047 0.732422 0.177344 0.73291 0.178906 0.731934 0.179297 0.729004 0.173828 0.722656 0.169922 0.722656 0.167773 0.719775 0.165625 0.71582 0.160234 0.712256 0.154297 0.709473 0.151562 0.708008
1 0.158203 0.69043 0.157422 0.691406 0.157031 0.696289 0.158203 0.706543 0.157812 0.710449 0.164844 0.714844 0.167969 0.720215 0.166406 0.725098 0.170313 0.725586 0.173047 0.721191 0.171875 0.715332 0.163672 0.704102 0.161719 0.696777
1 0.338281 0.948242 0.329297 0.947266 0.321094 0.953613 0.320312 0.957031 0.321094 0.966309 0.325781 0.975586 0.329297 0.978516 0.331641 0.978516 0.332422 0.975098 0.329688 0.966797 0.329688 0.961426 0.330859 0.959473 0.337109 0.957031 0.339062 0.955078 0.339844 0.950195
1 0.333984 0.970215 0.331641 0.978027 0.332031 0.979004 0.338672 0.97998 0.34375 0.98291 0.353516 0.995605 0.354687 0.995117 0.355078 0.992188 0.353516 0.980957 0.35 0.974609 0.346094 0.97168 0.338672 0.969727
1 0.73125 0.96875 0.730859 0.970703 0.732812 0.975098 0.741406 0.983887 0.744141 0.990234 0.748437 0.993164 0.748828 0.994141 0.749414 0.996387 0.750391 1 0.751719 1 0.752734 1 0.757422 1 0.757812 0.997559 0.751953 0.981445 0.749609 0.978027 0.74375 0.973145 0.733594 0.96875
2 0.635156 0.883301 0.634375 0.885742 0.634766 0.887695 0.638672 0.892578 0.650781 0.901367 0.653906 0.902344 0.658203 0.902344 0.658984 0.901367 0.658203 0.896484 0.652734 0.889648 0.647656 0.885254 0.639844 0.881836 0.637109 0.881836
2 0.783594 0.850586 0.780859 0.852539 0.774609 0.866699 0.773828 0.873047 0.775781 0.876953 0.779687 0.876953 0.783594 0.867676 0.785547 0.859375 0.785547 0.853027
2 0.844141 0.983398 0.844141 0.98584 0.845703 0.988281 0.848828 0.989258 0.853516 0.992676 0.864453 0.996094 0.867188 0.994141 0.866406 0.988281 0.860938 0.984863 0.849609 0.980469 0.845703 0.981445
2 0.911719 0.812988 0.911719 0.818359 0.915625 0.824707 0.928125 0.825195 0.930078 0.82373 0.930078 0.822266 0.925 0.817383 0.921484 0.816406 0.915625 0.8125
2 0.80625 0.744629 0.803125 0.742188 0.795703 0.742676 0.783594 0.749023 0.780078 0.753418 0.780078 0.755371 0.782813 0.756836 0.786328 0.756836 0.802344 0.752441 0.80625 0.75
2 0.235937 0.989258 0.235156 0.995117 0.236328 1 0.251172 1 0.251563 0.998047 0.25 0.993652 0.244531 0.986816 0.239063 0.98584
1 0.837891 0.763184 0.837891 0.764648 0.839844 0.766602 0.844141 0.767578 0.848437 0.770508 0.853125 0.770508 0.856641 0.771973 0.860156 0.779785 0.861719 0.78125 0.864062 0.780273 0.865234 0.77832 0.865234 0.773926 0.860938 0.766602 0.854297 0.763184 0.842969 0.760254 0.839844 0.760742
1 0.833984 0.753418 0.833984 0.756348 0.835547 0.760254 0.841016 0.76416 0.842187 0.76416 0.845703 0.760742 0.859766 0.761719 0.872656 0.758301 0.874219 0.756348 0.873828 0.753906 0.870313 0.75293 0.859375 0.754395 0.844141 0.753418 0.837109 0.751465
1 0.905859 0.702637 0.905078 0.707031 0.907422 0.709961 0.916797 0.717285 0.919531 0.721191 0.925391 0.726074 0.93125 0.726074 0.931641 0.724609 0.929297 0.72168 0.925781 0.713867 0.920312 0.706543 0.913672 0.70166 0.907813 0.701172
1 0.907813 0.678711 0.907422 0.682129 0.909375 0.685547 0.910547 0.691895 0.9125 0.696777 0.919531 0.707031 0.927344 0.709082 0.932813 0.709961 0.937187 0.712891 0.939922 0.710107 0.937187 0.705029 0.929102 0.70127 0.923828 0.696973 0.916797 0.6875 0.912891 0.679199
1 0.951562 0.6875 0.946484 0.69043 0.94375 0.699707 0.940625 0.702637 0.938672 0.706543 0.935937 0.708008 0.936719 0.711914 0.938281 0.712891 0.943359 0.711914 0.948828 0.70752 0.951953 0.700684 0.953125 0.689941
1 0.944141 0.677246 0.942578 0.679199 0.941406 0.688965 0.935156 0.701172 0.935547 0.706543 0.938281 0.70459 0.941797 0.704102 0.945703 0.696777 0.945703 0.689941 0.947266 0.680664
1 0.904297 0.596191 0.901563 0.597656 0.901953 0.603516 0.896484 0.617676 0.895312 0.629883 0.895703 0.63916 0.896875 0.641113 0.900391 0.638672 0.901563 0.628418 0.905078 0.623047 0.908203 0.614258 0.907813 0.602051 0.90625 0.598145
1 0.875781 0.5625 0.874609 0.563965 0.875391 0.568359 0.873437 0.568848 0.871875 0.574219 0.873047 0.584961 0.873047 0.600586 0.874609 0.607422 0.878516 0.61377 0.881641 0.614746 0.882812 0.613281 0.881641 0.601562 0.882422 0.583984 0.880078 0.572754 0.877344 0.568848 0.878125 0.563965
1 0.883984 0.567383 0.88125 0.569824 0.884766 0.579102 0.885156 0.588379 0.888672 0.597656 0.890234 0.605469 0.892188 0.608398 0.893359 0.608398 0.897266 0.603027 0.896875 0.587402 0.895312 0.579102 0.891797 0.570312
1 0.724219 0.530762 0.716797 0.544922 0.715234 0.553223 0.715234 0.55957 0.71875 0.570312 0.723828 0.591797 0.726172 0.594238 0.730469 0.594727 0.732812 0.592773 0.733203 0.585938 0.725391 0.55127 0.726562 0.53418 0.725391 0.530762
1 0.725391 0.62793 0.716406 0.630371 0.713281 0.632324 0.708984 0.638184 0.707422 0.642578 0.707031 0.647461 0.709375 0.654785 0.712109 0.659668 0.713281 0.659668 0.714453 0.657715 0.714453 0.651855 0.717578 0.641113 0.727344 0.632812 0.727344 0.630859
1 0.692578 0.625488 0.691016 0.62793 0.691016 0.63623 0.692187 0.646973 0.696484 0.661621 0.695703 0.666504 0.696875 0.666504 0.697266 0.663574 0.700391 0.657715 0.700781 0.652344 0.694141 0.626953
1 0.693359 0.650879 0.691406 0.648926 0.676172 0.650391 0.670312 0.65332 0.666016 0.65332 0.658984 0.65625 0.653125 0.65625 0.642188 0.659668 0.641016 0.662598 0.644531 0.666016 0.653125 0.668457 0.666016 0.66748 0.671094 0.666016 0.682031 0.660156 0.685937 0.659668 0.691406 0.65625 0.693359 0.65332
1 0.673828 0.567871 0.672266 0.571289 0.672266 0.578613 0.675781 0.608887 0.678125 0.618164 0.679688 0.620117 0.682031 0.620117 0.685547 0.614258 0.684375 0.602539 0.681641 0.592773 0.678516 0.570312 0.676953 0.568359
1 0.705078 0.459961 0.704297 0.460938 0.703125 0.471191 0.701172 0.476074 0.701562 0.47998 0.703906 0.487793 0.707812 0.510254 0.711719 0.513672 0.713672 0.513672 0.714453 0.512207 0.714453 0.506348 0.7125 0.48584 0.70625 0.471191 0.70625 0.460449
1 0.650781 0.476562 0.645703 0.479492 0.644922 0.482422 0.646484 0.484863 0.650781 0.484375 0.652734 0.48584 0.652344 0.492676 0.653906 0.500977 0.660937 0.520996 0.663281 0.521973 0.665234 0.52002 0.665625 0.510742 0.660547 0.491211 0.660937 0.485352 0.655469 0.476074
1 0.673828 0.456543 0.670312 0.45752 0.664062 0.464355 0.662109 0.465332 0.657422 0.475098 0.657422 0.479492 0.660937 0.486816 0.660547 0.495605 0.662109 0.499023 0.665234 0.498047 0.666797 0.496094 0.666797 0.475586 0.674219 0.461914
1 0.695703 0.404785 0.694922 0.406738 0.695312 0.412109 0.700781 0.426758 0.707031 0.433594 0.712891 0.437012 0.7125 0.432617 0.709375 0.425293 0.703516 0.41748 0.703516 0.409668 0.702734 0.407227 0.697656 0.404297
1 0.709375 0.372559 0.709375 0.374512 0.710938 0.375977 0.7125 0.382324 0.711719 0.398438 0.709766 0.402832 0.709375 0.412598 0.714063 0.413574 0.719922 0.407715 0.719922 0.40332 0.71875 0.399902 0.719922 0.383301 0.717187 0.377441 0.713281 0.373535
1 0.676172 0.38623 0.676172 0.39209 0.684766 0.398926 0.686328 0.398926 0.690352 0.400195 0.692578 0.400391 0.704297 0.408203 0.705859 0.408203 0.707031 0.406738 0.707812 0.402344 0.705469 0.397461 0.701172 0.39502 0.696875 0.394531 0.694141 0.392578 0.689453 0.39209 0.686719 0.388184 0.678906 0.384766 0.677344 0.384766
1 0.669141 0.396484 0.66875 0.398926 0.669531 0.401855 0.673438 0.405762 0.677734 0.407227 0.685937 0.407715 0.693359 0.415039 0.696094 0.413574 0.692969 0.40625 0.683984 0.396973 0.677734 0.394043 0.672656 0.394043
1 0.635547 0.387207 0.634375 0.38623 0.63125 0.38623 0.626172 0.390625 0.619531 0.39209 0.612891 0.395996 0.611328 0.398438 0.611328 0.400391 0.614453 0.411621 0.616016 0.411621 0.618359 0.405762 0.630859 0.397949 0.634766 0.393066
1 0.589453 0.413086 0.589063 0.417969 0.595703 0.42334 0.598828 0.424805 0.609766 0.425781 0.617188 0.429199 0.621094 0.435059 0.622266 0.442383 0.624219 0.442383 0.626563 0.438477 0.626953 0.430664 0.625781 0.427246 0.616016 0.414062 0.602734 0.413574 0.59375 0.411133 0.591406 0.411133
1 0.521484 0.505859 0.520312 0.509277 0.520703 0.511719 0.524609 0.520996 0.527734 0.524902 0.524219 0.538574 0.525391 0.544922 0.523828 0.547852 0.523828 0.551758 0.524609 0.553711 0.526172 0.553711 0.528516 0.549805 0.528516 0.547363 0.529531 0.545215 0.530078 0.54248 0.533984 0.530273 0.534375 0.520508 0.529297 0.51123 0.526172 0.507812
1 0.527344 0.562988 0.525781 0.561035 0.521875 0.561035 0.510156 0.570312 0.498047 0.575195 0.486719 0.576172 0.485547 0.578125 0.490234 0.582031 0.492969 0.58252 0.505469 0.582031 0.513281 0.57959 0.518359 0.577148 0.525781 0.570801 0.526953 0.567871
1 0.565625 0.589844 0.565234 0.59375 0.566797 0.597168 0.571484 0.600098 0.575 0.601074 0.580469 0.600098 0.588281 0.603516 0.596094 0.605469 0.601172 0.604492 0.601172 0.602539 0.599609 0.600586 0.587109 0.592285 0.584375 0.591309 0.579688 0.591797 0.571094 0.587891 0.567578 0.587891
1 0.582812 0.611328 0.582812 0.614258 0.583984 0.616699 0.589063 0.621094 0.598437 0.632324 0.607422 0.63916 0.611719 0.639648 0.612109 0.637695 0.610938 0.63623 0.606641 0.634277 0.604297 0.625977 0.599219 0.618652 0.590234 0.611328 0.587891 0.610352 0.583594 0.610352
1 0.606641 0.596191 0.605078 0.601562 0.607031 0.618652 0.610547 0.625977 0.611328 0.630859 0.610938 0.637695 0.613672 0.64209 0.616016 0.64209 0.617578 0.63916 0.616797 0.626465 0.612109 0.606445 0.608203 0.596191
1 0.647266 0.578125 0.642578 0.575684 0.635156 0.575684 0.630859 0.577637 0.621484 0.587402 0.61875 0.594238 0.624219 0.594238 0.631641 0.589844 0.637109 0.583984 0.642578 0.580566 0.646875 0.57959
1 0.616797 0.597168 0.616797 0.599121 0.623437 0.605469 0.633984 0.609863 0.641797 0.60791 0.647266 0.609375 0.650391 0.60791 0.649609 0.603027 0.646484 0.600586 0.637891 0.601562 0.633203 0.597656 0.627344 0.594727 0.624219 0.595703 0.619141 0.595215
1 0.616797 0.602539 0.61875 0.609863 0.624219 0.617188 0.63125 0.621094 0.637109 0.621582 0.640234 0.620117 0.640234 0.616699 0.633984 0.610352 0.627734 0.607422 0.622266 0.601562 0.617969 0.601074
1 0.657813 0.602051 0.651563 0.601562 0.648047 0.603027 0.649219 0.608398 0.645312 0.612793 0.641016 0.621094 0.641016 0.625977 0.646094 0.626465 0.651563 0.620605 0.658203 0.60791 0.658594 0.603516
1 0.677344 0.619629 0.673047 0.619629 0.669922 0.621094 0.668359 0.623047 0.667578 0.627441 0.664844 0.630371 0.661719 0.63623 0.661328 0.643066 0.662891 0.647461 0.665234 0.649902 0.667188 0.649414 0.669141 0.646973 0.669531 0.643066 0.671094 0.63916 0.675 0.633301 0.678125 0.623535
2 0.794141 0.519531 0.792188 0.523438 0.791797 0.526855 0.792188 0.530273 0.794531 0.536133 0.798047 0.540527 0.801172 0.54248 0.805859 0.542969 0.807031 0.541504 0.807031 0.539062 0.801562 0.525879 0.798047 0.52002 0.796094 0.519043
1 0.939453 0.446289 0.934766 0.44873 0.930469 0.455078 0.928516 0.466309 0.924219 0.47168 0.923047 0.481445 0.924219 0.48584 0.927734 0.485352 0.932422 0.480957 0.933203 0.477539 0.936328 0.473633 0.939453 0.466309 0.941406 0.456055 0.941406 0.45166
1 0.943359 0.433105 0.939453 0.433105 0.930859 0.439941 0.926953 0.445312 0.923438 0.456543 0.922656 0.46582 0.923828 0.468262 0.928906 0.466797 0.930469 0.45752 0.933203 0.451172 0.938281 0.444336 0.944531 0.438477 0.944922 0.436035
2 0.795703 0.27832 0.791406 0.27832 0.789062 0.279785 0.787109 0.286133 0.786719 0.297363 0.787891 0.303223 0.790234 0.306641 0.791797 0.306641 0.793359 0.304688 0.795703 0.296875 0.796094 0.290527 0.798047 0.282715 0.797656 0.280273
1 0.646875 0.307129 0.645312 0.315918 0.646875 0.320801 0.65 0.32373 0.657422 0.326172 0.665234 0.325195 0.671094 0.327637 0.673047 0.330566 0.675391 0.330566 0.676172 0.32959 0.676562 0.325195 0.673047 0.318848 0.66875 0.316406 0.654297 0.314453 0.652344 0.3125 0.65 0.306641
1 0.823438 0.136719 0.821484 0.136719 0.818359 0.141113 0.8125 0.156738 0.811719 0.174316 0.810547 0.180176 0.810937 0.184082 0.814844 0.184082 0.81875 0.179199 0.821875 0.169922 0.822266 0.162598 0.821094 0.153809 0.824219 0.140137
1 0.736719 0.0756836 0.735547 0.0756836 0.721094 0.0947266 0.716406 0.110352 0.708594 0.119141 0.708203 0.121094 0.708984 0.122559 0.715234 0.120117 0.723047 0.114258 0.725781 0.11084 0.728516 0.105469 0.729297 0.100098 0.73125 0.0976562 0.733594 0.0966797 0.735938 0.0922852 0.737109 0.0830078
1 0.748828 0.0375977 0.747656 0.0375977 0.746484 0.0405273 0.742578 0.0449219 0.734375 0.0654297 0.733203 0.0708008 0.734375 0.0751953 0.733594 0.0805664 0.735547 0.0834961 0.737109 0.0820312 0.737109 0.0756836 0.741406 0.0654297 0.74375 0.0620117 0.744922 0.0556641 0.748828 0.0463867 0.749609 0.0419922
2 0.763672 0.0947266 0.759375 0.0952148 0.747656 0.102051 0.740625 0.108887 0.738281 0.106934 0.735938 0.0976562 0.735156 0.100586 0.73125 0.105469 0.730859 0.11084 0.732422 0.121582 0.736719 0.128906 0.747266 0.141113 0.748828 0.141113 0.75 0.138184 0.745703 0.124023 0.745703 0.119141 0.751563 0.108887 0.758203 0.103516 0.764062 0.100586 0.764844 0.0957031
1 0.485547 0.0166016 0.485547 0.03125 0.487109 0.0356445 0.495703 0.043457 0.501172 0.0517578 0.50625 0.0522461 0.507031 0.0507812 0.506641 0.0454102 0.504687 0.0415039 0.491406 0.0239258 0.487109 0.0166016
1 0.458203 0.00927734 0.454688 0.0126953 0.453906 0.0151367 0.453125 0.0322266 0.454688 0.0361328 0.457813 0.0400391 0.459766 0.0473633 0.462891 0.0488281 0.464453 0.0463867 0.464453 0.0410156 0.4625 0.0366211 0.459766 0.0234375 0.460938 0.0112305 0.460156 0.00976562
1 0.485156 0.177246 0.485156 0.179688 0.487109 0.183105 0.5 0.190918 0.511719 0.192383 0.523828 0.187988 0.521875 0.183105 0.517969 0.182617 0.514453 0.185059 0.512891 0.185059 0.503516 0.180664 0.498828 0.17627 0.494922 0.174316 0.489844 0.173828 0.486719 0.175293
1 0.470313 0.173828 0.470313 0.178223 0.472656 0.1875 0.472266 0.199707 0.473828 0.206055 0.484766 0.232422 0.485938 0.233398 0.488672 0.23291 0.490234 0.22998 0.490234 0.223633 0.487109 0.210938 0.481641 0.197754 0.476172 0.178223 0.471484 0.173828
1 0.534375 0.263184 0.532813 0.263184 0.530469 0.266113 0.528516 0.275391 0.523047 0.291016 0.519922 0.294434 0.519531 0.296875 0.521094 0.300781 0.525391 0.299316 0.529687 0.295898 0.532813 0.291504 0.535937 0.280273 0.536719 0.273926 0.536719 0.266113
1 0.558984 0.294922 0.55625 0.294434 0.548828 0.310547 0.547656 0.320312 0.542969 0.32959 0.539062 0.333984 0.536328 0.340332 0.536719 0.344727 0.541406 0.342285 0.545703 0.336914 0.548828 0.334961 0.553516 0.328613 0.555078 0.323242 0.556641 0.311035 0.558594 0.304688
1 0.490625 0.283691 0.483203 0.283203 0.478516 0.284668 0.472656 0.291016 0.46875 0.300781 0.468359 0.311523 0.465625 0.320801 0.462891 0.325684 0.4625 0.329102 0.462891 0.331055 0.464844 0.333008 0.466016 0.337402 0.467578 0.334961 0.467969 0.331543 0.471094 0.329102 0.474219 0.32373 0.476172 0.317871 0.478125 0.31543 0.478125 0.299316 0.479297 0.293945 0.483594 0.289062 0.490625 0.287598 0.491406 0.286621
1 0.463672 0.335449 0.459375 0.337402 0.455859 0.343262 0.452344 0.353027 0.453516 0.355957 0.455469 0.356934 0.458203 0.35498 0.460547 0.349121 0.464062 0.344727 0.465625 0.337891
1 0.448047 0.346191 0.446875 0.347168 0.446875 0.350586 0.449609 0.354492 0.447656 0.358398 0.445312 0.367188 0.446094 0.380371 0.441016 0.392578 0.441016 0.39502 0.442188 0.397461 0.44375 0.397461 0.447266 0.394043 0.448437 0.388672 0.454688 0.379883 0.45625 0.374023 0.45625 0.358398 0.457031 0.353516 0.453125 0.349121 0.450781 0.348633
2 0.557813 0 0.556641 0.00878906 0.560547 0.0161133 0.564453 0.027832 0.567187 0.0307617 0.571875 0.0332031 0.580859 0.0341797 0.583203 0.0327148 0.583594 0.0302734 0.582422 0.0258789 0.576953 0.0200195 0.571875 0.0185547 0.570312 0.0166016 0.569531 0.0126953 0.571484 0.0107422 0.579688 0.0112305 0.583594 0.00927734 0.590234 0.00341797 0.591016 0
2 0.439063 0.303711 0.434766 0.304688 0.433203 0.309082 0.433594 0.320312 0.435156 0.330078 0.436719 0.33252 0.439063 0.33252 0.439844 0.331543 0.441406 0.322754 0.441406 0.312012 0.440234 0.304688
1 0.424609 0.225098 0.423438 0.225098 0.421875 0.228027 0.416797 0.250488 0.4125 0.262207 0.410547 0.265137 0.410547 0.26709 0.411328 0.267578 0.416016 0.266113 0.422656 0.258301 0.424219 0.254883 0.426563 0.23877 0.426172 0.227539
1 0.353906 0.23584 0.350781 0.234375 0.348438 0.230957 0.344531 0.228027 0.334766 0.228027 0.325391 0.231445 0.319531 0.236816 0.318359 0.241211 0.31875 0.242188 0.322266 0.242188 0.325391 0.239258 0.335156 0.236816 0.343359 0.236816 0.350391 0.23877 0.353516 0.237793
1 0.356641 0.213867 0.356641 0.217285 0.357812 0.21875 0.361719 0.220703 0.369141 0.228027 0.374609 0.230957 0.38125 0.230957 0.394922 0.226562 0.399609 0.222168 0.397656 0.219727 0.392188 0.219727 0.3875 0.221191 0.373828 0.219238 0.364453 0.212891 0.357812 0.212402
1 0.400781 0.197266 0.400781 0.208008 0.398438 0.223633 0.400391 0.230957 0.400391 0.236816 0.401953 0.238281 0.404687 0.23877 0.405859 0.237305 0.404687 0.225098 0.407422 0.212891 0.407813 0.207031 0.405078 0.199219
1 0.387109 0.255859 0.385547 0.253906 0.382422 0.252441 0.377344 0.252441 0.372656 0.257324 0.364063 0.259766 0.360547 0.26416 0.351562 0.264648 0.350781 0.265625 0.351953 0.26709 0.356641 0.269043 0.361719 0.26709 0.372266 0.266113 0.378125 0.261719 0.385937 0.259766
1 0.386328 0.23584 0.385156 0.234375 0.380859 0.234863 0.374219 0.240234 0.364453 0.241699 0.357812 0.245605 0.354687 0.249023 0.350781 0.255859 0.348828 0.260742 0.349219 0.263672 0.350391 0.264648 0.352734 0.260742 0.361328 0.25293 0.364844 0.252441 0.373828 0.248535 0.377734 0.248535 0.385547 0.242188
1 0.358203 0.241211 0.353906 0.23584 0.346875 0.234863 0.3375 0.245117 0.328906 0.24707 0.327344 0.25 0.327344 0.252441 0.331641 0.255859 0.336328 0.255859 0.342578 0.252441 0.350391 0.245117 0.357422 0.243164
1 0.364844 0.41748 0.364063 0.422363 0.371875 0.426758 0.374609 0.430176 0.376172 0.43457 0.378125 0.43457 0.380469 0.431641 0.381641 0.427734 0.381641 0.422363 0.380469 0.420898 0.370312 0.416504
1 0.290234 0.382324 0.290625 0.384277 0.294141 0.387695 0.298828 0.389648 0.31875 0.390625 0.319922 0.38916 0.319141 0.383301 0.314844 0.380859 0.301563 0.380371 0.299219 0.381348 0.291016 0.381348
1 0.366406 0.0320801 0.362305 0.0325684 0.367969 0.0419922 0.367969 0.0512695 0.369531 0.0571289 0.368359 0.0600586 0.367578 0.0683594 0.365625 0.0693359 0.364844 0.0717773 0.366406 0.0717773 0.373047 0.0673828 0.375391 0.0610352 0.375391 0.0561523 0.376563 0.0537109 0.376172 0.046875 0.372656 0.0361328
2 0.358984 0.0761719 0.360156 0.0800781 0.366797 0.0820312 0.372656 0.0864258 0.376953 0.0869141 0.378125 0.0854492 0.377734 0.0786133 0.372656 0.074707 0.364063 0.0727539 0.359766 0.074707
1 0.167969 0.0419922 0.166016 0.0419922 0.162891 0.0483398 0.157812 0.0532227 0.154688 0.0581055 0.152734 0.0639648 0.152734 0.0678711 0.154297 0.0708008 0.159375 0.0712891 0.161719 0.0698242 0.167969 0.0615234 0.169531 0.0532227 0.169531 0.0444336
1 0.260547 0.0302734 0.257812 0.0273438 0.252734 0.0244141 0.247266 0.0244141 0.242578 0.0258789 0.237109 0.0302734 0.229297 0.03125 0.228125 0.0336914 0.228125 0.0380859 0.23125 0.043457 0.233594 0.043457 0.235937 0.0400391 0.240625 0.0390625 0.244531 0.0341797 0.249219 0.0341797 0.250781 0.0332031 0.259766 0.0341797 0.260547 0.0332031
1 0.259766 0.0297852 0.257812 0.03125 0.258203 0.0380859 0.254297 0.0415039 0.253516 0.0449219 0.248438 0.0517578 0.24793 0.0560059 0.246484 0.0649414 0.246484 0.0727539 0.244531 0.081543 0.247266 0.0834961 0.248828 0.0820312 0.257031 0.0483398 0.260547 0.0395508 0.260937 0.03125
1 0.231641 0.0429688 0.230469 0.0449219 0.230859 0.0478516 0.236328 0.0537109 0.241016 0.0654297 0.241016 0.0698242 0.243359 0.0810547 0.244531 0.0834961 0.247656 0.0834961 0.248828 0.0810547 0.249219 0.0688477 0.245703 0.0610352 0.245703 0.0551758 0.241797 0.0493164 0.238281 0.0478516 0.233203 0.0429688
1 0.208203 0.23877 0.205469 0.241699 0.202344 0.251953 0.202734 0.257324 0.208594 0.280273 0.210156 0.281738 0.213672 0.282227 0.216016 0.280273 0.216797 0.275391 0.215234 0.266602 0.210547 0.250488 0.209766 0.241211
2 0.231641 0.353027 0.228906 0.356934 0.226562 0.363281 0.225 0.371582 0.225 0.378906 0.227344 0.383301 0.232813 0.384766 0.234375 0.383301 0.234766 0.358398 0.233594 0.354004
1 0.0910156 0.362305 0.0898438 0.366211 0.0902344 0.375977 0.0945312 0.393555 0.0972656 0.399414 0.0988281 0.408203 0.100391 0.409668 0.101953 0.405273 0.103125 0.390625 0.0953125 0.364746 0.0929688 0.362305
1 0.13125 0.355469 0.126562 0.353027 0.123047 0.35791 0.118359 0.356934 0.114844 0.358398 0.111328 0.364258 0.112109 0.369629 0.112891 0.368652 0.116016 0.368164 0.11957 0.367529 0.122266 0.366211 0.123828 0.366211 0.126875 0.363672 0.130859 0.362305 0.132031 0.359863
1 0.131641 0.358887 0.130078 0.358398 0.124687 0.366016 0.120234 0.368408 0.116445 0.368506 0.113203 0.37168 0.111719 0.377441 0.110937 0.384277 0.112109 0.388184 0.114453 0.391602 0.116016 0.391602 0.117578 0.389648 0.119531 0.381836 0.122656 0.379883 0.125 0.375488 0.127344 0.375 0.128906 0.373047 0.132031 0.364746
1 0.116016 0.528809 0.115234 0.527832 0.111328 0.528809 0.1 0.541504 0.0917969 0.547852 0.0839844 0.551758 0.0800781 0.556641 0.0753906 0.558594 0.0714844 0.562988 0.0703125 0.569824 0.0722656 0.571289 0.0785156 0.569824 0.100391 0.555176 0.104297 0.550293 0.108203 0.542969 0.111719 0.539551 0.116016 0.53125
1 0.05 0.519531 0.05 0.520996 0.0519531 0.522949 0.0625 0.528809 0.0765625 0.544434 0.0808594 0.54541 0.0835937 0.547363 0.0859375 0.545898 0.0878906 0.541016 0.0878906 0.538086 0.0816406 0.532715 0.0757812 0.531738 0.06875 0.524414 0.0648438 0.523438 0.0582031 0.519043 0.0519531 0.518066
1 0.0535156 0.510254 0.0566406 0.51709 0.0605469 0.519531 0.0644531 0.519531 0.0667969 0.523438 0.0757812 0.52832 0.0796875 0.535156 0.0863281 0.538574 0.0886719 0.538574 0.0898438 0.537109 0.0902344 0.533203 0.0886719 0.527344 0.0839844 0.520508 0.0765625 0.518066 0.071875 0.514648 0.0582031 0.509277
1 0.0644531 0.470703 0.0644531 0.477539 0.0679687 0.487793 0.0730469 0.495117 0.0789062 0.506348 0.0839844 0.51123 0.0886719 0.511719 0.0898438 0.510254 0.0898438 0.504883 0.0878906 0.5 0.0789062 0.48584 0.0714844 0.478027 0.0691406 0.472656 0.0675781 0.471191
1 0.0488281 0.619141 0.0464844 0.622559 0.0449219 0.637695 0.0453125 0.641602 0.0496094 0.655762 0.0519531 0.669434 0.0539063 0.672852 0.0566406 0.674316 0.0582031 0.672363 0.0574219 0.646484 0.0554687 0.638672 0.0554687 0.630859 0.0527344 0.618164
1 0.0347656 0.660645 0.0324219 0.660645 0.0304687 0.662598 0.0261719 0.676758 0.0261719 0.687012 0.0289063 0.695312 0.0320312 0.700684 0.0332031 0.699707 0.034375 0.692383 0.034375 0.680664 0.0371094 0.66748 0.0367188 0.662109
1 0 0.743164 0 0.756836 0.009375 0.755371 0.0125 0.753906 0.015625 0.750488 0.00664062 0.745117
1 0.0929688 0.67041 0.0902344 0.67041 0.0886719 0.671875 0.0894531 0.691895 0.0871094 0.703613 0.0871094 0.709961 0.0882813 0.711914 0.0921875 0.710449 0.0953125 0.706543 0.0988281 0.697266 0.0988281 0.694824 0.0964844 0.6875 0.0960938 0.676758
1 0.0988281 0.705078 0.0976562 0.711426 0.0996094 0.73291 0.102734 0.745117 0.106641 0.755859 0.107422 0.755859 0.110937 0.74707 0.110937 0.743164 0.104688 0.725586 0.103125 0.716797 0.1 0.706543
2 0.108203 0.684082 0.103516 0.685547 0.100391 0.688477 0.0984375 0.693359 0.0988281 0.698242 0.100391 0.698242 0.105859 0.693848 0.108594 0.687012
2 0.040625 0.626953 0.0410156 0.631836 0.0449219 0.635742 0.0496094 0.634766 0.0558594 0.638672 0.0601563 0.637695 0.0617188 0.634766 0.0609375 0.629883 0.0577344 0.625586 0.0485547 0.62334 0.0448828 0.624609
1 0.306641 0.0351562 0.305859 0.0375977 0.307031 0.0424805 0.307422 0.0522461 0.304688 0.0610352 0.304297 0.0668945 0.305859 0.0683594 0.310937 0.0698242 0.313281 0.0654297 0.314063 0.0615234 0.313281 0.0458984 0.310547 0.0371094
1 0.294531 0.0556641 0.294141 0.0571289 0.295312 0.0615234 0.298828 0.0654297 0.299805 0.0708984 0.301172 0.0755859 0.302734 0.078125 0.303516 0.081543 0.306641 0.0854492 0.312891 0.0898438 0.313672 0.0947266 0.314453 0.0947266 0.316016 0.0859375 0.314453 0.0820312 0.312109 0.0795898 0.310937 0.0751953 0.309766 0.0742188 0.309375 0.0729004 0.307891 0.0715332 0.306797 0.0697754 0.305625 0.0672363 0.302734 0.0629395 0.298438 0.059082 0.296094 0.0556641
1 0.299219 0.0737305 0.295312 0.0761719 0.289844 0.0830078 0.285547 0.0932617 0.282031 0.0996094 0.281641 0.105957 0.282031 0.110352 0.283594 0.112793 0.284766 0.111816 0.286328 0.105469 0.292578 0.100098 0.297656 0.0908203 0.300391 0.0820312 0.300391 0.0771484
1 0.290625 0.0869141 0.289844 0.0899902 0.289844 0.0954102 0.291406 0.101074 0.292969 0.120117 0.296484 0.125 0.299219 0.133789 0.301563 0.13623 0.302734 0.13623 0.303516 0.135254 0.303516 0.128418 0.302344 0.124512 0.302344 0.114746 0.3 0.108398 0.297266 0.104004 0.294922 0.0893555
1 0.314844 0.0825195 0.310156 0.0820312 0.307031 0.0854492 0.306641 0.0908203 0.301172 0.102539 0.298438 0.105469 0.294883 0.110254 0.29082 0.115869 0.292969 0.119141 0.297227 0.11875 0.303906 0.115234 0.308203 0.111328 0.315234 0.0976562 0.316797 0.090332 0.316797 0.0844727
1 0.0175781 0.0605469 0.0148437 0.0615234 0.0132812 0.0644531 0.0140625 0.0766602 0.0128906 0.0795898 0.0136719 0.0839844 0.0128906 0.101074 0.0136719 0.102539 0.0179687 0.102539 0.0214844 0.0996094 0.0226562 0.09375 0.0226562 0.0859375 0.0203125 0.0649414 0.0191406 0.0615234
1 0.0132812 0.0678711 0.00898437 0.0703125 0.00507813 0.0800781 0.00507813 0.0976562 0.00742187 0.109863 0.00742187 0.119141 0.00859375 0.120117 0.0128906 0.119629 0.0144531 0.117188 0.0164063 0.11084 0.0164063 0.105469 0.0152344 0.103027 0.015 0.0979492 0.0147656 0.0875977 0.0140625 0.0810547 0.0144531 0.0693359
1 0 0.108887 0 0.12207 0.00625 0.12207 0.00976562 0.119629 0.00585938 0.11084 0.00234375 0.108887
1 0.0988281 0.17334 0.0945312 0.172852 0.0871094 0.179199 0.0761719 0.191895 0.0722656 0.20459 0.0722656 0.209473 0.0734375 0.212402 0.0726563 0.218262 0.0738281 0.222656 0.0753906 0.224609 0.0773438 0.224609 0.0785156 0.222656 0.0773438 0.211914 0.0820312 0.205078 0.0878906 0.193359 0.0988281 0.178711
1 0.161328 0.177246 0.157812 0.175781 0.150781 0.182617 0.146094 0.188965 0.144141 0.193359 0.142187 0.205566 0.136719 0.210938 0.136328 0.213379 0.138281 0.218262 0.144922 0.219238 0.148047 0.218262 0.15 0.216309 0.151172 0.213379 0.151562 0.20752 0.153516 0.203613 0.155469 0.191895 0.161719 0.179199
1 0.119141 0.173828 0.120313 0.178223 0.124219 0.18457 0.126562 0.199707 0.130859 0.212402 0.130078 0.217285 0.134375 0.222656 0.139063 0.224121 0.140234 0.217773 0.139844 0.21582 0.136719 0.211426 0.136328 0.200684 0.134766 0.192871 0.130469 0.183105 0.123438 0.173828
1 0.0980469 0.210938 0.0949219 0.212891 0.0910156 0.22168 0.0902344 0.226074 0.0902344 0.241699 0.0914062 0.246582 0.0945312 0.25293 0.0988281 0.256348 0.100781 0.256348 0.1 0.248047 0.100781 0.229492 0.0996094 0.223145 0.100391 0.211426
1 0.0769531 0.289062 0.0765625 0.291504 0.0824219 0.306152 0.0835937 0.316406 0.0894531 0.327637 0.090625 0.333984 0.0929688 0.334473 0.0957031 0.331543 0.0972656 0.324707 0.0960938 0.309082 0.0921875 0.300293 0.0886719 0.295898 0.0835937 0.29248 0.0800781 0.288574
1 0.180078 0.251953 0.174609 0.247559 0.169922 0.247559 0.165625 0.25 0.163281 0.253906 0.159375 0.255371 0.153125 0.264648 0.151953 0.271484 0.153125 0.277344 0.154688 0.277344 0.161328 0.267578 0.166797 0.262695 0.169531 0.256836 0.172656 0.258301 0.180078 0.257324 0.18125 0.255859
1 0.155078 0.277832 0.149219 0.279297 0.137891 0.285156 0.136719 0.286621 0.136719 0.291016 0.140625 0.293945 0.144141 0.293945 0.147656 0.291992 0.153125 0.286621 0.155469 0.280273
1 0.103125 0.24707 0.103906 0.250977 0.108164 0.252197 0.111914 0.253125 0.115625 0.253418 0.119141 0.254883 0.125312 0.258203 0.135156 0.257812 0.140625 0.260254 0.143359 0.261914 0.145781 0.263037 0.149336 0.2604 0.142187 0.253906 0.138281 0.253418 0.135547 0.249512 0.130469 0.245605 0.107031 0.243652 0.103516 0.245605
1 0.114453 0.213379 0.113672 0.21582 0.114062 0.222168 0.116016 0.228027 0.121484 0.238281 0.126172 0.23877 0.126562 0.235352 0.125391 0.229492 0.121094 0.224609 0.119531 0.219727 0.116406 0.214355
1 0.0847656 0.275879 0.0859375 0.280273 0.0988281 0.291992 0.0996094 0.294922 0.102344 0.297852 0.104297 0.306152 0.105859 0.308594 0.110937 0.308594 0.112891 0.306641 0.113281 0.304688 0.111797 0.300537 0.110469 0.296387 0.109141 0.292041 0.105586 0.286523 0.10082 0.280225 0.0964844 0.277344 0.0917969 0.274414 0.0867187 0.274414
1 0.120625 0.214453 0.125156 0.221436 0.125703 0.23125 0.128125 0.237549 0.131367 0.232617 0.131562 0.219727 0.124492 0.212695
1 0.244141 0.398438 0.242969 0.399414 0.241406 0.406738 0.231641 0.417969 0.229687 0.422363 0.230469 0.432129 0.232422 0.43457 0.237109 0.435059 0.240234 0.426758 0.25 0.412598 0.25 0.406738
1 0.232422 0.419434 0.230469 0.422363 0.230469 0.432129 0.234375 0.438477 0.237109 0.445801 0.244531 0.470703 0.246484 0.473145 0.251563 0.475098 0.253125 0.47168 0.253125 0.464844 0.248828 0.446777 0.244922 0.436523 0.241406 0.432129 0.239844 0.425293 0.235547 0.42041
1 0.269531 0.46582 0.268359 0.464355 0.263281 0.464844 0.253516 0.470215 0.251172 0.473633 0.250781 0.47998 0.248438 0.484375 0.247656 0.490723 0.250781 0.491211 0.253125 0.490234 0.255859 0.484375 0.261719 0.477539
1 0.293359 0.475098 0.291797 0.473145 0.281641 0.475586 0.271719 0.479785 0.268906 0.483252 0.267773 0.483984 0.264844 0.486719 0.26293 0.489795 0.257812 0.489746 0.253516 0.495605 0.254297 0.500488 0.257031 0.501465 0.260547 0.499512 0.265156 0.499219 0.270859 0.495117 0.275781 0.48877 0.277344 0.486816 0.292578 0.477051
1 0.296094 0.597656 0.291406 0.598145 0.285938 0.604492 0.280469 0.608887 0.272656 0.612793 0.267969 0.616699 0.263281 0.615723 0.258984 0.617676 0.257422 0.623535 0.258984 0.625488 0.269922 0.621582 0.277734 0.621582 0.280469 0.620605 0.283594 0.617676 0.285938 0.612793 0.29375 0.603516 0.296484 0.599121
1 0.243359 0.580566 0.242969 0.585449 0.24375 0.586914 0.246484 0.587891 0.252344 0.586914 0.257812 0.597168 0.267188 0.609375 0.272266 0.611328 0.273047 0.609375 0.272266 0.598145 0.262109 0.584961 0.252734 0.577637 0.246875 0.578125
1 0.248047 0.545898 0.247266 0.550781 0.248438 0.557617 0.25 0.561523 0.252344 0.573242 0.256641 0.582031 0.262891 0.587305 0.266406 0.593262 0.269922 0.594727 0.273047 0.594238 0.273047 0.592285 0.269141 0.586426 0.268359 0.583008 0.264453 0.580566 0.264453 0.578613 0.262109 0.573242 0.257422 0.565918 0.255859 0.555664 0.252734 0.54834
1 0.298438 0.572754 0.294531 0.570312 0.288281 0.577148 0.282422 0.581543 0.278125 0.583008 0.275781 0.586914 0.271875 0.587402 0.270703 0.589355 0.270703 0.594238 0.275781 0.598145 0.278906 0.598145 0.282813 0.591797 0.286719 0.592285 0.292187 0.589844 0.299609 0.580566 0.299609 0.57666
1 0.284844 0.518652 0.285469 0.522852 0.289062 0.526367 0.296484 0.53125 0.302344 0.537109 0.307422 0.540039 0.314453 0.54248 0.326953 0.543945 0.328516 0.541016 0.328125 0.539062 0.326562 0.537598 0.317578 0.533203 0.310156 0.53125 0.302734 0.523926 0.291797 0.517578 0.286094 0.51543
1 0.290625 0.532227 0.289453 0.533691 0.291016 0.540527 0.289453 0.569824 0.290625 0.572266 0.291797 0.572266 0.294531 0.564941 0.295703 0.557617 0.298047 0.552734 0.298438 0.546875 0.29375 0.53418
1 0.282422 0.511719 0.279687 0.520508 0.278516 0.536621 0.279687 0.549316 0.283203 0.563477 0.283594 0.569824 0.286719 0.570312 0.287891 0.563477 0.285156 0.545898 0.285547 0.535156 0.284375 0.530762 0.283984 0.513672
1 0.248438 0.530273 0.251563 0.534668 0.258984 0.541016 0.262891 0.542969 0.272266 0.542969 0.275391 0.541992 0.277734 0.539551 0.277734 0.535156 0.275781 0.533691 0.264844 0.532715 0.259766 0.530762 0.255859 0.527832 0.251172 0.527832
2 0.311328 0.545898 0.309375 0.545898 0.307812 0.547363 0.30625 0.552734 0.305859 0.575684 0.306641 0.577637 0.310156 0.577148 0.311719 0.573242 0.313281 0.54834
1 0.245703 0.47168 0.252891 0.478516 0.261328 0.483105 0.266797 0.486328 0.271875 0.490234 0.275391 0.489746 0.278516 0.485352 0.271875 0.47998 0.268906 0.478223 0.266172 0.476953 0.263125 0.473145 0.260313 0.470703 0.256641 0.46875 0.252891 0.467383 0.24875 0.464453 0.244688 0.467187
1 0.0152344 0.807617 0.015625 0.811035 0.0195312 0.817383 0.0214844 0.823242 0.0289063 0.833496 0.0449219 0.841797 0.053125 0.842285 0.0515625 0.837891 0.0496094 0.835449 0.04375 0.834961 0.0324219 0.82373 0.0296875 0.818359 0.0214844 0.807617 0.01875 0.806152 0.0164063 0.806152
1 0.104688 0.771484 0.103125 0.771973 0.101953 0.776855 0.0929688 0.79834 0.0929688 0.807617 0.0902344 0.813965 0.0925781 0.814941 0.0949219 0.818359 0.103125 0.803711 0.103516 0.798828 0.105078 0.793945 0.105469 0.78125 0.10625 0.778809 0.10625 0.774414
1 0.0996094 0.805664 0.0941406 0.805664 0.0898438 0.811035 0.0871094 0.8125 0.0796875 0.823242 0.0772656 0.828711 0.0779688 0.833789 0.0783594 0.837012 0.0792969 0.840332 0.0808594 0.84082 0.0816406 0.839844 0.0816406 0.833496 0.0835937 0.830078 0.0957031 0.823242 0.0964844 0.818848 0.100781 0.809082
1 0.0648438 0.835938 0.0609375 0.837891 0.0570312 0.84375 0.053125 0.862305 0.0550781 0.871582 0.0597656 0.879395 0.0617188 0.879395 0.0628906 0.876953 0.0628906 0.871582 0.0609375 0.866211 0.0613281 0.862793 0.0636719 0.856934 0.0640625 0.842285 0.065625 0.839355
1 0.0707031 0.855957 0.0679687 0.860352 0.0675781 0.866699 0.0714844 0.876953 0.0722656 0.882324 0.0742188 0.884277 0.0765625 0.884766 0.0785156 0.883789 0.0804688 0.880371 0.0804688 0.873047 0.0773438 0.866211 0.0730469 0.862305 0.0730469 0.856934
1 0.0648438 0.84082 0.0636719 0.841797 0.0621094 0.84668 0.0636719 0.853027 0.0632812 0.856445 0.0660156 0.865234 0.0691406 0.868652 0.071875 0.866211 0.0722656 0.859375 0.0714844 0.851074 0.0691406 0.843262 0.0679687 0.841797
1 0.0714844 0.834473 0.0703125 0.838379 0.0777344 0.860352 0.0804688 0.862793 0.0832031 0.873047 0.0847656 0.873047 0.0859375 0.867676 0.0882813 0.863281 0.0863281 0.85498 0.0859375 0.848145 0.0796875 0.837402
1 0.0792969 0.851562 0.08125 0.857422 0.0847656 0.862793 0.0902344 0.86377 0.0964844 0.862793 0.108203 0.867676 0.111328 0.867676 0.112109 0.866699 0.112109 0.862793 0.110937 0.86084 0.103125 0.85791 0.0992187 0.853027 0.0960938 0.851074 0.0902344 0.849609 0.0820312 0.849609
1 0.120703 0.880371 0.116406 0.879883 0.113672 0.880859 0.107031 0.889648 0.105078 0.898926 0.103516 0.900391 0.101953 0.904785 0.101562 0.911621 0.102344 0.916016 0.1 0.919434 0.100781 0.923828 0.102344 0.924805 0.104297 0.923828 0.105078 0.921875 0.105078 0.915039 0.112109 0.901855 0.112891 0.890137 0.117969 0.883789 0.120703 0.882324
1 0.114453 0.932617 0.114453 0.936035 0.119141 0.938477 0.130469 0.949219 0.137891 0.95166 0.142969 0.95166 0.146094 0.949219 0.146484 0.944336 0.144141 0.941406 0.138672 0.9375 0.135156 0.937012 0.129688 0.932617 0.122656 0.930176 0.116406 0.930664
1 0.134766 0.916016 0.134375 0.92627 0.135547 0.931152 0.139063 0.933105 0.146094 0.942871 0.147266 0.942383 0.148438 0.939453 0.146094 0.934082 0.143359 0.922852 0.138672 0.916016
1 0.114453 0.912744 0.116406 0.915527 0.117578 0.920264 0.121875 0.925293 0.123438 0.928711 0.126562 0.929688 0.130078 0.932617 0.134375 0.931152 0.13125 0.92627 0.120586 0.912109 0.114844 0.90625 0.11082 0.90498 0.110156 0.907568 0.111719 0.910156
1 0.120547 0.898486 0.118945 0.899658 0.117969 0.901025 0.118672 0.903369 0.120469 0.906592 0.121953 0.908838 0.122344 0.912061 0.125977 0.920117 0.131914 0.9271 0.134258 0.926758 0.133594 0.919141 0.131602 0.91377 0.129688 0.910889 0.12793 0.908203 0.12707 0.90625 0.126484 0.903711 0.12418 0.901074 0.122148 0.899121
1 0.0863281 0.974121 0.0859375 0.978516 0.0894531 0.98584 0.0964844 0.990723 0.103125 0.99707 0.107422 0.996094 0.108594 0.994629 0.109375 0.98877 0.0992187 0.976562 0.0945312 0.976074 0.0898438 0.973145 0.0871094 0.973145
1 0.0820312 0.969727 0.0808594 0.96875 0.0765625 0.96875 0.0679687 0.964355 0.0601563 0.965332 0.0558594 0.968262 0.053125 0.972656 0.05 0.974609 0.0464844 0.979004 0.0476562 0.97998 0.0550781 0.97998 0.0597656 0.977051 0.0652344 0.976562 0.071875 0.974121 0.0808594 0.974121
1 0.0448438 0.975635 0.0375 0.976074 0.0320312 0.975586 0.025 0.977295 0.0210938 0.979492 0.0117969 0.981445 0.0110156 0.984717 0.0158203 0.984766 0.0234375 0.987305 0.0324219 0.987305 0.0461719 0.980273
1 0 0.973145 0 0.990723 0.00195312 0.990723 0.00585938 0.993652 0.008125 0.994873 0.0096875 0.99668 0.0113281 0.998535 0.0125 1 0.0152344 1 0.0167969 0.998535 0.0222656 1 0.025 0.998535 0.0234375 0.995605 0.0226562 0.989746 0.0214844 0.988281 0.0164063 0.986328 0.0136719 0.982422 0.00976562 0.981934 0.00234375 0.973145
2 0.0875 0.94873 0.0867187 0.949707 0.0867187 0.955566 0.0910156 0.964355 0.0914062 0.969238 0.09375 0.972656 0.0949219 0.977539 0.0992187 0.979004 0.100391 0.976074 0.100391 0.969238 0.09375 0.953613 0.0886719 0.94873
2 0.0113281 0.949219 0.00976562 0.947754 0 0.94873 0 0.960938 0.00273437 0.960449 0.00585938 0.956055 0.0117188 0.950684
