1 0.602734 0.646973 0.602734 0.649902 0.603906 0.651367 0.604688 0.651367 0.605078 0.651855 0.605469 0.651855 0.605859 0.652344 0.606641 0.652344 0.607031 0.652832 0.607812 0.652832 0.608203 0.65332 0.608984 0.65332 0.609375 0.653809 0.609766 0.653809 0.610156 0.654297 0.611328 0.654297 0.611719 0.654785 0.612891 0.654785 0.613281 0.655273 0.614844 0.655273 0.615234 0.655762 0.617188 0.655762 0.617578 0.65625 0.620313 0.65625 0.620703 0.656738 0.623047 0.656738 0.623437 0.657227 0.625391 0.657227 0.625781 0.657715 0.627344 0.657715 0.627734 0.658203 0.628125 0.658203 0.628516 0.658691 0.629297 0.658691 0.629687 0.65918 0.630469 0.65918 0.630859 0.659668 0.631641 0.659668 0.632031 0.660156 0.632812 0.660156 0.633203 0.660645 0.633984 0.660645 0.634375 0.661133 0.636328 0.661133 0.636719 0.661621 0.639062 0.661621 0.639453 0.662109 0.640234 0.662109 0.640625 0.662598 0.641406 0.662598 0.641797 0.663086 0.64375 0.663086 0.644141 0.663574 0.646094 0.663574 0.646484 0.664062 0.648047 0.664062 0.648438 0.664551 0.650391 0.664551 0.650781 0.665039 0.652734 0.665039 0.653125 0.665527 0.660937 0.665527 0.661328 0.666016 0.662109 0.666016 0.6625 0.665527 0.669922 0.665527 0.670312 0.665039 0.672266 0.665039 0.672656 0.664551 0.674609 0.664551 0.675 0.664062 0.677344 0.664062 0.677734 0.663574 0.678516 0.663574 0.678906 0.663086 0.679297 0.663086 0.679688 0.662598 0.680078 0.662598 0.680469 0.662109 0.680859 0.662109 0.68125 0.661621 0.681641 0.661621 0.682031 0.661133 0.682422 0.661133 0.682813 0.660645 0.683203 0.660645 0.683594 0.660156 0.683984 0.660156 0.684375 0.659668 0.684766 0.659668 0.685937 0.658203 0.685937 0.657227 0.686328 0.656738 0.686328 0.653809 0.685937 0.65332 0.685547 0.65332 0.685156 0.652832 0.683594 0.652832 0.683203 0.652344 0.679688 0.652344 0.679297 0.652832 0.673438 0.652832 0.673047 0.652344 0.669141 0.652344 0.66875 0.651855 0.666016 0.651855 0.665625 0.651367 0.663672 0.651367 0.663281 0.650879 0.661719 0.650879 0.661328 0.650391 0.659766 0.650391 0.659375 0.649902 0.658203 0.649902 0.657813 0.649414 0.656641 0.649414 0.65625 0.648926 0.655078 0.648926 0.654687 0.648438 0.653125 0.648438 0.652734 0.647949 0.651172 0.647949 0.650781 0.647461 0.649219 0.647461 0.648828 0.646973 0.647656 0.646973 0.647266 0.646484 0.646094 0.646484 0.645703 0.645996 0.644141 0.645996 0.64375 0.645508 0.641797 0.645508 0.641406 0.64502 0.639844 0.64502 0.639453 0.644531 0.634375 0.644531 0.633984 0.644043 0.630078 0.644043 0.629687 0.643555 0.625 0.643555 0.624609 0.644043 0.610547 0.644043 0.610156 0.644531 0.608203 0.644531 0.607812 0.64502 0.606641 0.64502 0.60625 0.645508 0.604688 0.645508 0.604297 0.645996 0.603516 0.645996
1 0.725781 0.615723 0.725391 0.615234 0.725391 0.614746 0.725 0.614258 0.724609 0.614258 0.724219 0.61377 0.723828 0.61377 0.723437 0.613281 0.723047 0.613281 0.722656 0.612793 0.721875 0.612793 0.721484 0.612305 0.720703 0.612305 0.720313 0.611816 0.718359 0.611816 0.717969 0.611328 0.7125 0.611328 0.712109 0.611816 0.709766 0.611816 0.709375 0.612305 0.705469 0.612305 0.705078 0.612793 0.701562 0.612793 0.701172 0.613281 0.699219 0.613281 0.698828 0.61377 0.696875 0.61377 0.696484 0.614258 0.695312 0.614258 0.694922 0.614746 0.69375 0.614746 0.693359 0.615234 0.691797 0.615234 0.691406 0.615723 0.690234 0.615723 0.689844 0.616211 0.689063 0.616211 0.688672 0.616699 0.688281 0.616699 0.687891 0.617188 0.6875 0.617188 0.687109 0.617676 0.686328 0.617676 0.685937 0.618164 0.684766 0.618164 0.684375 0.618652 0.682813 0.618652 0.682422 0.619141 0.68125 0.619141 0.680859 0.619629 0.680469 0.619629 0.680078 0.620117 0.679688 0.620117 0.679297 0.620605 0.678906 0.620605 0.678516 0.621094 0.677734 0.621094 0.677344 0.621582 0.676562 0.621582 0.676172 0.62207 0.675 0.62207 0.674609 0.622559 0.673828 0.622559 0.673438 0.623047 0.672656 0.623047 0.672266 0.623535 0.671875 0.623535 0.671484 0.624023 0.671094 0.624023 0.670703 0.624512 0.669922 0.624512 0.669531 0.625 0.667578 0.625 0.667188 0.625488 0.665625 0.625488 0.665234 0.625977 0.664453 0.625977 0.664062 0.626465 0.663281 0.626465 0.662891 0.626953 0.662109 0.626953 0.661719 0.627441 0.660156 0.627441 0.659766 0.62793 0.657813 0.62793 0.657422 0.628418 0.656641 0.628418 0.65625 0.628906 0.655078 0.628906 0.654687 0.629395 0.653125 0.629395 0.652734 0.629883 0.64375 0.629883 0.643359 0.630371 0.642188 0.630371 0.641797 0.630859 0.641406 0.630859 0.641016 0.631348 0.641016 0.632324 0.640625 0.632812 0.640625 0.634766 0.641406 0.635742 0.642188 0.635742 0.642578 0.63623 0.643359 0.63623 0.64375 0.636719 0.644531 0.636719 0.644922 0.637207 0.646094 0.637207 0.646484 0.637695 0.648438 0.637695 0.648828 0.638184 0.651563 0.638184 0.651953 0.638672 0.655469 0.638672 0.655859 0.63916 0.661719 0.63916 0.662109 0.639648 0.6625 0.639648 0.662891 0.63916 0.670312 0.63916 0.670703 0.638672 0.672266 0.638672 0.672656 0.638184 0.675 0.638184 0.675391 0.637695 0.678125 0.637695 0.678516 0.637207 0.679297 0.637207 0.679688 0.636719 0.680859 0.636719 0.68125 0.63623 0.682422 0.63623 0.682813 0.635742 0.684375 0.635742 0.684766 0.635254 0.685937 0.635254 0.686328 0.634766 0.686719 0.634766 0.687109 0.634277 0.6875 0.634277 0.687891 0.633789 0.688672 0.633789 0.689063 0.633301 0.689844 0.633301 0.690234 0.632812 0.691406 0.632812 0.691797 0.632324 0.692969 0.632324 0.693359 0.631836 0.694141 0.631836 0.694531 0.631348 0.695312 0.631348 0.695703 0.630859 0.696484 0.630859 0.696875 0.630371 0.698047 0.630371 0.698438 0.629883 0.699609 0.629883 0.7 0.629395 0.700781 0.629395 0.701172 0.628906 0.701953 0.628906 0.702344 0.628418 0.702734 0.628418 0.703125 0.62793 0.703906 0.62793 0.704297 0.627441 0.705078 0.627441 0.705469 0.626953 0.706641 0.626953 0.707031 0.626465 0.708594 0.626465 0.708984 0.625977 0.709766 0.625977 0.710156 0.625488 0.710547 0.625488 0.710938 0.625 0.711719 0.625 0.712109 0.624512 0.712891 0.624512 0.713281 0.624023 0.714844 0.624023 0.715234 0.623535 0.716406 0.623535 0.716797 0.623047 0.717578 0.623047 0.717969 0.622559 0.71875 0.622559 0.719141 0.62207 0.719922 0.62207 0.720313 0.621582 0.721094 0.621582 0.721484 0.621094 0.722266 0.621094 0.722656 0.620605 0.723437 0.620605 0.723828 0.620117 0.724219 0.620117 0.725391 0.618652 0.725391 0.616699 0.725781 0.616211
1 0.733203 0.464844 0.732812 0.464844 0.732422 0.464355 0.731641 0.464355 0.73125 0.464844 0.730469 0.464844 0.730078 0.465332 0.729688 0.465332 0.729297 0.46582 0.728906 0.46582 0.727734 0.467285 0.727734 0.467773 0.727344 0.468262 0.727344 0.46875 0.726953 0.469238 0.726953 0.469727 0.726562 0.470215 0.726562 0.470703 0.726172 0.471191 0.726172 0.47168 0.725781 0.472168 0.725781 0.473145 0.725391 0.473633 0.725391 0.474121 0.725 0.474609 0.725 0.475098 0.724609 0.475586 0.724609 0.476074 0.724219 0.476562 0.724219 0.477051 0.723828 0.477539 0.723828 0.478027 0.723437 0.478516 0.723437 0.479492 0.723047 0.47998 0.723047 0.480469 0.722656 0.480957 0.722656 0.481934 0.722266 0.482422 0.722266 0.483398 0.721875 0.483887 0.721875 0.484375 0.721484 0.484863 0.721484 0.485352 0.721094 0.48584 0.721094 0.486328 0.720703 0.486816 0.720703 0.487793 0.720313 0.488281 0.720313 0.489258 0.719922 0.489746 0.719922 0.490723 0.719531 0.491211 0.719531 0.491699 0.719141 0.492188 0.719141 0.493164 0.71875 0.493652 0.71875 0.494629 0.718359 0.495117 0.718359 0.496582 0.717969 0.49707 0.717969 0.498047 0.717578 0.498535 0.717578 0.499023 0.717187 0.499512 0.717187 0.5 0.716406 0.500977 0.716406 0.501465 0.716016 0.501953 0.716016 0.502441 0.715625 0.50293 0.715625 0.503906 0.715234 0.504395 0.715234 0.505371 0.714844 0.505859 0.714844 0.506348 0.714453 0.506836 0.714453 0.507324 0.714063 0.507812 0.714063 0.508301 0.713281 0.509277 0.713281 0.510254 0.712891 0.510742 0.712891 0.51123 0.7125 0.511719 0.7125 0.512695 0.712109 0.513184 0.712109 0.51416 0.711719 0.514648 0.711719 0.515137 0.711328 0.515625 0.711328 0.516113 0.710938 0.516602 0.710938 0.51709 0.710547 0.517578 0.710547 0.518555 0.710156 0.519043 0.710156 0.519531 0.709766 0.52002 0.709766 0.520508 0.709375 0.520996 0.709375 0.521484 0.708594 0.522461 0.708594 0.522949 0.707812 0.523926 0.707812 0.524414 0.707422 0.524902 0.707422 0.525391 0.706641 0.526367 0.706641 0.526855 0.70625 0.527344 0.70625 0.527832 0.705469 0.528809 0.705469 0.529297 0.703906 0.53125 0.703906 0.531738 0.703125 0.532715 0.703125 0.533203 0.702344 0.53418 0.702344 0.534668 0.701172 0.536133 0.701172 0.536621 0.696484 0.54248 0.696484 0.542969 0.696094 0.543457 0.696094 0.543945 0.695703 0.544434 0.695703 0.544922 0.695312 0.54541 0.695312 0.547363 0.694922 0.547852 0.694922 0.548828 0.695312 0.549316 0.695312 0.549805 0.695703 0.550293 0.696094 0.550293 0.696484 0.550781 0.698828 0.550781 0.699219 0.550293 0.700781 0.550293 0.701562 0.549316 0.701953 0.549316 0.703906 0.546875 0.704297 0.546875 0.705078 0.545898 0.705469 0.545898 0.705859 0.54541 0.70625 0.54541 0.706641 0.544922 0.707031 0.544922 0.707422 0.544434 0.707812 0.544434 0.708984 0.542969 0.709375 0.542969 0.709766 0.54248 0.709766 0.541992 0.7125 0.538574 0.712891 0.538574 0.714063 0.537109 0.714453 0.537109 0.714844 0.536621 0.714844 0.536133 0.717578 0.532715 0.717578 0.532227 0.71875 0.530762 0.71875 0.530273 0.719531 0.529297 0.719531 0.528809 0.720313 0.527832 0.720313 0.527344 0.721484 0.525879 0.721484 0.525391 0.721875 0.524902 0.721875 0.524414 0.722656 0.523438 0.722656 0.522949 0.723437 0.521973 0.723437 0.521484 0.723828 0.520996 0.723828 0.520508 0.724219 0.52002 0.724219 0.519531 0.724609 0.519043 0.724609 0.518555 0.725 0.518066 0.725 0.517578 0.725391 0.51709 0.725391 0.516602 0.725781 0.516113 0.725781 0.515137 0.726172 0.514648 0.726172 0.51416 0.726562 0.513672 0.726562 0.512695 0.726953 0.512207 0.726953 0.51123 0.727344 0.510742 0.727344 0.509766 0.727734 0.509277 0.727734 0.508301 0.728125 0.507812 0.728125 0.507324 0.728516 0.506836 0.728516 0.506348 0.728906 0.505859 0.728906 0.504883 0.729297 0.504395 0.729297 0.503418 0.729688 0.50293 0.729688 0.501953 0.730078 0.501465 0.730078 0.500977 0.730469 0.500488 0.730469 0.5 0.730859 0.499512 0.730859 0.499023 0.73125 0.498535 0.73125 0.497559 0.731641 0.49707 0.731641 0.494629 0.732031 0.494141 0.732031 0.492188 0.732422 0.491699 0.732422 0.489746 0.732812 0.489258 0.732812 0.48584 0.733203 0.485352 0.733203 0.482422 0.733594 0.481934 0.733594 0.477539 0.733984 0.477051 0.733984 0.466309 0.733203 0.465332
1 0.907422 0.3125 0.906641 0.313477 0.906641 0.314941 0.907031 0.31543 0.907031 0.315918 0.907813 0.316895 0.907813 0.317383 0.911328 0.321777 0.911719 0.321777 0.912891 0.323242 0.913281 0.323242 0.914453 0.324707 0.914844 0.324707 0.915625 0.325684 0.916016 0.325684 0.916406 0.326172 0.916797 0.326172 0.917188 0.32666 0.917578 0.32666 0.918359 0.327637 0.91875 0.327637 0.919531 0.328613 0.919922 0.328613 0.921875 0.331055 0.922266 0.331055 0.923828 0.333008 0.924219 0.333008 0.925391 0.334473 0.925781 0.334473 0.926953 0.335938 0.926953 0.336426 0.928906 0.338867 0.928906 0.339355 0.930469 0.341309 0.930469 0.341797 0.935547 0.348145 0.935547 0.348633 0.936328 0.349609 0.936328 0.350098 0.937109 0.351074 0.937109 0.351562 0.9375 0.352051 0.9375 0.352539 0.937891 0.353027 0.937891 0.353516 0.938281 0.354004 0.938281 0.354492 0.938672 0.35498 0.938672 0.355469 0.939063 0.355957 0.939063 0.356445 0.941406 0.359375 0.941406 0.359863 0.942578 0.361328 0.942578 0.361816 0.943359 0.362793 0.943359 0.363281 0.944141 0.364258 0.944141 0.364746 0.944531 0.365234 0.944531 0.365723 0.944922 0.366211 0.944922 0.366699 0.945312 0.367188 0.945312 0.367676 0.945703 0.368164 0.945703 0.368652 0.946094 0.369141 0.946094 0.369629 0.946484 0.370117 0.946484 0.370605 0.946875 0.371094 0.946875 0.371582 0.949219 0.374512 0.949219 0.375 0.950391 0.376465 0.950391 0.376953 0.953516 0.380859 0.953516 0.381348 0.954688 0.382812 0.955078 0.382812 0.955859 0.383789 0.95625 0.383789 0.956641 0.384277 0.957031 0.384277 0.957422 0.384766 0.957812 0.384766 0.958203 0.385254 0.959766 0.385254 0.960156 0.384766 0.960547 0.384766 0.961328 0.383789 0.961328 0.382812 0.961719 0.382324 0.961719 0.379395 0.961328 0.378906 0.961328 0.376953 0.960938 0.376465 0.960938 0.375 0.960547 0.374512 0.960547 0.373047 0.960156 0.372559 0.960156 0.371582 0.959766 0.371094 0.959766 0.370117 0.959375 0.369629 0.959375 0.368652 0.958984 0.368164 0.958984 0.367188 0.958594 0.366699 0.958594 0.365723 0.958203 0.365234 0.958203 0.364746 0.957812 0.364258 0.957812 0.36377 0.957422 0.363281 0.957422 0.362305 0.957031 0.361816 0.957031 0.361328 0.956641 0.36084 0.956641 0.360352 0.955859 0.359375 0.955859 0.358887 0.955469 0.358398 0.955469 0.35791 0.955078 0.357422 0.955078 0.356934 0.954688 0.356445 0.954688 0.355957 0.953906 0.35498 0.953906 0.354492 0.953516 0.354004 0.953516 0.353516 0.953125 0.353027 0.953125 0.352539 0.952734 0.352051 0.952734 0.351562 0.952344 0.351074 0.952344 0.350586 0.951953 0.350098 0.951953 0.349609 0.951172 0.348633 0.951172 0.348145 0.950781 0.347656 0.950781 0.347168 0.949609 0.345703 0.949609 0.345215 0.946484 0.341309 0.946484 0.34082 0.945312 0.339355 0.945312 0.338867 0.944531 0.337891 0.944531 0.337402 0.938672 0.330078 0.938281 0.330078 0.935156 0.326172 0.934766 0.326172 0.933984 0.325195 0.933594 0.325195 0.932813 0.324219 0.932422 0.324219 0.932031 0.32373 0.931641 0.32373 0.93125 0.323242 0.930859 0.323242 0.930078 0.322266 0.929688 0.322266 0.929297 0.321777 0.928906 0.321777 0.928516 0.321289 0.928125 0.321289 0.927734 0.320801 0.927344 0.320801 0.926953 0.320312 0.926562 0.320312 0.926172 0.319824 0.925781 0.319824 0.925391 0.319336 0.925 0.319336 0.924609 0.318848 0.924219 0.318848 0.923828 0.318359 0.923047 0.318359 0.922656 0.317871 0.922266 0.317871 0.921875 0.317383 0.921484 0.317383 0.921094 0.316895 0.920703 0.316895 0.920312 0.316406 0.919922 0.316406 0.919531 0.315918 0.919141 0.315918 0.91875 0.31543 0.918359 0.31543 0.917969 0.314941 0.917188 0.314941 0.916797 0.314453 0.916406 0.314453 0.916016 0.313965 0.915234 0.313965 0.914844 0.313477 0.914062 0.313477 0.913672 0.312988 0.912891 0.312988 0.9125 0.3125 0.910156 0.3125 0.909766 0.312012 0.908203 0.312012 0.907813 0.3125
1 0.171875 0.459961 0.171875 0.463867 0.172656 0.464844 0.172656 0.465332 0.173437 0.466309 0.173828 0.466309 0.174219 0.466797 0.176563 0.466797 0.176953 0.467285 0.179688 0.467285 0.180078 0.467773 0.183594 0.467773 0.183984 0.468262 0.185547 0.468262 0.185938 0.46875 0.187109 0.46875 0.1875 0.469238 0.187891 0.469238 0.188281 0.469727 0.188672 0.469727 0.189062 0.470215 0.189844 0.470215 0.190234 0.470703 0.191797 0.470703 0.192188 0.471191 0.194141 0.471191 0.194531 0.47168 0.197266 0.47168 0.197656 0.472168 0.202344 0.472168 0.202734 0.472656 0.208984 0.472656 0.209375 0.473145 0.2125 0.473145 0.212891 0.473633 0.217578 0.473633 0.217969 0.474121 0.221094 0.474121 0.221484 0.474609 0.223828 0.474609 0.224219 0.475098 0.225781 0.475098 0.226172 0.475586 0.227344 0.475586 0.227734 0.476074 0.229297 0.476074 0.229687 0.476562 0.230469 0.476562 0.230859 0.477051 0.231641 0.477051 0.232031 0.477539 0.232813 0.477539 0.233203 0.478027 0.233984 0.478027 0.234375 0.478516 0.235156 0.478516 0.235547 0.479004 0.236328 0.479004 0.236719 0.479492 0.238281 0.479492 0.238672 0.47998 0.242188 0.47998 0.242578 0.479492 0.24375 0.479492 0.244141 0.479004 0.244531 0.479004 0.244531 0.477539 0.244141 0.477539 0.243359 0.476562 0.243359 0.476074 0.242578 0.475098 0.242578 0.474609 0.242188 0.474121 0.241797 0.474121 0.241016 0.473145 0.240625 0.473145 0.239844 0.472168 0.239063 0.472168 0.238281 0.471191 0.237891 0.471191 0.2375 0.470703 0.236719 0.470703 0.236328 0.470215 0.235547 0.470215 0.235156 0.469727 0.234375 0.469727 0.233984 0.469238 0.233203 0.469238 0.232813 0.46875 0.232422 0.46875 0.232031 0.468262 0.23125 0.468262 0.230859 0.467773 0.230078 0.467773 0.229687 0.467285 0.228906 0.467285 0.228516 0.466797 0.227734 0.466797 0.227344 0.466309 0.226953 0.466309 0.226562 0.46582 0.225781 0.46582 0.225391 0.465332 0.225 0.465332 0.224609 0.464844 0.223828 0.464844 0.223438 0.464355 0.222656 0.464355 0.222266 0.463867 0.221484 0.463867 0.221094 0.463379 0.220312 0.463379 0.219922 0.462891 0.219141 0.462891 0.21875 0.462402 0.218359 0.462402 0.217969 0.461914 0.217188 0.461914 0.216797 0.461426 0.216016 0.461426 0.215625 0.460938 0.214453 0.460938 0.214062 0.460449 0.212891 0.460449 0.2125 0.459961 0.211328 0.459961 0.210938 0.459473 0.209766 0.459473 0.209375 0.458984 0.208203 0.458984 0.207813 0.458496 0.206641 0.458496 0.20625 0.458008 0.204687 0.458008 0.204297 0.45752 0.202734 0.45752 0.202344 0.457031 0.195312 0.457031 0.194922 0.456543 0.188281 0.456543 0.187891 0.457031 0.186328 0.457031 0.185938 0.45752 0.184375 0.45752 0.183984 0.457031 0.176953 0.457031 0.176563 0.45752 0.173047 0.45752 0.172266 0.458496 0.172266 0.459473
1 0.118359 0.438965 0.118359 0.441406 0.11875 0.441895 0.11875 0.442383 0.119141 0.442871 0.119141 0.443359 0.119531 0.443848 0.119922 0.443848 0.120313 0.444336 0.120703 0.444336 0.121094 0.444824 0.121484 0.444824 0.121875 0.445312 0.122266 0.445312 0.122656 0.445801 0.123047 0.445801 0.123438 0.446289 0.123828 0.446289 0.124219 0.446777 0.124609 0.446777 0.125 0.447266 0.125781 0.447266 0.126172 0.447754 0.126953 0.447754 0.127344 0.448242 0.128906 0.448242 0.129297 0.44873 0.130469 0.44873 0.130859 0.449219 0.132031 0.449219 0.132422 0.449707 0.133203 0.449707 0.133594 0.450195 0.134375 0.450195 0.134766 0.450684 0.136719 0.450684 0.137109 0.451172 0.139063 0.451172 0.139453 0.45166 0.140625 0.45166 0.141016 0.452148 0.142578 0.452148 0.142969 0.452637 0.144922 0.452637 0.145313 0.453125 0.146875 0.453125 0.147266 0.453613 0.148438 0.453613 0.148828 0.454102 0.15 0.454102 0.150391 0.45459 0.151953 0.45459 0.152344 0.455078 0.156641 0.455078 0.157031 0.45459 0.163281 0.45459 0.163672 0.454102 0.164453 0.454102 0.164844 0.453613 0.167969 0.453613 0.168359 0.454102 0.179297 0.454102 0.179688 0.453613 0.182031 0.453613 0.182422 0.454102 0.186719 0.454102 0.187109 0.453613 0.1875 0.453613 0.187891 0.453125 0.188672 0.453125 0.189062 0.452637 0.190625 0.452637 0.191016 0.453125 0.196094 0.453125 0.196484 0.452637 0.200781 0.452637 0.201172 0.452148 0.201563 0.452148 0.201953 0.45166 0.202344 0.45166 0.202734 0.451172 0.203516 0.451172 0.203906 0.450684 0.204687 0.450684 0.205859 0.449219 0.205859 0.44873 0.20625 0.448242 0.20625 0.445312 0.205859 0.444824 0.205859 0.443848 0.205469 0.443359 0.205078 0.443359 0.204687 0.442871 0.204297 0.442871 0.203906 0.442383 0.202734 0.442383 0.202344 0.441895 0.201172 0.441895 0.200781 0.441406 0.199609 0.441406 0.199219 0.440918 0.197656 0.440918 0.197266 0.44043 0.195312 0.44043 0.194922 0.439941 0.193359 0.439941 0.192969 0.439453 0.191016 0.439453 0.190625 0.438965 0.188672 0.438965 0.188281 0.439453 0.187891 0.439453 0.1875 0.439941 0.187109 0.439941 0.186719 0.44043 0.186328 0.44043 0.185938 0.440918 0.185547 0.440918 0.185156 0.441406 0.178125 0.441406 0.177734 0.440918 0.176563 0.440918 0.176172 0.44043 0.175 0.44043 0.174609 0.439941 0.173437 0.439941 0.173047 0.439453 0.158984 0.439453 0.158594 0.438965 0.130078 0.438965 0.129688 0.438477 0.119531 0.438477 0.119141 0.438965
1 0.146875 0.289062 0.145703 0.290527 0.145703 0.291016 0.145313 0.291504 0.145313 0.292969 0.144922 0.293457 0.144922 0.298828 0.145313 0.299316 0.145313 0.302734 0.145703 0.303223 0.145703 0.304199 0.146094 0.304688 0.146094 0.305176 0.146484 0.305664 0.146484 0.306641 0.146875 0.307129 0.146875 0.308105 0.147266 0.308594 0.147266 0.30957 0.147656 0.310059 0.147656 0.310547 0.148047 0.311035 0.148047 0.312012 0.148438 0.3125 0.148438 0.312988 0.148828 0.313477 0.148828 0.314453 0.149219 0.314941 0.149219 0.315918 0.149609 0.316406 0.149609 0.317383 0.15 0.317871 0.15 0.318359 0.150391 0.318848 0.150391 0.319336 0.151172 0.320312 0.151172 0.320801 0.151953 0.321777 0.151953 0.322266 0.152344 0.322754 0.152344 0.323242 0.152734 0.32373 0.152734 0.324707 0.153125 0.325195 0.153125 0.326172 0.153516 0.32666 0.153516 0.327637 0.153906 0.328125 0.153906 0.328613 0.154297 0.329102 0.154297 0.330078 0.154688 0.330566 0.154688 0.331543 0.155078 0.332031 0.155078 0.33252 0.155469 0.333008 0.155469 0.334473 0.155859 0.334961 0.155859 0.337891 0.15625 0.338379 0.15625 0.34082 0.156641 0.341309 0.156641 0.342773 0.157031 0.343262 0.157031 0.344238 0.157422 0.344727 0.157422 0.345215 0.158203 0.346191 0.158203 0.34668 0.158594 0.34668 0.158984 0.347168 0.160156 0.347168 0.160547 0.347656 0.161719 0.347656 0.162109 0.347168 0.1625 0.347168 0.162891 0.34668 0.162891 0.345703 0.163281 0.345215 0.163281 0.344238 0.163672 0.34375 0.163672 0.342773 0.164062 0.342285 0.164062 0.339844 0.164453 0.339355 0.164453 0.332031 0.164844 0.331543 0.164844 0.321289 0.164453 0.320801 0.164453 0.319336 0.164062 0.318848 0.164062 0.316406 0.163672 0.315918 0.163672 0.313965 0.163281 0.313477 0.163281 0.3125 0.162891 0.312012 0.162891 0.311523 0.1625 0.311035 0.1625 0.310547 0.162109 0.310059 0.162109 0.30957 0.161719 0.309082 0.161719 0.308105 0.161328 0.307617 0.161328 0.307129 0.160156 0.305664 0.160156 0.305176 0.158984 0.303711 0.158984 0.303223 0.158594 0.302734 0.158594 0.302246 0.158203 0.301758 0.158203 0.30127 0.157812 0.300781 0.157812 0.300293 0.157031 0.299316 0.157031 0.29834 0.156641 0.297852 0.156641 0.296875 0.15625 0.296387 0.15625 0.29541 0.155859 0.294922 0.155859 0.294434 0.155469 0.293945 0.155469 0.293457 0.155078 0.292969 0.155078 0.29248 0.154688 0.291992 0.154688 0.291504 0.153906 0.290527 0.153516 0.290527 0.153125 0.290039 0.152734 0.290039 0.152344 0.289551 0.151953 0.289551 0.151562 0.289062 0.151172 0.289062 0.150781 0.288574 0.148438 0.288574 0.148047 0.289062
1 0.299219 0.785645 0.299219 0.787598 0.3 0.788574 0.300391 0.788574 0.300781 0.789062 0.301172 0.789062 0.301563 0.789551 0.301953 0.789551 0.302344 0.790039 0.305469 0.790039 0.305859 0.790527 0.313672 0.790527 0.314063 0.791016 0.320703 0.791016 0.321094 0.790527 0.333984 0.790527 0.334375 0.790039 0.335938 0.790039 0.336328 0.789551 0.3375 0.789551 0.337891 0.789062 0.342578 0.789062 0.342969 0.788574 0.344141 0.788574 0.344531 0.788086 0.347266 0.788086 0.347656 0.787598 0.350781 0.787598 0.351172 0.787109 0.352734 0.787109 0.353125 0.786621 0.35625 0.786621 0.356641 0.786133 0.360938 0.786133 0.361328 0.786621 0.362109 0.786621 0.3625 0.787109 0.363281 0.787109 0.363672 0.787598 0.364453 0.787598 0.364844 0.788086 0.365234 0.788086 0.365625 0.788574 0.366016 0.788574 0.366406 0.789062 0.366797 0.789062 0.367188 0.789551 0.367578 0.789551 0.368359 0.790527 0.36875 0.790527 0.369141 0.791016 0.371094 0.791016 0.371484 0.791504 0.373047 0.791504 0.373828 0.790527 0.373828 0.786621 0.373047 0.785645 0.373047 0.785156 0.372656 0.784668 0.372656 0.78418 0.371875 0.783203 0.371875 0.782715 0.367578 0.777344 0.367188 0.777344 0.366406 0.776367 0.366016 0.776367 0.365625 0.775879 0.365234 0.775879 0.364844 0.775391 0.364063 0.775391 0.363672 0.774902 0.362109 0.774902 0.361719 0.774414 0.359766 0.774414 0.359375 0.773926 0.357031 0.773926 0.356641 0.773438 0.345703 0.773438 0.345313 0.772949 0.342969 0.772949 0.342578 0.772461 0.336719 0.772461 0.336328 0.772949 0.328516 0.772949 0.328125 0.772461 0.325391 0.772461 0.325 0.772949 0.321875 0.772949 0.321484 0.773438 0.320703 0.773438 0.320312 0.773926 0.319141 0.773926 0.31875 0.774414 0.316797 0.774414 0.316406 0.774902 0.313672 0.774902 0.313281 0.775391 0.312891 0.775391 0.3125 0.775879 0.312109 0.775879 0.311719 0.776367 0.311328 0.776367 0.310937 0.776855 0.310547 0.776855 0.310156 0.777344 0.309375 0.777344 0.308984 0.777832 0.307812 0.777832 0.307422 0.77832 0.306641 0.77832 0.30625 0.778809 0.305469 0.778809 0.304688 0.779785 0.304297 0.779785 0.303516 0.780762 0.303125 0.780762 0.302734 0.78125 0.302344 0.78125 0.301563 0.782227 0.301172 0.782227 0.3 0.783691 0.3 0.78418 0.299609 0.784668 0.299609 0.785156
1 0.442188 0.810059 0.442188 0.812988 0.442578 0.813477 0.442578 0.816406 0.442969 0.816895 0.442969 0.818359 0.443359 0.818848 0.443359 0.819336 0.445312 0.821777 0.445312 0.822266 0.445703 0.822754 0.445703 0.82373 0.446094 0.824219 0.446094 0.825195 0.446484 0.825684 0.446484 0.82666 0.447656 0.828125 0.448047 0.828125 0.448437 0.828613 0.448828 0.828613 0.449609 0.82959 0.449609 0.830078 0.450391 0.831055 0.450391 0.832031 0.450781 0.83252 0.450781 0.833008 0.451172 0.833496 0.451172 0.834473 0.452344 0.835938 0.452344 0.836426 0.453516 0.837891 0.453516 0.838379 0.454297 0.839355 0.454297 0.840332 0.454688 0.84082 0.454688 0.841309 0.455469 0.842285 0.456641 0.842285 0.457031 0.842773 0.457422 0.842773 0.458203 0.84375 0.458203 0.845703 0.458594 0.846191 0.458984 0.846191 0.459375 0.84668 0.460156 0.84668 0.461719 0.848633 0.461719 0.849121 0.462891 0.850586 0.463281 0.850586 0.463672 0.851074 0.464062 0.851074 0.464453 0.851562 0.464844 0.851562 0.465234 0.852051 0.465234 0.852539 0.466016 0.853516 0.466016 0.854004 0.466406 0.854004 0.466797 0.854492 0.467187 0.854492 0.467578 0.85498 0.468359 0.85498 0.469531 0.856445 0.469531 0.856934 0.469922 0.857422 0.469922 0.85791 0.470313 0.85791 0.470703 0.858398 0.471094 0.858398 0.471484 0.858887 0.471875 0.858887 0.473438 0.86084 0.473438 0.861328 0.474219 0.862305 0.474609 0.862305 0.475 0.862793 0.475391 0.862793 0.477734 0.865723 0.478125 0.865723 0.478516 0.866211 0.478906 0.866211 0.479297 0.866699 0.479687 0.866699 0.480078 0.867188 0.480469 0.867188 0.482812 0.870117 0.483203 0.870117 0.483594 0.870605 0.483984 0.870605 0.484375 0.871094 0.484766 0.871094 0.485938 0.872559 0.486328 0.872559 0.486719 0.873047 0.487109 0.873047 0.4875 0.873535 0.487891 0.873535 0.488672 0.874512 0.489063 0.874512 0.490625 0.876465 0.491016 0.876465 0.491406 0.876953 0.491797 0.876953 0.493359 0.878906 0.49375 0.878906 0.494531 0.879883 0.494531 0.880371 0.494922 0.880371 0.495312 0.880859 0.495703 0.880859 0.496484 0.881836 0.496875 0.881836 0.498828 0.884277 0.499219 0.884277 0.500391 0.885742 0.500781 0.885742 0.501172 0.88623 0.501563 0.88623 0.501953 0.886719 0.504297 0.886719 0.504687 0.887207 0.505859 0.887207 0.50625 0.886719 0.506641 0.886719 0.507812 0.885254 0.507812 0.884277 0.508203 0.883789 0.508203 0.881348 0.507812 0.880859 0.507812 0.879883 0.507422 0.879395 0.507422 0.878906 0.507031 0.878418 0.507031 0.87793 0.506641 0.877441 0.506641 0.876953 0.50625 0.876953 0.505469 0.875977 0.505078 0.875977 0.504687 0.875488 0.504297 0.875488 0.503906 0.875 0.503516 0.875 0.502734 0.874023 0.502344 0.874023 0.499219 0.870117 0.499219 0.869629 0.498828 0.869141 0.498828 0.868652 0.498437 0.868164 0.498437 0.867676 0.497266 0.866211 0.496875 0.866211 0.495703 0.864746 0.495312 0.864746 0.494531 0.86377 0.494141 0.86377 0.492969 0.862305 0.492969 0.861816 0.491797 0.860352 0.491406 0.860352 0.491016 0.859863 0.490625 0.859863 0.490234 0.859375 0.489453 0.859375 0.489063 0.858887 0.488672 0.858887 0.488281 0.858398 0.487891 0.858398 0.487109 0.857422 0.486719 0.857422 0.486328 0.856934 0.485938 0.856934 0.485547 0.856445 0.485156 0.856445 0.482812 0.853516 0.482422 0.853516 0.482031 0.853027 0.480859 0.853027 0.480469 0.852539 0.479687 0.852539 0.479297 0.852051 0.478516 0.852051 0.478125 0.851562 0.476953 0.851562 0.476562 0.851074 0.476172 0.851074 0.475391 0.850098 0.475 0.850098 0.474609 0.849609 0.474609 0.849121 0.474219 0.848633 0.474219 0.848145 0.472656 0.846191 0.471875 0.846191 0.471484 0.845703 0.470703 0.845703 0.470313 0.845215 0.469922 0.845215 0.469531 0.844727 0.469141 0.844727 0.467187 0.842285 0.467187 0.841797 0.466797 0.841309 0.466797 0.84082 0.465625 0.839355 0.464453 0.839355 0.464062 0.838867 0.462109 0.838867 0.461719 0.838379 0.460938 0.838379 0.458984 0.835938 0.458984 0.835449 0.458594 0.834961 0.458594 0.834473 0.458203 0.833984 0.458203 0.833496 0.457422 0.83252 0.457422 0.832031 0.455469 0.82959 0.455469 0.829102 0.455078 0.828613 0.455078 0.828125 0.454688 0.827637 0.454688 0.82666 0.453906 0.825684 0.453906 0.825195 0.452734 0.82373 0.452734 0.823242 0.452344 0.822754 0.452344 0.821777 0.451953 0.821289 0.451953 0.820312 0.451562 0.819824 0.451562 0.819336 0.450391 0.817871 0.450391 0.817383 0.450781 0.816895 0.450781 0.813965 0.448047 0.813965 0.447656 0.813477 0.447266 0.813477 0.446094 0.812012 0.446094 0.811523 0.445703 0.811035 0.445703 0.810547 0.444922 0.80957 0.444531 0.80957 0.444141 0.809082 0.443359 0.809082 0.442969 0.80957 0.442578 0.80957
1 0.453125 0.817383 0.453125 0.819824 0.452734 0.820312 0.452734 0.821777 0.453125 0.822266 0.453125 0.822754 0.453516 0.823242 0.453516 0.82373 0.454297 0.824707 0.454297 0.825195 0.454688 0.825684 0.454688 0.826172 0.455469 0.827148 0.455859 0.827148 0.458594 0.830566 0.459375 0.830566 0.459766 0.831055 0.460547 0.831055 0.461719 0.83252 0.461719 0.833008 0.4625 0.833984 0.4625 0.834473 0.462891 0.834473 0.463672 0.835449 0.464062 0.835449 0.466016 0.837891 0.466016 0.838379 0.466406 0.838379 0.466797 0.838867 0.467187 0.838867 0.467969 0.839844 0.468359 0.839844 0.469922 0.841797 0.469922 0.842285 0.470313 0.842285 0.470703 0.842773 0.471484 0.842773 0.471875 0.843262 0.472656 0.843262 0.473047 0.84375 0.473438 0.84375 0.473828 0.844238 0.474219 0.844238 0.474609 0.844727 0.475391 0.844727 0.475781 0.845215 0.476953 0.845215 0.477344 0.845703 0.478125 0.845703 0.48125 0.849609 0.481641 0.849609 0.482422 0.850586 0.482812 0.850586 0.483984 0.852051 0.484375 0.852051 0.485547 0.853516 0.485938 0.853516 0.486719 0.854492 0.487109 0.854492 0.487891 0.855469 0.488281 0.855469 0.489063 0.856445 0.489453 0.856445 0.490234 0.857422 0.490625 0.857422 0.491016 0.85791 0.491406 0.85791 0.491797 0.858398 0.492188 0.858398 0.492578 0.858887 0.493359 0.858887 0.49375 0.859375 0.494922 0.859375 0.495312 0.859863 0.496094 0.859863 0.496484 0.860352 0.496875 0.860352 0.497266 0.86084 0.497656 0.86084 0.498047 0.861328 0.501172 0.861328 0.501563 0.861816 0.501953 0.861816 0.502344 0.862305 0.502734 0.862305 0.503125 0.862793 0.503906 0.862793 0.504297 0.863281 0.506641 0.863281 0.507031 0.862793 0.507422 0.862793 0.507422 0.862305 0.507812 0.861816 0.507812 0.86084 0.507422 0.860352 0.507422 0.859863 0.507031 0.859375 0.507031 0.858887 0.505078 0.856445 0.504687 0.856445 0.503906 0.855469 0.503516 0.855469 0.502344 0.854004 0.501953 0.854004 0.501172 0.853027 0.500781 0.853027 0.500391 0.852539 0.5 0.852539 0.499219 0.851562 0.498828 0.851562 0.498437 0.851074 0.498047 0.851074 0.497266 0.850098 0.496875 0.850098 0.496094 0.849121 0.495703 0.849121 0.495312 0.848633 0.494922 0.848633 0.494531 0.848145 0.494141 0.848145 0.49375 0.847656 0.493359 0.847656 0.491016 0.844727 0.490625 0.844727 0.490234 0.844238 0.489844 0.844238 0.489453 0.84375 0.489063 0.84375 0.488672 0.843262 0.488281 0.843262 0.486719 0.841309 0.486328 0.841309 0.482812 0.836914 0.482422 0.836914 0.482031 0.836426 0.48125 0.836426 0.480859 0.835938 0.480469 0.835938 0.480078 0.835449 0.479687 0.835449 0.478516 0.833984 0.478125 0.833984 0.477344 0.833008 0.476953 0.833008 0.475781 0.831543 0.475781 0.831055 0.474609 0.82959 0.474219 0.82959 0.473828 0.829102 0.473438 0.829102 0.473047 0.828613 0.472656 0.828613 0.471875 0.827637 0.471484 0.827637 0.470313 0.826172 0.469922 0.826172 0.469141 0.825195 0.46875 0.825195 0.467187 0.823242 0.466797 0.823242 0.466406 0.822754 0.466016 0.822754 0.465625 0.822266 0.465234 0.822266 0.464844 0.821777 0.464062 0.821777 0.463672 0.821289 0.463281 0.821289 0.462891 0.820801 0.4625 0.820801 0.462109 0.820312 0.461719 0.820312 0.460938 0.819336 0.460547 0.819336 0.459766 0.818359 0.459375 0.818359 0.458984 0.817871 0.458594 0.817871 0.458203 0.817383 0.457031 0.817383 0.456641 0.816895 0.45625 0.816895 0.455859 0.816406 0.453906 0.816406
1 0.792188 0.674805 0.790234 0.677246 0.790234 0.677734 0.788672 0.679688 0.788672 0.681152 0.785937 0.68457 0.785547 0.68457 0.784375 0.686035 0.783984 0.686035 0.782422 0.687988 0.781641 0.687988 0.780469 0.689453 0.780078 0.689453 0.778906 0.690918 0.778906 0.691406 0.776563 0.694336 0.776172 0.694336 0.775781 0.694824 0.775391 0.694824 0.775 0.695312 0.774609 0.695312 0.774219 0.695801 0.773828 0.695801 0.773047 0.696777 0.772656 0.696777 0.769922 0.700195 0.769922 0.700684 0.767969 0.703125 0.767578 0.703125 0.766797 0.704102 0.766406 0.704102 0.764844 0.706055 0.764453 0.706055 0.763672 0.707031 0.762891 0.707031 0.762109 0.708008 0.761719 0.708008 0.761328 0.708496 0.760547 0.708496 0.759375 0.709961 0.758594 0.709961 0.757812 0.710938 0.757422 0.710938 0.753906 0.715332 0.753906 0.71582 0.753516 0.716309 0.753516 0.716797 0.753125 0.717285 0.753125 0.717773 0.752344 0.71875 0.752344 0.719727 0.751172 0.721191 0.751172 0.72168 0.750391 0.722656 0.75 0.722656 0.749609 0.723145 0.749219 0.723145 0.747266 0.725586 0.747266 0.726074 0.746875 0.726562 0.746875 0.727051 0.746094 0.728027 0.746094 0.728516 0.745703 0.729004 0.745703 0.72998 0.745313 0.730469 0.745313 0.730957 0.742969 0.733887 0.742969 0.734375 0.741016 0.736816 0.740625 0.736816 0.739453 0.738281 0.739453 0.740234 0.740625 0.741699 0.742578 0.741699 0.743359 0.740723 0.74375 0.740723 0.744531 0.739746 0.745703 0.739746 0.746484 0.73877 0.747656 0.73877 0.748437 0.737793 0.748828 0.737793 0.749219 0.737305 0.750391 0.737305 0.751172 0.736328 0.751953 0.736328 0.753906 0.733887 0.754297 0.733887 0.755469 0.732422 0.755469 0.731934 0.757812 0.729004 0.758203 0.729004 0.760938 0.725586 0.761328 0.725586 0.762109 0.724609 0.763281 0.724609 0.767188 0.719727 0.767578 0.719727 0.76875 0.718262 0.769141 0.718262 0.770703 0.716309 0.771094 0.716309 0.772266 0.714844 0.772266 0.714355 0.777344 0.708008 0.777344 0.70752 0.780078 0.704102 0.780078 0.703613 0.780469 0.703125 0.780859 0.703125 0.781641 0.702148 0.782031 0.702148 0.783984 0.699707 0.784375 0.699707 0.789844 0.692871 0.789844 0.692383 0.792578 0.688965 0.792578 0.687988 0.792969 0.6875 0.792969 0.687012 0.793359 0.686523 0.793359 0.685547 0.79375 0.685059 0.79375 0.68457 0.794141 0.684082 0.794141 0.683594 0.794531 0.683105 0.794531 0.682617 0.794922 0.682129 0.794922 0.681641 0.795312 0.681152 0.795312 0.67627 0.794141 0.674805
1 0.316406 0.582031 0.315234 0.583496 0.315234 0.583984 0.314844 0.584473 0.314844 0.585449 0.314453 0.585938 0.314453 0.586426 0.314063 0.586914 0.314063 0.587402 0.313672 0.587891 0.313672 0.588867 0.312891 0.589844 0.312891 0.590332 0.311328 0.592285 0.311328 0.592773 0.308984 0.595703 0.308984 0.59668 0.308594 0.597168 0.308594 0.598145 0.308203 0.598633 0.308203 0.599121 0.304688 0.603516 0.304297 0.603516 0.303125 0.60498 0.303125 0.605469 0.301563 0.607422 0.301563 0.608398 0.299609 0.61084 0.299609 0.611328 0.298047 0.613281 0.298047 0.61377 0.296875 0.615234 0.296875 0.615723 0.295703 0.617188 0.295312 0.617188 0.294531 0.618164 0.294141 0.618164 0.292187 0.620605 0.292187 0.621094 0.291797 0.621582 0.291797 0.623047 0.291016 0.624023 0.290625 0.624023 0.284766 0.631348 0.284766 0.631836 0.283203 0.633789 0.282813 0.633789 0.281641 0.635254 0.281641 0.635742 0.280859 0.636719 0.280859 0.637695 0.280469 0.638184 0.280078 0.638184 0.279687 0.638672 0.279297 0.638672 0.278125 0.640137 0.277734 0.640137 0.276562 0.641602 0.276562 0.64209 0.275 0.644043 0.275 0.644531 0.272656 0.647461 0.272656 0.647949 0.270703 0.650391 0.270703 0.650879 0.26875 0.65332 0.26875 0.653809 0.268359 0.654297 0.268359 0.654785 0.267188 0.65625 0.267188 0.656738 0.266797 0.657227 0.266797 0.657715 0.266016 0.658691 0.266016 0.65918 0.264453 0.661133 0.264453 0.661621 0.263672 0.662598 0.263672 0.663086 0.260937 0.666504 0.260547 0.666504 0.257422 0.67041 0.257422 0.671387 0.257031 0.671875 0.257031 0.672363 0.256641 0.672852 0.256641 0.67334 0.25625 0.673828 0.25625 0.674805 0.255469 0.675781 0.255469 0.67627 0.255078 0.676758 0.255078 0.678711 0.25625 0.680176 0.257812 0.680176 0.258984 0.678711 0.258984 0.678223 0.259766 0.677246 0.259766 0.676758 0.260156 0.67627 0.260156 0.675781 0.260547 0.675293 0.260547 0.674805 0.260937 0.674316 0.261719 0.674316 0.2625 0.67334 0.262891 0.67334 0.263281 0.672852 0.263672 0.672852 0.264453 0.671875 0.264844 0.671875 0.267578 0.668457 0.267578 0.667969 0.269922 0.665039 0.269922 0.664551 0.270313 0.664062 0.270313 0.663574 0.271484 0.662109 0.271484 0.661621 0.271875 0.661133 0.271875 0.660645 0.273828 0.658203 0.274219 0.658203 0.275781 0.65625 0.276172 0.65625 0.276562 0.655762 0.276953 0.655762 0.278125 0.654297 0.278906 0.654297 0.280469 0.652344 0.280859 0.652344 0.282422 0.650391 0.283203 0.650391 0.283594 0.649902 0.284375 0.649902 0.286328 0.647461 0.286328 0.646973 0.287891 0.64502 0.287891 0.643066 0.288281 0.642578 0.288672 0.642578 0.290625 0.640137 0.291016 0.640137 0.292187 0.638672 0.292187 0.638184 0.294141 0.635742 0.294141 0.635254 0.296484 0.632324 0.296484 0.631836 0.297656 0.630371 0.297656 0.629883 0.301172 0.625488 0.301172 0.624023 0.301953 0.623047 0.301953 0.62207 0.302344 0.621582 0.302344 0.620605 0.302734 0.620117 0.302734 0.619629 0.303125 0.619141 0.303125 0.618652 0.303906 0.617676 0.303906 0.616699 0.304297 0.616211 0.304297 0.615723 0.305469 0.614258 0.305469 0.613281 0.305859 0.612793 0.30625 0.612793 0.307422 0.611328 0.307422 0.610352 0.308203 0.609375 0.308203 0.608887 0.308594 0.608398 0.308594 0.60791 0.308984 0.607422 0.308984 0.606934 0.309766 0.605957 0.309766 0.605469 0.310547 0.604492 0.310547 0.604004 0.310937 0.603516 0.310937 0.603027 0.312109 0.601562 0.312109 0.601074 0.314844 0.597656 0.314844 0.595215 0.316016 0.59375 0.316016 0.593262 0.316797 0.592285 0.316797 0.591797 0.317578 0.59082 0.317578 0.590332 0.317969 0.589844 0.317969 0.589355 0.318359 0.588867 0.318359 0.587402 0.31875 0.586914 0.31875 0.586426 0.319141 0.585938 0.319141 0.583496 0.317969 0.582031
1 0.392969 0.669922 0.392969 0.670898 0.393359 0.671387 0.393359 0.672363 0.39375 0.672852 0.39375 0.673828 0.394531 0.674805 0.394922 0.674805 0.395703 0.675781 0.396094 0.675781 0.396484 0.67627 0.396875 0.67627 0.397266 0.676758 0.397656 0.676758 0.398047 0.677246 0.398438 0.677246 0.398828 0.677734 0.399609 0.677734 0.4 0.678223 0.400781 0.678223 0.401172 0.678711 0.402344 0.678711 0.402734 0.679199 0.403516 0.679199 0.403906 0.679688 0.404687 0.679688 0.405078 0.680176 0.40625 0.680176 0.406641 0.680664 0.407422 0.680664 0.407813 0.681152 0.408984 0.681152 0.409375 0.681641 0.410547 0.681641 0.410938 0.682129 0.412109 0.682129 0.4125 0.682617 0.413672 0.682617 0.414062 0.683105 0.415234 0.683105 0.415625 0.683594 0.417578 0.683594 0.417969 0.684082 0.419922 0.684082 0.420312 0.68457 0.422656 0.68457 0.423047 0.685059 0.426172 0.685059 0.426563 0.685547 0.432812 0.685547 0.433203 0.686035 0.437891 0.686035 0.438281 0.686523 0.446875 0.686523 0.447266 0.687012 0.454297 0.687012 0.454688 0.6875 0.460938 0.6875 0.461328 0.687012 0.468359 0.687012 0.46875 0.686523 0.471484 0.686523 0.471875 0.686035 0.473047 0.686035 0.473438 0.685547 0.473828 0.685547 0.474219 0.685059 0.474609 0.685059 0.474609 0.68457 0.475 0.684082 0.475 0.683594 0.475391 0.683105 0.475391 0.682617 0.475781 0.682129 0.475781 0.681641 0.475391 0.681152 0.475391 0.680176 0.474219 0.678711 0.473828 0.678711 0.473438 0.678223 0.473047 0.678223 0.472656 0.677734 0.471875 0.677734 0.471484 0.677246 0.469531 0.677246 0.469141 0.676758 0.467578 0.676758 0.467187 0.67627 0.465234 0.67627 0.464844 0.675781 0.462891 0.675781 0.4625 0.675293 0.461328 0.675293 0.460938 0.674805 0.459766 0.674805 0.459375 0.674316 0.457813 0.674316 0.457422 0.673828 0.455469 0.673828 0.455078 0.67334 0.451953 0.67334 0.451562 0.672852 0.449219 0.672852 0.448828 0.672363 0.445703 0.672363 0.445312 0.671875 0.441797 0.671875 0.441406 0.671387 0.437891 0.671387 0.4375 0.670898 0.434375 0.670898 0.433984 0.67041 0.428906 0.67041 0.428516 0.669922 0.423438 0.669922 0.423047 0.669434 0.420312 0.669434 0.419922 0.668945 0.412891 0.668945 0.4125 0.668457 0.40625 0.668457 0.405859 0.667969 0.395703 0.667969 0.395313 0.668457 0.394531 0.668457 0.394141 0.668945 0.39375 0.668945
1 0.315234 0.691406 0.314063 0.691406 0.313672 0.691895 0.313281 0.691895 0.3125 0.692871 0.3125 0.693359 0.310937 0.695312 0.310547 0.695312 0.309766 0.696289 0.309375 0.696289 0.308984 0.696777 0.308594 0.696777 0.307812 0.697754 0.307422 0.697754 0.305859 0.699707 0.305859 0.700195 0.305469 0.700684 0.305469 0.702148 0.305078 0.702637 0.305078 0.703613 0.304688 0.704102 0.304688 0.70459 0.303516 0.706055 0.303516 0.706543 0.303125 0.707031 0.303125 0.70752 0.302734 0.708008 0.302734 0.708496 0.302344 0.708984 0.302344 0.709473 0.301953 0.709961 0.301953 0.711426 0.301563 0.711914 0.301563 0.713379 0.301172 0.713867 0.301172 0.714844 0.300781 0.715332 0.300781 0.716309 0.300391 0.716797 0.300391 0.717773 0.3 0.718262 0.3 0.71875 0.299219 0.719727 0.299219 0.720215 0.298438 0.721191 0.298438 0.72168 0.298047 0.722168 0.298047 0.723145 0.297656 0.723633 0.297656 0.725098 0.297266 0.725586 0.297266 0.726562 0.296875 0.727051 0.296875 0.72998 0.296484 0.730469 0.296484 0.733398 0.296094 0.733887 0.296094 0.735352 0.295703 0.73584 0.295703 0.737305 0.295312 0.737793 0.295312 0.739746 0.294922 0.740234 0.294922 0.742188 0.294531 0.742676 0.294531 0.745605 0.294141 0.746094 0.294141 0.748047 0.29375 0.748535 0.29375 0.751465 0.293359 0.751953 0.293359 0.776367 0.29375 0.776855 0.29375 0.77832 0.294141 0.778809 0.294141 0.780273 0.294531 0.780762 0.294531 0.78125 0.294922 0.781738 0.294922 0.782227 0.295312 0.782715 0.295312 0.783203 0.295703 0.783203 0.296094 0.783691 0.296484 0.783691 0.296875 0.78418 0.297266 0.78418 0.297656 0.784668 0.298828 0.784668 0.299609 0.783691 0.299609 0.783203 0.3 0.782715 0.3 0.782227 0.300391 0.781738 0.300391 0.780762 0.300781 0.780273 0.300781 0.772461 0.301172 0.771973 0.301172 0.767578 0.301563 0.76709 0.301563 0.766602 0.301953 0.766113 0.301953 0.765625 0.302344 0.765137 0.302344 0.763672 0.302734 0.763184 0.302734 0.760742 0.303125 0.760254 0.303125 0.758789 0.303516 0.758301 0.303516 0.756836 0.303906 0.756348 0.303906 0.753906 0.304297 0.753418 0.304297 0.751465 0.304688 0.750977 0.304688 0.750488 0.305078 0.75 0.305078 0.749023 0.305469 0.748535 0.305469 0.748047 0.305859 0.747559 0.305859 0.745117 0.30625 0.744629 0.30625 0.743164 0.306641 0.742676 0.306641 0.741699 0.307031 0.741211 0.307031 0.739258 0.307422 0.73877 0.307422 0.736328 0.307812 0.73584 0.307812 0.735352 0.308203 0.734863 0.308203 0.733887 0.308594 0.733398 0.308594 0.73291 0.308984 0.732422 0.308984 0.730957 0.309375 0.730469 0.309375 0.728516 0.309766 0.728027 0.309766 0.726562 0.310156 0.726074 0.310156 0.723145 0.310547 0.722656 0.310547 0.719238 0.310937 0.71875 0.310937 0.717285 0.311328 0.716797 0.311328 0.716309 0.311719 0.71582 0.311719 0.714355 0.312109 0.713867 0.312109 0.712402 0.3125 0.711914 0.3125 0.710938 0.312891 0.710449 0.312891 0.709473 0.313281 0.708984 0.313281 0.70752 0.313672 0.707031 0.313672 0.706055 0.314063 0.705566 0.314063 0.705078 0.316406 0.702148 0.316406 0.70166 0.316797 0.701172 0.316797 0.699707 0.317188 0.699219 0.317188 0.693359 0.316016 0.691895 0.315625 0.691895
1 0.766406 0.731934 0.766016 0.732422 0.764453 0.732422 0.764062 0.73291 0.762109 0.73291 0.761719 0.733398 0.761328 0.733398 0.760938 0.733887 0.759766 0.733887 0.759375 0.734375 0.758984 0.734375 0.758594 0.734863 0.757812 0.734863 0.757422 0.735352 0.756641 0.735352 0.75625 0.73584 0.755078 0.73584 0.754687 0.736328 0.753516 0.736328 0.753125 0.736816 0.750781 0.736816 0.750391 0.737305 0.748437 0.737305 0.748047 0.737793 0.747656 0.737793 0.747266 0.738281 0.746484 0.738281 0.746094 0.73877 0.744141 0.73877 0.74375 0.739258 0.741406 0.739258 0.741016 0.739746 0.739844 0.739746 0.739453 0.740234 0.738281 0.740234 0.7375 0.741211 0.736328 0.741211 0.735938 0.741699 0.734766 0.741699 0.733984 0.742676 0.733203 0.742676 0.732812 0.743164 0.732031 0.743164 0.731641 0.743652 0.73125 0.743652 0.730859 0.744141 0.730469 0.744141 0.730078 0.744629 0.729297 0.744629 0.728906 0.745117 0.728516 0.745117 0.728125 0.745605 0.727734 0.745605 0.726953 0.746582 0.725781 0.746582 0.725391 0.74707 0.725 0.74707 0.724609 0.747559 0.723828 0.747559 0.723437 0.748047 0.723047 0.748047 0.722656 0.748535 0.721875 0.748535 0.721484 0.749023 0.721094 0.749023 0.720703 0.749512 0.720313 0.749512 0.719531 0.750488 0.719141 0.750488 0.71875 0.750977 0.718359 0.750977 0.717578 0.751953 0.716797 0.751953 0.716406 0.752441 0.716016 0.752441 0.715625 0.75293 0.715234 0.75293 0.714844 0.753418 0.714453 0.753418 0.713672 0.754395 0.712891 0.754395 0.7125 0.754883 0.711719 0.754883 0.710547 0.756348 0.710156 0.756348 0.709375 0.757324 0.708984 0.757324 0.708203 0.758301 0.707422 0.758301 0.707031 0.758789 0.706641 0.758789 0.705859 0.759766 0.705469 0.759766 0.703906 0.761719 0.703906 0.762207 0.703125 0.763184 0.703125 0.763672 0.702734 0.76416 0.702734 0.764648 0.701953 0.765625 0.701953 0.766113 0.701562 0.766602 0.701562 0.76709 0.701172 0.767578 0.701172 0.768066 0.700781 0.768555 0.700781 0.770508 0.701953 0.771973 0.701953 0.772461 0.703125 0.773926 0.704688 0.773926 0.705859 0.772461 0.705859 0.769043 0.70625 0.768555 0.707812 0.768555 0.708203 0.768066 0.708594 0.768066 0.708984 0.767578 0.709375 0.767578 0.709766 0.76709 0.710156 0.76709 0.710547 0.766602 0.711328 0.766602 0.711719 0.766113 0.713281 0.766113 0.713672 0.765625 0.715234 0.765625 0.715625 0.765137 0.717187 0.765137 0.717578 0.764648 0.718359 0.764648 0.71875 0.76416 0.719922 0.76416 0.720313 0.763672 0.721484 0.763672 0.721875 0.763184 0.722656 0.763184 0.723047 0.762695 0.723828 0.762695 0.724219 0.762207 0.724609 0.762207 0.725781 0.760742 0.727344 0.760742 0.728125 0.759766 0.730078 0.759766 0.730469 0.759277 0.730859 0.759277 0.73125 0.758789 0.732031 0.758789 0.732422 0.758301 0.733594 0.758301 0.733984 0.757812 0.734766 0.757812 0.735156 0.757324 0.735938 0.757324 0.736328 0.756836 0.737109 0.756836 0.7375 0.756348 0.737891 0.756348 0.738281 0.755859 0.738672 0.755859 0.739062 0.755371 0.739453 0.755371 0.739844 0.754883 0.740234 0.754883 0.740625 0.754395 0.741016 0.754395 0.743359 0.751465 0.74375 0.751465 0.744141 0.750977 0.745313 0.750977 0.745703 0.750488 0.746484 0.750488 0.747656 0.749023 0.748437 0.749023 0.748828 0.748535 0.749219 0.748535 0.749609 0.748047 0.75 0.748047 0.750391 0.747559 0.751172 0.747559 0.751953 0.746582 0.752344 0.746582 0.753906 0.744629 0.754687 0.744629 0.755078 0.744141 0.75625 0.744141 0.756641 0.743652 0.757812 0.743652 0.758203 0.743164 0.758594 0.743164 0.758984 0.742676 0.760547 0.742676 0.760938 0.742188 0.761328 0.742188 0.762109 0.741211 0.7625 0.741211 0.764062 0.739258 0.764062 0.738281 0.764453 0.737793 0.765625 0.737793 0.766016 0.737305 0.767578 0.737305 0.769141 0.735352 0.769141 0.733398 0.767969 0.731934
1 0.341406 0.340332 0.340234 0.341797 0.340234 0.34375 0.341406 0.345215 0.341797 0.345215 0.343359 0.347168 0.343359 0.350098 0.344531 0.351562 0.344531 0.352051 0.346094 0.354004 0.346094 0.354492 0.346484 0.35498 0.346484 0.355469 0.347656 0.356934 0.347656 0.357422 0.348047 0.35791 0.348047 0.358398 0.348438 0.358887 0.348438 0.359375 0.348828 0.359863 0.348828 0.360352 0.35 0.361816 0.35 0.36377 0.351172 0.365234 0.351562 0.365234 0.352344 0.366211 0.352344 0.366699 0.353125 0.367676 0.353125 0.368652 0.353516 0.369141 0.353516 0.369629 0.354297 0.370605 0.354297 0.371094 0.354687 0.371582 0.354687 0.37207 0.355078 0.372559 0.355078 0.373047 0.355469 0.373535 0.355469 0.374512 0.35625 0.375488 0.35625 0.376953 0.357031 0.37793 0.357031 0.379395 0.357422 0.379883 0.357422 0.380371 0.358203 0.381348 0.358203 0.381836 0.358594 0.382324 0.358594 0.382812 0.359375 0.383789 0.359375 0.384277 0.360547 0.385742 0.360547 0.386719 0.361719 0.388184 0.361719 0.388672 0.362109 0.38916 0.362109 0.391602 0.364063 0.394043 0.364453 0.394043 0.368359 0.398926 0.368359 0.399414 0.369141 0.400391 0.369141 0.400879 0.369531 0.401367 0.369531 0.402344 0.370312 0.40332 0.370312 0.403809 0.372656 0.406738 0.373047 0.406738 0.374219 0.408203 0.374609 0.408203 0.375391 0.40918 0.375391 0.409668 0.376563 0.411133 0.376953 0.411133 0.377344 0.411621 0.377734 0.411621 0.379297 0.413574 0.379688 0.413574 0.380469 0.414551 0.380469 0.415039 0.380859 0.415527 0.380859 0.416016 0.381641 0.416992 0.381641 0.41748 0.382031 0.417969 0.382031 0.418457 0.383594 0.42041 0.383594 0.420898 0.387109 0.425293 0.389453 0.425293 0.390625 0.423828 0.390625 0.421387 0.389062 0.419434 0.389062 0.414551 0.388672 0.414062 0.388672 0.412598 0.387109 0.410645 0.387109 0.40918 0.385156 0.406738 0.385156 0.40625 0.383594 0.404297 0.383594 0.403809 0.381641 0.401367 0.381641 0.400879 0.377734 0.395996 0.377734 0.395508 0.377344 0.39502 0.377344 0.394531 0.376172 0.393066 0.376172 0.391602 0.375391 0.390625 0.375391 0.390137 0.375 0.389648 0.375 0.38916 0.374609 0.388672 0.374609 0.388184 0.374219 0.387695 0.374219 0.386719 0.373828 0.38623 0.373828 0.385742 0.372656 0.384277 0.372656 0.383789 0.370703 0.381348 0.370703 0.380859 0.369531 0.379395 0.369531 0.378906 0.36875 0.37793 0.36875 0.377441 0.368359 0.376953 0.368359 0.376465 0.367188 0.375 0.367188 0.374512 0.366797 0.374023 0.366797 0.373535 0.366016 0.372559 0.366016 0.371582 0.361719 0.366211 0.361328 0.366211 0.358594 0.362793 0.358594 0.362305 0.358203 0.361816 0.358203 0.361328 0.357422 0.360352 0.357422 0.359863 0.357031 0.359375 0.357031 0.35791 0.356641 0.357422 0.356641 0.356934 0.35625 0.356445 0.35625 0.355957 0.355859 0.355469 0.355859 0.35498 0.355469 0.354492 0.355469 0.354004 0.354687 0.353027 0.354687 0.352539 0.353906 0.351562 0.353906 0.351074 0.351953 0.348633 0.351562 0.348633 0.351172 0.348145 0.350781 0.348145 0.35 0.347168 0.349609 0.347168 0.347266 0.344238 0.346875 0.344238 0.344922 0.341797 0.344531 0.341797 0.343359 0.340332
1 0.147656 0.276367 0.146484 0.277832 0.146484 0.279785 0.148828 0.282715 0.149219 0.282715 0.15 0.283691 0.150391 0.283691 0.150781 0.28418 0.150781 0.285645 0.153125 0.288574 0.153516 0.288574 0.154297 0.289551 0.154688 0.289551 0.155469 0.290527 0.15625 0.290527 0.156641 0.291016 0.157031 0.291016 0.158203 0.29248 0.158594 0.29248 0.160547 0.294922 0.160547 0.29541 0.161719 0.296875 0.162109 0.296875 0.163281 0.29834 0.163672 0.29834 0.167187 0.302734 0.167187 0.303223 0.16875 0.305176 0.16875 0.305664 0.170313 0.307617 0.170313 0.309082 0.171484 0.310547 0.172266 0.310547 0.173437 0.312012 0.173437 0.3125 0.173828 0.312988 0.173828 0.313477 0.174219 0.313965 0.174219 0.314453 0.175391 0.315918 0.175391 0.316406 0.178906 0.320801 0.179297 0.320801 0.180469 0.322266 0.18125 0.322266 0.183594 0.325195 0.183984 0.325195 0.185938 0.327637 0.185938 0.329102 0.189062 0.333008 0.189062 0.333496 0.191797 0.336914 0.192188 0.336914 0.192578 0.337402 0.192578 0.338867 0.192969 0.339355 0.192969 0.339844 0.19375 0.34082 0.19375 0.341797 0.193359 0.342285 0.193359 0.34668 0.194531 0.348145 0.195312 0.348145 0.196094 0.349121 0.197656 0.349121 0.198828 0.347656 0.198828 0.340332 0.198437 0.339844 0.198437 0.338867 0.198047 0.338379 0.198047 0.335449 0.197656 0.334961 0.197656 0.333008 0.197266 0.33252 0.197266 0.331055 0.196875 0.330566 0.196875 0.32959 0.196484 0.329102 0.196484 0.328125 0.195703 0.327148 0.195703 0.326172 0.194531 0.324707 0.194531 0.32373 0.192578 0.321289 0.192188 0.321289 0.191016 0.319824 0.190625 0.319824 0.189453 0.318359 0.188672 0.318359 0.1875 0.316895 0.1875 0.316406 0.187109 0.315918 0.187109 0.31543 0.186328 0.314453 0.186328 0.313477 0.184766 0.311523 0.184766 0.311035 0.183594 0.30957 0.183594 0.309082 0.181641 0.306641 0.18125 0.306641 0.179297 0.304199 0.179297 0.303711 0.178125 0.302246 0.177734 0.302246 0.176563 0.300781 0.176563 0.300293 0.175391 0.298828 0.175391 0.29834 0.173437 0.295898 0.173437 0.29541 0.173047 0.294922 0.173047 0.294434 0.172656 0.293945 0.172656 0.293457 0.169922 0.290039 0.169531 0.290039 0.169141 0.289551 0.16875 0.289551 0.167578 0.288086 0.167187 0.288086 0.166406 0.287109 0.166016 0.287109 0.165625 0.286621 0.164844 0.286621 0.164453 0.286133 0.163672 0.286133 0.163281 0.285645 0.162109 0.285645 0.161719 0.285156 0.161328 0.285156 0.160547 0.28418 0.159375 0.28418 0.158594 0.283203 0.158203 0.283203 0.157422 0.282227 0.157031 0.282227 0.15625 0.28125 0.155469 0.28125 0.154688 0.280273 0.153906 0.280273 0.153125 0.279297 0.152344 0.279297 0.151172 0.277832 0.150781 0.277832 0.15 0.276855 0.149609 0.276855 0.149219 0.276367
1 0.380078 0 0.380078 0.00488281 0.380469 0.00537109 0.380469 0.00683594 0.380859 0.00732422 0.380859 0.00976562 0.38125 0.0102539 0.38125 0.0112305 0.381641 0.0117188 0.381641 0.0131836 0.382031 0.0136719 0.382031 0.0141602 0.38125 0.0151367 0.38125 0.0180664 0.381641 0.0185547 0.381641 0.0200195 0.382031 0.0205078 0.382031 0.0214844 0.382812 0.0224609 0.382812 0.0234375 0.383203 0.0239258 0.383203 0.0244141 0.383594 0.0249023 0.383594 0.0253906 0.383984 0.0258789 0.383984 0.027832 0.384375 0.0283203 0.384375 0.0307617 0.384766 0.03125 0.384766 0.0375977 0.385547 0.0385742 0.385547 0.0390625 0.385937 0.0395508 0.385937 0.0405273 0.386719 0.0415039 0.386719 0.0424805 0.387891 0.0439453 0.387891 0.0444336 0.388672 0.0454102 0.388672 0.0458984 0.389844 0.0473633 0.389844 0.0527344 0.392188 0.0556641 0.391797 0.0561523 0.391797 0.0581055 0.392578 0.059082 0.392578 0.0600586 0.392969 0.0605469 0.392969 0.0610352 0.393359 0.0615234 0.393359 0.0625 0.39375 0.0629883 0.39375 0.0634766 0.394922 0.0649414 0.394922 0.065918 0.395313 0.0664062 0.395313 0.0693359 0.395703 0.0698242 0.395703 0.0732422 0.396094 0.0737305 0.396094 0.0771484 0.396484 0.0776367 0.396484 0.0791016 0.396875 0.0795898 0.396875 0.0810547 0.397656 0.0820312 0.397656 0.0830078 0.4 0.0859375 0.400391 0.0859375 0.401562 0.0874023 0.401953 0.0874023 0.402734 0.0883789 0.403125 0.0883789 0.403516 0.0888672 0.405078 0.0888672 0.405469 0.0893555 0.405469 0.0898438 0.407813 0.0927734 0.408203 0.0927734 0.408984 0.09375 0.409375 0.09375 0.410156 0.0947266 0.411719 0.0947266 0.412891 0.0932617 0.412891 0.0908203 0.4125 0.090332 0.4125 0.0898438 0.412109 0.0893555 0.412109 0.0888672 0.411328 0.0878906 0.411328 0.0869141 0.410938 0.0864258 0.410938 0.0839844 0.411328 0.0834961 0.411328 0.081543 0.410547 0.0805664 0.410547 0.0795898 0.410156 0.0791016 0.410156 0.0776367 0.409766 0.0771484 0.409766 0.0761719 0.408594 0.074707 0.408594 0.0742188 0.407813 0.0732422 0.407813 0.0727539 0.407422 0.0722656 0.407422 0.0712891 0.407031 0.0708008 0.407031 0.0698242 0.406641 0.0693359 0.406641 0.0688477 0.40625 0.0683594 0.40625 0.0673828 0.405859 0.0668945 0.405859 0.065918 0.405469 0.0654297 0.405469 0.0634766 0.405078 0.0629883 0.405078 0.0620117 0.403906 0.0605469 0.403906 0.0595703 0.403516 0.059082 0.403516 0.0585938 0.402734 0.0576172 0.402734 0.0551758 0.401562 0.0537109 0.401562 0.0512695 0.401172 0.0507812 0.401172 0.050293 0.400781 0.0498047 0.400781 0.0488281 0.400391 0.0483398 0.400391 0.046875 0.4 0.0463867 0.4 0.0458984 0.398828 0.0444336 0.398828 0.043457 0.398438 0.0429688 0.398438 0.0424805 0.396875 0.0405273 0.396875 0.0395508 0.396484 0.0390625 0.396484 0.0380859 0.396094 0.0375977 0.396094 0.0366211 0.395313 0.0356445 0.395313 0.0351562 0.394922 0.034668 0.394922 0.0341797 0.394531 0.0336914 0.394531 0.0327148 0.394141 0.0322266 0.394141 0.03125 0.39375 0.0307617 0.39375 0.0302734 0.393359 0.0297852 0.393359 0.0283203 0.392969 0.027832 0.392969 0.0268555 0.392578 0.0263672 0.392578 0.0253906 0.391797 0.0244141 0.391797 0.0239258 0.391016 0.0229492 0.391016 0.0224609 0.389844 0.0209961 0.389844 0.0205078 0.389453 0.0200195 0.389453 0.0195312 0.388281 0.0180664 0.388281 0.0170898 0.387891 0.0166016 0.387891 0.015625 0.3875 0.0151367 0.3875 0.0146484 0.387109 0.0141602 0.387109 0.0136719 0.386328 0.0126953 0.386328 0.012207 0.385937 0.0117188 0.385937 0.0112305 0.385547 0.0107422 0.385547 0.00976562 0.385156 0.00927734 0.385156 0.00830078 0.384766 0.0078125 0.384766 0.00537109 0.384375 0.00488281 0.384375 0.00292969 0.383984 0.00244141 0.383984 0
1 0.421484 0.163574 0.420312 0.165039 0.420312 0.168457 0.419531 0.169434 0.419531 0.170898 0.419141 0.171387 0.419141 0.172852 0.41875 0.17334 0.41875 0.174805 0.418359 0.175293 0.418359 0.175781 0.416797 0.177734 0.416797 0.179199 0.416406 0.179688 0.416406 0.180664 0.416016 0.181152 0.416016 0.182617 0.415625 0.183105 0.415625 0.185547 0.415234 0.186035 0.415234 0.1875 0.414844 0.187988 0.414844 0.189453 0.414453 0.189941 0.414453 0.192383 0.414062 0.192871 0.414062 0.193848 0.413672 0.194336 0.413672 0.194824 0.413281 0.195312 0.413281 0.195801 0.412891 0.196289 0.412891 0.196777 0.412109 0.197754 0.412109 0.199707 0.411328 0.200684 0.411328 0.202148 0.410938 0.202637 0.410938 0.206543 0.410547 0.207031 0.410547 0.211914 0.410156 0.212402 0.410156 0.21582 0.409766 0.216309 0.409766 0.221191 0.409375 0.22168 0.409375 0.225586 0.408984 0.226074 0.408984 0.226562 0.408594 0.227051 0.408594 0.228516 0.408203 0.229004 0.408203 0.22998 0.407813 0.230469 0.407813 0.232422 0.407422 0.23291 0.407422 0.238281 0.407813 0.23877 0.407813 0.240723 0.408203 0.241211 0.408203 0.244629 0.407813 0.245117 0.407813 0.245605 0.407422 0.246094 0.407422 0.246582 0.407031 0.24707 0.407031 0.248047 0.406641 0.248535 0.406641 0.249023 0.40625 0.249512 0.40625 0.251465 0.405859 0.251953 0.405859 0.254883 0.405469 0.255371 0.405469 0.256836 0.405078 0.257324 0.405078 0.257812 0.404297 0.258789 0.404297 0.259277 0.403906 0.259766 0.403906 0.260254 0.401172 0.263672 0.401172 0.265625 0.402344 0.26709 0.403906 0.26709 0.404297 0.266602 0.404687 0.266602 0.407422 0.263184 0.407422 0.262695 0.407813 0.262207 0.407813 0.261719 0.408203 0.26123 0.408203 0.260254 0.408984 0.259277 0.408984 0.258301 0.409375 0.257812 0.409375 0.256348 0.409766 0.255859 0.409766 0.253418 0.410156 0.25293 0.410156 0.250977 0.410938 0.25 0.410938 0.248535 0.411328 0.248047 0.412891 0.248047 0.414062 0.246582 0.414062 0.246094 0.414453 0.245605 0.414453 0.245117 0.414844 0.244629 0.414844 0.243164 0.415625 0.242188 0.415625 0.239746 0.416016 0.239258 0.416016 0.23877 0.416406 0.238281 0.416406 0.236816 0.416797 0.236328 0.416797 0.235352 0.417187 0.234863 0.417187 0.233887 0.417969 0.23291 0.417969 0.230957 0.418359 0.230469 0.418359 0.229492 0.41875 0.229004 0.41875 0.228516 0.419141 0.228027 0.419141 0.225586 0.419531 0.225098 0.419531 0.224121 0.419922 0.223633 0.419922 0.222168 0.420703 0.221191 0.420703 0.219727 0.421094 0.219238 0.421094 0.217773 0.421484 0.217285 0.421484 0.21582 0.421875 0.215332 0.421875 0.211426 0.422266 0.210938 0.422266 0.208984 0.422656 0.208496 0.422656 0.206543 0.423047 0.206055 0.423047 0.200195 0.423438 0.199707 0.423438 0.187988 0.424219 0.187012 0.424219 0.179688 0.424609 0.179199 0.424609 0.17627 0.425 0.175781 0.425 0.174805 0.425391 0.174316 0.425391 0.17334 0.425781 0.172852 0.425781 0.166016 0.424609 0.164551 0.423828 0.164551 0.423047 0.163574
1 0.28125 0.288086 0.280078 0.289551 0.280078 0.290039 0.279297 0.291016 0.279297 0.292969 0.280469 0.294434 0.280859 0.294434 0.28125 0.294922 0.281641 0.294922 0.282031 0.29541 0.282422 0.29541 0.282813 0.295898 0.283984 0.295898 0.285938 0.29834 0.286328 0.29834 0.286719 0.298828 0.287109 0.298828 0.287891 0.299805 0.288281 0.299805 0.288672 0.300293 0.289062 0.300293 0.290234 0.301758 0.291797 0.301758 0.292187 0.302246 0.292578 0.302246 0.292969 0.302734 0.294141 0.302734 0.294531 0.303223 0.294922 0.303223 0.295312 0.303711 0.296094 0.303711 0.297656 0.305664 0.298438 0.305664 0.298828 0.306152 0.299219 0.306152 0.301953 0.30957 0.302344 0.30957 0.303125 0.310547 0.303516 0.310547 0.303906 0.311035 0.304297 0.311035 0.305469 0.3125 0.305859 0.3125 0.30625 0.312988 0.306641 0.312988 0.307422 0.313965 0.308594 0.313965 0.309766 0.31543 0.310156 0.31543 0.310547 0.315918 0.310937 0.315918 0.311719 0.316895 0.312109 0.316895 0.3125 0.317383 0.314453 0.317383 0.314844 0.317871 0.315234 0.317871 0.317188 0.320312 0.31875 0.320312 0.319531 0.321289 0.319922 0.321289 0.320703 0.322266 0.321875 0.322266 0.322656 0.323242 0.323047 0.323242 0.323437 0.32373 0.323828 0.32373 0.324219 0.324219 0.324609 0.324219 0.325 0.324707 0.326562 0.324707 0.326953 0.325195 0.327344 0.325195 0.327734 0.325684 0.329688 0.325684 0.33125 0.327637 0.332813 0.327637 0.333594 0.328613 0.334766 0.328613 0.335156 0.329102 0.335938 0.329102 0.336328 0.32959 0.338672 0.32959 0.340234 0.331543 0.341016 0.331543 0.341406 0.332031 0.342187 0.332031 0.342578 0.33252 0.343359 0.33252 0.34375 0.333008 0.344922 0.333008 0.345313 0.333496 0.346094 0.333496 0.346484 0.333984 0.347266 0.333984 0.348047 0.334961 0.348828 0.334961 0.35 0.336426 0.350391 0.336426 0.351562 0.337891 0.351562 0.338867 0.353516 0.341309 0.355469 0.341309 0.356641 0.339844 0.356641 0.337891 0.355078 0.335938 0.355078 0.334961 0.353125 0.33252 0.352734 0.33252 0.351953 0.331543 0.351562 0.331543 0.350391 0.330078 0.35 0.330078 0.349609 0.32959 0.348828 0.32959 0.348438 0.329102 0.347656 0.329102 0.346875 0.328125 0.346484 0.328125 0.345313 0.32666 0.344922 0.32666 0.344531 0.326172 0.343359 0.326172 0.342578 0.325195 0.342187 0.325195 0.341016 0.32373 0.341016 0.322754 0.339453 0.320801 0.339062 0.320801 0.337891 0.319336 0.3375 0.319336 0.336328 0.317871 0.335938 0.317871 0.335547 0.317383 0.335156 0.317383 0.334766 0.316895 0.334375 0.316895 0.333984 0.316406 0.333594 0.316406 0.332813 0.31543 0.332422 0.31543 0.331641 0.314453 0.33125 0.314453 0.330859 0.313965 0.330078 0.313965 0.329688 0.313477 0.329297 0.313477 0.327734 0.311523 0.327344 0.311523 0.326953 0.311035 0.326562 0.311035 0.325781 0.310059 0.325391 0.310059 0.323828 0.308105 0.323437 0.308105 0.323047 0.307617 0.321094 0.307617 0.320703 0.307129 0.319531 0.307129 0.319141 0.306641 0.31875 0.306641 0.318359 0.306152 0.317969 0.306152 0.317578 0.305664 0.317188 0.305664 0.316406 0.304688 0.315625 0.304688 0.314844 0.303711 0.313672 0.303711 0.313281 0.303223 0.312891 0.303223 0.3125 0.302734 0.311719 0.302734 0.311328 0.302246 0.310156 0.302246 0.309766 0.301758 0.308984 0.301758 0.308594 0.30127 0.307812 0.30127 0.307422 0.300781 0.307031 0.300781 0.305859 0.299316 0.305078 0.299316 0.304688 0.298828 0.304297 0.298828 0.303906 0.29834 0.303125 0.29834 0.302734 0.297852 0.301953 0.297852 0.301563 0.297363 0.300781 0.297363 0.300391 0.296875 0.299609 0.296875 0.299219 0.296387 0.298438 0.296387 0.298047 0.295898 0.297656 0.295898 0.297266 0.29541 0.296875 0.29541 0.296094 0.294434 0.295703 0.294434 0.295312 0.293945 0.294922 0.293945 0.294141 0.292969 0.293359 0.292969 0.292578 0.291992 0.291406 0.291992 0.289844 0.290039 0.288672 0.290039 0.288281 0.289551 0.286719 0.289551 0.286328 0.289062 0.283984 0.289062 0.283594 0.288574 0.283203 0.288574 0.282813 0.288086
1 0.254688 0.304199 0.254297 0.304688 0.252734 0.304688 0.252344 0.305176 0.251563 0.305176 0.251172 0.305664 0.25 0.305664 0.249609 0.306152 0.248047 0.306152 0.247656 0.306641 0.247266 0.306641 0.246875 0.307129 0.245703 0.307129 0.245312 0.307617 0.244531 0.307617 0.24375 0.308594 0.242969 0.308594 0.242578 0.309082 0.242188 0.309082 0.241797 0.30957 0.241406 0.30957 0.241016 0.310059 0.239453 0.310059 0.239063 0.310547 0.237891 0.310547 0.237109 0.311523 0.235156 0.311523 0.234766 0.312012 0.232422 0.312012 0.232031 0.3125 0.228906 0.3125 0.228516 0.312988 0.226562 0.312988 0.226172 0.313477 0.225391 0.313477 0.224609 0.314453 0.222656 0.314453 0.222266 0.314941 0.221094 0.314941 0.220703 0.31543 0.217969 0.31543 0.217578 0.315918 0.216016 0.315918 0.215625 0.316406 0.213672 0.316406 0.213281 0.316895 0.210547 0.316895 0.210156 0.317383 0.208203 0.317383 0.207813 0.317871 0.205859 0.317871 0.205469 0.318359 0.203516 0.318359 0.203125 0.318848 0.202344 0.318848 0.201172 0.320312 0.201172 0.322266 0.202344 0.32373 0.204687 0.32373 0.205078 0.323242 0.207031 0.323242 0.207422 0.322754 0.209766 0.322754 0.210156 0.322266 0.211719 0.322266 0.212109 0.321777 0.214844 0.321777 0.215234 0.321289 0.215625 0.321289 0.216797 0.322754 0.220312 0.322754 0.220703 0.322266 0.227344 0.322266 0.227734 0.321777 0.233203 0.321777 0.233594 0.321289 0.234766 0.321289 0.235156 0.320801 0.240625 0.320801 0.241016 0.320312 0.244531 0.320312 0.244922 0.319824 0.246875 0.319824 0.247266 0.319336 0.251172 0.319336 0.251563 0.318848 0.261719 0.318848 0.262109 0.318359 0.267188 0.318359 0.267578 0.317871 0.26875 0.317871 0.269141 0.317383 0.270703 0.317383 0.271094 0.316895 0.275391 0.316895 0.275781 0.316406 0.277344 0.316406 0.279687 0.313477 0.279687 0.312988 0.280078 0.3125 0.280078 0.312012 0.280469 0.311523 0.280469 0.311035 0.280859 0.310547 0.280859 0.307129 0.279297 0.305176 0.276562 0.305176 0.276172 0.304688 0.273828 0.304688 0.273438 0.304199
1 0.340625 0.272949 0.339844 0.273926 0.339844 0.277344 0.340234 0.277832 0.340234 0.278809 0.341797 0.280762 0.341797 0.28125 0.342187 0.281738 0.342187 0.282227 0.342578 0.282715 0.342578 0.283691 0.342969 0.28418 0.342969 0.285645 0.343359 0.286133 0.343359 0.288086 0.34375 0.288574 0.34375 0.289551 0.344141 0.290039 0.344141 0.291504 0.344531 0.291992 0.344531 0.293457 0.344922 0.293945 0.344922 0.294434 0.345313 0.294922 0.345313 0.29541 0.345703 0.295898 0.345703 0.296387 0.346094 0.296875 0.346094 0.297363 0.346484 0.297852 0.346484 0.29834 0.346875 0.298828 0.346875 0.299316 0.347656 0.300293 0.347656 0.300781 0.348828 0.302246 0.348828 0.302734 0.350391 0.304688 0.350391 0.305176 0.350781 0.305664 0.350781 0.306152 0.351562 0.307129 0.351562 0.307617 0.352734 0.309082 0.352734 0.30957 0.353125 0.310059 0.353516 0.310059 0.354297 0.311035 0.354687 0.311035 0.355078 0.311523 0.355469 0.311523 0.355859 0.312012 0.35625 0.312012 0.356641 0.3125 0.357031 0.3125 0.359375 0.31543 0.359375 0.315918 0.359766 0.316406 0.359766 0.316895 0.360156 0.317383 0.360156 0.318359 0.3625 0.321289 0.3625 0.321777 0.366016 0.326172 0.366016 0.32666 0.368359 0.32959 0.368359 0.330078 0.369531 0.331543 0.369531 0.332031 0.370312 0.333008 0.370312 0.333496 0.371094 0.334473 0.371094 0.334961 0.371875 0.335938 0.371875 0.336914 0.372266 0.337402 0.372266 0.337891 0.372656 0.338379 0.372656 0.338867 0.373437 0.339844 0.373437 0.340332 0.373828 0.34082 0.373828 0.341309 0.374219 0.341797 0.374219 0.34668 0.374609 0.347168 0.374609 0.349121 0.375 0.349609 0.375 0.354004 0.375781 0.35498 0.375781 0.355469 0.376172 0.355957 0.376563 0.355957 0.376953 0.356445 0.378516 0.356445 0.378906 0.355957 0.380078 0.355957 0.38125 0.354492 0.38125 0.354004 0.381641 0.353516 0.381641 0.344727 0.382031 0.344238 0.382031 0.342773 0.382422 0.342285 0.382422 0.338867 0.382812 0.338379 0.382812 0.337402 0.382422 0.336914 0.382422 0.333008 0.382031 0.33252 0.382031 0.330078 0.381641 0.32959 0.381641 0.329102 0.38125 0.328613 0.38125 0.328125 0.380469 0.327148 0.380469 0.32666 0.379688 0.325684 0.379688 0.324219 0.379297 0.32373 0.379297 0.322754 0.376172 0.318848 0.376172 0.318359 0.375391 0.317383 0.375391 0.316895 0.374609 0.315918 0.374609 0.31543 0.374219 0.314941 0.374219 0.314453 0.373828 0.313965 0.373828 0.313477 0.373437 0.313477 0.372266 0.312012 0.371875 0.312012 0.370703 0.310547 0.370703 0.310059 0.369922 0.309082 0.369531 0.309082 0.366016 0.304688 0.366016 0.304199 0.364063 0.301758 0.364063 0.30127 0.361719 0.29834 0.361328 0.29834 0.360938 0.297852 0.360547 0.297852 0.360156 0.297363 0.359766 0.297363 0.358984 0.296387 0.358594 0.296387 0.358203 0.295898 0.357812 0.295898 0.354687 0.291992 0.354687 0.291504 0.352344 0.288574 0.352344 0.288086 0.351562 0.287109 0.351562 0.286621 0.351172 0.286133 0.351172 0.285645 0.350781 0.285156 0.350781 0.284668 0.350391 0.28418 0.350391 0.283691 0.349609 0.282715 0.349609 0.282227 0.347266 0.279297 0.347266 0.278809 0.345313 0.276367 0.344922 0.276367 0.342187 0.272949
1 0.356641 0.282715 0.356641 0.285156 0.357031 0.285645 0.357031 0.286133 0.357422 0.286621 0.357422 0.287598 0.357812 0.288086 0.357812 0.288574 0.358203 0.289062 0.358203 0.290527 0.358594 0.291016 0.358594 0.291504 0.360156 0.293457 0.360156 0.293945 0.362109 0.296387 0.3625 0.296387 0.364453 0.298828 0.364844 0.298828 0.366016 0.300293 0.366406 0.300293 0.36875 0.303223 0.369141 0.303223 0.369922 0.304199 0.370312 0.304199 0.372266 0.306641 0.372266 0.307129 0.372656 0.307129 0.373437 0.308105 0.373828 0.308105 0.375781 0.310547 0.376172 0.310547 0.376563 0.311035 0.376953 0.311035 0.377344 0.311523 0.377734 0.311523 0.378125 0.312012 0.378906 0.312012 0.379297 0.3125 0.379688 0.3125 0.380078 0.312988 0.380469 0.312988 0.380859 0.313477 0.38125 0.313477 0.381641 0.313965 0.382422 0.313965 0.382812 0.314453 0.383203 0.314453 0.383594 0.314941 0.383984 0.314941 0.384375 0.31543 0.384766 0.31543 0.385156 0.315918 0.385547 0.315918 0.385937 0.316406 0.386719 0.316406 0.387109 0.316895 0.3875 0.316895 0.387891 0.317383 0.388672 0.317383 0.389062 0.317871 0.389453 0.317871 0.389844 0.318359 0.390234 0.318359 0.390625 0.318848 0.391016 0.318848 0.391406 0.319336 0.392188 0.319336 0.392578 0.319824 0.393359 0.319824 0.39375 0.320312 0.394531 0.320312 0.394922 0.320801 0.395703 0.320801 0.396094 0.321289 0.396875 0.321289 0.397266 0.321777 0.398828 0.321777 0.399219 0.322266 0.401172 0.322266 0.401562 0.322754 0.404297 0.322754 0.404687 0.323242 0.412109 0.323242 0.4125 0.322754 0.412891 0.322754 0.413281 0.322266 0.413672 0.322266 0.414062 0.321777 0.414453 0.321777 0.414453 0.321289 0.416016 0.319336 0.416016 0.317383 0.413672 0.314453 0.413281 0.314453 0.412891 0.313965 0.412109 0.313965 0.411719 0.313477 0.410938 0.313477 0.410547 0.312988 0.409766 0.312988 0.409375 0.3125 0.408594 0.3125 0.408203 0.312012 0.407422 0.312012 0.407031 0.311523 0.406641 0.311523 0.40625 0.311035 0.405859 0.311035 0.405078 0.310059 0.404687 0.310059 0.404297 0.30957 0.403906 0.30957 0.403516 0.309082 0.402734 0.309082 0.402344 0.308594 0.401953 0.308594 0.401562 0.308105 0.400781 0.308105 0.400391 0.307617 0.4 0.307617 0.399609 0.307129 0.398828 0.307129 0.398438 0.306641 0.398047 0.306641 0.397656 0.306152 0.396484 0.306152 0.396094 0.305664 0.394531 0.305664 0.394141 0.305176 0.392969 0.305176 0.392578 0.304688 0.392188 0.304688 0.389844 0.301758 0.389844 0.30127 0.388281 0.299316 0.387891 0.299316 0.3875 0.298828 0.386719 0.298828 0.386328 0.29834 0.385547 0.29834 0.385156 0.297852 0.384375 0.297852 0.383984 0.297363 0.383203 0.297363 0.382812 0.296875 0.382031 0.296875 0.381641 0.296387 0.38125 0.296387 0.380859 0.295898 0.380078 0.295898 0.379688 0.29541 0.379297 0.29541 0.378906 0.294922 0.378516 0.294922 0.378125 0.294434 0.377734 0.294434 0.377344 0.293945 0.376953 0.293945 0.376563 0.293457 0.376172 0.293457 0.373828 0.290527 0.373047 0.290527 0.372656 0.290039 0.371875 0.290039 0.371484 0.289551 0.370703 0.289551 0.370312 0.289062 0.369531 0.289062 0.369141 0.288574 0.36875 0.288574 0.367969 0.287598 0.367578 0.287598 0.366016 0.285645 0.365625 0.285645 0.365234 0.285156 0.364063 0.285156 0.363672 0.284668 0.3625 0.284668 0.362109 0.28418 0.360938 0.28418 0.360547 0.283691 0.359766 0.283691 0.359375 0.283203 0.358984 0.283203 0.358594 0.282715
1 0.318359 0.253906 0.318359 0.255859 0.319922 0.257812 0.320312 0.257812 0.321875 0.259766 0.322266 0.259766 0.322656 0.260254 0.323437 0.260254 0.323828 0.260742 0.324609 0.260742 0.325 0.26123 0.325391 0.26123 0.325781 0.261719 0.326562 0.261719 0.326953 0.262207 0.327344 0.262207 0.327734 0.262695 0.328125 0.262695 0.328906 0.263672 0.329297 0.263672 0.329688 0.26416 0.330078 0.26416 0.330469 0.264648 0.33125 0.264648 0.331641 0.265137 0.332422 0.265137 0.332813 0.265625 0.333594 0.265625 0.333984 0.266113 0.334766 0.266113 0.335156 0.266602 0.335938 0.266602 0.336328 0.26709 0.337109 0.26709 0.3375 0.267578 0.338281 0.267578 0.338672 0.268066 0.340625 0.268066 0.341016 0.268555 0.341406 0.268555 0.341797 0.269043 0.342187 0.269043 0.342578 0.269531 0.342578 0.27002 0.343359 0.270996 0.343359 0.271484 0.344922 0.273438 0.345313 0.273438 0.346094 0.274414 0.346875 0.274414 0.347266 0.274902 0.347656 0.274902 0.348047 0.275391 0.348828 0.275391 0.349219 0.275879 0.349609 0.275879 0.35 0.276367 0.350781 0.276367 0.351172 0.276855 0.351953 0.276855 0.352344 0.277344 0.353125 0.277344 0.353516 0.277832 0.356641 0.277832 0.357031 0.27832 0.357422 0.27832 0.358984 0.280273 0.359375 0.280273 0.359766 0.280762 0.360156 0.280762 0.360547 0.28125 0.360938 0.28125 0.361328 0.281738 0.362109 0.281738 0.3625 0.282227 0.363281 0.282227 0.363672 0.282715 0.364063 0.282715 0.364453 0.283203 0.365234 0.283203 0.365625 0.283691 0.366797 0.283691 0.367188 0.28418 0.367578 0.28418 0.367969 0.284668 0.368359 0.284668 0.36875 0.285156 0.369141 0.285156 0.369531 0.285645 0.369922 0.285645 0.370312 0.286133 0.370703 0.286133 0.371094 0.286621 0.371484 0.286621 0.371875 0.287109 0.372266 0.287109 0.372656 0.287598 0.373437 0.287598 0.373828 0.288086 0.374219 0.288086 0.374609 0.288574 0.375391 0.288574 0.375781 0.289062 0.376563 0.289062 0.376953 0.289551 0.377344 0.289551 0.377734 0.290039 0.378125 0.290039 0.378906 0.291016 0.379297 0.291016 0.379688 0.291504 0.380078 0.291504 0.380469 0.291992 0.380859 0.291992 0.38125 0.29248 0.381641 0.29248 0.382031 0.292969 0.382422 0.292969 0.382812 0.293457 0.383203 0.293457 0.383594 0.293945 0.383984 0.293945 0.384375 0.294434 0.384766 0.294434 0.385156 0.294922 0.385547 0.294922 0.385937 0.29541 0.386328 0.29541 0.386719 0.295898 0.3875 0.295898 0.387891 0.296387 0.388281 0.296387 0.389062 0.297363 0.389453 0.297363 0.391797 0.300293 0.392188 0.300293 0.392578 0.300781 0.392969 0.300781 0.393359 0.30127 0.39375 0.30127 0.394141 0.301758 0.394531 0.301758 0.394922 0.302246 0.395313 0.302246 0.395703 0.302734 0.396484 0.302734 0.396875 0.303223 0.397266 0.303223 0.397656 0.302734 0.398438 0.302734 0.399219 0.301758 0.399219 0.300781 0.399609 0.300293 0.399609 0.298828 0.399219 0.29834 0.399219 0.297852 0.398828 0.297363 0.398828 0.296875 0.398047 0.295898 0.398047 0.29541 0.397266 0.294434 0.397266 0.293945 0.39375 0.289551 0.393359 0.289551 0.392578 0.288574 0.392188 0.288574 0.387891 0.283203 0.3875 0.283203 0.387109 0.282715 0.386719 0.282715 0.385937 0.281738 0.385547 0.281738 0.385156 0.28125 0.384375 0.28125 0.383984 0.280762 0.383594 0.280762 0.383203 0.280273 0.382812 0.280273 0.382031 0.279297 0.381641 0.279297 0.380469 0.277832 0.380078 0.277832 0.379297 0.276855 0.378906 0.276855 0.378125 0.275879 0.377734 0.275879 0.377344 0.275391 0.376953 0.275391 0.376563 0.274902 0.376172 0.274902 0.375391 0.273926 0.375 0.273926 0.374609 0.273438 0.374219 0.273438 0.373437 0.272461 0.373047 0.272461 0.372656 0.271973 0.371484 0.271973 0.371094 0.271484 0.369531 0.271484 0.369141 0.270996 0.367578 0.270996 0.367188 0.270508 0.364844 0.270508 0.364453 0.27002 0.361719 0.27002 0.361328 0.269531 0.360547 0.269531 0.360156 0.269043 0.359766 0.269043 0.359375 0.268555 0.358984 0.268555 0.358203 0.267578 0.357812 0.267578 0.357031 0.266602 0.356641 0.266602 0.35625 0.266113 0.355859 0.266113 0.355469 0.265625 0.355078 0.265625 0.354297 0.264648 0.353906 0.264648 0.352344 0.262695 0.351953 0.262695 0.351562 0.262207 0.351172 0.262207 0.350781 0.261719 0.35 0.261719 0.349609 0.26123 0.347656 0.26123 0.347266 0.260742 0.345703 0.260742 0.344922 0.259766 0.344531 0.259766 0.344141 0.259277 0.34375 0.259277 0.342969 0.258301 0.342578 0.258301 0.342187 0.257812 0.341406 0.257812 0.341016 0.257324 0.339844 0.257324 0.339453 0.256836 0.338281 0.256836 0.337891 0.256348 0.337109 0.256348 0.336719 0.255859 0.335938 0.255859 0.335547 0.255371 0.335156 0.255371 0.334766 0.254883 0.333594 0.254883 0.333203 0.254395 0.33125 0.254395 0.330859 0.253906 0.329688 0.253906 0.329297 0.253418 0.328516 0.253418 0.328125 0.25293 0.327344 0.25293 0.326953 0.252441 0.326172 0.252441 0.325781 0.251953 0.323828 0.251953 0.323437 0.251465 0.321094 0.251465 0.320703 0.251953 0.319922 0.251953 0.319531 0.252441 0.319141 0.252441 0.31875 0.25293 0.31875 0.253418
2 0.598828 0.349609 0.598437 0.349609 0.598047 0.349121 0.597266 0.349121 0.596875 0.348633 0.592187 0.348633 0.591797 0.349121 0.591406 0.349121 0.591016 0.349609 0.590625 0.349609 0.589844 0.350586 0.589453 0.350586 0.589063 0.351074 0.588672 0.351074 0.587109 0.353027 0.587109 0.353516 0.586719 0.354004 0.586719 0.354492 0.586328 0.35498 0.586328 0.355469 0.585938 0.355957 0.585938 0.356445 0.585547 0.356934 0.585547 0.357422 0.585156 0.35791 0.585156 0.358887 0.584766 0.359375 0.584766 0.359863 0.584375 0.360352 0.584375 0.36084 0.583984 0.361328 0.583984 0.361816 0.583594 0.362305 0.583594 0.362793 0.583203 0.363281 0.583203 0.364258 0.582812 0.364746 0.582812 0.365234 0.582422 0.365723 0.582422 0.366211 0.582031 0.366699 0.582031 0.367188 0.581641 0.367676 0.581641 0.368164 0.58125 0.368652 0.58125 0.369141 0.580469 0.370117 0.580469 0.370605 0.580078 0.371094 0.580078 0.371582 0.579688 0.37207 0.579688 0.372559 0.579297 0.373047 0.579297 0.373535 0.578516 0.374512 0.578516 0.375 0.578125 0.375488 0.578125 0.375977 0.577344 0.376953 0.577344 0.377441 0.576953 0.37793 0.576953 0.378906 0.576562 0.379395 0.576562 0.379883 0.576172 0.380371 0.576172 0.380859 0.575781 0.381348 0.575781 0.381836 0.575391 0.382324 0.575391 0.382812 0.574609 0.383789 0.574609 0.384277 0.574219 0.384766 0.574219 0.385254 0.573828 0.385742 0.573828 0.386719 0.573438 0.387207 0.573438 0.387695 0.573047 0.388184 0.573047 0.388672 0.572656 0.38916 0.572656 0.389648 0.572266 0.390137 0.572266 0.390625 0.571875 0.391113 0.571875 0.391602 0.571484 0.39209 0.571484 0.393066 0.571094 0.393555 0.571094 0.394531 0.570703 0.39502 0.570703 0.395508 0.570312 0.395996 0.570312 0.396973 0.569922 0.397461 0.569922 0.397949 0.569141 0.398926 0.569141 0.399414 0.56875 0.399902 0.56875 0.400391 0.567969 0.401367 0.567969 0.401855 0.567578 0.402344 0.567578 0.402832 0.567187 0.40332 0.567187 0.404297 0.566797 0.404785 0.566797 0.405273 0.566016 0.40625 0.566016 0.406738 0.563672 0.409668 0.563672 0.410156 0.563281 0.410645 0.563281 0.411133 0.5625 0.412109 0.5625 0.412598 0.560156 0.415527 0.560156 0.416016 0.558594 0.417969 0.558594 0.418457 0.557031 0.42041 0.557031 0.420898 0.555859 0.422363 0.555859 0.42334 0.555469 0.423828 0.555469 0.427246 0.555859 0.427734 0.555859 0.428223 0.55625 0.428711 0.557813 0.428711 0.558203 0.429199 0.560937 0.429199 0.561328 0.428711 0.562109 0.428711 0.5625 0.428223 0.562891 0.428223 0.563672 0.427246 0.564063 0.427246 0.564844 0.42627 0.565234 0.42627 0.566016 0.425293 0.566406 0.425293 0.567187 0.424316 0.567578 0.424316 0.56875 0.422852 0.569141 0.422852 0.573828 0.416992 0.573828 0.416504 0.577734 0.411621 0.577734 0.411133 0.578125 0.410645 0.578125 0.410156 0.582422 0.404785 0.582422 0.404297 0.583594 0.402832 0.583594 0.402344 0.584375 0.401367 0.584375 0.400879 0.584766 0.400391 0.584766 0.399902 0.585156 0.399414 0.585156 0.398926 0.585938 0.397949 0.585938 0.397461 0.586328 0.396973 0.586328 0.396484 0.587109 0.395508 0.587109 0.39502 0.588281 0.393555 0.588281 0.393066 0.589063 0.39209 0.589063 0.391602 0.589453 0.391113 0.589453 0.390625 0.590234 0.389648 0.590234 0.38916 0.591797 0.387207 0.591797 0.386719 0.592578 0.385742 0.592578 0.385254 0.592969 0.384766 0.592969 0.384277 0.593359 0.383789 0.593359 0.383301 0.594141 0.382324 0.594141 0.381836 0.594531 0.381348 0.594531 0.380859 0.594922 0.380371 0.594922 0.379883 0.595313 0.379395 0.595313 0.378906 0.596094 0.37793 0.596094 0.377441 0.596875 0.376465 0.596875 0.375488 0.597266 0.375 0.597266 0.374512 0.597656 0.374023 0.597656 0.373047 0.598047 0.372559 0.598047 0.37207 0.598437 0.371582 0.598437 0.371094 0.598828 0.370605 0.598828 0.370117 0.599219 0.369629 0.599219 0.369141 0.599609 0.368652 0.599609 0.368164 0.6 0.367676 0.6 0.366699 0.600391 0.366211 0.600391 0.365234 0.600781 0.364746 0.600781 0.363281 0.601172 0.362793 0.601172 0.359863 0.601562 0.359375 0.601562 0.356445 0.601172 0.355957 0.601172 0.354004 0.600781 0.353516 0.600781 0.352539 0.600391 0.352051 0.600391 0.351562
1 0.331641 0.0693359 0.330859 0.0703125 0.330469 0.0703125 0.330078 0.0708008 0.329688 0.0708008 0.328516 0.0722656 0.328516 0.0732422 0.328125 0.0737305 0.328125 0.0761719 0.327734 0.0766602 0.327734 0.0805664 0.328125 0.0810547 0.328125 0.0849609 0.328516 0.0854492 0.328516 0.0864258 0.329297 0.0874023 0.329297 0.0883789 0.330078 0.0893555 0.330078 0.0898438 0.330859 0.0908203 0.330859 0.0917969 0.331641 0.0927734 0.331641 0.0932617 0.332031 0.09375 0.332031 0.0947266 0.332422 0.0952148 0.332422 0.0966797 0.333594 0.0981445 0.335547 0.0981445 0.336719 0.0996094 0.336719 0.100098 0.338281 0.102051 0.338281 0.102539 0.338672 0.103027 0.338672 0.103516 0.339062 0.104004 0.339062 0.104492 0.341406 0.107422 0.342187 0.107422 0.342969 0.108398 0.344141 0.108398 0.344531 0.108887 0.344922 0.108887 0.350391 0.115723 0.351562 0.115723 0.351953 0.116211 0.351953 0.116699 0.352734 0.117676 0.352734 0.118164 0.353906 0.119629 0.354297 0.119629 0.356641 0.122559 0.357031 0.122559 0.359375 0.125488 0.359766 0.125488 0.360547 0.126465 0.360938 0.126465 0.361719 0.127441 0.362109 0.127441 0.3625 0.12793 0.362891 0.12793 0.363672 0.128906 0.364063 0.128906 0.364453 0.129395 0.364844 0.129395 0.366016 0.130859 0.366406 0.130859 0.366797 0.131348 0.367969 0.131348 0.36875 0.132324 0.369141 0.132324 0.370312 0.133789 0.371094 0.133789 0.372266 0.135254 0.373047 0.135254 0.373437 0.135742 0.373828 0.135742 0.374219 0.13623 0.374609 0.13623 0.375 0.136719 0.375391 0.136719 0.375781 0.137207 0.375781 0.137695 0.378906 0.141602 0.379688 0.141602 0.380469 0.142578 0.382422 0.142578 0.383594 0.141113 0.383594 0.138184 0.383203 0.137695 0.383203 0.136719 0.382812 0.13623 0.382812 0.135742 0.382422 0.135254 0.382422 0.134766 0.381641 0.133789 0.381641 0.133301 0.38125 0.132812 0.38125 0.132324 0.378516 0.128906 0.378125 0.128906 0.375391 0.125488 0.375391 0.124512 0.374219 0.123047 0.373828 0.123047 0.373047 0.12207 0.372656 0.12207 0.371875 0.121094 0.371094 0.121094 0.370703 0.120605 0.370703 0.120117 0.370312 0.119629 0.370312 0.119141 0.369531 0.118164 0.369531 0.117676 0.362891 0.109375 0.3625 0.109375 0.360547 0.106934 0.360156 0.106934 0.359766 0.106445 0.359375 0.106445 0.358984 0.105957 0.358594 0.105957 0.357812 0.10498 0.357422 0.10498 0.35625 0.103516 0.355469 0.103516 0.354687 0.102539 0.354297 0.102539 0.349219 0.0961914 0.348438 0.0961914 0.346484 0.09375 0.346094 0.09375 0.344922 0.0922852 0.344141 0.0922852 0.342969 0.0908203 0.342578 0.0908203 0.342187 0.090332 0.341797 0.090332 0.341016 0.0893555 0.340625 0.0893555 0.339062 0.0874023 0.339062 0.0864258 0.338281 0.0854492 0.338281 0.0849609 0.3375 0.0839844 0.3375 0.0834961 0.336328 0.0820312 0.336328 0.0810547 0.335156 0.0795898 0.335156 0.0786133 0.334766 0.078125 0.334766 0.0722656 0.334375 0.0717773 0.334375 0.0708008 0.333203 0.0693359
1 0.501953 0.623047 0.501953 0.623535 0.503906 0.625977 0.504297 0.625977 0.504687 0.626465 0.505469 0.626465 0.505859 0.626953 0.507031 0.626953 0.507422 0.627441 0.508984 0.627441 0.509375 0.62793 0.510938 0.62793 0.511328 0.628418 0.512891 0.628418 0.513281 0.628906 0.514062 0.628906 0.514453 0.629395 0.515234 0.629395 0.515625 0.629883 0.516016 0.629883 0.516406 0.630371 0.516797 0.630371 0.517188 0.630859 0.518359 0.630859 0.51875 0.631348 0.519922 0.631348 0.520312 0.631836 0.521875 0.631836 0.522266 0.632324 0.523828 0.632324 0.524219 0.632812 0.525781 0.632812 0.526172 0.633301 0.527734 0.633301 0.528125 0.633789 0.530078 0.633789 0.530469 0.634277 0.532031 0.634277 0.532422 0.634766 0.536328 0.634766 0.536719 0.635254 0.539062 0.635254 0.539453 0.635742 0.54375 0.635742 0.544141 0.63623 0.547266 0.63623 0.547656 0.636719 0.553516 0.636719 0.553906 0.637207 0.573047 0.637207 0.573438 0.636719 0.575 0.636719 0.575391 0.63623 0.576172 0.63623 0.576953 0.635254 0.576953 0.631348 0.576562 0.630859 0.576562 0.630371 0.575781 0.629395 0.575391 0.629395 0.575 0.628906 0.574609 0.628906 0.574219 0.628418 0.573828 0.628418 0.573438 0.62793 0.573047 0.62793 0.572656 0.627441 0.572266 0.627441 0.571875 0.626953 0.571094 0.626953 0.570703 0.626465 0.569922 0.626465 0.569531 0.625977 0.56875 0.625977 0.568359 0.625488 0.566406 0.625488 0.566016 0.625 0.564453 0.625 0.564063 0.624512 0.562891 0.624512 0.5625 0.624023 0.561719 0.624023 0.561328 0.623535 0.560937 0.623535 0.560547 0.623047 0.559766 0.623047 0.559375 0.622559 0.558594 0.622559 0.558203 0.62207 0.557031 0.62207 0.556641 0.621582 0.555469 0.621582 0.555078 0.621094 0.553906 0.621094 0.553516 0.620605 0.552734 0.620605 0.552344 0.620117 0.551562 0.620117 0.551172 0.619629 0.55 0.619629 0.549609 0.619141 0.548438 0.619141 0.548047 0.618652 0.546875 0.618652 0.546484 0.618164 0.545703 0.618164 0.545312 0.617676 0.544141 0.617676 0.54375 0.617188 0.542188 0.617188 0.541797 0.616699 0.540625 0.616699 0.540234 0.616211 0.538672 0.616211 0.538281 0.615723 0.536719 0.615723 0.536328 0.615234 0.533594 0.615234 0.533203 0.614746 0.523047 0.614746 0.522656 0.615234 0.519531 0.615234 0.519141 0.615723 0.516797 0.615723 0.516406 0.616211 0.515234 0.616211 0.514844 0.616699 0.513672 0.616699 0.513281 0.617188 0.510938 0.617188 0.510547 0.617676 0.508984 0.617676 0.508594 0.618164 0.507812 0.618164 0.507422 0.618652 0.506641 0.618652 0.50625 0.619141 0.505469 0.619141 0.505078 0.619629 0.504687 0.619629 0.504297 0.620117 0.503906 0.620117 0.502344 0.62207 0.502344 0.622559
1 0.322656 0.671387 0.321484 0.672852 0.321484 0.674805 0.322266 0.675781 0.322266 0.677734 0.322656 0.678223 0.322656 0.679199 0.323047 0.679688 0.323047 0.680176 0.323437 0.680664 0.323437 0.681152 0.323828 0.681641 0.323828 0.682129 0.324609 0.683105 0.324609 0.684082 0.325 0.68457 0.325 0.685059 0.325391 0.685547 0.325391 0.691406 0.325781 0.691895 0.325781 0.693848 0.326172 0.694336 0.326172 0.697754 0.326562 0.698242 0.326562 0.700684 0.326172 0.701172 0.326172 0.704102 0.325781 0.70459 0.325781 0.705078 0.325391 0.705566 0.325391 0.712891 0.324609 0.713867 0.324609 0.71582 0.323437 0.717285 0.323437 0.71875 0.323047 0.719238 0.323047 0.722656 0.322656 0.723145 0.322656 0.723633 0.322266 0.724121 0.322266 0.725098 0.321875 0.725586 0.321875 0.726562 0.321484 0.727051 0.321484 0.728027 0.321094 0.728516 0.321094 0.729492 0.320703 0.72998 0.320703 0.730957 0.319922 0.731934 0.319922 0.733887 0.318359 0.73584 0.318359 0.737793 0.319141 0.73877 0.317969 0.740234 0.317969 0.741211 0.317578 0.741699 0.317578 0.742188 0.317188 0.742676 0.317188 0.746582 0.316797 0.74707 0.316797 0.749512 0.316406 0.75 0.316406 0.751953 0.315625 0.75293 0.315625 0.755371 0.315234 0.755859 0.315234 0.760254 0.314844 0.760742 0.314844 0.762695 0.314453 0.763184 0.314453 0.76709 0.311719 0.770508 0.311719 0.771484 0.310937 0.772461 0.310937 0.772949 0.310547 0.773438 0.310547 0.775391 0.311719 0.776855 0.313672 0.776855 0.314844 0.775391 0.314844 0.774414 0.315234 0.773926 0.315234 0.773438 0.317969 0.77002 0.317969 0.769531 0.319141 0.768066 0.319141 0.767578 0.319922 0.766602 0.319922 0.766113 0.320312 0.765625 0.320312 0.765137 0.321484 0.763672 0.321484 0.763184 0.322266 0.762207 0.322266 0.761719 0.322656 0.76123 0.322656 0.760254 0.323437 0.759277 0.323437 0.753906 0.323828 0.753418 0.323828 0.750488 0.324219 0.75 0.324219 0.748535 0.324609 0.748047 0.324609 0.74707 0.325391 0.746094 0.325391 0.744629 0.325781 0.744141 0.325781 0.743652 0.326172 0.743164 0.326172 0.742676 0.326562 0.742188 0.326562 0.740723 0.326953 0.740234 0.326953 0.739258 0.327344 0.73877 0.327344 0.737305 0.327734 0.736816 0.327734 0.736328 0.328125 0.73584 0.328125 0.735352 0.328516 0.734863 0.328516 0.733887 0.329297 0.73291 0.329297 0.731934 0.329688 0.731445 0.329688 0.730957 0.330469 0.72998 0.330469 0.729004 0.330859 0.728516 0.330859 0.727539 0.33125 0.727051 0.33125 0.724609 0.332031 0.723633 0.332031 0.722656 0.332422 0.722168 0.332422 0.720215 0.332813 0.719727 0.332813 0.718262 0.333594 0.717285 0.333594 0.715332 0.333984 0.714844 0.333984 0.712891 0.334375 0.712402 0.334375 0.710449 0.334766 0.709961 0.334766 0.708984 0.335156 0.708496 0.335156 0.69873 0.334766 0.698242 0.334766 0.697266 0.334375 0.696777 0.334375 0.695312 0.333984 0.694824 0.333984 0.693359 0.333594 0.692871 0.333594 0.691895 0.333203 0.691406 0.333203 0.690918 0.332813 0.69043 0.332813 0.688477 0.332422 0.687988 0.332422 0.687012 0.332031 0.686523 0.332031 0.685547 0.331641 0.685059 0.331641 0.683594 0.330859 0.682617 0.330859 0.682129 0.330078 0.681152 0.330078 0.680664 0.329297 0.679688 0.329297 0.679199 0.328516 0.678223 0.328516 0.677246 0.328125 0.676758 0.328125 0.67627 0.327734 0.675781 0.327734 0.674805 0.327344 0.674316 0.327344 0.673828 0.326172 0.672363 0.325781 0.672363 0.325391 0.671875 0.325 0.671875 0.324609 0.671387
