1 0.690234 0.67041 0.689453 0.671875 0.690234 0.675781 0.693359 0.681152 0.694922 0.686035 0.697656 0.689941 0.703906 0.707031 0.708203 0.711426 0.713672 0.711914 0.714453 0.710938 0.714063 0.705078 0.711328 0.700195 0.709375 0.692383 0.705859 0.684082 0.694922 0.67041
1 0.69375 0.68457 0.691406 0.681641 0.688672 0.681641 0.678516 0.687012 0.665625 0.691406 0.660547 0.691895 0.658203 0.694336 0.658203 0.696777 0.661328 0.701172 0.665234 0.703613 0.66875 0.70459 0.673438 0.704102 0.6875 0.690918 0.692578 0.687988 0.69375 0.686523
1 0.665234 0.661133 0.662109 0.658203 0.650391 0.65625 0.645703 0.658203 0.641406 0.663574 0.635156 0.680664 0.635938 0.686035 0.637891 0.6875 0.642188 0.686523 0.653516 0.67041 0.659375 0.665527 0.664062 0.664062 0.665625 0.662598
1 0.775781 0.62793 0.774609 0.626465 0.771094 0.625977 0.759375 0.646484 0.751953 0.654297 0.748437 0.655273 0.747656 0.65625 0.748047 0.658203 0.753125 0.661133 0.756641 0.661133 0.764844 0.656738 0.769531 0.650391 0.775391 0.636719 0.776172 0.633301
1 0.789453 0.645996 0.787891 0.644043 0.785156 0.644043 0.773438 0.649902 0.769531 0.654297 0.768359 0.657715 0.762891 0.665039 0.763281 0.668945 0.766797 0.672852 0.770703 0.672852 0.773438 0.671387 0.776953 0.66748 0.789453 0.647949
1 0.794141 0.595215 0.791797 0.598145 0.790234 0.602539 0.788672 0.610352 0.789062 0.615234 0.80625 0.63623 0.811328 0.637207 0.8125 0.633301 0.812109 0.631348 0.805078 0.616211 0.799609 0.608398 0.795703 0.596191
1 0.813672 0.613281 0.811719 0.617188 0.811328 0.623535 0.816406 0.636719 0.825781 0.652832 0.829297 0.654785 0.833594 0.653809 0.834766 0.652344 0.834375 0.647461 0.826562 0.631348 0.820312 0.621094 0.817969 0.613281
1 0.891406 0.657227 0.891797 0.659668 0.893359 0.661133 0.900391 0.661133 0.911328 0.664062 0.915234 0.666504 0.921484 0.666504 0.923828 0.663086 0.923438 0.657227 0.921875 0.655273 0.917188 0.652344 0.908594 0.649414 0.903516 0.649414 0.898828 0.650879
1 0.932422 0.598145 0.930469 0.598145 0.928125 0.600586 0.921484 0.62207 0.919922 0.639648 0.920703 0.646484 0.923047 0.651855 0.925 0.651855 0.927734 0.648438 0.928906 0.64209 0.931641 0.637695 0.932813 0.633301 0.934766 0.602051
1 0.912891 0.568359 0.911328 0.568848 0.909375 0.571777 0.902734 0.59375 0.903906 0.60791 0.907813 0.616211 0.911328 0.614746 0.912891 0.611816 0.917578 0.586426 0.916797 0.574707 0.915625 0.571289
1 0.876953 0.582031 0.872656 0.583496 0.862109 0.597168 0.859766 0.602051 0.858984 0.617188 0.860156 0.624023 0.861328 0.625488 0.864844 0.624023 0.877734 0.591797 0.878516 0.583984
1 0.882422 0.553223 0.880859 0.55127 0.876953 0.55127 0.872656 0.554688 0.860547 0.55957 0.849219 0.569336 0.846875 0.57373 0.848437 0.575195 0.854688 0.575684 0.860938 0.574707 0.868359 0.571289 0.876563 0.56543 0.880859 0.55957
1 0.839063 0.549805 0.838281 0.548828 0.835156 0.548828 0.823438 0.55127 0.818359 0.554199 0.811328 0.563477 0.80625 0.572266 0.804688 0.57666 0.805469 0.581543 0.807422 0.58252 0.812109 0.580078 0.825 0.56543 0.837891 0.555176
1 0.938281 0.553711 0.9375 0.555176 0.940234 0.563477 0.940234 0.570312 0.938281 0.578613 0.938281 0.583496 0.939844 0.586914 0.943359 0.588379 0.952734 0.572754 0.953125 0.562988 0.951953 0.560059 0.947656 0.555664 0.94375 0.553711
1 0.959766 0.56543 0.956641 0.567871 0.951953 0.578613 0.95 0.591309 0.950391 0.599121 0.954688 0.608398 0.958203 0.611328 0.960156 0.608887 0.959375 0.602051 0.961328 0.593262 0.963281 0.573242 0.962891 0.566895
1 0.998437 0.547852 0.989453 0.551758 0.985938 0.557129 0.985156 0.560059 0.9875 0.564453 0.987891 0.569824 0.991016 0.574707 0.997266 0.57959 1 0.580078 1 0.570312 0.998437 0.570312 0.996875 0.566406 0.993359 0.562988 0.99375 0.560059 0.994922 0.558594 1 0.558105 1 0.547852
1 0.975391 0.633789 0.972266 0.632324 0.96875 0.632812 0.954688 0.644043 0.952734 0.646973 0.951562 0.651367 0.951953 0.653809 0.954297 0.65625 0.966406 0.655762 0.972266 0.65332 0.976172 0.646973 0.976562 0.636719
1 0.953516 0.499512 0.953125 0.501953 0.958203 0.508301 0.969531 0.51416 0.975 0.519531 0.979297 0.52002 0.980859 0.515137 0.980469 0.510254 0.973437 0.5 0.963281 0.496094 0.958594 0.496094
1 0.964453 0.513672 0.961719 0.51123 0.955859 0.508789 0.951953 0.509277 0.938281 0.519043 0.937109 0.520508 0.937109 0.525879 0.939453 0.52832 0.94375 0.528809 0.960547 0.519043 0.964453 0.515625
1 0.919141 0.476562 0.91875 0.483398 0.919922 0.490234 0.919922 0.498047 0.922656 0.515625 0.924219 0.518555 0.927344 0.52002 0.930469 0.516113 0.932031 0.510742 0.932813 0.501465 0.932422 0.491211 0.929297 0.483398 0.926953 0.47998 0.921094 0.476562
1 0.91875 0.494629 0.916016 0.492676 0.900781 0.493164 0.895312 0.494629 0.887109 0.499512 0.880078 0.507812 0.879297 0.510254 0.879687 0.515137 0.88125 0.516602 0.885156 0.516113 0.899609 0.507812 0.908594 0.505371 0.916797 0.499512 0.91875 0.496582
1 0.859766 0.448242 0.857812 0.450684 0.859766 0.45752 0.866797 0.467773 0.872656 0.480957 0.876563 0.48584 0.878125 0.48584 0.88125 0.481445 0.882031 0.47168 0.877734 0.461426 0.872656 0.45459 0.866406 0.449707 0.862109 0.447754
1 0.794141 0.468262 0.789453 0.473145 0.788672 0.475586 0.792578 0.485352 0.794141 0.496582 0.797266 0.500488 0.805469 0.505859 0.807031 0.505859 0.808594 0.50293 0.807422 0.486816 0.804297 0.477051 0.798828 0.470215 0.796094 0.468262
1 0.891797 0.388672 0.888672 0.385254 0.883984 0.385254 0.869531 0.395508 0.863281 0.402344 0.863281 0.405762 0.865625 0.408691 0.873828 0.412598 0.877344 0.410156 0.880078 0.40625 0.887891 0.399414 0.892188 0.394043
1 0.950781 0.394043 0.946875 0.402832 0.944141 0.418457 0.945703 0.425293 0.949219 0.429199 0.952734 0.429688 0.955078 0.427734 0.958984 0.411621 0.959375 0.401367 0.958594 0.397949 0.956641 0.395508
1 0.853125 0.353516 0.853516 0.359375 0.856641 0.364258 0.862109 0.368164 0.866406 0.369629 0.874219 0.369629 0.876563 0.368652 0.888672 0.358887 0.8875 0.354492 0.866016 0.353516 0.857422 0.349609 0.855078 0.350586
2 0.989453 0.299805 0.985938 0.30127 0.977734 0.307617 0.973828 0.313477 0.973437 0.318359 0.975391 0.324707 0.98125 0.333496 0.986719 0.339844 0.990625 0.34082 0.991797 0.339355 0.992188 0.334473 0.986328 0.324707 0.984766 0.316406 0.985938 0.30957 0.989844 0.304688 0.990625 0.300293
1 0.926953 0.223145 0.925391 0.225586 0.924609 0.229492 0.924609 0.236816 0.926562 0.243164 0.938672 0.257812 0.941797 0.259766 0.944531 0.259766 0.946484 0.257324 0.946484 0.255371 0.944531 0.250977 0.932422 0.22998 0.93125 0.226562 0.928516 0.223145
1 1 0.191406 0.997656 0.191406 0.994141 0.194824 0.989453 0.202637 0.985938 0.212891 0.984375 0.222656 0.982031 0.227539 0.982812 0.232422 0.990234 0.233887 0.994922 0.231934 0.996875 0.229492 0.998437 0.222168 1 0.22168
1 0.914844 0.227051 0.913672 0.225098 0.911328 0.224609 0.907813 0.227539 0.904687 0.228516 0.900391 0.227539 0.891797 0.228027 0.887891 0.230957 0.884375 0.237793 0.886719 0.241211 0.900391 0.243652 0.905469 0.243164 0.909766 0.240723 0.912891 0.237305
1 0.907813 0.182617 0.904687 0.185059 0.902734 0.195312 0.897656 0.206543 0.895703 0.214355 0.895703 0.222168 0.896484 0.224121 0.899219 0.225586 0.901953 0.224121 0.911719 0.199219 0.911328 0.19043
1 0.844531 0.133789 0.842578 0.134766 0.840625 0.138184 0.841797 0.15918 0.844531 0.168457 0.848828 0.173828 0.850391 0.173828 0.854297 0.168945 0.85625 0.158691 0.855469 0.148438 0.852344 0.138184 0.849609 0.134766
1 0.767578 0.333496 0.760547 0.333008 0.754687 0.337402 0.748437 0.346191 0.736328 0.358887 0.734375 0.362793 0.734766 0.364746 0.745313 0.364746 0.749609 0.363281 0.752734 0.36084 0.761328 0.350098 0.767969 0.335449
1 0.75 0.338867 0.748047 0.337891 0.742969 0.338379 0.735547 0.342285 0.728125 0.348145 0.724609 0.352539 0.719531 0.355469 0.717969 0.357422 0.717578 0.359863 0.720313 0.362793 0.728125 0.36377 0.732422 0.361816 0.742969 0.348145 0.749219 0.34375 0.750391 0.340332
1 0.687891 0.357422 0.685547 0.358887 0.682813 0.371094 0.682813 0.378906 0.685156 0.38623 0.689063 0.393555 0.691406 0.396484 0.694531 0.397461 0.698047 0.394531 0.698047 0.391602 0.694531 0.383789 0.692187 0.362793 0.690234 0.35791
1 0.603516 0.342773 0.603516 0.345703 0.6125 0.358887 0.61875 0.374512 0.621484 0.375977 0.624219 0.375488 0.625781 0.373047 0.626563 0.362793 0.624609 0.357422 0.616016 0.348633 0.608203 0.343262
1 0.646094 0.310059 0.646094 0.315918 0.657031 0.323242 0.663672 0.325684 0.669141 0.326172 0.675 0.324707 0.675391 0.318848 0.670703 0.312988 0.665234 0.308594 0.652734 0.305664 0.649219 0.307129
1 0.748047 0.261719 0.745313 0.258301 0.739844 0.258301 0.732812 0.263672 0.722266 0.266113 0.713281 0.270508 0.712109 0.275879 0.723828 0.28125 0.732031 0.28125 0.741797 0.275879 0.746875 0.268066
1 0.667578 0.280273 0.665625 0.277832 0.661328 0.275879 0.656641 0.274902 0.646484 0.275391 0.636328 0.28125 0.630469 0.290039 0.628516 0.296387 0.630469 0.297852 0.633594 0.297363 0.65 0.289551 0.664453 0.286621 0.666406 0.285645
1 0.596094 0.294922 0.591797 0.294922 0.583203 0.299316 0.576562 0.304199 0.571484 0.310547 0.571484 0.324219 0.572656 0.32666 0.575781 0.324219 0.577187 0.320752 0.579688 0.317383 0.583594 0.312012 0.591406 0.307129 0.596484 0.302246 0.596875 0.296875
1 0.631641 0.225586 0.629687 0.226074 0.626953 0.23291 0.625391 0.242188 0.623437 0.246094 0.620313 0.257324 0.612891 0.27002 0.613281 0.274414 0.614844 0.276855 0.61875 0.275391 0.624219 0.268555 0.630859 0.256348 0.632812 0.247559 0.632422 0.227051
1 0.620703 0.210938 0.619141 0.210449 0.617578 0.211426 0.612109 0.217773 0.609375 0.225098 0.6 0.237793 0.598047 0.244629 0.598047 0.247559 0.599219 0.249512 0.604297 0.248535 0.611719 0.241699 0.617578 0.238281 0.619922 0.235352 0.622266 0.224121 0.622266 0.215332
1 0.555859 0.269043 0.551953 0.269043 0.550781 0.271484 0.550781 0.283203 0.548828 0.294434 0.549219 0.299805 0.548438 0.303223 0.549219 0.309082 0.553516 0.308105 0.5625 0.296875 0.5625 0.289551 0.558203 0.271484
1 0.541406 0.251953 0.544531 0.254883 0.550781 0.257324 0.565234 0.258789 0.56875 0.257324 0.573047 0.251953 0.574219 0.249023 0.574219 0.245605 0.572656 0.243652 0.570312 0.243164 0.562109 0.243652 0.555469 0.241699 0.551172 0.241699 0.542578 0.245117 0.541406 0.246582
1 0.55 0.269531 0.548438 0.266602 0.546094 0.265137 0.536719 0.263184 0.533594 0.264648 0.529297 0.269043 0.520703 0.271973 0.517969 0.275391 0.517969 0.276855 0.520312 0.278809 0.526172 0.27832 0.537891 0.28125 0.546875 0.277344 0.549609 0.273438
1 0.538281 0.257812 0.536719 0.258789 0.535547 0.262695 0.531406 0.269727 0.526172 0.291016 0.528516 0.293945 0.532031 0.293945 0.536719 0.291504 0.539062 0.287598 0.540625 0.279297 0.54125 0.276367 0.540664 0.274414 0.539844 0.270996 0.540625 0.265137 0.539453 0.259277
1 0.520703 0.173828 0.518359 0.172852 0.516406 0.17334 0.502734 0.191406 0.498828 0.193848 0.496484 0.196777 0.496094 0.201172 0.497656 0.20459 0.502344 0.202637 0.507031 0.202148 0.510156 0.200684 0.511719 0.19873 0.515625 0.187012 0.521484 0.178223
1 0.732812 0.188477 0.721484 0.189453 0.714453 0.195312 0.708203 0.197754 0.704297 0.200684 0.698828 0.20752 0.698047 0.210449 0.698438 0.21582 0.7 0.217285 0.701953 0.217285 0.708984 0.211914 0.723828 0.206055 0.730859 0.197754 0.733203 0.192871
1 0.742188 0.176758 0.740625 0.174316 0.737109 0.17334 0.725 0.175293 0.721094 0.178711 0.717969 0.187988 0.718359 0.190918 0.720703 0.192383 0.728125 0.188965 0.732422 0.188477 0.741016 0.181152 0.742188 0.179199
1 0.771094 0.168457 0.766016 0.16748 0.759375 0.171387 0.748047 0.185547 0.746875 0.187988 0.746484 0.198242 0.747266 0.202637 0.748437 0.204102 0.752344 0.203613 0.757031 0.198242 0.764844 0.182129 0.770703 0.174805
1 0.679297 0.124512 0.677734 0.12207 0.672656 0.12207 0.657422 0.129395 0.646484 0.131836 0.644922 0.134766 0.646094 0.137695 0.649219 0.140625 0.65625 0.143555 0.660156 0.143555 0.667578 0.139648 0.673828 0.134277 0.677734 0.129883
1 0.670312 0.0771484 0.666406 0.0776367 0.664844 0.0795898 0.663672 0.0864258 0.661328 0.0908203 0.657422 0.105469 0.657422 0.110352 0.660547 0.112305 0.664453 0.111328 0.666797 0.108398 0.673438 0.0952148 0.674219 0.0878906
1 0.579688 0.100098 0.579688 0.105957 0.582812 0.109863 0.591016 0.11377 0.60625 0.113281 0.608984 0.111816 0.611328 0.107422 0.611328 0.104492 0.610547 0.103516 0.603125 0.100586 0.591016 0.100586 0.585156 0.0981445 0.582422 0.0981445
1 0.494922 0.134277 0.492969 0.135254 0.491406 0.13916 0.491406 0.144531 0.489453 0.157227 0.485156 0.166992 0.485156 0.17041 0.486328 0.172363 0.490625 0.172363 0.49375 0.169922 0.498047 0.164062 0.5 0.15918 0.499219 0.144043 0.496484 0.13623
1 0.437109 0.143555 0.437109 0.145508 0.438672 0.148438 0.44375 0.153809 0.455078 0.155762 0.459766 0.159668 0.467578 0.162109 0.470313 0.166016 0.474219 0.165039 0.472266 0.152832 0.467187 0.147949 0.463672 0.146484 0.453125 0.145996 0.442578 0.14209 0.438672 0.14209
1 0.441016 0.158203 0.442188 0.164062 0.446094 0.167969 0.449219 0.169434 0.467187 0.171387 0.476172 0.168945 0.475 0.164551 0.471094 0.160645 0.466406 0.161621 0.452344 0.15625 0.442969 0.15625
1 0.694531 0.00683594 0.693359 0.00537109 0.688672 0.00439453 0.682031 0.00634766 0.673047 0.0117188 0.664453 0.0273438 0.663672 0.0332031 0.664844 0.0380859 0.666016 0.0395508 0.669531 0.0380859 0.675781 0.0288086 0.689844 0.0175781 0.693359 0.0126953
2 0.669141 0 0.657031 0 0.656641 0.00244141 0.653125 0.00634766 0.649609 0.0166016 0.649609 0.0219727 0.654687 0.0224609 0.661328 0.0185547 0.667578 0.00878906
1 0.782422 0.0078125 0.779297 0.0117188 0.778906 0.0175781 0.783203 0.0317383 0.786328 0.0361328 0.792578 0.0415039 0.796484 0.0429688 0.801562 0.0419922 0.801953 0.0371094 0.801172 0.0351562 0.795312 0.027832 0.789844 0.0166016 0.788281 0.00927734 0.786719 0.00732422
1 0.849219 0.0507812 0.848828 0.0615234 0.851172 0.0668945 0.855859 0.0727539 0.861719 0.0756836 0.867578 0.0766602 0.872656 0.0795898 0.876953 0.0800781 0.878906 0.074707 0.872266 0.0673828 0.860156 0.0605469 0.854688 0.050293 0.851953 0.0498047
1 0.836719 0.03125 0.838281 0.0351562 0.840625 0.0375977 0.848047 0.0390625 0.855859 0.0366211 0.863672 0.0322266 0.868359 0.027832 0.86875 0.0253906 0.866406 0.0229492 0.845703 0.0224609 0.837891 0.0258789
1 0.927344 0.0654297 0.925 0.0644531 0.919922 0.0654297 0.914844 0.0693359 0.909766 0.0756836 0.903516 0.0883789 0.903516 0.100098 0.905469 0.100586 0.907813 0.0996094 0.925391 0.0766602 0.927734 0.0717773
1 0.909375 0.0561523 0.905078 0.0556641 0.898438 0.0605469 0.89375 0.0678711 0.886719 0.0761719 0.885938 0.078125 0.886328 0.0830078 0.8875 0.0844727 0.896875 0.0830078 0.903125 0.0786133 0.905859 0.0751953 0.910547 0.0634766 0.910937 0.0605469
1 0.867188 0.0517578 0.867969 0.0561523 0.872266 0.0595703 0.884375 0.0585938 0.889844 0.0600586 0.893359 0.059082 0.894531 0.0571289 0.89375 0.0532227 0.891406 0.050293 0.886719 0.046875 0.882031 0.0454102 0.877344 0.0463867 0.872656 0.0498047 0.868359 0.050293
1 0.873828 0.0600586 0.875 0.0664062 0.879297 0.0722656 0.883203 0.0742188 0.885938 0.0742188 0.890234 0.0722656 0.894922 0.0668945 0.896875 0.0620117 0.896094 0.0605469 0.894141 0.0600586 0.884766 0.0615234 0.877734 0.0576172 0.875391 0.0581055
1 0.973437 0.0302734 0.969531 0.0307617 0.965234 0.0361328 0.962891 0.0415039 0.964453 0.050293 0.963672 0.0634766 0.965234 0.0742188 0.966406 0.0766602 0.968359 0.0761719 0.972266 0.0712891 0.974219 0.0703125 0.975391 0.0673828 0.975781 0.0380859 0.975 0.03125
1 0.966016 0.0810547 0.962109 0.0844727 0.962109 0.0947266 0.960156 0.109375 0.965234 0.120605 0.971094 0.124512 0.973437 0.0957031 0.973047 0.0859375 0.971484 0.0834961
1 0.958984 0.0410156 0.957812 0.0419922 0.956641 0.046875 0.954297 0.0512695 0.952734 0.0708008 0.957422 0.0820312 0.9625 0.0864258 0.963672 0.0849609 0.964844 0.0727539 0.964063 0.0605469 0.966406 0.0561523 0.966406 0.050293 0.964453 0.043457 0.963281 0.0419922
1 0.691016 0.544922 0.689063 0.54834 0.689063 0.550293 0.693359 0.560059 0.696094 0.570312 0.7 0.575195 0.704688 0.578125 0.709766 0.578125 0.710938 0.575684 0.710156 0.568848 0.707422 0.564453 0.701172 0.549805 0.697266 0.544922 0.694531 0.543945
1 0.590625 0.678223 0.590625 0.683105 0.599219 0.692871 0.603125 0.695801 0.608203 0.698242 0.619531 0.701172 0.626953 0.70166 0.627734 0.700684 0.627734 0.695312 0.619141 0.689453 0.604297 0.683594 0.595313 0.677734 0.592187 0.676758
1 0.571094 0.731934 0.571484 0.733887 0.573438 0.735352 0.578906 0.735352 0.601172 0.72998 0.60625 0.726562 0.606641 0.724121 0.604297 0.722168 0.592187 0.717773 0.583594 0.717285 0.571875 0.728516
1 0.614062 0.749023 0.610547 0.745117 0.603125 0.741211 0.595313 0.740723 0.591797 0.741699 0.583594 0.747559 0.578906 0.753906 0.576562 0.760254 0.576172 0.765137 0.578125 0.768555 0.580859 0.769531 0.584766 0.766113 0.587109 0.76123 0.589063 0.759277 0.600391 0.751953 0.603125 0.750977 0.6125 0.751953 0.614062 0.750488
1 0.558984 0.789062 0.556641 0.786621 0.540234 0.788086 0.531641 0.79541 0.523438 0.800293 0.521875 0.802246 0.521875 0.803711 0.525391 0.806641 0.530859 0.807129 0.548438 0.800781 0.557813 0.794922
1 0.514062 0.746582 0.5125 0.749023 0.509375 0.759766 0.508594 0.774414 0.512891 0.789551 0.516797 0.79248 0.520312 0.79248 0.522656 0.791504 0.524219 0.789062 0.522656 0.778809 0.523047 0.764648 0.520703 0.754883 0.517969 0.749512
1 0.528906 0.744141 0.526563 0.748535 0.526563 0.753906 0.532422 0.775879 0.537109 0.78125 0.541406 0.783691 0.545703 0.783691 0.546484 0.782227 0.546484 0.777832 0.543359 0.771973 0.541016 0.762207 0.533203 0.748047 0.530078 0.744141
1 0.565234 0.666504 0.556641 0.666504 0.551953 0.669922 0.546484 0.689941 0.54375 0.695801 0.544141 0.703125 0.548438 0.702637 0.549609 0.701172 0.552344 0.694336 0.560156 0.681641 0.5625 0.674805 0.565625 0.671875
1 0.545312 0.671387 0.541016 0.671387 0.535937 0.677246 0.533984 0.685547 0.533984 0.691406 0.532813 0.696289 0.533203 0.70459 0.535937 0.708008 0.538281 0.708008 0.540625 0.705566 0.540234 0.700684
1 0.473828 0.649902 0.470703 0.65332 0.467187 0.662109 0.467187 0.67334 0.470703 0.679199 0.478516 0.687012 0.482031 0.688965 0.485938 0.688965 0.487891 0.687012 0.487891 0.681152 0.485938 0.676758 0.476562 0.662598 0.475391 0.650879
1 0.419531 0.695312 0.419922 0.697266 0.423828 0.698242 0.432031 0.697754 0.435547 0.69873 0.453906 0.699219 0.455078 0.697266 0.454688 0.694824 0.451172 0.69043 0.4375 0.682129 0.433984 0.682129 0.430078 0.684082
1 0.463672 0.571777 0.4625 0.571777 0.461328 0.57373 0.460547 0.584473 0.454688 0.600098 0.454688 0.603027 0.455469 0.603516 0.465625 0.600586 0.470703 0.59668 0.473438 0.592285 0.473438 0.586914 0.471875 0.583008
1 0.48332 0.58623 0.486992 0.597852 0.496484 0.604492 0.510938 0.61084 0.517578 0.610352 0.519922 0.608398 0.51875 0.603516 0.510547 0.596191 0.50625 0.596191 0.498828 0.589844 0.48957 0.582471 0.483437 0.579639
2 0.537891 0.402344 0.535156 0.400391 0.532422 0.400391 0.528906 0.402832 0.523828 0.403809 0.519531 0.40625 0.509375 0.408203 0.50625 0.412598 0.50625 0.417969 0.508984 0.420898 0.515625 0.422852 0.521875 0.422363 0.526172 0.42041 0.533984 0.413574 0.537109 0.406738
2 0.431641 0.373535 0.427344 0.373535 0.414062 0.384277 0.409766 0.401855 0.409766 0.403809 0.410938 0.405273 0.412891 0.405762 0.420312 0.39502 0.429688 0.388184 0.432812 0.380859 0.432812 0.376465
1 0.440625 0.377441 0.438281 0.376953 0.435547 0.378418 0.432422 0.376465 0.43125 0.377441 0.428906 0.38916 0.425 0.393555 0.423828 0.398926 0.419922 0.403809 0.419141 0.407715 0.416406 0.412109 0.416406 0.413574 0.421094 0.414062 0.423438 0.413086 0.43125 0.402344 0.436328 0.386719 0.440234 0.381348
1 0.378125 0.397461 0.378516 0.401367 0.380078 0.404785 0.3875 0.412109 0.396094 0.41748 0.403906 0.418457 0.407813 0.415039 0.412891 0.413086 0.412891 0.411133 0.408594 0.406738 0.404297 0.407227 0.398047 0.404785 0.389062 0.399902 0.383984 0.395508 0.380078 0.394531
1 0.377734 0.374023 0.377344 0.379395 0.379297 0.389648 0.382812 0.39502 0.390625 0.399414 0.399609 0.401855 0.403906 0.401855 0.405078 0.400391 0.405078 0.396973 0.401172 0.390625 0.396484 0.386719 0.387109 0.381348 0.381641 0.37207 0.379688 0.37207
2 0.645703 0.914551 0.646094 0.918945 0.647266 0.921387 0.653906 0.923828 0.663281 0.92334 0.666406 0.920898 0.667188 0.917969 0.667188 0.913086 0.665625 0.90918 0.662891 0.907715 0.65 0.905762 0.647656 0.908691
1 0 0.0810547 0 0.103027 0.00117187 0.103027 0.00390625 0.108398 0.0132812 0.118652 0.0167969 0.120605 0.0183594 0.120117 0.0175781 0.109863 0.0140625 0.101562 0.009375 0.09375 0.00664062 0.0854492 0.00234375 0.081543
1 0.078125 0.074707 0.0777344 0.0766602 0.0820312 0.0874023 0.0894531 0.0981445 0.107031 0.111816 0.110937 0.112305 0.112891 0.11084 0.113281 0.108887 0.111719 0.10498 0.100391 0.0908203 0.0878906 0.081543 0.0808594 0.0742188
1 0.121094 0.0307617 0.119531 0.0288086 0.115234 0.027832 0.0992187 0.0292969 0.0929688 0.0327148 0.090625 0.0361328 0.090625 0.0400391 0.0917969 0.0424805 0.110937 0.0439453 0.116797 0.0400391 0.121094 0.0327148
1 0.126172 0.0112305 0.125391 0.012207 0.125781 0.0185547 0.128516 0.0224609 0.132812 0.0322266 0.135937 0.0361328 0.141797 0.0478516 0.14375 0.0478516 0.145313 0.0454102 0.145703 0.0419922 0.143359 0.0253906 0.140234 0.0170898 0.134766 0.0112305 0.132031 0.0102539
1 0.166016 0 0.165625 0.00830078 0.16875 0.0180664 0.16875 0.0209961 0.169531 0.0229492 0.173437 0.0239258 0.175391 0.0214844 0.177344 0.0131836 0.176563 0.00585938 0.174609 0.00195312 0.174609 0
1 0.251172 0.0361328 0.251172 0.0375977 0.255078 0.043457 0.264062 0.0488281 0.269531 0.0507812 0.277734 0.050293 0.287109 0.0419922 0.286719 0.0390625 0.284375 0.0371094 0.276172 0.0361328 0.2625 0.0317383 0.255859 0.0327148
1 0.199219 0.0869141 0.198047 0.090332 0.200391 0.0966797 0.20625 0.105957 0.212109 0.120605 0.217578 0.128418 0.219531 0.129395 0.222656 0.128906 0.224609 0.125488 0.224219 0.121094 0.217578 0.0996094 0.214844 0.0942383 0.209375 0.0888672 0.202344 0.0864258
1 0.126953 0.101074 0.123828 0.10498 0.123047 0.112305 0.124609 0.120605 0.124219 0.134277 0.125781 0.141113 0.128125 0.142578 0.130859 0.140137 0.134766 0.130371 0.135156 0.112793 0.134766 0.109375 0.132422 0.104492
1 0.0539063 0.153809 0.0542969 0.157227 0.0554687 0.15918 0.0589844 0.161133 0.0671875 0.169922 0.075 0.173828 0.0835937 0.180176 0.0875 0.178711 0.0855469 0.167969 0.0699219 0.152832 0.0652344 0.150879 0.059375 0.150879
1 0.111328 0.150391 0.110937 0.153809 0.113281 0.15625 0.11875 0.168457 0.130859 0.184082 0.134766 0.187988 0.139063 0.19043 0.142969 0.19043 0.144922 0.188965 0.145313 0.186523 0.14375 0.182617 0.135547 0.174316 0.130469 0.166504 0.118359 0.155273 0.116016 0.151855
1 0.122266 0.187012 0.121094 0.188965 0.120313 0.195312 0.121094 0.201172 0.122656 0.205078 0.125781 0.208984 0.130469 0.212402 0.135547 0.212402 0.136719 0.211426 0.1375 0.205566 0.134766 0.197754 0.130469 0.190918 0.124609 0.187012
1 0.164453 0.196777 0.161328 0.195801 0.155078 0.20166 0.148438 0.212891 0.141797 0.219238 0.137891 0.225586 0.137891 0.229004 0.139063 0.22998 0.142578 0.22998 0.155078 0.224121 0.159375 0.217285 0.164453 0.20166
1 0.108203 0.201172 0.106641 0.20166 0.105469 0.206055 0.104688 0.21582 0.100781 0.235352 0.100781 0.241211 0.103125 0.244141 0.108203 0.242676 0.1125 0.237793 0.115234 0.227051 0.115234 0.219238 0.112109 0.20752
1 0.034375 0.191406 0.0300781 0.192383 0.03125 0.198242 0.0296875 0.203613 0.0308594 0.20752 0.0265625 0.214844 0.0203125 0.220703 0.0199219 0.223145 0.0214844 0.227051 0.0257812 0.228027 0.0296875 0.227539 0.0378906 0.224121 0.0414062 0.220703 0.0425781 0.217773 0.0421875 0.206055 0.0367188 0.193359
1 0 0.187988 0 0.210449 0.00195312 0.210938 0.0121094 0.225098 0.01875 0.226562 0.0203125 0.224121 0.0199219 0.219727 0.0117188 0.201172 0.00234375 0.188477
1 0 0.182617 0 0.191895 0.0015625 0.191895 0.0046875 0.196289 0.0132812 0.195801 0.0179687 0.196777 0.0199219 0.194336 0.0199219 0.191895 0.0179687 0.188477 0.0140625 0.186523 0.00976562 0.182129 0.00429688 0.181152
1 0.0550781 0 0.0558594 0.00537109 0.0597656 0.0126953 0.0628906 0.0151367 0.0679687 0.0229492 0.0722656 0.0229492 0.0714844 0.0126953 0.0699219 0.00683594 0.0671875 0.00195312 0.0671875 0
1 0.239844 0.149414 0.236719 0.149902 0.235156 0.151367 0.232813 0.15918 0.223438 0.171387 0.216797 0.182129 0.216406 0.184082 0.217188 0.185547 0.221094 0.186035 0.224609 0.18457 0.227734 0.181641 0.233984 0.178223 0.240625 0.170898 0.242578 0.165039 0.242578 0.15918 0.241016 0.150879
1 0.2875 0.125488 0.283594 0.125977 0.279687 0.129883 0.277734 0.137207 0.275 0.141602 0.269922 0.156738 0.269922 0.162598 0.271875 0.167969 0.275781 0.168945 0.279297 0.166992 0.28125 0.164551 0.284375 0.157227 0.287891 0.14502 0.288281 0.133789 0.289453 0.130859 0.289453 0.12793
1 0.339453 0.0922852 0.337109 0.0932617 0.333203 0.103027 0.331641 0.119141 0.329297 0.126953 0.330078 0.134277 0.333203 0.13623 0.3375 0.134766 0.339453 0.131836 0.342969 0.114746 0.34375 0.106445 0.342187 0.09375
1 0.264453 0.228027 0.263281 0.230957 0.264062 0.234375 0.267188 0.238281 0.280078 0.249512 0.284766 0.255371 0.289844 0.266113 0.291406 0.26709 0.293359 0.261719 0.29375 0.254883 0.291797 0.24707 0.288281 0.241211 0.280078 0.232422 0.271484 0.227051 0.266016 0.227051
1 0.350391 0.182129 0.347656 0.180664 0.342187 0.180664 0.338281 0.182129 0.332031 0.187012 0.321094 0.20166 0.315234 0.213379 0.314844 0.21875 0.317578 0.221191 0.322266 0.219727 0.326172 0.212891 0.338672 0.197266 0.340234 0.193848 0.345703 0.1875 0.350391 0.184082
1 0.311328 0.253418 0.309766 0.253906 0.305859 0.259766 0.306641 0.27002 0.30625 0.283203 0.306641 0.286621 0.308594 0.288574 0.310937 0.288574 0.315625 0.277344 0.317188 0.26709
1 0.402734 0.241211 0.401562 0.240234 0.396484 0.240234 0.385156 0.245605 0.375 0.260742 0.369922 0.266602 0.369531 0.271973 0.371484 0.272949 0.376953 0.271973 0.384375 0.26416 0.39375 0.257812 0.397656 0.250488 0.401172 0.246582
1 0.396484 0.03125 0.392188 0.0307617 0.389844 0.0322266 0.383203 0.0463867 0.382812 0.0605469 0.384375 0.0649414 0.387891 0.0678711 0.393359 0.0664062 0.395703 0.0605469 0.398047 0.043457 0.397656 0.0356445
1 0.427734 0.00537109 0.424219 0.00634766 0.423047 0.0078125 0.423828 0.0249023 0.421484 0.0419922 0.421484 0.050293 0.423047 0.0532227 0.424609 0.0532227 0.428125 0.0488281 0.434375 0.0341797 0.433594 0.0224609 0.433984 0.0117188 0.431641 0.00683594
1 0.416016 0.00341797 0.4125 0.00390625 0.409766 0.00585938 0.405859 0.0131836 0.40625 0.0219727 0.409375 0.0283203 0.411719 0.0307617 0.416016 0.0307617 0.417969 0.027832 0.418359 0.0224609 0.417578 0.0161133 0.419141 0.00634766
1 0.549609 0.0219727 0.545312 0.0200195 0.538672 0.0200195 0.529297 0.0234375 0.524609 0.0263672 0.520312 0.0307617 0.520312 0.0366211 0.521094 0.0380859 0.523828 0.0390625 0.533984 0.0380859 0.549219 0.0263672
1 0.556641 0.0893555 0.555859 0.0908203 0.555469 0.11084 0.557422 0.120605 0.560547 0.127441 0.562891 0.130371 0.56875 0.134277 0.573047 0.135254 0.573828 0.133789 0.573828 0.129395 0.567187 0.117676 0.564453 0.103516 0.560156 0.0922852 0.557813 0.0893555
1 0.133984 0.246094 0.133594 0.247559 0.134766 0.250977 0.148828 0.268555 0.157031 0.272461 0.160938 0.271973 0.163281 0.27002 0.164062 0.266113 0.162891 0.263184 0.146875 0.246094 0.144141 0.244629 0.137891 0.244629
1 0.149609 0.271973 0.146484 0.274902 0.143359 0.286133 0.142969 0.29248 0.146484 0.305664 0.149609 0.312012 0.150781 0.312012 0.152734 0.306641 0.154297 0.296875 0.154297 0.276367 0.153125 0.273438
1 0.169531 0.26416 0.164453 0.27002 0.164453 0.273438 0.171875 0.302246 0.173437 0.305176 0.177344 0.306152 0.178906 0.305176 0.180078 0.30127 0.178125 0.283203 0.173047 0.268066
1 0.179297 0.303711 0.180078 0.306641 0.183984 0.309082 0.189062 0.308105 0.217969 0.308594 0.221484 0.306152 0.220703 0.303711 0.214453 0.299316 0.208594 0.296387 0.201172 0.294922 0.19375 0.294922 0.187891 0.297852 0.184375 0.29834 0.18125 0.299805
1 0.208594 0.324707 0.204687 0.321777 0.186719 0.324707 0.184375 0.326172 0.180469 0.331543 0.172266 0.338379 0.171875 0.340332 0.175391 0.342285 0.185156 0.341797 0.191406 0.338379 0.204687 0.333984 0.207813 0.331055
1 0.205859 0.320312 0.205078 0.316895 0.202344 0.313477 0.193359 0.312012 0.188672 0.312012 0.186328 0.313477 0.169531 0.313965 0.167578 0.31543 0.169141 0.319336 0.180859 0.323242 0.203906 0.321777
1 0.0816406 0.344727 0.0722656 0.338379 0.0695313 0.337402 0.0660156 0.337891 0.0507812 0.353516 0.0492187 0.359863 0.0515625 0.361816 0.0535156 0.361816 0.0703125 0.350098 0.0753906 0.348633 0.0816406 0.349121
1 0.0675781 0.369629 0.0621094 0.376465 0.0617188 0.379395 0.0640625 0.387207 0.06875 0.393555 0.0773438 0.397949 0.0808594 0.397949 0.0820312 0.394531 0.0816406 0.39209 0.078125 0.387695 0.0746094 0.380371 0.071875 0.370605 0.0695313 0.369141
1 0.101172 0.364258 0.101172 0.368652 0.102734 0.371094 0.118359 0.37793 0.126953 0.37793 0.131641 0.375977 0.133594 0.373535 0.132031 0.369141 0.126172 0.366211 0.108984 0.361816 0.102734 0.361816
1 0.161328 0.37207 0.160547 0.373047 0.161328 0.382324 0.166406 0.391113 0.170313 0.402344 0.173437 0.407227 0.180859 0.414062 0.189844 0.415039 0.192578 0.413574 0.192578 0.411133 0.190625 0.406738 0.186328 0.402344 0.171484 0.378418 0.167187 0.374023 0.163672 0.37207
1 0.232422 0.371582 0.227734 0.37207 0.225 0.377441 0.222266 0.398438 0.21875 0.407715 0.218359 0.412598 0.220703 0.415039 0.224219 0.414551 0.227344 0.412598 0.233594 0.400391 0.235547 0.391602 0.235547 0.381836 0.233984 0.374023
1 0.326953 0.372559 0.324609 0.372559 0.322266 0.374512 0.319141 0.384766 0.310547 0.396973 0.307031 0.407227 0.307031 0.413086 0.310547 0.413086 0.315625 0.409668 0.322266 0.402344 0.327344 0.394043 0.329688 0.381836 0.329297 0.377441
1 0.197266 0.436035 0.197266 0.437988 0.199219 0.440918 0.205469 0.443848 0.214844 0.452148 0.223828 0.453613 0.228516 0.452637 0.232031 0.447754 0.232031 0.445801 0.229687 0.442871 0.221875 0.438477 0.214453 0.431152 0.208984 0.428223 0.205078 0.428223 0.201172 0.429688
1 0.211719 0.455566 0.210156 0.450684 0.205078 0.445312 0.199609 0.443848 0.192969 0.444824 0.187891 0.447754 0.185547 0.45166 0.184375 0.458008 0.185938 0.462402 0.19375 0.463867 0.2 0.461914 0.208984 0.461914 0.210938 0.459473
1 0.0597656 0.481445 0.0574219 0.486328 0.0574219 0.501465 0.0582031 0.506836 0.0640625 0.516113 0.0679687 0.530273 0.0722656 0.533203 0.0746094 0.530273 0.0746094 0.523926 0.0640625 0.486328 0.0613281 0.481445
1 0.053125 0.490723 0.0519531 0.492188 0.05 0.5 0.0488281 0.51123 0.0515625 0.53125 0.0535156 0.534668 0.05625 0.535645 0.0585938 0.533691 0.059375 0.53125 0.0589844 0.498047 0.0574219 0.493164
1 0.191406 0.524414 0.189453 0.525391 0.188281 0.527832 0.188281 0.532715 0.192578 0.562012 0.192578 0.571289 0.19375 0.575195 0.196094 0.577637 0.197656 0.577637 0.201953 0.568359 0.203516 0.556152 0.199219 0.542969 0.196484 0.52832 0.194141 0.524414
1 0.230469 0.495605 0.230859 0.499512 0.232031 0.500977 0.245703 0.5 0.249609 0.501465 0.256641 0.506836 0.259375 0.507812 0.260156 0.506348 0.260156 0.499512 0.257031 0.491211 0.252344 0.486328 0.246484 0.48584 0.235547 0.489258
1 0.350781 0.47168 0.343359 0.46582 0.338281 0.465332 0.321484 0.476074 0.319922 0.478516 0.315625 0.481445 0.314453 0.486328 0.31875 0.48877 0.326172 0.490723 0.329688 0.48877 0.332813 0.484375 0.337891 0.480957 0.350781 0.476562 0.351562 0.475586
1 0.371875 0.438965 0.369531 0.44043 0.368359 0.446777 0.368359 0.453125 0.370312 0.461914 0.369531 0.478027 0.370312 0.480469 0.372266 0.482422 0.376563 0.484375 0.38125 0.484863 0.383594 0.481445 0.383594 0.471191 0.382031 0.460449 0.377344 0.447266 0.373828 0.439941
1 0.364063 0.558105 0.361719 0.556152 0.340625 0.557617 0.330078 0.5625 0.326172 0.562988 0.325 0.563965 0.325 0.565918 0.327344 0.570312 0.330078 0.571777 0.346094 0.572266 0.354687 0.569336 0.360938 0.563965 0.364063 0.560059
1 0.392578 0.563965 0.387891 0.564453 0.383594 0.566895 0.379297 0.572754 0.378125 0.577637 0.379297 0.58252 0.388281 0.594238 0.390234 0.594238 0.392188 0.592773 0.39375 0.589355 0.39375 0.583008 0.391406 0.575195 0.391406 0.573242 0.393359 0.569824 0.393359 0.564453
1 0.334375 0.622559 0.334766 0.625488 0.336719 0.628418 0.349609 0.638184 0.363281 0.644531 0.366406 0.644531 0.36875 0.64209 0.367578 0.636719 0.358594 0.625977 0.353516 0.622559 0.342969 0.619629 0.337891 0.620117
1 0.316406 0.583984 0.316797 0.588867 0.319141 0.59375 0.321875 0.597168 0.325 0.599121 0.341797 0.599609 0.344922 0.597168 0.345313 0.59375 0.343359 0.591309 0.338672 0.588379 0.322266 0.58252 0.317969 0.58252
1 0.311328 0.580078 0.308984 0.580078 0.306641 0.581543 0.303125 0.589355 0.300391 0.602051 0.295312 0.613281 0.295312 0.617188 0.298047 0.620117 0.302734 0.619629 0.307422 0.615723 0.311719 0.606445 0.314063 0.59668 0.314453 0.59082 0.313672 0.583496
1 0.277344 0.637207 0.274609 0.63623 0.264844 0.64209 0.25625 0.650879 0.252734 0.657227 0.251172 0.664551 0.251953 0.670898 0.253516 0.672852 0.256641 0.67334 0.267969 0.655762 0.276172 0.646484 0.278516 0.64209
1 0.234375 0.624023 0.23125 0.623535 0.229297 0.625488 0.221484 0.643066 0.216016 0.648926 0.215234 0.65332 0.216797 0.658691 0.222656 0.65918 0.225781 0.658203 0.229687 0.653809 0.233203 0.646973 0.236719 0.636719 0.236719 0.627441
1 0.232422 0.587402 0.232031 0.589844 0.233203 0.594238 0.242969 0.605469 0.254688 0.616699 0.258203 0.618652 0.261328 0.618164 0.261719 0.611328 0.260937 0.608398 0.253906 0.597168 0.238281 0.586914 0.235156 0.586426
1 0.212891 0.608398 0.216406 0.61377 0.220703 0.615234 0.226562 0.615234 0.236719 0.618652 0.243359 0.619629 0.245703 0.619141 0.246875 0.617676 0.246875 0.612793 0.246094 0.611328 0.232813 0.603516 0.223828 0.603516 0.221094 0.60498 0.216016 0.605469
1 0.126953 0.570312 0.125391 0.574219 0.132812 0.59375 0.146484 0.609375 0.150391 0.61084 0.151172 0.609863 0.151172 0.606934 0.149609 0.604004 0.149219 0.597656 0.145703 0.587402 0.133984 0.572266 0.13125 0.570312
1 0.0453125 0.580566 0.0441406 0.58252 0.0445313 0.598145 0.0472656 0.609863 0.0519531 0.619141 0.0558594 0.62207 0.0578125 0.62207 0.0597656 0.619629 0.0601563 0.616699 0.0550781 0.592285 0.053125 0.587402 0.0492187 0.581543
1 0.0636719 0.626953 0.0574219 0.625 0.053125 0.625977 0.0484375 0.629395 0.0445313 0.634277 0.04375 0.636719 0.0441406 0.652832 0.0449219 0.656738 0.0480469 0.662598 0.05 0.663086 0.0523438 0.661133 0.0535156 0.657715 0.0554687 0.643066 0.0628906 0.633301 0.0644531 0.628418
1 0.0335937 0.676758 0.03125 0.680664 0.0304687 0.69043 0.0310156 0.694727 0.0317578 0.698193 0.0324219 0.70166 0.0339844 0.703613 0.0351562 0.70752 0.0402344 0.714844 0.0453125 0.719238 0.0484375 0.719238 0.0492187 0.717285 0.0488281 0.710938 0.0425781 0.688965 0.0378906 0.676758 0.0367188 0.675781
1 0.0304687 0.693359 0.0289063 0.693359 0.0253906 0.696289 0.0167969 0.706055 0.0128906 0.713867 0.0113281 0.719727 0.00546875 0.729492 0.0046875 0.733398 0.00546875 0.736328 0.0101563 0.736328 0.0171875 0.731934 0.0226562 0.725586 0.0261719 0.715332 0.0277344 0.706055 0.0316406 0.700195 0.0316406 0.695312
1 0 0.673828 0 0.68457 0.00195312 0.68457 0.00585938 0.687012 0.0105469 0.6875 0.0207031 0.686035 0.0257812 0.684082 0.0277344 0.682129 0.0265625 0.678711 0.0234375 0.67627 0.0175781 0.675781 0.009375 0.672852
1 0.00664062 0.609863 0.0046875 0.609863 0.00234375 0.612305 0 0.612793 0 0.648438 0.00625 0.648438 0.00742187 0.646973 0.00625 0.62207 0.0078125 0.612305
1 0.136719 0.645996 0.137109 0.648438 0.144922 0.65625 0.152344 0.658691 0.169922 0.656738 0.175391 0.652344 0.175 0.649902 0.173047 0.647461 0.141797 0.641602 0.138281 0.641602
1 0.166406 0.666504 0.160156 0.664551 0.153125 0.664551 0.145703 0.667969 0.139063 0.673828 0.133203 0.675293 0.13125 0.677246 0.132812 0.679688 0.135547 0.680664 0.162109 0.674805 0.165234 0.672363
1 0.16875 0.685059 0.167578 0.683105 0.162109 0.679688 0.155469 0.678711 0.149609 0.679199 0.141797 0.683105 0.136328 0.69043 0.135937 0.693848 0.139844 0.694336 0.154297 0.689941 0.166797 0.691406 0.168359 0.689941
1 0.207422 0.681641 0.204297 0.677246 0.198828 0.674805 0.186719 0.676758 0.175391 0.676758 0.172656 0.677734 0.170703 0.680664 0.171094 0.682617 0.175391 0.686523 0.183594 0.689941 0.189062 0.689941 0.199219 0.684082 0.205469 0.683105
1 0.202344 0.701172 0.201172 0.700195 0.192969 0.699219 0.185547 0.699707 0.172656 0.709961 0.169922 0.715332 0.169922 0.721191 0.171875 0.722656 0.174609 0.722656 0.182812 0.715332 0.19375 0.712402 0.200781 0.706055
1 0.222266 0.720703 0.222266 0.725098 0.223828 0.726562 0.240234 0.726074 0.247266 0.727051 0.253906 0.72998 0.255859 0.72998 0.257031 0.727539 0.257031 0.724121 0.252734 0.71582 0.250781 0.713379 0.244922 0.709961 0.240234 0.709473 0.237109 0.710449 0.228125 0.715332
1 0.266406 0.691406 0.267578 0.693359 0.273438 0.694336 0.287891 0.70166 0.291406 0.706055 0.299609 0.712402 0.302734 0.712891 0.304297 0.710449 0.303906 0.70459 0.296484 0.696289 0.291406 0.688477 0.287891 0.686035 0.284375 0.685059 0.275391 0.685547 0.26875 0.688477
1 0.35 0.724121 0.348828 0.723633 0.346875 0.725098 0.342969 0.731445 0.325 0.754395 0.323828 0.758301 0.323828 0.763672 0.325781 0.76709 0.330859 0.766602 0.336719 0.758301 0.342578 0.753418 0.345313 0.749512 0.349609 0.739746 0.350781 0.731934
1 0.189062 0.76709 0.185547 0.76709 0.183984 0.769043 0.176953 0.791992 0.175781 0.79834 0.172656 0.806641 0.173437 0.811035 0.177734 0.810547 0.186719 0.803223 0.190234 0.797363 0.191016 0.793945 0.191797 0.772461 0.190625 0.768066
1 0.0933594 0.758789 0.0945312 0.762207 0.0980469 0.766113 0.115625 0.777344 0.125 0.780273 0.136328 0.78125 0.139453 0.779785 0.139453 0.777832 0.136719 0.774902 0.130469 0.771973 0.119531 0.764648 0.111719 0.761719 0.108203 0.758301 0.100391 0.754395 0.0960938 0.754883
1 0.116016 0.786621 0.115234 0.787598 0.115234 0.793945 0.121094 0.803223 0.135156 0.822266 0.1375 0.82373 0.141406 0.822754 0.142578 0.817383 0.136719 0.800781 0.124219 0.787598 0.120703 0.785645
1 0.0925781 0.827148 0.0902344 0.824707 0.0832031 0.823242 0.0742188 0.82373 0.0675781 0.825684 0.0632812 0.832031 0.0609375 0.84082 0.0609375 0.847656 0.0648438 0.845703 0.0695313 0.838379 0.08125 0.833496 0.0898438 0.831543 0.0917969 0.830078
1 0.075 0.840332 0.075 0.843262 0.0804688 0.849609 0.0910156 0.855469 0.0941406 0.861328 0.0996094 0.861816 0.107031 0.864746 0.110547 0.862793 0.109375 0.856934 0.0972656 0.849609 0.09375 0.846191 0.0875 0.84375 0.0832031 0.840332 0.0757812 0.839355
1 0.0851563 0.86084 0.0851563 0.862793 0.0886719 0.87207 0.0917969 0.876953 0.09375 0.87793 0.107813 0.879395 0.116016 0.875977 0.118359 0.871582 0.116406 0.867676 0.107813 0.864258 0.0996094 0.862793 0.0890625 0.858887 0.0871094 0.858887
1 0.075 0.884766 0.0753906 0.888672 0.0777344 0.891113 0.0878906 0.893555 0.0949219 0.896973 0.105859 0.896973 0.110937 0.895508 0.110937 0.890625 0.104297 0.884277 0.0960938 0.879883 0.0792969 0.879395 0.0769531 0.880859
1 0.0417969 0.904297 0.0398437 0.904297 0.0371094 0.906738 0.034375 0.916504 0.03125 0.94043 0.0316406 0.945801 0.0332031 0.947754 0.0371094 0.947266 0.0417969 0.939941 0.0460938 0.927246 0.0480469 0.916016 0.0476562 0.910156 0.0453125 0.906738
1 0.0914062 0.929688 0.0898438 0.935059 0.0894531 0.945801 0.0882813 0.952148 0.0882813 0.956543 0.0894531 0.960938 0.0945312 0.967285 0.0992187 0.970703 0.106641 0.973145 0.110156 0.972168 0.111328 0.970215 0.110937 0.963867 0.107031 0.959473 0.101172 0.956055 0.0964844 0.950684 0.0945312 0.945312 0.0933594 0.931641 0.0925781 0.929688
1 0.1 0.928223 0.0996094 0.932129 0.101562 0.935547 0.111328 0.937988 0.126562 0.950684 0.13125 0.951172 0.132031 0.950195 0.13125 0.943848 0.121484 0.929688 0.116797 0.924805 0.114844 0.923828 0.106641 0.923828 0.101953 0.925781
1 0.115234 0.955078 0.113672 0.958496 0.114062 0.967773 0.116797 0.974609 0.117188 0.978516 0.121484 0.989746 0.123828 0.991211 0.128906 0.984863 0.129297 0.977051 0.128516 0.972656 0.122266 0.958984 0.119922 0.956055
1 0.0808594 0.949707 0.0792969 0.949707 0.075 0.955078 0.0675781 0.967285 0.0597656 0.988281 0.0609375 0.991211 0.0644531 0.992676 0.0773438 0.972168 0.08125 0.958496 0.0816406 0.953613
1 0.194531 0.930176 0.191797 0.929199 0.185156 0.934082 0.164844 0.941406 0.162891 0.943359 0.162891 0.946289 0.166406 0.95166 0.169922 0.953613 0.175781 0.953125 0.185547 0.949707 0.189453 0.946777 0.193359 0.940918 0.194531 0.937012
1 0.225391 0.895996 0.225391 0.897949 0.226953 0.899414 0.236719 0.898438 0.251953 0.902344 0.255859 0.904785 0.259766 0.904297 0.260937 0.902344 0.260547 0.898926 0.256641 0.893555 0.248438 0.887207 0.244141 0.885254 0.235547 0.888184
1 0.253906 0.834961 0.252734 0.833008 0.249609 0.831543 0.244141 0.831055 0.232422 0.837402 0.227734 0.841797 0.221094 0.851562 0.220312 0.854492 0.220703 0.85791 0.224609 0.858887 0.244531 0.848633 0.248828 0.844238 0.253516 0.841309 0.254688 0.838379
1 0.287891 0.815918 0.282813 0.816895 0.271875 0.833008 0.266797 0.850098 0.267578 0.857422 0.271094 0.858398 0.282422 0.842285 0.287891 0.832031 0.291016 0.82373 0.291016 0.817871
1 0.223047 0.973145 0.224609 0.978027 0.232422 0.985352 0.244531 0.986328 0.253906 0.989258 0.257422 0.98877 0.258594 0.98584 0.258594 0.983398 0.244531 0.972656 0.241016 0.97168 0.233594 0.972656 0.224219 0.970703
1 0.25625 0.96875 0.260156 0.983398 0.262891 0.989746 0.266797 0.995605 0.274609 1 0.291016 1 0.292187 0.998535 0.291797 0.994629 0.290234 0.992676 0.274609 0.97998 0.271094 0.976074 0.266406 0.972656 0.2625 0.97168 0.259375 0.96875
1 0.280469 0.938477 0.278125 0.938477 0.275781 0.941406 0.274219 0.956543 0.268359 0.969727 0.268359 0.974121 0.270703 0.977051 0.275391 0.976074 0.280859 0.972656 0.284766 0.968262 0.285938 0.965332 0.286328 0.958984 0.284766 0.955078 0.283984 0.943848 0.282813 0.94043
1 0.286328 0.949219 0.285156 0.951172 0.285156 0.956055 0.286328 0.959961 0.286328 0.965332 0.287891 0.96875 0.290234 0.98291 0.294141 0.992676 0.296094 0.995605 0.299219 0.99707 0.300391 0.994141 0.300391 0.984863 0.294531 0.955078 0.291016 0.949707
1 0.357422 0.942871 0.351953 0.943359 0.348047 0.950195 0.347266 0.963867 0.347656 0.975098 0.35 0.985352 0.353516 0.989258 0.35625 0.98877 0.358203 0.983887 0.358984 0.944336
1 0.365234 0.94873 0.364453 0.952148 0.365625 0.959473 0.371875 0.969727 0.382422 0.982422 0.385156 0.989258 0.387891 0.991211 0.390234 0.990723 0.391406 0.989258 0.391016 0.983887 0.386328 0.973633 0.385547 0.968262 0.382031 0.959961 0.376953 0.954102 0.369922 0.949707
1 0.399219 0.972656 0.399219 0.975098 0.404297 0.980469 0.420312 0.984375 0.43125 0.983398 0.440625 0.979492 0.440625 0.977539 0.438281 0.973633 0.425781 0.969238 0.411719 0.96875 0.401172 0.969727
1 0.499219 0.930176 0.496484 0.929688 0.494531 0.930664 0.485547 0.939453 0.472656 0.947754 0.46875 0.949219 0.467969 0.951172 0.471484 0.956055 0.475 0.958984 0.479687 0.959473 0.484375 0.957031 0.4875 0.953613 0.498828 0.935547
1 0.318359 0.872559 0.322266 0.874023 0.330078 0.868652 0.336328 0.866211 0.344531 0.864258 0.353516 0.86377 0.355469 0.861816 0.355078 0.857422 0.349219 0.853516 0.339062 0.850098 0.331641 0.850586 0.324219 0.855957 0.320312 0.864258
1 0.397656 0.833008 0.396094 0.831543 0.391016 0.83252 0.378125 0.831543 0.360547 0.837402 0.358594 0.843262 0.360547 0.847168 0.364453 0.849121 0.369531 0.850098 0.385156 0.849609 0.389062 0.847656 0.396484 0.838379
1 0.444531 0.859863 0.442969 0.859863 0.437891 0.864258 0.434766 0.870605 0.433203 0.876465 0.432812 0.888672 0.433984 0.902344 0.435937 0.909668 0.438672 0.915039 0.440625 0.914062 0.444141 0.90625 0.445312 0.901367 0.445312 0.888672 0.442578 0.876465 0.442578 0.871582 0.445312 0.867188 0.445312 0.861328
1 0.444531 0.85791 0.44375 0.861816 0.444922 0.865723 0.45625 0.881836 0.462891 0.886719 0.471094 0.887207 0.472656 0.88623 0.473047 0.880859 0.471094 0.87793 0.466016 0.874023 0.463672 0.870605 0.459375 0.867676 0.448828 0.856934 0.446094 0.856445
1 0.485156 0.81543 0.483203 0.813477 0.478906 0.81543 0.473828 0.819336 0.462891 0.831055 0.45625 0.841309 0.456641 0.847656 0.458594 0.849121 0.462109 0.848633 0.471484 0.840332 0.483984 0.82373 0.485547 0.818359
1 0.493359 0.805176 0.490234 0.808594 0.491016 0.824219 0.492188 0.827637 0.492188 0.833496 0.490234 0.840332 0.490234 0.843262 0.493359 0.847656 0.494531 0.847656 0.498047 0.842773 0.499219 0.838379 0.502344 0.83252 0.503125 0.822754 0.498437 0.808594 0.496484 0.806152
1 0.525 0.876465 0.521875 0.876465 0.516016 0.879395 0.508203 0.885742 0.496484 0.90625 0.495703 0.910645 0.498047 0.914551 0.501563 0.915527 0.507422 0.909668 0.519141 0.889648 0.525 0.882324
1 0.5375 0.941406 0.533594 0.945312 0.532031 0.950195 0.532031 0.955566 0.537109 0.969727 0.540234 0.974121 0.541797 0.974121 0.544141 0.97168 0.546094 0.96582 0.546875 0.960449 0.546484 0.954102 0.542188 0.947266 0.541016 0.943359
1 0.560547 0.963379 0.555859 0.964355 0.550391 0.973145 0.544141 0.979004 0.542969 0.98291 0.542969 0.989746 0.544531 0.991699 0.551953 0.991699 0.557031 0.985352 0.561328 0.97168 0.561328 0.964355
1 0.577344 0.936523 0.575391 0.937012 0.571094 0.943359 0.569531 0.950195 0.567578 0.966309 0.567578 0.974609 0.56875 0.979004 0.571484 0.981445 0.577344 0.979492 0.580859 0.975098 0.582031 0.969727 0.58125 0.944336 0.580078 0.938965
1 0.495703 0.994141 0.494141 0.991211 0.491406 0.989746 0.482422 0.990723 0.476562 0.993652 0.473047 0.998047 0.473047 1 0.492578 1 0.494531 0.998535
2 0.615625 0.980469 0.612891 0.97998 0.610156 0.981934 0.605078 0.993164 0.604688 0.996094 0.603125 0.998047 0.603125 1 0.614844 1 0.616016 0.998535 0.617578 0.983398
1 0.676562 0.929199 0.672656 0.928223 0.666406 0.932129 0.657422 0.942871 0.645312 0.952637 0.64375 0.95459 0.64375 0.959473 0.645703 0.960938 0.650781 0.960938 0.655469 0.959473 0.660937 0.956055 0.666797 0.949219 0.676562 0.931641
1 0.677344 0.979004 0.676172 0.973633 0.673438 0.970215 0.669922 0.967773 0.665234 0.966309 0.650391 0.968262 0.64375 0.975098 0.642188 0.978027 0.642188 0.980469 0.645703 0.983887 0.652344 0.982422 0.667578 0.98291 0.674609 0.985352 0.676172 0.983398
1 0.676562 0.983887 0.675 0.981934 0.672656 0.981934 0.669922 0.983887 0.664453 0.983398 0.654687 0.98584 0.64375 0.983887 0.635156 0.984375 0.634375 0.98877 0.636719 0.991211 0.645703 0.996582 0.655859 0.996582 0.666016 0.994629 0.670312 0.995117 0.673438 0.994141 0.675391 0.992188 0.676562 0.989746
1 0.729297 0.942871 0.726953 0.944336 0.723437 0.956543 0.715625 0.969238 0.714453 0.979492 0.716016 0.981934 0.717969 0.981934 0.721484 0.978516 0.729688 0.961426 0.732422 0.949219 0.73125 0.944336
1 0.714453 0.929688 0.712109 0.928711 0.708594 0.932129 0.702734 0.935547 0.696875 0.941406 0.689063 0.945312 0.686328 0.949219 0.687891 0.955078 0.691797 0.95752 0.694922 0.95752 0.705078 0.953125 0.713672 0.941406 0.714844 0.936523
1 0.621875 0.89502 0.621875 0.896973 0.623828 0.899902 0.628906 0.901855 0.638672 0.901855 0.644922 0.903809 0.65 0.903809 0.652344 0.902344 0.653125 0.900391 0.653125 0.895508 0.650781 0.891602 0.643359 0.888672 0.634375 0.888184 0.623437 0.891113
1 0.710547 0.880859 0.708203 0.879883 0.701172 0.884766 0.683984 0.89209 0.680859 0.895508 0.680469 0.901855 0.682813 0.904297 0.688281 0.905762 0.702344 0.90332 0.706641 0.898438 0.710156 0.890137 0.710938 0.886719
1 0.724609 0.890625 0.721875 0.887695 0.716797 0.890625 0.703516 0.908691 0.698438 0.910156 0.695312 0.913086 0.694531 0.915039 0.695312 0.917969 0.698438 0.92041 0.704688 0.920898 0.708984 0.92041 0.713672 0.91748 0.726172 0.901367
1 0.745313 0.871094 0.743359 0.870605 0.731641 0.875488 0.724219 0.880859 0.712891 0.891602 0.713281 0.89502 0.716406 0.896484 0.720703 0.893066 0.724609 0.894043 0.740234 0.887207 0.744922 0.881348 0.745703 0.878418
1 0.767578 0.85791 0.764062 0.859375 0.7625 0.862305 0.761719 0.865723 0.762109 0.872559 0.765234 0.892578 0.770703 0.900879 0.773047 0.900879 0.775 0.897949 0.776172 0.887695 0.774609 0.867188 0.773047 0.86084 0.771484 0.858887
1 0.823828 0.857422 0.822656 0.855469 0.818359 0.852539 0.809766 0.855957 0.801562 0.860352 0.798047 0.86377 0.792578 0.866211 0.791406 0.869141 0.791406 0.87207 0.794531 0.874512 0.810937 0.871582 0.820312 0.864258 0.822656 0.861328
1 0.803125 0.798828 0.801562 0.798828 0.799219 0.800781 0.792969 0.8125 0.788672 0.823242 0.785937 0.833008 0.785937 0.839844 0.787109 0.841797 0.797266 0.834961 0.800781 0.829102 0.804688 0.806641 0.804688 0.802734
1 0.826562 0.882324 0.823047 0.879883 0.818359 0.879883 0.814453 0.882324 0.810156 0.882812 0.805078 0.885254 0.803906 0.886719 0.803125 0.891113 0.807031 0.895996 0.814063 0.895508 0.819531 0.892578 0.825781 0.887207
1 0.843359 0.83252 0.838672 0.827148 0.834375 0.824219 0.830469 0.824707 0.826953 0.828125 0.818359 0.833008 0.815625 0.842773 0.816406 0.847168 0.81875 0.848145 0.823438 0.844238 0.828516 0.842285 0.834375 0.838379 0.840625 0.836426
1 0.811719 0.813477 0.813281 0.818359 0.825 0.824707 0.834766 0.825195 0.844922 0.830078 0.853125 0.829102 0.854297 0.827637 0.853906 0.822266 0.85 0.820312 0.845703 0.816406 0.841797 0.814941 0.838672 0.81543 0.833203 0.812988 0.824609 0.8125 0.822656 0.811523 0.817578 0.811523
1 0.813281 0.797852 0.816016 0.804688 0.822266 0.80957 0.837891 0.814453 0.842187 0.814453 0.844531 0.812988 0.844922 0.808594 0.843359 0.806641 0.836719 0.803711 0.828516 0.797363 0.818359 0.794922 0.815234 0.795898
1 0.803516 0.768066 0.803516 0.771973 0.805469 0.775879 0.816797 0.784668 0.822266 0.787598 0.828516 0.788574 0.833984 0.787598 0.838281 0.785156 0.841406 0.779785 0.840625 0.777832 0.807422 0.765625 0.805859 0.765625
1 0.826172 0.748535 0.824219 0.744629 0.820703 0.743164 0.813281 0.743652 0.801953 0.748535 0.79375 0.755859 0.791016 0.765137 0.793359 0.766602 0.800391 0.766113 0.8125 0.757324 0.824609 0.75293 0.826172 0.750488
1 0.778906 0.768555 0.777734 0.76709 0.774609 0.766113 0.771094 0.768066 0.767188 0.768555 0.764062 0.771484 0.755859 0.774414 0.747266 0.78125 0.744141 0.789551 0.746094 0.791504 0.748828 0.791504 0.762109 0.785156 0.771094 0.778809 0.778906 0.77002
1 0.626172 0.80127 0.624609 0.802734 0.623437 0.807129 0.623437 0.81543 0.626172 0.834473 0.629687 0.842773 0.6375 0.850098 0.639844 0.850098 0.641016 0.84668 0.632031 0.806152 0.630078 0.802246
1 0.659375 0.841797 0.653906 0.84082 0.646875 0.845215 0.642188 0.852051 0.640625 0.860352 0.637891 0.866699 0.636719 0.87207 0.636328 0.87793 0.6375 0.881348 0.639062 0.881348 0.642188 0.87793 0.653125 0.860352 0.660156 0.853027 0.661328 0.849609 0.661328 0.846191
1 0.709766 0.832031 0.708594 0.830566 0.705469 0.831055 0.697266 0.835938 0.684375 0.836914 0.670312 0.841309 0.669531 0.842285 0.669922 0.846191 0.671094 0.848145 0.674219 0.849609 0.683594 0.851562 0.689453 0.851074 0.705078 0.842773 0.709766 0.837402
1 0.735938 0.821777 0.733203 0.816895 0.730078 0.815918 0.711719 0.816895 0.709766 0.817871 0.705078 0.82373 0.699609 0.825195 0.697266 0.82666 0.696875 0.828125 0.700781 0.831055 0.708594 0.831543 0.7125 0.82959 0.720703 0.830078 0.727734 0.82666 0.733594 0.826172 0.735938 0.824219
1 0.714453 0.809082 0.713281 0.807129 0.707422 0.807129 0.697656 0.810059 0.691016 0.817871 0.689453 0.82373 0.692578 0.82666 0.697656 0.826172 0.703125 0.82373 0.714063 0.813965
1 0.661328 0.801758 0.661328 0.805176 0.662891 0.807617 0.665625 0.808105 0.670312 0.811035 0.676562 0.8125 0.682031 0.812012 0.691797 0.808594 0.694922 0.806641 0.696875 0.803711 0.696094 0.800781 0.69375 0.79834 0.679297 0.796387 0.666797 0.796387 0.663672 0.797852
1 0.670312 0.764648 0.666016 0.76416 0.661719 0.765625 0.655859 0.774414 0.653906 0.783203 0.650391 0.791992 0.650781 0.79541 0.653516 0.797852 0.657422 0.797852 0.661719 0.795898 0.666797 0.790039 0.671875 0.770508 0.671875 0.767578
1 0.65 0.774414 0.646094 0.774414 0.641016 0.777344 0.630469 0.77832 0.619141 0.781738 0.616797 0.78418 0.616406 0.789062 0.619531 0.791992 0.634375 0.791016 0.641797 0.789062 0.647656 0.785156 0.649219 0.780762
1 0.937109 0.729492 0.936328 0.728516 0.932031 0.728516 0.921094 0.731445 0.899219 0.733398 0.896094 0.73584 0.896094 0.740234 0.900781 0.744141 0.910547 0.746094 0.923047 0.745605 0.928125 0.742676 0.936328 0.734375
1 0.930078 0.833984 0.928516 0.835449 0.928125 0.838867 0.93125 0.85498 0.93125 0.863281 0.932813 0.873535 0.932813 0.884766 0.933984 0.888672 0.935156 0.890137 0.939844 0.88916 0.941406 0.887207 0.942969 0.881836 0.943359 0.859863 0.942578 0.851562 0.936328 0.837402 0.932422 0.833984
1 0.856641 0.681641 0.855078 0.680176 0.850391 0.679199 0.8375 0.679199 0.833203 0.681152 0.818359 0.682617 0.814844 0.685059 0.814844 0.6875 0.816797 0.690918 0.825391 0.695312 0.834375 0.696289 0.841797 0.693848 0.847266 0.689453 0.854688 0.687012 0.85625 0.685547
1 0.857422 0.660645 0.852734 0.65918 0.844922 0.661621 0.834375 0.662598 0.824219 0.666992 0.821094 0.67041 0.821094 0.671875 0.824609 0.674316 0.833984 0.674316 0.837891 0.675781 0.849609 0.67334 0.853516 0.670898 0.855859 0.667969
1 0.760156 0.674805 0.757812 0.677246 0.751563 0.694824 0.750781 0.708496 0.751953 0.714844 0.753906 0.71875 0.759766 0.724121 0.764453 0.725586 0.766016 0.722656 0.763281 0.701172 0.764453 0.677246 0.763281 0.675293
1 0.726562 0.749023 0.727344 0.752441 0.730078 0.755371 0.739062 0.760742 0.74375 0.762207 0.756641 0.763184 0.759375 0.759277 0.765234 0.755859 0.764844 0.75 0.763281 0.748535 0.75 0.749512 0.736719 0.746582 0.731641 0.746582
1 0.700781 0.713379 0.699609 0.715332 0.699219 0.719238 0.699609 0.731445 0.701562 0.741211 0.705469 0.750977 0.710156 0.754883 0.723047 0.755371 0.725 0.754395 0.724609 0.749023 0.717578 0.744629 0.711328 0.734375 0.704688 0.714844 0.701953 0.712891
