1 0.8125 0.0224609 0.814453 0.0244141 0.823047 0.0244141 0.830078 0.0288086 0.839844 0.0302734 0.845703 0.0283203 0.851953 0.0229492 0.855469 0.0180664 0.855469 0.0166016 0.853906 0.0151367 0.849219 0.0166016 0.824609 0.0151367 0.814844 0.0175781 0.8125 0.0205078
1 0.869141 0.0410156 0.864453 0.0410156 0.861719 0.0429688 0.852344 0.0454102 0.843359 0.0537109 0.833984 0.0703125 0.832422 0.0761719 0.833203 0.081543 0.835156 0.0830078 0.838281 0.0830078 0.849609 0.0683594 0.851562 0.0639648 0.855078 0.0600586 0.857031 0.0561523 0.866797 0.0473633
1 0.826562 0.0791016 0.825391 0.0805664 0.824609 0.0869141 0.825391 0.10498 0.827344 0.112305 0.832812 0.122559 0.834766 0.123535 0.836328 0.120117 0.836328 0.114258 0.8375 0.109863 0.8375 0.0991211 0.836328 0.0952148 0.835547 0.0849609 0.833594 0.0805664 0.83125 0.0791016
1 0.88125 0.0751953 0.881641 0.0791016 0.883984 0.0825195 0.891797 0.0859375 0.900781 0.0839844 0.903906 0.0810547 0.904687 0.0771484 0.903906 0.074707 0.896094 0.0717773 0.889844 0.0644531 0.887891 0.0644531 0.885156 0.0664062 0.882812 0.0698242
1 0.792969 0.251465 0.794531 0.255859 0.798047 0.259277 0.803125 0.271973 0.811328 0.285156 0.821484 0.291992 0.826953 0.291992 0.828516 0.291016 0.826953 0.286133 0.821094 0.282227 0.814453 0.271484 0.804297 0.259766 0.801562 0.258301 0.798047 0.251953 0.796094 0.250488 0.79375 0.250488
1 0.889062 0.223633 0.887891 0.224609 0.887109 0.227539 0.887891 0.242676 0.892969 0.252441 0.899219 0.257324 0.901172 0.257324 0.905469 0.252441 0.901563 0.241699 0.89375 0.234863 0.892578 0.226562
1 0.908594 0.250977 0.904687 0.250977 0.898828 0.256836 0.897656 0.261719 0.891406 0.271484 0.8875 0.282715 0.8875 0.291016 0.888281 0.292969 0.891016 0.291504 0.893359 0.284668 0.900781 0.277344 0.904297 0.271973 0.909766 0.257324 0.909766 0.253418
1 0.93125 0.294434 0.921875 0.294434 0.9125 0.299316 0.909766 0.303711 0.903906 0.306152 0.900391 0.310547 0.9 0.316406 0.903906 0.318359 0.908594 0.318359 0.912891 0.316406 0.930078 0.297363 0.932031 0.296387
1 0.894922 0.314453 0.895703 0.321289 0.899219 0.325684 0.902734 0.327148 0.909766 0.333984 0.913281 0.335449 0.928516 0.334473 0.931641 0.331543 0.939844 0.330566 0.941406 0.326172 0.941406 0.320801 0.939844 0.318848 0.930469 0.320312 0.927344 0.322266 0.908984 0.323242 0.904687 0.318359 0.900781 0.316895 0.898828 0.313477 0.896484 0.312988
1 0.898047 0.349121 0.896484 0.347656 0.891797 0.347168 0.889453 0.348145 0.884375 0.347656 0.873437 0.350586 0.866797 0.354492 0.863281 0.358398 0.861328 0.362305 0.857422 0.361328 0.856641 0.364258 0.873437 0.364258 0.895703 0.356934 0.898438 0.35498
1 0.807422 0.328125 0.805469 0.32959 0.805469 0.345703 0.807422 0.350098 0.807422 0.353027 0.805078 0.357422 0.804297 0.365234 0.805859 0.368652 0.810156 0.366699 0.812109 0.362793 0.816016 0.358398 0.817187 0.354492 0.816016 0.343262 0.814063 0.334473 0.810156 0.32959
1 0.805859 0.344238 0.803906 0.341309 0.798047 0.34082 0.792969 0.338867 0.788281 0.338867 0.775781 0.34668 0.770312 0.353516 0.770312 0.355469 0.783203 0.35498 0.798438 0.348633 0.803906 0.349121 0.805469 0.348145
1 0.755469 0.362305 0.753516 0.365723 0.752344 0.375488 0.752344 0.384277 0.754687 0.394043 0.762891 0.403809 0.766016 0.405273 0.768359 0.408691 0.771875 0.410645 0.773047 0.408203 0.769141 0.401855 0.767188 0.388184 0.765625 0.38623 0.763672 0.379395 0.760938 0.374023 0.760156 0.364258 0.759375 0.362793
1 0.874609 0.415527 0.874219 0.418945 0.878516 0.427246 0.877734 0.429688 0.878516 0.436523 0.883594 0.442871 0.889453 0.444824 0.892188 0.443359 0.899609 0.442871 0.903516 0.439453 0.903906 0.43457 0.902344 0.432129 0.900391 0.431152 0.896094 0.431641 0.891406 0.428223 0.888672 0.427734 0.883203 0.422363 0.882422 0.417969 0.877344 0.414062
1 0.862891 0.456543 0.8625 0.461426 0.864062 0.463379 0.871094 0.467285 0.876563 0.468262 0.885156 0.467285 0.889453 0.46875 0.895312 0.467285 0.896875 0.464355 0.896875 0.461914 0.895312 0.460449 0.886719 0.459473 0.88125 0.455078 0.876563 0.453613 0.868359 0.453125 0.865234 0.454102
1 0.830859 0.400879 0.830859 0.40332 0.835547 0.406738 0.838672 0.412598 0.846484 0.416016 0.850391 0.422363 0.857812 0.429688 0.860938 0.429688 0.862891 0.428223 0.862891 0.421875 0.861328 0.41748 0.853906 0.408203 0.846875 0.402832 0.838281 0.401367 0.833984 0.398438
1 0.837109 0.416016 0.836328 0.41748 0.836328 0.421875 0.838281 0.428223 0.838672 0.433105 0.84375 0.435547 0.849609 0.441895 0.855469 0.443848 0.860938 0.447266 0.861719 0.444336 0.861328 0.440918 0.855859 0.434082 0.852344 0.425293 0.849609 0.421875 0.844531 0.419922 0.841016 0.416504
1 0.9 0.478027 0.895703 0.478027 0.894141 0.47998 0.894141 0.485352 0.893359 0.487305 0.886719 0.495117 0.884766 0.499512 0.883984 0.505859 0.880469 0.510254 0.881641 0.515625 0.885898 0.515674 0.888672 0.510254 0.897266 0.500488 0.898047 0.498047 0.900781 0.496094 0.901172 0.47998
1 0.896875 0.475586 0.888672 0.473633 0.885547 0.475098 0.880078 0.474609 0.873437 0.476562 0.869531 0.479492 0.864844 0.485352 0.864062 0.494629 0.862109 0.501465 0.864062 0.503906 0.866016 0.503906 0.86875 0.497559 0.871875 0.493164 0.875391 0.491211 0.883594 0.483398 0.894141 0.482422 0.895703 0.481445 0.897266 0.478027
1 0.878516 0.524414 0.880859 0.527344 0.891797 0.527344 0.896875 0.530762 0.903516 0.531738 0.914844 0.530762 0.924609 0.53125 0.926172 0.529785 0.926172 0.524414 0.923828 0.521973 0.916016 0.522461 0.912109 0.519531 0.904687 0.518066 0.900781 0.515625 0.894531 0.517578 0.889453 0.517578 0.88625 0.516846 0.883203 0.519043
1 0.865625 0.522949 0.864453 0.522949 0.862891 0.527344 0.860156 0.530273 0.85 0.535645 0.846484 0.540039 0.844922 0.543457 0.845313 0.549316 0.85 0.547363 0.861328 0.538574 0.863672 0.532715 0.866016 0.529785
1 0.836719 0.546875 0.836328 0.550781 0.837109 0.553711 0.840625 0.559082 0.844922 0.560547 0.853516 0.570312 0.856641 0.571289 0.861328 0.569824 0.871875 0.570312 0.874219 0.568359 0.873437 0.564941 0.866406 0.562988 0.859766 0.558105 0.857031 0.554199 0.851562 0.55127 0.849609 0.548828 0.845313 0.547852 0.841797 0.54541 0.837891 0.54541
1 0.832422 0.57373 0.834375 0.578613 0.841406 0.581543 0.844141 0.581543 0.851953 0.585449 0.855859 0.590332 0.861328 0.592285 0.864844 0.592285 0.866406 0.589844 0.866406 0.586914 0.864844 0.583008 0.85625 0.572266 0.846094 0.570801 0.833594 0.572266
1 0.930469 0.682129 0.930078 0.687988 0.93125 0.691895 0.935547 0.699707 0.942578 0.706543 0.955469 0.706543 0.963281 0.696289 0.963281 0.691406 0.9625 0.69043 0.959375 0.691406 0.954688 0.694824 0.944531 0.688965 0.935156 0.681152 0.931641 0.680664
1 0.821484 0.841797 0.822656 0.844727 0.826953 0.844727 0.829297 0.843262 0.845313 0.844238 0.857422 0.852539 0.859375 0.851074 0.860156 0.848633 0.859766 0.845703 0.857031 0.841309 0.849609 0.834961 0.843359 0.832031 0.837891 0.831543 0.833594 0.833008
1 0.843359 0.885742 0.840234 0.885254 0.836719 0.886719 0.821484 0.901855 0.814844 0.911621 0.813672 0.915039 0.813281 0.921875 0.809375 0.92627 0.809766 0.929688 0.819141 0.922852 0.823438 0.916992 0.827344 0.913574 0.837891 0.897461 0.844531 0.891602 0.844531 0.888672
1 0.775391 0.935059 0.779297 0.939941 0.786328 0.942383 0.794922 0.942871 0.801953 0.939941 0.809375 0.930664 0.806641 0.928223 0.787891 0.928223 0.776172 0.930664
1 0.785547 0.883301 0.784375 0.880859 0.780469 0.878906 0.770703 0.880371 0.766016 0.883789 0.7625 0.884766 0.758594 0.88916 0.745313 0.899414 0.743359 0.901855 0.742578 0.90625 0.744922 0.908203 0.748828 0.908203 0.752344 0.90625 0.75625 0.906738 0.765234 0.902832 0.76875 0.899414 0.775 0.88916 0.778125 0.887695 0.783984 0.888184 0.785937 0.88623
1 0.779687 0.833008 0.780859 0.836914 0.784375 0.842773 0.787109 0.853027 0.79375 0.864746 0.797656 0.865723 0.810547 0.872559 0.812891 0.871582 0.812109 0.866211 0.807422 0.859375 0.804688 0.85791 0.800391 0.852539 0.798047 0.846191 0.792969 0.84082 0.791016 0.835938 0.789062 0.834961 0.786719 0.831543 0.782422 0.830566
1 0.810547 0.815918 0.805859 0.817871 0.803125 0.820801 0.802344 0.823242 0.802734 0.828613 0.799219 0.84375 0.799219 0.851074 0.802734 0.855957 0.806641 0.853516 0.812109 0.837891 0.815234 0.822266 0.814063 0.818359
1 0.790234 0.788086 0.789844 0.792969 0.791406 0.79834 0.791016 0.803223 0.792188 0.808594 0.798047 0.819824 0.802344 0.82373 0.803516 0.82373 0.80625 0.818848 0.80625 0.813965 0.803516 0.803711 0.800781 0.798828 0.8 0.792969 0.798438 0.791016 0.79375 0.788574
1 0.754687 0.836426 0.752734 0.834473 0.744141 0.835938 0.731641 0.842773 0.720703 0.851074 0.7125 0.850586 0.710547 0.85791 0.712109 0.860352 0.716016 0.85791 0.726172 0.860352 0.733203 0.859375 0.741016 0.852051 0.741406 0.849121 0.746875 0.84375 0.751563 0.844238 0.753516 0.843262 0.754687 0.84082
1 0.738281 0.82373 0.735547 0.823242 0.730859 0.828125 0.728516 0.83252 0.724219 0.833008 0.716406 0.836426 0.710938 0.842773 0.705469 0.847168 0.704297 0.851562 0.705078 0.855469 0.708594 0.855957 0.712109 0.850098 0.717578 0.852051 0.732422 0.84082 0.735547 0.839844 0.736719 0.838379 0.737109 0.833496 0.739453 0.828125
1 0.70625 0.829102 0.704297 0.82959 0.692578 0.845703 0.689063 0.854492 0.688672 0.874023 0.690234 0.882812 0.692969 0.885742 0.694141 0.885742 0.696484 0.882812 0.694922 0.876953 0.696094 0.866699 0.700781 0.85498 0.702734 0.844727 0.705859 0.840332 0.708594 0.833008 0.708203 0.830566
1 0.708594 0.85791 0.704688 0.86084 0.700781 0.871582 0.7 0.880859 0.696484 0.890625 0.696484 0.897949 0.697266 0.899414 0.701953 0.897949 0.705469 0.893555 0.709375 0.882812 0.710547 0.862305 0.709766 0.858887
1 0.745703 0.985352 0.744922 0.98877 0.748437 1 0.759766 1 0.759375 0.997559 0.756641 0.993164 0.748828 0.984375 0.747266 0.983887
1 0.729688 0.988281 0.726953 0.985352 0.720313 0.98291 0.710938 0.983398 0.704688 0.987305 0.695312 0.999023 0.695703 1 0.7125 1 0.722266 0.993164 0.728906 0.990234
1 0.679297 0.938965 0.680859 0.945312 0.684375 0.951172 0.690625 0.955078 0.692578 0.958984 0.699609 0.966309 0.716016 0.976074 0.717969 0.975098 0.713672 0.964355 0.709375 0.959961 0.705859 0.954102 0.7 0.951172 0.692187 0.943359 0.683984 0.940918 0.682031 0.937988
1 0.629297 0.940918 0.629297 0.945801 0.630078 0.947266 0.639844 0.955566 0.649609 0.956543 0.654687 0.956055 0.658594 0.954102 0.659375 0.943848 0.655469 0.939453 0.65 0.937988 0.640234 0.937988 0.634766 0.939941 0.630469 0.939453
1 0.625 0.924316 0.622656 0.922363 0.619141 0.923828 0.614844 0.931152 0.608594 0.934082 0.601172 0.939453 0.596875 0.945801 0.601562 0.94873 0.606641 0.950195 0.612109 0.950195 0.616016 0.948242 0.621094 0.942383 0.623828 0.935547 0.625391 0.927246
1 0.587109 0.935059 0.584375 0.938965 0.582812 0.950684 0.582812 0.960938 0.583594 0.964355 0.585156 0.966309 0.590625 0.969727 0.592187 0.969727 0.594922 0.964355 0.595313 0.949219 0.592187 0.939941 0.589063 0.935547
1 0.833594 0.438965 0.832812 0.439941 0.832812 0.443359 0.840234 0.455566 0.841797 0.460938 0.847266 0.464844 0.851172 0.472168 0.852734 0.473145 0.856641 0.472168 0.852734 0.45752 0.846875 0.447754 0.838672 0.44043
1 0.817187 0.446289 0.817187 0.448242 0.819141 0.45166 0.824609 0.45459 0.828516 0.458984 0.830469 0.464844 0.834375 0.46875 0.836719 0.473145 0.843359 0.476562 0.846875 0.475586 0.847266 0.470215 0.844531 0.466797 0.842187 0.459473 0.8375 0.45166 0.83125 0.446289 0.826953 0.446289 0.823438 0.444824 0.81875 0.444824
1 0.797656 0.469727 0.798047 0.473145 0.802344 0.480957 0.808594 0.487793 0.814844 0.491211 0.822656 0.491211 0.830078 0.487793 0.832422 0.485352 0.832812 0.480469 0.829688 0.477539 0.806641 0.473633 0.804297 0.471191 0.802344 0.466309 0.799219 0.467285
1 0.7875 0.436035 0.784375 0.441406 0.784375 0.447754 0.786719 0.455078 0.791797 0.462402 0.794531 0.464355 0.803906 0.463867 0.805078 0.462402 0.805078 0.460449 0.8 0.453613 0.797656 0.447754 0.793359 0.441895 0.792188 0.436035 0.791406 0.435059
1 0.794141 0.473633 0.792969 0.477539 0.794531 0.487793 0.801562 0.504395 0.804688 0.506836 0.806641 0.510254 0.810547 0.513184 0.817578 0.516113 0.822266 0.515625 0.821875 0.509766 0.819531 0.507812 0.815234 0.5 0.810937 0.494629 0.802344 0.48877 0.799219 0.485352 0.797266 0.481934 0.795703 0.474121
1 0.845703 0.589355 0.844922 0.589355 0.841797 0.597656 0.840625 0.605957 0.8375 0.615723 0.837891 0.623535 0.837109 0.628418 0.838672 0.630859 0.842187 0.631348 0.844141 0.628906 0.844531 0.623535 0.846875 0.620605 0.850781 0.608887 0.85 0.598145
1 0.853125 0.600098 0.851172 0.602539 0.850781 0.612793 0.847656 0.621582 0.847656 0.629883 0.849609 0.633301 0.853125 0.631836 0.857812 0.61377 0.855469 0.604004
1 0.880859 0.606934 0.879687 0.61084 0.879687 0.620117 0.880859 0.628418 0.883203 0.632812 0.885938 0.635254 0.891797 0.637695 0.895703 0.636719 0.898047 0.633301 0.897266 0.628906 0.891016 0.626465 0.889453 0.624512 0.886719 0.617676 0.886328 0.611328 0.884375 0.608887
1 0.871875 0.591797 0.872656 0.603516 0.871094 0.605469 0.867188 0.606934 0.864453 0.609375 0.864453 0.614746 0.865625 0.615723 0.875 0.616211 0.877734 0.614258 0.88125 0.614746 0.883984 0.613281 0.885547 0.609375 0.884375 0.603516 0.880078 0.597656 0.875781 0.594727 0.873828 0.591797
1 0.700781 0.916504 0.699219 0.919434 0.699219 0.922852 0.703906 0.934082 0.70625 0.943848 0.710156 0.950195 0.710547 0.955566 0.713672 0.95752 0.716016 0.955078 0.714063 0.935059 0.707812 0.924805 0.705859 0.917969 0.704688 0.916504
1 0.689453 0.920898 0.688281 0.92334 0.689063 0.930664 0.695312 0.940918 0.698047 0.942871 0.701562 0.943359 0.704688 0.946777 0.707812 0.945801 0.708203 0.943848 0.70625 0.935059 0.704297 0.930176 0.701172 0.927734 0.698047 0.92334 0.693359 0.92041
1 0.671094 0.905273 0.672266 0.908203 0.676953 0.908691 0.679297 0.910156 0.683984 0.915527 0.689336 0.91748 0.700391 0.916504 0.705469 0.916504 0.705469 0.915039 0.703125 0.913086 0.701562 0.90918 0.694141 0.904785 0.685937 0.902344 0.674219 0.900879 0.672266 0.901855
1 0.674609 0.916504 0.673047 0.916992 0.672266 0.920898 0.666406 0.929199 0.663281 0.94043 0.664453 0.956055 0.666406 0.959961 0.669531 0.959961 0.670703 0.958496 0.671875 0.944824 0.677344 0.931641 0.677344 0.921875
1 0.674219 0.910645 0.673438 0.909668 0.670312 0.910156 0.658203 0.918945 0.653906 0.919922 0.641797 0.928223 0.637109 0.929688 0.636719 0.931641 0.641406 0.934082 0.655078 0.93457 0.658984 0.933105 0.6625 0.930664 0.667578 0.924316 0.671875 0.921387 0.674609 0.915527
1 0.498828 0.881348 0.492969 0.884766 0.489453 0.89209 0.488672 0.908691 0.489453 0.92334 0.490625 0.927246 0.49375 0.927246 0.498047 0.919922 0.499219 0.896484 0.501563 0.888184 0.501563 0.883301
1 0.447266 0.914062 0.446484 0.916992 0.448828 0.921387 0.450781 0.930176 0.459375 0.950195 0.4625 0.953125 0.466797 0.952148 0.468359 0.949707 0.467578 0.9375 0.460547 0.920898 0.453125 0.914551
1 0.471875 0.949707 0.470703 0.952637 0.471094 0.955566 0.477734 0.960449 0.480469 0.967285 0.482422 0.976562 0.485938 0.982422 0.491406 0.980469 0.491016 0.96875 0.486719 0.955566 0.48125 0.952637 0.477734 0.949219 0.473828 0.94873
1 0.463281 0.954102 0.458984 0.954102 0.457422 0.961914 0.453906 0.96875 0.453125 0.980957 0.454297 0.989746 0.458594 0.996094 0.460938 0.993652 0.4625 0.986816 0.462891 0.972656 0.461719 0.962891 0.464062 0.956543
1 0.491016 0.983887 0.491016 0.989258 0.492578 0.995117 0.495312 1 0.507812 1 0.507812 0.998047 0.506641 0.996582 0.499219 0.992188 0.49375 0.982422
1 0.486328 0.982422 0.482422 0.97998 0.477344 0.98291 0.469531 0.992676 0.467187 0.993652 0.469531 0.999512 0.475781 1 0.481641 0.991699 0.485938 0.988281
1 0.471484 0.980957 0.469922 0.981445 0.468359 0.98877 0.4625 0.992188 0.458984 0.998047 0.458984 1 0.46875 1 0.473047 0.985352 0.473047 0.983398
1 0.4 0.914062 0.399219 0.915527 0.399219 0.935547 0.397656 0.942871 0.398828 0.955566 0.400391 0.961426 0.407422 0.974121 0.409766 0.974121 0.411719 0.973145 0.412891 0.970703 0.413281 0.964844 0.411328 0.956055 0.408984 0.934082 0.40625 0.924316 0.402734 0.918945 0.401953 0.915527
1 0.296875 0.988281 0.297266 0.991699 0.3 0.994141 0.303906 0.994141 0.307031 0.992676 0.315234 0.995117 0.326172 0.996094 0.328906 0.997559 0.330859 0.997559 0.332031 0.995117 0.329688 0.98877 0.325781 0.984863 0.316016 0.980957 0.302734 0.982422 0.299609 0.984375
1 0.309766 0.938477 0.308594 0.94043 0.308203 0.945801 0.310547 0.953613 0.310547 0.958008 0.308984 0.964355 0.307031 0.980469 0.314063 0.980957 0.315625 0.979004 0.317969 0.967773 0.317969 0.953125 0.315234 0.943359 0.311328 0.938477
1 0.301563 0.945312 0.298828 0.941406 0.285938 0.939941 0.269141 0.949219 0.26875 0.952148 0.270313 0.95459 0.272266 0.955078 0.275 0.953613 0.279687 0.953613 0.290625 0.950195 0.299219 0.950195 0.301172 0.947754
1 0.299609 0.942383 0.297656 0.942383 0.296484 0.943848 0.292187 0.956543 0.2875 0.965332 0.286719 0.971191 0.287891 0.975586 0.290625 0.976074 0.292187 0.974609 0.295312 0.966797 0.301172 0.95752 0.302344 0.949219 0.301563 0.945312
1 0.239453 0.889648 0.238281 0.891113 0.238281 0.901367 0.239453 0.904785 0.242578 0.907715 0.245312 0.915039 0.247656 0.924805 0.247656 0.93457 0.248438 0.9375 0.251953 0.935547 0.252734 0.924805 0.255859 0.916016 0.255859 0.90625 0.252734 0.900391 0.248047 0.897949 0.244141 0.891602
1 0.217578 0.876953 0.215625 0.880859 0.216016 0.885742 0.221875 0.894043 0.224219 0.90332 0.229687 0.911133 0.236719 0.913574 0.239063 0.907227 0.239453 0.895996 0.234375 0.886719 0.228516 0.881348 0.224609 0.879883 0.221094 0.875977
1 0.212891 0.937988 0.208203 0.937988 0.201953 0.941895 0.19375 0.944824 0.177344 0.965332 0.175781 0.969238 0.175781 0.974121 0.177344 0.978516 0.178516 0.979004 0.183203 0.976074 0.187109 0.975098 0.191406 0.97168 0.196094 0.96582 0.199609 0.958496 0.2125 0.943848 0.214062 0.940918
1 0.720703 0.636719 0.716016 0.635254 0.698438 0.641113 0.695703 0.643066 0.69375 0.647949 0.696875 0.652832 0.706641 0.652832 0.714844 0.647949 0.719531 0.64209
1 0.680469 0.647949 0.679688 0.650391 0.680078 0.652832 0.692187 0.667969 0.696484 0.669434 0.698047 0.668945 0.698047 0.661621 0.690234 0.647949 0.686328 0.646484
1 0.616797 0.636719 0.612109 0.634766 0.607812 0.634766 0.602734 0.637207 0.598828 0.64209 0.596875 0.646484 0.597656 0.650391 0.598828 0.651367 0.602734 0.650879 0.615625 0.64502 0.617578 0.643066
1 0.69375 0.591309 0.6875 0.599609 0.686328 0.603516 0.686328 0.61377 0.6875 0.618652 0.692578 0.628418 0.696484 0.628418 0.698047 0.627441 0.699609 0.616699 0.695703 0.600586 0.696484 0.592773
1 0.687109 0.578613 0.694922 0.58252 0.696875 0.585449 0.701172 0.587891 0.704688 0.588867 0.712891 0.588379 0.712891 0.587402 0.709375 0.584473 0.707422 0.579102 0.699609 0.571289 0.696875 0.570312 0.692969 0.570801 0.688281 0.574219
1 0.732812 0.542969 0.728516 0.539062 0.723828 0.539062 0.716797 0.543945 0.7125 0.550293 0.708594 0.553711 0.707812 0.5625 0.708203 0.570312 0.708984 0.571289 0.713281 0.570801 0.718359 0.56543 0.726562 0.560547 0.729297 0.557617 0.733203 0.549316 0.733594 0.544922
1 0.693359 0.46582 0.692578 0.466797 0.692969 0.470703 0.694922 0.474609 0.697266 0.485352 0.7 0.491211 0.705859 0.49707 0.716797 0.504395 0.719922 0.503906 0.720313 0.500977 0.718359 0.498047 0.713672 0.48584 0.710156 0.482422 0.708984 0.479492 0.7 0.473145
1 0.716406 0.42627 0.7125 0.425293 0.708984 0.425781 0.696875 0.435547 0.692969 0.445801 0.693359 0.453613 0.697656 0.453613 0.705859 0.445801 0.714453 0.433105 0.716406 0.428711
1 0.676953 0.462891 0.675781 0.464844 0.675781 0.467773 0.682813 0.482422 0.689453 0.490723 0.695312 0.490723 0.695703 0.489746 0.693359 0.481934 0.686328 0.473633 0.680859 0.465332
1 0.670312 0.478516 0.669141 0.47998 0.670312 0.490723 0.674609 0.49707 0.678125 0.499023 0.679688 0.49707 0.679688 0.493652 0.677734 0.484863 0.677734 0.480957 0.673828 0.478027
1 0.661719 0.488281 0.658984 0.491211 0.657813 0.506348 0.661719 0.517578 0.664453 0.520508 0.668359 0.520508 0.669922 0.519043 0.670312 0.505859 0.669531 0.500488 0.666797 0.491211 0.664062 0.48877
1 0.644922 0.507324 0.644141 0.510254 0.645312 0.51416 0.646875 0.516113 0.649219 0.516113 0.651172 0.520996 0.657813 0.52832 0.661719 0.525879 0.663281 0.519531 0.656641 0.509277 0.650781 0.505859 0.646484 0.505859
1 0.616016 0.538574 0.616016 0.541016 0.618359 0.543457 0.627344 0.54834 0.634766 0.547363 0.637109 0.544434 0.637109 0.540039 0.635938 0.538086 0.624609 0.53418 0.618359 0.534668
1 0.625391 0.52002 0.625781 0.524414 0.63125 0.52832 0.637891 0.530762 0.647266 0.53125 0.65 0.529297 0.65 0.520508 0.646875 0.516602 0.642578 0.517578 0.639453 0.51416 0.632422 0.513672 0.627344 0.516602
1 0.606641 0.535156 0.605859 0.53418 0.602734 0.53418 0.599219 0.537109 0.588672 0.540039 0.579297 0.549805 0.579297 0.554688 0.583984 0.553711 0.5875 0.555664 0.590625 0.555664 0.596484 0.552734 0.600391 0.548828 0.601953 0.543945 0.605469 0.540527
1 0.59375 0.55957 0.592187 0.557617 0.587891 0.559082 0.574609 0.559082 0.566406 0.563965 0.565625 0.568848 0.567578 0.571777 0.571484 0.57373 0.580469 0.574707 0.587891 0.569824 0.590625 0.565918 0.59375 0.563965
1 0.504297 0.622559 0.502734 0.620605 0.500781 0.620117 0.490625 0.623047 0.483594 0.629395 0.478516 0.632324 0.475781 0.63623 0.475781 0.638184 0.477734 0.640137 0.480469 0.640137 0.492969 0.637207 0.498828 0.633301 0.504297 0.62793
1 0.49375 0.597168 0.489453 0.59375 0.480469 0.592285 0.469922 0.594238 0.466406 0.597168 0.466406 0.599609 0.468359 0.603027 0.475 0.60791 0.479687 0.608398 0.490234 0.602539 0.49375 0.599121
1 0.376563 0.692383 0.376172 0.695801 0.376953 0.696777 0.383203 0.699219 0.396094 0.708984 0.4 0.710938 0.403906 0.711426 0.407422 0.708496 0.407813 0.70459 0.406641 0.702148 0.397266 0.694336 0.392188 0.692383 0.378125 0.690918
1 0.494922 0.226562 0.49375 0.226562 0.483984 0.23584 0.480078 0.241211 0.478516 0.245605 0.477734 0.251953 0.478516 0.261719 0.485547 0.270996 0.487109 0.270996 0.4875 0.260742 0.491016 0.248535 0.491797 0.242188 0.496094 0.236328 0.496094 0.22998
1 0.385156 0.276855 0.383594 0.276855 0.381641 0.279297 0.376563 0.295898 0.375 0.305176 0.375 0.311523 0.376953 0.315918 0.38125 0.314941 0.385937 0.308105 0.387109 0.304688 0.388281 0.296387 0.388281 0.280762
1 0.346875 0.299316 0.344922 0.303223 0.344922 0.30957 0.347266 0.315918 0.352734 0.321777 0.357422 0.324707 0.3625 0.325195 0.364453 0.324219 0.366016 0.321289 0.366016 0.318848 0.3625 0.313477 0.354687 0.305176 0.351172 0.298828 0.348438 0.29834
1 0.317578 0.263672 0.313672 0.263184 0.312109 0.264648 0.301563 0.280762 0.298438 0.296387 0.302344 0.304199 0.303516 0.304199 0.307812 0.298828 0.311719 0.287598 0.315625 0.28125 0.317969 0.272949 0.318359 0.265625
1 0.339844 0.328613 0.340234 0.33252 0.346094 0.339844 0.356641 0.345703 0.363281 0.345703 0.367188 0.344238 0.366016 0.338867 0.357812 0.327637 0.351953 0.32666 0.346094 0.32373 0.341797 0.32373
1 0.336719 0.330566 0.335547 0.329102 0.333203 0.328613 0.325391 0.331543 0.322266 0.334961 0.321094 0.337891 0.321094 0.344727 0.322656 0.346191 0.326172 0.345215 0.334375 0.338867 0.336719 0.335449
1 0.353125 0.353027 0.35 0.351074 0.344531 0.351074 0.340234 0.353027 0.335547 0.356934 0.33125 0.363281 0.331641 0.368164 0.333203 0.369629 0.335156 0.369629 0.347656 0.361328 0.353125 0.35498
1 0.369141 0.368652 0.365234 0.369629 0.361719 0.373535 0.358594 0.378418 0.355859 0.387695 0.355859 0.393066 0.357031 0.396484 0.364844 0.407227 0.366016 0.407227 0.366797 0.405273 0.366016 0.393555 0.369141 0.374512
1 0.270703 0.315918 0.270313 0.320801 0.271484 0.322266 0.282813 0.330078 0.285547 0.335449 0.294922 0.344238 0.298438 0.342285 0.299219 0.339844 0.297266 0.334961 0.288281 0.32373 0.282813 0.318848 0.274219 0.316895 0.272266 0.31543
1 0.364453 0.425781 0.361719 0.428711 0.360547 0.431641 0.359766 0.443848 0.361328 0.452637 0.364844 0.458008 0.366016 0.458008 0.36875 0.455078 0.369141 0.449707 0.367969 0.431152 0.366406 0.42627
1 0.198437 0.265625 0.200781 0.271973 0.205469 0.272461 0.208203 0.275391 0.214062 0.27832 0.217188 0.28125 0.230469 0.282715 0.232031 0.281738 0.238672 0.281738 0.240625 0.280273 0.239844 0.276367 0.236719 0.273438 0.232813 0.273438 0.23125 0.271484 0.223438 0.269043 0.220703 0.266602 0.213672 0.263672 0.202734 0.263184
1 0.103516 0.254395 0.105859 0.257324 0.13125 0.254883 0.142187 0.251953 0.147266 0.248047 0.147656 0.245117 0.146484 0.243652 0.138281 0.244629 0.135156 0.242676 0.124609 0.239746 0.117578 0.240234 0.114453 0.241699 0.110937 0.245605 0.107031 0.24707 0.103906 0.250488
1 0.299609 0.129883 0.296875 0.129395 0.289844 0.131348 0.286328 0.133301 0.282422 0.137695 0.278516 0.139648 0.274609 0.144043 0.269531 0.155273 0.265234 0.159668 0.264062 0.162109 0.264062 0.165039 0.266406 0.16748 0.26875 0.16748 0.271875 0.166016 0.274609 0.162109 0.278906 0.15918 0.289453 0.147949 0.294922 0.136719 0.299609 0.134277
1 0.194531 0.0351562 0.194922 0.0375977 0.201172 0.0424805 0.208594 0.0454102 0.214062 0.0458984 0.228516 0.043457 0.232422 0.0410156 0.235547 0.0371094 0.235156 0.0341797 0.232422 0.0317383 0.226172 0.0317383 0.223828 0.0327148 0.2125 0.03125 0.201563 0.0317383 0.196484 0.0332031
1 0.246094 0.00732422 0.248828 0.00927734 0.2625 0.00830078 0.268359 0.00488281 0.269922 0.00292969 0.270313 0 0.246484 0
1 0.110547 0.0117188 0.108203 0.0161133 0.108203 0.0180664 0.113281 0.0234375 0.116797 0.0327148 0.11875 0.0439453 0.122266 0.0551758 0.121094 0.0615234 0.123047 0.0634766 0.124609 0.0615234 0.125 0.0566406 0.126953 0.0537109 0.128516 0.0454102 0.127734 0.027832 0.121484 0.0161133 0.114844 0.0112305
1 0.0882813 0.0195312 0.084375 0.0195312 0.0832031 0.0205078 0.0796875 0.0322266 0.0808594 0.0527344 0.0832031 0.0556641 0.0847656 0.0551758 0.0867187 0.0522461 0.0875 0.0458984 0.0933594 0.0288086 0.0933594 0.0258789
1 0.0742188 0 0.0742188 0.00244141 0.0800781 0.00732422 0.0824219 0.012207 0.0878906 0.0180664 0.0910156 0.0239258 0.0949219 0.0258789 0.102734 0.0327148 0.107031 0.034668 0.111328 0.0341797 0.114844 0.0317383 0.114453 0.0268555 0.112109 0.0219727 0.110937 0.0209961 0.107031 0.0209961 0.105469 0.0185547 0.103906 0.012207 0.101562 0.00830078 0.0964844 0.00390625 0.09375 0.00292969 0.0925781 0
1 0.0808594 0.157227 0.0753906 0.157715 0.0695313 0.161621 0.0609375 0.172363 0.0597656 0.179688 0.0597656 0.1875 0.0609375 0.191895 0.059375 0.196777 0.0597656 0.203125 0.0621094 0.202637 0.065625 0.19873 0.0671875 0.189453 0.0730469 0.174316 0.0777344 0.166992 0.0820312 0.164062 0.0820312 0.158691
1 0.0324219 0.228027 0.0363281 0.229492 0.040625 0.228516 0.0582031 0.229492 0.0628906 0.228027 0.0726563 0.228027 0.078125 0.225586 0.0804688 0.222168 0.0769531 0.220215 0.0644531 0.220703 0.0609375 0.217285 0.053125 0.216309 0.034375 0.221191 0.0328125 0.223633
1 0.0738281 0.23584 0.0722656 0.233398 0.0691406 0.231445 0.0636719 0.230469 0.0605469 0.232422 0.0550781 0.232422 0.05 0.233887 0.0441406 0.237305 0.0414062 0.242676 0.0429688 0.246094 0.0488281 0.248047 0.0570312 0.247559 0.0628906 0.243652 0.0722656 0.241211 0.0738281 0.238281
1 0.0253906 0.246582 0.0257812 0.252441 0.0371094 0.262207 0.04375 0.265625 0.0464844 0.265625 0.05625 0.261719 0.0585938 0.257324 0.0574219 0.253906 0.0527344 0.254395 0.0488281 0.25 0.0417969 0.248535 0.0367188 0.245117 0.0289063 0.244141
1 0.0601563 0.308105 0.0597656 0.310059 0.0609375 0.311523 0.0707031 0.316895 0.0757812 0.32373 0.0847656 0.331543 0.0871094 0.335449 0.0988281 0.342773 0.101172 0.342773 0.103125 0.34082 0.102734 0.338379 0.1 0.333984 0.0945312 0.328613 0.0890625 0.319824 0.0835937 0.313965 0.0773438 0.311523 0.0722656 0.308105 0.0625 0.306641
1 0.0871094 0.297852 0.0871094 0.30127 0.0996094 0.319824 0.107422 0.325684 0.110156 0.324707 0.104297 0.309082 0.0984375 0.300293 0.0953125 0.29834
1 0.112891 0.269531 0.110937 0.267578 0.106641 0.268066 0.104297 0.269531 0.102734 0.272949 0.0996094 0.276367 0.0953125 0.278809 0.0875 0.280273 0.0828125 0.284668 0.0828125 0.289062 0.084375 0.290527 0.0871094 0.289062 0.096875 0.289551 0.105469 0.286621 0.108203 0.281738 0.109375 0.277344 0.113281 0.271973
1 0.158594 0.924316 0.158984 0.927246 0.160938 0.929688 0.169531 0.933105 0.179297 0.931641 0.192188 0.931641 0.194922 0.929688 0.195312 0.926758 0.192969 0.923828 0.175781 0.922363 0.171875 0.920898 0.160938 0.920898
1 0.101953 0.900391 0.101953 0.906738 0.104688 0.913086 0.105469 0.920898 0.107031 0.92627 0.114844 0.939453 0.119141 0.944824 0.122266 0.946289 0.123438 0.945801 0.122656 0.94043 0.117578 0.925293 0.114844 0.910645 0.108594 0.902832 0.104297 0.899902
1 0.155078 0.903809 0.151562 0.903809 0.149219 0.90625 0.149219 0.915039 0.146875 0.922852 0.146875 0.930176 0.149609 0.933594 0.151562 0.933105 0.153125 0.931152 0.158984 0.91748 0.158984 0.909668
1 0.130859 0.887695 0.129688 0.889648 0.130859 0.896973 0.136328 0.908203 0.140625 0.92041 0.14375 0.922852 0.146875 0.927734 0.150781 0.92627 0.155078 0.921387 0.155078 0.918457 0.151172 0.918945 0.149609 0.91748 0.148438 0.90918 0.144141 0.899902 0.139063 0.894043
1 0.130859 0.869141 0.126953 0.869141 0.121875 0.871582 0.122266 0.879395 0.121484 0.881836 0.117578 0.885254 0.114844 0.889648 0.113281 0.89502 0.110156 0.900391 0.110547 0.906738 0.114453 0.910156 0.116797 0.909668 0.119531 0.906738 0.124609 0.893066 0.13125 0.884277 0.132031 0.882324 0.132031 0.871094
1 0.0808594 0.86084 0.0820312 0.867188 0.0910156 0.881348 0.0992187 0.884277 0.103906 0.884277 0.108203 0.882324 0.108594 0.878418 0.107813 0.875488 0.0957031 0.868164 0.0894531 0.860352 0.0859375 0.858398 0.0832031 0.858398
1 0.0859375 0.857422 0.0859375 0.861328 0.0878906 0.864746 0.090625 0.866211 0.0949219 0.865723 0.0988281 0.869629 0.10625 0.874023 0.122656 0.873047 0.13125 0.875488 0.132422 0.872559 0.132812 0.867188 0.129297 0.864746 0.11875 0.864746 0.1125 0.861328 0.09375 0.855957 0.0882813 0.855957
1 0.0921875 0.818359 0.09375 0.822754 0.100391 0.830078 0.106641 0.842773 0.111719 0.848145 0.126172 0.856934 0.130469 0.856445 0.131641 0.853516 0.13125 0.851562 0.122656 0.84375 0.115625 0.83252 0.110156 0.826172 0.105859 0.82373 0.1 0.817871 0.0933594 0.817383
1 0.00195312 0.758789 0.0128906 0.770996 0.0207031 0.776367 0.0300781 0.776855 0.03125 0.775879 0.0316406 0.769531 0.0183594 0.759766 0.0136719 0.759766 0.00625 0.756836 0.00351563 0.757324
1 0.0265625 0.769531 0.0269531 0.774414 0.0289063 0.777344 0.0335937 0.778809 0.0453125 0.789551 0.0546875 0.791992 0.0578125 0.791992 0.0609375 0.790039 0.0601563 0.786621 0.0523438 0.782227 0.0492187 0.777832 0.0417969 0.772461 0.0382813 0.771484 0.0347656 0.768066 0.0289063 0.767578
1 0.0808594 0.692871 0.0785156 0.692871 0.0765625 0.695312 0.0765625 0.701172 0.075 0.705078 0.075 0.713379 0.0773438 0.725586 0.0773438 0.72998 0.0734375 0.73877 0.0734375 0.742676 0.0746094 0.743652 0.0761719 0.743652 0.08125 0.739746 0.0886719 0.722168 0.0882813 0.710449 0.0828125 0.695312
1 0.0765625 0.654785 0.0734375 0.655273 0.0714844 0.657715 0.0699219 0.671387 0.0671875 0.679688 0.0671875 0.685547 0.0695313 0.688477 0.0722656 0.688477 0.0738281 0.687012 0.0785156 0.673828 0.0789062 0.659668 0.0777344 0.655762
1 0.120703 0.708984 0.11875 0.705566 0.111719 0.703613 0.106641 0.704102 0.0949219 0.709961 0.0941406 0.71582 0.0953125 0.717285 0.0984375 0.718262 0.104297 0.717285 0.114453 0.711914 0.119141 0.711426 0.120703 0.710449
1 0.198437 0.716797 0.197266 0.714355 0.190625 0.711914 0.186328 0.713867 0.177344 0.713379 0.16875 0.717773 0.164062 0.723145 0.151562 0.730957 0.153516 0.734863 0.161719 0.735352 0.167187 0.731934 0.172656 0.730957 0.18125 0.727051 0.189844 0.726562 0.19375 0.725098 0.198047 0.721191
1 0.177344 0.70459 0.177734 0.708008 0.181641 0.710449 0.188672 0.709961 0.199219 0.713379 0.205859 0.711914 0.214062 0.712891 0.216406 0.711426 0.216016 0.709473 0.211328 0.707031 0.20625 0.701172 0.194141 0.696777 0.188672 0.696777 0.182031 0.69873 0.179688 0.700195
1 0.159375 0.579102 0.156641 0.57959 0.154688 0.58252 0.155859 0.589844 0.153125 0.59668 0.151953 0.605957 0.151953 0.612305 0.153125 0.618164 0.157422 0.624023 0.158984 0.623047 0.160547 0.609375 0.162891 0.602051 0.162891 0.583984 0.162109 0.581543
1 0.175 0.58252 0.173047 0.58252 0.170703 0.587891 0.166016 0.593262 0.166016 0.597168 0.162109 0.607422 0.160938 0.619629 0.163281 0.637207 0.165234 0.639648 0.167187 0.637695 0.168359 0.630371 0.171875 0.62207 0.175781 0.599609 0.178125 0.593262 0.178125 0.585449
1 0.361328 0.740723 0.359766 0.742676 0.358984 0.747559 0.358984 0.755371 0.360156 0.758301 0.360156 0.76123 0.357031 0.769043 0.355859 0.775391 0.35625 0.78418 0.357422 0.787109 0.361328 0.788086 0.364063 0.785156 0.364453 0.77832 0.366797 0.773926 0.369531 0.765137 0.367969 0.75 0.365625 0.746094 0.3625 0.743652
1 0.311719 0.767578 0.310156 0.765625 0.307422 0.764648 0.301172 0.76709 0.297266 0.777344 0.291016 0.788086 0.288281 0.791016 0.280469 0.792969 0.280078 0.794434 0.286328 0.798828 0.295703 0.799316 0.299609 0.79541 0.301172 0.791016 0.305078 0.784668 0.306641 0.777832 0.311719 0.77002
1 0.33125 0.739746 0.329297 0.739258 0.327734 0.740234 0.319922 0.749023 0.313672 0.76416 0.311328 0.76709 0.307422 0.769531 0.308594 0.774902 0.310937 0.774902 0.314453 0.772461 0.318359 0.766602 0.322656 0.76416 0.327344 0.759766 0.332422 0.749512 0.332422 0.743164
1 0.259375 0.749023 0.257031 0.749512 0.257422 0.755371 0.255078 0.761719 0.254688 0.794434 0.255469 0.795898 0.258203 0.795898 0.260156 0.794434 0.2625 0.782227 0.262109 0.763672 0.260547 0.759766 0.260156 0.750977
1 0.25625 0.728027 0.254688 0.728027 0.251172 0.730469 0.243359 0.745117 0.240625 0.753906 0.238672 0.76416 0.239063 0.769531 0.240234 0.772461 0.243359 0.775391 0.245703 0.774414 0.246484 0.76709 0.252734 0.753418 0.254688 0.745605 0.254688 0.740723 0.256641 0.733887 0.257031 0.72998
1 0.283594 0.733887 0.282422 0.733398 0.275391 0.738281 0.274219 0.743164 0.270703 0.750488 0.261719 0.763184 0.262891 0.780762 0.264453 0.779297 0.267344 0.777002 0.271484 0.77002 0.274609 0.76416 0.277344 0.756348 0.278906 0.74707 0.283594 0.740234
1 0.249219 0.710449 0.250781 0.715332 0.253906 0.71875 0.257031 0.725586 0.2625 0.730957 0.266016 0.732422 0.269141 0.735352 0.279297 0.73584 0.284375 0.731445 0.283984 0.729004 0.278906 0.729004 0.275781 0.726562 0.271484 0.719727 0.264453 0.714355 0.252734 0.708984
1 0.307422 0.712402 0.305859 0.712402 0.302734 0.71582 0.294922 0.729492 0.293359 0.741211 0.293359 0.75 0.291406 0.754883 0.292187 0.758301 0.298438 0.759277 0.299219 0.746582 0.303516 0.73584 0.302344 0.729492 0.305078 0.725098 0.308203 0.716797
1 0.305469 0.700195 0.305078 0.70166 0.307812 0.705078 0.309766 0.710938 0.316797 0.719238 0.325 0.722656 0.329297 0.726074 0.333984 0.725586 0.333203 0.720703 0.33125 0.716797 0.324609 0.708008 0.317188 0.700684 0.312109 0.699219 0.306641 0.699219
1 0.296875 0.729492 0.297266 0.731445 0.310547 0.73877 0.322656 0.738281 0.328125 0.734375 0.331641 0.733398 0.333203 0.731445 0.333203 0.729492 0.330859 0.727051 0.325781 0.72998 0.311719 0.725586 0.305469 0.725586 0.303906 0.724609 0.298828 0.724609
1 0.358594 0.726562 0.353906 0.727539 0.35 0.734863 0.346094 0.752441 0.346875 0.756836 0.348828 0.758789 0.355078 0.755859 0.359766 0.750488 0.361719 0.745117 0.361328 0.732422 0.360547 0.729004
1 0.332422 0.769043 0.332813 0.774414 0.333984 0.775879 0.343359 0.779785 0.352734 0.779785 0.354297 0.778809 0.355469 0.775879 0.354687 0.769531 0.346094 0.763184 0.337891 0.76416 0.334375 0.766113
1 0.330859 0.743652 0.330859 0.746582 0.332422 0.75 0.336328 0.752441 0.339062 0.761719 0.34375 0.764648 0.346484 0.764648 0.347656 0.762695 0.347656 0.758301 0.342578 0.75293 0.334766 0.742188 0.333203 0.741699
1 0.202734 0.657227 0.203906 0.661621 0.208203 0.666992 0.211328 0.667969 0.224609 0.667969 0.23125 0.666016 0.237109 0.667969 0.239063 0.666504 0.239844 0.662598 0.239453 0.660645 0.237109 0.657715 0.232031 0.655273 0.225 0.655273 0.221484 0.653809 0.217578 0.654785 0.212109 0.654297 0.204687 0.655273
1 0.286719 0.651367 0.284766 0.648438 0.280859 0.646973 0.269141 0.648926 0.267188 0.649902 0.264453 0.653809 0.260156 0.655273 0.258984 0.657227 0.259375 0.661133 0.260937 0.665527 0.2625 0.666992 0.26875 0.66748 0.271875 0.666504 0.283594 0.65918 0.285547 0.656738
1 0.366016 0.616699 0.364844 0.615723 0.360938 0.616699 0.350391 0.623047 0.339453 0.632324 0.339062 0.637695 0.341016 0.639648 0.349219 0.638184 0.360938 0.630859 0.363281 0.627441 0.366016 0.619141
1 0.310156 0.630859 0.308203 0.62793 0.304297 0.625977 0.296094 0.625977 0.285156 0.631348 0.283594 0.635254 0.283594 0.637695 0.285547 0.639648 0.289453 0.640625 0.300781 0.639648 0.308594 0.634766 0.310156 0.632812
1 0.208203 0.626953 0.208984 0.631348 0.208203 0.63623 0.208594 0.641113 0.213672 0.648438 0.219531 0.650879 0.223047 0.650879 0.235937 0.647949 0.236328 0.64502 0.234375 0.641602 0.226172 0.640137 0.217188 0.634766 0.213672 0.631348 0.211328 0.630859 0.209766 0.626953
1 0.233984 0.592285 0.229297 0.588867 0.220312 0.589355 0.216016 0.59082 0.205469 0.60791 0.203906 0.611816 0.204297 0.616699 0.205078 0.617676 0.208984 0.617676 0.215625 0.614258 0.221094 0.609375 0.226953 0.601562 0.23125 0.599121 0.233984 0.595215
1 0.240234 0.601562 0.238281 0.608398 0.238281 0.615234 0.239453 0.62207 0.242188 0.628906 0.248438 0.63623 0.255859 0.640137 0.258203 0.63916 0.258984 0.637695 0.258594 0.632812 0.254688 0.624023 0.253125 0.616211 0.250781 0.612793 0.249219 0.605957 0.244922 0.601074
1 0.2875 0.623047 0.284766 0.621582 0.274609 0.62207 0.267578 0.631348 0.266406 0.634277 0.262109 0.637695 0.258984 0.645996 0.258984 0.649414 0.259766 0.650391 0.267969 0.649414 0.278906 0.635742 0.283711 0.631445
1 0.301563 0.606934 0.301563 0.608887 0.303125 0.611328 0.310547 0.617676 0.326562 0.623535 0.330078 0.624023 0.33125 0.622559 0.330859 0.617676 0.322656 0.611816 0.314844 0.608887 0.311328 0.608887 0.306641 0.605469 0.303125 0.60498
1 0.330469 0.572754 0.329297 0.576172 0.329297 0.584473 0.335938 0.598633 0.338672 0.602051 0.341797 0.604492 0.345313 0.604004 0.346094 0.601074 0.345703 0.59375 0.337891 0.576172 0.334766 0.572266 0.332813 0.571777
1 0.317969 0.58252 0.317188 0.583496 0.317969 0.588379 0.320703 0.591797 0.321484 0.594727 0.325391 0.601074 0.329688 0.60498 0.33125 0.60498 0.335156 0.599609 0.335156 0.597168 0.328516 0.584473 0.323437 0.581543
1 0.289062 0.585449 0.288672 0.588379 0.290625 0.592773 0.294922 0.598633 0.297656 0.600586 0.305078 0.603516 0.308594 0.603516 0.312109 0.602051 0.313672 0.599609 0.313672 0.597656 0.310547 0.59375 0.299609 0.585938 0.294531 0.584473
1 0.271094 0.588867 0.270703 0.597656 0.272656 0.601074 0.276172 0.603516 0.279687 0.608887 0.283594 0.61084 0.285938 0.61377 0.292187 0.616211 0.298047 0.623535 0.299609 0.622559 0.298438 0.618164 0.298438 0.612793 0.291797 0.602051 0.283594 0.592773 0.276172 0.588867
1 0.242578 0.58252 0.241797 0.583496 0.243359 0.594238 0.245703 0.599609 0.251172 0.605469 0.255859 0.61377 0.260547 0.616211 0.263281 0.619629 0.264453 0.619629 0.266016 0.617676 0.266016 0.612793 0.260937 0.601562 0.254297 0.592285 0.248828 0.588867 0.246484 0.583008 0.244922 0.582031
1 0.264062 0.595703 0.262109 0.597656 0.262891 0.604004 0.267188 0.610352 0.269922 0.618164 0.272656 0.619629 0.274219 0.618164 0.275 0.612305 0.272656 0.608398 0.272656 0.602051 0.268359 0.596191
1 0.237109 0.528809 0.232422 0.528809 0.216016 0.544922 0.213281 0.556152 0.213281 0.560547 0.216406 0.564453 0.220703 0.562988 0.228906 0.550293 0.232031 0.541016 0.239844 0.535156 0.238672 0.530762
1 0.231641 0.560059 0.23125 0.564941 0.232031 0.567871 0.240625 0.578613 0.247656 0.583008 0.255078 0.583496 0.258984 0.587402 0.262891 0.589355 0.265234 0.588379 0.264844 0.584961 0.260937 0.57959 0.260547 0.574707 0.259375 0.573242 0.253906 0.570801 0.251953 0.568359 0.249609 0.567383 0.246094 0.5625 0.242188 0.561035 0.2375 0.557129 0.235156 0.557129
1 0.283203 0.559082 0.278125 0.556641 0.273828 0.556641 0.266797 0.558594 0.263281 0.560547 0.259766 0.564453 0.258203 0.569824 0.260156 0.572754 0.2625 0.574219 0.267188 0.574219 0.272266 0.572266 0.283203 0.563965
1 0.318359 0.540527 0.310937 0.540039 0.299219 0.553711 0.291016 0.554199 0.290234 0.555176 0.291797 0.558594 0.294141 0.560547 0.305078 0.560059 0.317969 0.549316 0.31875 0.546387
1 0.291016 0.534668 0.292187 0.540039 0.294531 0.542969 0.301953 0.547363 0.304297 0.547363 0.310156 0.544434 0.314844 0.547363 0.316797 0.544922 0.314844 0.541016 0.302344 0.533203 0.29375 0.532715
1 0.282422 0.49707 0.280469 0.5 0.28125 0.506348 0.279687 0.508789 0.278516 0.513672 0.278125 0.524902 0.279297 0.532227 0.282031 0.534668 0.283984 0.534668 0.286719 0.530762 0.289453 0.521484 0.289062 0.510742 0.286328 0.501465 0.283984 0.49707
1 0.256289 0.523633 0.252734 0.526025 0.25 0.529248 0.245312 0.533691 0.243359 0.538086 0.240625 0.540527 0.237891 0.54834 0.238281 0.555176 0.239844 0.557129 0.243359 0.55957 0.244922 0.55957 0.246094 0.558105 0.248828 0.549316 0.248828 0.546387 0.250273 0.542676 0.250391 0.539062 0.251484 0.53335 0.252539 0.530078 0.256406 0.526221
1 0.266797 0.529297 0.264453 0.527344 0.2625 0.527344 0.257031 0.530273 0.251953 0.535645 0.250781 0.539062 0.251172 0.541504 0.253125 0.542969 0.255859 0.542969 0.263672 0.539062 0.266406 0.535156
1 0.25625 0.496582 0.252344 0.496094 0.247266 0.498047 0.244141 0.500977 0.239453 0.51123 0.237109 0.519043 0.237109 0.524414 0.239844 0.529785 0.241016 0.530273 0.244922 0.52832 0.251563 0.515137 0.253125 0.506836 0.255859 0.504883 0.257812 0.501465 0.257812 0.499023
1 0.196484 0.5 0.196875 0.505859 0.200781 0.512207 0.210938 0.519043 0.215625 0.520508 0.225 0.520508 0.230078 0.519531 0.23125 0.51709 0.23125 0.515625 0.229297 0.513672 0.222266 0.512695 0.220703 0.510742 0.209375 0.503906 0.204687 0.50293 0.201172 0.499512 0.197266 0.498535
1 0.193359 0.484863 0.193359 0.486816 0.196875 0.492188 0.200391 0.494629 0.203516 0.495117 0.210156 0.500488 0.225 0.503418 0.226953 0.501465 0.226562 0.499512 0.221484 0.495117 0.217969 0.493652 0.209375 0.484375 0.201563 0.479492 0.197266 0.479004
1 0.134375 0.455566 0.134375 0.45752 0.137109 0.459961 0.142578 0.47168 0.146875 0.477539 0.155859 0.48291 0.158984 0.486328 0.1625 0.486816 0.1625 0.484863 0.160938 0.48291 0.157812 0.473633 0.153516 0.466797 0.142187 0.455566 0.138672 0.454102
1 0.416406 0.578613 0.416016 0.584961 0.417578 0.589355 0.423828 0.595215 0.431641 0.598633 0.436328 0.598633 0.439844 0.595703 0.440234 0.592773 0.438281 0.590332 0.430859 0.585449 0.425 0.580078 0.420703 0.577637
1 0.417578 0.567383 0.417969 0.571289 0.419531 0.573242 0.424219 0.575684 0.436328 0.576172 0.439063 0.57373 0.439063 0.569336 0.432031 0.564453 0.425391 0.562012 0.420312 0.562012
1 0.403906 0.556152 0.401562 0.558105 0.400781 0.562988 0.401953 0.574707 0.404297 0.579102 0.408984 0.580078 0.411719 0.577637 0.412891 0.574707 0.412891 0.568848 0.408203 0.55957 0.40625 0.557129
1 0.387891 0.536133 0.386328 0.537598 0.385156 0.54248 0.385547 0.549316 0.3875 0.559082 0.389062 0.562012 0.394531 0.565918 0.395703 0.568359 0.396875 0.568359 0.397656 0.556152 0.395313 0.541992 0.392578 0.537598
1 0.385547 0.527832 0.383594 0.527832 0.375 0.538086 0.372266 0.540039 0.371094 0.546387 0.369141 0.549805 0.367969 0.558105 0.368359 0.561035 0.369922 0.563477 0.373828 0.563477 0.377734 0.555664 0.381641 0.550293 0.383594 0.539062 0.386719 0.530762
1 0.38125 0.514648 0.380469 0.513184 0.378516 0.513184 0.377344 0.511719 0.376172 0.515137 0.369531 0.516602 0.357422 0.521484 0.353516 0.524902 0.352344 0.530762 0.354297 0.532715 0.357422 0.533691 0.365234 0.533203 0.371094 0.53125 0.378906 0.525879
1 0.363672 0.485352 0.362891 0.486816 0.362891 0.491699 0.36875 0.503906 0.371875 0.507324 0.375781 0.506348 0.377734 0.503906 0.378516 0.500488 0.376563 0.492188 0.370703 0.486328 0.367188 0.484863
1 0.346484 0.473633 0.344922 0.474609 0.342578 0.481445 0.342578 0.48584 0.348828 0.5 0.351562 0.502441 0.353906 0.50293 0.355469 0.500977 0.354687 0.484375 0.351172 0.475586 0.349219 0.473633
1 0.342187 0.515625 0.339453 0.513672 0.333594 0.513672 0.328906 0.518066 0.322266 0.520996 0.31875 0.530762 0.31875 0.536133 0.320703 0.538574 0.323047 0.539062 0.330469 0.535156 0.333984 0.534668 0.335938 0.529297 0.341797 0.523438 0.342578 0.520996
1 0.339844 0.505371 0.337891 0.503418 0.335156 0.504395 0.329688 0.504395 0.327734 0.503418 0.321484 0.504395 0.310156 0.512207 0.307031 0.516113 0.309375 0.520996 0.319141 0.521484 0.323437 0.518066 0.328906 0.516113 0.332422 0.512207 0.337891 0.51123 0.339062 0.509766
1 0.316797 0.494629 0.313672 0.493164 0.307812 0.496094 0.297656 0.509277 0.296875 0.515625 0.301172 0.516113 0.311328 0.51123 0.315625 0.505371 0.317188 0.49707
1 0.314453 0.469727 0.314844 0.473633 0.321875 0.481934 0.333984 0.490723 0.336719 0.489258 0.337109 0.485352 0.334375 0.481445 0.33125 0.47998 0.328125 0.475098 0.319531 0.46875
1 0.338281 0.425293 0.333203 0.427246 0.329688 0.441895 0.330469 0.447266 0.333203 0.45459 0.335156 0.45459 0.336719 0.452637 0.341797 0.433594 0.341406 0.427734
1 0.332031 0.431152 0.330078 0.429688 0.325391 0.432129 0.315625 0.441895 0.315234 0.446289 0.317188 0.448242 0.31875 0.448242 0.320703 0.445801 0.328125 0.440918 0.330469 0.437988
1 0.308203 0.445801 0.308594 0.453125 0.314453 0.463379 0.318359 0.466309 0.323437 0.466309 0.326172 0.464355 0.326953 0.462402 0.326562 0.460449 0.319531 0.453613 0.315234 0.443359 0.310547 0.443359
1 0.299609 0.444336 0.297266 0.445312 0.295703 0.450195 0.292969 0.45459 0.289844 0.470215 0.290234 0.489746 0.291406 0.491211 0.294922 0.489746 0.294922 0.480957 0.298438 0.473145 0.301953 0.456543 0.301953 0.449219
1 0.289062 0.446777 0.286328 0.447266 0.282422 0.461914 0.280859 0.476074 0.279687 0.481934 0.282422 0.483398 0.285547 0.480957 0.2875 0.476562 0.288672 0.467773 0.291406 0.458496 0.291797 0.451172
1 0.264453 0.436523 0.262891 0.442871 0.262891 0.453125 0.266406 0.462402 0.271094 0.467773 0.274219 0.467285 0.276562 0.463379 0.276562 0.455566 0.273828 0.447754 0.273047 0.441895 0.270313 0.4375 0.267969 0.436035
1 0.275 0.41748 0.272656 0.431152 0.273047 0.436523 0.274609 0.442871 0.276953 0.446777 0.275781 0.452148 0.278906 0.457031 0.28125 0.457031 0.282813 0.455078 0.284375 0.44873 0.282422 0.428223 0.280078 0.423828 0.276562 0.419922 0.276172 0.417969
1 0.261719 0.45166 0.259375 0.450684 0.245312 0.461914 0.239453 0.46875 0.238672 0.471191 0.239063 0.476074 0.239844 0.477051 0.244922 0.477051 0.251953 0.472656 0.260937 0.457031
1 0.214062 0.432617 0.209766 0.429688 0.204297 0.428711 0.196875 0.431152 0.189453 0.436035 0.182031 0.4375 0.182031 0.441406 0.1875 0.442383 0.192969 0.444824 0.204687 0.443848 0.210938 0.441406 0.213672 0.4375
1 0.237891 0.409668 0.235547 0.409668 0.233984 0.412109 0.228516 0.416016 0.223047 0.425293 0.216016 0.432617 0.213672 0.438965 0.213672 0.443848 0.215234 0.446289 0.217969 0.446777 0.221484 0.445312 0.225781 0.4375 0.23125 0.431641 0.233594 0.421875 0.238281 0.41748 0.239844 0.413574 0.239844 0.412109
1 0.252734 0.382324 0.250781 0.382324 0.247656 0.384277 0.240234 0.394531 0.237891 0.401367 0.238281 0.40625 0.240234 0.409668 0.244531 0.408691 0.25 0.402344 0.253125 0.393555
1 0.271094 0.392578 0.267188 0.39209 0.265625 0.394043 0.264062 0.399414 0.254297 0.413574 0.248047 0.420898 0.247266 0.427734 0.245312 0.431641 0.245703 0.433105 0.247266 0.434082 0.251172 0.433105 0.253906 0.428711 0.259766 0.424316 0.261719 0.42041 0.267188 0.413574 0.266016 0.403809 0.271484 0.398438 0.271875 0.393555
1 0.241016 0.432617 0.239844 0.432617 0.2375 0.435547 0.23125 0.437988 0.228516 0.441406 0.227344 0.445312 0.223047 0.449707 0.221875 0.453613 0.21875 0.457031 0.21875 0.461426 0.219922 0.464355 0.224219 0.461426 0.233203 0.45166 0.2375 0.439941 0.241016 0.4375
1 0.225 0.453613 0.224219 0.452637 0.220312 0.452637 0.216016 0.455078 0.214062 0.459961 0.207813 0.468262 0.205078 0.474121 0.201172 0.474609 0.197656 0.477051 0.208594 0.477051 0.216797 0.472656 0.223438 0.461914 0.225391 0.456055
