1 0.50832 0.500195 0.501563 0.500977 0.495195 0.504492 0.494727 0.509766 0.497656 0.51416 0.505469 0.512207 0.510039 0.503174
1 0.520508 0.475684 0.518359 0.483887 0.515625 0.491211 0.513281 0.494141 0.509375 0.493652 0.508203 0.48584 0.509375 0.480957 0.514219 0.473096
1 0.483203 0.451172 0.477734 0.449707 0.470703 0.455078 0.470703 0.462891 0.475391 0.464844 0.482031 0.460449 0.483984 0.455566
1 0.430078 0.544922 0.429688 0.549805 0.432422 0.554688 0.438281 0.557617 0.442188 0.555664 0.442969 0.548828 0.436328 0.543457
1 0.503516 0.521973 0.498828 0.521973 0.494531 0.525391 0.492578 0.529297 0.49375 0.538086 0.498828 0.538574 0.503906 0.531738 0.505469 0.525391
1 0.482031 0.554688 0.479297 0.552734 0.474219 0.553711 0.469883 0.556152 0.467891 0.560059 0.475781 0.563477 0.48125 0.5625 0.482812 0.560059
1 0.466797 0.5625 0.465625 0.566406 0.467969 0.573242 0.471484 0.577148 0.477852 0.57876 0.479414 0.574219 0.476953 0.567383 0.470586 0.560303
1 0.446484 0.582031 0.444141 0.587402 0.445703 0.599609 0.448437 0.60498 0.452344 0.606445 0.454688 0.599609 0.454297 0.593262 0.451953 0.585449
1 0.466797 0.595215 0.462891 0.594727 0.459766 0.59668 0.455078 0.603516 0.454688 0.608398 0.460156 0.61084 0.465625 0.607422 0.468359 0.601074
1 0.445703 0.384277 0.446094 0.389648 0.451562 0.393555 0.458203 0.393066 0.460938 0.38916 0.460156 0.385254 0.455859 0.382324 0.447656 0.382324
1 0.446094 0.376465 0.446875 0.380859 0.450391 0.383301 0.460156 0.383301 0.463672 0.37793 0.457422 0.372559 0.450391 0.372559
1 0.525391 0.376953 0.526563 0.381836 0.532031 0.38623 0.537109 0.38623 0.540234 0.381836 0.539062 0.376465 0.534375 0.373535 0.528906 0.373535
1 0.701562 0.384277 0.706211 0.378662 0.7125 0.38916 0.708594 0.392578 0.703906 0.389648
1 0.715625 0.402832 0.712891 0.406738 0.712891 0.416504 0.714844 0.419434 0.717969 0.419922 0.720313 0.416992 0.721094 0.408203 0.717578 0.402832
1 0.716016 0.381348 0.7125 0.384277 0.7125 0.39209 0.715234 0.396973 0.720703 0.397461 0.721875 0.394531 0.721094 0.38623
1 0.616797 0.550781 0.614844 0.548828 0.610547 0.548828 0.601953 0.556152 0.601953 0.562012 0.607812 0.564941 0.616797 0.557129
1 0.614844 0.55957 0.610938 0.560547 0.607812 0.566406 0.607812 0.572266 0.611328 0.578613 0.615234 0.577637 0.617578 0.571777 0.617578 0.562988
1 0.669531 0.553223 0.666016 0.552734 0.660937 0.557129 0.659766 0.56543 0.661719 0.568359 0.666406 0.568359 0.670312 0.564453 0.671484 0.556641
1 0.703906 0.553711 0.703906 0.55957 0.708203 0.564453 0.712109 0.566406 0.718359 0.564941 0.716797 0.556152 0.710156 0.552246
1 0.685156 0.629883 0.682422 0.634766 0.683203 0.642578 0.686328 0.646973 0.690625 0.647949 0.69375 0.643555 0.692969 0.636719 0.689063 0.631348
1 0.567578 0.666992 0.568359 0.674316 0.571875 0.677246 0.580469 0.677246 0.582812 0.674316 0.582422 0.669922 0.576953 0.665527 0.570703 0.665039
1 0.470313 0.634766 0.468359 0.63916 0.469531 0.653809 0.475391 0.657715 0.478516 0.652344 0.477344 0.64209 0.474219 0.635254
1 0.431641 0.679688 0.43125 0.685547 0.434375 0.689941 0.439063 0.692383 0.444141 0.69043 0.444531 0.685059 0.442578 0.681152 0.436328 0.677734
1 0.384766 0.462891 0.380078 0.462891 0.377344 0.467773 0.376953 0.476562 0.379688 0.481445 0.382812 0.480469 0.385547 0.475586 0.386328 0.46582
1 0.424609 0.421387 0.420312 0.422852 0.416406 0.430664 0.415625 0.439941 0.417578 0.443848 0.421094 0.443848 0.425391 0.435547 0.426563 0.424316
1 0.367578 0.439453 0.363281 0.437012 0.353906 0.438477 0.352344 0.444336 0.356641 0.447754 0.362109 0.447754 0.366797 0.444336
1 0.332422 0.478516 0.333203 0.486328 0.337891 0.48877 0.344141 0.487793 0.347266 0.483398 0.346484 0.47998 0.342187 0.476074 0.336719 0.476074
1 0.325781 0.538086 0.323047 0.540527 0.322266 0.54541 0.325 0.556152 0.326953 0.556641 0.33125 0.549805 0.331641 0.541504 0.329297 0.538574
1 0.350391 0.555176 0.346094 0.554199 0.343359 0.556641 0.340234 0.564941 0.341406 0.573242 0.345703 0.572754 0.349219 0.568359 0.351172 0.562012
1 0.358203 0.599121 0.353125 0.59668 0.344922 0.60498 0.345313 0.61084 0.351172 0.612793 0.357031 0.609375 0.358594 0.605469
1 0.333984 0.633301 0.330078 0.633301 0.328125 0.637207 0.330078 0.651367 0.333203 0.650879 0.334766 0.646484 0.335547 0.637207
1 0.325781 0.64209 0.321094 0.64209 0.314844 0.651367 0.313672 0.663574 0.315234 0.666504 0.319141 0.666504 0.326953 0.654297 0.327344 0.645996
1 0.488281 0.67334 0.488281 0.678223 0.49375 0.68457 0.5 0.685059 0.500391 0.679688 0.497656 0.67334 0.491797 0.671875
1 0.536328 0.366211 0.536328 0.371094 0.541797 0.37793 0.544922 0.379883 0.548047 0.377441 0.548047 0.373535 0.544922 0.367676 0.54 0.362598
1 0.679063 0.362158 0.67582 0.3646 0.680859 0.373047 0.688672 0.37793 0.692969 0.376465 0.692187 0.37207 0.684766 0.365234
1 0.520312 0.287598 0.517969 0.28418 0.514844 0.282715 0.507422 0.282715 0.501172 0.286621 0.498437 0.290039 0.498047 0.291992 0.499219 0.29541 0.502734 0.298828 0.505469 0.299805 0.513672 0.298828 0.519531 0.29248
1 0.50625 0.278809 0.502344 0.276855 0.497266 0.27832 0.492578 0.282715 0.492188 0.286621 0.49375 0.289062 0.498437 0.291016 0.50625 0.282715
1 0.602852 0.258398 0.606641 0.26416 0.616016 0.26709 0.619531 0.265625 0.623477 0.265479 0.619141 0.258789 0.6125 0.255371 0.606641 0.255371
1 0.624219 0.257031 0.623047 0.259277 0.621875 0.262695 0.623047 0.275879 0.627344 0.275879 0.630078 0.267578 0.630078 0.262695 0.628516 0.25708
1 0.606641 0.268066 0.606641 0.274414 0.610156 0.28125 0.615625 0.28418 0.619922 0.280273 0.619922 0.277344 0.615234 0.27002 0.609766 0.267578
1 0.702344 0.39209 0.7 0.39209 0.696484 0.394043 0.69375 0.400391 0.69375 0.405762 0.696094 0.409668 0.698438 0.410156 0.701562 0.408691 0.701953 0.404785 0.705078 0.397461 0.705078 0.39502
1 0.707422 0.398926 0.704883 0.399023 0.704688 0.40332 0.704688 0.412598 0.707031 0.416504 0.710156 0.41748 0.711328 0.416016 0.711719 0.408203 0.711406 0.403564 0.710039 0.397949
1 0.755078 0.388672 0.751953 0.388184 0.746875 0.393066 0.745703 0.401367 0.747656 0.404297 0.751563 0.403809 0.754297 0.400879 0.75625 0.395508 0.75625 0.390625
1 0.727344 0.361816 0.727344 0.369141 0.729688 0.373047 0.732422 0.374512 0.737109 0.374512 0.739062 0.373047 0.739453 0.368652 0.735938 0.362793 0.733203 0.36084 0.728125 0.36084
1 0.781641 0.39209 0.779687 0.390625 0.776953 0.390625 0.772266 0.392578 0.767578 0.398438 0.767188 0.401367 0.767969 0.403809 0.769922 0.405273 0.773828 0.405273 0.778516 0.40332 0.782031 0.396973
1 0.791016 0.325195 0.789453 0.328613 0.790234 0.337402 0.792969 0.34082 0.795703 0.341309 0.798438 0.336914 0.798828 0.32959 0.795703 0.324707
1 0.806641 0.308105 0.803125 0.308105 0.798828 0.314453 0.798047 0.322754 0.801953 0.328613 0.803125 0.328613 0.805469 0.325195 0.807813 0.318848 0.808594 0.312988 0.808203 0.310059
1 0.866406 0.431641 0.861719 0.431152 0.857422 0.435547 0.85625 0.438477 0.85625 0.442383 0.857422 0.444824 0.862891 0.444824 0.867969 0.439941 0.867969 0.435059
1 0.857812 0.455078 0.857812 0.451172 0.860938 0.446289 0.866758 0.444482 0.872305 0.446875 0.872812 0.450488 0.867188 0.452148 0.865625 0.45459 0.863281 0.455566
1 0.87082 0.452588 0.868047 0.452393 0.866523 0.455225 0.863203 0.456201 0.860508 0.459326 0.858203 0.462891 0.858203 0.467285 0.860156 0.470703 0.865234 0.469727 0.872656 0.460938 0.873437 0.458984 0.873594 0.453125 0.872812 0.45083
1 0.941406 0.422852 0.939844 0.420898 0.936719 0.419434 0.932422 0.419922 0.926953 0.42334 0.926562 0.428711 0.927734 0.430664 0.930469 0.432129 0.935547 0.432129 0.941016 0.428711
1 0.94375 0.331055 0.941406 0.32959 0.9375 0.32959 0.932422 0.33252 0.930078 0.336914 0.930859 0.342285 0.936328 0.343262 0.942187 0.34082 0.944531 0.334961
1 0.975 0.251465 0.970313 0.250977 0.966797 0.255371 0.964453 0.263184 0.964453 0.26709 0.966406 0.270508 0.971094 0.27002 0.975 0.264648 0.976562 0.256348
1 0.752734 0.250488 0.752734 0.252441 0.755859 0.256836 0.760938 0.259766 0.766406 0.259766 0.769141 0.256348 0.768359 0.251465 0.7625 0.247559 0.755078 0.24707
1 0.724219 0.152344 0.720703 0.151367 0.717578 0.153809 0.714844 0.157715 0.713281 0.166504 0.715234 0.169922 0.717578 0.17041 0.719922 0.168457 0.723828 0.162598 0.725 0.15918 0.725 0.153809
1 0.725 0.138672 0.723437 0.143066 0.724219 0.150391 0.728125 0.158691 0.732422 0.159668 0.733984 0.155273 0.733984 0.149902 0.732422 0.143066 0.728516 0.138672
1 0.764844 0.157227 0.765234 0.15918 0.767969 0.161133 0.776953 0.161133 0.779687 0.15918 0.779687 0.154785 0.776953 0.152344 0.770703 0.151855 0.766406 0.15332
1 0.740625 0.0869141 0.737109 0.0878906 0.734766 0.0913086 0.733594 0.0957031 0.733594 0.103516 0.735547 0.106445 0.739844 0.105957 0.741797 0.102539 0.743359 0.0957031 0.743359 0.0917969
1 0.706641 0.118652 0.704688 0.118164 0.701953 0.119629 0.697656 0.126953 0.697656 0.131836 0.700781 0.13623 0.704688 0.134766 0.707422 0.131348 0.708984 0.127441 0.709375 0.12207
1 0.615234 0.14502 0.615625 0.150391 0.619141 0.153809 0.626563 0.154297 0.629687 0.150879 0.629297 0.145508 0.628125 0.143066 0.626172 0.14209 0.619141 0.141602 0.616797 0.142578
1 0.587109 0.0942383 0.585156 0.0986328 0.585156 0.107422 0.586719 0.111816 0.590234 0.112305 0.591797 0.111328 0.592578 0.108398 0.592578 0.0976562 0.591406 0.0947266
1 0.584375 0.0327148 0.579688 0.0327148 0.575391 0.0390625 0.574609 0.0458984 0.576562 0.0493164 0.580078 0.0493164 0.584375 0.0454102 0.585547 0.0405273 0.585547 0.0351562
1 0.664062 0.0288086 0.664453 0.0341797 0.666016 0.0361328 0.669141 0.0371094 0.674609 0.0351562 0.677344 0.0307617 0.676953 0.0258789 0.674609 0.0239258 0.66875 0.0239258 0.666016 0.0253906
1 0.772266 0.0175781 0.771094 0.0166016 0.766797 0.0166016 0.764453 0.0180664 0.760156 0.0239258 0.759766 0.0292969 0.764062 0.0307617 0.769141 0.0283203 0.772266 0.0229492
1 0.923828 0.0673828 0.923828 0.0722656 0.927344 0.0761719 0.933984 0.0756836 0.936719 0.0727539 0.937109 0.0673828 0.935547 0.0644531 0.926953 0.0644531
1 0.833008 0.0299316 0.827344 0.027832 0.826602 0.027002 0.825391 0.0262207 0.820703 0.0252441 0.818164 0.026123 0.816328 0.0325684 0.822266 0.0351562 0.826758 0.0368164 0.830937 0.0344727
1 0.302344 0.0495605 0.303906 0.0518555 0.300781 0.0610352 0.296094 0.0654297 0.292969 0.0649414 0.290625 0.0615234 0.290625 0.0595703 0.298633 0.0484375
1 0.299219 0.0429688 0.297266 0.0410156 0.29375 0.0405273 0.288672 0.043457 0.285547 0.0483398 0.286328 0.0561523 0.287891 0.0566406 0.295703 0.0507812 0.299609 0.0454102
1 0.282813 0.0703125 0.278906 0.0683594 0.274219 0.0712891 0.269922 0.078125 0.267852 0.0844727 0.269922 0.0874023 0.272656 0.0859375 0.279297 0.0830078 0.283594 0.0766602 0.283594 0.0717773
1 0.282422 0.0864258 0.280859 0.090332 0.282031 0.100586 0.283594 0.103516 0.2875 0.104492 0.289062 0.0991211 0.288281 0.0898438 0.286328 0.0869141
1 0.278906 0.0888672 0.273945 0.0913086 0.271563 0.0960449 0.267969 0.105469 0.26875 0.108398 0.271094 0.111328 0.276172 0.108887 0.278008 0.10166 0.279766 0.0969238 0.279687 0.0927734
1 0.420977 0.0251953 0.418945 0.0227051 0.414336 0.0242676 0.415039 0.0298828 0.417578 0.0317383 0.417578 0.0336914 0.419531 0.0410156 0.421875 0.0424805 0.423828 0.0424805 0.425391 0.0410156 0.425195 0.0370117 0.423906 0.0319824 0.423906 0.0290527
1 0.441016 0.00878906 0.439063 0.00683594 0.434766 0.00878906 0.429297 0.012207 0.426367 0.0152344 0.425 0.0169434 0.428242 0.0192871 0.429297 0.0195312 0.432422 0.0188965 0.435547 0.0186523 0.440625 0.0146484
1 0.420781 0.0187988 0.422266 0.0263672 0.423828 0.0302734 0.427344 0.0332031 0.432031 0.0327148 0.433203 0.03125 0.433594 0.0253906 0.432422 0.0234375 0.425586 0.0166992
1 0.434766 0.00488281 0.431641 0.00195312 0.428516 0.00146484 0.422266 0.00341797 0.416406 0.00927734 0.414141 0.0159668 0.416406 0.0188965 0.424609 0.0146484 0.430469 0.00927734 0.434375 0.00732422
1 0.110937 0.0561523 0.106641 0.0566406 0.104297 0.0629883 0.104688 0.0722656 0.107422 0.0761719 0.110937 0.0751953 0.113281 0.0693359 0.113281 0.0605469
1 0.0335937 0.0571289 0.0292969 0.0571289 0.0253906 0.0600586 0.0246094 0.0683594 0.0261719 0.0712891 0.0296875 0.0727539 0.0335937 0.0683594 0.0359375 0.0615234 0.0355469 0.059082
1 0.0269531 0.0455566 0.0255078 0.051416 0.0371094 0.0566406 0.0421875 0.0561523 0.0445313 0.0537109 0.0453125 0.0498047 0.0445313 0.0478516 0.0367188 0.0444336 0.0316406 0.0449219
1 0.131641 0 0.132031 0.0107422 0.135156 0.0141602 0.138281 0.0131836 0.139453 0.0112305 0.140234 0.00634766 0.139844 0
1 0.199609 0 0.189844 0 0.189062 0.0117188 0.190234 0.0141602 0.19375 0.0151367 0.196875 0.0117188 0.199219 0.00537109
1 0.838281 0.959961 0.838828 0.966846 0.842539 0.968652 0.846875 0.974463 0.848594 0.977783 0.846094 0.980957 0.841406 0.981445 0.836328 0.977051 0.833594 0.97168 0.834766 0.964844
1 0.838281 0.958984 0.838672 0.963867 0.837891 0.966797 0.841016 0.966309 0.846094 0.971191 0.845313 0.973145 0.845703 0.975586 0.848828 0.975098 0.851562 0.972656 0.851953 0.969238 0.849219 0.962402 0.846094 0.961426 0.841797 0.95752
1 0.355117 0.365771 0.35625 0.37207 0.364063 0.379883 0.370664 0.380322 0.369141 0.373047 0.366016 0.368652 0.360938 0.366211
1 0.35625 0.382324 0.354648 0.378467 0.346484 0.383301 0.342227 0.39209 0.349609 0.393066 0.356641 0.38623
1 0.289844 0.368652 0.287891 0.366699 0.280469 0.367676 0.275 0.372559 0.275 0.37793 0.277734 0.380371 0.283984 0.379395 0.289453 0.374023
1 0.297266 0.325195 0.297266 0.330566 0.299219 0.334473 0.305078 0.338379 0.311328 0.337891 0.312109 0.331055 0.310156 0.327148 0.302734 0.323242
1 0.384766 0.290039 0.380859 0.287109 0.372656 0.290039 0.369141 0.294922 0.369141 0.299316 0.371875 0.301758 0.379297 0.300293 0.384375 0.294922
1 0.213281 0.454102 0.213281 0.459473 0.21875 0.467285 0.223047 0.469238 0.227344 0.467773 0.228125 0.462402 0.225 0.455566 0.217578 0.451172
1 0.232422 0.40918 0.230859 0.412109 0.230469 0.420898 0.232031 0.425293 0.235937 0.42627 0.239063 0.421387 0.238672 0.413574 0.236328 0.40918
1 0.264062 0.287598 0.259375 0.288086 0.255078 0.291992 0.253125 0.296875 0.254688 0.301758 0.261328 0.300781 0.264844 0.297363 0.266406 0.291504
1 0.276172 0.531738 0.271484 0.529785 0.266016 0.532715 0.262109 0.540039 0.262891 0.544922 0.271094 0.544922 0.275781 0.536621
1 0.2625 0.553223 0.256641 0.551758 0.252734 0.554199 0.250781 0.558105 0.251172 0.563477 0.255469 0.565918 0.261719 0.560547 0.263672 0.556641
1 0.258203 0.560547 0.252344 0.55957 0.248438 0.563477 0.245312 0.571289 0.245312 0.576172 0.247266 0.57959 0.252734 0.577148 0.255859 0.573242 0.258594 0.564941
1 0.319141 0.543457 0.314063 0.542969 0.308594 0.549316 0.306641 0.557178 0.307773 0.562061 0.311328 0.558594 0.316797 0.554199 0.319922 0.549316
1 0.295703 0.616699 0.291406 0.616211 0.287109 0.619629 0.283203 0.626465 0.284375 0.633301 0.2875 0.634766 0.295312 0.626953 0.296875 0.623047
1 0.280078 0.597168 0.276953 0.599609 0.275391 0.606934 0.275781 0.612793 0.278516 0.618652 0.283984 0.615723 0.285938 0.609375 0.283984 0.599609
1 0.364063 0.694824 0.365234 0.701172 0.371484 0.706055 0.380859 0.706543 0.385937 0.701172 0.385547 0.696289 0.380859 0.691895 0.369531 0.690918
1 0.505469 0.688965 0.499609 0.6875 0.494922 0.69043 0.489844 0.700195 0.489844 0.706055 0.492969 0.708984 0.498047 0.708008 0.505469 0.695801
1 0.486328 0.681152 0.482031 0.680664 0.477344 0.688477 0.476562 0.694824 0.477734 0.69873 0.482812 0.699219 0.486719 0.693359 0.488281 0.68457
1 0.448047 0.818848 0.444141 0.818848 0.438281 0.822754 0.433594 0.830566 0.433203 0.834961 0.435156 0.837891 0.440234 0.837402 0.445312 0.833008 0.448828 0.826172
1 0.383984 0.840332 0.383984 0.845215 0.387891 0.851074 0.392188 0.853516 0.397656 0.852051 0.398828 0.846191 0.396484 0.841309 0.389062 0.837891
1 0.310547 0.785156 0.308984 0.79248 0.310937 0.799805 0.314063 0.802734 0.317969 0.802246 0.319922 0.796387 0.31875 0.789551 0.314844 0.784668
1 0.219141 0.697754 0.216016 0.701172 0.215625 0.709473 0.21875 0.719238 0.222656 0.720703 0.225391 0.717773 0.225391 0.708008 0.222656 0.699707
1 0.213672 0.708984 0.214727 0.716943 0.205859 0.720703 0.201563 0.720703 0.198281 0.71958 0.198789 0.712402 0.207031 0.708984
1 0.166016 0.701172 0.162109 0.701172 0.158984 0.705078 0.157812 0.709961 0.157812 0.720215 0.162109 0.726074 0.166797 0.723145 0.169141 0.715332 0.16875 0.705078
1 0.170703 0.653809 0.170703 0.65918 0.176563 0.666504 0.180078 0.667969 0.186328 0.666504 0.186328 0.659668 0.182422 0.655273 0.177344 0.652344
1 0.143359 0.766602 0.145703 0.772949 0.151953 0.774414 0.158203 0.771973 0.160547 0.764648 0.157812 0.761719 0.150391 0.76123 0.145313 0.763184
1 0.537109 0.734375 0.535156 0.737793 0.535937 0.745117 0.540625 0.754395 0.544922 0.755371 0.547656 0.751953 0.545703 0.740723 0.542188 0.73584
1 0.503906 0.76123 0.503906 0.76709 0.508594 0.770996 0.513672 0.771484 0.517578 0.76709 0.517188 0.762695 0.514453 0.759766 0.508594 0.758789
1 0.477734 0.783203 0.474609 0.787598 0.474609 0.797852 0.476562 0.803711 0.481641 0.804688 0.484375 0.799805 0.483984 0.790039 0.481641 0.784668
1 0.657813 0.696289 0.654297 0.696777 0.65 0.705566 0.649609 0.713867 0.653516 0.717773 0.657813 0.71582 0.661328 0.708984 0.661328 0.700684
1 0.203906 0.512207 0.201172 0.51709 0.200391 0.526855 0.201289 0.53374 0.205078 0.535059 0.208594 0.524414 0.207969 0.512354
1 0.198047 0.515625 0.189844 0.51709 0.1875 0.528809 0.189062 0.535156 0.194531 0.534668 0.198437 0.530762 0.199609 0.517578
1 0.203516 0.500977 0.201563 0.498535 0.196875 0.498535 0.189453 0.501953 0.187109 0.508789 0.189844 0.515137 0.192969 0.515137 0.201172 0.509766 0.203516 0.506348
1 0.173828 0.568359 0.16918 0.570605 0.174141 0.578174 0.185547 0.575684 0.1875 0.573242 0.189375 0.570996 0.183984 0.566895 0.176563 0.566406
1 0.179297 0.581055 0.178125 0.585938 0.180469 0.594238 0.184375 0.598145 0.189844 0.598145 0.191406 0.596191 0.191797 0.587891 0.188672 0.581543 0.186328 0.57959
1 0.566797 0.787109 0.566797 0.791992 0.575391 0.79834 0.584766 0.798828 0.587891 0.79541 0.587891 0.791016 0.582422 0.786133 0.572266 0.78418
1 0.559375 0.791016 0.55625 0.788574 0.548828 0.790039 0.545312 0.798828 0.548828 0.802246 0.553516 0.802246 0.558984 0.796875
1 0.572266 0.797852 0.571875 0.803711 0.575391 0.808594 0.578906 0.810547 0.583594 0.809082 0.583984 0.804199 0.581641 0.800293 0.575781 0.796875
1 0.612109 0.814941 0.607031 0.814453 0.602734 0.816895 0.601172 0.820801 0.601953 0.825684 0.607812 0.827148 0.612109 0.820801
1 0.598828 0.825684 0.595703 0.82959 0.596094 0.838867 0.599219 0.845215 0.603125 0.846191 0.606641 0.841309 0.606641 0.835938 0.605078 0.830078
1 0.647266 0.837891 0.641406 0.835449 0.634766 0.839355 0.631641 0.845215 0.632812 0.852051 0.638672 0.853027 0.642969 0.850098 0.647656 0.842773
1 0.679297 0.783203 0.675781 0.786621 0.675 0.793945 0.676953 0.800781 0.682422 0.804199 0.685547 0.799805 0.685156 0.789062 0.682813 0.783691
1 0.717187 0.741211 0.712891 0.743164 0.710547 0.748047 0.710547 0.756348 0.712891 0.758789 0.716406 0.758301 0.719922 0.75 0.719922 0.745117
1 0.708594 0.683105 0.704688 0.683105 0.700391 0.6875 0.699219 0.697754 0.701172 0.70166 0.705078 0.70166 0.708594 0.697754 0.710547 0.690918 0.710547 0.686523
1 0.733594 0.767578 0.728906 0.769531 0.726562 0.774902 0.726172 0.78125 0.728516 0.786621 0.732812 0.786621 0.737109 0.780273 0.737109 0.771484
1 0.759766 0.580566 0.759766 0.584961 0.763672 0.588379 0.771875 0.588867 0.774609 0.584473 0.773828 0.580566 0.770312 0.578125 0.762891 0.578125
1 0.7875 0.595703 0.787109 0.599609 0.791016 0.604492 0.795703 0.604492 0.800391 0.600098 0.800391 0.595215 0.795703 0.592773 0.790234 0.593262
1 0.844922 0.57959 0.844922 0.584473 0.848828 0.587891 0.857031 0.587402 0.860938 0.583008 0.860938 0.579102 0.857422 0.575684 0.848828 0.576172
1 0.876563 0.615723 0.873828 0.621094 0.873828 0.626953 0.875781 0.631836 0.879687 0.632324 0.882812 0.627441 0.882812 0.618652 0.88125 0.615723
1 0.869531 0.692383 0.864453 0.696777 0.864062 0.705566 0.865625 0.707031 0.869922 0.707031 0.872656 0.703613 0.873047 0.696777
1 0.834375 0.711426 0.829297 0.711914 0.826172 0.717773 0.825781 0.724121 0.829297 0.728027 0.833594 0.726074 0.835156 0.722656 0.835938 0.715332
1 0.839063 0.528809 0.838672 0.533203 0.844141 0.541992 0.850391 0.543457 0.852344 0.541504 0.852734 0.537109 0.850391 0.53125 0.844922 0.527344
1 0.850781 0.506348 0.845313 0.506348 0.840625 0.511719 0.841016 0.516113 0.84375 0.518555 0.850391 0.516602 0.853125 0.51123
1 0.901563 0.501465 0.900391 0.506348 0.903516 0.514648 0.907813 0.519043 0.912109 0.518066 0.912891 0.510254 0.910156 0.504883 0.905859 0.500977
1 0.8875 0.722168 0.883203 0.722168 0.878516 0.728027 0.877344 0.736816 0.879687 0.740234 0.884375 0.739258 0.888281 0.733398 0.889062 0.724609
1 0.969531 0.748535 0.967578 0.746582 0.9625 0.747559 0.958984 0.752441 0.958281 0.761816 0.964805 0.761816 0.970313 0.75293
1 0.989844 0.754395 0.985156 0.75293 0.978125 0.759277 0.976953 0.768066 0.978906 0.771484 0.983203 0.771973 0.987891 0.767578 0.990625 0.760742
1 0.953516 0.736328 0.953516 0.741211 0.955469 0.744141 0.959766 0.744629 0.966406 0.741211 0.966016 0.736328 0.962109 0.733398 0.958203 0.73291
1 0.983203 0.658203 0.976172 0.658691 0.971094 0.665527 0.971875 0.672363 0.976172 0.673828 0.982031 0.67041 0.983984 0.664062
1 0.836328 0.82373 0.830469 0.82373 0.825781 0.829102 0.824219 0.833496 0.825781 0.840332 0.830859 0.840332 0.835938 0.834961 0.837891 0.830566 0.837891 0.825684
1 0.865625 0.841309 0.864062 0.84668 0.867578 0.857422 0.873828 0.86084 0.876172 0.856934 0.873828 0.845215 0.869141 0.840332
1 0.825391 0.845703 0.821094 0.844727 0.817578 0.849121 0.816406 0.85791 0.817969 0.861816 0.822656 0.861328 0.825 0.858398 0.826562 0.850586
1 0.841406 0.876465 0.842578 0.881836 0.849609 0.888184 0.854688 0.888184 0.857422 0.885742 0.857031 0.880859 0.852734 0.875977 0.844141 0.874512
1 0.841797 0.929199 0.836719 0.929688 0.833203 0.935059 0.832031 0.944824 0.833594 0.949219 0.838281 0.949219 0.842578 0.944336 0.84375 0.933594
1 0.947266 0.90332 0.944141 0.900879 0.940234 0.900879 0.933594 0.904297 0.930078 0.908203 0.930469 0.915527 0.933594 0.91748 0.942969 0.915527 0.947656 0.90918
1 0.686328 0.877441 0.682422 0.874023 0.677344 0.874023 0.671094 0.876953 0.66875 0.881836 0.670312 0.885254 0.677734 0.88623 0.685547 0.882812
1 0.699609 0.869629 0.696094 0.868164 0.689844 0.873047 0.689453 0.879395 0.69375 0.881348 0.7 0.874023
1 0.524609 0.939941 0.520703 0.945801 0.519922 0.955566 0.522266 0.960938 0.528906 0.962402 0.53125 0.958984 0.532813 0.950195 0.530078 0.94043
1 0.624609 0.963379 0.619141 0.963867 0.614844 0.970215 0.612891 0.97998 0.615234 0.984863 0.61875 0.984863 0.623437 0.981445 0.626953 0.97168 0.626953 0.966309
1 0.450391 0.95459 0.446484 0.953613 0.441016 0.95752 0.438672 0.962891 0.438672 0.967285 0.440625 0.970215 0.444531 0.970703 0.45 0.96582 0.451562 0.960938
1 0.532422 0.886719 0.532031 0.89209 0.533594 0.894531 0.541406 0.895508 0.547344 0.89248 0.546953 0.888086 0.541406 0.885254
1 0.548359 0.886865 0.556484 0.887158 0.563242 0.892871 0.557813 0.896973 0.553125 0.896973 0.550391 0.894531
1 0.548438 0.879883 0.549219 0.884277 0.551562 0.88623 0.560547 0.887695 0.562109 0.885742 0.562109 0.881348 0.560156 0.87793 0.552344 0.876465
1 0.356641 0.868164 0.352344 0.867188 0.345313 0.87207 0.343359 0.880371 0.345703 0.885742 0.350391 0.88623 0.355859 0.880371 0.358203 0.875488
1 0.256641 0.857422 0.251563 0.856934 0.246484 0.862305 0.243359 0.868652 0.244922 0.873047 0.248828 0.874512 0.254688 0.870605 0.257422 0.863281
1 0.239453 0.842773 0.236328 0.846191 0.236328 0.855957 0.241016 0.863281 0.245312 0.859863 0.246094 0.850098 0.244531 0.844727
1 0.237578 0.795312 0.23125 0.794385 0.225469 0.799268 0.226484 0.806055 0.230664 0.805176 0.234883 0.805615 0.240508 0.806689 0.243984 0.799609
1 0.221484 0.813965 0.225 0.807617 0.23625 0.806934 0.237578 0.810547 0.233594 0.81543 0.228906 0.819336 0.223828 0.819336
1 0.185547 0.87793 0.185156 0.884277 0.188281 0.890625 0.19375 0.894043 0.200781 0.892578 0.2 0.884766 0.194531 0.878906 0.189844 0.876465
1 0.196484 0.974121 0.192969 0.973633 0.189062 0.979004 0.188281 0.987305 0.189844 0.991211 0.194141 0.990723 0.196875 0.98584 0.198047 0.977051
1 0.182812 0.939453 0.177344 0.940918 0.173047 0.946289 0.173047 0.956055 0.178125 0.956543 0.182422 0.950684 0.184375 0.945312
1 0.10625 0.723145 0.101953 0.723633 0.0980469 0.729492 0.0960938 0.742676 0.0984375 0.746582 0.102734 0.745117 0.106641 0.73877 0.107813 0.725586
1 0.0324219 0.730469 0.0285156 0.734863 0.028125 0.747559 0.0296875 0.751465 0.034375 0.75293 0.0378906 0.748535 0.0386719 0.738281 0.0375 0.73291
1 0.0730469 0.60498 0.0683594 0.605469 0.0632812 0.61084 0.0605469 0.619141 0.0621094 0.624512 0.065625 0.625488 0.0707031 0.621582 0.075 0.611816 0.075 0.607422
1 0.0917969 0.569824 0.0894531 0.570801 0.0835937 0.57959 0.084375 0.588867 0.0871094 0.591309 0.0917969 0.590332 0.0949219 0.583984 0.0953125 0.574707
1 0.0683594 0.547363 0.0636719 0.54834 0.0613281 0.556641 0.0613281 0.561035 0.0648438 0.565918 0.0683594 0.56543 0.0714844 0.560547 0.071875 0.552246
1 0.090625 0.561035 0.0921875 0.563965 0.0914062 0.568359 0.084375 0.576172 0.0804688 0.578076 0.0762109 0.572754 0.0800781 0.568359 0.0875 0.556738
1 0.0726563 0.586914 0.0726563 0.591309 0.0773438 0.593262 0.0832031 0.591309 0.084375 0.584473 0.0816406 0.581543 0.0761719 0.581055
1 0.120703 0.439941 0.115234 0.438477 0.111719 0.440918 0.106641 0.449219 0.107422 0.455078 0.1125 0.455566 0.116406 0.452637 0.120313 0.445312
1 0.0992187 0.393555 0.0941406 0.39209 0.090625 0.394043 0.0863281 0.398926 0.0859375 0.404297 0.0890625 0.40625 0.0964844 0.404297 0.1 0.396973
1 0.131641 0.35791 0.126172 0.357422 0.121484 0.360352 0.120313 0.366211 0.123047 0.369629 0.128906 0.368652 0.132812 0.36377
1 0.201953 0.376465 0.200781 0.375 0.193359 0.375977 0.189844 0.381836 0.192578 0.38623 0.196875 0.385742 0.201172 0.382812
1 0.157812 0.30127 0.154297 0.299805 0.149609 0.303223 0.147656 0.30957 0.149219 0.316406 0.154297 0.315918 0.157812 0.310547
1 0.103125 0.345215 0.1 0.342285 0.0953125 0.342285 0.0898438 0.345215 0.0886719 0.350586 0.0925781 0.35498 0.0992187 0.354492 0.102344 0.350586
1 0.0574219 0.297852 0.0546875 0.299316 0.0519531 0.308594 0.0527344 0.317871 0.0558594 0.321777 0.0601563 0.319824 0.0617188 0.312012 0.0617188 0.302246
1 0.0429688 0.296387 0.0394531 0.293945 0.0324219 0.295898 0.0269531 0.302246 0.0269531 0.308594 0.0285156 0.310547 0.0371094 0.309082 0.0425781 0.302246
1 0.0191406 0.306641 0.0132812 0.306152 0.0078125 0.30957 0.00546875 0.313965 0.00585938 0.318848 0.0113281 0.321289 0.0171875 0.317871 0.0203125 0.312012
1 0.0367188 0.325684 0.0339844 0.330566 0.034375 0.335938 0.0378906 0.341797 0.0449219 0.343262 0.0449219 0.329102 0.0414062 0.326172
1 0.0339844 0.339844 0.0300781 0.341309 0.0277344 0.345215 0.0285156 0.356934 0.0324219 0.359375 0.0367188 0.356445 0.0382813 0.351562 0.0378906 0.344727
1 0.223828 0.268555 0.221094 0.271484 0.221484 0.279297 0.224219 0.284668 0.229687 0.287109 0.232031 0.28418 0.23125 0.275391 0.227734 0.270508
1 0.255078 0.275879 0.250781 0.275391 0.246094 0.282227 0.245312 0.289551 0.247266 0.292969 0.249219 0.292969 0.253906 0.287598 0.256641 0.279785
1 0.192969 0.246094 0.189453 0.246582 0.186719 0.251465 0.185547 0.26123 0.1875 0.26416 0.191016 0.26416 0.194141 0.259766 0.195703 0.251465
1 0.316406 0.283203 0.3125 0.281738 0.306641 0.283691 0.303125 0.290527 0.303516 0.294434 0.311328 0.29541 0.316016 0.289551
1 0.350781 0.262695 0.353906 0.268066 0.358203 0.270508 0.363672 0.270996 0.366406 0.268555 0.366797 0.263672 0.363281 0.259277 0.353906 0.258789
1 0.397266 0.263184 0.397656 0.268066 0.404687 0.273926 0.413281 0.275391 0.415625 0.271973 0.414453 0.26709 0.408594 0.262207 0.399609 0.260742
1 0.0886719 0.232422 0.0855469 0.230469 0.078125 0.231934 0.0722656 0.239258 0.0722656 0.246094 0.0769531 0.248535 0.0824219 0.245605 0.0886719 0.237793
1 0.183594 0.17627 0.178516 0.17627 0.171875 0.182129 0.169141 0.188965 0.170703 0.193848 0.176563 0.194336 0.183984 0.186523 0.185156 0.180664
1 0.177734 0.12793 0.173437 0.128418 0.170703 0.134766 0.170313 0.144043 0.173437 0.148438 0.178516 0.144531 0.180078 0.138672 0.179688 0.130859
1 0.24375 0.197754 0.241406 0.201172 0.242578 0.209473 0.246875 0.216797 0.250781 0.216797 0.251953 0.214844 0.250781 0.205566 0.247266 0.199219
1 0.247656 0.14502 0.245312 0.143066 0.239453 0.14502 0.233203 0.151855 0.232813 0.157227 0.236328 0.158691 0.242969 0.155273 0.246875 0.150879
1 0.221094 0.172363 0.221094 0.177246 0.224609 0.180664 0.229687 0.180664 0.233594 0.178223 0.233594 0.174805 0.225781 0.17041
1 0.242578 0.177246 0.239453 0.175781 0.231641 0.181641 0.228516 0.186523 0.229297 0.192383 0.233203 0.194824 0.239453 0.19043 0.243359 0.183594
1 0.382422 0.211914 0.376172 0.210449 0.372656 0.212402 0.368359 0.218262 0.36875 0.224121 0.373828 0.225586 0.381641 0.218262
1 0.348828 0.188965 0.344922 0.192871 0.345313 0.20166 0.347656 0.206543 0.350391 0.207031 0.353125 0.200684 0.353125 0.194824
1 0.337891 0.192871 0.335938 0.198242 0.337109 0.208496 0.341797 0.209961 0.343359 0.206543 0.342578 0.197266
1 0.333203 0.21875 0.329688 0.223633 0.331055 0.227637 0.334063 0.229248 0.338242 0.232617 0.341406 0.233398 0.342578 0.224121 0.338281 0.219727
1 0.329297 0.227539 0.327344 0.230469 0.327344 0.234863 0.329688 0.239746 0.333203 0.241699 0.337109 0.240234 0.339453 0.236328 0.338672 0.23291 0.333984 0.228516
1 0.440312 0.227197 0.438281 0.232422 0.440625 0.244141 0.442578 0.248047 0.447617 0.249756 0.447656 0.244629 0.446875 0.238281 0.444141 0.231445
1 0.436328 0.228516 0.430469 0.229004 0.422656 0.236816 0.423047 0.241211 0.429258 0.240625 0.432461 0.238818 0.435273 0.233447
1 0.326562 0.162109 0.322266 0.162109 0.317188 0.166504 0.316406 0.17334 0.318359 0.17627 0.325781 0.174316 0.327734 0.169434
1 0.369141 0.0629883 0.366406 0.065918 0.365234 0.0742188 0.366797 0.0771484 0.370312 0.078125 0.373437 0.0751953 0.373828 0.0654297
1 0.342187 0.106445 0.338281 0.104004 0.333594 0.104492 0.327734 0.107422 0.326172 0.111816 0.329688 0.116699 0.338672 0.117188 0.342578 0.114258
1 0.324609 0.0830078 0.321484 0.0869141 0.321094 0.0952148 0.322266 0.100098 0.326562 0.103516 0.330469 0.097168 0.33125 0.0908203 0.326562 0.0830078
1 0.305859 0.126465 0.30625 0.131348 0.310547 0.136719 0.316406 0.138184 0.31875 0.13623 0.317969 0.126953 0.311719 0.124512
1 0.274609 0.12207 0.272656 0.125488 0.274609 0.138184 0.278125 0.142578 0.283984 0.144043 0.286328 0.137207 0.283203 0.12793 0.279687 0.123047
1 0.243359 0.0610352 0.241406 0.0644531 0.241797 0.0737305 0.244531 0.0791016 0.248438 0.0800781 0.250391 0.0732422 0.249609 0.0664062 0.247656 0.0620117
1 0.415234 0.111816 0.413281 0.114746 0.413672 0.123535 0.419531 0.128906 0.421094 0.124512 0.419531 0.115234
1 0.397266 0.130859 0.392188 0.133789 0.390625 0.138184 0.392188 0.143555 0.396484 0.143066 0.398828 0.135742
1 0.405859 0.134277 0.40625 0.13916 0.410547 0.141113 0.41875 0.13916 0.420312 0.135742 0.419531 0.133301 0.414453 0.131348 0.408203 0.131348
1 0.510156 0.0634766 0.504297 0.0625 0.501172 0.0639648 0.497266 0.0708008 0.497656 0.074707 0.5 0.0766602 0.50625 0.074707 0.509766 0.0678711
1 0.485156 0.0317383 0.485156 0.0371094 0.489453 0.043457 0.492969 0.0454102 0.498047 0.0439453 0.498437 0.0395508 0.494922 0.0332031 0.490625 0.0302734
1 0.529687 0.034668 0.527734 0.0332031 0.522656 0.034668 0.517188 0.0405273 0.516797 0.0458984 0.522266 0.0488281 0.528125 0.0454102 0.530078 0.0415039
1 0.534766 0.144043 0.534375 0.148438 0.538281 0.155273 0.544141 0.158203 0.547656 0.156738 0.548438 0.15332 0.544141 0.145996 0.538281 0.142578
1 0.0507812 0.123047 0.0476562 0.122559 0.0414062 0.127441 0.0398437 0.131836 0.0410156 0.139648 0.0457031 0.140625 0.0511719 0.135742
1 0.0566406 0.123047 0.0511719 0.125488 0.05 0.13623 0.053125 0.137207 0.0578125 0.132812 0.0589844 0.126953
1 0.04375 0.0981445 0.0398437 0.103027 0.0394531 0.11377 0.0414062 0.118164 0.0460938 0.121094 0.0488281 0.116699 0.0507812 0.106934 0.0484375 0.100586
1 0.0078125 0.0771484 0.00625 0.0825195 0.00898437 0.0913086 0.0128906 0.09375 0.0167969 0.0927734 0.0183594 0.0878906 0.0144531 0.078125 0.0105469 0.0761719
