1 0.25625 0.157715 0.25625 0.163574 0.258984 0.17041 0.261328 0.174316 0.263672 0.17627 0.268359 0.182617 0.271484 0.190918 0.275391 0.197266 0.283594 0.205566 0.298438 0.214844 0.309375 0.216309 0.3125 0.21582 0.318359 0.212891 0.323828 0.208496 0.324219 0.206055 0.321484 0.201172 0.313672 0.196289 0.311719 0.193848 0.307812 0.187012 0.305078 0.183594 0.300781 0.175781 0.299609 0.172363 0.292969 0.164551 0.284766 0.160645 0.271094 0.15918 0.264062 0.157715 0.260937 0.15625 0.258594 0.15625
1 0.488281 0.164551 0.486328 0.162598 0.483594 0.164062 0.478125 0.172363 0.476562 0.17627 0.467969 0.1875 0.464062 0.190918 0.461328 0.191895 0.458203 0.194336 0.451953 0.196289 0.434375 0.209473 0.424219 0.212402 0.423047 0.21582 0.423047 0.221191 0.423828 0.224121 0.425391 0.226074 0.428906 0.228027 0.432031 0.228516 0.440234 0.231934 0.445703 0.23291 0.458203 0.232422 0.466797 0.227051 0.473438 0.219727 0.475781 0.218262 0.476953 0.216309 0.480859 0.206055 0.483203 0.203125 0.484375 0.198242 0.486328 0.194336 0.490234 0.176758 0.489844 0.16748
1 0.760156 0.31543 0.756641 0.315918 0.753906 0.325195 0.753516 0.333008 0.750781 0.343262 0.75 0.354004 0.748047 0.362305 0.747656 0.37207 0.746094 0.381836 0.745703 0.402344 0.746875 0.405762 0.748437 0.406738 0.751563 0.40625 0.752734 0.404785 0.754687 0.399902 0.758984 0.393555 0.762891 0.384277 0.767969 0.37793 0.770703 0.375977 0.775391 0.364746 0.777344 0.354004 0.777734 0.348145 0.776953 0.338867 0.773828 0.324219 0.771875 0.321777 0.768359 0.320801
1 0.782031 0.350586 0.779687 0.351562 0.778125 0.354004 0.775781 0.365234 0.769922 0.383789 0.769531 0.387695 0.767578 0.394531 0.767578 0.408691 0.76875 0.414551 0.774609 0.432617 0.778906 0.440918 0.789062 0.452637 0.791016 0.454102 0.794922 0.45459 0.796094 0.452637 0.794141 0.434082 0.794922 0.42334 0.797266 0.413574 0.799609 0.408203 0.801172 0.397461 0.801172 0.387207 0.796484 0.374023 0.795703 0.368164 0.789453 0.354004 0.787109 0.351074
1 0.0582031 0.0493164 0.0554687 0.0493164 0.0539063 0.050293 0.0503906 0.0561523 0.0421875 0.0776367 0.0328125 0.0942383 0.028125 0.108398 0.0273438 0.120605 0.0285156 0.125488 0.0285156 0.130859 0.0296875 0.137695 0.0316406 0.144043 0.0328125 0.15332 0.034375 0.157715 0.0363281 0.166992 0.0375 0.168945 0.0410156 0.168945 0.0421875 0.167969 0.0457031 0.15918 0.0460938 0.154297 0.05 0.141113 0.0582031 0.123047 0.0601563 0.116699 0.0605469 0.0942383 0.0597656 0.078125 0.0609375 0.0664062 0.0605469 0.0620117 0.0613281 0.0541992 0.0605469 0.0512695
2 0.769531 0.227539 0.770703 0.233398 0.775 0.23877 0.778906 0.242676 0.791406 0.251465 0.795703 0.257812 0.80625 0.26709 0.808984 0.268066 0.8125 0.268066 0.813281 0.26709 0.814453 0.262207 0.814063 0.260742 0.810547 0.255859 0.804688 0.250488 0.803125 0.247559 0.796484 0.240234 0.7875 0.234375 0.783203 0.230469 0.775391 0.227539
1 0.54375 0.911133 0.541406 0.908691 0.530859 0.908691 0.523438 0.907227 0.510547 0.899902 0.504687 0.898438 0.488672 0.899902 0.477344 0.903809 0.469922 0.904785 0.463281 0.906738 0.458203 0.910156 0.456641 0.916504 0.457031 0.919922 0.458203 0.921875 0.464453 0.922363 0.471094 0.924316 0.479297 0.928711 0.481641 0.931152 0.489063 0.936035 0.50625 0.936035 0.521875 0.933105 0.542188 0.921875 0.543359 0.92041 0.544141 0.91748
1 0.435937 0.754395 0.436328 0.757812 0.437891 0.760254 0.441797 0.761719 0.454688 0.769531 0.462891 0.776855 0.466016 0.78125 0.475 0.788574 0.489453 0.793945 0.503516 0.795898 0.513281 0.799316 0.521094 0.800781 0.526172 0.803711 0.530078 0.803223 0.528516 0.799316 0.520312 0.790527 0.517578 0.78418 0.5125 0.777832 0.508203 0.774902 0.505859 0.771973 0.502344 0.769531 0.490625 0.758301 0.479687 0.753418 0.46875 0.751953 0.458203 0.751465 0.448828 0.752441 0.442188 0.751465 0.437891 0.752441
1 0.515234 0.817383 0.513281 0.814453 0.507031 0.810547 0.502344 0.805176 0.497656 0.802246 0.494531 0.80127 0.489844 0.797852 0.484766 0.796387 0.476953 0.796387 0.470313 0.800293 0.466016 0.800781 0.455469 0.807617 0.452734 0.810547 0.447266 0.813477 0.444922 0.815918 0.439844 0.818848 0.435937 0.819824 0.432422 0.821777 0.432031 0.824219 0.435547 0.827148 0.442969 0.828613 0.478516 0.82959 0.485938 0.828613 0.49375 0.825684 0.501563 0.824219 0.5125 0.82373 0.514062 0.822266
1 0.737109 0.290039 0.7375 0.29541 0.739453 0.297852 0.742969 0.299805 0.748437 0.306152 0.753125 0.309082 0.759375 0.31543 0.767578 0.319336 0.778125 0.321777 0.784375 0.321289 0.790234 0.317871 0.794531 0.316406 0.798438 0.310547 0.799219 0.305664 0.802344 0.29541 0.802344 0.289551 0.799609 0.284668 0.797656 0.284668 0.792578 0.287109 0.787109 0.287109 0.785547 0.286133 0.775391 0.28418 0.772266 0.282715 0.766797 0.282715 0.764062 0.28418 0.755078 0.286621 0.742188 0.287109 0.739062 0.288086
1 0.936328 0.100586 0.934375 0.101074 0.932422 0.104492 0.932422 0.117676 0.931641 0.12207 0.931641 0.128906 0.926953 0.150879 0.924609 0.17041 0.924609 0.179199 0.928125 0.191895 0.930469 0.197266 0.931641 0.19873 0.934766 0.200195 0.936328 0.199707 0.937109 0.198242 0.936328 0.186523 0.9375 0.180664 0.941406 0.17041 0.947656 0.159668 0.95 0.153809 0.950781 0.149902 0.950781 0.133789 0.948828 0.12207 0.945703 0.114746 0.944922 0.109863 0.943359 0.105957 0.940625 0.102539
1 0.263281 0 0.226953 0 0.226953 0.00146484 0.221484 0.0078125 0.221484 0.00878906 0.219531 0.0112305 0.217188 0.012207 0.210547 0.0205078 0.208203 0.0214844 0.20625 0.0239258 0.200781 0.0268555 0.196875 0.0273438 0.194922 0.0302734 0.194922 0.0322266 0.197656 0.0351562 0.2125 0.0351562 0.223828 0.0327148 0.233203 0.0317383 0.2375 0.0292969 0.241016 0.0258789 0.245703 0.0234375 0.254297 0.0136719 0.255469 0.0131836 0.260937 0.00683594 0.263281 0.00195312
1 0.296094 0 0.267578 0 0.267188 0.00292969 0.265625 0.00683594 0.264844 0.012207 0.265234 0.019043 0.267578 0.0341797 0.266797 0.0507812 0.264844 0.0551758 0.264844 0.0585938 0.265625 0.0605469 0.271094 0.0605469 0.276172 0.0541992 0.283594 0.0385742 0.285547 0.0322266 0.289062 0.027832 0.292969 0.0200195 0.296094 0.0161133 0.297266 0.012207 0.297266 0.00585938
1 0.719922 0.280273 0.718359 0.281738 0.716797 0.286133 0.716016 0.300293 0.712891 0.312012 0.712109 0.325684 0.713281 0.32959 0.715625 0.333984 0.717187 0.340332 0.721484 0.348633 0.723047 0.354004 0.728516 0.359375 0.73125 0.365723 0.732852 0.369189 0.733203 0.369629 0.733555 0.372559 0.734023 0.375391 0.734375 0.37793 0.735938 0.383301 0.737109 0.384766 0.739844 0.385254 0.740625 0.384277 0.742188 0.37793 0.743359 0.369629 0.743359 0.355469 0.744531 0.348145 0.744141 0.338867 0.741406 0.330566 0.740625 0.324219 0.732812 0.303711 0.729297 0.296875 0.726172 0.292969 0.724219 0.286133 0.721484 0.280762
1 0.851562 0.104492 0.848828 0.104004 0.841406 0.117188 0.838281 0.121094 0.834375 0.124023 0.829688 0.130371 0.826172 0.132812 0.817969 0.14209 0.815625 0.146973 0.813672 0.149414 0.810937 0.150879 0.80625 0.157715 0.802344 0.166016 0.800781 0.17334 0.797266 0.182129 0.796875 0.186523 0.794531 0.195312 0.794531 0.199219 0.798047 0.20459 0.799609 0.204102 0.809375 0.192383 0.817187 0.186035 0.827344 0.179688 0.833594 0.171875 0.839063 0.166992 0.841016 0.160156 0.841797 0.154785 0.845313 0.148926 0.847656 0.142578 0.849609 0.139648 0.852344 0.130371 0.853516 0.123047 0.853516 0.109375
1 0.303516 0.774902 0.302344 0.773438 0.300391 0.772949 0.287891 0.772949 0.274609 0.775879 0.264844 0.778809 0.258203 0.781738 0.247656 0.78418 0.241797 0.787598 0.228516 0.797852 0.223047 0.804688 0.219531 0.807617 0.218359 0.813477 0.221094 0.814941 0.228516 0.814941 0.238281 0.817383 0.252344 0.816895 0.261719 0.813965 0.267578 0.810547 0.270703 0.807129 0.275391 0.804199 0.279297 0.799316 0.286719 0.794434 0.294531 0.786621 0.302344 0.78125 0.303516 0.779785
1 0.721875 0.353027 0.720313 0.353027 0.716016 0.360352 0.711719 0.387695 0.711719 0.424805 0.712891 0.430664 0.715625 0.433105 0.717578 0.433105 0.719141 0.432129 0.725781 0.425293 0.734766 0.414062 0.737109 0.409668 0.738672 0.404297 0.739062 0.382812 0.735547 0.379395 0.732812 0.374023 0.732031 0.368164 0.728125 0.359375 0.725391 0.355469
