1 0.401562 0.700684 0.400391 0.70459 0.401562 0.709473 0.406641 0.712402 0.416406 0.712402 0.418359 0.711426 0.420703 0.70752 0.420312 0.70459 0.412891 0.694336 0.408203 0.695312
1 0.107422 0.725098 0.10625 0.731445 0.108203 0.746582 0.106641 0.764648 0.109375 0.779297 0.113672 0.789551 0.114453 0.804688 0.115625 0.80957 0.117969 0.812988 0.120313 0.812988 0.123047 0.811035 0.127344 0.804199 0.130469 0.79541 0.132812 0.782715 0.133984 0.764648 0.131641 0.753906 0.124609 0.739746 0.116797 0.729004 0.111719 0.725586
1 0.433594 0.513672 0.432031 0.509766 0.429688 0.507324 0.419922 0.507324 0.412109 0.514648 0.410547 0.518066 0.410547 0.521973 0.4125 0.523926 0.419141 0.525879 0.424609 0.525391 0.432031 0.520508 0.433594 0.516602
1 0.181641 0.626953 0.182031 0.633301 0.185156 0.638184 0.189062 0.63916 0.197266 0.638184 0.200781 0.640137 0.208203 0.646484 0.214453 0.657227 0.225 0.668945 0.240625 0.666992 0.244531 0.663574 0.248438 0.657715 0.248047 0.655762 0.242188 0.648926 0.2375 0.641113 0.229297 0.630859 0.223828 0.625977 0.217188 0.623535 0.207813 0.622559 0.200781 0.626953 0.197266 0.627441 0.196875 0.623047 0.192578 0.620117 0.186719 0.620117 0.183203 0.623047
1 0.152734 0.472168 0.152344 0.472656 0.151953 0.472656 0.151562 0.473145 0.150391 0.473145 0.15 0.473633 0.149219 0.473633 0.148828 0.474121 0.148047 0.474121 0.147266 0.475098 0.146484 0.475098 0.146094 0.475586 0.145703 0.475586 0.145313 0.476074 0.144922 0.476074 0.144141 0.477051 0.142969 0.477051 0.141797 0.478516 0.141797 0.479004 0.140625 0.480469 0.140625 0.480957 0.138672 0.483398 0.138672 0.483887 0.138281 0.484375 0.138281 0.484863 0.13125 0.493652 0.130859 0.493652 0.129688 0.495117 0.129688 0.495605 0.129297 0.496094 0.128516 0.496094 0.126562 0.498535 0.126172 0.498535 0.125781 0.499023 0.125391 0.499023 0.124609 0.5 0.124219 0.5 0.123047 0.501465 0.123047 0.501953 0.121094 0.504395 0.120703 0.504395 0.11875 0.506836 0.118359 0.506836 0.117188 0.508301 0.117188 0.508789 0.116406 0.509766 0.116406 0.510254 0.115625 0.51123 0.115625 0.511719 0.114453 0.513184 0.114453 0.513672 0.114062 0.51416 0.114062 0.514648 0.113672 0.515137 0.113672 0.51709 0.115234 0.519043 0.118359 0.519043 0.11875 0.518555 0.119922 0.518555 0.120313 0.518066 0.121875 0.518066 0.122656 0.51709 0.123047 0.51709 0.123828 0.516113 0.125391 0.516113 0.125781 0.515625 0.126172 0.515625 0.126562 0.515137 0.126953 0.515137 0.128125 0.513672 0.128516 0.513672 0.128906 0.513184 0.129297 0.513184 0.130859 0.51123 0.132031 0.51123 0.133203 0.509766 0.133594 0.509766 0.134766 0.508301 0.135156 0.508301 0.135547 0.507812 0.136328 0.507812 0.138281 0.505371 0.139063 0.505371 0.141797 0.501953 0.142187 0.501953 0.142969 0.500977 0.14375 0.500977 0.146875 0.49707 0.148047 0.49707 0.148438 0.496582 0.149219 0.496582 0.150391 0.495117 0.151172 0.495117 0.152734 0.493164 0.153906 0.493164 0.154688 0.492188 0.155469 0.492188 0.155859 0.491699 0.156641 0.491699 0.157031 0.491211 0.157422 0.491211 0.158203 0.490234 0.158594 0.490234 0.159766 0.48877 0.159766 0.488281 0.161328 0.486328 0.161328 0.48584 0.161719 0.485352 0.161719 0.478027 0.161328 0.477539 0.161328 0.475586 0.159375 0.473145 0.158984 0.473145 0.158203 0.472168
1 0.154688 0.519531 0.153906 0.520508 0.154297 0.529785 0.161328 0.547363 0.168359 0.55957 0.178125 0.570312 0.188672 0.57959 0.196875 0.582031 0.198437 0.57959 0.198437 0.574219 0.197656 0.570312 0.194141 0.563477 0.192969 0.548828 0.189453 0.537598 0.184766 0.53125 0.183594 0.527832 0.176563 0.523438 0.165625 0.522461 0.162891 0.520996
1 0.369922 0.543945 0.363281 0.544922 0.351953 0.552246 0.341797 0.568848 0.339844 0.574219 0.339844 0.585449 0.341406 0.594238 0.347266 0.60498 0.351172 0.617676 0.353906 0.62207 0.358984 0.622559 0.361719 0.619629 0.364844 0.575684 0.367188 0.566895 0.373828 0.550781 0.373047 0.546387
1 0.327344 0.764648 0.322656 0.764648 0.317188 0.769531 0.315625 0.774902 0.315625 0.780762 0.317578 0.786133 0.323828 0.78418 0.328516 0.778809 0.329688 0.771484 0.329297 0.768066
1 0.474219 0.628906 0.469922 0.628906 0.465625 0.632324 0.462109 0.64209 0.460547 0.649414 0.459766 0.662109 0.457813 0.67041 0.458203 0.67627 0.461719 0.680664 0.464062 0.686035 0.466016 0.697266 0.467187 0.699219 0.46875 0.699707 0.471094 0.699219 0.479297 0.6875 0.480078 0.682617 0.482812 0.677246 0.483594 0.67334 0.483594 0.651367 0.480078 0.641113
1 0.0914062 0.591797 0.0871094 0.59375 0.0792969 0.609375 0.0707031 0.623047 0.0691406 0.628418 0.0675781 0.642578 0.0679687 0.653809 0.0667969 0.673828 0.0671875 0.686523 0.06875 0.688965 0.071875 0.688965 0.0730469 0.687988 0.0777344 0.673828 0.0894531 0.646973 0.0894531 0.617676 0.0902344 0.609863 0.0933594 0.598145 0.0929688 0.593262
1 0.528906 0.363281 0.525 0.360352 0.513281 0.359375 0.510156 0.360352 0.503906 0.365234 0.498437 0.367676 0.488281 0.385254 0.478125 0.400391 0.477344 0.403809 0.478516 0.406738 0.482812 0.407715 0.491016 0.398926 0.505078 0.390137 0.509375 0.388672 0.514453 0.384766 0.519531 0.376953 0.526172 0.37207 0.528516 0.368164
1 0.299609 0.467773 0.303125 0.476074 0.310547 0.483398 0.313672 0.484375 0.333594 0.485352 0.337109 0.483398 0.344922 0.475098 0.349609 0.472168 0.354297 0.462891 0.354297 0.459961 0.352344 0.456543 0.344531 0.452637 0.339844 0.45166 0.330469 0.452148 0.326953 0.450684 0.31875 0.451172 0.305859 0.456543 0.301563 0.460938 0.299609 0.465332
1 0.317969 0.376465 0.317188 0.378418 0.317578 0.384277 0.321484 0.390625 0.327734 0.392578 0.334766 0.39209 0.336328 0.383301 0.333984 0.37793 0.331641 0.375488 0.326953 0.372559 0.323047 0.372559
1 0.0730469 0.483887 0.0726563 0.484375 0.071875 0.484375 0.0710937 0.485352 0.0703125 0.485352 0.06875 0.487305 0.06875 0.488281 0.0683594 0.48877 0.0683594 0.489258 0.0679687 0.489746 0.0679687 0.490234 0.0675781 0.490723 0.0675781 0.499023 0.0683594 0.5 0.0683594 0.500488 0.0703125 0.50293 0.0703125 0.504395 0.0722656 0.506836 0.0722656 0.507324 0.0738281 0.509277 0.0738281 0.510254 0.0742188 0.510742 0.0742188 0.51123 0.075 0.512207 0.075 0.512695 0.0757812 0.513672 0.0757812 0.514648 0.0773438 0.516602 0.0773438 0.517578 0.0777344 0.518066 0.0777344 0.518555 0.0785156 0.519531 0.0785156 0.52002 0.0808594 0.522949 0.0808594 0.523438 0.0820312 0.524902 0.0824219 0.524902 0.0839844 0.526855 0.084375 0.526855 0.0859375 0.528809 0.0863281 0.528809 0.0882813 0.53125 0.0886719 0.53125 0.0894531 0.532227 0.0898438 0.532227 0.0902344 0.532715 0.0914062 0.532715 0.0921875 0.533691 0.0976562 0.533691 0.0984375 0.534668 0.1 0.534668 0.100391 0.535156 0.100781 0.535156 0.101172 0.535645 0.101953 0.535645 0.102344 0.536133 0.103125 0.536133 0.104297 0.537598 0.104297 0.539062 0.104688 0.539551 0.104688 0.540527 0.105078 0.541016 0.105078 0.541992 0.105469 0.54248 0.105469 0.542969 0.106641 0.544434 0.108203 0.544434 0.109375 0.542969 0.109375 0.541016 0.109766 0.540527 0.110937 0.540527 0.112109 0.539062 0.112109 0.536621 0.110937 0.535156 0.108984 0.535156 0.107813 0.533691 0.107813 0.533203 0.107422 0.532715 0.107422 0.530762 0.107031 0.530273 0.107031 0.525391 0.106641 0.524902 0.106641 0.524414 0.10625 0.523926 0.10625 0.518066 0.105469 0.51709 0.105469 0.512695 0.105078 0.512207 0.105078 0.510254 0.104297 0.509277 0.104297 0.508301 0.103906 0.507812 0.103906 0.503906 0.101562 0.500977 0.101562 0.500488 0.101172 0.5 0.101172 0.499512 0.100391 0.498535 0.100391 0.497559 0.1 0.49707 0.1 0.496582 0.0996094 0.496094 0.0996094 0.495605 0.0992187 0.495117 0.0992187 0.494629 0.0976562 0.492676 0.0976562 0.492188 0.0957031 0.489746 0.0945312 0.489746 0.0941406 0.489258 0.0925781 0.489258 0.0921875 0.48877 0.0914062 0.48877 0.0910156 0.488281 0.0898438 0.488281 0.0890625 0.487305 0.0878906 0.487305 0.0875 0.486816 0.0867187 0.486816 0.0863281 0.486328 0.0851563 0.486328 0.0847656 0.48584 0.0835937 0.48584 0.0832031 0.485352 0.0824219 0.485352 0.0820312 0.484863 0.0808594 0.484863 0.0804688 0.484375 0.0792969 0.484375 0.0789062 0.483887
1 0.182031 0.506348 0.18125 0.51123 0.185547 0.52002 0.192578 0.522461 0.197656 0.52002 0.198437 0.516113 0.198047 0.51123 0.194141 0.505859 0.190625 0.503906 0.185547 0.503906
1 0.484766 0.431641 0.481641 0.431641 0.478125 0.433594 0.472656 0.442383 0.471484 0.447266 0.472266 0.460449 0.474609 0.469238 0.475391 0.480957 0.477734 0.489258 0.485156 0.48291 0.49375 0.47168 0.496484 0.459473 0.496094 0.447266 0.490625 0.436523
1 0.377344 0.407227 0.376172 0.408203 0.375781 0.424805 0.383984 0.446777 0.382812 0.452637 0.389844 0.463379 0.391406 0.471191 0.395703 0.480957 0.397656 0.480957 0.401172 0.477051 0.405469 0.46582 0.407422 0.441406 0.402344 0.431152 0.394531 0.421387 0.387891 0.415527 0.38125 0.407227
1 0.330859 0.619629 0.329297 0.619629 0.328516 0.620605 0.328125 0.620605 0.327734 0.621094 0.327344 0.621094 0.326953 0.621582 0.326562 0.621582 0.326172 0.62207 0.325781 0.62207 0.325 0.623047 0.325 0.623535 0.323047 0.625977 0.322656 0.625977 0.321094 0.62793 0.321094 0.628418 0.31875 0.631348 0.318359 0.631348 0.318359 0.631836 0.317578 0.632812 0.317578 0.634277 0.317188 0.634766 0.317188 0.636719 0.316797 0.637207 0.316797 0.638672 0.316406 0.63916 0.316406 0.640137 0.316016 0.640625 0.316016 0.644531 0.316406 0.64502 0.316406 0.647949 0.315234 0.649414 0.315234 0.649902 0.314063 0.651367 0.314063 0.651855 0.313672 0.652344 0.313672 0.653809 0.313281 0.654297 0.313281 0.655273 0.3125 0.65625 0.3125 0.656738 0.312109 0.657227 0.312109 0.657715 0.311719 0.658203 0.311719 0.658691 0.311328 0.65918 0.311328 0.659668 0.310937 0.660156 0.310937 0.666016 0.310547 0.666504 0.310547 0.675781 0.310937 0.67627 0.310937 0.677734 0.311719 0.678711 0.311719 0.679688 0.312109 0.680176 0.312109 0.681152 0.3125 0.681641 0.3125 0.682129 0.312891 0.682617 0.312891 0.683594 0.313281 0.684082 0.313281 0.685059 0.313672 0.685547 0.313672 0.686523 0.314063 0.687012 0.314063 0.6875 0.314453 0.687988 0.314453 0.688477 0.314844 0.688965 0.314844 0.689453 0.315625 0.69043 0.315625 0.690918 0.316016 0.691406 0.316016 0.691895 0.316406 0.692383 0.316406 0.692871 0.316797 0.693359 0.316797 0.694336 0.317188 0.694824 0.317188 0.695312 0.317578 0.695801 0.317578 0.696777 0.317969 0.697266 0.317969 0.697754 0.318359 0.698242 0.318359 0.69873 0.31875 0.699219 0.31875 0.700195 0.319141 0.700684 0.319141 0.701172 0.319531 0.70166 0.319531 0.702148 0.319922 0.702637 0.319922 0.703613 0.320312 0.704102 0.320312 0.705566 0.320703 0.706055 0.320703 0.706543 0.322266 0.708496 0.322656 0.708496 0.323047 0.708984 0.323437 0.708984 0.323828 0.709473 0.324219 0.709473 0.324609 0.709961 0.325 0.709961 0.325391 0.710449 0.326562 0.710449 0.326953 0.709961 0.327344 0.709961 0.328516 0.708496 0.328906 0.708496 0.33125 0.705566 0.33125 0.70459 0.331641 0.704102 0.331641 0.703613 0.332031 0.703125 0.332031 0.702148 0.332422 0.70166 0.332422 0.700684 0.332813 0.700195 0.332813 0.69873 0.333203 0.698242 0.333203 0.696777 0.333594 0.696289 0.333594 0.694824 0.333984 0.694336 0.333984 0.692383 0.334375 0.691895 0.334375 0.689941 0.334766 0.689453 0.334766 0.686035 0.335156 0.685547 0.335156 0.666992 0.334766 0.666504 0.334766 0.661621 0.334375 0.661133 0.334375 0.650879 0.333984 0.650391 0.333984 0.645996 0.333594 0.645508 0.333594 0.640625 0.333203 0.640137 0.333203 0.63623 0.332813 0.635742 0.332813 0.623535 0.332422 0.623047 0.332422 0.62207 0.332031 0.621582 0.332031 0.621094
1 0.448437 0.334473 0.444141 0.335449 0.4375 0.34668 0.434766 0.353027 0.430469 0.367676 0.427344 0.374023 0.426172 0.379883 0.426172 0.395996 0.429688 0.411621 0.435156 0.418457 0.442578 0.421875 0.444531 0.421387 0.446094 0.418945 0.446875 0.407715 0.452344 0.393066 0.453906 0.381348 0.453125 0.36377 0.451953 0.356445 0.451953 0.338379 0.450781 0.335938
0 0.432812 0.631348 0.430859 0.628906 0.426953 0.626953 0.403906 0.625977 0.396484 0.627441 0.388281 0.631348 0.380078 0.63916 0.365234 0.648926 0.362109 0.651855 0.361719 0.65625 0.364844 0.662109 0.371484 0.663574 0.386328 0.662598 0.403906 0.658203 0.412109 0.651367 0.425391 0.643066 0.430078 0.638184 0.432422 0.634277
0 0.273047 0.286133 0.272656 0.291992 0.274609 0.298828 0.28125 0.309082 0.286328 0.321289 0.291406 0.330078 0.294922 0.334473 0.303125 0.34082 0.309375 0.342285 0.313281 0.345215 0.318359 0.344238 0.319531 0.341309 0.319531 0.338379 0.311328 0.321289 0.310156 0.311523 0.304688 0.304688 0.302734 0.300293 0.287891 0.290527 0.276562 0.285645
0 0.335938 0.0375977 0.332813 0.0375977 0.328125 0.0405273 0.326172 0.0463867 0.325781 0.0512695 0.327734 0.0571289 0.329297 0.059082 0.332813 0.0605469 0.335547 0.0595703 0.339062 0.0551758 0.341016 0.0507812 0.339844 0.0415039 0.337891 0.0385742
0 0 0.429199 0 0.475586 0.0117188 0.475098 0.0144531 0.476074 0.0257812 0.476074 0.0277344 0.475098 0.0292969 0.470703 0.0261719 0.461914 0.0203125 0.457031 0.0160156 0.451172 0.0152344 0.446777 0.0117188 0.44043 0.0105469 0.436035 0.0078125 0.432617 0.00195312 0.429199
0 0.235156 0.566895 0.233594 0.569336 0.233594 0.575195 0.234766 0.57959 0.239453 0.585449 0.241797 0.586914 0.245703 0.587402 0.248438 0.586426 0.25 0.584473 0.250391 0.579102 0.248047 0.573242 0.241016 0.566406
0 0.0855469 0.535156 0.0847656 0.536133 0.084375 0.536133 0.0832031 0.537598 0.0832031 0.538574 0.0824219 0.539551 0.0804688 0.539551 0.0796875 0.540527 0.0796875 0.541016 0.0785156 0.54248 0.0785156 0.543945 0.078125 0.544434 0.0777344 0.544434 0.0769531 0.54541 0.0761719 0.54541 0.0753906 0.546387 0.0753906 0.546875 0.075 0.547363 0.075 0.547852 0.0746094 0.54834 0.0746094 0.549805 0.0699219 0.555664 0.0699219 0.556641 0.0691406 0.557617 0.06875 0.557617 0.0679687 0.558594 0.0679687 0.559082 0.0675781 0.55957 0.0675781 0.560059 0.0664062 0.561523 0.0664062 0.5625 0.0644531 0.564941 0.0640625 0.564941 0.0632812 0.565918 0.0632812 0.566406 0.0628906 0.566895 0.0628906 0.567383 0.0625 0.567871 0.0625 0.582031 0.0621094 0.58252 0.0625 0.583008 0.0625 0.584961 0.0636719 0.586426 0.071875 0.586426 0.0738281 0.583984 0.0757812 0.583984 0.0769531 0.58252 0.0769531 0.582031 0.0773438 0.581543 0.0785156 0.581543 0.0796875 0.580078 0.0796875 0.579102 0.0804688 0.578125 0.08125 0.578125 0.0824219 0.57666 0.084375 0.57666 0.0855469 0.575195 0.0855469 0.574707 0.0863281 0.57373 0.0871094 0.57373 0.0875 0.574219 0.0890625 0.574219 0.0902344 0.572754 0.0902344 0.572266 0.090625 0.571777 0.0917969 0.571777 0.0933594 0.569824 0.09375 0.569824 0.0949219 0.568359 0.0949219 0.567871 0.0953125 0.567383 0.0976562 0.567383 0.0988281 0.565918 0.0988281 0.564453 0.0996094 0.563477 0.0996094 0.562988 0.1 0.5625 0.100391 0.5625 0.101562 0.561035 0.101562 0.560547 0.101953 0.560059 0.102344 0.560059 0.103516 0.558594 0.103516 0.557129 0.103906 0.556641 0.104297 0.556641 0.105469 0.555176 0.105469 0.549805 0.105859 0.549316 0.10625 0.549316 0.107422 0.547852 0.107422 0.544922 0.104297 0.541016 0.104297 0.540039 0.103125 0.538574 0.102344 0.538574 0.100391 0.536133 0.0964844 0.536133 0.0957031 0.535156
0 0.370312 0.461426 0.364453 0.461426 0.358594 0.464355 0.357031 0.466309 0.355078 0.471191 0.355469 0.477051 0.357031 0.480469 0.360156 0.481934 0.366016 0.481934 0.370703 0.478027 0.371484 0.463867
0 0.333984 0.160645 0.331641 0.162598 0.329297 0.167969 0.328125 0.188965 0.33125 0.20166 0.335156 0.211914 0.338281 0.231445 0.340625 0.234375 0.342578 0.234375 0.344922 0.231934 0.346875 0.226074 0.348047 0.213867 0.350781 0.200195 0.35 0.193359 0.350781 0.181641 0.347656 0.170898 0.338672 0.161621
