1 0.155078 0.117188 0.153516 0.120117 0.155469 0.123535 0.156641 0.12793 0.157266 0.138086 0.15625 0.149902 0.169453 0.165283 0.178906 0.175293 0.180859 0.179199 0.184766 0.182129 0.189844 0.181641 0.192188 0.178711 0.193359 0.173828 0.192969 0.169434 0.191406 0.163574 0.191016 0.154297 0.189844 0.151367 0.187109 0.148438 0.185156 0.144531 0.183203 0.138184 0.181641 0.128906 0.179688 0.125 0.175391 0.120605 0.173047 0.115234 0.170703 0.112793 0.164844 0.112305 0.160938 0.114258 0.158984 0.116211
1 0.620703 0.58252 0.620703 0.584473 0.623437 0.593262 0.629297 0.600098 0.640625 0.615723 0.646875 0.621582 0.656641 0.625 0.663281 0.625 0.671484 0.620605 0.673828 0.618164 0.678516 0.61084 0.685156 0.605469 0.689453 0.603516 0.692969 0.597656 0.692969 0.59375 0.690625 0.592285 0.674219 0.593262 0.666797 0.589355 0.660547 0.589355 0.658594 0.590332 0.646484 0.589844 0.639453 0.588379 0.634375 0.586426 0.627734 0.580078 0.624609 0.578613 0.622266 0.578613
1 0.189453 0.535156 0.189844 0.540039 0.191797 0.544922 0.192188 0.548828 0.194141 0.554688 0.208984 0.578613 0.212891 0.579102 0.219922 0.572754 0.225 0.569336 0.231641 0.559082 0.230859 0.553711 0.216797 0.532715 0.208984 0.531738 0.19375 0.531738 0.190234 0.533691
1 0.400391 0.533691 0.399609 0.530273 0.389062 0.518555 0.384375 0.512207 0.374219 0.503418 0.367969 0.50293 0.361719 0.504883 0.357031 0.505371 0.35 0.509766 0.341016 0.519531 0.339844 0.522461 0.330859 0.53418 0.327734 0.540039 0.326172 0.54541 0.330859 0.545898 0.333594 0.542969 0.337891 0.541016 0.351172 0.540527 0.355078 0.541504 0.362109 0.545898 0.3875 0.535156 0.398047 0.536133 0.399609 0.535645
1 0.474219 0.680176 0.472266 0.677734 0.470313 0.677246 0.467187 0.679688 0.465625 0.683594 0.463281 0.686523 0.460156 0.688477 0.45 0.691895 0.443359 0.692383 0.441406 0.693359 0.435547 0.69873 0.432422 0.703613 0.419531 0.719238 0.417578 0.723633 0.414062 0.729004 0.411328 0.73877 0.410938 0.744629 0.413281 0.745605 0.416406 0.744141 0.420312 0.740234 0.432812 0.734375 0.437891 0.73291 0.444922 0.729492 0.455859 0.727539 0.458984 0.725586 0.466797 0.715332 0.472656 0.705078 0.474609 0.696777 0.475391 0.687988
1 0.371484 0.868164 0.371484 0.876465 0.373047 0.880371 0.378906 0.882812 0.382031 0.887207 0.383203 0.891113 0.39375 0.901855 0.408984 0.912598 0.421094 0.913086 0.423438 0.912109 0.428906 0.908203 0.438281 0.899414 0.440234 0.898438 0.442188 0.895996 0.442578 0.891602 0.439844 0.890625 0.433594 0.890625 0.427734 0.888184 0.422266 0.881348 0.420703 0.876953 0.403906 0.861328 0.394141 0.859375 0.387891 0.86084 0.384375 0.86084 0.376953 0.862793 0.372266 0.865723
2 0.832812 0.632324 0.832812 0.635742 0.833594 0.638184 0.842969 0.644531 0.846875 0.649414 0.848437 0.652832 0.852344 0.658203 0.85625 0.660645 0.858594 0.663086 0.862109 0.664551 0.864453 0.66748 0.867188 0.668457 0.872266 0.668457 0.886328 0.666992 0.89375 0.66748 0.896484 0.666992 0.897656 0.666016 0.897656 0.661133 0.893359 0.656738 0.888281 0.654297 0.883203 0.647949 0.878516 0.637695 0.872656 0.62793 0.865234 0.625977 0.842187 0.626465 0.838281 0.62793 0.834375 0.630371
1 0.330859 0.29248 0.329297 0.29248 0.322656 0.300781 0.319531 0.310059 0.316406 0.314453 0.312891 0.321289 0.307422 0.328125 0.301172 0.333984 0.298047 0.344727 0.291016 0.353027 0.286328 0.355957 0.284375 0.358398 0.283984 0.363281 0.286328 0.369629 0.288281 0.369629 0.291016 0.367188 0.298828 0.36377 0.307031 0.363281 0.322656 0.360352 0.329688 0.354492 0.333984 0.349121 0.336328 0.344238 0.3375 0.339844 0.337891 0.319336 0.3375 0.3125 0.335547 0.300293 0.334375 0.297363
1 0.362891 0.572754 0.363281 0.578125 0.365234 0.583496 0.368359 0.585938 0.370703 0.589844 0.378125 0.598145 0.379297 0.600586 0.394141 0.610352 0.400781 0.616211 0.405078 0.616699 0.411719 0.61377 0.419531 0.612793 0.424219 0.609375 0.429297 0.602539 0.433203 0.599609 0.435937 0.594238 0.435547 0.592773 0.419922 0.585938 0.412891 0.578125 0.400391 0.570312 0.394922 0.569824 0.391797 0.570801 0.375781 0.571289 0.370703 0.569824 0.364844 0.569824
1 0.662891 0.791992 0.660547 0.79248 0.652344 0.801758 0.649609 0.806641 0.647656 0.8125 0.644141 0.816895 0.638281 0.820801 0.632812 0.827637 0.630859 0.832031 0.629297 0.837891 0.623047 0.849609 0.619531 0.854492 0.616406 0.856934 0.612891 0.861328 0.611719 0.867188 0.613672 0.870117 0.616016 0.870605 0.625781 0.866699 0.6375 0.866211 0.642578 0.864746 0.649609 0.861328 0.655859 0.856445 0.659375 0.852539 0.662891 0.841309 0.664062 0.817871 0.666016 0.80957 0.666016 0.798828 0.664062 0.793457
1 0.486328 0.644043 0.486328 0.647461 0.489063 0.652832 0.496875 0.658203 0.502344 0.659668 0.507031 0.662598 0.510938 0.66748 0.517969 0.670898 0.521094 0.671387 0.525 0.673828 0.533594 0.673828 0.538672 0.67041 0.548047 0.666992 0.554688 0.661621 0.564844 0.65625 0.566797 0.65332 0.566797 0.650879 0.566016 0.649902 0.560156 0.646973 0.553125 0.645508 0.541406 0.646484 0.538281 0.645508 0.532813 0.645508 0.530859 0.64502 0.525 0.641113 0.514453 0.640137 0.507031 0.638184 0.491016 0.640137 0.487109 0.64209
1 0.393359 0.754395 0.391797 0.754395 0.389453 0.757812 0.385547 0.767578 0.383594 0.78125 0.38125 0.791992 0.380078 0.803711 0.380078 0.827148 0.382812 0.838867 0.382812 0.841797 0.385156 0.848633 0.386719 0.858887 0.3875 0.860352 0.388672 0.86084 0.392969 0.860352 0.394141 0.858887 0.396094 0.853027 0.396875 0.847656 0.398828 0.842285 0.400391 0.833008 0.401172 0.823242 0.403516 0.810059 0.402344 0.798828 0.401562 0.796875 0.397656 0.772461 0.395703 0.765137 0.395313 0.759277
1 0.326562 0.585449 0.323047 0.592773 0.321094 0.598633 0.321094 0.610352 0.324219 0.62793 0.325391 0.630371 0.328906 0.634277 0.3375 0.639648 0.34375 0.640137 0.353906 0.635254 0.361328 0.634766 0.369141 0.632324 0.376563 0.632324 0.377344 0.631348 0.376953 0.625488 0.373437 0.618164 0.370703 0.615234 0.365625 0.611816 0.358984 0.608887 0.353516 0.604492 0.350781 0.603516 0.344141 0.599121 0.342187 0.597168 0.337109 0.597168 0.334766 0.596191 0.333203 0.59375 0.335156 0.584473 0.334766 0.582031 0.333984 0.581055 0.330078 0.581055
1 0.244922 0.280273 0.243359 0.280273 0.241016 0.285645 0.239063 0.288086 0.235547 0.290527 0.234766 0.29248 0.231641 0.295898 0.228516 0.30127 0.224219 0.312988 0.224219 0.317871 0.225 0.320801 0.231641 0.328613 0.237891 0.338867 0.239063 0.344727 0.239453 0.352539 0.240625 0.354492 0.244922 0.352539 0.25 0.345703 0.256641 0.334473 0.25625 0.323242 0.254688 0.316895 0.253906 0.306152 0.249609 0.294434 0.249609 0.290527 0.248438 0.285156 0.246875 0.282227
1 0.26875 0.349609 0.267969 0.348633 0.265625 0.348633 0.25625 0.352539 0.248047 0.353516 0.245312 0.35498 0.240625 0.355957 0.231641 0.363281 0.228516 0.366699 0.223828 0.373535 0.218359 0.386719 0.216406 0.393066 0.213281 0.397949 0.211328 0.407227 0.211328 0.413574 0.215234 0.414062 0.219531 0.412598 0.224609 0.40918 0.232422 0.401855 0.239063 0.398438 0.24375 0.394531 0.255469 0.378418 0.264453 0.368164 0.269141 0.358887 0.269531 0.353027
1 0.0210938 0.430176 0.0191406 0.435059 0.0128906 0.446289 0.0128906 0.452148 0.0148437 0.456543 0.015625 0.461914 0.01875 0.473145 0.0210938 0.477051 0.0265625 0.481445 0.0316406 0.48877 0.0367188 0.492676 0.0421875 0.493164 0.0492187 0.491699 0.0496094 0.489258 0.0480469 0.486328 0.0449219 0.483398 0.0425781 0.479492 0.0417969 0.475586 0.0417969 0.464844 0.0398437 0.462402 0.0378906 0.457031 0.0316406 0.446289 0.0261719 0.431152 0.0226562 0.429688
1 0.681641 0.905273 0.681641 0.907227 0.684375 0.910156 0.690234 0.913086 0.699219 0.92041 0.704688 0.922852 0.708203 0.92627 0.717187 0.931152 0.721875 0.931152 0.725 0.928223 0.728516 0.92627 0.742578 0.92627 0.748828 0.927734 0.752734 0.927734 0.755859 0.925781 0.755469 0.92041 0.747266 0.910156 0.744531 0.907715 0.73125 0.899902 0.726953 0.89502 0.723437 0.893066 0.708594 0.891113 0.700781 0.895508 0.697656 0.899414 0.686719 0.900879 0.684766 0.901855
1 0.623437 0.505859 0.61875 0.501953 0.612109 0.494629 0.608594 0.492676 0.596484 0.489258 0.586719 0.489746 0.579297 0.495117 0.575391 0.499512 0.572656 0.505371 0.571875 0.508789 0.570703 0.510254 0.564844 0.512695 0.560937 0.513184 0.558594 0.514648 0.55625 0.519043 0.553906 0.529785 0.555859 0.532227 0.557031 0.532227 0.564063 0.527344 0.567969 0.527344 0.571094 0.529297 0.575781 0.530762 0.589453 0.530273 0.594531 0.529297 0.596484 0.52832 0.600781 0.522461 0.607422 0.516602 0.611719 0.510742 0.615625 0.509766 0.618359 0.51123 0.622656 0.51123 0.623437 0.510254
1 0.372266 0.208008 0.369141 0.205078 0.357812 0.20166 0.352344 0.20166 0.346484 0.20459 0.341797 0.208008 0.341016 0.212891 0.340625 0.227539 0.341797 0.229492 0.345703 0.23291 0.350391 0.233398 0.355469 0.228027 0.358594 0.221191 0.360156 0.219238 0.366016 0.21582 0.36875 0.215332 0.372266 0.213379 0.373047 0.211914
1 0.316016 0.465332 0.316016 0.467773 0.317578 0.47168 0.326562 0.480957 0.334766 0.484375 0.337891 0.486328 0.341797 0.490234 0.353906 0.493652 0.361328 0.493652 0.369922 0.490234 0.375391 0.483887 0.377734 0.482422 0.382812 0.476074 0.3875 0.472168 0.389844 0.467285 0.389844 0.466309 0.388281 0.464844 0.378125 0.463379 0.369922 0.459961 0.361719 0.459473 0.354297 0.45752 0.333984 0.458008 0.329297 0.460449 0.31875 0.462402 0.317188 0.463379
1 0.792578 0.641602 0.791016 0.637695 0.788281 0.63623 0.785937 0.63623 0.783203 0.637207 0.771094 0.645508 0.763672 0.646973 0.760547 0.648926 0.752344 0.648926 0.748828 0.650391 0.746875 0.652344 0.744531 0.658203 0.736328 0.667969 0.73125 0.67041 0.728516 0.670898 0.722266 0.675293 0.716016 0.676758 0.712109 0.680176 0.712109 0.682129 0.713672 0.683594 0.719531 0.68457 0.723437 0.6875 0.733594 0.687012 0.736719 0.685547 0.739062 0.687012 0.741016 0.687012 0.746094 0.688965 0.747656 0.69043 0.751953 0.69043 0.753125 0.689453 0.75625 0.688965 0.759375 0.686523 0.763672 0.680664 0.768359 0.677246 0.770703 0.673828 0.776953 0.66748 0.779297 0.663086 0.786328 0.656738 0.788281 0.649902 0.791797 0.645996
1 0.536719 0.865234 0.536328 0.887207 0.537109 0.890137 0.540234 0.895996 0.541016 0.900879 0.544531 0.911133 0.550391 0.917969 0.552344 0.922363 0.560156 0.925293 0.570312 0.925293 0.576953 0.926758 0.583984 0.926758 0.592187 0.924805 0.595703 0.924805 0.600781 0.922852 0.603125 0.920898 0.603125 0.916992 0.599219 0.910645 0.593359 0.90625 0.587891 0.900391 0.584375 0.897949 0.578906 0.891602 0.572656 0.887207 0.569531 0.886719 0.561328 0.882812 0.551953 0.883301 0.55 0.881348 0.548438 0.875488 0.541406 0.863281 0.539844 0.863281
1 0.630469 0.666016 0.630469 0.67334 0.633984 0.678223 0.6375 0.681641 0.639062 0.686523 0.639844 0.691895 0.641406 0.695801 0.648438 0.70752 0.654297 0.713379 0.661328 0.71875 0.666016 0.720703 0.669531 0.720703 0.675781 0.724121 0.678516 0.724121 0.68125 0.721191 0.682813 0.716309 0.682422 0.711426 0.678906 0.705078 0.676172 0.703125 0.674609 0.700684 0.673438 0.694824 0.670703 0.6875 0.669531 0.682129 0.666016 0.677246 0.661328 0.673828 0.658203 0.669922 0.651172 0.667969 0.642188 0.661621 0.638281 0.661133 0.635156 0.662109
1 0.509375 0.669434 0.508203 0.671875 0.507812 0.676758 0.510547 0.681641 0.5125 0.687012 0.513281 0.691895 0.513672 0.705078 0.516797 0.711426 0.519141 0.720215 0.519141 0.725098 0.519922 0.727051 0.522266 0.72998 0.527344 0.733887 0.53125 0.73877 0.538672 0.75 0.540234 0.754395 0.544531 0.759766 0.548828 0.760254 0.55 0.757324 0.55 0.753418 0.545703 0.73877 0.545312 0.734375 0.541406 0.720215 0.541016 0.701172 0.538672 0.692871 0.537109 0.69043 0.532031 0.686523 0.528516 0.682129 0.526953 0.678711 0.522266 0.67334 0.517578 0.671875 0.514062 0.668945
1 0.613672 0.584473 0.612891 0.580566 0.60625 0.574707 0.601562 0.567871 0.6 0.562012 0.596094 0.558594 0.590234 0.558594 0.579688 0.560547 0.574219 0.560547 0.564844 0.562988 0.551953 0.563965 0.548047 0.56543 0.546094 0.567871 0.547656 0.575195 0.552734 0.583496 0.556641 0.588379 0.565625 0.594238 0.56875 0.595215 0.572266 0.594727 0.58125 0.589844 0.585156 0.586914 0.587891 0.583496 0.590625 0.582031 0.593359 0.582031 0.605469 0.586426 0.611328 0.586426
1 0.607812 0.743652 0.605078 0.749512 0.605078 0.754883 0.6125 0.763184 0.615625 0.77002 0.616797 0.773926 0.616406 0.785645 0.618359 0.791992 0.626172 0.80127 0.629687 0.803223 0.6375 0.804688 0.646875 0.804199 0.647266 0.802734 0.645312 0.799316 0.646094 0.79541 0.646094 0.788086 0.644141 0.783691 0.640234 0.768555 0.635547 0.762695 0.631641 0.755859 0.622266 0.745117 0.614453 0.741699 0.611328 0.741699
1 0.267188 0.563477 0.267188 0.56543 0.269531 0.568359 0.275 0.570801 0.291406 0.581543 0.294141 0.58252 0.313281 0.581543 0.31875 0.57959 0.326172 0.575195 0.330078 0.574707 0.333984 0.572754 0.342578 0.572754 0.347656 0.567871 0.349609 0.564941 0.349609 0.562988 0.348047 0.560547 0.345313 0.559082 0.341016 0.559082 0.335547 0.557129 0.321094 0.546875 0.315234 0.540527 0.308203 0.537598 0.301563 0.537598 0.293359 0.541016 0.291016 0.542969 0.2875 0.54834 0.280469 0.552734 0.275781 0.556641 0.271094 0.559082
1 0.635156 0.402832 0.635156 0.407715 0.643359 0.41748 0.645312 0.422852 0.648047 0.427246 0.65 0.432129 0.652344 0.43457 0.654297 0.438965 0.660547 0.444824 0.665234 0.446777 0.673828 0.447266 0.679688 0.440918 0.694922 0.433105 0.701172 0.427734 0.703125 0.423828 0.702734 0.421387 0.697266 0.417969 0.689063 0.417969 0.670312 0.413086 0.664844 0.410156 0.658203 0.408691 0.651953 0.40625 0.642969 0.399414 0.637891 0.399902
1 0.696875 0.954102 0.69375 0.959473 0.692187 0.968262 0.694922 0.980469 0.694922 0.986328 0.696094 0.993164 0.695312 0.998047 0.695703 1 0.723828 1 0.724219 0.99707 0.723437 0.994141 0.723437 0.990723 0.721484 0.984375 0.714844 0.977051 0.713672 0.974121 0.708203 0.966309 0.70625 0.961426 0.704688 0.95459 0.702344 0.952148 0.7 0.952148
1 0.907031 0.865723 0.907422 0.868164 0.911719 0.869141 0.919141 0.873047 0.926562 0.873535 0.937891 0.877441 0.955078 0.877441 0.962891 0.874023 0.966016 0.874023 0.980859 0.882324 0.987109 0.882812 0.987891 0.881348 0.986328 0.875977 0.984375 0.873535 0.980469 0.86377 0.979297 0.856934 0.975781 0.852051 0.966406 0.844727 0.955859 0.840332 0.946484 0.84082 0.942969 0.839844 0.932422 0.842285 0.928516 0.845215 0.925 0.850586 0.911719 0.855957 0.908203 0.861328
2 0.798828 0.817871 0.794141 0.818359 0.790625 0.820312 0.782422 0.822754 0.780078 0.822754 0.775 0.824707 0.773047 0.826172 0.766797 0.833984 0.766016 0.835938 0.765625 0.84082 0.766406 0.860352 0.769922 0.873047 0.771484 0.881836 0.773438 0.886719 0.775 0.888184 0.777734 0.887207 0.779297 0.883301 0.778516 0.866211 0.78125 0.856934 0.790625 0.843262 0.792578 0.834961 0.794141 0.833008 0.799219 0.830566 0.800781 0.828125 0.801172 0.821289
2 0.0359375 0.803223 0.0367188 0.804688 0.0382813 0.805176 0.0574219 0.804199 0.0597656 0.803223 0.0695313 0.803223 0.0742188 0.80127 0.0808594 0.800293 0.0867187 0.795898 0.0878906 0.794434 0.0878906 0.792969 0.0847656 0.789551 0.0714844 0.782227 0.0644531 0.776367 0.0605469 0.774902 0.0523438 0.774902 0.0449219 0.77832 0.040625 0.78418 0.0386719 0.788574 0.0363281 0.797852
2 0.483203 0.729492 0.482031 0.728516 0.478125 0.728516 0.461719 0.734375 0.451953 0.739746 0.446875 0.744629 0.442578 0.74707 0.441016 0.749512 0.437891 0.770508 0.4375 0.778809 0.438672 0.782227 0.440234 0.782227 0.445703 0.776367 0.449609 0.767578 0.455859 0.762695 0.4625 0.759277 0.469141 0.753418 0.471484 0.75 0.471875 0.748047 0.475781 0.740723 0.482031 0.734863 0.483203 0.731934
