1 0.641406 0.275326 0.639453 0.277834 0.639062 0.284855 0.637891 0.290873 0.637891 0.296389 0.640234 0.304915 0.642188 0.308425 0.643359 0.308425 0.646875 0.306419 0.648438 0.303912 0.649219 0.2999 0.649219 0.294885 0.647656 0.283852 0.645703 0.277834 0.643359 0.275326
1 0.383594 0.738215 0.384375 0.74323 0.385937 0.745236 0.389453 0.74674 0.397266 0.745737 0.403125 0.742728 0.406641 0.739719 0.40625 0.737212 0.404297 0.734704 0.395703 0.731695 0.392188 0.731695 0.385937 0.734203
1 0.135156 0.546138 0.130469 0.546138 0.128516 0.547141 0.121484 0.557172 0.118359 0.564694 0.117578 0.569208 0.117578 0.573721 0.11875 0.57673 0.119922 0.577232 0.123438 0.575226 0.125781 0.572217 0.130859 0.568205 0.134766 0.561685 0.136328 0.558175 0.137109 0.553661 0.136719 0.548646
1 0.339062 0.582247 0.336719 0.582247 0.335156 0.58325 0.332813 0.586259 0.330469 0.591775 0.327734 0.594784 0.325781 0.598295 0.325 0.602307 0.325 0.615346 0.325781 0.619358 0.326953 0.620863 0.330078 0.620863 0.330859 0.61986 0.332031 0.615346 0.332031 0.609829 0.339844 0.596289 0.341016 0.58676 0.340234 0.58325
1 0.391016 0.548144 0.391016 0.55015 0.391797 0.551153 0.405859 0.556169 0.408594 0.556169 0.410938 0.557172 0.425 0.556169 0.428125 0.553661 0.427734 0.549649 0.424219 0.547643 0.407422 0.547643 0.401172 0.545637 0.392969 0.546138
1 0.0566406 0.741224 0.0523438 0.746239 0.0496094 0.754263 0.05 0.764293 0.0527344 0.769308 0.0601563 0.773821 0.0609375 0.768806 0.0597656 0.764293 0.0613281 0.758776 0.0613281 0.75326 0.0597656 0.747242 0.0582031 0.74323
1 0.447656 0.622367 0.445703 0.622367 0.444141 0.62337 0.440625 0.627884 0.431641 0.636409 0.429688 0.641926 0.427344 0.644935 0.424609 0.652959 0.424609 0.654965 0.425391 0.655968 0.428906 0.656469 0.432031 0.652959 0.436328 0.64995 0.441016 0.644433 0.444141 0.636409 0.448047 0.62989 0.448437 0.624373
1 0.151172 0.345336 0.148711 0.343129 0.145078 0.348746 0.141797 0.356319 0.141797 0.365597 0.142578 0.369609 0.143086 0.37347 0.1425 0.378736 0.143281 0.382146 0.146406 0.381996 0.149883 0.376981 0.152344 0.371113 0.153906 0.368104 0.155078 0.363591 0.154688 0.358074 0.15418 0.347844
1 0.305859 0.481946 0.303906 0.47994 0.301953 0.47994 0.296875 0.482949 0.291016 0.487964 0.283594 0.495988 0.278906 0.497492 0.275 0.501003 0.273828 0.503009 0.274609 0.507021 0.275391 0.508024 0.280078 0.507523 0.288281 0.503511 0.300391 0.491976 0.305469 0.484955
1 0.119531 0.928285 0.119531 0.930291 0.120703 0.931294 0.126953 0.932297 0.133203 0.935807 0.138672 0.935807 0.146094 0.933801 0.149609 0.931294 0.150391 0.929789 0.149609 0.927783 0.146094 0.925276 0.139063 0.922768 0.132422 0.921765 0.125781 0.92327
1 0.508984 0.507523 0.508203 0.508526 0.508203 0.511033 0.50832 0.514042 0.50832 0.52011 0.509687 0.524624 0.513477 0.531996 0.519922 0.539619 0.521094 0.54012 0.522266 0.538616 0.522266 0.528084 0.521484 0.523571 0.518359 0.51655 0.513164 0.512437 0.512305 0.510281 0.510938 0.508024
1 0.178906 0.831996 0.175 0.833501 0.169922 0.833501 0.167187 0.834504 0.164844 0.83651 0.162109 0.842026 0.161328 0.845035 0.161328 0.854062 0.162109 0.856068 0.163672 0.856068 0.166797 0.854062 0.173437 0.845537 0.176172 0.837513 0.179297 0.834504
1 0.470313 0.244734 0.466406 0.251254 0.465625 0.253761 0.465234 0.267302 0.467578 0.27332 0.471484 0.275827 0.474609 0.275827 0.475781 0.27332 0.475781 0.267302 0.476562 0.262287 0.476172 0.254764 0.474219 0.247743 0.471875 0.244734
1 0.201172 0.799398 0.196484 0.798395 0.192969 0.801404 0.189453 0.805918 0.188281 0.80993 0.184375 0.816951 0.182812 0.82347 0.180859 0.825978 0.179688 0.828987 0.179688 0.831494 0.180859 0.833501 0.183203 0.833501 0.185938 0.831996 0.188672 0.826981 0.191797 0.824975 0.195312 0.820461 0.198828 0.811434 0.203516 0.806921 0.203906 0.80341
1 0.455078 0.497492 0.453516 0.499498 0.453516 0.509027 0.451953 0.519057 0.453125 0.523069 0.453516 0.53009 0.454297 0.531595 0.455859 0.532096 0.457422 0.53009 0.457422 0.524574 0.458594 0.52006 0.458984 0.504012 0.457031 0.498997
1 0.310156 0.3666 0.308594 0.369609 0.308203 0.373621 0.310156 0.377633 0.312891 0.381143 0.316016 0.390672 0.317578 0.392678 0.319141 0.392678 0.320312 0.391174 0.321484 0.387161 0.322656 0.379639 0.322266 0.374122 0.319141 0.37011 0.314844 0.367101
1 0.487109 0.221665 0.485547 0.221163 0.475781 0.2332 0.471484 0.236209 0.466406 0.237212 0.460938 0.241725 0.460938 0.244734 0.4625 0.24674 0.467578 0.24674 0.471875 0.244734 0.474609 0.244734 0.479297 0.242227 0.482031 0.238215 0.487109 0.226179
1 0.254688 0.41675 0.253125 0.417753 0.252344 0.420261 0.250391 0.435306 0.251172 0.439318 0.253906 0.44333 0.254297 0.448345 0.255078 0.44985 0.25625 0.450351 0.2625 0.437813 0.263672 0.433801 0.263672 0.427282 0.262109 0.422267 0.259766 0.418255 0.257031 0.41675
1 0.603125 0.743731 0.601953 0.749248 0.604688 0.754764 0.605859 0.758776 0.605469 0.765296 0.608594 0.771314 0.609375 0.780843 0.610547 0.782849 0.6125 0.782849 0.614453 0.781344 0.615234 0.779338 0.614844 0.768806 0.612109 0.754764 0.608984 0.748245 0.604297 0.743731
1 0.531641 0.201605 0.531641 0.204614 0.533984 0.207623 0.544531 0.211133 0.549609 0.211133 0.553125 0.21013 0.557031 0.20662 0.560156 0.206118 0.5625 0.204614 0.563672 0.203109 0.563672 0.198094 0.562109 0.19659 0.551953 0.193079 0.547266 0.192578 0.541016 0.194082 0.537109 0.198094 0.534375 0.199097
1 0.479297 0.494483 0.477734 0.494985 0.475391 0.501003 0.469922 0.506018 0.467187 0.512538 0.467187 0.517553 0.46875 0.525075 0.46875 0.529589 0.467578 0.534604 0.469531 0.537111 0.471484 0.537111 0.474219 0.534604 0.475391 0.528586 0.479297 0.523571 0.480078 0.52006 0.480078 0.512538 0.478516 0.506018 0.478516 0.502508 0.479297 0.501003
1 0.313281 0.361585 0.311719 0.359077 0.309766 0.358576 0.299609 0.364092 0.297266 0.3666 0.294531 0.368104 0.289844 0.373621 0.285547 0.377131 0.284766 0.379639 0.284766 0.383149 0.287109 0.383651 0.290234 0.381645 0.294531 0.380642 0.30625 0.372116 0.311328 0.371615 0.314063 0.368104 0.314063 0.364092
1 0.180547 0.0668506 0.173672 0.0751254 0.169922 0.0842528 0.169922 0.0887663 0.171094 0.0932798 0.173828 0.0977934 0.177734 0.101555 0.181641 0.102006 0.184336 0.100401 0.184648 0.0940321 0.182109 0.0785356 0.182461 0.0707623 0.183047 0.0661484
1 0.0976562 0.848546 0.0976562 0.850552 0.107031 0.857071 0.112891 0.856068 0.119922 0.856068 0.120703 0.855065 0.119922 0.85005 0.108984 0.846038 0.101172 0.84654
1 0.601953 0.458877 0.601172 0.461384 0.601172 0.465396 0.601953 0.468907 0.604297 0.473922 0.607812 0.477934 0.610156 0.479438 0.613281 0.479438 0.616406 0.477934 0.617969 0.474925 0.617969 0.472919 0.615625 0.466399 0.611328 0.460381 0.608203 0.458375 0.603516 0.457874
1 0.387891 0.50652 0.3875 0.509529 0.388281 0.511535 0.392578 0.51655 0.395703 0.525075 0.398438 0.528586 0.403125 0.530592 0.409766 0.535105 0.412109 0.535607 0.413281 0.534604 0.414062 0.528084 0.411719 0.523069 0.407422 0.522066 0.402734 0.515547 0.39375 0.50652 0.392188 0.505517 0.388672 0.505517
1 0.513281 0.144935 0.511328 0.146941 0.511328 0.147944 0.513672 0.152457 0.515234 0.157472 0.514844 0.16349 0.51875 0.173521 0.521875 0.178536 0.523047 0.182046 0.524609 0.183551 0.526563 0.183551 0.528516 0.181545 0.528516 0.17653 0.527734 0.174022 0.527734 0.168506 0.525391 0.15998 0.521094 0.151454 0.519922 0.150953 0.517188 0.146941
1 0.580508 0.431294 0.575781 0.434804 0.572266 0.439318 0.570703 0.445336 0.571094 0.453862 0.574609 0.459378 0.576562 0.466399 0.579688 0.464393 0.580859 0.458375 0.583203 0.452859 0.583984 0.447342 0.583984 0.440822 0.583203 0.437312 0.581602 0.434002
1 0.420312 0.305918 0.419141 0.305918 0.416406 0.307924 0.415234 0.310933 0.409375 0.317452 0.407031 0.322467 0.406641 0.34002 0.407422 0.342026 0.408594 0.342026 0.410156 0.34002 0.413281 0.338014 0.417187 0.330993 0.419141 0.325978 0.421875 0.310933 0.421875 0.307924
1 0.421875 0.925276 0.423828 0.929288 0.425391 0.930792 0.434375 0.935306 0.439453 0.934804 0.446484 0.931795 0.452344 0.931294 0.455078 0.929789 0.454688 0.925276 0.452344 0.92678 0.45 0.92678 0.436719 0.919759 0.430469 0.919759 0.424219 0.922768
1 0.924609 0.805416 0.917656 0.809027 0.912344 0.815647 0.907539 0.827182 0.908594 0.830491 0.909492 0.833551 0.916016 0.829488 0.920703 0.826479 0.926172 0.81996 0.926953 0.816951 0.926953 0.812437
1 0.591797 0.792377 0.590234 0.794885 0.589453 0.802407 0.587109 0.807924 0.587109 0.818957 0.588672 0.824975 0.591406 0.828485 0.595313 0.828987 0.597656 0.818455 0.597266 0.808425 0.596484 0.805918 0.596875 0.798395 0.596484 0.794383 0.595313 0.792377
1 0.299219 0 0.287109 0 0.287109 0.00150451 0.284766 0.00651956 0.282031 0.0160481 0.282422 0.0205617 0.2875 0.0190572 0.294922 0.0140421 0.298047 0.00852558 0.299219 0.00351053
1 0.710156 0.642929 0.710156 0.643932 0.712109 0.645436 0.718359 0.645938 0.724219 0.647944 0.732422 0.646941 0.737109 0.647442 0.741016 0.645938 0.742188 0.643932 0.741016 0.640923 0.737891 0.638415 0.734766 0.638415 0.732031 0.63992 0.727344 0.637914 0.722266 0.636911 0.716797 0.636911 0.713281 0.637914 0.711719 0.639418
1 0.364687 0.0458877 0.366836 0.0463892 0.367852 0.0513039 0.369531 0.057673 0.370703 0.0616851 0.370312 0.0712136 0.369531 0.0737212 0.367148 0.0811936 0.366641 0.0862588 0.365391 0.0882648 0.363086 0.087663 0.36207 0.0806921 0.360547 0.0722166 0.359844 0.062337 0.361094 0.0545135
1 0.669531 0.858576 0.666797 0.853561 0.654687 0.853561 0.65 0.855065 0.644531 0.859077 0.641016 0.863591 0.641016 0.865095 0.64375 0.867101 0.649219 0.869107 0.656641 0.87011 0.661719 0.868104 0.665625 0.865095 0.669531 0.86008
1 0.413281 0.948847 0.4125 0.947844 0.410938 0.947844 0.408594 0.949348 0.403125 0.94985 0.400391 0.950853 0.395703 0.954363 0.388672 0.96339 0.388672 0.970411 0.392188 0.97342 0.400391 0.971916 0.405078 0.968405 0.408594 0.964393 0.411719 0.958375 0.412891 0.954363
1 0.532813 0.878636 0.532031 0.881143 0.532422 0.891675 0.533203 0.895687 0.536328 0.901204 0.545312 0.912738 0.548047 0.919258 0.549219 0.919759 0.550781 0.915747 0.550781 0.909228 0.549219 0.904714 0.547266 0.902207 0.546094 0.899198 0.545312 0.894684 0.543359 0.892177 0.542578 0.888666 0.538672 0.883149 0.537891 0.880642 0.536719 0.879137
1 0.557813 0.497994 0.546094 0.494985 0.541016 0.494483 0.536328 0.495486 0.532422 0.497492 0.523438 0.497994 0.522656 0.499498 0.526563 0.504514 0.532422 0.505517 0.536719 0.508526 0.541406 0.508024 0.548828 0.504514 0.555078 0.503511 0.557422 0.501505
1 0.804688 0.474423 0.80625 0.475928 0.811719 0.477432 0.814844 0.47994 0.823047 0.480441 0.827734 0.478435 0.830859 0.474925 0.834766 0.474423 0.838281 0.46991 0.838281 0.468405 0.835938 0.467402 0.829297 0.467402 0.827734 0.466399 0.820703 0.466399 0.815234 0.467904 0.811328 0.470913 0.806641 0.471414 0.804688 0.472919
1 0.631641 0.469408 0.629258 0.468004 0.627305 0.472166 0.625469 0.478034 0.623047 0.483952 0.622109 0.492227 0.62168 0.498295 0.622227 0.504363 0.623789 0.509579 0.625742 0.513541 0.627344 0.510983 0.627734 0.505266 0.63125 0.496489 0.632031 0.494483 0.632812 0.472417
1 0.596094 0.568205 0.594922 0.568205 0.591406 0.575226 0.588281 0.586259 0.587891 0.594784 0.589063 0.599298 0.588281 0.601805 0.588281 0.604814 0.589844 0.607322 0.591406 0.608325 0.594141 0.60682 0.6 0.598295 0.602734 0.58676 0.602734 0.581745 0.6 0.574223 0.597656 0.571715
1 0.514062 0.827984 0.5125 0.827984 0.509375 0.830993 0.505078 0.843531 0.504297 0.849047 0.505078 0.85657 0.506641 0.858576 0.511719 0.858074 0.514062 0.854564 0.515234 0.851053 0.516797 0.841525 0.516797 0.837011 0.514844 0.828987
1 0.319141 0.712487 0.319844 0.717101 0.323437 0.732197 0.323828 0.739218 0.325391 0.741725 0.326172 0.741725 0.327344 0.740221 0.328516 0.733701 0.329688 0.730692 0.329688 0.725176 0.326953 0.717653 0.322773 0.712487
1 0.688672 0.151454 0.688672 0.155968 0.691406 0.160481 0.692578 0.167001 0.696094 0.174022 0.703516 0.180542 0.705859 0.180542 0.710156 0.17653 0.711328 0.174022 0.710547 0.168506 0.705469 0.161484 0.703516 0.15998 0.701562 0.156971 0.696875 0.154965 0.693359 0.151454
1 0.385156 0.453862 0.384766 0.45988 0.387891 0.462889 0.390234 0.462889 0.392969 0.46329 0.395313 0.46339 0.400781 0.465396 0.403906 0.467402 0.407813 0.471414 0.411719 0.47342 0.413281 0.472919 0.414062 0.470913 0.414062 0.467904 0.412891 0.465396 0.409375 0.461384 0.407422 0.457874 0.404687 0.455868 0.398047 0.45336 0.387109 0.452859
1 0.578906 0.417252 0.578516 0.419258 0.579297 0.422267 0.580508 0.427382 0.581641 0.4333 0.586328 0.439318 0.591016 0.441825 0.592187 0.44333 0.595313 0.444333 0.599609 0.445386 0.602734 0.445838 0.603906 0.445838 0.604688 0.444835 0.604297 0.440822 0.602344 0.438816 0.600391 0.432798 0.596094 0.42678 0.59375 0.425777 0.588672 0.425276 0.583984 0.421264 0.580859 0.417252
1 0.567578 0.672016 0.566016 0.674022 0.566016 0.681545 0.565234 0.684052 0.566016 0.694584 0.569922 0.704614 0.571875 0.707623 0.573047 0.708124 0.575391 0.707121 0.576953 0.704614 0.578516 0.695085 0.578125 0.688566 0.576562 0.683049 0.574609 0.681043 0.572266 0.675527 0.569922 0.672518
1 0.607422 0.813942 0.607422 0.823972 0.609766 0.827984 0.612891 0.830491 0.621484 0.834504 0.630469 0.833501 0.631641 0.831996 0.631641 0.828485 0.627734 0.823972 0.625781 0.81996 0.620313 0.816951 0.616406 0.815948 0.6125 0.81344
1 0.255469 0.263791 0.251953 0.264293 0.251172 0.265296 0.24875 0.270461 0.244531 0.277834 0.242578 0.281595 0.240234 0.289519 0.240156 0.295888 0.239844 0.301906 0.239844 0.306419 0.240625 0.308927 0.243281 0.309278 0.244922 0.305918 0.247148 0.302859 0.249219 0.297894 0.251563 0.294383 0.254297 0.287362 0.257812 0.269308 0.256641 0.264794
1 0.706641 0.718154 0.704688 0.715145 0.701953 0.713641 0.697266 0.713641 0.690234 0.719157 0.688672 0.721163 0.687109 0.727182 0.687109 0.730692 0.689063 0.7332 0.69375 0.7332 0.700078 0.73004 0.704648 0.724975 0.70625 0.723671
1 0.247656 0.849549 0.247656 0.851555 0.248438 0.853059 0.256641 0.852558 0.260937 0.854062 0.262891 0.855567 0.26875 0.855065 0.274609 0.858074 0.276172 0.858074 0.278125 0.856068 0.278125 0.853561 0.275391 0.848546 0.267188 0.844534 0.258203 0.844534 0.252344 0.84654
1 0.655078 0.191575 0.653516 0.192578 0.651953 0.197091 0.642969 0.206118 0.639844 0.210632 0.6375 0.212638 0.636719 0.218656 0.638281 0.222166 0.640625 0.221665 0.644531 0.216148 0.648828 0.211635 0.652344 0.209127 0.654297 0.205617 0.65625 0.199097 0.65625 0.195587
1 0.546484 0.843531 0.544531 0.841525 0.540234 0.842026 0.536328 0.844534 0.533203 0.845035 0.525781 0.848044 0.518867 0.853862 0.514453 0.855567 0.511992 0.85672 0.509766 0.859077 0.510156 0.862086 0.511719 0.864594 0.514453 0.865095 0.517969 0.863591 0.526563 0.862086 0.533203 0.861083 0.541797 0.852558 0.546484 0.845537
1 0.541797 0.0616851 0.536328 0.060682 0.533984 0.0616851 0.526172 0.0616851 0.521875 0.0626881 0.516016 0.0667001 0.513281 0.0697091 0.508984 0.0717151 0.508594 0.0737212 0.510938 0.0762287 0.520312 0.0792377 0.525781 0.0792377 0.529297 0.0782347 0.533594 0.0757272 0.5375 0.0712136 0.539453 0.0677031 0.540234 0.0646941 0.541797 0.0631896
1 0.071875 0.400702 0.0714844 0.409729 0.0730469 0.413741 0.0769531 0.419258 0.0808594 0.422768 0.0839844 0.424273 0.09375 0.424273 0.0949219 0.42327 0.0960938 0.420261 0.0957031 0.417252 0.0914062 0.417252 0.0878906 0.411234 0.0851563 0.407723 0.0824219 0.405717 0.0777344 0.399699 0.075 0.398696
1 0.263672 0.862588 0.263281 0.865095 0.266406 0.8666 0.26875 0.869609 0.270703 0.874122 0.273828 0.877131 0.278516 0.878636 0.280469 0.880642 0.286719 0.883149 0.287891 0.883149 0.289844 0.881143 0.289844 0.879639 0.288672 0.878134 0.281641 0.872618 0.279687 0.869107 0.273828 0.863089 0.271484 0.859579 0.267188 0.858074
1 0.466797 0.202106 0.462109 0.202106 0.458594 0.206118 0.456641 0.210632 0.451172 0.217151 0.450391 0.228686 0.449609 0.232197 0.450781 0.240722 0.451953 0.240722 0.454297 0.237713 0.45625 0.228686 0.458594 0.226179 0.460547 0.219659 0.464453 0.214142 0.466797 0.207623
1 0.317578 0.801906 0.316406 0.804413 0.316797 0.81344 0.317578 0.816951 0.321094 0.821966 0.321484 0.823972 0.323437 0.826981 0.325 0.827984 0.326953 0.827984 0.330078 0.825978 0.33125 0.823972 0.330859 0.818957 0.328125 0.808927 0.323828 0.803912
1 0.509375 0.694584 0.508203 0.698094 0.508594 0.705617 0.512891 0.715647 0.519141 0.721163 0.520703 0.725176 0.524609 0.730692 0.528906 0.730692 0.529687 0.728185 0.526563 0.718656 0.526563 0.713139 0.523438 0.704112 0.520703 0.699097 0.518359 0.69659 0.513672 0.694082
1 0.213672 0.807924 0.211719 0.807924 0.210547 0.809428 0.210156 0.815446 0.204687 0.825476 0.204297 0.830491 0.205078 0.834002 0.208203 0.838516 0.210156 0.838516 0.212891 0.836008 0.215234 0.829488 0.216016 0.824975 0.216016 0.812939 0.215234 0.809428
1 0.00625 0.944333 0.0140625 0.947844 0.0214844 0.948847 0.0308594 0.945838 0.0328125 0.94333 0.0335937 0.939819 0.0328125 0.938315 0.0292969 0.935306 0.0222656 0.932798 0.0132812 0.9333 0.009375 0.935306
1 0.565234 0.798897 0.560547 0.798395 0.552305 0.798796 0.550391 0.7999 0.544922 0.802407 0.541797 0.805416 0.538281 0.810431 0.535547 0.814845 0.533984 0.819107 0.531914 0.821113 0.532266 0.823721 0.53668 0.823922 0.544336 0.822166 0.550078 0.819007 0.555234 0.81334 0.558789 0.809579 0.560156 0.806118 0.562031 0.802407 0.565625 0.800401
1 0.341016 0.96991 0.340625 0.977432 0.341406 0.982949 0.342578 0.984453 0.344141 0.984955 0.35 0.984453 0.35 0.978937 0.345313 0.969408
1 0.603125 0.741725 0.601953 0.739719 0.598047 0.738215 0.595313 0.738215 0.591797 0.739719 0.589844 0.742227 0.585938 0.744734 0.580859 0.752257 0.575391 0.756269 0.574219 0.758776 0.573438 0.763791 0.575391 0.765296 0.576953 0.765296 0.579297 0.762788 0.583203 0.760281 0.589063 0.758275 0.591406 0.758275 0.59375 0.756269 0.596484 0.755266 0.601172 0.749248 0.603516 0.744734
1 0.326953 0.554162 0.326172 0.553159 0.322656 0.552156 0.306641 0.553159 0.301563 0.556169 0.298047 0.55667 0.296484 0.558175 0.296484 0.559679 0.298828 0.561685 0.301563 0.562187 0.307422 0.565697 0.315625 0.566199 0.31875 0.565196 0.326562 0.558676
1 0.276562 0.548144 0.274609 0.548144 0.269531 0.552658 0.266016 0.557673 0.264453 0.562187 0.264453 0.565196 0.267188 0.570712 0.271875 0.570712 0.277344 0.564193 0.279297 0.559178 0.279687 0.554162 0.278516 0.550652
1 0.386328 0.478937 0.386328 0.48345 0.387109 0.485456 0.391797 0.490471 0.398438 0.490973 0.401172 0.48997 0.404687 0.48997 0.406641 0.487964 0.406641 0.483952 0.405469 0.481444 0.402344 0.477934 0.396484 0.474925 0.392188 0.474925
1 0.43125 0.599298 0.432031 0.603811 0.434375 0.60682 0.4375 0.613842 0.444922 0.61986 0.447266 0.620863 0.451953 0.620863 0.457813 0.618355 0.459766 0.615346 0.459375 0.61334 0.455859 0.612337 0.447656 0.603811 0.442969 0.600802 0.436719 0.598796
1 0 0.270812 0 0.279338 0.0015625 0.279338 0.00664062 0.28335 0.00820313 0.285356 0.009375 0.288867 0.0125 0.292377 0.015625 0.292377 0.0160156 0.287864 0.0121094 0.277332 0.00664062 0.272317 0.00234375 0.270812
1 0.368359 0.642427 0.367578 0.644935 0.36875 0.650451 0.374219 0.655968 0.38125 0.666499 0.383125 0.679188 0.385547 0.673821 0.386172 0.664845 0.384492 0.654313 0.377344 0.646439 0.373828 0.642929 0.370703 0.641926
1 0.418359 0.862086 0.418359 0.866098 0.419922 0.868606 0.423438 0.868606 0.43125 0.870612 0.435156 0.87011 0.442578 0.8666 0.444141 0.865095 0.443359 0.863089 0.438672 0.861585 0.432422 0.85657 0.428906 0.855065 0.424219 0.855567 0.419922 0.858074
1 0.705469 0.554162 0.705859 0.556169 0.708203 0.558676 0.713281 0.559178 0.716797 0.560682 0.732812 0.560682 0.734375 0.559178 0.733984 0.555667 0.732422 0.553159 0.728906 0.552156 0.725 0.548144 0.721484 0.54664 0.714063 0.548144 0.710547 0.551655 0.707031 0.552658
1 0.463672 0.727683 0.4625 0.727683 0.461719 0.728686 0.45625 0.749248 0.455859 0.754263 0.458203 0.756269 0.464062 0.754764 0.466797 0.751254 0.46875 0.744734 0.469141 0.739218 0.468359 0.734203
1 0.358984 0.242227 0.360547 0.247743 0.363281 0.253761 0.36875 0.261785 0.370703 0.263791 0.375391 0.266299 0.377344 0.268806 0.383984 0.272818 0.385547 0.272818 0.386328 0.271815 0.386719 0.267302 0.385156 0.265296 0.378906 0.260281 0.376953 0.257272 0.373437 0.255266 0.36875 0.250752 0.366797 0.247242 0.363672 0.244734 0.362109 0.242227
1 0.697656 0.121866 0.696484 0.12337 0.696484 0.128385 0.7 0.132899 0.699609 0.143932 0.700391 0.148947 0.707031 0.161986 0.708984 0.164493 0.7125 0.165496 0.713672 0.163992 0.714453 0.157974 0.7125 0.151956 0.712109 0.147442 0.712891 0.144433 0.712891 0.139418 0.711328 0.1334 0.708984 0.128385 0.705859 0.125376 0.701562 0.122367
1 0.482031 0.955366 0.480078 0.95988 0.480078 0.967402 0.482031 0.974423 0.487109 0.981444 0.489453 0.982949 0.495703 0.982949 0.496875 0.981444 0.496875 0.978435 0.493359 0.964895 0.490625 0.960381 0.486719 0.955868
1 0.744922 0.807422 0.741797 0.808425 0.739062 0.811936 0.736719 0.812939 0.732422 0.816951 0.727344 0.828485 0.726953 0.840522 0.724609 0.843531 0.725 0.84654 0.728125 0.845537 0.73125 0.84002 0.735938 0.837011 0.742969 0.824975 0.746094 0.810933 0.746094 0.808927
1 0.333594 0.192076 0.334961 0.196038 0.339258 0.201856 0.344531 0.204614 0.35 0.204614 0.352734 0.203611 0.359375 0.199097 0.360547 0.19659 0.360156 0.192076 0.357812 0.189569 0.353516 0.187563 0.348047 0.187563 0.341328 0.188967 0.334805 0.188816
1 0.244922 0.460381 0.241797 0.458877 0.239453 0.458877 0.238281 0.460381 0.235547 0.470411 0.231641 0.474925 0.228125 0.485456 0.224219 0.489468 0.224219 0.49348 0.225781 0.49348 0.228516 0.491474 0.236719 0.489468 0.239453 0.487462 0.241797 0.484453 0.244922 0.477432 0.246094 0.472417 0.246484 0.463892
1 0.269922 0.122869 0.268359 0.121364 0.259375 0.121866 0.255859 0.12337 0.247266 0.132397 0.246094 0.140421 0.246094 0.144433 0.247266 0.14995 0.248828 0.150451 0.250781 0.147944 0.252734 0.13992 0.255078 0.136409 0.259766 0.131896 0.267969 0.127884
1 0.594922 0.403711 0.594141 0.405717 0.59375 0.41324 0.594922 0.42327 0.595703 0.425276 0.604297 0.434303 0.608203 0.435807 0.612109 0.439318 0.614453 0.440321 0.616016 0.439819 0.616016 0.433801 0.613281 0.429789 0.610938 0.420762 0.607812 0.416249 0.605078 0.413741 0.600781 0.412237 0.596484 0.403711
1 0.504687 0.613842 0.503516 0.615346 0.503516 0.61986 0.504297 0.621866 0.505078 0.628887 0.509375 0.628887 0.510547 0.627884 0.512109 0.623872 0.511328 0.61986 0.508203 0.614845 0.507031 0.613842
1 0.182422 0.282849 0.176563 0.282849 0.173828 0.285858 0.173047 0.287864 0.173437 0.292377 0.170703 0.301404 0.171094 0.306921 0.171875 0.309428 0.173047 0.310431 0.176563 0.30993 0.178906 0.307422 0.180469 0.300903 0.182812 0.295386 0.183984 0.289368 0.183984 0.286861
1 0.393359 0.0280843 0.391016 0.0265797 0.384375 0.0260782 0.382031 0.0250752 0.376172 0.0265797 0.373047 0.0295888 0.370703 0.0351053 0.365625 0.0421264 0.365625 0.0436309 0.369141 0.0456369 0.371094 0.0441324 0.377344 0.0426279 0.379297 0.0406219 0.389453 0.0341023 0.393359 0.0325978
1 0.735938 0.940822 0.731641 0.940321 0.728516 0.94333 0.725391 0.947844 0.723828 0.948847 0.720313 0.957372 0.719922 0.968907 0.721484 0.977432 0.723828 0.980943 0.725391 0.97994 0.725781 0.96991 0.726953 0.966901 0.73125 0.959378 0.733203 0.954363 0.7375 0.949348 0.738281 0.943831
1 0.184766 0.802909 0.185156 0.806419 0.188672 0.808425 0.19375 0.807573 0.197422 0.808425 0.200391 0.807924 0.209766 0.807924 0.211328 0.805918 0.210938 0.803912 0.209375 0.802407 0.206641 0.801906 0.200781 0.797894 0.198047 0.796891 0.192578 0.798897 0.189453 0.801404 0.185938 0.801404
1 0.633984 0.457874 0.632422 0.462387 0.632422 0.467904 0.633984 0.475928 0.636719 0.482949 0.638672 0.48345 0.640625 0.480441 0.642188 0.479438 0.646484 0.479438 0.646484 0.472417 0.643359 0.463892 0.639062 0.459378 0.636719 0.457874
1 0.705078 0.748746 0.701953 0.745236 0.7 0.745236 0.696094 0.747743 0.689063 0.749749 0.684375 0.752758 0.682813 0.754764 0.682813 0.759278 0.684766 0.761284 0.689844 0.762788 0.694922 0.762788 0.699219 0.761284 0.701953 0.759278 0.704688 0.752257
1 0.614844 0.572718 0.611328 0.57322 0.610547 0.574223 0.609375 0.58325 0.606641 0.587262 0.605078 0.592778 0.605078 0.604814 0.607422 0.607823 0.611719 0.607823 0.614844 0.604313 0.615625 0.595286 0.615234 0.584754 0.614453 0.580241 0.615234 0.574724
1 0.617773 0.474674 0.615273 0.478937 0.613281 0.484002 0.612578 0.488415 0.612852 0.494935 0.616211 0.502457 0.618359 0.50652 0.619531 0.508024 0.621484 0.508024 0.622656 0.507021 0.623047 0.503009 0.621484 0.499498 0.622266 0.495988 0.622266 0.491976 0.620703 0.479438 0.620078 0.474975
1 0.273438 0.2332 0.273438 0.237713 0.274609 0.239719 0.282813 0.244734 0.2875 0.249248 0.294141 0.252758 0.295703 0.252257 0.296484 0.247743 0.292187 0.244233 0.288672 0.238716 0.283984 0.2332 0.278906 0.231695 0.274219 0.232197
1 0.389453 0.579739 0.388281 0.579238 0.383594 0.581244 0.378906 0.587262 0.373437 0.591274 0.371484 0.593781 0.36875 0.600802 0.367578 0.60682 0.365625 0.610832 0.365625 0.615346 0.367578 0.616349 0.370703 0.615848 0.373047 0.612337 0.377344 0.609328 0.38125 0.604814 0.382422 0.600301 0.385547 0.595286 0.386328 0.591274 0.390625 0.584754 0.390625 0.581745
1 0.360547 0.693079 0.358594 0.689569 0.355078 0.68656 0.348438 0.685055 0.342969 0.68656 0.3375 0.686058 0.334375 0.687061 0.332813 0.688566 0.332031 0.693581 0.333984 0.696088 0.350391 0.69659 0.358203 0.695085 0.360156 0.694082
1 0.407422 0.769308 0.405859 0.767803 0.403516 0.767302 0.396875 0.768305 0.392969 0.770311 0.389062 0.774323 0.3875 0.777332 0.386719 0.781846 0.386719 0.787362 0.3875 0.789368 0.389453 0.78987 0.396875 0.787864 0.399609 0.782849 0.403125 0.77984 0.40625 0.775326
1 0.631641 0.884654 0.631641 0.893681 0.633594 0.897693 0.635938 0.900201 0.641797 0.902708 0.650391 0.902207 0.652344 0.900702 0.652344 0.898195 0.651172 0.895186 0.646094 0.889669 0.642969 0.887663 0.639062 0.882648 0.636719 0.881645 0.633984 0.881645
1 0.486328 0.928786 0.484766 0.927282 0.481641 0.92678 0.475391 0.929789 0.470313 0.935306 0.46875 0.938816 0.46875 0.941324 0.469922 0.944333 0.471484 0.945838 0.474609 0.946841 0.478125 0.946339 0.480859 0.944835 0.486328 0.938315 0.487109 0.935807
1 0.598047 0.481444 0.596484 0.482447 0.594141 0.485958 0.593359 0.487964 0.593359 0.492979 0.595313 0.503511 0.597734 0.510732 0.600469 0.516299 0.602891 0.516299 0.603906 0.507523 0.605078 0.502006 0.605078 0.492477 0.603125 0.484955 0.600391 0.481946
1 0.794141 0.865095 0.795312 0.869107 0.796484 0.870612 0.807813 0.878134 0.811328 0.878636 0.818359 0.876128 0.825391 0.87663 0.826562 0.875627 0.826172 0.873119 0.823047 0.869609 0.813281 0.866098 0.805859 0.866098 0.800391 0.864092 0.794922 0.864092
1 0.382031 0.521063 0.380078 0.521063 0.377734 0.523571 0.372266 0.534102 0.371094 0.541123 0.371484 0.549649 0.370312 0.552658 0.370312 0.554162 0.371875 0.555667 0.374219 0.555667 0.378125 0.55015 0.380469 0.548646 0.383203 0.544132 0.384766 0.537613 0.385156 0.531093 0.384375 0.523571
1 0.553125 0.723671 0.552344 0.724674 0.552734 0.729689 0.555078 0.734704 0.561328 0.755266 0.564063 0.760782 0.568359 0.760782 0.569141 0.759779 0.569141 0.75677 0.567969 0.750251 0.568359 0.742728 0.567578 0.738215 0.566016 0.734704 0.561328 0.728686 0.556641 0.725176
1 0.346875 0.826981 0.344922 0.826479 0.341406 0.828485 0.340234 0.82999 0.338281 0.835005 0.336719 0.842026 0.332422 0.848546 0.332422 0.851555 0.333594 0.853059 0.341406 0.850552 0.347266 0.845537 0.348047 0.842528 0.348438 0.829488
1 0.455469 0.496991 0.452344 0.497492 0.450391 0.499498 0.45 0.501505 0.446875 0.506018 0.445703 0.51003 0.442578 0.516048 0.440234 0.519057 0.439063 0.522066 0.439453 0.524574 0.44375 0.524574 0.447656 0.518556 0.450391 0.517553 0.451953 0.515547 0.453125 0.511535 0.453516 0.504012 0.45625 0.499498
1 0.424609 0.00200602 0.423047 0.00200602 0.421484 0.00351053 0.41875 0.00451354 0.417187 0.00651956 0.414844 0.0150451 0.415234 0.0330993 0.416016 0.0341023 0.418359 0.0341023 0.420312 0.0330993 0.421875 0.0280843 0.425 0.0230692 0.426953 0.0180542 0.427734 0.00752257 0.426953 0.00451354
1 0.494531 0.845035 0.492578 0.845035 0.489063 0.84654 0.480078 0.858576 0.477734 0.865095 0.476562 0.873621 0.477734 0.883651 0.478516 0.884654 0.479297 0.884654 0.480469 0.879639 0.485156 0.870612 0.488281 0.861083 0.495312 0.850552 0.495312 0.847543
1 0.118359 0.0672016 0.117969 0.0687061 0.119141 0.0727182 0.125781 0.0787362 0.127344 0.0832497 0.137109 0.0947844 0.139844 0.0957874 0.142578 0.0952859 0.144531 0.0937813 0.144922 0.0882648 0.144141 0.0862588 0.140234 0.0817452 0.136719 0.0762287 0.133984 0.0747242 0.131641 0.0717151 0.128125 0.0702106 0.124219 0.0661986 0.119531 0.0661986
1 0.563672 0.82999 0.564453 0.835005 0.568359 0.844534 0.573047 0.850552 0.575781 0.852558 0.582422 0.852558 0.585547 0.853561 0.588281 0.853561 0.590625 0.850552 0.590234 0.848546 0.585156 0.845537 0.581641 0.84002 0.577734 0.837513 0.576172 0.835005 0.573047 0.832497 0.566016 0.828987 0.564453 0.828987
1 0.458984 0.806921 0.458203 0.807422 0.457031 0.811936 0.457031 0.825476 0.458594 0.832497 0.460156 0.836008 0.4625 0.838516 0.464844 0.839519 0.467578 0.839519 0.470313 0.836008 0.470313 0.830993 0.468359 0.827482 0.467578 0.823972 0.464453 0.81996 0.462109 0.814945 0.462656 0.810632 0.4625 0.807924
1 0.616133 0.510832 0.615859 0.514845 0.620391 0.518806 0.622031 0.520311 0.623477 0.522417 0.624805 0.523671 0.62668 0.525426 0.629258 0.527533 0.63082 0.529488 0.63207 0.533501 0.632461 0.538064 0.635273 0.539318 0.637109 0.537111 0.637734 0.533501 0.6375 0.530491 0.636328 0.52673 0.634453 0.522518 0.631094 0.517703 0.626563 0.514544 0.623828 0.512036 0.621484 0.511033 0.618398 0.509779
1 0.09375 0.703611 0.0960938 0.715647 0.1 0.719157 0.103516 0.720662 0.107422 0.721163 0.111719 0.72016 0.114062 0.718656 0.115234 0.71665 0.114844 0.712136 0.111328 0.707121 0.107422 0.704614 0.0992187 0.702608 0.0949219 0.702608
1 0.404687 0.497994 0.403906 0.501003 0.403906 0.506018 0.405859 0.519057 0.405859 0.524072 0.411328 0.531595 0.412891 0.531093 0.414453 0.525075 0.412891 0.519057 0.4125 0.514042 0.409766 0.506018 0.408203 0.498997 0.407422 0.497994
1 0.681797 0.702708 0.681797 0.707823 0.685937 0.716148 0.687617 0.719208 0.689609 0.721765 0.691641 0.724574 0.694922 0.727382 0.698125 0.728987 0.700781 0.728686 0.708594 0.729689 0.709766 0.728686 0.710547 0.725176 0.709766 0.721163 0.708594 0.718154 0.705859 0.714644 0.7 0.712136 0.698047 0.708626 0.694922 0.707623 0.691016 0.704614 0.686289 0.701705 0.683672 0.700953
1 0.314844 0.64343 0.315234 0.648947 0.317578 0.651454 0.321094 0.652959 0.324609 0.657472 0.333594 0.658475 0.340625 0.664493 0.342578 0.664493 0.343359 0.66349 0.34375 0.659478 0.341406 0.654463 0.334375 0.648445 0.330078 0.645938 0.325 0.645436 0.319141 0.642427 0.316797 0.642427
1 0.388672 0.656469 0.3875 0.657472 0.385156 0.662989 0.385547 0.67001 0.387891 0.67653 0.392188 0.683049 0.395313 0.685055 0.397266 0.685055 0.398438 0.683551 0.4 0.678536 0.4 0.668506 0.398047 0.663992 0.39375 0.657472 0.392188 0.656469
1 0.403125 0 0.403125 0.00902708 0.404297 0.0135406 0.405234 0.0184554 0.405859 0.0215647 0.405859 0.0240722 0.406641 0.0270812 0.408203 0.0280843 0.408984 0.0275827 0.412891 0.0170512 0.413281 0.0105316 0.4125 0.00702106 0.410547 0.00300903 0.410156 0
1 0.0613281 0.644433 0.059375 0.644433 0.0558594 0.646941 0.0546875 0.64995 0.0519531 0.653962 0.0488281 0.661484 0.0480469 0.666499 0.0480469 0.672518 0.046875 0.679539 0.046875 0.685055 0.0484375 0.687061 0.0511719 0.68656 0.0535156 0.685055 0.0542969 0.680542 0.0570312 0.674022 0.0582031 0.663992 0.0613281 0.657472 0.0628906 0.651454 0.0628906 0.646941
1 0.225781 0.960381 0.226562 0.964393 0.233203 0.970411 0.235547 0.97342 0.236719 0.977432 0.239063 0.97994 0.244922 0.981444 0.247266 0.982949 0.252734 0.982447 0.253125 0.979438 0.249609 0.974423 0.247656 0.968405 0.24375 0.963892 0.239453 0.960381 0.237109 0.959378 0.231641 0.95988 0.228125 0.958877
1 0.693516 0.172919 0.698047 0.175527 0.701445 0.181494 0.702734 0.187212 0.701172 0.194082 0.694141 0.194082 0.692578 0.193079 0.691016 0.189067 0.690234 0.184905 0.691172 0.179338 0.692422 0.174925
1 0.633984 0.919258 0.630078 0.920261 0.628906 0.923771 0.628906 0.941825 0.629687 0.947342 0.632031 0.952859 0.633203 0.959378 0.633984 0.961384 0.634766 0.961384 0.635547 0.960381 0.635938 0.956369 0.635547 0.948345 0.636328 0.945838 0.636328 0.939318 0.635547 0.936309 0.635938 0.921264 0.635156 0.919759
1 0.294922 0.644433 0.29375 0.643932 0.290234 0.644935 0.282031 0.654463 0.269922 0.662487 0.269141 0.66349 0.269531 0.666499 0.271094 0.668004 0.277344 0.668506 0.283594 0.667001 0.287109 0.664995 0.291406 0.658475 0.294531 0.649448
1 0.454297 0.627884 0.454297 0.634403 0.45625 0.639418 0.458203 0.649448 0.459375 0.651454 0.461719 0.650953 0.463281 0.649448 0.463672 0.647944 0.463672 0.637914 0.460547 0.6334 0.458203 0.631896 0.455859 0.627884
1 0.360938 0.841525 0.357422 0.842026 0.35625 0.843029 0.353125 0.85005 0.350781 0.859579 0.348828 0.863591 0.348438 0.88666 0.349609 0.889168 0.353125 0.889669 0.354297 0.888666 0.355469 0.885657 0.355859 0.881143 0.357812 0.878636 0.358984 0.873119 0.360938 0.868606
1 0.38125 0.677533 0.380469 0.677533 0.375 0.684052 0.373437 0.692076 0.373437 0.695587 0.375391 0.704112 0.376563 0.706118 0.379297 0.707121 0.382422 0.70662 0.384766 0.704614 0.386328 0.700602 0.387109 0.696088 0.387109 0.693079 0.385547 0.686058
1 0.719922 0.811936 0.716797 0.811434 0.714453 0.817452 0.708594 0.824975 0.70625 0.835507 0.704297 0.838516 0.702734 0.843029 0.702734 0.845035 0.704297 0.847041 0.708594 0.847041 0.710156 0.845537 0.710938 0.84002 0.714453 0.835005 0.715625 0.830491 0.717031 0.82653 0.718164 0.822467 0.720313 0.814945
1 0.602734 0.51655 0.601953 0.522568 0.602734 0.527583 0.602734 0.533601 0.605859 0.547643 0.60625 0.554664 0.607031 0.556169 0.608203 0.55667 0.610547 0.554162 0.611328 0.55015 0.611328 0.534102 0.608594 0.526078 0.605078 0.52006 0.604297 0.517553
1 0.646094 0.158475 0.645703 0.163992 0.648047 0.173019 0.652344 0.184554 0.653516 0.188566 0.653906 0.193581 0.655078 0.194082 0.656719 0.191675 0.657813 0.185557 0.658594 0.177031 0.654297 0.168004 0.65 0.161986 0.648828 0.161484 0.646875 0.158475
1 0.601562 0.378134 0.599609 0.375627 0.597266 0.374624 0.592969 0.374624 0.587891 0.37663 0.581641 0.383149 0.58125 0.388164 0.582422 0.389669 0.583984 0.390171 0.588672 0.389669 0.592578 0.388164 0.6 0.383651 0.601172 0.381645
1 0.1 0.400201 0.0988281 0.400702 0.0976562 0.40321 0.0980469 0.413741 0.0972656 0.418255 0.0972656 0.424774 0.0996094 0.438315 0.1 0.445336 0.103125 0.449348 0.104297 0.448345 0.105469 0.441825 0.107813 0.434303 0.108594 0.430291 0.108594 0.42327 0.107813 0.41675 0.104297 0.408726 0.103516 0.404213 0.101562 0.401204
1 0.635938 0.509228 0.633594 0.510281 0.63125 0.513039 0.62957 0.515647 0.626719 0.51986 0.623203 0.523972 0.621016 0.52984 0.620469 0.535507 0.620313 0.537864 0.620703 0.542126 0.620703 0.546138 0.622266 0.55015 0.623437 0.55015 0.624219 0.549147 0.626563 0.540622 0.635 0.530742 0.638164 0.522116 0.638516 0.517001 0.637656 0.510732
1 0.377734 0.0752257 0.375391 0.0762287 0.373828 0.0812437 0.369531 0.0882648 0.369141 0.0942828 0.371484 0.0972919 0.374219 0.0972919 0.377344 0.0952859 0.379297 0.0927783 0.380859 0.0882648 0.381641 0.0837513 0.38125 0.0792377 0.380078 0.0767302
1 0.424609 0.790371 0.423047 0.78987 0.419531 0.794383 0.415625 0.796891 0.407813 0.806419 0.404687 0.813942 0.404687 0.815948 0.40625 0.817954 0.411719 0.818455 0.415625 0.816449 0.420312 0.811936 0.424609 0.806419 0.426953 0.795888 0.426563 0.79338
1 0.706641 0.693581 0.706641 0.695085 0.708203 0.698094 0.712109 0.702608 0.7125 0.704112 0.716406 0.707121 0.719531 0.708124 0.725 0.708124 0.732031 0.705115 0.733594 0.703611 0.733594 0.699599 0.728516 0.697593 0.721875 0.693581 0.717969 0.692578 0.707812 0.692578
1 0.457031 0.378636 0.454297 0.377633 0.449219 0.381645 0.44375 0.392177 0.442188 0.398696 0.440625 0.400702 0.4375 0.402708 0.437109 0.404714 0.438281 0.407723 0.440625 0.407723 0.444141 0.405717 0.445703 0.401705 0.45 0.397693 0.452734 0.391174 0.455859 0.388164 0.457422 0.383149
1 0.132031 0.160983 0.130078 0.160983 0.127344 0.167503 0.125391 0.17001 0.122266 0.172016 0.118359 0.178034 0.116406 0.186058 0.116797 0.191073 0.117969 0.193581 0.119531 0.194082 0.127734 0.187061 0.131641 0.182548 0.135156 0.171013 0.134766 0.16349
1 0.345703 0.80341 0.34375 0.802909 0.339844 0.803912 0.336719 0.805918 0.334375 0.806419 0.330859 0.809428 0.328125 0.813942 0.325156 0.818305 0.323906 0.820963 0.322266 0.822969 0.321484 0.826479 0.321875 0.831996 0.323047 0.832497 0.326562 0.830491 0.328906 0.826479 0.331836 0.824072 0.335547 0.820461 0.342578 0.813942 0.345703 0.805918
1 0.003125 0.0712136 0.003125 0.0742227 0.0046875 0.0792377 0.00703125 0.0827482 0.00898437 0.0832497 0.0179687 0.0887663 0.0222656 0.0887663 0.0292969 0.0867603 0.0335937 0.0827482 0.0347656 0.0787362 0.0347656 0.0767302 0.0332031 0.0742227 0.0304687 0.0757272 0.028125 0.0757272 0.025 0.0742227 0.0226562 0.0717151 0.0167969 0.0702106 0.0140625 0.0672016 0.0101563 0.0656971 0.00546875 0.0651956
1 0.768359 0.61334 0.764453 0.613842 0.763672 0.616349 0.763672 0.61986 0.765625 0.624373 0.765625 0.62989 0.764453 0.6334 0.764844 0.639418 0.763672 0.642929 0.764062 0.649448 0.767188 0.648947 0.770312 0.645938 0.771875 0.64343 0.773047 0.637914 0.772656 0.627884 0.769922 0.616349
1 0.319922 0.945336 0.318359 0.947844 0.317969 0.951856 0.31875 0.958375 0.320703 0.962387 0.321094 0.964895 0.326562 0.971916 0.330469 0.972919 0.333984 0.972417 0.335156 0.968907 0.335156 0.95988 0.331641 0.955868 0.33125 0.954363 0.328516 0.951354 0.327734 0.948847 0.324609 0.945336 0.323047 0.944333
1 0.460938 0.650451 0.459375 0.648947 0.455469 0.652457 0.444531 0.651956 0.439063 0.653962 0.436719 0.655968 0.433594 0.660983 0.433594 0.669007 0.434766 0.670512 0.436328 0.670512 0.440234 0.667503 0.446875 0.664995 0.449805 0.662187 0.453516 0.660481 0.458984 0.657974 0.460938 0.655466
1 0.880078 0.474925 0.877734 0.478435 0.877734 0.481946 0.880859 0.494483 0.885156 0.501003 0.896094 0.514544 0.9 0.515045 0.900391 0.512538 0.897266 0.503511 0.894922 0.500502 0.89375 0.496991 0.889844 0.490973 0.885938 0.481444 0.885156 0.477934 0.881641 0.474925
1 0.268359 0.669509 0.267188 0.669509 0.2625 0.673019 0.259766 0.67653 0.257422 0.684052 0.257812 0.693581 0.258984 0.698094 0.258203 0.705115 0.259766 0.707623 0.263672 0.708124 0.266016 0.705617 0.267969 0.696088 0.26875 0.683551 0.270703 0.677031 0.270703 0.673019 0.269922 0.671013
1 0.0996094 0.849047 0.0894531 0.845537 0.0835937 0.845537 0.0785156 0.848546 0.0726563 0.855065 0.0707031 0.859077 0.0703125 0.864092 0.0714844 0.865095 0.0761719 0.864092 0.0796875 0.859077 0.0894531 0.855567 0.0960938 0.851555 0.0992187 0.851053
1 0.508984 0.22668 0.507422 0.225677 0.504297 0.225677 0.501953 0.22668 0.493359 0.236209 0.491797 0.241725 0.490391 0.249147 0.492266 0.249649 0.496094 0.248245 0.503125 0.243731 0.508203 0.237212 0.510156 0.2332 0.509766 0.228686
1 0.0167187 0.11996 0.0175781 0.12337 0.0183594 0.125376 0.0183594 0.128887 0.0167969 0.1334 0.0140625 0.138415 0.00898437 0.13992 0.00390625 0.13992 0 0.138917 0 0.132146 0.00117187 0.130391 0.003125 0.127884 0.00546875 0.125226 0.00742187 0.122367 0.00976562 0.120562 0.0117188 0.118205 0.0141016 0.118205
1 0.616406 0.0215647 0.615234 0.0200602 0.612109 0.0185557 0.607031 0.0185557 0.600391 0.0200602 0.591797 0.0200602 0.590625 0.0210632 0.590234 0.0230692 0.592187 0.0260782 0.599219 0.0305918 0.608203 0.0305918 0.614062 0.0265797 0.616406 0.0235707
1 0.270703 0.908225 0.270313 0.911735 0.271094 0.915246 0.275391 0.925276 0.280078 0.930792 0.282422 0.932297 0.284375 0.932297 0.286719 0.929288 0.287109 0.92327 0.284375 0.915246 0.278906 0.909228 0.272656 0.907723
1 0.8375 0.928285 0.835156 0.925777 0.832812 0.925777 0.825781 0.928285 0.819922 0.934303 0.81875 0.938315 0.81875 0.940822 0.821484 0.942828 0.823438 0.942828 0.831641 0.940321 0.835547 0.935306 0.8375 0.930792
1 0.169531 0.7999 0.167969 0.794885 0.166797 0.793882 0.152344 0.794383 0.149609 0.795386 0.147656 0.797894 0.142969 0.801404 0.141797 0.803912 0.141797 0.805416 0.144141 0.807422 0.155469 0.808927 0.161719 0.805918 0.167969 0.804413 0.169141 0.80341
1 0.519531 0.478937 0.517578 0.478937 0.512891 0.481444 0.510156 0.484955 0.508984 0.487964 0.509375 0.493982 0.512891 0.503511 0.516406 0.50652 0.518359 0.50652 0.521094 0.497994 0.520703 0.487964 0.521484 0.484955 0.521484 0.47994
1 0.110547 0.914744 0.107031 0.917252 0.10625 0.919258 0.105859 0.926279 0.107031 0.930792 0.110547 0.938816 0.114453 0.942828 0.115625 0.942828 0.116797 0.940822 0.117969 0.934804 0.117578 0.924774 0.114453 0.918255 0.112109 0.915246
1 0.166016 0.467904 0.164453 0.470411 0.163672 0.477934 0.161328 0.482447 0.161328 0.485958 0.165234 0.498997 0.165234 0.504514 0.16875 0.51003 0.170703 0.510532 0.172656 0.508526 0.173047 0.501505 0.175391 0.49348 0.175781 0.481444 0.174219 0.476429 0.169531 0.468405
1 0.50625 0.491976 0.505078 0.491976 0.498047 0.499498 0.496875 0.503009 0.496484 0.509529 0.497266 0.515547 0.498047 0.517553 0.500781 0.52006 0.502734 0.52006 0.504687 0.517051 0.508594 0.504012 0.507422 0.498997 0.507031 0.49348
1 0.356641 0.0782347 0.355859 0.0767302 0.354687 0.0762287 0.337109 0.0767302 0.328906 0.0812437 0.323047 0.0872618 0.321484 0.0927783 0.323828 0.0952859 0.328906 0.0972919 0.335156 0.0972919 0.340234 0.0957874 0.346875 0.0907723 0.351562 0.0857573 0.354687 0.0842528 0.355859 0.0827482
1 0.0886719 0.375125 0.0839844 0.375125 0.078125 0.382648 0.0773438 0.384654 0.0759375 0.389468 0.0746094 0.393681 0.0746094 0.399198 0.0765625 0.400702 0.078125 0.399699 0.0820312 0.395737 0.0851563 0.391675 0.0882813 0.388666 0.0902344 0.384152 0.0910156 0.378134
1 0.522266 0.535607 0.521094 0.533601 0.517188 0.533601 0.509766 0.535607 0.501836 0.537513 0.494531 0.539619 0.492578 0.541123 0.491406 0.543129 0.491406 0.544634 0.493359 0.54664 0.502812 0.547643 0.507031 0.548144 0.513281 0.548144 0.517578 0.546138 0.521094 0.543129 0.522266 0.54012
1 0.636719 0.29338 0.635547 0.292377 0.633984 0.292377 0.630078 0.294885 0.623828 0.300903 0.621484 0.304915 0.614844 0.312437 0.614062 0.315948 0.614453 0.319458 0.617188 0.31996 0.619922 0.318957 0.626172 0.313942 0.630859 0.307924 0.633594 0.301906 0.6375 0.297894
1 0.725 0.173521 0.722266 0.172016 0.719531 0.172016 0.715898 0.172718 0.712891 0.174524 0.708594 0.178034 0.704297 0.184052 0.703125 0.193079 0.703906 0.194082 0.70625 0.194082 0.709375 0.192578 0.713281 0.189569 0.718359 0.183551 0.724219 0.181043 0.725781 0.179037 0.725781 0.175527
1 0.541016 0.0310933 0.540625 0.0336008 0.542578 0.0366098 0.542578 0.0381143 0.541406 0.0396189 0.539453 0.050652 0.539453 0.057673 0.540625 0.0626881 0.544141 0.0626881 0.546484 0.0611836 0.549609 0.057673 0.552344 0.0491474 0.552344 0.0426279 0.549219 0.0366098 0.546875 0.0356068 0.544922 0.0325978
1 0.405078 0.0366098 0.400781 0.0351053 0.395313 0.0351053 0.388281 0.0366098 0.384375 0.0381143 0.382812 0.0411234 0.382812 0.0431294 0.385156 0.0471414 0.3875 0.0486459 0.395703 0.0486459 0.401172 0.0446339 0.405078 0.0386158
1 0.199219 0.558175 0.2 0.560181 0.204297 0.561685 0.208203 0.567703 0.212109 0.569709 0.214062 0.57322 0.216016 0.574724 0.230469 0.574223 0.231641 0.573721 0.234375 0.569709 0.234375 0.568205 0.232422 0.565697 0.225781 0.564694 0.223828 0.562688 0.218359 0.560682 0.214062 0.557172 0.205078 0.557172 0.203906 0.556169 0.200781 0.555667
1 0.4625 0.807924 0.4625 0.810431 0.466797 0.814945 0.470313 0.815948 0.472266 0.818957 0.474219 0.820461 0.482422 0.821966 0.4875 0.824473 0.491016 0.823972 0.491797 0.818957 0.489844 0.815948 0.482031 0.812437 0.477734 0.808927 0.467578 0.806419 0.464844 0.806419
1 0.028125 0.796891 0.0273438 0.800401 0.028125 0.80341 0.0292969 0.804915 0.0326953 0.807823 0.0371094 0.810431 0.0429688 0.814945 0.05 0.817452 0.0519531 0.818957 0.0539063 0.818957 0.0542969 0.814443 0.0507812 0.810431 0.0496094 0.807422 0.04375 0.7999 0.040625 0.797894 0.0320312 0.795888 0.0289063 0.795888
1 0.473438 0.404213 0.472266 0.402708 0.469531 0.402708 0.466406 0.405216 0.462109 0.405216 0.458984 0.40672 0.454297 0.414243 0.453125 0.418255 0.447266 0.424273 0.447266 0.428285 0.450391 0.430792 0.451953 0.430792 0.453125 0.429789 0.458203 0.421264 0.468359 0.412738 0.471875 0.410732 0.473438 0.408225
1 0.532422 0.500502 0.528125 0.506018 0.527344 0.508024 0.527344 0.514544 0.529297 0.522066 0.536328 0.531093 0.538672 0.535607 0.540234 0.537111 0.542188 0.537111 0.544531 0.534604 0.544531 0.532598 0.542969 0.528586 0.538281 0.524072 0.537109 0.509529 0.534375 0.503511 0.533984 0.501003
1 0.0605469 0.363591 0.0585938 0.367603 0.0605469 0.376128 0.065625 0.384654 0.0722656 0.392678 0.0730469 0.399198 0.0753906 0.401705 0.0789062 0.400702 0.0800781 0.398195 0.0804688 0.392177 0.0789062 0.389168 0.0785156 0.383651 0.0667969 0.365597 0.0640625 0.363591
1 0.0707031 0.859579 0.0691406 0.858576 0.0640625 0.858576 0.0601563 0.861083 0.0488281 0.865095 0.0476562 0.8666 0.0449219 0.867101 0.0417969 0.869107 0.0386719 0.875125 0.0386719 0.881645 0.040625 0.884152 0.0445313 0.884152 0.0488281 0.880642 0.0519531 0.88014 0.0542969 0.878134 0.059375 0.876128 0.0632812 0.871113 0.0648438 0.870612 0.0707031 0.865597
1 0.410547 0.617352 0.409375 0.618857 0.409375 0.620361 0.412109 0.628887 0.4125 0.638415 0.415625 0.650451 0.417969 0.65346 0.420703 0.653962 0.421875 0.636911 0.420312 0.628887 0.415625 0.618355 0.413672 0.617352
1 0.760156 0.531595 0.758984 0.531595 0.750781 0.543631 0.749609 0.550652 0.749609 0.55667 0.750391 0.558676 0.750781 0.564694 0.752344 0.566199 0.75625 0.565697 0.758203 0.564193 0.757812 0.558175 0.758594 0.555667 0.758594 0.547141 0.760938 0.535607 0.760938 0.533099
1 0.460156 0.114845 0.458984 0.11334 0.453906 0.11334 0.449609 0.115848 0.442578 0.117854 0.439453 0.120863 0.435937 0.126379 0.433594 0.134905 0.433594 0.138917 0.434375 0.13992 0.436328 0.13992 0.444141 0.130391 0.446875 0.128887 0.451172 0.124373 0.458203 0.122367 0.460547 0.118355
1 0.468359 0.788867 0.46875 0.791876 0.470313 0.794383 0.483984 0.800903 0.489063 0.800401 0.493359 0.795386 0.492969 0.79338 0.488281 0.790873 0.483203 0.786359 0.475 0.783852 0.469922 0.784855
1 0.498828 0.718154 0.498047 0.718154 0.496484 0.721163 0.494141 0.723671 0.491406 0.7332 0.491797 0.738716 0.493359 0.742728 0.494922 0.741725 0.498047 0.735206 0.500781 0.725677 0.500781 0.721665 0.5 0.719157
1 0.142969 0.94333 0.141797 0.943831 0.1375 0.948847 0.135156 0.958877 0.135547 0.96991 0.137109 0.975426 0.139453 0.978937 0.141797 0.980943 0.143359 0.980943 0.145313 0.978435 0.148438 0.96991 0.148828 0.966399 0.148438 0.95336 0.146484 0.947844
1 0.325391 0.656469 0.322656 0.661484 0.321484 0.665496 0.320703 0.67653 0.321875 0.689067 0.325391 0.694584 0.327734 0.694082 0.328906 0.69007 0.327734 0.682046 0.328125 0.674524 0.328906 0.671013 0.328516 0.662487 0.329688 0.65998 0.329688 0.658475 0.327344 0.656469
1 0.518359 0.202608 0.516797 0.203109 0.515625 0.209629 0.511719 0.215145 0.509766 0.222668 0.510156 0.228686 0.511719 0.234203 0.513281 0.236209 0.516016 0.234704 0.518359 0.231695 0.519922 0.22668 0.519922 0.216148 0.519141 0.213641 0.519531 0.206118 0.519141 0.203611
1 0.171094 0.275326 0.169141 0.274824 0.166406 0.27683 0.165625 0.282347 0.161328 0.286861 0.160547 0.290371 0.158594 0.293882 0.158203 0.302909 0.158984 0.305416 0.161328 0.307422 0.167578 0.303912 0.170703 0.298395 0.171484 0.29338 0.173828 0.288867 0.173828 0.28335 0.173047 0.281344 0.173047 0.278335
1 0.0691406 0.594784 0.0664062 0.597292 0.0652344 0.600802 0.0597656 0.607322 0.0589844 0.609328 0.0566406 0.625376 0.0566406 0.631394 0.0570312 0.632899 0.0597656 0.634403 0.0613281 0.633902 0.0648438 0.630391 0.0660156 0.624373 0.071875 0.611836 0.0726563 0.607322 0.071875 0.597292
1 0.561328 0.228185 0.560547 0.227182 0.555469 0.227182 0.552344 0.229689 0.545703 0.232197 0.534375 0.242227 0.534375 0.244233 0.535547 0.245236 0.539844 0.244734 0.546875 0.240221 0.558984 0.235206 0.561328 0.232698
1 0.450391 0.379137 0.448437 0.377131 0.44375 0.375125 0.438672 0.376128 0.436328 0.377633 0.426953 0.389168 0.425391 0.392177 0.425391 0.395186 0.426953 0.397192 0.428906 0.397192 0.434375 0.39318 0.442969 0.390672 0.446875 0.384152 0.450391 0.382648
1 0.920703 0.651454 0.919141 0.651454 0.917578 0.658475 0.913281 0.664995 0.910937 0.673521 0.910937 0.680542 0.911719 0.684554 0.9125 0.686058 0.914844 0.687563 0.916797 0.687563 0.919922 0.685055 0.923438 0.678034 0.924219 0.675025 0.924609 0.665496 0.922266 0.654463
1 0.608594 0.477934 0.604297 0.474925 0.598828 0.475928 0.591016 0.481946 0.588281 0.485456 0.584766 0.487964 0.580469 0.49348 0.580469 0.494985 0.581641 0.496991 0.584375 0.497492 0.588281 0.495486 0.595703 0.488967 0.603516 0.485456 0.607422 0.47994 0.608594 0.479438
1 0.880547 0.909629 0.87625 0.909328 0.86875 0.918756 0.865625 0.927783 0.865625 0.934804 0.868359 0.939819 0.869922 0.945838 0.871875 0.948345 0.873828 0.948345 0.875781 0.945838 0.876563 0.942828 0.873711 0.933551 0.876328 0.925777 0.87832 0.921765
1 0.150781 0.0290873 0.153516 0.0320963 0.157031 0.0330993 0.170703 0.0341023 0.173828 0.0325978 0.176172 0.0300903 0.178906 0.0285858 0.179688 0.0265797 0.177734 0.0240722 0.169141 0.0195587 0.161719 0.0190572 0.157422 0.0200602 0.155078 0.0215647 0.150781 0.0265797
1 0.104297 0.865095 0.105078 0.868104 0.106641 0.869609 0.109375 0.869609 0.111719 0.868606 0.119141 0.870612 0.136719 0.870612 0.138672 0.869107 0.138281 0.865597 0.1375 0.864092 0.134766 0.862588 0.130859 0.862086 0.127734 0.86008 0.115234 0.859579 0.110547 0.861585 0.106641 0.862086
1 0.233594 0.543129 0.229687 0.539117 0.225391 0.539117 0.219922 0.543129 0.216016 0.547643 0.214453 0.554664 0.216016 0.557172 0.221484 0.557673 0.226172 0.554664 0.229297 0.551153 0.233594 0.544634
1 0.459766 0.0827482 0.457813 0.0827482 0.455469 0.0852558 0.450781 0.0872618 0.446094 0.0922768 0.44375 0.0967904 0.442578 0.100802 0.440508 0.107322 0.441016 0.11334 0.442188 0.117854 0.444531 0.117854 0.448047 0.116349 0.45 0.114343 0.450391 0.112337 0.451953 0.110331 0.453125 0.10682 0.454688 0.104814 0.458594 0.0962889 0.460938 0.0887663 0.460938 0.0857573
1 0.244922 0.536108 0.243359 0.536108 0.240625 0.538616 0.232813 0.559178 0.233203 0.564694 0.232305 0.568004 0.231641 0.572217 0.231641 0.574724 0.232422 0.57673 0.235547 0.579739 0.237891 0.578235 0.239063 0.575226 0.240664 0.570762 0.244531 0.563691 0.246094 0.558676 0.246875 0.552658 0.246875 0.539117 0.246484 0.537613
1 0.399609 0.207121 0.399609 0.208626 0.400391 0.209629 0.417187 0.219659 0.431641 0.219157 0.433984 0.217151 0.434766 0.214644 0.434766 0.212638 0.432422 0.209629 0.428516 0.209127 0.420312 0.204614 0.407031 0.203611 0.403516 0.204614
1 0.651563 0.640923 0.650391 0.64343 0.65 0.64995 0.650391 0.653962 0.653125 0.65998 0.657813 0.664995 0.662109 0.667001 0.665625 0.667001 0.666406 0.664995 0.665625 0.659478 0.663672 0.655968 0.662109 0.648947 0.659375 0.644433 0.658984 0.641424 0.658203 0.640421
1 0.717969 0.918756 0.716016 0.916249 0.713672 0.914744 0.707422 0.914744 0.698047 0.918756 0.694922 0.922267 0.692578 0.923771 0.689844 0.930291 0.687891 0.932798 0.685547 0.934303 0.685156 0.939819 0.689844 0.939819 0.696094 0.93681 0.701953 0.935807 0.705078 0.932798 0.708984 0.930792 0.713672 0.926279 0.717969 0.920261
1 0.157422 0.634403 0.155469 0.6334 0.151562 0.634403 0.141797 0.64343 0.138672 0.648445 0.1375 0.652959 0.137891 0.661484 0.138672 0.662487 0.140625 0.660983 0.147266 0.659478 0.151953 0.654965 0.154297 0.648947 0.155078 0.644433 0.157812 0.638917
1 0.323906 0.937161 0.324531 0.942778 0.326289 0.94654 0.328125 0.950853 0.334375 0.958375 0.3375 0.964393 0.341016 0.968405 0.342578 0.968907 0.344141 0.966399 0.344141 0.964393 0.342969 0.961886 0.341797 0.953862 0.338281 0.948847 0.331641 0.941825 0.331641 0.940321 0.330078 0.937312 0.326953 0.934804
1 0.339453 0.442828 0.336719 0.442327 0.333984 0.444835 0.332813 0.451856 0.328516 0.459378 0.325391 0.462889 0.325781 0.465898 0.330469 0.466399 0.333203 0.465396 0.335547 0.46339 0.338672 0.457372 0.341016 0.448345 0.340234 0.443831
1 0.395313 0.788365 0.395313 0.790371 0.4 0.791374 0.403125 0.794383 0.411328 0.796891 0.415625 0.796891 0.420312 0.794885 0.425 0.793882 0.426563 0.790873 0.426172 0.788867 0.425 0.787864 0.420312 0.787362 0.413672 0.784353 0.408594 0.784353 0.403789 0.786359 0.396094 0.787362
1 0.146875 0.326981 0.146875 0.334002 0.151562 0.344534 0.155469 0.347041 0.158203 0.350552 0.162109 0.352056 0.163281 0.35005 0.163281 0.347041 0.158594 0.331996 0.154297 0.327482
1 0.822656 0.480441 0.814063 0.479438 0.808203 0.487462 0.80625 0.494483 0.807422 0.499498 0.809766 0.503009 0.812109 0.503009 0.819141 0.498997 0.820312 0.493982 0.823047 0.487964 0.823828 0.482447
1 0.866016 0.215145 0.864453 0.215145 0.863672 0.21665 0.863281 0.225677 0.860547 0.237713 0.860547 0.244233 0.862109 0.248746 0.864062 0.249749 0.866016 0.249248 0.866797 0.247743 0.867969 0.237713 0.869141 0.233701 0.867578 0.225176 0.867188 0.217151
1 0.502344 0.611836 0.501172 0.612337 0.498437 0.616349 0.497266 0.620361 0.494141 0.624875 0.493359 0.627382 0.492969 0.635908 0.49375 0.637914 0.493359 0.645436 0.494141 0.646439 0.497266 0.645938 0.498828 0.644433 0.5 0.638917 0.501953 0.636409 0.503516 0.631394 0.503828 0.627984 0.503789 0.624373 0.503906 0.619358 0.503516 0.61334
1 0.385937 0.552658 0.388281 0.564193 0.390625 0.565697 0.392969 0.569208 0.395313 0.570712 0.398438 0.574724 0.403906 0.57673 0.407422 0.580241 0.412109 0.579739 0.412109 0.578235 0.409766 0.575226 0.407813 0.568706 0.405859 0.566199 0.405469 0.563691 0.402734 0.557673 0.396094 0.552658 0.390234 0.551153 0.3875 0.551153
1 0.430078 0.895186 0.432031 0.899198 0.436719 0.902207 0.439063 0.904714 0.441797 0.905717 0.448437 0.905216 0.453125 0.902708 0.458984 0.901705 0.460156 0.900201 0.460156 0.897192 0.458984 0.894183 0.450391 0.891675 0.439844 0.892177 0.437109 0.893681
1 0.338672 0.318455 0.330078 0.322467 0.328906 0.323972 0.326172 0.331996 0.325781 0.34002 0.327344 0.347543 0.327344 0.354062 0.329688 0.358074 0.330859 0.357573 0.334766 0.353059 0.338672 0.344032 0.340234 0.338014 0.339844 0.32999 0.341016 0.324975 0.340625 0.320461
1 0.435547 0.267302 0.433203 0.265797 0.43125 0.265797 0.419141 0.274824 0.4125 0.282849 0.4125 0.284855 0.413672 0.286359 0.416797 0.286861 0.423828 0.285356 0.428516 0.28335 0.432031 0.27984 0.434766 0.275827 0.435547 0.27332
1 0.900781 0.817452 0.899219 0.81996 0.898828 0.822969 0.9 0.845537 0.903516 0.859077 0.904687 0.860582 0.908203 0.862086 0.909375 0.859579 0.908594 0.852056 0.908984 0.838014 0.908594 0.832999 0.907422 0.828987 0.906641 0.819458 0.904687 0.817452
1 0.671875 0.6334 0.669922 0.630391 0.667188 0.629388 0.641797 0.632899 0.638281 0.635406 0.636328 0.638415 0.636328 0.63992 0.637891 0.641424 0.641797 0.642427 0.648438 0.641424 0.656641 0.641424 0.661719 0.63992 0.665625 0.63992 0.669922 0.638917 0.671875 0.635406
1 0.559375 0.794885 0.560156 0.798897 0.564063 0.800401 0.566406 0.803912 0.56875 0.805416 0.575781 0.806921 0.583594 0.814945 0.584766 0.814443 0.584766 0.808425 0.582422 0.805416 0.580078 0.7999 0.577734 0.797392 0.572656 0.794885 0.567969 0.794885 0.564453 0.796891 0.561328 0.793882 0.560156 0.793882
1 0.549609 0.440822 0.548438 0.438816 0.547266 0.438315 0.542969 0.438315 0.533203 0.44333 0.530469 0.442327 0.525 0.442828 0.516797 0.447844 0.516016 0.450351 0.513672 0.45336 0.516016 0.454363 0.522266 0.452859 0.526563 0.452859 0.529297 0.453862 0.533203 0.45336 0.538281 0.450351 0.544141 0.449348 0.547656 0.447844 0.549609 0.444835
1 0.826172 0.12989 0.826172 0.132397 0.826953 0.1334 0.832812 0.136409 0.842578 0.135908 0.845313 0.1334 0.845313 0.131394 0.84375 0.128385 0.841406 0.126881 0.829688 0.126881 0.826953 0.127884
1 0.825391 0.511535 0.823828 0.514042 0.824219 0.524574 0.828906 0.533099 0.832812 0.544634 0.834375 0.544634 0.835156 0.543631 0.835938 0.53661 0.8375 0.53009 0.837109 0.525075 0.833594 0.517051 0.830469 0.513039 0.827344 0.511535
1 0.214062 0.849047 0.213281 0.848044 0.208594 0.848546 0.20625 0.852056 0.196875 0.858074 0.192188 0.863089 0.192188 0.865095 0.199609 0.870612 0.202734 0.870612 0.206641 0.868606 0.209766 0.866098 0.210938 0.864092 0.213672 0.855567
1 0.56875 0.322467 0.563672 0.322969 0.558984 0.334002 0.557031 0.343531 0.557031 0.350552 0.559375 0.358074 0.558594 0.363591 0.559766 0.365095 0.561328 0.364594 0.562109 0.363089 0.562109 0.36008 0.564844 0.351053 0.567187 0.33651 0.569922 0.329488 0.569922 0.325978
2 0.88125 0.58325 0.880469 0.584253 0.880469 0.585757 0.884766 0.603811 0.887891 0.608826 0.891797 0.61334 0.894141 0.61334 0.895703 0.612337 0.897266 0.610331 0.898438 0.606319 0.900391 0.60331 0.901563 0.599799 0.901172 0.598295 0.890234 0.58676
2 0.729297 0.652457 0.729297 0.655466 0.732031 0.660481 0.744141 0.669509 0.748437 0.67001 0.748437 0.668004 0.747266 0.666499 0.746484 0.66349 0.740625 0.656971 0.732812 0.650953 0.73125 0.650953
