1 0.415625 0.717773 0.414062 0.716797 0.411719 0.716797 0.405078 0.721191 0.402344 0.725586 0.398828 0.729492 0.397656 0.733887 0.398047 0.73584 0.399609 0.737305 0.404297 0.736816 0.410938 0.731445 0.414453 0.726562 0.415625 0.723633
1 0.748828 0.538574 0.744922 0.535645 0.742188 0.535645 0.739062 0.537109 0.734375 0.542969 0.732422 0.546875 0.732031 0.552734 0.732812 0.555176 0.736719 0.555664 0.744531 0.548828 0.748047 0.544434 0.749219 0.541016
1 0.567969 0.344238 0.566016 0.343262 0.563672 0.343262 0.559766 0.345215 0.556641 0.348145 0.553906 0.353516 0.553906 0.359863 0.55625 0.362305 0.560937 0.362793 0.563672 0.36084 0.568359 0.35498 0.569141 0.349609
1 0.705078 0.797852 0.70625 0.802246 0.707812 0.804199 0.712891 0.806152 0.71875 0.806152 0.721094 0.805176 0.723047 0.803223 0.723828 0.800781 0.723828 0.79834 0.723047 0.797363 0.714063 0.792969 0.708984 0.792969
1 0.612109 0.748535 0.607422 0.748047 0.601172 0.752441 0.597656 0.758301 0.597656 0.76416 0.599219 0.766113 0.604297 0.766113 0.608203 0.76416 0.611328 0.759766 0.6125 0.755371
1 0.59375 0.511719 0.591406 0.510254 0.586719 0.510254 0.583984 0.51123 0.578906 0.515625 0.576953 0.519531 0.576953 0.520996 0.579297 0.523926 0.583984 0.523438 0.592187 0.518555 0.594531 0.514648
1 0.258594 0.538086 0.258203 0.541016 0.258984 0.544434 0.261328 0.547852 0.269922 0.55127 0.275781 0.55127 0.276562 0.550293 0.276953 0.54834 0.275781 0.544922 0.271484 0.538574 0.265234 0.536133 0.259766 0.536621
1 0.573047 0.377441 0.571094 0.377441 0.568359 0.379395 0.566797 0.382324 0.565234 0.387695 0.564453 0.392578 0.564844 0.398438 0.566797 0.402344 0.56875 0.402344 0.570703 0.399414 0.572266 0.390137 0.574609 0.384766 0.574609 0.379395
1 0.253516 0.583496 0.253516 0.586914 0.254688 0.589355 0.264062 0.594238 0.270703 0.594238 0.272656 0.592773 0.273828 0.589355 0.273438 0.587402 0.271875 0.585449 0.2625 0.57959 0.258203 0.57959 0.255859 0.580566
1 0.719531 0.905762 0.719922 0.908203 0.721094 0.910156 0.724219 0.911621 0.729297 0.912598 0.736719 0.912109 0.738281 0.910645 0.738672 0.907227 0.738281 0.905273 0.736328 0.902832 0.731641 0.900391 0.726953 0.900391 0.723437 0.901367 0.721094 0.902832
1 0.549609 0.420898 0.548047 0.420898 0.544531 0.425293 0.541406 0.434082 0.541016 0.441406 0.542188 0.443359 0.54375 0.444336 0.546094 0.444336 0.548047 0.441895 0.550781 0.433105 0.551172 0.424316 0.550781 0.422363
1 0.665234 0.353027 0.661719 0.356445 0.660937 0.358398 0.660937 0.36377 0.664453 0.370605 0.665234 0.373535 0.666797 0.375488 0.670312 0.376953 0.673438 0.374023 0.674219 0.370117 0.673828 0.364258 0.669531 0.355957 0.666797 0.353027
1 0.648828 0.944824 0.649609 0.949707 0.653906 0.953125 0.662891 0.953125 0.666406 0.952148 0.668359 0.950195 0.667969 0.944336 0.663281 0.939453 0.661328 0.938477 0.654297 0.938477 0.651563 0.940918
1 0.591406 0.607422 0.589453 0.605957 0.585938 0.605957 0.582812 0.607422 0.580859 0.609375 0.575781 0.616699 0.575 0.621094 0.575391 0.624512 0.576562 0.625488 0.580469 0.625 0.585938 0.619629 0.589844 0.61377 0.591406 0.609375
1 0.398438 0.398926 0.395313 0.398438 0.390625 0.403809 0.387891 0.408203 0.385156 0.416504 0.385156 0.419434 0.386328 0.421875 0.387891 0.422852 0.390234 0.422363 0.4 0.413086 0.401172 0.40918 0.401172 0.402344
1 0.507031 0.573242 0.506641 0.574707 0.508203 0.578613 0.519141 0.590332 0.521094 0.591797 0.524219 0.591797 0.526172 0.589844 0.525781 0.583496 0.522656 0.577637 0.514453 0.572266 0.508594 0.572266
1 0.502344 0.60498 0.500781 0.605957 0.498047 0.613281 0.498047 0.617188 0.500781 0.623535 0.505078 0.628418 0.507422 0.628418 0.509375 0.627441 0.509375 0.622559 0.507422 0.615234 0.506641 0.60791 0.505859 0.605957
1 0.488672 0.109375 0.489063 0.111328 0.490625 0.112793 0.497656 0.114746 0.502734 0.114746 0.506641 0.112793 0.507812 0.11084 0.507812 0.108887 0.505859 0.106445 0.501953 0.103027 0.498828 0.101562 0.49375 0.102539 0.489453 0.107422
1 0.107031 0.393555 0.104688 0.391602 0.0992187 0.391602 0.0953125 0.393066 0.090625 0.397949 0.0886719 0.401855 0.0882813 0.405762 0.0890625 0.407715 0.0917969 0.40918 0.103516 0.400879 0.105859 0.398438
1 0.353516 0.285645 0.353125 0.291992 0.353906 0.294922 0.354297 0.30127 0.355859 0.305664 0.360938 0.310547 0.365625 0.310547 0.367578 0.308105 0.368359 0.304199 0.367578 0.299805 0.364063 0.290527 0.3625 0.287598 0.360156 0.285645 0.357812 0.284668
1 0.125781 0.503906 0.123438 0.505859 0.123047 0.51123 0.128516 0.528809 0.130078 0.530762 0.132031 0.530762 0.134375 0.528809 0.135547 0.525391 0.135547 0.514648 0.132812 0.509277 0.127734 0.503906
1 0.232813 0.796387 0.227734 0.795898 0.224609 0.799316 0.221094 0.801758 0.215625 0.803223 0.211719 0.806641 0.211328 0.80957 0.213281 0.812988 0.217578 0.814941 0.223047 0.814941 0.226172 0.813477 0.230078 0.808594 0.232813 0.803223
1 0.491406 0.893066 0.489844 0.893555 0.488281 0.895996 0.484375 0.90918 0.484375 0.912598 0.485156 0.914551 0.489063 0.91748 0.490625 0.91748 0.495312 0.910156 0.496094 0.901367 0.494922 0.895996 0.49375 0.894043
1 0.4625 0.968262 0.463281 0.973145 0.465234 0.978027 0.466797 0.97998 0.473047 0.982422 0.478125 0.982422 0.480859 0.980469 0.48125 0.978027 0.480078 0.974121 0.475391 0.967773 0.470313 0.96582 0.465625 0.965332 0.463281 0.966797
1 0.669141 0.963379 0.669141 0.966309 0.669922 0.96875 0.673828 0.973633 0.677344 0.976074 0.683984 0.975586 0.685937 0.974609 0.687109 0.972168 0.6875 0.969727 0.686328 0.966797 0.683203 0.963867 0.676172 0.960449 0.672266 0.960449
1 0.570312 0.958984 0.571875 0.962891 0.574609 0.964355 0.580469 0.96582 0.587891 0.965332 0.589063 0.964355 0.589844 0.961914 0.589453 0.958008 0.584766 0.953613 0.574609 0.954102 0.572656 0.955078
1 0.494141 0.90332 0.492969 0.908203 0.492969 0.911133 0.498047 0.912598 0.501953 0.915039 0.509766 0.922363 0.512109 0.922363 0.514062 0.920898 0.511328 0.913574 0.503516 0.904785 0.498047 0.901855 0.494922 0.902344
1 0.771484 0.982422 0.767578 0.981445 0.762891 0.987305 0.760938 0.99707 0.761328 1 0.769922 1 0.770703 0.999023 0.772266 0.990234 0.772266 0.983398
1 0.843359 0.950195 0.842578 0.94873 0.837891 0.946777 0.833594 0.947266 0.826172 0.95166 0.824609 0.954102 0.824609 0.956543 0.825391 0.958984 0.826953 0.960938 0.829688 0.962402 0.833984 0.962402 0.838672 0.959961 0.84375 0.955078
1 0.822266 0.848633 0.817969 0.849121 0.816016 0.851562 0.815234 0.855469 0.811328 0.858398 0.810547 0.862305 0.810937 0.868164 0.814453 0.868164 0.817969 0.866699 0.822656 0.861816 0.823828 0.85791 0.824219 0.852539
1 0.716016 0.811035 0.714844 0.8125 0.713672 0.816406 0.713672 0.828125 0.714844 0.831055 0.720313 0.836914 0.723828 0.836426 0.725391 0.833496 0.725391 0.831543 0.723047 0.821777 0.720313 0.813477 0.717969 0.811035
1 0.926172 0.832031 0.925 0.835449 0.925 0.838867 0.926562 0.84375 0.933203 0.850098 0.938281 0.850098 0.939844 0.848145 0.940234 0.845215 0.939844 0.84082 0.938281 0.837402 0.935547 0.834473 0.931641 0.832031
1 0.900781 0.832031 0.900781 0.834473 0.901953 0.837402 0.905078 0.839844 0.907813 0.84082 0.917188 0.841797 0.919922 0.84082 0.922656 0.838379 0.922656 0.836914 0.916797 0.831055 0.9125 0.829102 0.904297 0.82959
1 0.992188 0.731445 0.990625 0.731445 0.989453 0.732422 0.9875 0.739258 0.987109 0.743164 0.9875 0.750488 0.989062 0.754883 0.990234 0.755859 0.99375 0.754883 0.994531 0.753906 0.996094 0.747559 0.996094 0.736328 0.994922 0.73291
1 0.931641 0.539062 0.929297 0.537598 0.926953 0.537598 0.919141 0.545898 0.917969 0.54834 0.917969 0.550781 0.91875 0.552734 0.923047 0.556152 0.926562 0.556152 0.930469 0.553711 0.932031 0.551758 0.933594 0.545898 0.933594 0.543457
1 0.486328 0.0844727 0.485938 0.0869141 0.486719 0.0908203 0.493359 0.0991211 0.497266 0.101562 0.501563 0.101562 0.501563 0.0986328 0.500391 0.0947266 0.491797 0.0830078 0.488672 0.0825195
1 0.638281 0.019043 0.637109 0.0205078 0.636719 0.0273438 0.637891 0.0336914 0.642188 0.0419922 0.644141 0.0429688 0.646875 0.0429688 0.647656 0.0419922 0.647266 0.034668 0.643359 0.0205078 0.641797 0.019043
1 0.641406 0.0712891 0.640234 0.0742188 0.640234 0.078125 0.642578 0.0869141 0.645312 0.090332 0.65 0.09375 0.654297 0.0927734 0.655469 0.0908203 0.655078 0.0854492 0.651953 0.0756836 0.646484 0.0703125 0.642969 0.0703125
1 0.828125 0.0898438 0.827344 0.0908203 0.826953 0.0952148 0.830078 0.10498 0.833984 0.108887 0.838281 0.108398 0.839453 0.105957 0.839453 0.102539 0.838281 0.0966797 0.834766 0.090332 0.830078 0.0888672
1 0.638281 0 0.633594 0 0.633594 0.00195312 0.630859 0.00439453 0.628906 0.00732422 0.626172 0.0146484 0.626172 0.0185547 0.627734 0.0214844 0.63125 0.0224609 0.632422 0.0209961 0.633984 0.0161133 0.637891 0.0107422 0.639062 0.00830078
2 0.528906 0.274414 0.526563 0.272461 0.523438 0.272461 0.517969 0.274902 0.509766 0.285156 0.509766 0.291504 0.514453 0.29248 0.517578 0.291016 0.527734 0.280762 0.529297 0.276855
2 0.342578 0.0336914 0.341406 0.0356445 0.341016 0.0415039 0.342969 0.046875 0.345313 0.0498047 0.35 0.050293 0.351172 0.0488281 0.351953 0.0458984 0.349609 0.0395508 0.346094 0.0332031
2 0.217578 0.467773 0.218359 0.470215 0.219922 0.472168 0.223828 0.473145 0.229297 0.472656 0.232031 0.47168 0.237891 0.467285 0.238672 0.46582 0.239063 0.461914 0.2375 0.460449 0.232422 0.458984 0.226562 0.458984 0.220312 0.461914 0.217969 0.464844
1 0.0101563 0.246582 0.009375 0.247559 0.009375 0.252441 0.015625 0.266113 0.0203125 0.27002 0.0226562 0.27002 0.0242188 0.26709 0.0242188 0.265137 0.0222656 0.257324 0.0171875 0.249023 0.0144531 0.24707
2 0.0722656 0.855957 0.0695313 0.852539 0.065625 0.852539 0.0585938 0.854492 0.0558594 0.855957 0.0511719 0.861328 0.0503906 0.866699 0.0515625 0.868164 0.0546875 0.868164 0.0691406 0.862793 0.071875 0.858887
2 0.0863281 0.787109 0.0863281 0.789551 0.0871094 0.791016 0.0902344 0.793945 0.1 0.797852 0.107422 0.797852 0.110156 0.794434 0.109766 0.79248 0.108594 0.791016 0.100391 0.786621 0.0957031 0.785156 0.0929688 0.783203 0.0882813 0.783691
2 0.282813 0.57373 0.281641 0.574219 0.279297 0.577637 0.279297 0.583496 0.282813 0.592285 0.285156 0.595215 0.287891 0.59668 0.290625 0.595215 0.291016 0.594238 0.290625 0.586914 0.2875 0.577148 0.285938 0.575195
1 0.737891 0.456055 0.7375 0.458008 0.738281 0.462402 0.74375 0.469238 0.750781 0.474121 0.752734 0.474121 0.754687 0.472168 0.755078 0.470215 0.754297 0.466309 0.752344 0.462891 0.741016 0.45459 0.739453 0.45459
1 0.238672 0.720215 0.239844 0.725098 0.247266 0.735352 0.250781 0.736816 0.255859 0.736328 0.257031 0.735352 0.257031 0.729004 0.248828 0.719238 0.242578 0.718262 0.240234 0.71875
1 0.781641 0.459961 0.780469 0.461426 0.780859 0.467773 0.784766 0.472656 0.788672 0.482422 0.789844 0.483887 0.792188 0.484375 0.79375 0.483398 0.795312 0.480957 0.795703 0.478027 0.795312 0.466309 0.79375 0.460938 0.791797 0.458984 0.784766 0.458984
1 0.819531 0.499512 0.817969 0.495605 0.812891 0.495117 0.810156 0.496582 0.807813 0.496582 0.801953 0.498535 0.800391 0.5 0.8 0.501465 0.800781 0.503906 0.803125 0.505859 0.814063 0.505859 0.81875 0.502441
2 0.939063 0.554688 0.932031 0.554688 0.927734 0.55957 0.921875 0.562988 0.916406 0.568848 0.917578 0.569824 0.922656 0.570801 0.930469 0.569824 0.937109 0.562988 0.938672 0.55957
2 0.0359375 0.728027 0.0335937 0.726562 0.0296875 0.727051 0.0253906 0.72998 0.0226562 0.733398 0.0195312 0.743652 0.0195312 0.74707 0.0207031 0.750977 0.0222656 0.751465 0.025 0.750488 0.0332031 0.740723 0.0363281 0.735352 0.0375 0.730957
2 0.896875 0.553711 0.897266 0.559082 0.903125 0.56543 0.910547 0.569824 0.916406 0.569824 0.917969 0.568848 0.914062 0.55957 0.911328 0.557129 0.908984 0.553711 0.901172 0.55127 0.899219 0.551758
1 0.876172 0.284668 0.874609 0.288574 0.874609 0.293945 0.876953 0.302246 0.883203 0.311035 0.884766 0.312012 0.889453 0.311035 0.890234 0.308594 0.890234 0.304199 0.887891 0.299316 0.885547 0.291992 0.880859 0.285156
2 0.883984 0.334473 0.882422 0.336426 0.881641 0.338867 0.882422 0.342285 0.885547 0.347656 0.889062 0.355957 0.891797 0.35791 0.89375 0.357422 0.895703 0.354492 0.895312 0.344727 0.89375 0.340332 0.890625 0.335938 0.888672 0.334473
2 0.985938 0.493164 0.982812 0.493164 0.980859 0.495117 0.980469 0.496582 0.979688 0.512207 0.980859 0.516113 0.982422 0.518066 0.985547 0.517578 0.986719 0.516113 0.9875 0.513184 0.987891 0.499023 0.987109 0.494629
1 0.951562 0.111328 0.95 0.11377 0.95 0.121094 0.953516 0.128906 0.958203 0.131348 0.963281 0.130371 0.964453 0.128906 0.965234 0.125488 0.964453 0.119141 0.959375 0.112793 0.957031 0.111328
1 0.880469 0.0839844 0.878516 0.0859375 0.876563 0.0898438 0.875781 0.0961914 0.876563 0.101074 0.880078 0.10791 0.882031 0.108398 0.885156 0.107422 0.885938 0.105469 0.886328 0.100586 0.885156 0.0942383 0.885547 0.0908203 0.884766 0.0874023 0.883203 0.0849609
2 0.911719 0.179688 0.910156 0.182617 0.910156 0.188477 0.911328 0.194336 0.914062 0.19873 0.916406 0.199707 0.921094 0.199707 0.923047 0.19873 0.925781 0.194336 0.926953 0.188965 0.926562 0.186523 0.924609 0.18457 0.920312 0.183594 0.916406 0.180664
1 0.930859 0.0136719 0.929688 0.0161133 0.930469 0.0224609 0.932813 0.0253906 0.934766 0.0302734 0.936719 0.0327148 0.941406 0.0351562 0.944531 0.0351562 0.947266 0.0332031 0.947656 0.0307617 0.945703 0.0253906 0.938672 0.015625 0.935156 0.0126953
2 0.821484 0.0356445 0.821875 0.0380859 0.824219 0.0410156 0.833984 0.0463867 0.838281 0.046875 0.839844 0.0458984 0.842187 0.0424805 0.842187 0.0400391 0.841016 0.0371094 0.833594 0.0332031 0.825391 0.0317383 0.823438 0.0327148
2 0.900391 0.0957031 0.900391 0.100586 0.905078 0.10498 0.911328 0.109375 0.915625 0.115234 0.920703 0.115723 0.924219 0.111328 0.924219 0.108398 0.923047 0.10498 0.919922 0.101562 0.913281 0.0966797 0.905078 0.0942383
1 0.85625 0.935547 0.854297 0.933594 0.848437 0.931641 0.841016 0.932617 0.836328 0.935547 0.835938 0.941406 0.836719 0.943848 0.837891 0.944824 0.84375 0.943848 0.850781 0.943848 0.854297 0.942383 0.855859 0.94043
2 0.834375 0.750488 0.833984 0.755371 0.840625 0.76416 0.842187 0.765137 0.846094 0.765625 0.848437 0.763672 0.849219 0.759766 0.848437 0.756836 0.846484 0.753906 0.841797 0.751953 0.837891 0.749023
2 0.635938 0.686035 0.637891 0.687988 0.651172 0.6875 0.655859 0.685059 0.657813 0.682617 0.657813 0.681152 0.655469 0.678223 0.651563 0.675781 0.645312 0.675293 0.639453 0.677734 0.636719 0.679688 0.635938 0.681152
2 0.58125 0.792969 0.582422 0.794922 0.584375 0.795898 0.589844 0.796875 0.595703 0.796387 0.601562 0.79248 0.603516 0.790039 0.603516 0.787109 0.600781 0.784668 0.589844 0.784668 0.584375 0.785645 0.581641 0.788086
2 0.809375 0.84668 0.80625 0.84668 0.804688 0.851074 0.804688 0.868164 0.805469 0.870117 0.807031 0.871582 0.809766 0.870605 0.811328 0.867676 0.810937 0.862305 0.812109 0.858398 0.812109 0.852051 0.811328 0.848633
2 0.639453 0.567871 0.639062 0.569824 0.640234 0.57373 0.642188 0.576172 0.645703 0.578125 0.647656 0.578125 0.65 0.57666 0.650781 0.575195 0.650781 0.570801 0.65 0.568359 0.646484 0.566406 0.643359 0.565918 0.641016 0.566406
1 0.483984 0.84082 0.482422 0.840332 0.480859 0.841309 0.472656 0.851562 0.470313 0.856445 0.470313 0.861816 0.471094 0.862793 0.474219 0.864258 0.478906 0.863281 0.482812 0.860352 0.484766 0.85791 0.486328 0.852051 0.485938 0.844727
1 0.434375 0.499512 0.434375 0.50293 0.435156 0.505859 0.441797 0.513672 0.445703 0.515625 0.448828 0.515625 0.451953 0.513672 0.453125 0.511719 0.452734 0.507812 0.450781 0.505371 0.445703 0.502441 0.444141 0.500488 0.439844 0.498535 0.435156 0.498535
