1 0.873828 0.290527 0.869531 0.284668 0.867578 0.284668 0.866016 0.286133 0.869141 0.298828 0.870703 0.30957 0.868359 0.319336 0.862109 0.331055 0.844141 0.347656 0.825 0.362305 0.812891 0.367676 0.798828 0.370605 0.787109 0.375488 0.76875 0.37793 0.758594 0.37793 0.750391 0.380859 0.741406 0.382324 0.729297 0.388672 0.714063 0.400391 0.701953 0.405762 0.663672 0.40625 0.656641 0.407227 0.635938 0.416504 0.625391 0.424316 0.619141 0.426758 0.604297 0.436035 0.595313 0.445801 0.591406 0.446777 0.582031 0.456055 0.575781 0.470215 0.570312 0.475586 0.56875 0.47998 0.564063 0.485352 0.556641 0.48877 0.551562 0.494629 0.543359 0.51416 0.544922 0.525391 0.540234 0.52832 0.5375 0.531738 0.535937 0.535156 0.535547 0.541016 0.528516 0.549316 0.525 0.550781 0.524219 0.553711 0.524609 0.558594 0.527734 0.563965 0.520703 0.568848 0.517969 0.568848 0.516406 0.578125 0.518359 0.578613 0.519141 0.573242 0.520703 0.570801 0.524609 0.572754 0.526172 0.572266 0.529297 0.569336 0.530469 0.565918 0.534766 0.564941 0.5375 0.561523 0.541406 0.560547 0.542969 0.555664 0.544531 0.553711 0.545703 0.547852 0.547266 0.545898 0.549219 0.54541 0.555469 0.536133 0.562109 0.531738 0.571094 0.529785 0.576562 0.529785 0.589453 0.524902 0.596094 0.520996 0.598437 0.518066 0.608203 0.511719 0.611328 0.508301 0.615234 0.506836 0.621484 0.502441 0.646484 0.479004 0.655078 0.472656 0.666797 0.458496 0.669141 0.457031 0.674219 0.449707 0.677734 0.447266 0.687109 0.433105 0.702734 0.422852 0.709375 0.416992 0.724219 0.408203 0.726953 0.404785 0.738672 0.396484 0.751172 0.390137 0.780078 0.38623 0.793359 0.380859 0.818359 0.374512 0.831641 0.368652 0.844922 0.356445 0.861328 0.344238 0.865234 0.340332 0.872656 0.329102 0.874609 0.32373 0.875391 0.31543 0.876563 0.312012 0.876563 0.300781
2 0.915625 0.603516 0.914453 0.598145 0.9125 0.596191 0.910937 0.596191 0.907422 0.598633 0.907031 0.608887 0.903516 0.612305 0.898828 0.61377 0.866016 0.613281 0.833203 0.60791 0.820312 0.609863 0.812891 0.612305 0.80625 0.616211 0.805469 0.619141 0.807813 0.62207 0.814844 0.623047 0.828906 0.630859 0.835547 0.632324 0.846094 0.630859 0.848047 0.632812 0.85 0.638184 0.852344 0.639648 0.857031 0.639648 0.859375 0.636719 0.860156 0.628906 0.861328 0.627441 0.8875 0.625 0.893359 0.625488 0.899219 0.623535 0.908203 0.622559 0.913672 0.617676 0.915234 0.612305
1 0.301953 0.817383 0.299609 0.815918 0.287109 0.813965 0.276172 0.809082 0.272656 0.810059 0.262891 0.815918 0.236328 0.841797 0.233984 0.841797 0.236016 0.840527 0.237422 0.842725 0.250664 0.828076 0.240586 0.838818 0.237969 0.838232 0.233828 0.844775 0.234727 0.844434 0.23293 0.846533 0.232578 0.842773 0.231758 0.845557 0.220469 0.85874 0.214375 0.869238 0.203906 0.873535 0.200781 0.875977 0.194531 0.884766 0.192969 0.895508 0.189453 0.901367 0.186719 0.916016 0.183594 0.921387 0.183203 0.925781 0.178125 0.939453 0.175781 0.955078 0.170313 0.969727 0.170313 0.976074 0.169141 0.981445 0.169141 0.996094 0.169922 0.998535 0.172656 1 0.224219 1 0.226172 0.998047 0.230859 0.974121 0.239063 0.960938 0.245312 0.944336 0.247266 0.936523 0.249219 0.93457 0.252734 0.937988 0.253906 0.931152 0.260156 0.924805 0.263281 0.91748 0.267578 0.914062 0.26875 0.909668 0.26875 0.898926 0.269922 0.891602 0.276562 0.882812 0.283594 0.876465 0.285156 0.872559 0.297266 0.855469 0.301953 0.844727 0.307031 0.828613 0.30625 0.823242
1 0.188203 0.64458 0.257188 0.733008 0.267578 0.742676 0.279297 0.755371 0.289453 0.768555 0.290625 0.773926 0.347227 0.830078 0.337539 0.831592 0.306016 0.820117 0.274492 0.798096 0.266406 0.789551 0.255078 0.775391 0.225547 0.714209 0.203437 0.677783 0.125664 0.576221
1 0.501172 0.685547 0.496875 0.680664 0.487109 0.676758 0.482031 0.679199 0.472656 0.680664 0.460156 0.679688 0.440625 0.680176 0.424219 0.687012 0.415234 0.689453 0.407422 0.694336 0.392969 0.699707 0.392188 0.70166 0.39375 0.705566 0.396484 0.70752 0.4125 0.709961 0.421484 0.713867 0.435547 0.714844 0.460938 0.708496 0.474609 0.698242 0.483203 0.693848 0.49375 0.690918 0.500781 0.687012
1 0.227734 0.744141 0.224609 0.743652 0.219531 0.749023 0.217188 0.754395 0.216406 0.759277 0.209375 0.768555 0.203516 0.786621 0.201563 0.789062 0.199609 0.794922 0.195703 0.802246 0.180859 0.822754 0.169531 0.831055 0.165234 0.837891 0.160547 0.842773 0.153516 0.852539 0.149609 0.860352 0.130469 0.885742 0.127344 0.893555 0.123438 0.899902 0.117969 0.916504 0.115234 0.921875 0.112109 0.941406 0.1125 0.954102 0.115234 0.963867 0.118359 0.968262 0.121484 0.969727 0.130859 0.96875 0.134766 0.970703 0.138281 0.969238 0.146094 0.96875 0.150781 0.971191 0.155078 0.971191 0.164844 0.959473 0.16875 0.95166 0.176953 0.94043 0.181641 0.925293 0.186328 0.916016 0.186719 0.910645 0.188281 0.90625 0.187891 0.900391 0.189844 0.896484 0.189844 0.891602 0.194922 0.87793 0.196484 0.866211 0.196094 0.852051 0.199609 0.825684 0.204687 0.815918 0.207422 0.807129 0.213281 0.794434 0.214453 0.78418 0.217578 0.779297 0.220312 0.765625 0.225391 0.758789 0.228516 0.75 0.228516 0.745117
2 0.227344 0.691895 0.143711 0.67832 0.116953 0.676953 0.0658203 0.676416 0.0905859 0.659473 0.133047 0.658154 0.212461 0.673633 0.245859 0.669824 0.286719 0.659668 0.310156 0.655762 0.323047 0.655762 0.330469 0.657715 0.334375 0.661133 0.346484 0.662109 0.352734 0.664551 0.371484 0.668945 0.38125 0.668945 0.419922 0.672852 0.428516 0.674805 0.431641 0.676758 0.428516 0.681641 0.416797 0.685547 0.401172 0.687988 0.388281 0.688477 0.372656 0.692383 0.36875 0.692383 0.359766 0.695801 0.339844 0.695801 0.331641 0.697266 0.322656 0.695801 0.313477 0.704639 0.297227 0.702295 0.270703 0.703125 0.258359 0.70332 0.244531 0.700684 0.232031 0.699707 0.228906 0.696777
2 0.521875 0.36377 0.519531 0.364258 0.516406 0.368164 0.514453 0.37793 0.514453 0.399414 0.517969 0.418945 0.517969 0.433105 0.519531 0.44043 0.519922 0.453125 0.519531 0.48291 0.514844 0.504883 0.513281 0.522461 0.514062 0.560059 0.516797 0.565918 0.518359 0.56543 0.521094 0.55957 0.523438 0.544434 0.526172 0.539062 0.528906 0.529785 0.528906 0.495117 0.528125 0.469727 0.527344 0.466797 0.528906 0.460938 0.526953 0.451172 0.524609 0.446289 0.524219 0.441406 0.524609 0.401855 0.522266 0.386719 0.523047 0.368164
2 0.398438 0.626465 0.398438 0.629395 0.4 0.633789 0.403906 0.63916 0.407813 0.64209 0.417969 0.65332 0.425 0.657227 0.430469 0.658691 0.447266 0.659668 0.472656 0.668457 0.478125 0.669434 0.49375 0.678223 0.504687 0.681152 0.508984 0.68457 0.514453 0.684082 0.525 0.688965 0.528906 0.688965 0.532422 0.691895 0.542578 0.692871 0.544922 0.693848 0.548438 0.698242 0.551562 0.699707 0.553516 0.699219 0.557422 0.692383 0.553516 0.682129 0.553516 0.675781 0.552344 0.672852 0.55 0.670898 0.528906 0.668457 0.517578 0.663086 0.471875 0.655273 0.450391 0.649414 0.430469 0.647949 0.419531 0.641602 0.405078 0.626465 0.4 0.624512
2 0.494531 0.710449 0.492969 0.709473 0.483203 0.714355 0.477734 0.714844 0.470313 0.717773 0.467187 0.721191 0.457813 0.727539 0.439844 0.737793 0.435547 0.743652 0.430078 0.747559 0.424609 0.753906 0.4125 0.76416 0.401953 0.768066 0.392188 0.773438 0.389062 0.773926 0.380859 0.780273 0.375 0.781738 0.373437 0.783691 0.372656 0.788086 0.376563 0.791016 0.3875 0.788086 0.403516 0.780273 0.418359 0.775391 0.436328 0.762695 0.439844 0.761719 0.445703 0.757812 0.455859 0.754395 0.463281 0.74707 0.466406 0.741699 0.475 0.730957 0.48125 0.726562 0.4875 0.725098 0.492969 0.72168 0.494922 0.71582
2 0.498828 0.824219 0.494531 0.825684 0.479297 0.847168 0.476562 0.853027 0.473828 0.862793 0.473438 0.870117 0.476953 0.876953 0.469141 0.891113 0.469531 0.895996 0.467969 0.914062 0.46875 0.935547 0.466797 0.939453 0.466797 0.940918 0.469141 0.944336 0.469531 0.947266 0.467969 0.98877 0.469922 0.992188 0.474219 0.991699 0.476172 0.989746 0.479297 0.978516 0.480859 0.967285 0.480469 0.943848 0.483203 0.93457 0.482031 0.919922 0.483594 0.902344 0.492578 0.871094 0.495703 0.842773 0.500391 0.829102 0.500391 0.827148
