1 0.85082 0.23833 0.834453 0.215576 0.827344 0.268066 0.825781 0.277832 0.828906 0.305176 0.839141 0.339551 0.842578 0.415771 0.859883 0.365381 0.856211 0.293994 0.852734 0.276367 0.85 0.266113
2 0 0.752441 0 0.760254 0.00273437 0.762207 0.0199219 0.789551 0.0375 0.808594 0.0507812 0.816406 0.0515625 0.82373 0.0550781 0.825684 0.0710937 0.825684 0.0945312 0.833984 0.1 0.833008 0.0953125 0.82666 0.0734375 0.812012 0.0378906 0.791504 0.0226562 0.775879 0.0128906 0.759766 0.00664062 0.753906
2 0.314453 0.28418 0.311719 0.282227 0.307031 0.283691 0.283203 0.302246 0.276562 0.303711 0.272656 0.306641 0.271484 0.310059 0.265234 0.310547 0.264062 0.314453 0.260156 0.310059 0.247656 0.322754 0.219531 0.316406 0.200781 0.309082 0.187109 0.307617 0.163672 0.30957 0.157422 0.313477 0.151172 0.320801 0.155469 0.321777 0.173828 0.316406 0.190234 0.315918 0.215234 0.325684 0.222266 0.32666 0.233984 0.333008 0.235156 0.334961 0.223438 0.348145 0.221094 0.353027 0.216016 0.356445 0.210938 0.364258 0.200781 0.374023 0.2 0.379395 0.202734 0.380859 0.216797 0.374512 0.219922 0.370117 0.229687 0.364746 0.240625 0.355469 0.254688 0.335938 0.282813 0.324219 0.296875 0.310059 0.300391 0.303223 0.314453 0.286621
2 0.326953 0.250977 0.317969 0.251953 0.307031 0.259277 0.302344 0.260254 0.278516 0.279785 0.2625 0.300781 0.255859 0.3125 0.230078 0.338379 0.200781 0.373535 0.2 0.379883 0.203516 0.381348 0.209375 0.379395 0.224219 0.369629 0.241406 0.35498 0.260547 0.327637 0.264062 0.324707 0.273047 0.324219 0.275781 0.321777 0.277344 0.31543 0.273828 0.312988 0.273438 0.30957 0.288672 0.283691 0.304297 0.269531 0.323437 0.259277 0.325781 0.256836
2 0.282422 0.432129 0.280469 0.43457 0.278906 0.440918 0.276953 0.471191 0.277734 0.476562 0.282813 0.494141 0.284766 0.510254 0.294922 0.554688 0.295703 0.5625 0.296094 0.603516 0.29375 0.611328 0.29375 0.618652 0.296094 0.622559 0.298828 0.623535 0.302344 0.618164 0.304688 0.60791 0.305078 0.583984 0.307422 0.57959 0.307422 0.57373 0.304688 0.563477 0.304688 0.554199 0.302734 0.539551 0.297656 0.518066 0.294922 0.501465 0.294141 0.492676 0.295312 0.470215 0.294922 0.45752 0.289062 0.442871 0.2875 0.436035 0.284766 0.432617
2 0.543359 0.0175781 0.520703 0.0507812 0.510156 0.0732422 0.499219 0.0893555 0.479687 0.112305 0.442188 0.142578 0.425 0.161621 0.412109 0.171875 0.411328 0.174805 0.416406 0.175781 0.423828 0.171875 0.431641 0.170898 0.436328 0.177734 0.482031 0.196777 0.490234 0.205078 0.501172 0.226074 0.510156 0.231934 0.538672 0.239746 0.562891 0.239746 0.580469 0.24707 0.5875 0.24707 0.5875 0.242188 0.585156 0.239258 0.560547 0.222168 0.544531 0.21875 0.514062 0.219238 0.506641 0.214355 0.496875 0.197754 0.486328 0.187988 0.438281 0.168945 0.442578 0.164551 0.457813 0.15625 0.476562 0.129395 0.494922 0.110352 0.510547 0.0898438 0.527734 0.0556641 0.545703 0.027832 0.547266 0.0205078 0.546094 0.0175781
1 0.0535156 0.824707 0.0488281 0.827637 0.0402344 0.847656 0.0355469 0.873047 0.0316406 0.882324 0.0285156 0.885742 0.0238281 0.898926 0.0128906 0.910156 0.00546875 0.92627 0.00273437 0.937988 0 0.939941 0 1 0.0210938 1 0.0226562 0.998535 0.0363281 0.958984 0.0414062 0.953613 0.0429688 0.955078 0.0449219 0.969238 0.0438281 0.987891 0.0321484 0.985791 0.0426562 0.971191 0.0321875 0.965088 0.0365625 0.948877 0.0419922 0.935107 0.0640625 0.935547 0.040625 0.928418 0.0420312 0.926758 0.0429688 0.910645 0.0425781 0.901855 0.0453125 0.895508 0.0460938 0.880859 0.0570312 0.830078 0.0566406 0.82666
1 0.838672 0.492676 0.836719 0.508301 0.840234 0.533691 0.836328 0.570801 0.832422 0.587891 0.812109 0.634766 0.795703 0.65625 0.788281 0.672852 0.781641 0.682129 0.774219 0.708496 0.771484 0.729492 0.773438 0.815918 0.76875 0.842285 0.757812 0.883789 0.757422 0.88916 0.758984 0.893066 0.763281 0.891602 0.772266 0.877441 0.7875 0.843262 0.812891 0.774268 0.826562 0.77002 0.81418 0.759131 0.822305 0.756641 0.825391 0.734375 0.826172 0.719727 0.830469 0.696777 0.830078 0.63623 0.832812 0.618652 0.842578 0.581543 0.844141 0.563477 0.842578 0.519531 0.839063 0.510742
1 0.0988281 0.233887 0.09375 0.240723 0.0957031 0.255859 0.0820312 0.279297 0.078125 0.289551 0.078125 0.297363 0.084375 0.327148 0.084375 0.339355 0.0871094 0.358887 0.090625 0.367188 0.096875 0.392578 0.1 0.458008 0.103516 0.470703 0.114453 0.492188 0.126172 0.507324 0.134375 0.522461 0.142187 0.529297 0.146484 0.537598 0.150391 0.537598 0.151172 0.533203 0.137109 0.51123 0.128906 0.502441 0.124219 0.490234 0.117969 0.481934 0.112891 0.469727 0.110156 0.457031 0.109375 0.413086 0.112891 0.382812 0.129297 0.344727 0.132422 0.326172 0.132422 0.312988 0.126953 0.281738 0.117969 0.255371 0.117188 0.240723 0.111719 0.234863
1 0.278516 0.103516 0.275781 0.103516 0.271875 0.111328 0.269922 0.140137 0.267969 0.143555 0.265625 0.157227 0.260156 0.164551 0.253906 0.178223 0.246094 0.20166 0.245703 0.213379 0.241797 0.220703 0.242188 0.224609 0.247266 0.23291 0.247266 0.237305 0.244141 0.240723 0.239063 0.255859 0.235547 0.27832 0.236719 0.297852 0.244922 0.296387 0.259766 0.265137 0.263281 0.26416 0.268359 0.271484 0.260234 0.255908 0.273828 0.262891 0.275117 0.257031 0.286289 0.241553 0.284375 0.245605 0.287383 0.239746 0.284648 0.230615 0.287109 0.232422 0.285547 0.229492 0.290625 0.206055 0.291016 0.196777 0.288672 0.183594 0.279297 0.158203 0.276172 0.140625 0.277344 0.135254 0.276562 0.119141 0.279297 0.114258
2 0.0570312 0.217285 0.0519531 0.228516 0.0519531 0.234863 0.0527344 0.236816 0.0519531 0.24707 0.0453125 0.255371 0.0429688 0.259766 0.0417969 0.265137 0.0351562 0.280273 0.0347656 0.286133 0.0324219 0.290039 0.0324219 0.29541 0.0285156 0.29834 0.0269531 0.303711 0.0246094 0.307129 0.0214844 0.314941 0.0203125 0.320801 0.0183594 0.345703 0.0183594 0.356934 0.0195312 0.365234 0.0222656 0.375 0.0273438 0.387695 0.0285156 0.395996 0.0355469 0.416016 0.0367188 0.422852 0.0441406 0.446289 0.0445313 0.45166 0.0503906 0.475586 0.0527344 0.490723 0.0554687 0.501465 0.0617188 0.516113 0.0648438 0.52002 0.06875 0.520996 0.0710937 0.519043 0.071875 0.51416 0.0699219 0.508301 0.0675781 0.504883 0.0628906 0.48877 0.0621094 0.479492 0.0609375 0.475586 0.0609375 0.470215 0.059375 0.466797 0.059375 0.461426 0.0574219 0.45166 0.0550781 0.445801 0.0535156 0.431641 0.0515625 0.427246 0.0511719 0.421387 0.046875 0.408203 0.0460938 0.402344 0.0433594 0.397461 0.04375 0.387695 0.0453125 0.378906 0.0546875 0.354492 0.0558594 0.344727 0.059375 0.333984 0.0644531 0.32959 0.0652344 0.325195 0.0699219 0.31543 0.071875 0.307617 0.071875 0.293457 0.0671875 0.272461 0.0652344 0.257324 0.0648438 0.236328 0.065625 0.228027 0.0644531 0.226074 0.059375 0.228027 0.0585938 0.226074 0.0601563 0.223633 0.0601563 0.221191
2 0 0.562012 0 0.566406 0.00507813 0.572754 0.0121094 0.589844 0.0117188 0.599609 0.00625 0.618652 0.009375 0.629395 0.0191406 0.646973 0.0207031 0.661133 0.03125 0.666016 0.0480469 0.706543 0.0523438 0.706543 0.0488281 0.681641 0.040625 0.655762 0.0351562 0.648438 0.0339844 0.641602 0.0203125 0.629395 0.015625 0.62207 0.0152344 0.613281 0.0195312 0.603516 0.0207031 0.59375 0.0132812 0.570801 0.00898437 0.564453
2 0 0.558594 0 0.566895 0.0015625 0.566895 0.00546875 0.573242 0.0113281 0.591797 0.0113281 0.599121 0.00625 0.614258 0.00820313 0.627441 0.0191406 0.648438 0.0207031 0.661621 0.0304687 0.665527 0.0488281 0.708008 0.0523438 0.708008 0.053125 0.704102 0.0496094 0.681641 0.0417969 0.651367 0.0335937 0.63916 0.0191406 0.625977 0.0160156 0.620605 0.0160156 0.616699 0.0222656 0.598145 0.021875 0.592285 0.0113281 0.565918 0.00585938 0.560059
2 0.435937 0.172852 0.436328 0.177734 0.458203 0.186523 0.461719 0.188965 0.471875 0.191895 0.486328 0.199219 0.49375 0.211426 0.498047 0.22168 0.504687 0.229004 0.521094 0.236816 0.540234 0.240234 0.563672 0.239746 0.571094 0.242188 0.579688 0.24707 0.5875 0.248047 0.589063 0.246582 0.588281 0.242188 0.586328 0.239746 0.576953 0.231934 0.571875 0.22998 0.560156 0.22168 0.544922 0.21875 0.528516 0.219727 0.525781 0.221191 0.513672 0.219727 0.508594 0.216797 0.499609 0.202148 0.494141 0.195801 0.483594 0.187012 0.439453 0.17041 0.4375 0.170898
