1 0.186328 0.227539 0.185156 0.227539 0.184766 0.228027 0.184375 0.228027 0.183594 0.229004 0.183203 0.229004 0.182812 0.229492 0.182422 0.229492 0.182031 0.22998 0.181641 0.22998 0.18125 0.230469 0.180469 0.230469 0.180078 0.230957 0.179688 0.230957 0.179297 0.231445 0.178906 0.231445 0.178516 0.231934 0.177734 0.231934 0.177344 0.232422 0.176953 0.232422 0.176563 0.23291 0.175781 0.23291 0.175391 0.233398 0.175 0.233398 0.174609 0.233887 0.173047 0.233887 0.172656 0.234375 0.170313 0.234375 0.169922 0.234863 0.169141 0.234863 0.168359 0.23584 0.167969 0.23584 0.166016 0.238281 0.166016 0.23877 0.165234 0.239746 0.165234 0.241211 0.164844 0.241699 0.164844 0.242676 0.164453 0.243164 0.164453 0.245117 0.164062 0.245605 0.164062 0.248047 0.163672 0.248535 0.163672 0.259766 0.164062 0.260254 0.164062 0.26123 0.164453 0.261719 0.164453 0.262695 0.164844 0.263184 0.164844 0.263672 0.165234 0.26416 0.165234 0.264648 0.166016 0.265625 0.166406 0.265625 0.166797 0.266113 0.167187 0.266113 0.167578 0.266602 0.167969 0.266602 0.16875 0.267578 0.169141 0.267578 0.169531 0.268066 0.169922 0.268066 0.170313 0.268555 0.171094 0.268555 0.171484 0.269043 0.172266 0.269043 0.172656 0.269531 0.173437 0.269531 0.173828 0.27002 0.176172 0.27002 0.176563 0.270508 0.178906 0.270508 0.179297 0.27002 0.18125 0.27002 0.181641 0.269531 0.182422 0.269531 0.182812 0.269043 0.183594 0.269043 0.183984 0.268555 0.184375 0.268555 0.184766 0.268066 0.185156 0.268066 0.185547 0.267578 0.185938 0.267578 0.186719 0.266602 0.186719 0.266113 0.188672 0.263672 0.188672 0.263184 0.189062 0.262695 0.189062 0.261719 0.189453 0.26123 0.189453 0.260742 0.189844 0.260254 0.189844 0.259277 0.190234 0.258789 0.190234 0.256836 0.190625 0.256348 0.190625 0.250488 0.190234 0.25 0.190234 0.24707 0.189844 0.246582 0.189844 0.245117 0.189453 0.244629 0.189453 0.243164 0.189062 0.242676 0.189062 0.241211 0.188672 0.240723 0.188672 0.239746 0.188281 0.239258 0.188281 0.23584 0.187891 0.235352 0.187891 0.23291 0.1875 0.232422 0.1875 0.22998 0.187109 0.229492 0.187109 0.228516
1 0.553906 0.517578 0.551172 0.517578 0.550781 0.518066 0.55 0.518066 0.549609 0.518555 0.548828 0.518555 0.548438 0.519043 0.548047 0.519043 0.547656 0.519531 0.547266 0.519531 0.546484 0.520508 0.546094 0.520508 0.545312 0.521484 0.544922 0.521484 0.542969 0.523926 0.542578 0.523926 0.542188 0.524414 0.541797 0.524414 0.540234 0.526367 0.540234 0.526855 0.539453 0.527832 0.539453 0.52832 0.539062 0.528809 0.539062 0.529297 0.538672 0.529785 0.538672 0.530273 0.538281 0.530762 0.538281 0.53125 0.5375 0.532227 0.5375 0.532715 0.537109 0.533203 0.537109 0.533691 0.536719 0.53418 0.536719 0.534668 0.536328 0.535156 0.536328 0.536133 0.535937 0.536621 0.535937 0.537598 0.535547 0.538086 0.535547 0.538574 0.535156 0.539062 0.535156 0.540039 0.534766 0.540527 0.534766 0.545898 0.535156 0.546387 0.535156 0.547852 0.535547 0.54834 0.535547 0.549316 0.536328 0.550293 0.536328 0.550781 0.537109 0.551758 0.537109 0.552246 0.539453 0.555176 0.539453 0.555664 0.539844 0.556152 0.539844 0.556641 0.540625 0.557617 0.541016 0.557617 0.541406 0.558105 0.541797 0.558105 0.542188 0.558594 0.542578 0.558594 0.542969 0.559082 0.543359 0.559082 0.544141 0.560059 0.544531 0.560059 0.544922 0.560547 0.545703 0.560547 0.546094 0.561035 0.547266 0.561035 0.547656 0.561523 0.55 0.561523 0.550391 0.561035 0.551953 0.561035 0.552344 0.560547 0.552734 0.560547 0.553125 0.560059 0.553516 0.560059 0.553906 0.55957 0.553906 0.559082 0.555469 0.557129 0.555469 0.556641 0.558203 0.553223 0.558203 0.552734 0.558594 0.552246 0.558594 0.551758 0.558984 0.55127 0.558984 0.550781 0.559375 0.550293 0.559375 0.549805 0.560156 0.548828 0.560156 0.54834 0.560547 0.547852 0.560547 0.547363 0.560937 0.546875 0.560937 0.546387 0.561328 0.545898 0.561328 0.544434 0.561719 0.543945 0.561719 0.541016 0.562109 0.540527 0.562109 0.537109 0.5625 0.536621 0.5625 0.530762 0.562109 0.530273 0.562109 0.52832 0.561719 0.527832 0.561719 0.526855 0.561328 0.526367 0.561328 0.525391 0.560937 0.524902 0.560937 0.524414 0.560547 0.523926 0.560547 0.523438 0.558203 0.520508 0.557813 0.520508 0.557031 0.519531 0.556641 0.519531 0.55625 0.519043 0.555859 0.519043 0.555469 0.518555 0.555078 0.518555 0.554688 0.518066 0.554297 0.518066
1 0.663672 0.547363 0.661719 0.544922 0.659766 0.544922 0.659375 0.544434 0.658203 0.544434 0.657813 0.544922 0.657422 0.544922 0.657031 0.54541 0.656641 0.54541 0.65625 0.545898 0.655469 0.545898 0.655078 0.546387 0.651172 0.546387 0.650781 0.546875 0.650391 0.546875 0.65 0.547363 0.649609 0.547363 0.647266 0.550293 0.646875 0.550293 0.646094 0.55127 0.645703 0.55127 0.645312 0.551758 0.644922 0.551758 0.644531 0.552246 0.644141 0.552246 0.64375 0.552734 0.643359 0.552734 0.642969 0.553223 0.642578 0.553223 0.640625 0.555664 0.640234 0.555664 0.639453 0.556641 0.639062 0.556641 0.6375 0.558594 0.637109 0.558594 0.636719 0.559082 0.636328 0.559082 0.635938 0.55957 0.635156 0.55957 0.634766 0.560059 0.634375 0.560059 0.633984 0.560547 0.633984 0.561035 0.633594 0.561523 0.633594 0.562012 0.632812 0.562988 0.632812 0.563965 0.632422 0.564453 0.632422 0.564941 0.632812 0.56543 0.632812 0.566406 0.633203 0.566895 0.633203 0.567383 0.634766 0.569336 0.635938 0.569336 0.636328 0.569824 0.6375 0.569824 0.637891 0.570312 0.642969 0.570312 0.643359 0.569824 0.644141 0.569824 0.644531 0.569336 0.645312 0.569336 0.645703 0.568848 0.646094 0.568848 0.646484 0.568359 0.647266 0.568359 0.647656 0.567871 0.648828 0.567871 0.649219 0.567383 0.649609 0.567383 0.65 0.566895 0.650391 0.566895 0.650781 0.566406 0.651172 0.566406 0.651563 0.565918 0.652344 0.565918 0.652734 0.56543 0.653516 0.56543 0.654687 0.563965 0.654687 0.563477 0.65625 0.561523 0.656641 0.561523 0.657031 0.561035 0.657813 0.561035 0.658203 0.560547 0.658984 0.560547 0.659375 0.560059 0.659766 0.560059 0.660156 0.55957 0.660547 0.55957 0.660937 0.559082 0.661719 0.559082 0.662109 0.558594 0.6625 0.558594 0.662891 0.558105 0.662891 0.557617 0.663281 0.557129 0.663281 0.555176 0.663672 0.554688 0.663672 0.553223 0.664062 0.552734 0.664062 0.54834 0.663672 0.547852
1 0.0296875 0.304199 0.0289063 0.303223 0.0285156 0.303223 0.028125 0.302734 0.0277344 0.302734 0.0273438 0.302246 0.0265625 0.302246 0.0261719 0.301758 0.0257812 0.301758 0.0253906 0.30127 0.0242188 0.30127 0.0238281 0.300781 0.0230469 0.300781 0.0226562 0.300293 0.01875 0.300293 0.0183594 0.300781 0.0175781 0.300781 0.0164063 0.302246 0.0164063 0.302734 0.0144531 0.305176 0.0140625 0.305176 0.0136719 0.305664 0.0132812 0.305664 0.0128906 0.306152 0.0117188 0.306152 0.0113281 0.306641 0.0105469 0.306641 0.0101563 0.307129 0.00976562 0.307129 0.009375 0.307617 0.00898437 0.307617 0.00664062 0.310547 0.00625 0.310547 0.00546875 0.311523 0.00507813 0.311523 0.00273437 0.314453 0.00273437 0.319824 0.003125 0.320312 0.003125 0.320801 0.00351563 0.321289 0.00351563 0.321777 0.00429688 0.322754 0.0046875 0.322754 0.00507813 0.323242 0.00664062 0.323242 0.00703125 0.32373 0.0109375 0.32373 0.0113281 0.323242 0.0140625 0.323242 0.0144531 0.322754 0.015625 0.322754 0.0160156 0.322266 0.0171875 0.322266 0.0175781 0.321777 0.0183594 0.321777 0.01875 0.321289 0.0191406 0.321289 0.0195312 0.320801 0.0207031 0.320801 0.0210938 0.320312 0.0214844 0.320312 0.021875 0.319824 0.0222656 0.319824 0.0238281 0.317871 0.0238281 0.317383 0.025 0.315918 0.0253906 0.315918 0.0277344 0.312988 0.028125 0.312988 0.0300781 0.310547 0.0300781 0.308594 0.0304687 0.308105 0.0304687 0.306152 0.0300781 0.305664 0.0300781 0.305176 0.0296875 0.304688
2 0.384766 0.763184 0.384766 0.767578 0.385156 0.768066 0.385156 0.768555 0.385547 0.768555 0.387109 0.770508 0.3875 0.770508 0.388281 0.771484 0.388672 0.771484 0.389062 0.771973 0.389844 0.771973 0.390234 0.772461 0.391016 0.772461 0.391406 0.772949 0.392578 0.772949 0.392969 0.773438 0.394922 0.773438 0.395313 0.773926 0.405469 0.773926 0.405859 0.773438 0.408594 0.773438 0.408984 0.772949 0.410547 0.772949 0.410938 0.772461 0.413281 0.772461 0.413672 0.771973 0.417187 0.771973 0.417578 0.771484 0.417969 0.771484 0.41875 0.770508 0.41875 0.767578 0.417969 0.766602 0.417578 0.766602 0.416797 0.765625 0.416016 0.765625 0.415625 0.765137 0.414844 0.765137 0.414453 0.764648 0.414062 0.764648 0.413672 0.76416 0.413281 0.76416 0.412891 0.763672 0.4125 0.763672 0.412109 0.763184 0.411328 0.763184 0.410938 0.762695 0.410547 0.762695 0.410156 0.762207 0.409766 0.762207 0.409375 0.761719 0.408594 0.761719 0.407813 0.760742 0.407422 0.760742 0.406641 0.759766 0.40625 0.759766 0.405859 0.759277 0.405469 0.759277 0.405078 0.758789 0.403906 0.758789 0.403516 0.758301 0.396875 0.758301 0.396484 0.758789 0.393359 0.758789 0.392969 0.759277 0.391406 0.759277 0.391016 0.759766 0.390234 0.759766 0.389844 0.760254 0.389062 0.760254 0.388672 0.760742 0.388281 0.760742 0.387891 0.76123 0.3875 0.76123 0.387109 0.761719 0.386328 0.761719 0.385937 0.762207 0.385547 0.762207
1 0.574609 0.603027 0.573828 0.603027 0.573438 0.602539 0.570312 0.602539 0.569922 0.603027 0.568359 0.603027 0.567969 0.603516 0.567578 0.603516 0.567187 0.604004 0.566797 0.604004 0.566406 0.604492 0.566016 0.604492 0.565625 0.60498 0.565234 0.60498 0.564844 0.605469 0.564453 0.605469 0.562891 0.607422 0.562891 0.60791 0.558594 0.613281 0.558203 0.613281 0.557422 0.614258 0.557031 0.614258 0.555078 0.616699 0.555078 0.617188 0.554297 0.618164 0.554297 0.618652 0.553906 0.619141 0.553906 0.620117 0.553516 0.620605 0.553516 0.625 0.553906 0.625488 0.553906 0.626953 0.554297 0.627441 0.554297 0.62793 0.555078 0.628906 0.555078 0.629395 0.555859 0.630371 0.555859 0.630859 0.556641 0.631836 0.557031 0.631836 0.557422 0.632324 0.557813 0.632324 0.558203 0.632812 0.558594 0.632812 0.558984 0.633301 0.559375 0.633301 0.559766 0.633789 0.560156 0.633789 0.560547 0.634277 0.560937 0.634277 0.561328 0.634766 0.561719 0.634766 0.562109 0.635254 0.562891 0.635254 0.563281 0.635742 0.564453 0.635742 0.564844 0.63623 0.569141 0.63623 0.569531 0.635742 0.570312 0.635742 0.570703 0.635254 0.571484 0.635254 0.571875 0.634766 0.572266 0.634766 0.572656 0.634277 0.573047 0.634277 0.573438 0.633789 0.573828 0.633789 0.574219 0.633301 0.574609 0.633301 0.575 0.632812 0.575391 0.632812 0.575781 0.632324 0.576172 0.632324 0.576562 0.631836 0.576953 0.631836 0.577734 0.630859 0.577734 0.630371 0.578516 0.629395 0.578516 0.628906 0.580078 0.626953 0.580078 0.626465 0.582031 0.624023 0.582031 0.623535 0.582812 0.622559 0.582812 0.621582 0.583203 0.621094 0.583203 0.620117 0.583594 0.619629 0.583594 0.617676 0.583203 0.617188 0.583203 0.615234 0.582812 0.614746 0.582812 0.613281 0.582422 0.612793 0.582422 0.611816 0.581641 0.61084 0.581641 0.610352 0.578906 0.606934 0.578906 0.606445 0.578516 0.605957 0.578125 0.605957 0.576953 0.604492 0.576562 0.604492 0.576172 0.604004 0.575781 0.604004 0.575391 0.603516 0.575 0.603516
1 0.743359 0.668457 0.742188 0.669922 0.742188 0.67041 0.741797 0.670898 0.741797 0.671387 0.741406 0.671875 0.741406 0.672852 0.741016 0.67334 0.741016 0.678711 0.741406 0.679199 0.741406 0.681641 0.741797 0.682129 0.741797 0.683594 0.742188 0.684082 0.742188 0.685547 0.742578 0.686035 0.742578 0.6875 0.742969 0.687988 0.742969 0.688965 0.743359 0.689453 0.743359 0.69043 0.74375 0.690918 0.74375 0.691895 0.744141 0.692383 0.744141 0.692871 0.744531 0.693359 0.744531 0.693848 0.746094 0.695801 0.746094 0.696289 0.746484 0.696777 0.746484 0.697266 0.746875 0.697754 0.746875 0.698242 0.748437 0.700195 0.748437 0.700684 0.751953 0.705078 0.752344 0.705078 0.754297 0.70752 0.754687 0.70752 0.75625 0.709473 0.756641 0.709473 0.759766 0.713379 0.760156 0.713379 0.760938 0.714355 0.761328 0.714355 0.762109 0.715332 0.7625 0.715332 0.763281 0.716309 0.763672 0.716309 0.764062 0.716797 0.764453 0.716797 0.764844 0.717285 0.766016 0.717285 0.766406 0.717773 0.768359 0.717773 0.76875 0.717285 0.769531 0.717285 0.769922 0.716797 0.770312 0.716797 0.770703 0.716309 0.771094 0.716309 0.771484 0.71582 0.771875 0.71582 0.772266 0.715332 0.772656 0.715332 0.773047 0.714844 0.773438 0.714844 0.773828 0.714355 0.774219 0.714355 0.774609 0.713867 0.775 0.713867 0.775391 0.713379 0.775781 0.713379 0.778906 0.709473 0.778906 0.708984 0.779297 0.708496 0.779297 0.70752 0.779687 0.707031 0.779687 0.705566 0.780078 0.705078 0.780078 0.704102 0.780469 0.703613 0.780469 0.702637 0.780859 0.702148 0.780859 0.701172 0.78125 0.700684 0.78125 0.696289 0.780859 0.695801 0.780859 0.695312 0.780469 0.694824 0.780469 0.693848 0.780078 0.693359 0.780078 0.692871 0.779687 0.692383 0.779687 0.691895 0.779297 0.691406 0.779297 0.690918 0.778125 0.689453 0.778125 0.688965 0.777734 0.688477 0.777344 0.688477 0.774609 0.685059 0.774609 0.68457 0.773438 0.683105 0.773438 0.682617 0.773047 0.682129 0.773047 0.681641 0.772656 0.681152 0.772656 0.680664 0.772266 0.680176 0.771875 0.680176 0.770703 0.678711 0.770312 0.678711 0.767578 0.675293 0.767188 0.675293 0.765625 0.67334 0.765234 0.67334 0.764453 0.672363 0.763672 0.672363 0.763281 0.671875 0.7625 0.671875 0.762109 0.671387 0.761328 0.671387 0.760938 0.670898 0.760156 0.670898 0.759766 0.67041 0.758984 0.67041 0.758594 0.669922 0.758203 0.669922 0.757812 0.669434 0.757031 0.669434 0.756641 0.668945 0.755859 0.668945 0.755469 0.668457 0.753906 0.668457 0.753516 0.667969 0.75 0.667969 0.749609 0.66748 0.747266 0.66748 0.746875 0.667969 0.744531 0.667969 0.744141 0.668457
1 0.267969 0.0795898 0.267969 0.0849609 0.269141 0.0878906 0.271875 0.0913086 0.274219 0.0927734 0.28125 0.0932617 0.281641 0.09375 0.285938 0.09375 0.286328 0.0932617 0.288281 0.0932617 0.292187 0.0913086 0.294141 0.0893555 0.295312 0.0874023 0.295312 0.0839844 0.294922 0.0830078 0.291797 0.0795898 0.289453 0.0791016 0.287891 0.078125 0.286719 0.078125 0.283594 0.0761719 0.28125 0.0756836 0.279687 0.074707 0.276562 0.074707 0.276172 0.0742188 0.274219 0.074707 0.270313 0.0771484
1 0.913672 0.75 0.913281 0.75 0.912891 0.749512 0.9125 0.749512 0.912109 0.749023 0.910937 0.749023 0.910547 0.748535 0.906641 0.748535 0.90625 0.749023 0.904297 0.749023 0.903906 0.749512 0.900781 0.749512 0.900391 0.75 0.9 0.75 0.899609 0.750488 0.899219 0.750488 0.899219 0.750977 0.898047 0.752441 0.898047 0.75293 0.897266 0.753906 0.897266 0.754395 0.89375 0.758789 0.89375 0.759277 0.892969 0.760254 0.892969 0.760742 0.892578 0.76123 0.892578 0.761719 0.892188 0.762207 0.892188 0.762695 0.891797 0.763184 0.891797 0.763672 0.891406 0.76416 0.891406 0.765137 0.891016 0.765625 0.891016 0.766113 0.890625 0.766602 0.890625 0.767578 0.890234 0.768066 0.890234 0.769531 0.889844 0.77002 0.889844 0.770996 0.889453 0.771484 0.889453 0.771973 0.889062 0.772461 0.889062 0.772949 0.888672 0.773438 0.888672 0.773926 0.888281 0.774414 0.888281 0.774902 0.887891 0.775391 0.887891 0.779785 0.888281 0.780273 0.888281 0.780762 0.889062 0.781738 0.889062 0.782227 0.889453 0.782715 0.889453 0.783203 0.892969 0.787598 0.893359 0.787598 0.89375 0.788086 0.894141 0.788086 0.894531 0.788574 0.894922 0.788574 0.895703 0.789551 0.898438 0.789551 0.898828 0.789062 0.900391 0.789062 0.900781 0.788574 0.901172 0.788574 0.901953 0.787598 0.902344 0.787598 0.904297 0.785156 0.904687 0.785156 0.905469 0.78418 0.905859 0.78418 0.907031 0.782715 0.907422 0.782715 0.907813 0.782227 0.908203 0.782227 0.908984 0.78125 0.909375 0.78125 0.910156 0.780273 0.910547 0.780273 0.9125 0.777832 0.9125 0.777344 0.913281 0.776367 0.913281 0.775879 0.913672 0.775391 0.913672 0.774414 0.914062 0.773926 0.914062 0.773438 0.914453 0.772949 0.914453 0.772461 0.915234 0.771484 0.915234 0.770996 0.915625 0.770508 0.915625 0.77002 0.916016 0.769531 0.916016 0.769043 0.916406 0.768555 0.916406 0.767578 0.916797 0.76709 0.916797 0.766113 0.917188 0.765625 0.917188 0.764648 0.917578 0.76416 0.917578 0.762207 0.917969 0.761719 0.917969 0.757812 0.917578 0.757324 0.917578 0.755859 0.917188 0.755371 0.917188 0.754883 0.916797 0.754395 0.916797 0.753906 0.916406 0.753418 0.916406 0.75293 0.914844 0.750977 0.914453 0.750977
1 0.558984 0.161621 0.558594 0.162109 0.558203 0.162109 0.557813 0.162598 0.557031 0.162598 0.557031 0.163086 0.556641 0.163574 0.556641 0.164062 0.55625 0.164551 0.55625 0.165039 0.555859 0.165527 0.555859 0.170898 0.555469 0.171387 0.555469 0.186035 0.555078 0.186523 0.555078 0.197754 0.555469 0.198242 0.555469 0.204102 0.555859 0.20459 0.555859 0.206543 0.557031 0.208008 0.557813 0.208008 0.558203 0.208496 0.560937 0.208496 0.561328 0.208008 0.561719 0.208008 0.5625 0.207031 0.562891 0.207031 0.563672 0.206055 0.563672 0.205566 0.564063 0.205078 0.564453 0.205078 0.565625 0.203613 0.566016 0.203613 0.567187 0.202148 0.567187 0.20166 0.567578 0.201172 0.567578 0.200684 0.568359 0.199707 0.568359 0.199219 0.569141 0.198242 0.569141 0.196777 0.569531 0.196289 0.569531 0.195312 0.569922 0.194824 0.569922 0.193848 0.570312 0.193359 0.570312 0.192383 0.570703 0.191895 0.570703 0.189941 0.571094 0.189453 0.571094 0.187012 0.571484 0.186523 0.571484 0.181641 0.571094 0.181152 0.571094 0.179199 0.570703 0.178711 0.570703 0.177246 0.570312 0.176758 0.570312 0.17627 0.569922 0.175781 0.569922 0.174316 0.569531 0.173828 0.569531 0.17334 0.569141 0.172852 0.569141 0.172363 0.56875 0.171875 0.56875 0.171387 0.567187 0.169434 0.567187 0.168945 0.566016 0.16748 0.566016 0.166992 0.564063 0.164551 0.563672 0.164551 0.561328 0.161621
1 0.116406 0.214355 0.114453 0.214355 0.114062 0.214844 0.113672 0.214844 0.109375 0.220215 0.109375 0.220703 0.103125 0.228516 0.103125 0.229004 0.102734 0.229492 0.102734 0.230957 0.102344 0.231445 0.102344 0.23291 0.101953 0.233398 0.101953 0.23584 0.101562 0.236328 0.101562 0.240723 0.101172 0.241211 0.101172 0.242676 0.100781 0.243164 0.100781 0.25 0.100391 0.250488 0.100391 0.251465 0.100781 0.251953 0.100781 0.25293 0.101562 0.253906 0.101562 0.254395 0.101953 0.254883 0.101953 0.255859 0.102734 0.256836 0.102734 0.257324 0.103516 0.258301 0.103516 0.258789 0.104297 0.259766 0.104688 0.259766 0.105469 0.260742 0.105859 0.260742 0.106641 0.261719 0.107031 0.261719 0.107422 0.262207 0.107813 0.262207 0.108203 0.262695 0.108594 0.262695 0.108984 0.263184 0.109375 0.263184 0.109766 0.263672 0.110156 0.263672 0.110547 0.26416 0.112109 0.26416 0.1125 0.263672 0.112891 0.263672 0.113281 0.263184 0.113672 0.263184 0.114062 0.262695 0.114844 0.262695 0.115625 0.261719 0.116016 0.261719 0.117188 0.260254 0.117188 0.259766 0.117969 0.258789 0.117969 0.258301 0.119922 0.255859 0.119922 0.254883 0.120313 0.254395 0.120313 0.253418 0.120703 0.25293 0.120703 0.251465 0.121094 0.250977 0.121094 0.248047 0.121484 0.247559 0.121484 0.244141 0.121875 0.243652 0.121875 0.241699 0.122266 0.241211 0.122266 0.239258 0.122656 0.23877 0.122656 0.235352 0.123047 0.234863 0.123047 0.229492 0.122656 0.229004 0.122656 0.225098 0.122266 0.224609 0.122266 0.223633 0.121875 0.223145 0.121875 0.222168 0.121484 0.22168 0.121484 0.220215 0.121094 0.219727 0.121094 0.219238 0.120703 0.21875 0.120703 0.218262 0.120313 0.217773 0.120313 0.217285 0.119141 0.21582 0.11875 0.21582 0.118359 0.215332 0.117578 0.215332 0.117188 0.214844 0.116797 0.214844
1 0.619531 0.814453 0.61875 0.814453 0.618359 0.814941 0.617578 0.814941 0.617188 0.81543 0.616406 0.81543 0.616016 0.815918 0.615625 0.815918 0.612109 0.820312 0.611719 0.820312 0.611719 0.820801 0.610938 0.821777 0.610938 0.822266 0.610547 0.822754 0.610547 0.825195 0.610156 0.825684 0.610156 0.84375 0.610547 0.844238 0.610547 0.848145 0.610938 0.848633 0.610938 0.850098 0.611328 0.850586 0.611328 0.851074 0.611719 0.851562 0.611719 0.852051 0.612109 0.852539 0.612109 0.853027 0.614062 0.855469 0.614453 0.855469 0.614844 0.855957 0.616406 0.855957 0.616797 0.855469 0.617188 0.855469 0.617578 0.85498 0.618359 0.85498 0.619141 0.854004 0.619531 0.854004 0.621875 0.851074 0.622266 0.851074 0.623437 0.849609 0.623437 0.849121 0.624219 0.848145 0.624219 0.847656 0.624609 0.847168 0.624609 0.84668 0.625 0.846191 0.625 0.845703 0.625781 0.844727 0.625781 0.844238 0.627344 0.842285 0.627344 0.841797 0.627734 0.841309 0.627734 0.840332 0.628125 0.839844 0.628125 0.838867 0.628516 0.838379 0.628516 0.836914 0.628906 0.836426 0.628906 0.834961 0.629297 0.834473 0.629297 0.82959 0.628906 0.829102 0.628906 0.825195 0.628516 0.824707 0.628516 0.821777 0.628125 0.821289 0.628125 0.820801 0.627734 0.820312 0.627734 0.819824 0.626172 0.817871 0.625781 0.817871 0.625391 0.817383 0.625 0.817383 0.624219 0.816406 0.623828 0.816406 0.623437 0.815918 0.622656 0.815918 0.622266 0.81543 0.621484 0.81543 0.621094 0.814941 0.619922 0.814941
1 0.55625 0.472656 0.555859 0.473145 0.555078 0.473145 0.554688 0.473633 0.553906 0.473633 0.553516 0.474121 0.553125 0.474121 0.552734 0.474609 0.552344 0.474609 0.551562 0.475586 0.551172 0.475586 0.550391 0.476562 0.55 0.476562 0.549609 0.477051 0.549219 0.477051 0.547656 0.479004 0.547656 0.479492 0.547266 0.47998 0.547266 0.480469 0.546875 0.480957 0.546875 0.481934 0.546484 0.482422 0.546484 0.48291 0.546094 0.483398 0.546094 0.484375 0.545703 0.484863 0.545703 0.485352 0.545312 0.48584 0.545312 0.494141 0.545703 0.494629 0.545703 0.49707 0.546094 0.497559 0.546094 0.5 0.546484 0.500488 0.546484 0.502441 0.546875 0.50293 0.546875 0.505371 0.547266 0.505859 0.547266 0.508301 0.547656 0.508789 0.547656 0.510742 0.548047 0.51123 0.548047 0.511719 0.548828 0.512695 0.548828 0.513184 0.55 0.514648 0.55 0.515137 0.551562 0.51709 0.551953 0.51709 0.552344 0.517578 0.552734 0.517578 0.553125 0.518066 0.553906 0.518066 0.554297 0.518555 0.555078 0.518555 0.555469 0.519043 0.555859 0.519043 0.55625 0.519531 0.557031 0.519531 0.557422 0.52002 0.558594 0.52002 0.558984 0.520508 0.560937 0.520508 0.561328 0.52002 0.561719 0.52002 0.562109 0.519531 0.5625 0.519531 0.562891 0.519043 0.563281 0.519043 0.564063 0.518066 0.564453 0.518066 0.565234 0.51709 0.565625 0.51709 0.567187 0.515137 0.567578 0.515137 0.56875 0.513672 0.56875 0.513184 0.569531 0.512207 0.569531 0.511719 0.569922 0.51123 0.569922 0.510742 0.570312 0.510254 0.570312 0.509277 0.570703 0.508789 0.570703 0.508301 0.571094 0.507812 0.571094 0.507324 0.571484 0.506836 0.571484 0.506348 0.571875 0.505859 0.571875 0.505371 0.572266 0.504883 0.572266 0.503906 0.572656 0.503418 0.572656 0.502441 0.573047 0.501953 0.573047 0.499512 0.573438 0.499023 0.573438 0.492676 0.573047 0.492188 0.573047 0.48877 0.572656 0.488281 0.572656 0.486328 0.572266 0.48584 0.572266 0.485352 0.571875 0.484863 0.571875 0.484375 0.571484 0.483887 0.571484 0.483398 0.571094 0.48291 0.571094 0.482422 0.570703 0.481934 0.570703 0.481445 0.570312 0.480957 0.570312 0.47998 0.569922 0.479492 0.569922 0.479004 0.569531 0.478516 0.569531 0.477539 0.566797 0.474121 0.566406 0.474121 0.566016 0.473633 0.565625 0.473633 0.564844 0.472656
1 0.349219 0.624023 0.346875 0.626953 0.346875 0.627441 0.346484 0.62793 0.346484 0.628418 0.346094 0.628906 0.346094 0.629883 0.345703 0.630371 0.345703 0.631348 0.345313 0.631836 0.345313 0.632812 0.344922 0.633301 0.344922 0.634766 0.344531 0.635254 0.344531 0.644531 0.344922 0.64502 0.344922 0.646973 0.345313 0.647461 0.345313 0.648438 0.345703 0.648926 0.345703 0.649414 0.346484 0.650391 0.346484 0.650879 0.35 0.655273 0.350391 0.655273 0.350781 0.655762 0.351172 0.655762 0.351562 0.65625 0.351953 0.65625 0.352734 0.657227 0.353516 0.657227 0.353906 0.657715 0.354297 0.657715 0.354687 0.658203 0.355469 0.658203 0.355859 0.658691 0.35625 0.658691 0.356641 0.65918 0.357422 0.65918 0.357812 0.659668 0.358984 0.659668 0.359375 0.660156 0.360547 0.660156 0.360938 0.660645 0.365625 0.660645 0.366016 0.660156 0.366797 0.660156 0.367188 0.659668 0.367578 0.659668 0.367969 0.65918 0.36875 0.65918 0.369531 0.658203 0.369922 0.658203 0.373047 0.654297 0.373047 0.65332 0.373437 0.652832 0.373437 0.652344 0.373828 0.651855 0.373828 0.649902 0.374219 0.649414 0.374219 0.647461 0.374609 0.646973 0.374609 0.640625 0.374219 0.640137 0.374219 0.637207 0.373828 0.636719 0.373828 0.635742 0.373437 0.635254 0.373437 0.634766 0.373047 0.634277 0.373047 0.633789 0.372656 0.633301 0.372266 0.633301 0.370703 0.631348 0.370312 0.631348 0.369141 0.629883 0.36875 0.629883 0.368359 0.629395 0.367969 0.629395 0.366406 0.627441 0.366016 0.627441 0.365625 0.626953 0.365234 0.626953 0.364844 0.626465 0.364063 0.626465 0.363672 0.625977 0.362891 0.625977 0.3625 0.625488 0.361719 0.625488 0.361328 0.625 0.360547 0.625 0.360156 0.624512 0.359375 0.624512 0.358984 0.624023 0.358594 0.624023 0.358203 0.623535 0.357812 0.623535 0.357422 0.623047 0.35625 0.623047 0.355859 0.622559 0.351562 0.622559 0.351172 0.623047 0.350781 0.623047 0.350391 0.623535 0.35 0.623535 0.349609 0.624023
1 0.825391 0.742676 0.825391 0.746582 0.825781 0.74707 0.825781 0.748535 0.826172 0.749023 0.826172 0.749512 0.826953 0.750488 0.826953 0.750977 0.827344 0.751465 0.827344 0.751953 0.827734 0.752441 0.827734 0.75293 0.828125 0.753418 0.828125 0.753906 0.828516 0.754395 0.828516 0.754883 0.828906 0.755371 0.828906 0.755859 0.829297 0.756348 0.829297 0.756836 0.830859 0.758789 0.830859 0.759277 0.836719 0.766602 0.837109 0.766602 0.837891 0.767578 0.838281 0.767578 0.838672 0.768066 0.839063 0.768066 0.839453 0.768555 0.839844 0.768555 0.840234 0.769043 0.841406 0.769043 0.841797 0.769531 0.842578 0.769531 0.842969 0.769043 0.844141 0.769043 0.844531 0.768555 0.844922 0.768555 0.845313 0.768066 0.845703 0.768066 0.846094 0.767578 0.846484 0.767578 0.847266 0.766602 0.847266 0.766113 0.848047 0.765137 0.848047 0.764648 0.848437 0.76416 0.848437 0.760254 0.848047 0.759766 0.848047 0.759277 0.847656 0.758789 0.847656 0.758301 0.846484 0.756836 0.846484 0.756348 0.842187 0.750977 0.841797 0.750977 0.841406 0.750488 0.840625 0.750488 0.840234 0.75 0.839844 0.75 0.839063 0.749023 0.838672 0.749023 0.8375 0.747559 0.837109 0.747559 0.834375 0.744141 0.833984 0.744141 0.833594 0.743652 0.833203 0.743652 0.832812 0.743164 0.832422 0.743164 0.832031 0.742676 0.831641 0.742676 0.83125 0.742188 0.830469 0.742188 0.830078 0.741699 0.826562 0.741699 0.826172 0.742188 0.825781 0.742188
1 0.3625 0.440918 0.3625 0.445312 0.362891 0.445801 0.362891 0.446777 0.363281 0.447266 0.363281 0.447754 0.363672 0.448242 0.363672 0.44873 0.366406 0.452148 0.366797 0.452148 0.367578 0.453125 0.367969 0.453125 0.368359 0.453613 0.36875 0.453613 0.369141 0.454102 0.369531 0.454102 0.369922 0.45459 0.370703 0.45459 0.371094 0.455078 0.371484 0.455078 0.371875 0.455566 0.372266 0.455566 0.372656 0.456055 0.373828 0.456055 0.374219 0.456543 0.375391 0.456543 0.375781 0.457031 0.380469 0.457031 0.380859 0.456543 0.382031 0.456543 0.382422 0.456055 0.383594 0.456055 0.383984 0.455566 0.384766 0.455566 0.385156 0.455078 0.385937 0.455078 0.386328 0.45459 0.387109 0.45459 0.3875 0.454102 0.388672 0.454102 0.389062 0.453613 0.389844 0.453613 0.390234 0.453125 0.391016 0.453125 0.391406 0.452637 0.392578 0.452637 0.392969 0.452148 0.39375 0.452148 0.394141 0.45166 0.394531 0.45166 0.394922 0.451172 0.395313 0.451172 0.396484 0.449707 0.396484 0.449219 0.397266 0.448242 0.397266 0.446289 0.396484 0.445312 0.396484 0.444824 0.394531 0.442383 0.394141 0.442383 0.392969 0.440918 0.392578 0.440918 0.392188 0.44043 0.391797 0.44043 0.391406 0.439941 0.391016 0.439941 0.390625 0.439453 0.389453 0.439453 0.389062 0.438965 0.387109 0.438965 0.386719 0.438477 0.377344 0.438477 0.376953 0.437988 0.364453 0.437988 0.364063 0.438477 0.363672 0.438477 0.362891 0.439453 0.362891 0.44043
1 0.0929688 0.446289 0.0925781 0.446289 0.0921875 0.445801 0.0917969 0.445801 0.0914062 0.445312 0.0902344 0.445312 0.0898438 0.444824 0.0882813 0.444824 0.0878906 0.444336 0.084375 0.444336 0.0839844 0.444824 0.0824219 0.444824 0.0820312 0.445312 0.08125 0.445312 0.0808594 0.445801 0.0800781 0.445801 0.0796875 0.446289 0.0792969 0.446289 0.0789062 0.446777 0.0785156 0.446777 0.0765625 0.449219 0.0761719 0.449219 0.0742188 0.45166 0.0742188 0.452148 0.0730469 0.453613 0.0726563 0.453613 0.0722656 0.454102 0.0722656 0.45459 0.0714844 0.455566 0.0714844 0.456543 0.0710937 0.457031 0.0710937 0.45752 0.0707031 0.458008 0.0707031 0.458984 0.0703125 0.459473 0.0703125 0.460449 0.0699219 0.460938 0.0699219 0.462402 0.0695313 0.462891 0.0695313 0.47168 0.0699219 0.472168 0.0699219 0.472656 0.0703125 0.473145 0.0703125 0.474121 0.071875 0.476074 0.0726563 0.476074 0.0730469 0.476562 0.0742188 0.476562 0.0746094 0.477051 0.0753906 0.477051 0.0757812 0.477539 0.0777344 0.477539 0.078125 0.478027 0.0855469 0.478027 0.0859375 0.477539 0.0875 0.477539 0.0878906 0.477051 0.0886719 0.477051 0.0890625 0.476562 0.0894531 0.476562 0.0898438 0.476074 0.0902344 0.476074 0.090625 0.475586 0.0910156 0.475586 0.0925781 0.473633 0.0925781 0.473145 0.0929688 0.472656 0.0929688 0.472168 0.0933594 0.47168 0.0933594 0.471191 0.0941406 0.470215 0.0941406 0.469727 0.0949219 0.46875 0.0949219 0.468262 0.0960938 0.466797 0.0960938 0.46582 0.0964844 0.465332 0.0964844 0.463867 0.096875 0.463379 0.096875 0.459961 0.0972656 0.459473 0.0972656 0.458008 0.096875 0.45752 0.096875 0.45459 0.0964844 0.454102 0.0964844 0.453613 0.0960938 0.453125 0.0960938 0.452637 0.0957031 0.452148 0.0957031 0.45166 0.0953125 0.451172 0.0953125 0.450684 0.0945312 0.449707 0.0945312 0.449219 0.0941406 0.44873 0.0941406 0.448242 0.09375 0.447754 0.09375 0.447266
1 0.879297 0.750977 0.876172 0.750977 0.875391 0.751953 0.875 0.751953 0.873828 0.753418 0.873437 0.753418 0.870313 0.757324 0.869922 0.757324 0.86875 0.758789 0.86875 0.759277 0.868359 0.759766 0.868359 0.760254 0.867969 0.760742 0.867969 0.761719 0.867578 0.762207 0.867578 0.763184 0.867188 0.763672 0.867188 0.764648 0.866797 0.765137 0.866797 0.766602 0.866406 0.76709 0.866406 0.77002 0.866016 0.770508 0.866016 0.775391 0.866406 0.775879 0.866406 0.776855 0.866797 0.777344 0.866797 0.77832 0.867188 0.778809 0.867188 0.779785 0.867578 0.780273 0.867578 0.78125 0.867969 0.781738 0.867969 0.782227 0.868359 0.782715 0.868359 0.783203 0.869141 0.78418 0.869141 0.784668 0.873437 0.790039 0.875391 0.790039 0.875781 0.790527 0.876953 0.790527 0.877344 0.790039 0.877734 0.790039 0.878125 0.789551 0.878516 0.789551 0.880859 0.786621 0.880859 0.786133 0.88125 0.785645 0.88125 0.785156 0.881641 0.784668 0.881641 0.78418 0.882031 0.783691 0.882031 0.781738 0.882422 0.78125 0.882422 0.779297 0.882812 0.778809 0.882812 0.775391 0.883203 0.774902 0.883203 0.769531 0.882812 0.769043 0.882812 0.763184 0.882422 0.762695 0.882422 0.756836 0.882031 0.756348 0.882031 0.754395 0.881641 0.753906 0.881641 0.75293 0.880469 0.751465 0.879687 0.751465
1 0.267188 0.266602 0.267188 0.270508 0.267578 0.270996 0.267578 0.272461 0.267969 0.272949 0.267969 0.273926 0.268359 0.274414 0.268359 0.274902 0.269922 0.276855 0.270313 0.276855 0.271094 0.277832 0.271484 0.277832 0.271875 0.27832 0.272266 0.27832 0.272656 0.278809 0.273047 0.278809 0.273438 0.279297 0.273828 0.279297 0.274609 0.280273 0.275391 0.280273 0.275781 0.280762 0.276953 0.280762 0.277344 0.28125 0.277734 0.28125 0.278516 0.282227 0.278906 0.282227 0.279297 0.282715 0.280078 0.282715 0.280469 0.282227 0.280859 0.282227 0.28125 0.281738 0.285156 0.281738 0.285547 0.282227 0.290625 0.282227 0.291016 0.282715 0.291797 0.282715 0.292578 0.283691 0.292969 0.283691 0.293359 0.28418 0.29375 0.28418 0.294141 0.284668 0.295312 0.284668 0.295703 0.28418 0.296094 0.28418 0.296875 0.283203 0.297266 0.283203 0.298047 0.282227 0.298438 0.282227 0.298438 0.281738 0.299609 0.280273 0.299609 0.279297 0.3 0.278809 0.3 0.277344 0.300391 0.276855 0.300391 0.271484 0.3 0.270996 0.3 0.26709 0.299219 0.266113 0.299219 0.265625 0.298438 0.264648 0.298438 0.26416 0.295312 0.260254 0.294922 0.260254 0.294531 0.259766 0.29375 0.259766 0.293359 0.259277 0.292187 0.259277 0.291797 0.258789 0.291016 0.258789 0.290625 0.258301 0.289453 0.258301 0.289062 0.257812 0.287891 0.257812 0.2875 0.257324 0.285156 0.257324 0.284766 0.256836 0.282422 0.256836 0.282031 0.257324 0.280859 0.257324 0.280469 0.257812 0.278906 0.257812 0.278516 0.258301 0.276953 0.258301 0.276562 0.258789 0.275391 0.258789 0.275 0.259277 0.274609 0.259277 0.274219 0.259766 0.273828 0.259766 0.271875 0.262207 0.271484 0.262207 0.270703 0.263184 0.270313 0.263184 0.26875 0.265137 0.268359 0.265137
1 0.65 0.574707 0.649609 0.574707 0.649219 0.574219 0.648828 0.574219 0.648438 0.57373 0.648047 0.57373 0.647656 0.573242 0.644922 0.573242 0.644531 0.57373 0.643359 0.57373 0.642969 0.574219 0.642578 0.574219 0.642188 0.574707 0.641797 0.574707 0.641797 0.575195 0.641016 0.576172 0.641016 0.57666 0.640234 0.577637 0.640234 0.578125 0.639844 0.578613 0.639453 0.578613 0.638672 0.57959 0.638281 0.57959 0.637891 0.580078 0.636719 0.580078 0.636328 0.580566 0.635156 0.580566 0.634766 0.581055 0.634375 0.581055 0.633594 0.582031 0.633203 0.582031 0.632422 0.583008 0.632031 0.583008 0.631641 0.583496 0.63125 0.583496 0.630469 0.584473 0.630078 0.584473 0.628516 0.586426 0.628125 0.586426 0.627344 0.587402 0.627344 0.587891 0.626953 0.588379 0.626953 0.589355 0.626563 0.589844 0.626563 0.592285 0.627344 0.593262 0.627734 0.593262 0.628906 0.594727 0.629297 0.594727 0.630078 0.595703 0.630469 0.595703 0.630859 0.596191 0.63125 0.596191 0.631641 0.59668 0.632422 0.59668 0.632812 0.597168 0.633203 0.597168 0.633594 0.597656 0.634375 0.597656 0.634766 0.598145 0.638672 0.598145 0.639062 0.597656 0.640625 0.597656 0.641016 0.597168 0.642188 0.597168 0.642578 0.59668 0.643359 0.59668 0.64375 0.596191 0.644531 0.596191 0.644922 0.595703 0.645312 0.595703 0.645703 0.595215 0.646094 0.595215 0.646484 0.594727 0.646875 0.594727 0.648828 0.592285 0.649219 0.592285 0.649219 0.591797 0.65 0.59082 0.65 0.590332 0.650391 0.589844 0.650391 0.589355 0.650781 0.588867 0.650781 0.588379 0.651172 0.587891 0.651172 0.578613 0.650781 0.578125 0.650781 0.577148 0.650391 0.57666 0.650391 0.575684 0.65 0.575195
1 0.662109 0.496094 0.661328 0.495117 0.660547 0.495117 0.660156 0.494629 0.658984 0.494629 0.658594 0.494141 0.653516 0.494141 0.653125 0.494629 0.651953 0.494629 0.651563 0.495117 0.650391 0.495117 0.65 0.495605 0.649609 0.495605 0.649219 0.496094 0.648828 0.496094 0.648438 0.496582 0.648047 0.496582 0.647266 0.497559 0.646875 0.497559 0.646094 0.498535 0.645703 0.498535 0.645312 0.499023 0.644922 0.499023 0.644531 0.499512 0.64375 0.499512 0.643359 0.5 0.642969 0.5 0.642578 0.500488 0.642188 0.500488 0.641016 0.501953 0.641016 0.502441 0.640625 0.50293 0.640625 0.503418 0.640234 0.503906 0.640234 0.504395 0.639844 0.504883 0.639844 0.505371 0.639453 0.505859 0.639453 0.506348 0.638672 0.507324 0.638672 0.507812 0.638281 0.508301 0.638281 0.508789 0.637891 0.509277 0.637891 0.51123 0.6375 0.511719 0.6375 0.51416 0.637891 0.514648 0.637891 0.515137 0.639453 0.51709 0.639844 0.51709 0.640234 0.517578 0.640625 0.517578 0.641016 0.518066 0.642188 0.518066 0.642578 0.518555 0.648438 0.518555 0.648828 0.518066 0.650391 0.518066 0.650781 0.517578 0.651563 0.517578 0.651953 0.51709 0.652734 0.51709 0.653125 0.516602 0.653906 0.516602 0.654297 0.516113 0.655078 0.516113 0.655859 0.515137 0.65625 0.515137 0.656641 0.514648 0.657422 0.514648 0.657813 0.51416 0.658203 0.51416 0.659375 0.512695 0.659766 0.512695 0.661719 0.510254 0.661719 0.509766 0.6625 0.508789 0.6625 0.508301 0.662891 0.507812 0.662891 0.506836 0.663281 0.506348 0.663281 0.503418 0.663672 0.50293 0.663672 0.501953 0.663281 0.501465 0.663281 0.499512 0.662891 0.499023 0.662891 0.497559 0.662109 0.496582
1 0.501953 0.594238 0.500391 0.594238 0.5 0.594727 0.497656 0.594727 0.497266 0.595215 0.496875 0.595215 0.496484 0.595703 0.496484 0.596191 0.496094 0.59668 0.496094 0.597168 0.495703 0.597656 0.495703 0.598145 0.495312 0.598633 0.495312 0.600098 0.494922 0.600586 0.494922 0.60791 0.494531 0.608398 0.494531 0.611816 0.494141 0.612305 0.494141 0.615234 0.49375 0.615723 0.49375 0.617188 0.493359 0.617676 0.493359 0.620605 0.492969 0.621094 0.492969 0.623535 0.493359 0.624023 0.493359 0.625488 0.49375 0.625977 0.49375 0.626465 0.494141 0.626953 0.494141 0.627441 0.494531 0.62793 0.495312 0.62793 0.495703 0.628418 0.496484 0.628418 0.496875 0.628906 0.498828 0.628906 0.499219 0.628418 0.5 0.628418 0.500391 0.62793 0.500781 0.62793 0.501172 0.627441 0.501563 0.627441 0.501953 0.626953 0.502344 0.626953 0.503906 0.625 0.504297 0.625 0.505078 0.624023 0.505469 0.624023 0.506641 0.622559 0.506641 0.62207 0.507031 0.621582 0.507031 0.620605 0.507422 0.620117 0.507422 0.619141 0.507812 0.618652 0.507812 0.616211 0.508203 0.615723 0.508203 0.605957 0.507812 0.605469 0.507812 0.602539 0.507422 0.602051 0.507422 0.601074 0.507031 0.600586 0.507031 0.600098 0.506641 0.599609 0.506641 0.599121 0.50625 0.598633 0.50625 0.598145 0.505859 0.597656 0.505859 0.597168 0.504687 0.595703 0.504297 0.595703 0.503906 0.595215 0.503516 0.595215 0.503125 0.594727 0.502344 0.594727
1 0.903906 0.852539 0.903125 0.851562 0.903125 0.851074 0.902344 0.850098 0.902344 0.849609 0.901953 0.849121 0.901563 0.849121 0.900781 0.848145 0.900391 0.848145 0.899609 0.847168 0.898828 0.847168 0.898438 0.84668 0.898047 0.84668 0.897656 0.846191 0.897266 0.846191 0.896875 0.845703 0.894922 0.845703 0.894531 0.845215 0.889453 0.845215 0.889062 0.845703 0.884766 0.845703 0.884375 0.846191 0.883203 0.846191 0.882812 0.84668 0.881641 0.84668 0.88125 0.847168 0.879687 0.847168 0.879297 0.847656 0.878125 0.847656 0.877734 0.848145 0.876563 0.848145 0.876172 0.848633 0.875781 0.848633 0.875391 0.849121 0.875 0.849121 0.874609 0.849609 0.874219 0.849609 0.873828 0.850098 0.873437 0.850098 0.873047 0.850586 0.872266 0.850586 0.871875 0.851074 0.871484 0.851074 0.871094 0.851562 0.870313 0.851562 0.869922 0.852051 0.869531 0.852051 0.869141 0.852539 0.86875 0.852539 0.866406 0.855469 0.866406 0.855957 0.864062 0.858887 0.864062 0.859375 0.862891 0.86084 0.862891 0.862793 0.863281 0.863281 0.863281 0.864258 0.863672 0.864746 0.863672 0.865234 0.864062 0.865234 0.864453 0.865723 0.864844 0.865723 0.865234 0.866211 0.866406 0.866211 0.866797 0.866699 0.870313 0.866699 0.870703 0.867188 0.882422 0.867188 0.882812 0.866699 0.886328 0.866699 0.886719 0.866211 0.889453 0.866211 0.889844 0.865723 0.891016 0.865723 0.891406 0.865234 0.892578 0.865234 0.892969 0.864746 0.89375 0.864746 0.894141 0.864258 0.894922 0.864258 0.895312 0.86377 0.896094 0.86377 0.896484 0.863281 0.897266 0.863281 0.897656 0.862793 0.898047 0.862793 0.898828 0.861816 0.899219 0.861816 0.899609 0.861328 0.9 0.861328 0.900781 0.860352 0.901172 0.860352 0.903125 0.85791 0.903125 0.857422 0.903516 0.856934 0.903516 0.855957 0.903906 0.855469
1 0.442578 0.590332 0.441016 0.588379 0.440625 0.588379 0.440234 0.587891 0.434766 0.587891 0.433984 0.588867 0.433594 0.588867 0.433203 0.589355 0.432812 0.589355 0.432031 0.590332 0.431641 0.590332 0.430859 0.591309 0.430859 0.591797 0.430469 0.592285 0.430469 0.592773 0.429688 0.59375 0.429688 0.594238 0.427344 0.597168 0.427344 0.597656 0.425 0.600586 0.424609 0.600586 0.423047 0.602539 0.423047 0.603027 0.422266 0.604004 0.422266 0.604492 0.421875 0.60498 0.421875 0.605469 0.421484 0.605957 0.421484 0.606445 0.421094 0.606934 0.421094 0.607422 0.420703 0.60791 0.420703 0.608398 0.420312 0.608887 0.420312 0.609863 0.419922 0.610352 0.419922 0.611816 0.420312 0.612305 0.420312 0.612793 0.421094 0.61377 0.421484 0.61377 0.421875 0.614258 0.422266 0.614258 0.422656 0.614746 0.425 0.614746 0.425391 0.614258 0.426563 0.614258 0.426953 0.61377 0.427734 0.61377 0.428125 0.613281 0.428516 0.613281 0.428906 0.612793 0.429297 0.612793 0.430078 0.611816 0.430469 0.611816 0.43125 0.61084 0.431641 0.61084 0.432031 0.610352 0.432422 0.610352 0.432812 0.609863 0.433203 0.609863 0.433594 0.609375 0.433984 0.609375 0.434375 0.608887 0.435156 0.608887 0.435937 0.60791 0.436328 0.60791 0.436328 0.607422 0.437891 0.605469 0.437891 0.60498 0.441016 0.601074 0.441016 0.600586 0.441797 0.599609 0.441797 0.599121 0.442188 0.598633 0.442188 0.597656 0.442578 0.597168 0.442578 0.596191 0.442969 0.595703 0.442969 0.591309 0.442578 0.59082
2 0.748437 0.441406 0.746484 0.441406 0.746094 0.441895 0.745313 0.441895 0.744922 0.442383 0.744531 0.442383 0.743359 0.443848 0.743359 0.444336 0.742969 0.444824 0.742969 0.445312 0.742188 0.446289 0.742188 0.447266 0.741797 0.447754 0.741797 0.44873 0.741406 0.449219 0.741406 0.450195 0.741016 0.450684 0.741016 0.45166 0.740625 0.452148 0.740625 0.453125 0.740234 0.453613 0.740234 0.45459 0.739844 0.455078 0.739844 0.456543 0.739453 0.457031 0.739453 0.458984 0.739062 0.459473 0.739062 0.46875 0.739453 0.469238 0.739453 0.470703 0.739844 0.471191 0.739844 0.47168 0.740234 0.472168 0.740234 0.472656 0.740625 0.473145 0.740625 0.473633 0.741406 0.474609 0.741406 0.475098 0.742969 0.477051 0.743359 0.477051 0.74375 0.477539 0.745313 0.477539 0.745703 0.477051 0.746484 0.477051 0.746875 0.476562 0.747266 0.476562 0.748047 0.475586 0.748047 0.475098 0.748437 0.474609 0.748437 0.473633 0.748828 0.473145 0.748828 0.470215 0.749219 0.469727 0.749219 0.467285 0.749609 0.466797 0.749609 0.461914 0.75 0.461426 0.75 0.446289 0.749609 0.445801 0.749609 0.444336 0.749219 0.443848 0.749219 0.442871 0.748828 0.442383 0.748828 0.441895
2 0.679688 0.670898 0.678516 0.669434 0.675391 0.669434 0.675 0.668945 0.674219 0.668945 0.673828 0.669434 0.672656 0.669434 0.672266 0.669922 0.671484 0.669922 0.671094 0.67041 0.670703 0.67041 0.670312 0.670898 0.669922 0.670898 0.669531 0.671387 0.66875 0.671387 0.668359 0.671875 0.667969 0.671875 0.667578 0.672363 0.667188 0.672363 0.666797 0.672852 0.666406 0.672852 0.666016 0.67334 0.665625 0.67334 0.664844 0.674316 0.664844 0.674805 0.664453 0.675293 0.664453 0.675781 0.663672 0.676758 0.663672 0.677246 0.662891 0.678223 0.662891 0.678711 0.661328 0.680664 0.661328 0.681152 0.660937 0.681641 0.660937 0.683105 0.660547 0.683594 0.660547 0.6875 0.660937 0.687988 0.660937 0.688965 0.661328 0.689453 0.661328 0.689941 0.661719 0.69043 0.662109 0.69043 0.6625 0.690918 0.662891 0.690918 0.663281 0.691406 0.663672 0.691406 0.664062 0.691895 0.664844 0.691895 0.665234 0.692383 0.667188 0.692383 0.667578 0.691895 0.66875 0.691895 0.669141 0.691406 0.669531 0.691406 0.669922 0.690918 0.670312 0.690918 0.671484 0.689453 0.671484 0.688965 0.673438 0.686523 0.673828 0.686523 0.674609 0.685547 0.675 0.685547 0.678125 0.681641 0.678125 0.681152 0.678516 0.680664 0.678516 0.680176 0.679297 0.679199 0.679297 0.678711 0.679688 0.678223 0.679688 0.677246 0.680078 0.676758 0.680078 0.675293 0.680469 0.674805 0.680469 0.672852 0.680078 0.672363 0.680078 0.671875 0.679688 0.671387
