1 0.177344 0.716797 0.175781 0.719238 0.175391 0.730957 0.178125 0.737793 0.18125 0.741699 0.184766 0.744141 0.192188 0.745605 0.197656 0.744629 0.2 0.740723 0.201172 0.736816 0.201172 0.733887 0.198047 0.726562 0.190625 0.718262 0.182812 0.716309
1 0.976953 0.168945 0.975391 0.164551 0.971094 0.161133 0.964844 0.160645 0.960156 0.161621 0.950781 0.165527 0.948438 0.168945 0.947656 0.171387 0.947656 0.175293 0.95 0.179199 0.955078 0.182617 0.957812 0.183594 0.963281 0.183105 0.974219 0.178711 0.976953 0.174316
1 0.555859 0.340332 0.555859 0.344238 0.558594 0.351562 0.560937 0.354492 0.568359 0.359863 0.573438 0.360352 0.575781 0.359375 0.589453 0.359375 0.591797 0.356934 0.592187 0.353516 0.591406 0.352051 0.580859 0.34082 0.578125 0.338867 0.569922 0.337402 0.565234 0.338379 0.559375 0.337891 0.556641 0.338867
1 0.458984 0.0634766 0.454297 0.0644531 0.451953 0.0703125 0.447266 0.097168 0.447656 0.101562 0.451562 0.102539 0.454297 0.101074 0.461719 0.0908203 0.464453 0.0854492 0.464453 0.0751953 0.4625 0.0688477 0.460547 0.0649414
1 0.141797 0.603027 0.142578 0.606934 0.144922 0.61084 0.153516 0.615234 0.15625 0.615723 0.165625 0.61377 0.169531 0.61377 0.171094 0.612793 0.175 0.604492 0.175 0.602539 0.173828 0.599609 0.169922 0.594727 0.166797 0.592285 0.163281 0.591309 0.157422 0.591309 0.150781 0.592773 0.145313 0.597168
1 0.155859 0.828125 0.157031 0.830078 0.169531 0.835938 0.176172 0.836426 0.185547 0.832031 0.188672 0.82959 0.190234 0.827637 0.191016 0.823242 0.189062 0.821777 0.184766 0.821777 0.178906 0.819824 0.169531 0.819824 0.158203 0.822754 0.156641 0.824219
1 0.939063 0.185547 0.936328 0.184082 0.934766 0.184082 0.932813 0.185547 0.930859 0.189453 0.923047 0.19873 0.919141 0.205566 0.916797 0.21582 0.916797 0.217773 0.919141 0.22168 0.921875 0.22168 0.923828 0.220703 0.93125 0.212402 0.937891 0.203613 0.939453 0.200195 0.940625 0.194824 0.940625 0.187988
1 0.1625 0.838379 0.162109 0.842285 0.16875 0.847656 0.173828 0.850098 0.177344 0.850098 0.186719 0.852539 0.196875 0.852539 0.198437 0.851562 0.199219 0.848633 0.198437 0.845215 0.19375 0.840332 0.182812 0.833984 0.180859 0.833984 0.173828 0.836426 0.164844 0.836914
1 0.648047 0.161621 0.648047 0.165039 0.649609 0.168945 0.653906 0.173828 0.658203 0.175293 0.665625 0.183594 0.669531 0.18457 0.673047 0.186523 0.677344 0.186523 0.680078 0.183594 0.680859 0.179199 0.680469 0.177734 0.677344 0.173828 0.675391 0.169434 0.672656 0.166504 0.666406 0.162109 0.662891 0.160645 0.658594 0.160645 0.653516 0.158691 0.649609 0.158691
1 0.297266 0.79248 0.297266 0.794922 0.298438 0.79834 0.305469 0.803223 0.307812 0.803711 0.31875 0.802246 0.321484 0.804199 0.324609 0.805176 0.326953 0.805176 0.328125 0.803711 0.325781 0.792969 0.323437 0.788574 0.320703 0.786621 0.313281 0.786133 0.310156 0.785156 0.302734 0.785156 0.300391 0.786621 0.298438 0.789062
2 0.179688 0.952637 0.176172 0.953125 0.172266 0.959473 0.167578 0.964355 0.166797 0.970215 0.167578 0.979004 0.170313 0.986328 0.172656 0.988281 0.174609 0.988281 0.178906 0.986328 0.181641 0.98291 0.183203 0.979004 0.183203 0.976562 0.183984 0.974609 0.183984 0.958008 0.183203 0.95459
2 0.974219 0.176758 0.973828 0.181152 0.974609 0.184082 0.983203 0.193848 0.989844 0.198242 1 0.198242 1 0.182129 0.998047 0.182129 0.991016 0.179199 0.982422 0.173828 0.978906 0.173828
2 0.244141 0.681641 0.244922 0.685547 0.246484 0.687012 0.251563 0.6875 0.258203 0.69043 0.2625 0.69043 0.271875 0.688477 0.274609 0.687012 0.276562 0.683105 0.276172 0.679688 0.274609 0.678711 0.262109 0.676758 0.25625 0.674805 0.246875 0.678223
2 0.401562 0.0942383 0.399609 0.0917969 0.397656 0.0908203 0.388281 0.0908203 0.384375 0.0922852 0.376563 0.0976562 0.374219 0.100586 0.371875 0.10498 0.372266 0.109863 0.373828 0.111328 0.378516 0.111816 0.389062 0.10791 0.392188 0.10791 0.397266 0.106445 0.4 0.104492 0.401953 0.101074
2 0.377344 0.442383 0.378125 0.446777 0.379297 0.448242 0.381641 0.449219 0.385547 0.452637 0.394531 0.45752 0.396875 0.45752 0.402344 0.45459 0.404687 0.452637 0.407422 0.448242 0.407422 0.446777 0.405078 0.444824 0.389453 0.439941 0.379688 0.44043 0.377734 0.441406
1 0.454688 0.666992 0.452344 0.664062 0.449609 0.664062 0.444141 0.666504 0.439063 0.666504 0.434766 0.665039 0.43125 0.665039 0.428516 0.666016 0.416406 0.673828 0.414844 0.675781 0.414844 0.677246 0.417578 0.680664 0.424219 0.683594 0.429688 0.687012 0.440625 0.6875 0.443359 0.686035 0.451953 0.676758 0.453906 0.671387
1 0.801172 0.321289 0.798047 0.324219 0.796875 0.327637 0.796875 0.338867 0.797656 0.346191 0.8 0.35498 0.801953 0.358887 0.803516 0.358887 0.807422 0.354492 0.809375 0.348633 0.810156 0.343262 0.808984 0.329102 0.807422 0.325195 0.804297 0.321777
1 0.846484 0.12793 0.846484 0.131836 0.848047 0.135742 0.850391 0.13916 0.854297 0.14209 0.858594 0.144043 0.867969 0.145996 0.872656 0.148438 0.875391 0.147461 0.876953 0.14502 0.876563 0.140625 0.873828 0.13623 0.865234 0.129883 0.857812 0.125977 0.853906 0.122559 0.849219 0.123535
1 0.299219 0.050293 0.29375 0.0541992 0.290625 0.0615234 0.290625 0.0664062 0.295703 0.0776367 0.298828 0.0810547 0.301563 0.0810547 0.303906 0.0791016 0.309766 0.0683594 0.310937 0.0625 0.310937 0.0566406 0.308984 0.0537109 0.304688 0.0507812
1 0.960547 0.509277 0.960547 0.514648 0.9625 0.52002 0.96875 0.526367 0.973828 0.528809 0.978125 0.528809 0.983203 0.526855 0.989844 0.525879 0.994141 0.523926 0.995703 0.521484 0.995703 0.518066 0.994531 0.513672 0.991016 0.509277 0.989062 0.508301 0.985938 0.507812 0.980078 0.509277 0.975 0.509277 0.969141 0.504883 0.965234 0.504395 0.962109 0.505859
1 0.417969 0.522461 0.417187 0.524414 0.417578 0.526855 0.421875 0.539062 0.423828 0.541504 0.434766 0.549316 0.441016 0.549805 0.444141 0.547852 0.445312 0.54541 0.444531 0.540039 0.440625 0.53418 0.435156 0.530762 0.426563 0.523438 0.420703 0.521484
1 0.265234 0.179199 0.267578 0.184082 0.272266 0.18457 0.280078 0.182617 0.287891 0.178711 0.291016 0.17627 0.292187 0.174316 0.292187 0.168945 0.290625 0.166504 0.288281 0.165527 0.271484 0.164551 0.268359 0.167969 0.265625 0.175781
1 0.286719 0.196777 0.286328 0.19873 0.287891 0.204102 0.290234 0.208496 0.292187 0.209961 0.301172 0.209961 0.303906 0.20752 0.305469 0.203613 0.305469 0.20166 0.303516 0.19873 0.298438 0.196289 0.294922 0.195312 0.290234 0.195312
1 0.291797 0.0864258 0.290625 0.090332 0.291016 0.0947266 0.287891 0.104492 0.287891 0.11084 0.290625 0.118652 0.292187 0.120605 0.296094 0.12207 0.298828 0.121094 0.299609 0.118652 0.299609 0.115723 0.302734 0.106445 0.301563 0.0917969 0.300781 0.0888672 0.298438 0.0869141
1 0.910156 0.553223 0.910156 0.556641 0.911328 0.561035 0.918359 0.569336 0.922266 0.576172 0.925781 0.579102 0.937109 0.582031 0.944141 0.582031 0.948047 0.580078 0.952734 0.575195 0.952734 0.572266 0.95 0.567871 0.947656 0.561035 0.944141 0.557129 0.939844 0.554199 0.923047 0.554199 0.914844 0.551758 0.911328 0.551758
1 0.509375 0.191895 0.506641 0.19043 0.496875 0.190918 0.49375 0.192871 0.491016 0.196289 0.488672 0.201172 0.486328 0.209473 0.483594 0.216309 0.483594 0.218262 0.485156 0.222168 0.486719 0.224121 0.489844 0.225586 0.494531 0.225586 0.505859 0.218262 0.510547 0.212891 0.513281 0.208496 0.513672 0.203125
1 0.747656 0.381836 0.745313 0.379395 0.741797 0.378418 0.738281 0.378418 0.733594 0.380371 0.723828 0.381348 0.717187 0.385742 0.712891 0.390137 0.711328 0.393555 0.711719 0.398926 0.712891 0.400391 0.716797 0.401855 0.721484 0.401367 0.728516 0.397949 0.737891 0.39502 0.740625 0.393555 0.747656 0.384766
1 0.217188 0.611816 0.216016 0.608887 0.213281 0.605957 0.209766 0.603516 0.208203 0.603516 0.195703 0.61084 0.189844 0.615234 0.185547 0.617188 0.183594 0.621094 0.183594 0.624512 0.184375 0.626953 0.189453 0.632812 0.192578 0.634277 0.198437 0.633789 0.205469 0.629395 0.217188 0.61377
1 0.493359 0.183594 0.490234 0.179199 0.487891 0.178223 0.485156 0.178223 0.476953 0.181641 0.466016 0.190918 0.4625 0.197754 0.462891 0.202637 0.465234 0.20459 0.469531 0.206055 0.475781 0.206055 0.478516 0.205078 0.486719 0.19873 0.49375 0.189941 0.494141 0.186523
1 0.536719 0.416016 0.535547 0.417969 0.533594 0.424805 0.533594 0.428711 0.534766 0.433105 0.543359 0.443359 0.548047 0.446777 0.550391 0.446289 0.551953 0.443848 0.552344 0.441895 0.550781 0.435547 0.547266 0.430176 0.541406 0.41748 0.537891 0.415527
1 0.976172 0.0854492 0.975391 0.0893555 0.975781 0.0917969 0.978125 0.0961914 0.981641 0.0991211 0.994922 0.0996094 0.998047 0.0976562 1 0.0976562 1 0.0805664 0.998437 0.0805664 0.995703 0.0786133 0.992969 0.078125 0.990625 0.0766602 0.988281 0.0766602 0.98125 0.0795898
1 0.149219 0.722168 0.146094 0.726562 0.144922 0.72998 0.147266 0.735352 0.154688 0.744141 0.161719 0.749023 0.164844 0.75 0.168359 0.749512 0.170703 0.748047 0.173047 0.745117 0.174219 0.741211 0.173828 0.735352 0.169922 0.725586 0.165625 0.720703 0.161719 0.718262 0.157031 0.717285
1 0.413281 0.187012 0.409766 0.185547 0.40625 0.185547 0.401562 0.1875 0.390625 0.20166 0.388672 0.207031 0.388672 0.216309 0.389453 0.22168 0.391406 0.225098 0.393359 0.225586 0.396094 0.222656 0.400391 0.212402 0.413281 0.198242 0.414844 0.193848 0.414453 0.189941
1 0.444141 0.259766 0.442578 0.259766 0.438672 0.262207 0.434766 0.266113 0.435156 0.283691 0.435937 0.285645 0.438672 0.288574 0.442188 0.289551 0.448828 0.286621 0.450391 0.284668 0.451562 0.280762 0.451953 0.270508 0.451172 0.266602 0.447656 0.261719
2 0.921875 0.994141 0.920312 0.991211 0.916016 0.986816 0.909766 0.985352 0.903516 0.98584 0.899219 0.987305 0.897266 0.98877 0.894922 0.991699 0.892578 0.996582 0.892188 1 0.921484 1
2 0.178125 0.86377 0.178125 0.871582 0.183203 0.87793 0.194922 0.884277 0.201172 0.891113 0.204687 0.890137 0.205469 0.88916 0.206641 0.885254 0.206641 0.881348 0.200391 0.870605 0.197656 0.867188 0.194141 0.864258 0.186328 0.860352 0.180859 0.86084
2 0.194531 0.934082 0.192188 0.934082 0.189844 0.935547 0.186719 0.943848 0.184766 0.952637 0.183203 0.955078 0.18125 0.96582 0.182031 0.971191 0.183594 0.973633 0.189453 0.973145 0.192188 0.969727 0.196094 0.959961 0.197656 0.953125 0.197656 0.944336 0.196094 0.936523
2 0.208203 0.480469 0.205078 0.481445 0.202344 0.486328 0.202344 0.491699 0.203516 0.496582 0.203516 0.501465 0.201172 0.508301 0.200781 0.51123 0.201563 0.514648 0.203906 0.51709 0.207813 0.518066 0.213672 0.518066 0.216797 0.516602 0.218359 0.514648 0.219531 0.509766 0.220703 0.499512 0.219531 0.495117 0.2125 0.487793 0.209766 0.481934
2 0.378516 0.849609 0.377344 0.852539 0.377734 0.859375 0.379688 0.868164 0.381641 0.871582 0.383594 0.873047 0.392969 0.873047 0.397266 0.871094 0.398438 0.868164 0.398438 0.865723 0.397266 0.862305 0.39375 0.856445 0.388672 0.850098 0.385547 0.848145 0.380078 0.848145
2 0.269922 0.163086 0.271094 0.165039 0.273438 0.166016 0.279687 0.166016 0.282422 0.16748 0.287891 0.166992 0.290625 0.167969 0.298047 0.160156 0.298438 0.155762 0.296875 0.152832 0.294922 0.151855 0.289453 0.151367 0.279297 0.148926 0.274609 0.152832 0.270313 0.157715
2 0.224609 0.313477 0.219922 0.314941 0.216016 0.319336 0.214844 0.322266 0.211719 0.337891 0.212109 0.344238 0.214844 0.347168 0.221094 0.348145 0.226172 0.34668 0.228125 0.344727 0.228516 0.339844 0.226953 0.331055 0.226953 0.318848 0.225781 0.314941
2 0.480273 0.879053 0.478906 0.875977 0.475 0.876953 0.469922 0.882324 0.464062 0.88623 0.4625 0.891113 0.464844 0.889697 0.466992 0.889111 0.474258 0.88623 0.477656 0.880859
2 0.335938 0.479004 0.333203 0.478516 0.330469 0.480469 0.325391 0.485352 0.322656 0.490723 0.321875 0.496582 0.319141 0.501465 0.31875 0.504883 0.319922 0.511719 0.321094 0.514648 0.322656 0.516113 0.326172 0.516602 0.330859 0.514648 0.334375 0.509766 0.335156 0.504883 0.336719 0.501465 0.339062 0.492676 0.339062 0.484375 0.3375 0.47998
2 0.221875 0.94873 0.219531 0.948242 0.2125 0.952637 0.204297 0.964355 0.203516 0.970215 0.204687 0.974121 0.208594 0.980469 0.2125 0.980957 0.218359 0.979004 0.220312 0.977539 0.222656 0.974609 0.226172 0.966797 0.227734 0.965332 0.227734 0.963379 0.225391 0.958984 0.224219 0.953125
2 0.562891 0.169922 0.559766 0.169434 0.557031 0.171387 0.555469 0.17334 0.551953 0.182617 0.546875 0.204102 0.546875 0.211914 0.548047 0.214844 0.550391 0.214844 0.554297 0.210938 0.557813 0.205078 0.560937 0.197266 0.564453 0.185547 0.565234 0.179688 0.565234 0.172363
2 0.244531 0.27002 0.240234 0.268066 0.232813 0.268555 0.227734 0.270996 0.223438 0.275391 0.223438 0.280273 0.226172 0.28418 0.231641 0.297363 0.233594 0.297852 0.237109 0.296387 0.241797 0.290527 0.248047 0.285645 0.249219 0.280762 0.246094 0.271973
2 0.197656 0.458496 0.194531 0.457031 0.192578 0.457031 0.188281 0.458984 0.183594 0.462402 0.182422 0.46582 0.182031 0.472656 0.182812 0.477051 0.185156 0.482422 0.189062 0.48291 0.194141 0.480469 0.197656 0.475586 0.199219 0.472168 0.2 0.468262 0.199609 0.461914
2 0.303125 0.104004 0.302344 0.10498 0.299219 0.115234 0.298828 0.120605 0.299609 0.122559 0.304297 0.126953 0.310937 0.136719 0.315625 0.137207 0.31875 0.135742 0.321094 0.129883 0.320703 0.120605 0.31875 0.114746 0.317188 0.112305 0.312109 0.108398 0.308203 0.104004
2 0.307031 0.26123 0.303516 0.263672 0.301172 0.267578 0.297266 0.285645 0.296875 0.291016 0.3 0.296387 0.303125 0.299805 0.30625 0.301758 0.310547 0.302246 0.313672 0.300293 0.315625 0.296875 0.315625 0.281738 0.316406 0.275391 0.316016 0.270996 0.313672 0.264648 0.310547 0.26123
2 0.188672 0.98291 0.188281 0.98877 0.190625 0.993652 0.191797 1 0.207422 1 0.207422 0.998047 0.205078 0.992676 0.196484 0.98291 0.19375 0.980957
2 0.449219 0.602539 0.447656 0.601562 0.444922 0.602539 0.441406 0.610352 0.436719 0.616211 0.435156 0.617188 0.429688 0.624512 0.427344 0.626465 0.426172 0.630371 0.426172 0.633301 0.428125 0.63623 0.430859 0.637695 0.435937 0.637207 0.444141 0.632324 0.448437 0.628418 0.452344 0.618164 0.452344 0.611328 0.451172 0.606445
2 0.578906 0.275879 0.576953 0.277344 0.574609 0.28125 0.573047 0.291992 0.573438 0.299805 0.575 0.303223 0.579297 0.308594 0.582812 0.311523 0.585938 0.311523 0.588281 0.30957 0.588672 0.304199 0.586719 0.300293 0.585547 0.293457 0.585547 0.279785 0.582812 0.276367
2 0.162109 0.696777 0.157812 0.695801 0.152344 0.699219 0.146094 0.701172 0.14375 0.706055 0.14375 0.71582 0.144922 0.717285 0.147656 0.718262 0.151562 0.718262 0.155078 0.717285 0.157031 0.714844 0.160156 0.706055 0.1625 0.702148
0 0.806641 0.711426 0.804688 0.70752 0.798828 0.700684 0.794922 0.698242 0.789844 0.697754 0.779687 0.69873 0.776953 0.700684 0.770703 0.708984 0.76875 0.717285 0.767188 0.720703 0.767188 0.725586 0.770703 0.729004 0.778906 0.72998 0.785937 0.731934 0.795703 0.731934 0.805078 0.729004 0.806641 0.727051 0.807031 0.725098 0.80625 0.721191 0.807031 0.716309
0 0.310937 0.603516 0.310937 0.60791 0.315234 0.612305 0.317578 0.621094 0.321484 0.626953 0.325391 0.630859 0.330469 0.631836 0.338281 0.628418 0.341797 0.623535 0.342578 0.618164 0.341406 0.612305 0.339453 0.606934 0.335938 0.602539 0.330078 0.598145 0.325781 0.596191 0.321484 0.596191 0.316016 0.602051
