2 0.258984 0.883789 0.257422 0.885742 0.256641 0.88916 0.256641 0.892578 0.261719 0.900879 0.264844 0.90332 0.26875 0.908203 0.273828 0.921387 0.274609 0.922363 0.278906 0.921875 0.280078 0.92041 0.28125 0.916016 0.281641 0.909668 0.280469 0.901855 0.278516 0.896484 0.274219 0.891113 0.271094 0.885742 0.266797 0.884766 0.263672 0.882812
1 0.300391 0.422852 0.299219 0.421387 0.291406 0.416504 0.286719 0.41748 0.283594 0.419434 0.280078 0.423828 0.278906 0.424316 0.273438 0.431152 0.270703 0.436035 0.270703 0.44043 0.274219 0.450684 0.275 0.45166 0.282422 0.453613 0.2875 0.45166 0.296875 0.438965 0.3 0.431152
1 0.184766 0.134277 0.183594 0.137695 0.183594 0.140137 0.187109 0.145508 0.188672 0.149414 0.192578 0.154297 0.195703 0.15625 0.198828 0.159668 0.205469 0.163086 0.213281 0.163086 0.217188 0.162109 0.220703 0.160156 0.221875 0.158691 0.222266 0.149902 0.221094 0.143066 0.217578 0.138672 0.205859 0.129883 0.201563 0.12793 0.197656 0.12793 0.194141 0.129395 0.191016 0.131836 0.187109 0.132812
1 0.146875 0.10791 0.145313 0.10791 0.142969 0.110352 0.139844 0.117676 0.137109 0.121094 0.135547 0.125 0.136328 0.144043 0.137891 0.150879 0.139453 0.154297 0.140234 0.160156 0.141797 0.162598 0.14375 0.162598 0.146094 0.161133 0.148828 0.155762 0.153516 0.149902 0.156641 0.13916 0.156641 0.131836 0.155078 0.124023 0.152734 0.119629 0.151172 0.114258
1 0.138281 0.491211 0.132812 0.491211 0.128906 0.492188 0.126953 0.493652 0.125391 0.499023 0.126172 0.511719 0.125 0.515625 0.125 0.524902 0.126562 0.531738 0.127734 0.53418 0.128125 0.538574 0.13125 0.548828 0.134375 0.551758 0.139063 0.550293 0.140625 0.54834 0.143359 0.538086 0.144141 0.531738 0.14375 0.525391 0.142578 0.520508 0.136719 0.510742 0.1375 0.507324 0.140625 0.501465 0.140625 0.495605
2 0.842578 0.842773 0.837109 0.842773 0.834766 0.84375 0.833594 0.845215 0.828906 0.856934 0.828125 0.860352 0.828125 0.88623 0.829297 0.889648 0.830859 0.891602 0.832812 0.892578 0.835156 0.892578 0.839453 0.890137 0.841016 0.888184 0.842578 0.882812 0.842578 0.876953 0.845313 0.867676 0.845703 0.851074 0.845313 0.845703 0.844141 0.84375
2 0.0992187 0.467285 0.0976562 0.472656 0.0976562 0.481445 0.0996094 0.484375 0.104297 0.484375 0.10625 0.481934 0.105859 0.476074 0.104688 0.47168 0.103125 0.46875 0.100781 0.467285
2 0.307812 0.67041 0.307812 0.67627 0.311719 0.682617 0.314844 0.68457 0.316406 0.6875 0.321875 0.694336 0.333203 0.699707 0.338672 0.699219 0.341797 0.696777 0.341797 0.695312 0.338672 0.69043 0.335547 0.689453 0.328516 0.684082 0.326562 0.681641 0.323047 0.679199 0.315625 0.669922 0.314063 0.668945 0.309766 0.668457
1 0.517188 0.416504 0.517188 0.418945 0.519141 0.422363 0.521875 0.425781 0.526953 0.429688 0.536328 0.434082 0.540234 0.43457 0.546484 0.433105 0.547656 0.431641 0.547656 0.427246 0.541016 0.417969 0.537891 0.416016 0.53125 0.415039 0.519922 0.415039
1 0.858984 0.430176 0.857031 0.431152 0.855859 0.435547 0.855859 0.456543 0.857031 0.460938 0.859766 0.466797 0.860938 0.472656 0.864453 0.478027 0.866406 0.478027 0.869922 0.476074 0.871875 0.472168 0.871875 0.456543 0.872656 0.446289 0.871484 0.441406 0.869141 0.4375 0.862109 0.430664
1 0.2125 0.166504 0.212109 0.169434 0.216016 0.182617 0.217188 0.189941 0.220703 0.188965 0.224609 0.189453 0.228125 0.192383 0.229687 0.196289 0.232031 0.196777 0.235156 0.199219 0.239844 0.199219 0.239844 0.195801 0.237891 0.188477 0.236719 0.186523 0.235156 0.185547 0.233594 0.183105 0.23125 0.181641 0.217188 0.166504 0.213281 0.165527
1 0.251172 0 0.251172 0.00195312 0.248828 0.0078125 0.248828 0.0141602 0.249609 0.0175781 0.251563 0.0224609 0.253516 0.0244141 0.258594 0.0244141 0.260547 0.0214844 0.261328 0.0146484 0.263281 0.00830078 0.263281 0
1 0.516016 0.98584 0.515625 0.990723 0.519141 1 0.539844 1 0.539453 0.997559 0.533594 0.990723 0.526172 0.984863 0.522266 0.983398 0.519141 0.983398 0.516797 0.984375
1 0.286719 0.234863 0.285547 0.236816 0.285938 0.243164 0.289453 0.250488 0.291016 0.256348 0.294531 0.264648 0.298047 0.268555 0.305078 0.271973 0.314063 0.271973 0.315234 0.270508 0.315234 0.266602 0.308594 0.26123 0.304688 0.254883 0.301953 0.24707 0.299609 0.242676 0.295703 0.237793 0.290625 0.234863
1 0.447266 0.950684 0.444531 0.948242 0.427734 0.948242 0.423047 0.950195 0.41875 0.95459 0.417187 0.958008 0.413672 0.962402 0.411328 0.969727 0.410938 0.974121 0.413281 0.975586 0.418359 0.975586 0.424219 0.973633 0.436719 0.962891 0.445703 0.958984 0.447656 0.956055
1 0.848437 0.889648 0.848437 0.893066 0.849609 0.896973 0.853516 0.900879 0.867578 0.902344 0.870313 0.901367 0.876563 0.895996 0.876172 0.891602 0.875 0.890137 0.866797 0.885254 0.858594 0.882324 0.852344 0.883789 0.85 0.885742
1 0.396875 0.942871 0.394531 0.945801 0.393359 0.949707 0.39375 0.959961 0.394531 0.964844 0.398047 0.976562 0.399609 0.979004 0.400781 0.979492 0.411328 0.971191 0.412891 0.966309 0.412891 0.958496 0.411719 0.949707 0.408984 0.945312 0.403516 0.942871
1 0.541406 0.905273 0.538281 0.902344 0.535547 0.902344 0.529687 0.904785 0.524609 0.908203 0.519531 0.913086 0.513672 0.916504 0.511328 0.919434 0.510938 0.921875 0.512109 0.926758 0.513672 0.928711 0.51875 0.928711 0.525 0.924805 0.532813 0.921387 0.536328 0.916992 0.539844 0.910645
1 0.196875 0.863281 0.19375 0.86377 0.192969 0.864746 0.191797 0.870117 0.187109 0.881348 0.182812 0.886719 0.182031 0.890625 0.182422 0.898438 0.183984 0.904297 0.185938 0.90625 0.191016 0.90625 0.194531 0.904785 0.198437 0.904785 0.204297 0.90332 0.208203 0.900391 0.209375 0.896484 0.209766 0.890625 0.208594 0.886719 0.205859 0.884766 0.199609 0.883301 0.197266 0.880859 0.196875 0.874512 0.197656 0.865723
1 0.328906 0.716797 0.330078 0.720215 0.335156 0.720215 0.336719 0.719238 0.347266 0.719238 0.355078 0.716797 0.357422 0.715332 0.358984 0.710938 0.35625 0.705078 0.355469 0.701172 0.354297 0.699707 0.349219 0.698242 0.346094 0.69873 0.340625 0.697754 0.334375 0.700684 0.332813 0.702148 0.330469 0.708984
1 0.853516 0.322266 0.851562 0.324707 0.851172 0.331543 0.849609 0.340332 0.849609 0.34668 0.850391 0.349609 0.855469 0.360352 0.857422 0.362305 0.860938 0.362305 0.862109 0.361328 0.862891 0.358398 0.863672 0.351074 0.863672 0.34375 0.8625 0.339355 0.861719 0.327637 0.860156 0.32373 0.857422 0.322266
1 0.255078 0.811523 0.253906 0.812988 0.250391 0.821777 0.251172 0.837402 0.253125 0.845215 0.258203 0.852539 0.267188 0.858887 0.273438 0.86084 0.276172 0.86084 0.279687 0.85791 0.279687 0.855957 0.277734 0.851074 0.278125 0.839355 0.276562 0.831543 0.272266 0.819824 0.269922 0.816406 0.264844 0.8125 0.260547 0.811035
1 0.594922 0.715332 0.594922 0.721191 0.597266 0.726074 0.598437 0.727539 0.607422 0.732422 0.619531 0.736816 0.623437 0.736816 0.626953 0.735352 0.629297 0.730957 0.628516 0.725098 0.626563 0.722168 0.623828 0.720215 0.611328 0.71582 0.600391 0.713379 0.597266 0.713867
1 0.301953 0.677734 0.299609 0.680664 0.297656 0.686523 0.298047 0.692383 0.301172 0.700195 0.303125 0.702637 0.308203 0.706055 0.312109 0.70752 0.316797 0.707031 0.317578 0.706055 0.317578 0.70166 0.312109 0.691406 0.309766 0.679688 0.306641 0.67627
1 0.272656 0.398926 0.271875 0.401367 0.272266 0.405762 0.273047 0.407715 0.277734 0.413086 0.285938 0.41748 0.290234 0.416992 0.292578 0.415039 0.292578 0.412109 0.288281 0.406738 0.285156 0.400391 0.282813 0.397461 0.280469 0.396484 0.275391 0.396484
1 0.455078 0.0859375 0.453516 0.0844727 0.451172 0.0844727 0.447656 0.0874023 0.441016 0.0874023 0.437109 0.0864258 0.428125 0.0869141 0.423047 0.0893555 0.421484 0.0917969 0.421094 0.0952148 0.423438 0.0981445 0.430078 0.101074 0.439453 0.103027 0.447266 0.103027 0.451172 0.101074 0.454688 0.0961914
1 0.378516 0.544922 0.377734 0.547363 0.377734 0.55127 0.378906 0.557617 0.380469 0.5625 0.385156 0.569824 0.389062 0.573242 0.392578 0.575195 0.399609 0.576172 0.403906 0.578613 0.407813 0.578613 0.408594 0.577637 0.408594 0.572754 0.401172 0.562988 0.39375 0.556641 0.381641 0.543457 0.380078 0.543457
1 0.899609 0.320312 0.896484 0.321289 0.889453 0.32666 0.887891 0.328613 0.8875 0.33252 0.888672 0.336914 0.896094 0.347168 0.900781 0.348633 0.909766 0.344727 0.913281 0.339844 0.914062 0.334473 0.910937 0.328613 0.907813 0.324707 0.904297 0.322266
1 0.942969 0.352051 0.940234 0.349609 0.935156 0.350098 0.930859 0.352051 0.922266 0.362305 0.919141 0.364258 0.917188 0.367188 0.916797 0.369629 0.91875 0.373047 0.923438 0.376465 0.927734 0.375977 0.929297 0.375 0.939844 0.363281 0.943359 0.355469
1 0.228906 0.496582 0.224219 0.496094 0.222266 0.498047 0.221094 0.504883 0.219141 0.510742 0.218359 0.53125 0.220703 0.53418 0.224609 0.533203 0.228516 0.529785 0.230078 0.524902 0.233203 0.520996 0.235547 0.514648 0.237891 0.51123 0.239063 0.505859 0.2375 0.502441 0.234375 0.499512
1 0.905469 0.375977 0.902344 0.373535 0.899219 0.373047 0.895703 0.374023 0.891406 0.377441 0.889453 0.380371 0.882031 0.388184 0.875781 0.397461 0.876172 0.404297 0.880469 0.408691 0.885547 0.408691 0.896484 0.401855 0.901172 0.39502 0.905469 0.385742 0.906641 0.379395
1 0.619141 0.0703125 0.615625 0.0683594 0.611719 0.0639648 0.607031 0.0639648 0.604297 0.0649414 0.598437 0.0693359 0.591016 0.078125 0.586719 0.0864258 0.585547 0.0908203 0.585156 0.0961914 0.585547 0.100098 0.5875 0.104492 0.591797 0.108887 0.598047 0.111328 0.601953 0.111328 0.604297 0.110352 0.611719 0.103516 0.614844 0.0996094 0.616797 0.0947266 0.619922 0.0898438 0.621484 0.0854492 0.621484 0.074707
1 0.473047 0.244629 0.470703 0.246582 0.46875 0.255371 0.464844 0.26123 0.463672 0.264648 0.463672 0.26709 0.465625 0.270996 0.467187 0.272461 0.476172 0.275879 0.479297 0.275879 0.486328 0.26709 0.486719 0.255859 0.485938 0.251953 0.482812 0.249023 0.477344 0.245117
1 0.303125 0.865723 0.294531 0.862793 0.290625 0.863281 0.286719 0.865234 0.274609 0.879395 0.272266 0.885742 0.273438 0.890137 0.275 0.89209 0.279297 0.894043 0.282813 0.897949 0.2875 0.897949 0.289062 0.896973 0.295312 0.890625 0.3 0.882812 0.303516 0.873047 0.303906 0.867188
1 0.189062 0.046875 0.183984 0.0527344 0.182031 0.0566406 0.18125 0.0610352 0.182031 0.0698242 0.184766 0.0766602 0.189844 0.0830078 0.19375 0.0864258 0.197266 0.0864258 0.198047 0.0854492 0.198437 0.0825195 0.197656 0.0703125 0.194531 0.0615234 0.193359 0.0507812 0.191406 0.0478516
1 0.217188 0.190918 0.217188 0.193848 0.222266 0.204102 0.226172 0.209473 0.23125 0.214355 0.233203 0.215332 0.240625 0.215332 0.243359 0.217773 0.247266 0.217773 0.248438 0.216797 0.248438 0.211914 0.239844 0.199707 0.237891 0.19873 0.236328 0.196777 0.235937 0.195312 0.23125 0.195312 0.228125 0.194336 0.224609 0.190918 0.221094 0.188965 0.218359 0.189453
2 0.579688 0.185547 0.575391 0.186035 0.568359 0.191895 0.564844 0.197754 0.560937 0.208496 0.560156 0.214355 0.561328 0.22168 0.562891 0.225098 0.567187 0.229492 0.572656 0.230469 0.575781 0.226562 0.578906 0.197266 0.580859 0.189941 0.580859 0.187012
2 0.684766 0.335938 0.681641 0.338867 0.680078 0.343262 0.680078 0.346191 0.680859 0.350586 0.683984 0.358887 0.683984 0.368652 0.683203 0.37207 0.683594 0.37793 0.685156 0.380371 0.688672 0.379883 0.689844 0.378418 0.691406 0.374023 0.692578 0.364746 0.69375 0.36084 0.69375 0.353516 0.688672 0.339844 0.686719 0.336426
2 0.796094 0.0576172 0.79375 0.059082 0.791797 0.0654297 0.790234 0.0727539 0.790234 0.0786133 0.791016 0.0805664 0.794922 0.0810547 0.796484 0.0800781 0.799219 0.0761719 0.799219 0.0605469 0.798047 0.0585938
2 0.895703 0.42627 0.891797 0.429688 0.888281 0.437012 0.8875 0.441406 0.8875 0.450195 0.889844 0.456543 0.894141 0.462402 0.896094 0.466797 0.900391 0.467285 0.903516 0.461914 0.903906 0.455566 0.900391 0.446777 0.900781 0.441406 0.902734 0.436035 0.903516 0.431152 0.901953 0.427734 0.898438 0.42627
2 0.716406 0.297363 0.7125 0.297852 0.710547 0.30127 0.708984 0.305664 0.708203 0.312988 0.708594 0.315918 0.709375 0.316406 0.713672 0.315918 0.715234 0.3125 0.717187 0.303223 0.717187 0.298828
2 0.541406 0.755859 0.537891 0.755859 0.536328 0.756836 0.532422 0.765137 0.519531 0.780762 0.51875 0.782715 0.51875 0.785156 0.519922 0.786621 0.521875 0.787598 0.525 0.791016 0.529297 0.791016 0.534766 0.784668 0.538281 0.777344 0.54375 0.769531 0.545312 0.765625 0.545312 0.762695 0.544141 0.759766
2 0.157422 0.496094 0.157422 0.501953 0.163281 0.51123 0.176172 0.516113 0.18125 0.516602 0.183203 0.515137 0.183984 0.512207 0.183984 0.508789 0.182812 0.505859 0.182422 0.499512 0.178516 0.494629 0.174219 0.493164 0.168359 0.492676 0.1625 0.493652
2 0.232422 0.8125 0.230859 0.80957 0.228516 0.807129 0.226172 0.806152 0.223438 0.806152 0.217188 0.809082 0.208203 0.810059 0.203516 0.814453 0.202344 0.816895 0.202344 0.819336 0.203125 0.821289 0.207422 0.825684 0.210547 0.827148 0.214453 0.827148 0.224219 0.82373 0.228906 0.820801 0.231641 0.817383
2 0.475 0.59375 0.473047 0.601562 0.473047 0.603516 0.474609 0.606445 0.484375 0.61084 0.494531 0.619629 0.502734 0.620117 0.505469 0.618652 0.505469 0.616211 0.502734 0.609863 0.498437 0.603516 0.489844 0.593262 0.485156 0.59082 0.479687 0.59082 0.476562 0.591797
2 0.344922 0.861328 0.345313 0.866211 0.346094 0.868164 0.350391 0.873047 0.356641 0.876465 0.365625 0.878906 0.369141 0.876953 0.372266 0.87207 0.372266 0.866211 0.369531 0.862793 0.365625 0.86084 0.362109 0.860352 0.355469 0.85791 0.349609 0.85791 0.346094 0.859863
0 0.614844 0.270508 0.607812 0.262695 0.603516 0.260254 0.596094 0.26123 0.591016 0.264648 0.586719 0.270508 0.580859 0.28125 0.580859 0.287109 0.582031 0.290527 0.582031 0.300781 0.591016 0.305176 0.595703 0.305176 0.599609 0.303223 0.603125 0.300293 0.614453 0.284668 0.616016 0.278809 0.616016 0.273926
