1 0.11448 0.181729 0.116051 0.188955 0.117207 0.192466 0.118449 0.194121 0.120078 0.197021 0.121094 0.200537 0.123672 0.20415 0.126055 0.206006 0.131172 0.208594 0.135234 0.21084 0.138359 0.212402 0.140426 0.213433 0.14216 0.213228 0.14216 0.211367 0.140012 0.207959 0.137187 0.203125 0.13332 0.196187 0.13266 0.195566 0.127949 0.190195 0.123488 0.186064 0.119273 0.183276 0.116465 0.180903 0.114977 0.180283
1 0.0606953 0.34666 0.0563281 0.352832 0.0534375 0.359766 0.0516094 0.366279 0.0517734 0.372168 0.0540039 0.377124 0.0559063 0.378052 0.0596211 0.375264 0.0615234 0.372065 0.0638359 0.368037 0.0638359 0.365659 0.06425 0.362769 0.0656523 0.359673 0.0663164 0.35709 0.0664805 0.352236 0.0663984 0.348931 0.0646641 0.345625 0.0633398 0.343765 0.0621016 0.3448
1 0.0435117 0.316294 0.0395469 0.320015 0.0364883 0.328896 0.0358281 0.333027 0.0358281 0.337568 0.0358281 0.343145 0.0380586 0.344282 0.0407031 0.342524 0.044832 0.337568 0.0475586 0.331992 0.0506172 0.325591 0.0521094 0.321143 0.0535156 0.316309 0.0504687 0.314111 0.0455781 0.314434
1 0.088207 0.280562 0.0861445 0.286343 0.0851523 0.292437 0.0853164 0.299771 0.0879609 0.308965 0.0905234 0.313096 0.0937461 0.316191 0.0944883 0.314644 0.0948203 0.310098 0.0952305 0.300186 0.0953125 0.292544 0.0941562 0.286343 0.0941562 0.280874 0.093332 0.276738 0.0917617 0.276226 0.0902734 0.277051 0.0888711 0.278804
1 0.101523 0.271777 0.0988672 0.275293 0.0953125 0.279639 0.0944141 0.284082 0.0944141 0.289746 0.0954688 0.294824 0.0991992 0.299048 0.101594 0.298428 0.103672 0.292871 0.10523 0.290166 0.107293 0.28707 0.108945 0.283662 0.109691 0.279116 0.110102 0.27478 0.108945 0.27002 0.107539 0.267236 0.105395 0.265586 0.103742 0.266001 0.10209 0.268687
1 0.118035 0.235122 0.114895 0.240078 0.113738 0.246069 0.113492 0.251851 0.114977 0.257427 0.117043 0.261455 0.117871 0.265381 0.118613 0.267964 0.121008 0.269717 0.123406 0.268169 0.124645 0.265796 0.124891 0.259702 0.124891 0.255571 0.124066 0.249785 0.122992 0.242969 0.122992 0.240078 0.122992 0.233779 0.123652 0.230269 0.124313 0.22686 0.121754 0.228613 0.119355 0.232744
1 0.139336 0.267773 0.136543 0.269409 0.131586 0.272607 0.131008 0.277568 0.13307 0.281904 0.138277 0.283452 0.14059 0.283452 0.142984 0.280767 0.145961 0.278188 0.148355 0.277153 0.150918 0.273438 0.15168 0.269287 0.151016 0.266113 0.14875 0.26499 0.144375 0.265918 0.140754 0.266206
1 0.145711 0.283042 0.150176 0.288101 0.152816 0.292334 0.156367 0.293896 0.160078 0.292334 0.163398 0.290771 0.166445 0.289355 0.167266 0.285498 0.165293 0.282212 0.162402 0.280254 0.15827 0.280146 0.152406 0.279321 0.148355 0.279424 0.146125 0.280254 0.145383 0.281802
1 0.000234375 0.236943 0.00285156 0.240962 0.00356641 0.245869 0.00582422 0.250029 0.00891797 0.254644 0.0109375 0.256885 0.0112969 0.259697 0.0102344 0.263135 0.00820703 0.263564 0.00439844 0.261782 0.0011875 0.259697 0 0.258955 0 0.242251
1 0 0.219399 0.00308984 0.21999 0.00594531 0.222368 0.00832422 0.225347 0.0108242 0.2304 0.0124883 0.233228 0.0146289 0.237095 0.0166523 0.24334 0.0166523 0.24542 0.0156992 0.246611 0.0142734 0.246611 0.0126094 0.244824 0.0107031 0.242446 0.00784766 0.241553 0.004875 0.239619 0.000710937 0.23501 0 0.233945
1 0.000113281 0.180137 0.00570703 0.180137 0.0126094 0.181621 0.0149883 0.183853 0.0177227 0.187573 0.0198633 0.1898 0.0216484 0.192778 0.022125 0.193667 0.0174844 0.193521 0.0161758 0.194263 0.0135586 0.195005 0.0115352 0.195156 0.00737109 0.195454 0.00106641 0.193369 0 0.19248 0 0.181763
1 0.0568672 0.16125 0.0530586 0.167939 0.0515117 0.173442 0.0510352 0.180879 0.0510352 0.190991 0.0511563 0.194263 0.0521055 0.195005 0.0540117 0.193667 0.0556758 0.18772 0.0586484 0.181177 0.0600781 0.176416 0.0622188 0.172402 0.0653125 0.167197 0.0670977 0.166304 0.0691211 0.162734 0.0676914 0.158569 0.0654297 0.156343 0.0612656 0.156489 0.0584102 0.159316
1 0.0612656 0.176865 0.0634102 0.18311 0.0665039 0.187573 0.0697148 0.190693 0.0736406 0.191587 0.0767344 0.192778 0.079707 0.195752 0.0836328 0.195454 0.0838711 0.193965 0.0831602 0.190098 0.0816133 0.186826 0.0782812 0.182812 0.0743555 0.181025 0.0705469 0.178223 0.0679297 0.175537 0.0648047 0.172656 0.0632422 0.17251 0.0618633 0.174336
1 0.0427422 0.204316 0.0415664 0.209521 0.0410781 0.218296 0.0422812 0.223647 0.0446484 0.22811 0.0465508 0.230195 0.05025 0.231978 0.0530937 0.231978 0.0530937 0.228408 0.0532148 0.223057 0.0532148 0.217998 0.0530937 0.213389 0.0514414 0.209077 0.0504766 0.205806 0.0490508 0.202827 0.0469062 0.201641 0.0445273 0.201641
1 0.111234 0.130698 0.115117 0.124917 0.118176 0.121816 0.12 0.120459 0.122617 0.121289 0.125445 0.123369 0.12832 0.123682 0.131133 0.122021 0.133203 0.120068 0.135937 0.119629 0.138254 0.118823 0.13941 0.120063 0.138996 0.122954 0.137426 0.125435 0.135527 0.128013 0.132223 0.133281 0.130078 0.136084 0.1275 0.137207 0.123281 0.136475 0.120242 0.133696 0.117598 0.132661 0.114043 0.133696 0.111234 0.133179 0.110738 0.132144
1 0.123695 0.0284326 0.121 0.0309424 0.118992 0.0345264 0.117672 0.0382568 0.116926 0.0416992 0.116582 0.0438525 0.117156 0.0457129 0.118703 0.0449268 0.120539 0.044209 0.122375 0.0452832 0.124156 0.0453564 0.12691 0.044209 0.128688 0.0413379 0.130926 0.0381152 0.132992 0.0353174 0.135227 0.0328076 0.13707 0.0288086 0.136719 0.0253467 0.134367 0.0239111 0.132934 0.024126 0.130465 0.0254883 0.126852 0.0259912 0.125762 0.026709
1 0.167426 0.159023 0.166453 0.165552 0.166223 0.168921 0.166164 0.172148 0.165992 0.175161 0.168117 0.179321 0.168977 0.180972 0.17127 0.186777 0.172016 0.188428 0.173336 0.192515 0.175117 0.194165 0.180051 0.192231 0.182 0.189004 0.182 0.18606 0.180738 0.182402 0.179359 0.178389 0.178559 0.175229 0.17741 0.171431 0.176207 0.168921 0.174715 0.165693 0.174254 0.162466 0.173395 0.158452 0.172535 0.156011 0.170984 0.154863 0.169035 0.155654 0.167828 0.157373
1 0.181211 0.167139 0.182859 0.16519 0.185215 0.16519 0.186477 0.166265 0.188023 0.166411 0.189113 0.16519 0.191984 0.164976 0.194395 0.166265 0.196918 0.1677 0.198984 0.170142 0.1995 0.171646 0.199687 0.17373 0.197617 0.17666 0.194336 0.178027 0.190605 0.178745 0.187395 0.179106 0.183672 0.17876 0.181367 0.176758 0.180273 0.174219 0.179359 0.171431 0.179934 0.168345
1 0.191984 0.223354 0.188715 0.225576 0.186879 0.226367 0.183953 0.228159 0.181941 0.230171 0.181141 0.23189 0.180164 0.235688 0.179879 0.23813 0.179133 0.239634 0.177871 0.242075 0.177641 0.243364 0.177871 0.245659 0.178961 0.247383 0.179992 0.248027 0.181598 0.24896 0.183953 0.247812 0.187449 0.244155 0.19273 0.237983 0.195426 0.233394 0.196918 0.230454 0.199156 0.227588 0.200074 0.224072 0.199672 0.221274 0.198813 0.2202 0.197375 0.220127 0.195078 0.221826 0.193477 0.222637
1 0.209023 0.200488 0.207891 0.202002 0.205078 0.204687 0.203125 0.207129 0.203 0.210161 0.204547 0.211089 0.205508 0.211719 0.207227 0.213184 0.209727 0.214844 0.212641 0.21647 0.214875 0.216831 0.219637 0.215825 0.221992 0.213604 0.222578 0.211035 0.222148 0.208008 0.219453 0.205225 0.216836 0.202539 0.214531 0.200781 0.212539 0.199707 0.210172 0.199546
1 0.257266 0.212158 0.257508 0.216611 0.258023 0.220557 0.25957 0.224414 0.261875 0.225781 0.265422 0.227085 0.267188 0.229004 0.269324 0.229307 0.271094 0.227002 0.274766 0.225732 0.276836 0.224219 0.277188 0.221289 0.276094 0.217046 0.275004 0.214463 0.27332 0.213086 0.270934 0.212671 0.26898 0.212812 0.267305 0.211865 0.265234 0.210449 0.263086 0.209326 0.261121 0.209082 0.259398 0.209585 0.257578 0.210791
1 0.223594 0.11248 0.226734 0.11248 0.228891 0.111426 0.231937 0.109844 0.235922 0.109316 0.239438 0.109316 0.241547 0.109375 0.243187 0.108784 0.245109 0.107852 0.246234 0.108784 0.246328 0.110195 0.246328 0.11207 0.244453 0.115527 0.241594 0.118921 0.238691 0.12144 0.234281 0.123433 0.229641 0.123433 0.226875 0.12168 0.224391 0.11957 0.22275 0.11793 0.221391 0.116401 0.221156 0.113179 0.222285 0.112246
1 0.271973 0.118862 0.267754 0.119331 0.263863 0.119097 0.261191 0.118276 0.259879 0.117983 0.258473 0.117925 0.255988 0.118042 0.25191 0.119155 0.250129 0.119741 0.250129 0.121558 0.251395 0.123257 0.254348 0.125835 0.262223 0.128999 0.266113 0.129702 0.26991 0.130054 0.272863 0.129116 0.277082 0.125542 0.279004 0.122554 0.278816 0.119976 0.274973 0.118569
1 0.249473 0.131987 0.251441 0.135327 0.254395 0.138843 0.260348 0.142769 0.263582 0.143354 0.267332 0.142007 0.271598 0.139604 0.27591 0.136792 0.280176 0.135854 0.283973 0.135737 0.286504 0.136089 0.285895 0.133804 0.284441 0.131987 0.281441 0.131343 0.276848 0.131694 0.27052 0.13228 0.267473 0.13105 0.263348 0.128823 0.261379 0.128003 0.258238 0.126772 0.25191 0.123843 0.249801 0.122671 0.248957 0.122144 0.24802 0.123022 0.247363 0.125835 0.247879 0.128823
1 0.289805 0.0800586 0.286148 0.0842041 0.284516 0.0886328 0.283336 0.0944727 0.282941 0.0983398 0.282941 0.101992 0.283008 0.105664 0.283906 0.107129 0.28457 0.108594 0.284727 0.109863 0.284516 0.112402 0.284516 0.116196 0.286203 0.116479 0.288566 0.11437 0.290367 0.112051 0.291719 0.108394 0.292563 0.10354 0.293125 0.0988281 0.293516 0.0948242 0.293797 0.0912354 0.294867 0.0887061 0.295992 0.0854687 0.296836 0.0825195 0.295711 0.0798438 0.294078 0.0786523 0.291719 0.0786523
2 0.275574 0.101782 0.276418 0.108604 0.277148 0.111064 0.278047 0.113594 0.278387 0.116406 0.278555 0.118799 0.278105 0.122314 0.277262 0.125337 0.276359 0.127656 0.276586 0.129766 0.277203 0.131665 0.279344 0.13251 0.281703 0.1304 0.283336 0.127588 0.284855 0.120415 0.28525 0.114863 0.285023 0.110571 0.282043 0.103965 0.28075 0.100801 0.279398 0.0986182 0.277992 0.0973535 0.276418 0.0972852 0.275574 0.098125 0.275461 0.0997461
1 0.303363 0.096792 0.302969 0.0976367 0.302293 0.0995313 0.30218 0.102695 0.30173 0.105723 0.301336 0.108672 0.300719 0.110996 0.300324 0.114932 0.300273 0.11875 0.302227 0.121729 0.305234 0.123438 0.308359 0.123389 0.310469 0.120117 0.310844 0.115566 0.312645 0.110293 0.312656 0.106934 0.310898 0.104541 0.309156 0.102559 0.308199 0.0996045 0.308199 0.0962305 0.308648 0.0932031 0.306793 0.0923633 0.305781 0.0925732 0.30398 0.0948242
1 0.295348 0.153608 0.291973 0.155776 0.289629 0.158706 0.28691 0.159819 0.285082 0.160054 0.283301 0.162397 0.282738 0.165093 0.284098 0.166616 0.287379 0.168257 0.29066 0.168901 0.293426 0.16855 0.296754 0.166265 0.300352 0.163965 0.303594 0.163281 0.306598 0.162866 0.310629 0.162515 0.313066 0.160933 0.313301 0.158882 0.311801 0.156597 0.307535 0.155776 0.304488 0.153784 0.300879 0.152144 0.299238 0.152144 0.296801 0.152437
1 0.332098 0.152144 0.333129 0.155952 0.335238 0.161519 0.33777 0.165151 0.340535 0.167202 0.343723 0.168022 0.345316 0.169897 0.347332 0.172534 0.349488 0.175054 0.35202 0.17564 0.35427 0.175757 0.355395 0.174995 0.355582 0.173237 0.355207 0.171187 0.35366 0.168843 0.352629 0.166909 0.351551 0.16269 0.350238 0.160054 0.348129 0.158589 0.345316 0.156655 0.342504 0.154194 0.340066 0.151675 0.338941 0.148628 0.338941 0.144526 0.337816 0.143413 0.336176 0.142358 0.334723 0.142358 0.333832 0.143647 0.332707 0.146694 0.332426 0.149038
1 0.324973 0.190405 0.317895 0.192104 0.313535 0.194741 0.311473 0.196147 0.308566 0.198198 0.30791 0.199253 0.307676 0.200718 0.308285 0.202183 0.310469 0.203564 0.316055 0.204785 0.319453 0.205322 0.323191 0.204526 0.327082 0.202651 0.330176 0.200366 0.334629 0.198608 0.338613 0.197378 0.341426 0.197026 0.343066 0.195151 0.342035 0.193511 0.337582 0.190464 0.335145 0.190112 0.33116 0.189878 0.327645 0.189878
1 0.387129 0.162651 0.387035 0.164932 0.387879 0.166748 0.388676 0.168389 0.389051 0.169912 0.388629 0.172139 0.387973 0.174189 0.38741 0.176943 0.387738 0.180928 0.389145 0.182979 0.390551 0.185029 0.391629 0.187432 0.393691 0.1896 0.395801 0.190596 0.39702 0.190127 0.396879 0.188135 0.397113 0.185381 0.398473 0.183096 0.399457 0.179521 0.39941 0.176006 0.39777 0.170381 0.39641 0.167334 0.39491 0.164521 0.393598 0.161885 0.392285 0.159541 0.390691 0.158193 0.38952 0.157666 0.388164 0.15918
1 0.455922 0.193618 0.451664 0.193179 0.448891 0.193716 0.444633 0.197183 0.443813 0.198599 0.443617 0.201187 0.445062 0.202212 0.445375 0.202651 0.444945 0.204751 0.444437 0.205972 0.444437 0.207681 0.445648 0.209048 0.449555 0.209536 0.452484 0.209731 0.456781 0.20978 0.461156 0.209731 0.465648 0.209146 0.468461 0.208657 0.46975 0.206802 0.470219 0.204849 0.470375 0.202798 0.46975 0.200552 0.467992 0.199331 0.46725 0.199575 0.46475 0.198647 0.462836 0.19689 0.460375 0.195376 0.457914 0.193911
1 0.33659 0.0217041 0.336355 0.024043 0.335512 0.0259766 0.334199 0.0276172 0.332793 0.0279102 0.331246 0.0305469 0.33073 0.0320117 0.330309 0.0345898 0.330449 0.0381641 0.331434 0.0401562 0.333168 0.0396289 0.335184 0.0395117 0.338652 0.0410937 0.340105 0.0410937 0.342543 0.0398047 0.34484 0.0381641 0.346246 0.0350586 0.347793 0.0313086 0.347793 0.0280273 0.347793 0.0246289 0.347418 0.0205859 0.346012 0.0170703 0.344043 0.0152539 0.342074 0.0142578 0.340059 0.0141406 0.338652 0.0151367 0.337059 0.0173047 0.336684 0.0192969
1 0.423242 0.0271436 0.423805 0.0322998 0.423664 0.0378076 0.424555 0.0422021 0.429758 0.0473584 0.434727 0.0506982 0.440211 0.0539795 0.441711 0.0547998 0.443633 0.0550928 0.445742 0.0505811 0.444492 0.0455078 0.442227 0.0413818 0.438047 0.0383789 0.435273 0.0358887 0.432289 0.0334131 0.42643 0.0290771 0.425023 0.0272607 0.424039 0.0260889 0.423242 0.0260303
1 0.408656 0.000732422 0.409008 0.00356445 0.410023 0.00556641 0.411234 0.00727539 0.413227 0.00898437 0.414281 0.00976562 0.416937 0.0103027 0.417914 0.0117676 0.418813 0.0133789 0.420375 0.013916 0.42432 0.0126953 0.426 0.0106934 0.427289 0.00878906 0.427602 0.00688477 0.426078 0.00380859 0.425258 0.00170898 0.423109 0.000878906 0.42182 0.000146484 0.421469 0 0.408879 0
1 0.548668 0.0251611 0.546039 0.0275 0.542523 0.0303711 0.54018 0.0339453 0.538445 0.037168 0.537273 0.0412109 0.53732 0.0441992 0.539477 0.0461914 0.542805 0.0464258 0.544867 0.0440234 0.54782 0.0411523 0.550961 0.0391602 0.553492 0.0366992 0.557102 0.0333008 0.557805 0.0297852 0.557898 0.0265625 0.557195 0.0233398 0.555602 0.022168 0.552414 0.0226953 0.550773 0.0235742
1 0.551918 0.0965625 0.547641 0.0999658 0.543754 0.105435 0.542102 0.109565 0.541324 0.116006 0.543461 0.121836 0.548809 0.124751 0.556875 0.119404 0.559691 0.109199 0.559109 0.101787 0.55882 0.0988721 0.559207 0.0949854 0.559207 0.0921875 0.555609 0.0927979 0.553859 0.0944971
1 0.583508 0.109077 0.577578 0.117217 0.576219 0.12208 0.576121 0.12645 0.576508 0.132529 0.578062 0.139453 0.580883 0.145771 0.58341 0.147715 0.585645 0.146138 0.58623 0.142734 0.585453 0.138965 0.586324 0.132407 0.587395 0.126211 0.587688 0.122441 0.58866 0.116978 0.58934 0.114058 0.589922 0.10918 0.590117 0.106152 0.588672 0.105225 0.586422 0.106406
1 0.554609 0.183008 0.554023 0.186821 0.553438 0.18959 0.554023 0.194111 0.555305 0.197026 0.55752 0.198774 0.562652 0.198628 0.565937 0.197314 0.566504 0.191924 0.565801 0.187842 0.564637 0.18478 0.563937 0.180552 0.562305 0.177637 0.56102 0.176758 0.558219 0.176758 0.556355 0.178945
1 0.538391 0.248931 0.53466 0.248931 0.529762 0.248638 0.524977 0.248931 0.522645 0.250825 0.520742 0.252148 0.520117 0.253906 0.520547 0.256836 0.522414 0.258701 0.526953 0.259229 0.52941 0.260156 0.532094 0.262051 0.535711 0.262051 0.539492 0.26084 0.542266 0.259766 0.545508 0.260449 0.54784 0.259429 0.549008 0.257681 0.549008 0.253452 0.546875 0.251025 0.544375 0.249219 0.542008 0.248491
1 0.496691 0.237568 0.493832 0.240029 0.491535 0.243369 0.489285 0.247061 0.48802 0.24958 0.486754 0.253506 0.486379 0.2579 0.486145 0.26124 0.488113 0.261826 0.491301 0.261299 0.493598 0.259658 0.495004 0.257197 0.496551 0.254502 0.498566 0.250576 0.499973 0.248467 0.501754 0.247471 0.506863 0.243955 0.509066 0.24249 0.510004 0.240791 0.509066 0.238096 0.507191 0.237041 0.503488 0.236162 0.500207 0.236221
1 0.265875 0.373916 0.26627 0.382827 0.266926 0.390117 0.268387 0.397607 0.271293 0.402671 0.274137 0.407026 0.276152 0.408848 0.278914 0.411074 0.280445 0.410571 0.281012 0.408545 0.281012 0.405205 0.279805 0.398721 0.278664 0.395381 0.278664 0.391128 0.27793 0.382617 0.276328 0.379199 0.273086 0.375439 0.269996 0.372397 0.267488 0.36855 0.266133 0.368555 0.265957 0.371079
1 0.451926 0.262881 0.456848 0.265342 0.459895 0.267451 0.464066 0.268682 0.467207 0.268857 0.471238 0.268682 0.473301 0.268389 0.47452 0.269209 0.474379 0.271025 0.473348 0.27208 0.471473 0.27501 0.470703 0.277002 0.469297 0.27793 0.467109 0.27749 0.464629 0.277764 0.462566 0.27917 0.46102 0.279287 0.457227 0.277783 0.454609 0.27583 0.452617 0.273682 0.45052 0.271318 0.448879 0.270088 0.444051 0.268096 0.443254 0.267158 0.442035 0.26458 0.442785 0.262588 0.446395 0.262002 0.449113 0.261885
1 0.220367 0.267544 0.216164 0.266528 0.214059 0.265415 0.211953 0.265317 0.210898 0.266528 0.210324 0.269165 0.211145 0.273516 0.214383 0.280605 0.215355 0.281616 0.21802 0.283643 0.221754 0.285767 0.22702 0.284858 0.229125 0.282124 0.229855 0.277974 0.228551 0.27291 0.223859 0.269976
1 0.296914 0.274834 0.291094 0.274023 0.286637 0.275742 0.283152 0.276655 0.280156 0.276655 0.277727 0.276353 0.276914 0.277769 0.278121 0.279995 0.279508 0.280806 0.283234 0.284351 0.286066 0.285361 0.290676 0.285869 0.293438 0.287388 0.298785 0.288398 0.30243 0.28688 0.305582 0.283945 0.307039 0.280806 0.308828 0.277974 0.310531 0.275342 0.309719 0.272607 0.308102 0.271187 0.305023 0.272607 0.299828 0.273921
1 0.317578 0.256001 0.315875 0.254888 0.313852 0.254888 0.310934 0.256201 0.309316 0.25772 0.308504 0.260454 0.308504 0.262686 0.309395 0.265215 0.311258 0.266631 0.313285 0.266528 0.314254 0.264507 0.316766 0.264302 0.318227 0.265112 0.320734 0.266025 0.323977 0.266128 0.328352 0.266226 0.33248 0.26562 0.334586 0.263999 0.334992 0.26228 0.33475 0.260962 0.331348 0.259443 0.330133 0.256914 0.328836 0.255396 0.326406 0.253975 0.32357 0.254077 0.321211 0.254688 0.319441 0.255596
1 0.334992 0.271899 0.334504 0.275239 0.334504 0.278379 0.335965 0.28334 0.33718 0.287187 0.339043 0.291538 0.3405 0.29417 0.342121 0.296196 0.343902 0.300146 0.346656 0.298223 0.347953 0.293564 0.348277 0.287593 0.34698 0.278379 0.344953 0.275439 0.343414 0.270684 0.344227 0.268857 0.344629 0.266431 0.342848 0.266431 0.340016 0.267847 0.337746 0.269165 0.336367 0.270176
1 0.341133 0.258545 0.341633 0.260859 0.342848 0.266226 0.344227 0.269365 0.345766 0.270781 0.350141 0.272505 0.352648 0.271997 0.356051 0.270278 0.357187 0.267339 0.357023 0.264912 0.354434 0.260254 0.349492 0.255293 0.347062 0.253472 0.344469 0.253672 0.342199 0.25519
1 0.364234 0.291235 0.360184 0.291841 0.356457 0.29478 0.354512 0.29731 0.353539 0.299438 0.353379 0.302476 0.353379 0.305513 0.355 0.308936 0.356797 0.306738 0.358645 0.306323 0.361875 0.306323 0.365852 0.306421 0.370145 0.305918 0.374359 0.303081 0.375652 0.300752 0.377598 0.298223 0.379137 0.29478 0.380109 0.291841 0.380027 0.288906 0.377422 0.288184 0.373547 0.289819 0.370633 0.290728 0.367797 0.290728
1 0.41332 0.314624 0.413969 0.321509 0.415586 0.328901 0.417449 0.333457 0.418828 0.33771 0.419801 0.342568 0.420852 0.345605 0.421906 0.349355 0.422875 0.351377 0.424172 0.354009 0.425953 0.355024 0.428141 0.353604 0.428781 0.35168 0.429355 0.345103 0.428629 0.340342 0.428629 0.33771 0.428629 0.332344 0.425063 0.326367 0.422309 0.324346 0.420285 0.321714 0.418422 0.318066 0.417289 0.314116 0.416227 0.313003 0.414363 0.311992 0.413391 0.312095
1 0.267566 0.352554 0.267082 0.359438 0.268305 0.366323 0.274777 0.369868 0.277855 0.372295 0.28175 0.373716 0.284336 0.372905 0.288305 0.368755 0.288223 0.366729 0.284902 0.365615 0.283777 0.361563 0.2815 0.357515 0.279719 0.355083 0.275426 0.353159 0.272023 0.351035 0.270734 0.348604 0.269359 0.346782 0.267898 0.346885 0.267566 0.348501
1 0.233789 0.358447 0.231289 0.360547 0.227813 0.362695 0.225039 0.364209 0.221883 0.366729 0.22002 0.368447 0.217754 0.370273 0.215402 0.37189 0.215402 0.374219 0.218805 0.374927 0.220195 0.375049 0.221328 0.375439 0.222613 0.376245 0.22634 0.377461 0.229742 0.376851 0.235004 0.3727 0.235977 0.371792 0.23784 0.370171 0.240027 0.367842 0.241891 0.36521 0.243348 0.361362 0.243672 0.358628 0.243023 0.355288 0.241082 0.353667 0.238488 0.35478 0.237031 0.356196 0.235574 0.357515
1 0.214918 0.392144 0.214918 0.396089 0.215402 0.403481 0.216781 0.407227 0.218156 0.407227 0.219535 0.40834 0.220668 0.410063 0.223438 0.414502 0.22877 0.420391 0.230387 0.420493 0.232414 0.417861 0.232574 0.415938 0.233629 0.414316 0.234762 0.409556 0.232574 0.401963 0.229742 0.396089 0.225852 0.391636 0.221965 0.390117 0.217996 0.388496 0.215402 0.387988 0.214594 0.389507
2 0.226418 0.382622 0.223098 0.382725 0.218723 0.384141 0.216539 0.38728 0.213703 0.390625 0.211676 0.39356 0.209004 0.397305 0.208922 0.400342 0.210867 0.402471 0.215 0.400142 0.218805 0.397607 0.225527 0.396392 0.230875 0.395586 0.233711 0.393154 0.234359 0.387178 0.23298 0.384243 0.229172 0.382524
1 0.184898 0.359966 0.184898 0.359966 0.180375 0.365532 0.175652 0.370762 0.174367 0.374395 0.174098 0.377681 0.173422 0.380889 0.17268 0.384097 0.172207 0.387471 0.17275 0.388735 0.174098 0.389497 0.175652 0.389326 0.177812 0.385952 0.18207 0.381152 0.185117 0.375928 0.187109 0.370996 0.190164 0.366123 0.192121 0.361987 0.192863 0.360049 0.191176 0.356084 0.19057 0.356084 0.188746 0.357012 0.18652 0.359038
1 0.166297 0.362715 0.163527 0.365835 0.16191 0.370308 0.161031 0.376216 0.160828 0.380264 0.160828 0.385581 0.160828 0.389966 0.160965 0.393765 0.162312 0.394775 0.165555 0.3952 0.166633 0.3952 0.16832 0.394526 0.169738 0.390981 0.172035 0.382627 0.172777 0.377144 0.173047 0.372671 0.170008 0.366089 0.169129 0.364233 0.168051 0.362295 0.167309 0.361953
1 0.162109 0.335742 0.158332 0.337739 0.153742 0.339097 0.151918 0.339932 0.151445 0.341704 0.152254 0.34374 0.152594 0.346348 0.15293 0.348379 0.154887 0.348457 0.159277 0.348286 0.162312 0.34896 0.16427 0.350059 0.167914 0.349722 0.171762 0.347622 0.175477 0.344077 0.176824 0.340947 0.17534 0.33876 0.172383 0.337158 0.169531 0.335889 0.165352 0.334795
1 0.182781 0.437676 0.184738 0.442988 0.18575 0.446953 0.187098 0.450581 0.19007 0.452271 0.191891 0.453281 0.193512 0.452778 0.193848 0.450415 0.194051 0.444004 0.194051 0.437759 0.192566 0.429067 0.189125 0.426538 0.186156 0.426704 0.182578 0.427466 0.180418 0.431768 0.181016 0.433789 0.182305 0.436133
1 0.165297 0.442061 0.161922 0.442397 0.158141 0.442397 0.155375 0.442397 0.153688 0.442485 0.153688 0.443916 0.154293 0.445771 0.158074 0.447207 0.159086 0.449316 0.161043 0.451763 0.164961 0.453711 0.16707 0.45498 0.170293 0.456069 0.173668 0.457754 0.177785 0.458091 0.181699 0.458516 0.186762 0.459106 0.187707 0.458179 0.186355 0.457251 0.178711 0.450586 0.176637 0.448052 0.174219 0.444824 0.170078 0.442041 0.167461 0.441699
1 0.207191 0.489399 0.206301 0.491528 0.20557 0.495576 0.208242 0.502769 0.211172 0.506592 0.215129 0.511372 0.21934 0.514209 0.222336 0.514409 0.222984 0.51188 0.222578 0.509351 0.220148 0.500742 0.217965 0.494463 0.215047 0.490112 0.211969 0.485654 0.210039 0.484863 0.207918 0.48748
1 0.188398 0.514614 0.193742 0.51937 0.198035 0.522915 0.201437 0.523218 0.209133 0.525347 0.211809 0.527676 0.213184 0.526255 0.213426 0.523828 0.214965 0.521602 0.214805 0.518359 0.211484 0.514014 0.208984 0.5125 0.205406 0.511982 0.20241 0.510562 0.199172 0.50874 0.194066 0.508437 0.187668 0.509956 0.186859 0.511777 0.187102 0.51269
1 0.22898 0.513296 0.229453 0.515723 0.229297 0.519678 0.229727 0.524756 0.230273 0.528467 0.234102 0.532422 0.238375 0.534561 0.241211 0.534663 0.243641 0.532129 0.246133 0.531006 0.249219 0.531445 0.250352 0.530615 0.250121 0.528989 0.246961 0.527471 0.24623 0.526563 0.24202 0.522612 0.239766 0.520068 0.239414 0.517139 0.237305 0.513818 0.23418 0.511377 0.232059 0.510464 0.230195 0.509043 0.229547 0.50854 0.229059 0.510767
1 0.0738633 0.509517 0.0701289 0.513457 0.0693125 0.514331 0.0662812 0.5171 0.0612656 0.519287 0.0581133 0.519873 0.0565977 0.521328 0.0571836 0.522788 0.0602148 0.525264 0.0645312 0.527891 0.0677969 0.529346 0.073043 0.527744 0.0759609 0.523369 0.0799258 0.5171 0.0821445 0.511997 0.0828438 0.507041 0.082375 0.505581 0.0794609 0.504414 0.0763125 0.507041
1 0.0252227 0.542471 0.0211406 0.544658 0.0169414 0.548008 0.0146094 0.551953 0.0148437 0.557764 0.0153086 0.563467 0.0153086 0.564775 0.0150742 0.569878 0.0157813 0.571338 0.0173047 0.570752 0.0205586 0.564048 0.0228906 0.560693 0.0252227 0.559092 0.0286055 0.55501 0.0302383 0.551362 0.0310547 0.549175 0.0329219 0.54626 0.0346719 0.545239 0.0367578 0.54248 0.0359375 0.540576 0.0317539 0.541011 0.0279063 0.541885
1 0.0858867 0.617671 0.0807539 0.622192 0.0786563 0.626274 0.0765547 0.628462 0.0769062 0.63021 0.0809883 0.630356 0.0819219 0.630356 0.0848359 0.630942 0.0870547 0.630068 0.0899688 0.627734 0.0930039 0.626567 0.0961523 0.626421 0.0986016 0.625986 0.1 0.62438 0.0997656 0.620005 0.0986016 0.618257 0.0955664 0.617236 0.0895039 0.616943
1 0.100352 0.610239 0.0998828 0.620151 0.100352 0.628027 0.102102 0.63313 0.106184 0.641294 0.108516 0.645522 0.110383 0.647417 0.112598 0.647417 0.113766 0.648877 0.114813 0.646831 0.114465 0.641729 0.113414 0.633564 0.11143 0.628027 0.109566 0.621611 0.105484 0.614321 0.104551 0.61126 0.103164 0.608789 0.101633 0.608779
1 0.0905508 0.632983 0.0914844 0.635459 0.0930039 0.637646 0.0945195 0.640854 0.09475 0.643481 0.0928867 0.64625 0.0912539 0.650625 0.0905508 0.655 0.0897344 0.655728 0.0864688 0.655 0.0847187 0.653979 0.0819219 0.651499 0.0813398 0.647417 0.0818047 0.63896 0.0828555 0.636045 0.0858867 0.631816 0.0877539 0.630356 0.088918 0.629336 0.0904375 0.630942
1 0.107582 0.616509 0.109215 0.615342 0.112133 0.61563 0.115746 0.615049 0.118672 0.61416 0.120781 0.615332 0.121914 0.617822 0.123086 0.620752 0.124844 0.622339 0.126477 0.623652 0.127645 0.626567 0.128227 0.628027 0.128809 0.629922 0.130094 0.632544 0.128828 0.635303 0.125898 0.636621 0.121344 0.635459 0.116914 0.631089 0.11457 0.629785 0.112383 0.627441 0.10957 0.623193 0.108164 0.619717
1 0.152137 0.680952 0.148871 0.685908 0.147121 0.68897 0.144441 0.6948 0.143273 0.699902 0.143273 0.703843 0.146289 0.708496 0.150973 0.708213 0.154453 0.70415 0.156223 0.697861 0.155508 0.690576 0.159602 0.685469 0.161703 0.679785 0.159602 0.677305 0.15552 0.678911
1 0.0437813 0.699028 0.0366641 0.698301 0.032 0.696841 0.0289648 0.693779 0.0274492 0.691592 0.027918 0.686636 0.029668 0.684888 0.032 0.683721 0.0364297 0.684888 0.0440117 0.687803 0.0505469 0.690137 0.054043 0.68999 0.058125 0.690864 0.0597578 0.692178 0.0595273 0.693779 0.0568438 0.696553 0.0527617 0.69874 0.0480938 0.699468
1 0.0103086 0.744922 0.0176953 0.75416 0.02275 0.759141 0.027418 0.759624 0.0316914 0.759141 0.034125 0.755615 0.0342187 0.753066 0.0351953 0.74834 0.03375 0.74624 0.0307227 0.746748 0.0226523 0.741523 0.0178906 0.737998 0.0148789 0.737393 0.0113789 0.737393 0.00933594 0.738486 0.00904687 0.740674 0.00953125 0.742495
1 0.00886719 0.753467 0.0120586 0.75853 0.014293 0.762661 0.0176953 0.765942 0.0205156 0.766914 0.02275 0.767646 0.028582 0.769224 0.0292617 0.769346 0.0292617 0.769951 0.0292617 0.770195 0.0273203 0.772383 0.020418 0.776636 0.0157422 0.777344 0.0103906 0.774463 0.00816406 0.76958 0.00671875 0.765234 0.00437891 0.76084 0.00408984 0.757437 0.00535156 0.752832
1 0.141953 0.840791 0.144457 0.846357 0.146812 0.850107 0.149883 0.854458 0.153051 0.854663 0.157496 0.855068 0.162203 0.856685 0.165117 0.858203 0.166641 0.859131 0.171211 0.860352 0.174344 0.858711 0.175234 0.855571 0.171523 0.850195 0.16593 0.844941 0.16123 0.843018 0.158152 0.842412 0.152887 0.841299 0.148191 0.840488 0.144617 0.838564 0.142926 0.837954 0.141719 0.838867
1 0.0446875 0.885898 0.0495391 0.894097 0.057 0.903818 0.061293 0.907666 0.0650117 0.909692 0.067125 0.909287 0.0676914 0.908271 0.0669609 0.904121 0.0657461 0.900273 0.0608203 0.893066 0.054082 0.88792 0.0501133 0.883975 0.0484961 0.881748 0.0463086 0.880938 0.0444453 0.881748 0.0442734 0.883872
1 0.0546406 0.936118 0.058043 0.939458 0.059582 0.9427 0.0603125 0.945532 0.0603125 0.948066 0.0623359 0.949077 0.0646875 0.946445 0.0671992 0.942798 0.0677656 0.93895 0.0679258 0.933892 0.0658984 0.929834 0.0607812 0.925 0.0570742 0.923462 0.0547227 0.923257 0.0531055 0.924067 0.052375 0.926196 0.052375 0.929536 0.0525352 0.932168
1 0.0775781 0.921729 0.0807422 0.923779 0.0858281 0.927207 0.0880156 0.930752 0.0872031 0.9348 0.0842891 0.936621 0.0805625 0.936826 0.0754609 0.936621 0.0712461 0.936118 0.0673594 0.933179 0.0643633 0.930649 0.0602305 0.927813 0.0574766 0.923257 0.0579648 0.921436 0.0591797 0.920522 0.0625 0.919614 0.0661445 0.919614 0.0706016 0.920122 0.0752148 0.920728
1 0.0963594 0.921333 0.0919023 0.922041 0.0909297 0.922349 0.0894727 0.923564 0.0869609 0.92731 0.0868789 0.929131 0.0893906 0.932373 0.0935234 0.933486 0.0999219 0.931865 0.104539 0.929941 0.107293 0.927715 0.109316 0.924678 0.109398 0.923159 0.105187 0.921235 0.098707 0.921333
1 0.111344 0.932168 0.107852 0.936523 0.104062 0.940381 0.0986328 0.941895 0.0955469 0.942285 0.0930352 0.941079 0.0915781 0.939966 0.0926328 0.93541 0.0970039 0.932373 0.100895 0.930244 0.105996 0.929331 0.110453 0.929131 0.111668 0.930449
1 0.108832 0.924067 0.108426 0.926602 0.109336 0.92915 0.111914 0.932471 0.116367 0.933887 0.120234 0.933887 0.121793 0.932979 0.123332 0.930952 0.123734 0.927915 0.123332 0.924067 0.12098 0.922549 0.117902 0.922349 0.11507 0.922349 0.110613 0.922246
1 0.271371 0.857944 0.267656 0.86123 0.263594 0.866943 0.259898 0.872036 0.257859 0.875195 0.256789 0.876777 0.254746 0.877627 0.252316 0.876411 0.251441 0.870703 0.252609 0.865356 0.255703 0.859033 0.263203 0.852734 0.268453 0.848589 0.27273 0.848223 0.27866 0.850654 0.280215 0.853203 0.280117 0.854419 0.277687 0.855635 0.274285 0.855757
1 0.201559 0.708306 0.200832 0.711646 0.200344 0.716606 0.200344 0.721367 0.200832 0.724199 0.201238 0.728047 0.202371 0.731997 0.204395 0.736655 0.206664 0.738682 0.209824 0.739087 0.212332 0.736855 0.211848 0.729365 0.210875 0.723491 0.20893 0.716099 0.207637 0.710635 0.206016 0.706484 0.204477 0.701118 0.203992 0.699395 0.203164 0.699902 0.203086 0.701709 0.202129 0.704458
1 0.223027 0.718228 0.22343 0.718833 0.224645 0.721265 0.226672 0.726431 0.228129 0.730884 0.231207 0.735034 0.235824 0.737969 0.239875 0.738374 0.245137 0.737666 0.246758 0.735947 0.247812 0.733315 0.245461 0.731895 0.243438 0.731592 0.241898 0.730479 0.236875 0.72248 0.234121 0.718936 0.230883 0.715898 0.226832 0.713369 0.224242 0.711343 0.221891 0.710532 0.220191 0.710635 0.219137 0.712251 0.219219 0.714277 0.22084 0.716606
1 0.242789 0.740503 0.244168 0.746172 0.246355 0.749414 0.249836 0.752046 0.253563 0.753564 0.25834 0.753667 0.262879 0.751436 0.265066 0.749106 0.264984 0.747388 0.259961 0.744146 0.256484 0.741016 0.251293 0.738071 0.246758 0.735239 0.245059 0.735239 0.242629 0.735947 0.242547 0.737466
1 0.254695 0.723696 0.250484 0.721567 0.247973 0.719341 0.244977 0.718633 0.242789 0.719038 0.240117 0.723086 0.240766 0.726226 0.244004 0.730884 0.246289 0.73374 0.250469 0.736572 0.253723 0.738477 0.258098 0.7404 0.259637 0.741411 0.260934 0.743135 0.262148 0.747183 0.263203 0.748701 0.264578 0.744653 0.264418 0.740908 0.264418 0.737261 0.264172 0.734526 0.261563 0.730273 0.257773 0.725732
1 0.179047 0.560864 0.183227 0.560742 0.188574 0.559043 0.190781 0.559912 0.19332 0.561084 0.19732 0.562319 0.198004 0.564629 0.196641 0.566572 0.194793 0.56876 0.192266 0.56876 0.191488 0.567666 0.189531 0.568896 0.188555 0.570752 0.187695 0.571191 0.186133 0.572021 0.184102 0.572651 0.180039 0.572656 0.175453 0.569004 0.170391 0.567187 0.166211 0.564648 0.163789 0.562061 0.163301 0.560254 0.164078 0.558555 0.168066 0.556611 0.17273 0.557217 0.175645 0.55916
1 0.165383 0.571016 0.166809 0.576191 0.170523 0.582437 0.172094 0.584761 0.173805 0.589219 0.176375 0.595825 0.178805 0.599395 0.181801 0.600107 0.184801 0.596714 0.183941 0.593682 0.183801 0.589575 0.181371 0.581724 0.17809 0.572446 0.173094 0.568696 0.166668 0.565664 0.164098 0.564238 0.164242 0.567983
1 0.220633 0.60064 0.215508 0.602051 0.210211 0.60332 0.207641 0.60689 0.209063 0.613135 0.215637 0.615991 0.221633 0.615991 0.226773 0.615098 0.230625 0.611182 0.231914 0.605996 0.229059 0.59957 0.224488 0.59957
1 0.250613 0.571372 0.246477 0.576372 0.243633 0.582275 0.243203 0.589063 0.243621 0.593682 0.244191 0.599751 0.245477 0.60189 0.250043 0.59832 0.254469 0.589219 0.255184 0.580474 0.255898 0.574585 0.255898 0.566558 0.253469 0.567803
1 0.257324 0.607603 0.253613 0.610459 0.251328 0.615273 0.249328 0.617417 0.248203 0.61958 0.249043 0.622769 0.252031 0.626709 0.255742 0.626709 0.260195 0.622607 0.264035 0.619199 0.267605 0.613491 0.268031 0.60689 0.262734 0.606348
1 0.261188 0.561436 0.259949 0.564189 0.258227 0.566772 0.256367 0.571675 0.25568 0.574346 0.256445 0.579102 0.25857 0.581143 0.261211 0.585352 0.261367 0.588574 0.264148 0.588545 0.26525 0.587598 0.266832 0.586221 0.266172 0.581982 0.265313 0.578125 0.26525 0.575981 0.266832 0.572451 0.267383 0.569531 0.266559 0.566597 0.266488 0.563413 0.266488 0.5604 0.264836 0.557134 0.264285 0.556528 0.263047 0.557305 0.26284 0.558335 0.262219 0.560488
1 0.391602 0.00282715 0.391648 0.00663574 0.390664 0.00938965 0.390242 0.0123193 0.391039 0.0167139 0.393148 0.0204639 0.39493 0.0232178 0.396289 0.0263232 0.398914 0.0284326 0.399883 0.0309082 0.400789 0.0340576 0.403984 0.0356445 0.406289 0.0345703 0.407617 0.0314941 0.406523 0.0261719 0.40582 0.021875 0.404297 0.0188965 0.402305 0.0154297 0.40032 0.0113232 0.398211 0.00675293 0.396102 0.00411621 0.393992 0.00106934 0.393383 0.000600586 0.392633 0.000600586 0.391742 0.0013623
1 0.440031 0.383247 0.442758 0.387793 0.445152 0.390786 0.448043 0.393784 0.451926 0.395127 0.453168 0.39647 0.455562 0.397705 0.458453 0.397915 0.460187 0.395435 0.459777 0.392544 0.458039 0.390996 0.455562 0.387588 0.452672 0.382524 0.450605 0.379531 0.448293 0.377051 0.445398 0.377051 0.441602 0.378599 0.439617 0.380664
1 0.392273 0.426211 0.389879 0.430239 0.389465 0.433853 0.389551 0.437158 0.392359 0.440049 0.397234 0.440669 0.399465 0.440566 0.401613 0.439224 0.404832 0.439326 0.407148 0.436621 0.406816 0.43127 0.405742 0.425293 0.403594 0.420015 0.401445 0.418052 0.397066 0.419912 0.39434 0.42373
1 0.44325 0.457295 0.438789 0.463701 0.436148 0.467935 0.434328 0.472271 0.433422 0.476919 0.433254 0.478984 0.434164 0.480225 0.437469 0.479189 0.441602 0.477148 0.446473 0.473306 0.449449 0.46814 0.452672 0.463491 0.455562 0.46019 0.457711 0.456987 0.455977 0.455127 0.452008 0.453682 0.447879 0.453682 0.445484 0.455439
1 0.455398 0.462256 0.453828 0.465557 0.450523 0.469277 0.449367 0.472891 0.449367 0.477437 0.450852 0.482393 0.45234 0.484976 0.453496 0.485698 0.45482 0.485181 0.458949 0.483838 0.46052 0.480122 0.460852 0.477642 0.46407 0.471548 0.465145 0.467935 0.465395 0.464321 0.464566 0.461016 0.462832 0.458018 0.461594 0.456987 0.458703 0.456987 0.456801 0.45936
1 0.440609 0.488486 0.440277 0.494785 0.440277 0.497886 0.438211 0.500981 0.436395 0.504595 0.434742 0.508726 0.433504 0.513374 0.433254 0.515957 0.433254 0.519053 0.43441 0.519985 0.435734 0.51957 0.438129 0.514717 0.441352 0.510688 0.445152 0.50687 0.448457 0.500361 0.449367 0.495713 0.448043 0.490347 0.446391 0.488281 0.44441 0.485698 0.44284 0.484873 0.441188 0.485283
1 0.455562 0.489414 0.452672 0.494268 0.450109 0.498193 0.447797 0.501909 0.446145 0.506353 0.445895 0.510483 0.446309 0.513789 0.45168 0.513579 0.453414 0.512236 0.457547 0.508003 0.459527 0.502944 0.459941 0.498193 0.460602 0.49499 0.462914 0.491685 0.463082 0.489619 0.460703 0.487256 0.457711 0.487764
1 0.469773 0.474854 0.465145 0.476299 0.462336 0.479707 0.461098 0.48353 0.461098 0.485698 0.463492 0.486108 0.466137 0.485903 0.469277 0.485903 0.472914 0.487764 0.47473 0.488384 0.477539 0.488794 0.480844 0.486729 0.482828 0.484253 0.48423 0.481465 0.485555 0.478672 0.483074 0.475991 0.479523 0.474028 0.476219 0.473198 0.472996 0.473198
2 0.466402 0.470176 0.46398 0.472764 0.461598 0.475303 0.46027 0.4796 0.460039 0.482959 0.462613 0.483506 0.464687 0.481641 0.468707 0.479941 0.471598 0.477891 0.474957 0.475303 0.475152 0.471543 0.473395 0.469346 0.47148 0.468223 0.468668 0.468369
1 0.536949 0.42916 0.536668 0.432041 0.535664 0.436475 0.535602 0.440762 0.53577 0.443994 0.535996 0.447861 0.537176 0.452856 0.541094 0.454248 0.546289 0.453711 0.549258 0.451465 0.550547 0.44624 0.550352 0.439307 0.547656 0.43374 0.545727 0.430283 0.543418 0.427612 0.540887 0.426909 0.538516 0.426855
1 0.53723 0.409966 0.539594 0.415239 0.542801 0.421704 0.543531 0.422271 0.545781 0.423535 0.550281 0.424028 0.555063 0.42501 0.559227 0.425083 0.562488 0.425571 0.562602 0.422759 0.560125 0.419668 0.554445 0.416782 0.55 0.412637 0.546008 0.410806 0.54325 0.408208 0.541449 0.405747 0.538695 0.405884 0.537062 0.40645 0.5365 0.407783
1 0.581695 0.316157 0.579625 0.319771 0.579508 0.323877 0.57943 0.329829 0.580797 0.333398 0.582305 0.335889 0.583398 0.339502 0.584727 0.341016 0.58693 0.344722 0.588648 0.347163 0.589664 0.34707 0.589977 0.344185 0.58943 0.338525 0.589273 0.330713 0.589023 0.325342 0.588453 0.321143 0.587148 0.316064 0.585172 0.313667 0.583375 0.313867 0.582383 0.314648
1 0.365379 0.471484 0.361668 0.47417 0.357605 0.477197 0.353738 0.481543 0.351004 0.484131 0.352488 0.486328 0.356004 0.48623 0.360613 0.48584 0.365301 0.485254 0.370066 0.484375 0.373895 0.482031 0.378074 0.479639 0.382996 0.4771 0.385027 0.474023 0.384129 0.471729 0.38034 0.471436 0.37327 0.470459 0.368973 0.470459
1 0.369336 0.496338 0.370262 0.500537 0.371238 0.503369 0.373309 0.506055 0.376121 0.50835 0.379559 0.50874 0.384754 0.509912 0.38741 0.509961 0.389324 0.508301 0.388777 0.505371 0.385066 0.500977 0.384687 0.498437 0.38332 0.49502 0.381289 0.492871 0.376992 0.490576 0.372617 0.48916 0.370105 0.490137 0.369246 0.492627 0.369012 0.49458
1 0.352418 0.551855 0.356246 0.554541 0.359488 0.555225 0.363395 0.554541 0.367574 0.553369 0.371363 0.553516 0.373707 0.554883 0.375973 0.556104 0.378238 0.558691 0.380582 0.560986 0.381168 0.562402 0.381285 0.56333 0.380152 0.564014 0.377535 0.564063 0.374605 0.564502 0.370973 0.565723 0.367379 0.566455 0.363121 0.566797 0.357926 0.565967 0.355543 0.563867 0.352926 0.559521 0.352379 0.556934 0.35148 0.554346 0.351016 0.552148 0.351754 0.551709
1 0.340859 0.592773 0.33832 0.595654 0.336406 0.600635 0.333758 0.607456 0.331621 0.611958 0.330664 0.61519 0.330664 0.620464 0.331566 0.622856 0.332969 0.622656 0.334996 0.619341 0.339551 0.617441 0.344445 0.614697 0.346414 0.611533 0.34668 0.605127 0.346863 0.601973 0.348777 0.597754 0.349957 0.595293 0.350352 0.593394 0.350184 0.588403 0.347035 0.586997 0.344727 0.586294 0.343039 0.586997 0.34293 0.589795
1 0.374371 0.603799 0.371164 0.608301 0.370602 0.611182 0.370152 0.614839 0.36959 0.619761 0.36959 0.622925 0.370152 0.625596 0.372402 0.625879 0.374879 0.622998 0.378203 0.619922 0.381016 0.616602 0.384219 0.612988 0.386055 0.611865 0.387535 0.611323 0.390121 0.61062 0.390457 0.609004 0.389164 0.607529 0.38382 0.60394 0.380051 0.603311 0.376227 0.602959
1 0.441105 0.539878 0.43818 0.544448 0.436043 0.548247 0.433457 0.553027 0.432781 0.558091 0.432949 0.56231 0.434355 0.566035 0.436719 0.570464 0.437898 0.573911 0.439867 0.575527 0.440488 0.574683 0.441219 0.57103 0.442117 0.566738 0.444312 0.561323 0.44448 0.556265 0.445773 0.553379 0.447012 0.549512 0.44718 0.545015 0.44707 0.53833 0.447293 0.534185 0.447461 0.532373 0.446617 0.53123 0.445605 0.53123 0.443918 0.532427 0.442695 0.536377
1 0.415941 0.935005 0.412863 0.935713 0.409543 0.937637 0.40525 0.939155 0.401605 0.939663 0.401445 0.94209 0.407113 0.944219 0.413187 0.946143 0.420398 0.946143 0.425824 0.944722 0.42866 0.942295 0.43125 0.937744 0.429551 0.936016 0.424527 0.935713 0.418941 0.935205
1 0.432953 0.936221 0.43109 0.937739 0.429957 0.941685 0.42957 0.946826 0.431172 0.949785 0.432793 0.951304 0.435547 0.949888 0.438055 0.945635 0.441133 0.944316 0.443969 0.941787 0.446074 0.938345 0.44575 0.936221 0.44316 0.93561 0.438461 0.935713 0.435789 0.935815
1 0.56816 0.817412 0.570199 0.822515 0.572922 0.826401 0.575742 0.829316 0.577395 0.831382 0.577969 0.830273 0.578555 0.825049 0.579258 0.820068 0.579805 0.81499 0.578555 0.809619 0.574574 0.805747 0.571836 0.801855 0.569422 0.802466 0.569035 0.805503 0.568258 0.80939 0.568063 0.812187
1 0.519172 0.748521 0.519852 0.752285 0.519363 0.756538 0.517711 0.759941 0.517227 0.765288 0.517422 0.77355 0.517809 0.777681 0.519461 0.780718 0.521891 0.781084 0.52607 0.777192 0.526754 0.774644 0.528406 0.768081 0.528695 0.760063 0.528016 0.754961 0.526266 0.751436 0.525195 0.746211 0.525004 0.743784 0.522379 0.742446 0.520434 0.742808 0.518488 0.745361
1 0.49 0.731152 0.487305 0.738428 0.48593 0.743052 0.484277 0.747915 0.484082 0.754111 0.483691 0.756538 0.484469 0.75812 0.489621 0.754351 0.491273 0.749492 0.495937 0.743408 0.49866 0.740015 0.50216 0.733818 0.502551 0.728472 0.502551 0.722764 0.503125 0.720068 0.50109 0.719238 0.49691 0.723125 0.492926 0.726162
1 0.483012 0.708184 0.485547 0.713037 0.486914 0.716699 0.48768 0.723125 0.486996 0.72896 0.487094 0.733696 0.488359 0.733818 0.491371 0.728594 0.494871 0.721792 0.496914 0.716455 0.497695 0.711572 0.495941 0.705386 0.490594 0.701138 0.487191 0.698584 0.48418 0.698584 0.48175 0.701138 0.481848 0.704902
2 0.452688 0.703081 0.452781 0.707695 0.453465 0.712798 0.455406 0.717417 0.459684 0.718267 0.462016 0.716323 0.462988 0.712559 0.462602 0.707212 0.460559 0.702227 0.458227 0.699189 0.456379 0.698706 0.453656 0.6998
2 0.491469 0.629692 0.490789 0.64063 0.492246 0.64731 0.492539 0.651201 0.493219 0.656182 0.493996 0.659824 0.494871 0.660674 0.495746 0.659946 0.496719 0.657275 0.497398 0.651929 0.499148 0.650591 0.500801 0.648403 0.50109 0.643423 0.50109 0.636982 0.500996 0.632974 0.500023 0.628965 0.497883 0.626533 0.494289 0.62459 0.49273 0.625078 0.491273 0.626655
1 0.278051 0.594199 0.280512 0.605864 0.282016 0.617236 0.281086 0.621611 0.277117 0.627881 0.272801 0.630649 0.269781 0.63313 0.265465 0.636479 0.264289 0.639541 0.272801 0.638379 0.276547 0.636045 0.282719 0.630796 0.286797 0.622656 0.287852 0.614893 0.285051 0.597847 0.285293 0.592305 0.285293 0.588369 0.282832 0.585742 0.278867 0.586182 0.27748 0.590117
2 0.329223 0.745737 0.32582 0.753755 0.325527 0.757524 0.326891 0.760562 0.328543 0.761411 0.330293 0.75813 0.331359 0.754487 0.333207 0.749507 0.334664 0.745615 0.333711 0.742578 0.331652 0.742578 0.330195 0.74355
1 0.605977 0.758032 0.605414 0.764712 0.604793 0.770479 0.60423 0.776382 0.604008 0.781797 0.603555 0.78897 0.604398 0.792554 0.606988 0.79333 0.610082 0.790093 0.611992 0.784819 0.613852 0.777788 0.614355 0.77146 0.614977 0.765483 0.614977 0.75958 0.613289 0.755991 0.611262 0.75332 0.608449 0.752549 0.606707 0.754165
1 0.617629 0.763496 0.615773 0.765884 0.614086 0.770386 0.61375 0.773901 0.613523 0.777207 0.615098 0.779106 0.616844 0.781001 0.617066 0.78311 0.617066 0.785923 0.619207 0.787544 0.621063 0.785854 0.623313 0.78269 0.624719 0.778965 0.627363 0.774536 0.630742 0.768896 0.630457 0.765396 0.627363 0.762231 0.62168 0.760962 0.61977 0.761738
1 0.712812 0.798438 0.711117 0.79873 0.707855 0.80084 0.705773 0.804424 0.704535 0.808433 0.70448 0.814268 0.70566 0.818418 0.707688 0.821792 0.711211 0.823145 0.714375 0.82124 0.716574 0.816938 0.717023 0.814058 0.717023 0.81209 0.716969 0.807871 0.716348 0.803374 0.716461 0.800908 0.717418 0.798799 0.717531 0.797324 0.716348 0.796338 0.715055 0.796479 0.713816 0.797393
1 0.756609 0.721978 0.758637 0.72417 0.759852 0.728306 0.76127 0.732944 0.764508 0.737583 0.767746 0.740708 0.771934 0.741802 0.772609 0.739692 0.772695 0.736426 0.771172 0.732617 0.771445 0.728369 0.771055 0.725264 0.769707 0.720034 0.767746 0.716069 0.766059 0.712607 0.762887 0.712607 0.760188 0.714888 0.756879 0.718096 0.755934 0.719868
1 0.764258 0.668408 0.761816 0.669429 0.759184 0.672041 0.756211 0.675342 0.755 0.676855 0.755117 0.679199 0.760586 0.680713 0.766523 0.681592 0.76918 0.683594 0.775449 0.685371 0.779094 0.684951 0.7795 0.680815 0.781133 0.678223 0.7795 0.675415 0.776395 0.671958 0.772074 0.669341 0.768836 0.668584 0.76627 0.668159
1 0.680746 0.649556 0.683617 0.648853 0.685813 0.648149 0.688172 0.648149 0.689805 0.649556 0.691437 0.650117 0.695316 0.650469 0.697344 0.650469 0.699703 0.652505 0.700547 0.655884 0.701055 0.65813 0.700547 0.659468 0.698016 0.661509 0.69391 0.662983 0.688242 0.663916 0.683125 0.663623 0.678555 0.661035 0.676133 0.657129 0.674687 0.654687 0.674617 0.651523 0.676078 0.649624 0.678836 0.649341
1 0.623484 0.607856 0.623484 0.611724 0.624047 0.618403 0.624891 0.624946 0.626359 0.632188 0.629168 0.636333 0.631699 0.638657 0.633836 0.639849 0.63541 0.640273 0.636648 0.639287 0.637305 0.63667 0.637305 0.632178 0.637773 0.625156 0.636648 0.6196 0.634453 0.615103 0.631191 0.609478 0.628867 0.60625 0.625848 0.604204 0.624555 0.603638 0.623316 0.604414
1 0.593242 0.47707 0.587637 0.480444 0.582914 0.481538 0.578523 0.484663 0.575016 0.488208 0.572652 0.491582 0.571977 0.494448 0.572047 0.496304 0.573734 0.496729 0.576434 0.496304 0.581426 0.496221 0.587098 0.494448 0.590945 0.491411 0.593238 0.486099 0.595352 0.482471 0.599258 0.479346 0.603555 0.475635 0.6035 0.472598 0.601949 0.47209 0.59891 0.473101 0.594523 0.475801
1 0.679215 0.472881 0.674992 0.474849 0.669875 0.473936 0.665656 0.472314 0.661605 0.471611 0.660648 0.473862 0.662969 0.47832 0.669492 0.483447 0.674727 0.487451 0.679648 0.488867 0.683867 0.487012 0.686918 0.483213 0.689883 0.477881 0.691914 0.470703 0.691602 0.467236 0.689688 0.466553 0.682695 0.469482
1 0.685309 0.237241 0.681172 0.24292 0.679152 0.249185 0.676883 0.256069 0.676965 0.262554 0.678086 0.26709 0.680937 0.268213 0.684844 0.265674 0.686758 0.261523 0.687496 0.254453 0.688063 0.249492 0.688789 0.244434 0.69 0.237744 0.690898 0.234604 0.690734 0.231567 0.68918 0.230957 0.686605 0.234507
1 0.725234 0.214941 0.727023 0.220024 0.728398 0.223877 0.733086 0.227734 0.740781 0.230176 0.745652 0.229443 0.749543 0.224683 0.751406 0.22124 0.75173 0.219116 0.751242 0.218003 0.748406 0.218003 0.744277 0.218506 0.741848 0.217192 0.738852 0.215063 0.736172 0.214062 0.733437 0.214258 0.73148 0.212939 0.729844 0.210107 0.72743 0.206865 0.725809 0.205444 0.724434 0.205952 0.723867 0.208887 0.724141 0.212012
1 0.735691 0.177905 0.735527 0.183677 0.736258 0.188638 0.739902 0.192588 0.744035 0.19502 0.747355 0.196538 0.751406 0.197144 0.755051 0.19937 0.75675 0.201802 0.758371 0.201802 0.758203 0.198242 0.755375 0.191475 0.75082 0.184912 0.745898 0.176807 0.742496 0.173857 0.739844 0.17417 0.737812 0.174854
1 0.780012 0.542427 0.786156 0.542339 0.789598 0.543691 0.794863 0.546982 0.797562 0.547827 0.801328 0.548145 0.802828 0.546812 0.802289 0.543184 0.799992 0.539639 0.797426 0.535591 0.795195 0.533154 0.792617 0.529687 0.789141 0.528516 0.784609 0.528662 0.782461 0.528662 0.778527 0.530781 0.776504 0.533398 0.774949 0.536011 0.774344 0.539302 0.774766 0.541406 0.776301 0.542339 0.778324 0.542002
1 0.778723 0.56248 0.780031 0.566348 0.780125 0.569863 0.780359 0.573555 0.783082 0.578066 0.787348 0.580645 0.790348 0.580996 0.792078 0.579531 0.793391 0.575254 0.792969 0.571445 0.790391 0.567637 0.787906 0.564707 0.78566 0.561309 0.783453 0.559609 0.781531 0.559434 0.779473 0.560312
1 0.824043 0.606992 0.820219 0.611914 0.818645 0.614658 0.817914 0.620776 0.818645 0.62626 0.82202 0.63062 0.825227 0.630688 0.829102 0.6271 0.830797 0.620776 0.831926 0.614658 0.831582 0.609736 0.830008 0.604814 0.828547 0.603198 0.826406 0.604531
1 0.879844 0.60874 0.87918 0.612695 0.879063 0.617334 0.879844 0.623096 0.880184 0.627383 0.880297 0.630195 0.881812 0.634766 0.884402 0.636875 0.887383 0.636523 0.889465 0.634272 0.891266 0.627456 0.891094 0.620986 0.890141 0.615361 0.88834 0.610859 0.887438 0.606572 0.887156 0.602773 0.885922 0.600034 0.884344 0.599189 0.881812 0.599961 0.881309 0.602495 0.881027 0.604604
1 0.872797 0.510732 0.871449 0.513521 0.87084 0.518916 0.871652 0.524233 0.874824 0.526177 0.878266 0.527695 0.883203 0.527881 0.885691 0.525669 0.887715 0.522544 0.887918 0.517988 0.883867 0.513433 0.880832 0.510479 0.875566 0.509722
1 0.981277 0.610557 0.983902 0.616147 0.98507 0.623677 0.98507 0.62939 0.983516 0.63437 0.982445 0.639111 0.980988 0.640688 0.977875 0.640688 0.976809 0.639473 0.977586 0.632915 0.977195 0.624653 0.977391 0.61979 0.978363 0.615415 0.979043 0.610557 0.979336 0.609097 0.980598 0.608857
1 0.976328 0.674951 0.975547 0.679834 0.975641 0.685645 0.977875 0.689287 0.977586 0.693057 0.976613 0.695366 0.976223 0.697432 0.977004 0.697915 0.978559 0.69646 0.981863 0.692207 0.984 0.688193 0.984973 0.682485 0.984195 0.676655 0.981277 0.671914 0.979918 0.669243 0.978945 0.667905 0.977391 0.668755 0.977098 0.672158
1 0.979238 0.717598 0.977488 0.720513 0.975348 0.725254 0.97457 0.730112 0.974477 0.735093 0.974477 0.737891 0.975543 0.738618 0.980211 0.735703 0.985555 0.73084 0.988473 0.726953 0.989152 0.722339 0.98643 0.717842 0.982543 0.715776 0.980793 0.715776
1 0.960672 0.750767 0.969613 0.750405 0.977684 0.749189 0.984195 0.746636 0.988375 0.742993 0.991098 0.73813 0.99343 0.733394 0.994109 0.728169 0.992652 0.726348 0.98818 0.728896 0.984391 0.731934 0.978363 0.734487 0.97457 0.73813 0.971074 0.741289 0.966992 0.743599 0.962422 0.745303 0.960187 0.74542 0.95902 0.747368 0.959508 0.749551
1 0.968156 0.763159 0.970004 0.768022 0.970977 0.775552 0.971074 0.780415 0.971363 0.786001 0.973789 0.791455 0.9775 0.791357 0.980195 0.785889 0.980402 0.775796 0.978945 0.767051 0.975254 0.760366 0.972629 0.757329 0.969613 0.756724 0.96777 0.757695 0.967281 0.759517
2 0.983859 0.227324 0.977844 0.231523 0.967344 0.233271 0.959219 0.233643 0.957266 0.237471 0.961605 0.240093 0.968043 0.239917 0.978121 0.240269 0.986367 0.23833 0.991563 0.234668 0.994918 0.228545 0.999117 0.220146 1 0.217163 1 0.206743 0.998137 0.208428 0.993656 0.214023 0.991141 0.218398 0.989039 0.223472 0.986797 0.225049
2 0.722555 0.292109 0.718102 0.293462 0.717156 0.294556 0.717629 0.29582 0.719789 0.296582 0.723773 0.29793 0.726473 0.298691 0.73032 0.298945 0.733492 0.29751 0.73484 0.293711 0.73491 0.289492 0.734234 0.28688 0.731668 0.28688 0.729914 0.289072 0.727957 0.29042 0.725664 0.291602
2 0.746371 0.421289 0.749012 0.42291 0.751207 0.423892 0.752949 0.423472 0.752613 0.422065 0.749406 0.420024 0.746426 0.417915 0.745246 0.416582 0.742488 0.416719 0.739168 0.417847 0.73748 0.419673 0.737594 0.421431 0.738832 0.422344 0.741082 0.422134 0.744344 0.421362
2 0.436934 0.304165 0.431758 0.30854 0.429238 0.312212 0.431195 0.315015 0.433855 0.314839 0.438055 0.310464 0.440293 0.30644 0.443793 0.301191 0.443516 0.300142 0.442113 0.29979 0.440156 0.301538
2 0.221645 0.343032 0.225961 0.345215 0.232141 0.349297 0.234707 0.35105 0.235059 0.350176 0.233891 0.348135 0.233426 0.344927 0.231207 0.341572 0.227359 0.339385 0.223629 0.337637 0.221176 0.338511 0.220711 0.340986
2 0.0581562 0.199258 0.0537969 0.197148 0.0509844 0.197441 0.0489687 0.199023 0.0480312 0.201953 0.0485 0.204883 0.0522031 0.206582 0.0555312 0.206055 0.0576406 0.206699 0.0612969 0.209863 0.0632656 0.210918 0.0648125 0.210098 0.064625 0.20752 0.0622344 0.20377 0.0597031 0.20084
2 0.00292969 0.150776 0.00827344 0.156812 0.0105703 0.160737 0.0120234 0.163784 0.0122109 0.167827 0.0114141 0.169292 0.0103828 0.169351 0.00785156 0.165718 0.00621094 0.162612 0.00377344 0.158394 0.00157031 0.154878 0.000820313 0.153179 0.00142969 0.151362
2 0.0122109 0.153589 0.00967969 0.154761 0.00785156 0.156519 0.00649219 0.158804 0.00546094 0.161792 0.00569531 0.166069 0.00710156 0.167769 0.00892969 0.167769 0.0115078 0.165425 0.0127266 0.161206 0.0145547 0.15939 0.0161953 0.158511 0.0169453 0.156812 0.0163359 0.155229 0.0142266 0.153823
2 0.0249961 0.775474 0.0241055 0.780234 0.0209453 0.78479 0.0193281 0.789141 0.0196523 0.79208 0.0241055 0.792686 0.0291289 0.79127 0.0326094 0.787524 0.0334219 0.781548 0.0339062 0.778408 0.0358516 0.774561 0.0363359 0.771118 0.0318008 0.768486 0.0293711 0.767881 0.0262109 0.770898
2 0.362824 0.832217 0.366906 0.831196 0.370059 0.831636 0.37309 0.83353 0.375188 0.836592 0.377172 0.837173 0.377406 0.834404 0.374605 0.828428 0.371223 0.825073 0.367609 0.823325 0.361074 0.824639 0.357691 0.828281 0.357109 0.830615 0.357809 0.833384 0.360145 0.833677
2 0.380191 0.418232 0.376695 0.418379 0.374129 0.42042 0.374012 0.423188 0.376809 0.425088 0.378559 0.425088 0.383227 0.425522 0.386023 0.423481 0.385207 0.42042 0.383109 0.419106
2 0.730352 0.185645 0.728352 0.193965 0.728469 0.204751 0.737102 0.219189 0.74468 0.225312 0.752613 0.2275 0.759027 0.227935 0.767309 0.232891 0.772676 0.234497 0.777809 0.23085 0.780258 0.223413 0.777922 0.217729 0.768594 0.208838 0.761711 0.202568 0.755297 0.197461 0.746199 0.191777 0.742699 0.187256 0.736285 0.183027
2 0.808293 0.896567 0.807902 0.902764 0.808195 0.908477 0.808875 0.911147 0.811305 0.910781 0.811984 0.907866 0.812473 0.90228 0.812473 0.896084 0.811793 0.892681 0.810043 0.891221 0.80907 0.892681
2 0.598805 0.0529297 0.602461 0.0536328 0.606492 0.0549805 0.610008 0.0558594 0.613336 0.0552148 0.615867 0.0531641 0.619898 0.0514648 0.62318 0.0512305 0.624727 0.0524023 0.624492 0.0539258 0.623602 0.0545117 0.620273 0.0548047 0.617789 0.0555664 0.614258 0.057666 0.612398 0.0600195 0.61118 0.0606641 0.609164 0.0603711 0.606492 0.059375 0.599695 0.0559766 0.597383 0.0558105 0.594961 0.0555078 0.595055 0.0539258 0.596742 0.0525781
1 0.298961 0 0.299883 0.00263672 0.303594 0.00585938 0.309273 0.00609375 0.315188 0.00447754 0.316562 0.00407227 0.318914 0.00518555 0.320129 0.00649902 0.321668 0.00609375 0.322965 0.00518555 0.323855 0.00295898 0.324098 1.95313e-05 0.319031 0
2 0.45957 0.127197 0.456172 0.12583 0.451695 0.126113 0.448582 0.130122 0.44868 0.133403 0.451402 0.133765 0.454902 0.136318 0.457813 0.137402 0.460156 0.135596 0.462188 0.133057 0.461797 0.130127
