1 0.578906 0.322754 0.577734 0.326172 0.580078 0.333496 0.587109 0.34375 0.589453 0.34375 0.590234 0.342285 0.590234 0.338379 0.585547 0.327148 0.581641 0.323242
1 0.623047 0.302246 0.620313 0.299316 0.616797 0.300293 0.609766 0.306641 0.608203 0.314453 0.609766 0.315918 0.612109 0.315918 0.615625 0.313965 0.621484 0.307617
1 0.295703 0.401367 0.294531 0.401367 0.291406 0.404297 0.289062 0.409668 0.285938 0.413574 0.263281 0.433105 0.260937 0.438477 0.260937 0.443848 0.262891 0.44873 0.265234 0.448242 0.273828 0.438477 0.279687 0.435547 0.287109 0.428223 0.294141 0.419434 0.296875 0.412109
1 0.300781 0.405273 0.300391 0.408691 0.301953 0.412598 0.309766 0.425293 0.311328 0.425293 0.3125 0.418457 0.310156 0.40918 0.30625 0.405273
1 0.213672 0.750977 0.210547 0.750488 0.208203 0.751465 0.200781 0.76123 0.19375 0.763672 0.185938 0.763672 0.184766 0.765137 0.184766 0.768555 0.185547 0.77002 0.189453 0.771973 0.198828 0.771484 0.204297 0.769043 0.210938 0.762695 0.213672 0.755859
1 0.919141 0.525391 0.916406 0.522461 0.908203 0.523438 0.898047 0.532227 0.884766 0.537598 0.881641 0.541504 0.883203 0.544434 0.888281 0.546387 0.905078 0.547852 0.912891 0.540527 0.919141 0.530273
1 0.682422 0.204102 0.680469 0.202637 0.671484 0.202637 0.666016 0.204102 0.660937 0.208008 0.660156 0.210449 0.662109 0.213867 0.669141 0.214844 0.678906 0.209473 0.682422 0.205566
1 0.629687 0.131836 0.626172 0.13623 0.625391 0.141113 0.626172 0.148926 0.630078 0.155762 0.635156 0.156738 0.637109 0.154297 0.637109 0.149902 0.635547 0.145508 0.635547 0.142578 0.631641 0.131836
1 0.254297 0.0166016 0.252734 0.015625 0.248047 0.0161133 0.244922 0.0205078 0.243359 0.0244141 0.242578 0.03125 0.24375 0.0390625 0.246875 0.0375977 0.252734 0.0292969 0.255078 0.0219727
1 0.244922 0.119141 0.24375 0.119141 0.239844 0.125 0.237109 0.134277 0.2375 0.14209 0.239453 0.144043 0.241016 0.143555 0.244141 0.13916 0.246094 0.133789 0.246484 0.126465
1 0.0953125 0.0556641 0.0914062 0.0556641 0.0890625 0.0595703 0.0910156 0.0625 0.0925781 0.0678711 0.0933594 0.0786133 0.0898438 0.0893555 0.0863281 0.0942383 0.0835937 0.0961914 0.0832031 0.100098 0.0878906 0.100586 0.0914062 0.0996094 0.0996094 0.090332 0.101172 0.0839844 0.101562 0.0727539 0.100391 0.0664062
1 0.0953125 0.0361328 0.0914062 0.0375977 0.0792969 0.0522461 0.0746094 0.0605469 0.075 0.0644531 0.0808594 0.0644531 0.0880469 0.0556152 0.0948047 0.0540527 0.0960938 0.0429688 0.0960938 0.0371094
1 0.128906 0.00488281 0.126562 0.00537109 0.125 0.0078125 0.123438 0.0161133 0.123438 0.0258789 0.126172 0.0292969 0.130469 0.0283203 0.131641 0.0268555 0.133203 0.0185547 0.132031 0.00732422 0.130859 0.00537109
1 0.511328 0.0371094 0.508594 0.0366211 0.50625 0.0380859 0.503516 0.0356445 0.501563 0.0356445 0.49375 0.0449219 0.495508 0.0451172 0.490234 0.0478516 0.489453 0.0498047 0.498828 0.0507812 0.501172 0.0473633 0.50625 0.0442871 0.511719 0.0405273
1 0.688516 0.0264648 0.691914 0.0292969 0.689453 0.0390625 0.682461 0.0507324 0.679844 0.0477051 0.679219 0.0434082 0.681641 0.0375977 0.683711 0.029541
1 0.693359 0.0698242 0.694141 0.0732422 0.700391 0.078125 0.708984 0.0805664 0.714336 0.0816895 0.715234 0.0805664 0.717578 0.0800781 0.717578 0.0786133 0.715625 0.0776367 0.714063 0.074707 0.705859 0.0698242 0.695312 0.0683594
1 0.685937 0.0644531 0.686406 0.0617676 0.678516 0.065918 0.676562 0.0688477 0.676562 0.0732422 0.676953 0.0792969 0.682422 0.0766602 0.685547 0.0742188 0.687109 0.0703125 0.687109 0.0673828
1 0.669922 0.0185547 0.667578 0.0219727 0.669141 0.0332031 0.670312 0.034668 0.673438 0.0341797 0.675781 0.0297852 0.676172 0.0229492 0.674609 0.0195312
1 0.544141 0.185059 0.548047 0.192871 0.553516 0.197266 0.560937 0.197754 0.563281 0.196289 0.564844 0.193359 0.564453 0.188965 0.560937 0.186035 0.544922 0.184082
1 0.482422 0.244629 0.486719 0.246094 0.498437 0.245117 0.502344 0.241211 0.502344 0.23877 0.500391 0.235352 0.498437 0.234375 0.490234 0.234375 0.484766 0.237305
1 0.503125 0.324219 0.5 0.324707 0.496875 0.32959 0.495312 0.337891 0.497656 0.341797 0.501563 0.34082 0.503906 0.337891 0.505078 0.334473 0.505469 0.328125 0.505078 0.326172
1 0.388672 0.275879 0.389453 0.280762 0.390625 0.282715 0.395703 0.287109 0.400391 0.293945 0.403125 0.295898 0.405078 0.29541 0.40625 0.29248 0.40625 0.289062 0.403516 0.282715 0.392578 0.275879
1 0.369922 0.226904 0.364844 0.23584 0.359375 0.240234 0.352461 0.241602 0.356641 0.251465 0.357422 0.252441 0.364844 0.252441 0.370703 0.248047 0.371875 0.239746
1 0.376172 0.223633 0.373828 0.231934 0.36875 0.240234 0.37293 0.25083 0.377344 0.260742 0.381641 0.26123 0.383984 0.25293 0.383984 0.242676 0.380469 0.226562 0.378125 0.223633
1 0.335547 0.111328 0.336328 0.116699 0.341797 0.118164 0.344922 0.121582 0.348438 0.123535 0.353516 0.123535 0.357031 0.119629 0.351172 0.109375 0.342578 0.103516 0.341016 0.103516 0.338672 0.105469
2 0.892578 0.583496 0.891406 0.583496 0.891016 0.585449 0.892969 0.591797 0.892969 0.600098 0.889844 0.612793 0.883594 0.626465 0.882422 0.636719 0.883984 0.641113 0.885938 0.641113 0.889453 0.635742 0.891797 0.627441 0.898047 0.616211 0.9 0.606934 0.900391 0.599609 0.898828 0.591309 0.897266 0.587891
2 0.436328 0.661133 0.435156 0.663574 0.435156 0.666504 0.438281 0.671387 0.444141 0.675781 0.458594 0.691895 0.462891 0.699707 0.466797 0.701172 0.467969 0.699219 0.467969 0.693359 0.464844 0.68457 0.454688 0.674805 0.449609 0.666504 0.441406 0.660645
2 0.471094 0.952637 0.469141 0.956055 0.466406 0.972168 0.466797 0.993652 0.46875 1 0.475391 1 0.476172 0.996582 0.476562 0.958008 0.474609 0.952637
2 0.767578 0.825684 0.768359 0.833984 0.770703 0.839844 0.783203 0.855957 0.791797 0.862305 0.799609 0.864746 0.801953 0.862793 0.804688 0.863281 0.805859 0.865723 0.808203 0.864746 0.807031 0.861816 0.800781 0.860352 0.799219 0.858887 0.795312 0.852539 0.782813 0.837402 0.778906 0.827637 0.775781 0.82666 0.772266 0.821289 0.770312 0.821289
1 0.732812 0.765625 0.732031 0.766602 0.732422 0.77832 0.730859 0.789062 0.733203 0.798828 0.737109 0.804688 0.742969 0.809082 0.750391 0.811523 0.75625 0.811035 0.757422 0.807617 0.757031 0.805664 0.741797 0.789551 0.739453 0.783203 0.739453 0.777344 0.738281 0.771973 0.735938 0.767578
2 0.771875 0.771484 0.76875 0.769531 0.766797 0.769531 0.764062 0.771973 0.759766 0.772461 0.755078 0.774902 0.744023 0.786133 0.735547 0.809912 0.738867 0.820068 0.755469 0.791504 0.757422 0.787598 0.763281 0.781738 0.766406 0.776855 0.771484 0.775391
1 0.129297 0.659668 0.127734 0.661621 0.128906 0.669922 0.134766 0.677246 0.139844 0.681152 0.145313 0.688477 0.153906 0.706055 0.157812 0.705566 0.159766 0.700684 0.158984 0.69043 0.157812 0.685547 0.151562 0.674316 0.139063 0.663574 0.132031 0.65918
1 0.00585938 0.521973 0.00585938 0.525391 0.00898437 0.530273 0.0113281 0.53125 0.0183594 0.538086 0.0296875 0.546387 0.0367188 0.557129 0.0378906 0.557129 0.0417969 0.553223 0.0398437 0.547852 0.0300781 0.532715 0.0183594 0.521973
2 0.204297 0.864746 0.201172 0.873535 0.201172 0.881348 0.204297 0.889648 0.209766 0.89502 0.214453 0.897461 0.223047 0.897461 0.232813 0.893066 0.235937 0.88916 0.235937 0.886719 0.233984 0.885254 0.219141 0.886719 0.214453 0.884766 0.208203 0.876953 0.208594 0.86377 0.205469 0.86377
2 0.256641 0.400879 0.253516 0.399414 0.244141 0.399902 0.238281 0.404785 0.238672 0.407715 0.233594 0.415527 0.229687 0.424805 0.224609 0.433105 0.220703 0.435547 0.216797 0.432129 0.212891 0.431641 0.2125 0.437012 0.213672 0.44043 0.216406 0.444336 0.219531 0.446289 0.225391 0.445801 0.230859 0.440918 0.235937 0.435059 0.248438 0.407715 0.257422 0.404297
2 0.260937 0.166992 0.259766 0.16748 0.258203 0.177246 0.250781 0.192383 0.248438 0.194824 0.242578 0.194336 0.239844 0.195312 0.239063 0.196289 0.239063 0.199219 0.240234 0.201172 0.251953 0.20166 0.256641 0.198242 0.2625 0.18457 0.263672 0.179199 0.263281 0.169434
1 0.617578 0.238281 0.616797 0.239258 0.616797 0.242188 0.618359 0.246094 0.61875 0.25 0.620313 0.252441 0.621875 0.26416 0.624219 0.270996 0.624219 0.278809 0.626953 0.290527 0.626563 0.29541 0.628125 0.299805 0.630469 0.30127 0.632031 0.299316 0.633203 0.293457 0.634375 0.28125 0.631641 0.257324 0.629687 0.252441 0.620703 0.241211 0.619922 0.23877
2 0.405078 0.385742 0.396875 0.38623 0.394141 0.388672 0.384375 0.392578 0.378906 0.401855 0.372656 0.408203 0.370703 0.416504 0.372266 0.418457 0.374609 0.417969 0.380859 0.413574 0.384375 0.40918 0.390234 0.404785 0.397266 0.391113 0.399609 0.390625 0.405078 0.392578 0.40625 0.389648
2 0.584766 0.381836 0.583594 0.384277 0.583594 0.397461 0.582812 0.402344 0.579297 0.408691 0.579297 0.411621 0.582422 0.413574 0.585156 0.413086 0.590234 0.408203 0.592578 0.403809 0.593359 0.398438 0.592969 0.391602 0.588672 0.383301
2 0.539453 0.356445 0.5375 0.35498 0.532813 0.355469 0.529687 0.35791 0.524219 0.358887 0.518359 0.361816 0.510938 0.367188 0.508203 0.37207 0.508203 0.374512 0.508984 0.375977 0.513281 0.37793 0.517969 0.374023 0.521484 0.373047 0.525781 0.369629 0.529687 0.368652 0.534766 0.361816 0.5375 0.360352 0.539453 0.35791
2 0.438672 0.286621 0.437109 0.285156 0.433984 0.285156 0.428906 0.287109 0.415234 0.289062 0.403906 0.297852 0.403125 0.299316 0.403516 0.302246 0.405469 0.304199 0.408984 0.304688 0.412891 0.30127 0.423438 0.297363 0.428906 0.297363 0.434375 0.295898 0.4375 0.291992
2 0.261719 0.510742 0.260937 0.511719 0.261719 0.51416 0.266797 0.516113 0.272266 0.519531 0.274219 0.521973 0.283984 0.541016 0.286719 0.544434 0.2875 0.548828 0.290234 0.551758 0.293359 0.552734 0.294141 0.553711 0.294141 0.556641 0.294922 0.556641 0.294922 0.553223 0.297656 0.54834 0.294531 0.540527 0.290625 0.535156 0.286719 0.525391 0.278516 0.516113 0.274219 0.512695
2 0.448047 0.116699 0.446094 0.116699 0.441406 0.121582 0.439063 0.127441 0.439453 0.140625 0.442969 0.151855 0.444531 0.151855 0.445312 0.150391 0.446094 0.131836 0.449219 0.122559 0.449219 0.118652
2 0.458594 0.0839844 0.458984 0.0874023 0.4625 0.0966797 0.471094 0.11084 0.476562 0.115723 0.486328 0.120605 0.494141 0.120605 0.495312 0.119629 0.49375 0.11377 0.489453 0.110352 0.483203 0.107422 0.473438 0.0986328 0.468359 0.0922852 0.466797 0.0874023 0.463281 0.0830078 0.459375 0.0830078
2 0.637891 0.0996094 0.635938 0.102539 0.633594 0.12207 0.633594 0.134277 0.635156 0.140625 0.638281 0.144043 0.639844 0.143066 0.641797 0.13916 0.641016 0.130859 0.641797 0.120605 0.639844 0.11084 0.639453 0.104004
2 0.704688 0.0874023 0.701562 0.0859375 0.700781 0.0878906 0.700391 0.101562 0.698047 0.116211 0.691797 0.125488 0.683203 0.131348 0.681641 0.133789 0.682031 0.135742 0.684766 0.137207 0.694531 0.137207 0.703125 0.132812 0.709375 0.126465 0.710547 0.117676
2 0.361719 0.161621 0.360547 0.161133 0.356641 0.162598 0.352734 0.166016 0.346484 0.181152 0.346094 0.1875 0.346875 0.189453 0.350391 0.189453 0.350781 0.186035 0.353516 0.180664 0.3625 0.169434 0.363672 0.166016
2 0.375391 0.200195 0.374609 0.202148 0.376172 0.209473 0.382031 0.216797 0.384766 0.228027 0.385937 0.229492 0.389062 0.22998 0.391797 0.225586 0.392188 0.223145 0.388672 0.213379 0.380859 0.202148 0.377344 0.199707
1 0.363672 0.201172 0.364453 0.202148 0.371094 0.201172 0.373437 0.199219 0.377734 0.192383 0.386719 0.192871 0.392969 0.195312 0.405078 0.195801 0.412109 0.191895 0.413672 0.189941 0.415234 0.185059 0.411719 0.182129 0.403906 0.182129 0.386719 0.178711 0.377734 0.179199 0.373828 0.181641 0.371094 0.186035 0.367969 0.187988 0.363672 0.197266
1 0.542266 0.207568 0.535937 0.20415 0.524609 0.203613 0.516406 0.211426 0.516016 0.217285 0.520703 0.220703 0.528906 0.21875 0.536992 0.209375
1 0.426563 0.321094 0.429375 0.317871 0.435937 0.314453 0.439844 0.3125 0.448437 0.312988 0.451172 0.31543 0.451953 0.317871 0.450781 0.320312 0.44375 0.324902 0.437891 0.325195 0.428477 0.323193
1 0.825391 0.819336 0.821484 0.818848 0.817969 0.821777 0.817187 0.826172 0.817578 0.832031 0.81875 0.837402 0.822266 0.838379 0.826562 0.832031 0.827344 0.821777
1 0.747266 0.906738 0.745703 0.921875 0.747266 0.927246 0.747266 0.931152 0.749219 0.935547 0.748828 0.939453 0.74625 0.953516 0.75625 0.939453 0.757422 0.932129 0.757031 0.92627 0.752734 0.916992 0.748828 0.912598 0.748828 0.906738
1 0.693359 0.89209 0.693359 0.897461 0.702734 0.910156 0.706641 0.922852 0.707031 0.927734 0.705469 0.93457 0.698828 0.946289 0.698828 0.948242 0.7 0.949707 0.701953 0.949707 0.714453 0.936035 0.716406 0.931152 0.716797 0.922363 0.714453 0.915039 0.707031 0.902344 0.698828 0.893066
1 0.797656 0.869141 0.797266 0.874023 0.799609 0.880859 0.805469 0.893555 0.808984 0.897949 0.810937 0.90332 0.814453 0.906738 0.818359 0.906738 0.821875 0.904297 0.821094 0.900391 0.816016 0.896484 0.815234 0.89209 0.812891 0.888672 0.811328 0.883301 0.807813 0.87793 0.799609 0.869141
1 0.980078 0.969727 0.980469 0.975586 0.9875 0.983398 0.993359 0.985352 0.998047 0.985352 0.998437 0.982422 1 0.981934 1 0.978027 0.998437 0.978027 0.995703 0.974609 0.991016 0.971191 0.983203 0.968262
1 0.917188 0.966309 0.919531 0.969238 0.926172 0.970703 0.939844 0.969238 0.942578 0.97168 0.951953 0.971191 0.951953 0.969727 0.949219 0.96875 0.936328 0.958008 0.933594 0.957031 0.924219 0.958496 0.919922 0.961914
1 0.923438 0.935059 0.919531 0.932129 0.914453 0.932129 0.9125 0.933105 0.902344 0.943359 0.903125 0.946777 0.905469 0.947754 0.912109 0.945801 0.919922 0.94043
1 0.905859 0.945312 0.903516 0.944336 0.891797 0.953125 0.888281 0.95752 0.887891 0.962891 0.888672 0.963867 0.893359 0.963867 0.899609 0.959473 0.903516 0.955078 0.903906 0.952148 0.90625 0.947754
1 0.0570312 0.569824 0.0519531 0.569824 0.0476562 0.573242 0.0457031 0.583496 0.0457031 0.587402 0.0464844 0.588867 0.0496094 0.589844 0.053125 0.587402 0.0550781 0.580078 0.0582031 0.573242 0.0582031 0.571289
1 0.575391 0.00927734 0.574609 0.0117188 0.572266 0.0141602 0.571094 0.0214844 0.576172 0.0263672 0.584375 0.0288086 0.5875 0.0283203 0.588672 0.0249023 0.584375 0.0175781 0.578125 0.0136719 0.576953 0.0102539
1 0.932422 0.160645 0.932422 0.162109 0.935937 0.166504 0.941797 0.171875 0.953125 0.185547 0.967187 0.193848 0.971094 0.19873 0.974609 0.201172 0.978516 0.201172 0.978516 0.196777 0.975 0.19043 0.969922 0.186035 0.965625 0.180176 0.957422 0.17334 0.953125 0.171387 0.944141 0.164551 0.941016 0.163574 0.935547 0.159668
2 0.160156 0.249512 0.157422 0.251465 0.151953 0.263184 0.150391 0.271484 0.150781 0.280273 0.152734 0.290039 0.157422 0.302734 0.165625 0.313477 0.169531 0.313965 0.170703 0.311523 0.170313 0.306641 0.167187 0.297852 0.164844 0.293945 0.161328 0.282227 0.159766 0.272461 0.160547 0.26416 0.166797 0.251953 0.162891 0.249512
2 0.735547 0.296875 0.733594 0.299316 0.729297 0.321777 0.728906 0.340332 0.730469 0.353516 0.734375 0.369629 0.736719 0.374512 0.739062 0.376465 0.741016 0.376465 0.742188 0.373535 0.742188 0.366699 0.738672 0.348633 0.736719 0.319336 0.737891 0.299805 0.737109 0.297363
2 0.557422 0.875488 0.551562 0.866699 0.548828 0.860352 0.54375 0.860352 0.532422 0.862793 0.498437 0.876953 0.493359 0.885254 0.497266 0.886719 0.501563 0.885742 0.523047 0.875977 0.534375 0.87207 0.545312 0.873047 0.552344 0.878906 0.555859 0.879883 0.557422 0.878418
2 0.419531 0.846191 0.414844 0.837402 0.408594 0.830078 0.401172 0.827637 0.391797 0.828613 0.383984 0.833008 0.377344 0.844238 0.375 0.856445 0.375 0.862793 0.376953 0.865234 0.380469 0.86377 0.388672 0.847168 0.392188 0.843262 0.397266 0.84082 0.404687 0.839844 0.416016 0.848633 0.41875 0.848145
2 0.474609 0.752441 0.470703 0.751465 0.468359 0.75293 0.467578 0.755859 0.468359 0.766113 0.467187 0.775879 0.460938 0.787598 0.459766 0.791504 0.453125 0.79834 0.450391 0.806641 0.450391 0.814941 0.451953 0.819336 0.455078 0.82373 0.457813 0.821289 0.460547 0.814941 0.462109 0.805176 0.46875 0.795898 0.475 0.77832 0.478516 0.758789 0.476953 0.754883
2 0.739062 0.152832 0.737109 0.157715 0.7375 0.186523 0.741797 0.209473 0.741797 0.216309 0.739062 0.22168 0.741797 0.228027 0.745313 0.232422 0.749609 0.234375 0.753125 0.234375 0.753516 0.232422 0.75 0.228027 0.750391 0.219727 0.752344 0.212402 0.750391 0.192871 0.741016 0.153809
2 0.9 0.168457 0.9 0.172363 0.908594 0.193848 0.923828 0.212891 0.926953 0.214355 0.928516 0.213867 0.929297 0.212402 0.928516 0.20459 0.90625 0.171875 0.903516 0.168945
2 0.946094 0.144531 0.944922 0.147949 0.946484 0.155273 0.950391 0.15918 0.958203 0.163574 0.964063 0.168945 0.971875 0.179688 0.973047 0.182617 0.976172 0.185547 0.978125 0.19043 0.980469 0.189941 0.980859 0.181152 0.979297 0.174316 0.975391 0.166504 0.966406 0.157227 0.954297 0.150879 0.947656 0.144043
2 0.101172 0.328613 0.0980469 0.328125 0.0964844 0.329102 0.0910156 0.338379 0.0753906 0.351562 0.0707031 0.358398 0.0621094 0.375977 0.0621094 0.381836 0.0644531 0.382324 0.0796875 0.359863 0.090625 0.350098 0.0984375 0.341309 0.101953 0.333496
2 0.00625 0.406738 0.00625 0.408203 0.009375 0.413574 0.0167969 0.418457 0.0308594 0.424805 0.0382813 0.425781 0.04375 0.427734 0.0515625 0.435059 0.0554687 0.44043 0.0597656 0.442871 0.0613281 0.442871 0.0632812 0.44043 0.0546875 0.424316 0.0484375 0.418945 0.0441406 0.416992 0.0230469 0.412598 0.015625 0.409668 0.0105469 0.40625
2 0.191016 0.32959 0.191016 0.332031 0.192969 0.334473 0.199609 0.333008 0.208203 0.334961 0.212891 0.337402 0.218359 0.347656 0.21875 0.353516 0.219922 0.356934 0.221094 0.35791 0.224219 0.35791 0.225 0.356934 0.225781 0.353516 0.225391 0.34375 0.223438 0.337402 0.217969 0.32959 0.203125 0.322266 0.197266 0.322754
1 0.553594 0.519482 0.554297 0.530273 0.55625 0.535645 0.559766 0.540527 0.564453 0.542969 0.565234 0.535645 0.563672 0.530762 0.558594 0.523926
1 0.595195 0.533057 0.583594 0.538086 0.570703 0.546387 0.569531 0.54834 0.570703 0.553223 0.572656 0.555664 0.577344 0.555176 0.584766 0.54834
1 0.627734 0.540527 0.625586 0.542432 0.634375 0.53418 0.649609 0.536621 0.651563 0.538574 0.644922 0.544922 0.639844 0.546875 0.626211 0.551611
1 0.486719 0.524414 0.497656 0.541016 0.502344 0.539062 0.502734 0.533691 0.497266 0.525391 0.491406 0.522461
1 0.441016 0.519531 0.441797 0.522949 0.448828 0.530762 0.452344 0.532227 0.457813 0.530762 0.456641 0.524414 0.445312 0.518066
1 0.458203 0.538574 0.458984 0.541016 0.465234 0.543945 0.477344 0.541016 0.476562 0.537598 0.472266 0.53418 0.462109 0.533691
1 0.437109 0.520508 0.432031 0.517578 0.423828 0.51709 0.412109 0.526855 0.410547 0.530762 0.413672 0.531738 0.421094 0.527832 0.434375 0.526855 0.437891 0.524902
1 0.460938 0.442383 0.461719 0.448242 0.467187 0.45752 0.469922 0.459473 0.475 0.45752 0.475 0.45166 0.470703 0.445312 0.464844 0.441406
1 0.376563 0.583008 0.372266 0.582031 0.362891 0.592285 0.359375 0.604492 0.361875 0.619092 0.365625 0.611328 0.367969 0.598145
1 0.445703 0.379883 0.446445 0.376025 0.45625 0.39209 0.455859 0.398926 0.450391 0.398438 0.446484 0.394043 0.44375 0.384277
1 0.330078 0.426758 0.332031 0.432617 0.336719 0.437988 0.344922 0.441895 0.350391 0.441895 0.351172 0.436523 0.339453 0.425293 0.333203 0.42334
1 0.354687 0.493164 0.349609 0.493652 0.341797 0.505859 0.339453 0.51416 0.341016 0.520996 0.345313 0.52002 0.351562 0.511719 0.355859 0.495605
1 0.595703 0.392578 0.59375 0.394531 0.593359 0.401367 0.598828 0.413574 0.600391 0.414062 0.603125 0.408691 0.603125 0.397461 0.6 0.392578
1 0.555859 0.46875 0.552734 0.468262 0.55 0.472656 0.548047 0.479492 0.548828 0.48584 0.553125 0.486328 0.555078 0.483887 0.557031 0.473633
1 0.649609 0.588867 0.647266 0.592285 0.646875 0.60498 0.649609 0.612793 0.655078 0.615234 0.65625 0.611328 0.655469 0.597168 0.653906 0.592285
1 0.419141 0.239746 0.418359 0.259277 0.423047 0.26709 0.428906 0.271484 0.430469 0.265137 0.426563 0.248047
1 0.462109 0.236328 0.459766 0.234863 0.455469 0.23584 0.446094 0.246094 0.439414 0.254004 0.451953 0.250488 0.458594 0.247559 0.462109 0.243164
1 0.437109 0.26123 0.438281 0.26709 0.447266 0.275879 0.452734 0.277344 0.463281 0.275879 0.458984 0.273926 0.45625 0.269531 0.446484 0.261719 0.441016 0.259766
1 0.223438 0.46875 0.224609 0.472656 0.247266 0.479492 0.277344 0.479004 0.279297 0.477539 0.277344 0.473145 0.271094 0.470215 0.245312 0.469727 0.232813 0.465332 0.225391 0.46582
1 0.147656 0.553711 0.148047 0.559082 0.153125 0.569824 0.157812 0.572754 0.161328 0.571289 0.162109 0.567871 0.159375 0.558594 0.151172 0.553223
1 0.131641 0.371582 0.130469 0.373535 0.13125 0.379395 0.138672 0.397461 0.142969 0.399414 0.142969 0.386719 0.140234 0.377441 0.135156 0.371582
1 0.114453 0.532715 0.114453 0.535156 0.124609 0.54541 0.130469 0.546387 0.132422 0.544922 0.132031 0.539551 0.123828 0.53125 0.116406 0.530762
1 0.594141 0.177246 0.591016 0.176758 0.585156 0.180664 0.580859 0.19043 0.580859 0.198242 0.583984 0.199219 0.589063 0.195801 0.592187 0.188965
1 0.570703 0.208008 0.569141 0.206055 0.559766 0.208008 0.55625 0.211426 0.555859 0.216797 0.558594 0.218262 0.570703 0.217285
1 0.470313 0.149414 0.472266 0.166992 0.477734 0.183105 0.478906 0.183105 0.482031 0.168457 0.480859 0.15918 0.475 0.151367
1 0.510547 0.154785 0.50625 0.152832 0.501563 0.160645 0.493359 0.163086 0.490234 0.16748 0.491016 0.171387 0.494922 0.174805 0.499609 0.174316 0.508203 0.165527 0.511328 0.15918
1 0.507031 0.169922 0.502734 0.172852 0.501172 0.183594 0.504687 0.1875 0.507031 0.186035 0.510156 0.178223 0.509766 0.172852
1 0.517578 0.163086 0.519141 0.168457 0.532031 0.178711 0.5375 0.177734 0.537891 0.172852 0.535156 0.168457 0.522656 0.162109
1 0.489453 0.259766 0.488672 0.26709 0.491797 0.285645 0.495312 0.286621 0.498437 0.28125 0.497656 0.271484 0.494922 0.264648
1 0.316016 0.388184 0.307031 0.388672 0.302734 0.395996 0.295312 0.395996 0.294141 0.40332 0.302344 0.40332 0.311328 0.398438 0.315625 0.394043
1 0.125391 0.276367 0.110937 0.275879 0.0949219 0.289062 0.0941406 0.293945 0.0953125 0.295898 0.100391 0.29541 0.106641 0.290039 0.116016 0.286133
1 0.167187 0.45752 0.166016 0.457031 0.160938 0.463867 0.151562 0.468262 0.15 0.470703 0.150391 0.475098 0.155078 0.476562 0.163672 0.472656 0.167578 0.465332
1 0.377344 0.729004 0.378516 0.747559 0.382422 0.759277 0.382812 0.769531 0.385547 0.771973 0.389453 0.769043 0.390625 0.765137 0.390234 0.751465 0.385547 0.736328 0.380469 0.72998
1 0.614062 0.773438 0.610938 0.771973 0.6 0.781738 0.591797 0.786133 0.585938 0.797363 0.585938 0.800781 0.592578 0.799805 0.600391 0.794434 0.6125 0.779785
1 0.627344 0.818359 0.627734 0.824219 0.632422 0.834473 0.640625 0.835938 0.644922 0.833496 0.641797 0.827148 0.632422 0.816895
1 0.471484 0.859375 0.469922 0.858887 0.466016 0.862793 0.4625 0.876465 0.458203 0.883789 0.459375 0.888184 0.467578 0.88916 0.472656 0.882812 0.473047 0.864258
1 0.600391 0.907227 0.593359 0.915527 0.588672 0.929688 0.587891 0.959473 0.590625 0.962402 0.593359 0.960938 0.595703 0.95166 0.596484 0.925293 0.600391 0.914062
1 0.614453 0.963867 0.617188 0.969238 0.627344 0.975098 0.632422 0.975586 0.638672 0.970703 0.638281 0.967773 0.622656 0.959961
1 0.208594 0.819824 0.204687 0.822266 0.203906 0.833008 0.200781 0.842773 0.195312 0.847656 0.196875 0.853027 0.205469 0.852051 0.210938 0.841797 0.212109 0.82959 0.210938 0.822754
1 0.0941406 0.773438 0.0953125 0.777832 0.102734 0.780273 0.110547 0.79248 0.114844 0.796387 0.116797 0.795898 0.116797 0.786621 0.110937 0.776367 0.103906 0.77002 0.0996094 0.77002
1 0.0808594 0.768555 0.0792969 0.768066 0.0773438 0.771973 0.0726563 0.773438 0.0617188 0.783203 0.0585938 0.790527 0.0625 0.791504 0.0683594 0.789551 0.0800781 0.773926
1 0.800781 0.240723 0.794141 0.240234 0.791406 0.242676 0.785937 0.265137 0.786719 0.272949 0.797266 0.257324 0.800781 0.24707
1 0.828125 0.244141 0.826562 0.245605 0.829688 0.269043 0.830469 0.271484 0.833984 0.272461 0.8375 0.261719 0.8375 0.255371 0.833594 0.245117
1 0.866406 0.191406 0.8625 0.193359 0.858203 0.203613 0.857812 0.217773 0.860156 0.219727 0.865234 0.21875 0.869141 0.208984 0.86875 0.197266
1 0.686328 0.261719 0.68125 0.263672 0.678516 0.271973 0.678125 0.281738 0.68125 0.284668 0.685547 0.28125 0.690234 0.272461 0.691016 0.265625
1 0.855078 0.225586 0.857422 0.233887 0.875781 0.230957 0.878516 0.228516 0.876563 0.221191 0.865625 0.218262 0.857812 0.21875
1 0.875 0.0649414 0.874219 0.0668945 0.876172 0.0708008 0.885938 0.0742188 0.891406 0.0805664 0.894531 0.0874023 0.898438 0.0913086 0.9 0.100098 0.903906 0.102051 0.904687 0.0991211 0.901563 0.0927734 0.901563 0.081543 0.897656 0.0727539 0.886328 0.0654297
1 0.794141 0.0263672 0.790234 0.0263672 0.78125 0.0375977 0.779297 0.0454102 0.780078 0.0522461 0.785156 0.0522461 0.794922 0.0371094 0.796094 0.0297852
1 0.660156 0.225586 0.659375 0.236328 0.661719 0.246094 0.673047 0.253418 0.677344 0.251953 0.678906 0.246094 0.673438 0.243652 0.667969 0.236816 0.662891 0.226074
1 0.726562 0.291504 0.724219 0.291016 0.721094 0.299805 0.710938 0.305176 0.705469 0.311523 0.700781 0.310059 0.700391 0.31543 0.70625 0.319336 0.722266 0.310547 0.726562 0.30127
1 0.53125 0.542969 0.532031 0.547363 0.536719 0.550781 0.544141 0.550293 0.546484 0.54541 0.537891 0.540039 0.533203 0.540527
1 0.284375 0.115234 0.278906 0.115234 0.272656 0.12207 0.269141 0.135742 0.269531 0.141113 0.272266 0.14209 0.275781 0.140137 0.276953 0.135254 0.285547 0.120605
1 0.181641 0.0625 0.176953 0.0698242 0.176953 0.0786133 0.180469 0.0864258 0.186719 0.0893555 0.189062 0.0869141 0.187109 0.0712891
1 0.108203 0.540527 0.103906 0.542969 0.100781 0.548828 0.100781 0.554688 0.102344 0.556641 0.107031 0.556152 0.108984 0.553711 0.110937 0.544922
1 0.842578 0.61377 0.8375 0.617188 0.835938 0.626465 0.831641 0.63623 0.825625 0.643604 0.839844 0.638184 0.84375 0.632324 0.844141 0.616699
1 0.966016 0.681641 0.958594 0.680664 0.954688 0.682617 0.952344 0.685547 0.944844 0.698682 0.953906 0.694336 0.960156 0.692871 0.965625 0.686523
1 0.921094 0.686523 0.925781 0.685059 0.932031 0.689453 0.93957 0.698975 0.934375 0.69873 0.930078 0.699707 0.911406 0.695215
1 0.986328 0.760254 0.982422 0.758789 0.98125 0.764648 0.964883 0.773633 0.970313 0.780273 0.973437 0.782715 0.978516 0.782715 0.985938 0.777344 0.988672 0.77002 0.988281 0.763672
1 0.814844 0.733398 0.80625 0.733398 0.800391 0.741699 0.799609 0.74707 0.803516 0.749023 0.808594 0.746582 0.814844 0.736816
1 0.960547 0.641113 0.958203 0.641113 0.955078 0.646484 0.955469 0.657715 0.958203 0.662598 0.965625 0.651855 0.964844 0.646484
1 0.950391 0.509277 0.951953 0.51416 0.959766 0.516113 0.967578 0.514648 0.983203 0.506836 0.986719 0.508301 0.997656 0.521973 1 0.522461 1 0.509277 0.99375 0.507324 0.985547 0.499512 0.975391 0.5 0.971094 0.50293 0.952344 0.507324
