1 0.185938 0.126953 0.185156 0.130371 0.188672 0.140137 0.191406 0.168945 0.200391 0.18457 0.208984 0.1875 0.210156 0.182617 0.201563 0.166504 0.2 0.152832 0.194141 0.136719 0.189844 0.128418
1 0.0914062 0.255371 0.0878906 0.250488 0.0753906 0.248535 0.0519531 0.257324 0.0679687 0.26123 0.0839844 0.261719 0.0894531 0.259766
1 0.16875 0.351562 0.167187 0.348633 0.163281 0.347168 0.135547 0.349121 0.122266 0.347656 0.115625 0.349609 0.113672 0.356445 0.115234 0.360352 0.121484 0.363281 0.142578 0.362793 0.161719 0.359375 0.167969 0.355469
1 0.178125 0.375 0.172656 0.374512 0.158203 0.385742 0.148828 0.388672 0.133203 0.398438 0.125391 0.408691 0.124609 0.413574 0.128516 0.415039 0.137109 0.413574 0.158203 0.401367 0.174609 0.38623 0.178906 0.379395
1 0.178516 0.349609 0.180469 0.35498 0.194141 0.364746 0.211719 0.373535 0.215625 0.373535 0.217969 0.371094 0.217969 0.369141 0.207422 0.35791 0.185938 0.348145 0.180859 0.347656
1 0.200391 0.304688 0.2 0.310059 0.205078 0.322754 0.206641 0.335449 0.215234 0.35498 0.223047 0.365234 0.240625 0.380859 0.247656 0.384277 0.25 0.383301 0.251172 0.374512
1 0.291406 0.305664 0.2875 0.306152 0.282813 0.310059 0.275 0.320801 0.271875 0.329102 0.273828 0.335938 0.278906 0.335938 0.284766 0.330078 0.291797 0.31543
1 0.296484 0.331543 0.290234 0.328613 0.277734 0.338379 0.272656 0.347656 0.273828 0.354004 0.279687 0.355469 0.2875 0.350586 0.292578 0.344727 0.296875 0.334473
1 0.253125 0.363281 0.254297 0.370605 0.258594 0.374512 0.276172 0.376465 0.285547 0.371094 0.289453 0.364258 0.289844 0.358887 0.287109 0.355957 0.267188 0.355957 0.257422 0.358398
1 0.399219 0.279785 0.394922 0.276855 0.371094 0.281738 0.344531 0.29541 0.341406 0.30127 0.346875 0.303223 0.373437 0.300781 0.385547 0.295898 0.388672 0.290039 0.393359 0.287598
1 0.453906 0.305664 0.454297 0.310059 0.458594 0.315918 0.467187 0.318359 0.478516 0.325195 0.495703 0.32666 0.498437 0.325684 0.500391 0.321777 0.498828 0.317383 0.46875 0.304199 0.458984 0.303223
1 0.420312 0.272949 0.417578 0.280762 0.418359 0.291016 0.414844 0.30127 0.413672 0.316406 0.419531 0.344727 0.424609 0.351074 0.428125 0.348633 0.427344 0.32959 0.429297 0.313477 0.427344 0.284668 0.424609 0.275391
1 0.528516 0.171875 0.53125 0.190918 0.537109 0.208008 0.553516 0.233398 0.557031 0.233887 0.558594 0.231445 0.558594 0.226074 0.551562 0.214355 0.537109 0.178223 0.532813 0.171875
1 0.653125 0.119141 0.648438 0.117676 0.6375 0.123047 0.617969 0.128418 0.607812 0.135742 0.605078 0.139648 0.605078 0.144043 0.608594 0.14502 0.634766 0.136719 0.651563 0.125488
1 0.709375 0.245117 0.705078 0.245605 0.695703 0.253906 0.684766 0.268555 0.677344 0.300293 0.677734 0.307129 0.682031 0.307617 0.686328 0.302246 0.696875 0.276855 0.697266 0.270508 0.709375 0.252441
1 0.597656 0.318848 0.596094 0.316895 0.591016 0.317871 0.578125 0.327148 0.5625 0.333496 0.558203 0.338379 0.558984 0.34375 0.566016 0.346191 0.576562 0.342285 0.591797 0.32959 0.595703 0.324707
1 0.607422 0.362305 0.605078 0.359863 0.570312 0.366211 0.561328 0.371094 0.557031 0.378418 0.55625 0.383301 0.559766 0.385254 0.568359 0.384277 0.592187 0.376465 0.604688 0.370117 0.607422 0.365723
1 0.60625 0.479004 0.607422 0.483398 0.626953 0.5 0.649609 0.509766 0.6625 0.51123 0.660547 0.505859 0.654297 0.5 0.635547 0.489746 0.622656 0.47998 0.613281 0.476562 0.608594 0.476562
1 0.685937 0.502441 0.680859 0.501953 0.666797 0.51709 0.644922 0.543945 0.644922 0.549316 0.654297 0.549316 0.665625 0.540039 0.682422 0.517578 0.686328 0.508789
1 0.791406 0.420898 0.782422 0.42627 0.765234 0.447754 0.750391 0.469727 0.749219 0.477051 0.750781 0.479004 0.757031 0.479492 0.780859 0.452148 0.791406 0.428223
1 0.520312 0.536621 0.517578 0.542969 0.520312 0.568848 0.528125 0.597168 0.530078 0.599609 0.532813 0.598145 0.533984 0.591797 0.533203 0.560547 0.527344 0.544434 0.521875 0.536621
1 0.420703 0.433105 0.415234 0.432129 0.410938 0.435059 0.405859 0.442383 0.403516 0.449219 0.404687 0.458984 0.412109 0.461426 0.416016 0.45752 0.421875 0.442871 0.422266 0.436035
1 0.359766 0.476562 0.357812 0.474121 0.353906 0.474121 0.333203 0.483398 0.326562 0.488281 0.321484 0.495117 0.321094 0.500977 0.330469 0.509277 0.335938 0.508301 0.346484 0.501953 0.359766 0.486816
1 0.280859 0.459473 0.280078 0.462402 0.294141 0.491699 0.303516 0.501465 0.316016 0.510742 0.317578 0.513672 0.317578 0.520996 0.320703 0.52002 0.323437 0.513672 0.316797 0.500488 0.303906 0.487793 0.297266 0.475586 0.283594 0.458984
1 0.212891 0.410645 0.212891 0.413086 0.216797 0.417969 0.230469 0.422363 0.257812 0.422852 0.255859 0.416992 0.240625 0.410156 0.216016 0.407227
1 0.424219 0.138184 0.421875 0.135742 0.412109 0.137207 0.388281 0.145996 0.385547 0.150391 0.388281 0.154297 0.415625 0.150391
1 0.459766 0.132324 0.454297 0.130859 0.435156 0.134766 0.426953 0.13916 0.421484 0.147461 0.408984 0.155273 0.407422 0.15918 0.410547 0.161621 0.428516 0.160156 0.442578 0.154785 0.45625 0.144043 0.459766 0.136719
1 0.200781 0.700195 0.201563 0.705566 0.207813 0.714355 0.216797 0.722656 0.225391 0.726074 0.248438 0.726074 0.25 0.724609 0.25 0.719727 0.244922 0.715332 0.224219 0.710938 0.20625 0.697266 0.202734 0.697754
1 0.471094 0.802734 0.463281 0.806641 0.458984 0.822266 0.446094 0.848633 0.444141 0.862793 0.448047 0.86377 0.453125 0.858887 0.467578 0.834961 0.472266 0.816406
1 0.463672 0.803223 0.451953 0.79834 0.435156 0.798828 0.416016 0.80957 0.40625 0.818359 0.406641 0.822266 0.410156 0.824219 0.417969 0.82373 0.446484 0.8125 0.460156 0.810547
1 0.678516 0.740234 0.674609 0.744141 0.672266 0.758789 0.673047 0.788574 0.675 0.79834 0.673438 0.802246 0.673828 0.81543 0.676953 0.820801 0.678906 0.819824 0.683594 0.805176 0.682422 0.79834 0.683984 0.794922 0.682813 0.750488 0.681641 0.744141
1 0.692187 0.733398 0.689063 0.734863 0.683984 0.756836 0.682813 0.780762 0.683984 0.793945 0.689844 0.80127 0.692578 0.810059 0.694531 0.811523 0.697656 0.810059 0.700391 0.798828 0.701562 0.777344 0.698828 0.764648 0.698047 0.748535 0.694922 0.73584
1 0.727344 0.758789 0.731641 0.766602 0.735938 0.768066 0.758984 0.785645 0.772266 0.788086 0.775 0.785156 0.772656 0.780762 0.748828 0.762695 0.732812 0.757812
1 0.895703 0.65625 0.896484 0.663086 0.898828 0.666992 0.90625 0.672363 0.91875 0.677246 0.939844 0.676758 0.950391 0.672363 0.947266 0.664062 0.940625 0.660645 0.914844 0.659668 0.900391 0.654785
1 0.955078 0.590332 0.950781 0.593262 0.948047 0.603027 0.948438 0.630859 0.95 0.638184 0.958203 0.655273 0.962891 0.656738 0.961719 0.595703 0.959766 0.59082
1 0.946484 0.613281 0.942578 0.613281 0.939844 0.617188 0.937891 0.626953 0.937891 0.633789 0.939453 0.637207 0.944141 0.637207 0.947656 0.632324 0.948047 0.615234
1 0.994922 0.601074 0.990625 0.602539 0.991797 0.626465 0.9875 0.643555 0.98125 0.65625 0.980859 0.661621 0.982422 0.663086 0.989844 0.661133 1 0.654297 1 0.603516
1 1 0.461914 0.986719 0.462402 0.972266 0.46582 0.934375 0.481445 0.935547 0.48584 0.969141 0.481934 1 0.468262
1 0.806641 0.28125 0.809375 0.287109 0.830469 0.296875 0.844922 0.297363 0.854297 0.299805 0.862109 0.29834 0.864453 0.29541 0.863281 0.291016 0.860938 0.289062 0.835156 0.279785 0.810547 0.27832
1 0.922266 0.265137 0.923047 0.268066 0.946094 0.274902 0.959766 0.271973 0.971484 0.272461 0.975391 0.270508 0.975391 0.266602 0.973828 0.265137 0.951562 0.259766 0.927734 0.259277 0.923438 0.26123
1 0.900391 0.256348 0.9 0.266113 0.904687 0.271484 0.904297 0.288086 0.907422 0.30127 0.912891 0.302734 0.916016 0.300781 0.916797 0.285156 0.910547 0.256836 0.908203 0.25293
1 0.899609 0.273438 0.896484 0.272949 0.892578 0.276855 0.884375 0.299316 0.880859 0.341309 0.883594 0.344727 0.886328 0.34375 0.896094 0.329102 0.894141 0.320312 0.894922 0.308594 0.902344 0.296875 0.899609 0.291016 0.901563 0.283203 0.901563 0.275879
1 0.905078 0.280273 0.903516 0.280273 0.901172 0.299805 0.9 0.300781 0.896875 0.295898 0.894922 0.304688 0.895703 0.325684 0.896875 0.328125 0.9 0.329102 0.90625 0.32666 0.911719 0.320801 0.914453 0.314941 0.914844 0.30127 0.908203 0.300293 0.905469 0.294922 0.908984 0.291016 0.915234 0.291504 0.915625 0.289062 0.913281 0.287598 0.908594 0.288574
1 0.0535156 0.643066 0.0527344 0.644043 0.0523438 0.644043 0.0519531 0.644531 0.0515625 0.644531 0.0511719 0.64502 0.0511719 0.645508 0.05 0.646973 0.05 0.647461 0.0492187 0.648438 0.0492187 0.654297 0.05 0.655273 0.05 0.655762 0.0511719 0.657227 0.0511719 0.657715 0.0515625 0.658203 0.0519531 0.658203 0.0523438 0.658691 0.0523438 0.65918 0.0558594 0.663574 0.05625 0.663574 0.0601563 0.668457 0.0605469 0.668457 0.0613281 0.669434 0.0617188 0.669434 0.0636719 0.671875 0.0640625 0.671875 0.0644531 0.672363 0.0648438 0.672363 0.065625 0.67334 0.0660156 0.67334 0.0664062 0.673828 0.0667969 0.673828 0.0671875 0.674316 0.0675781 0.674316 0.0679687 0.674805 0.06875 0.674805 0.0691406 0.675293 0.0695313 0.675293 0.0699219 0.675781 0.0707031 0.675781 0.0710937 0.67627 0.0714844 0.67627 0.071875 0.676758 0.0726563 0.676758 0.0730469 0.677246 0.0734375 0.677246 0.0738281 0.677734 0.0746094 0.677734 0.075 0.678223 0.0753906 0.678223 0.0757812 0.678711 0.0761719 0.678711 0.0792969 0.682617 0.0800781 0.682617 0.0820312 0.685059 0.0824219 0.685059 0.0832031 0.686035 0.0832031 0.686523 0.084375 0.687988 0.084375 0.688477 0.0847656 0.688965 0.0847656 0.689453 0.0863281 0.691406 0.0863281 0.692871 0.0875 0.694336 0.0878906 0.694336 0.090625 0.697754 0.0910156 0.697754 0.0925781 0.699707 0.0929688 0.699707 0.09375 0.700684 0.0941406 0.700684 0.0945312 0.701172 0.096875 0.701172 0.0972656 0.700684 0.0980469 0.700684 0.0984375 0.700195 0.0988281 0.700195 0.1 0.69873 0.1 0.693848 0.0996094 0.693359 0.0996094 0.691406 0.0992187 0.690918 0.0992187 0.688965 0.0960938 0.685059 0.0960938 0.68457 0.0957031 0.684082 0.0957031 0.683594 0.0945312 0.682129 0.0941406 0.682129 0.0929688 0.680664 0.0929688 0.680176 0.090625 0.677246 0.090625 0.676758 0.0871094 0.672363 0.0871094 0.671387 0.0851563 0.668945 0.0847656 0.668945 0.0816406 0.665039 0.08125 0.665039 0.0808594 0.664551 0.0796875 0.664551 0.0792969 0.664062 0.0789062 0.664062 0.0773438 0.662109 0.0773438 0.660645 0.0761719 0.65918 0.0761719 0.658691 0.0757812 0.658203 0.0757812 0.657715 0.0753906 0.657227 0.0753906 0.656738 0.075 0.65625 0.075 0.655273 0.0746094 0.654785 0.0746094 0.653809 0.0742188 0.65332 0.0742188 0.652832 0.0738281 0.652344 0.0738281 0.651855 0.0734375 0.651367 0.0734375 0.650879 0.0722656 0.649414 0.071875 0.649414 0.0710937 0.648438 0.0703125 0.648438 0.0699219 0.647949 0.0691406 0.647949 0.0683594 0.646973 0.0679687 0.646973 0.0675781 0.646484 0.0671875 0.646484 0.0667969 0.645996 0.0664062 0.645996 0.0660156 0.645508 0.0644531 0.645508 0.0632812 0.644043 0.0628906 0.644043 0.0621094 0.643066
1 0.0726563 0.653809 0.0722656 0.654297 0.071875 0.654297 0.0703125 0.65625 0.0703125 0.661621 0.0710937 0.662598 0.0710937 0.664062 0.071875 0.665039 0.071875 0.665527 0.0734375 0.66748 0.0734375 0.667969 0.075 0.669922 0.075 0.67041 0.0761719 0.671875 0.0765625 0.671875 0.0769531 0.672363 0.0773438 0.672363 0.0785156 0.673828 0.0789062 0.673828 0.0808594 0.67627 0.08125 0.67627 0.0820312 0.677246 0.0824219 0.677246 0.0832031 0.678223 0.0835937 0.678223 0.0855469 0.680664 0.0859375 0.680664 0.0863281 0.681152 0.0867187 0.681152 0.0871094 0.681641 0.0875 0.681641 0.0878906 0.682129 0.0882813 0.682129 0.0886719 0.682617 0.0890625 0.682617 0.0898438 0.683594 0.0902344 0.683594 0.0914062 0.685059 0.0917969 0.685059 0.0925781 0.686035 0.0933594 0.686035 0.0953125 0.688477 0.0957031 0.688477 0.0964844 0.689453 0.096875 0.689453 0.0984375 0.691406 0.0984375 0.691895 0.0996094 0.693359 0.1 0.693359 0.101562 0.695312 0.101562 0.695801 0.101953 0.696289 0.102344 0.696289 0.102734 0.696777 0.103125 0.696777 0.103906 0.697754 0.104297 0.697754 0.108203 0.702637 0.108594 0.702637 0.109375 0.703613 0.1125 0.703613 0.113672 0.702148 0.113672 0.700195 0.114062 0.699707 0.114062 0.696289 0.113672 0.695801 0.113672 0.693848 0.113281 0.693359 0.113281 0.692871 0.112891 0.692383 0.112891 0.691895 0.1125 0.691406 0.1125 0.69043 0.112109 0.689941 0.112109 0.689453 0.111328 0.688477 0.111328 0.6875 0.110547 0.686523 0.110547 0.685059 0.109375 0.683594 0.109375 0.682129 0.108594 0.681152 0.108594 0.680176 0.106641 0.677734 0.106641 0.677246 0.105078 0.675293 0.105078 0.674316 0.103906 0.672852 0.103906 0.672363 0.103125 0.671387 0.103125 0.67041 0.100781 0.66748 0.100781 0.666992 0.0984375 0.664062 0.0980469 0.664062 0.096875 0.662598 0.0960938 0.662598 0.0941406 0.660156 0.0941406 0.659668 0.0929688 0.658203 0.0925781 0.658203 0.0914062 0.656738 0.090625 0.656738 0.0894531 0.655273 0.0886719 0.655273 0.0882813 0.654785 0.0785156 0.654785 0.078125 0.654297 0.0765625 0.654297 0.0761719 0.653809
1 0.0570312 0.614258 0.0546875 0.617188 0.0546875 0.618164 0.0539063 0.619141 0.0539063 0.619629 0.0535156 0.620117 0.0535156 0.628906 0.0539063 0.629395 0.0539063 0.629883 0.0542969 0.630371 0.0546875 0.630371 0.0550781 0.630859 0.0550781 0.632324 0.0558594 0.633301 0.0558594 0.633789 0.0566406 0.634766 0.0566406 0.635254 0.0574219 0.63623 0.0574219 0.636719 0.0585938 0.638184 0.0589844 0.638184 0.0601563 0.639648 0.0601563 0.640137 0.0605469 0.640625 0.0605469 0.641113 0.0625 0.643555 0.0632812 0.643555 0.0636719 0.644043 0.0636719 0.644531 0.0648438 0.645996 0.0652344 0.645996 0.06875 0.650391 0.0691406 0.650391 0.0710937 0.652832 0.0714844 0.652832 0.075 0.657227 0.0761719 0.657227 0.0785156 0.660156 0.0789062 0.660156 0.0800781 0.661621 0.0808594 0.661621 0.08125 0.662109 0.0867187 0.662109 0.0871094 0.661621 0.0875 0.661621 0.0890625 0.659668 0.0890625 0.658691 0.0898438 0.657715 0.0898438 0.645508 0.0894531 0.64502 0.0894531 0.644531 0.0886719 0.643555 0.0886719 0.643066 0.0882813 0.642578 0.0882813 0.64209 0.0878906 0.641602 0.0878906 0.640625 0.0867187 0.63916 0.0867187 0.637207 0.0859375 0.63623 0.0859375 0.635254 0.0832031 0.631836 0.0832031 0.631348 0.0828125 0.630859 0.0828125 0.630371 0.0800781 0.626953 0.0796875 0.626953 0.0773438 0.624023 0.0769531 0.624023 0.0765625 0.623535 0.0742188 0.623535 0.0738281 0.623047 0.0738281 0.622559 0.0726563 0.621094 0.0722656 0.621094 0.0714844 0.620117 0.0710937 0.620117 0.0703125 0.619141 0.0695313 0.619141 0.0683594 0.617676 0.0675781 0.617676 0.0660156 0.615723 0.0652344 0.615723 0.0644531 0.614746 0.0640625 0.614746 0.0636719 0.614258
1 0.111328 0.57666 0.110937 0.577148 0.110547 0.577148 0.109375 0.578613 0.108594 0.578613 0.107031 0.580566 0.106641 0.580566 0.105078 0.58252 0.104688 0.58252 0.104297 0.583008 0.103125 0.583008 0.102734 0.583496 0.102344 0.583496 0.101953 0.583984 0.101172 0.583984 0.100781 0.584473 0.100391 0.584473 0.100391 0.584961 0.1 0.585449 0.0996094 0.585449 0.0988281 0.586426 0.0984375 0.586426 0.0953125 0.590332 0.0953125 0.59082 0.0941406 0.592285 0.0941406 0.593262 0.09375 0.59375 0.09375 0.594238 0.0914062 0.597168 0.0914062 0.600586 0.0902344 0.602051 0.0902344 0.604492 0.0898438 0.60498 0.0898438 0.605469 0.0894531 0.605957 0.0894531 0.606445 0.0890625 0.606934 0.0890625 0.607422 0.0886719 0.60791 0.0886719 0.611328 0.0882813 0.611816 0.0882813 0.612793 0.0878906 0.613281 0.0878906 0.617188 0.0875 0.617676 0.0875 0.620117 0.0871094 0.620605 0.0871094 0.625 0.0863281 0.625977 0.0863281 0.631348 0.0859375 0.631836 0.0859375 0.638672 0.0863281 0.63916 0.0863281 0.640137 0.0871094 0.641113 0.0871094 0.641602 0.0882813 0.643066 0.0894531 0.643066 0.0898438 0.643555 0.090625 0.643555 0.0910156 0.644043 0.09375 0.644043 0.0945312 0.643066 0.0953125 0.643066 0.0964844 0.641602 0.0964844 0.640625 0.0972656 0.639648 0.0972656 0.63916 0.0980469 0.638184 0.0980469 0.637695 0.0988281 0.636719 0.0988281 0.635254 0.0992187 0.634766 0.0992187 0.632812 0.0996094 0.632324 0.0996094 0.630859 0.100391 0.629883 0.100391 0.628906 0.100781 0.628418 0.100781 0.627441 0.101172 0.626953 0.101172 0.626465 0.101953 0.625488 0.101953 0.624512 0.102344 0.624023 0.102344 0.623047 0.103516 0.621582 0.103516 0.620605 0.104688 0.619141 0.105078 0.619141 0.10625 0.617676 0.10625 0.616699 0.106641 0.616211 0.106641 0.615234 0.107422 0.614258 0.107422 0.61377 0.108203 0.612793 0.108203 0.612305 0.108594 0.611816 0.108594 0.61084 0.108984 0.610352 0.108984 0.609863 0.109375 0.609375 0.109766 0.609375 0.110937 0.60791 0.110937 0.607422 0.111719 0.606445 0.111719 0.605469 0.113281 0.603516 0.113281 0.602051 0.113672 0.601562 0.113672 0.600586 0.114453 0.599609 0.114453 0.599121 0.114844 0.598633 0.114844 0.597656 0.115234 0.597168 0.115234 0.596191 0.115625 0.595703 0.115625 0.594727 0.116406 0.59375 0.116406 0.593262 0.116797 0.592773 0.116797 0.592285 0.117188 0.591797 0.117188 0.59082 0.117578 0.590332 0.117578 0.589844 0.117969 0.589355 0.117969 0.586914 0.118359 0.586426 0.118359 0.580078 0.117578 0.579102 0.117578 0.578613 0.116406 0.577148 0.114062 0.577148 0.113672 0.57666
1 0.136328 0.577148 0.135937 0.577637 0.135547 0.577637 0.134766 0.578613 0.133984 0.578613 0.133594 0.579102 0.133203 0.579102 0.132812 0.57959 0.132031 0.57959 0.131641 0.580078 0.13125 0.580078 0.13125 0.580566 0.130859 0.581055 0.130078 0.581055 0.129297 0.582031 0.128906 0.582031 0.128516 0.58252 0.128125 0.58252 0.127734 0.583008 0.127734 0.583496 0.127344 0.583984 0.126172 0.583984 0.124609 0.585938 0.123438 0.585938 0.123047 0.586426 0.122266 0.586426 0.121094 0.587891 0.120313 0.587891 0.119141 0.589355 0.118359 0.589355 0.117188 0.59082 0.116016 0.59082 0.113672 0.59375 0.112891 0.59375 0.1125 0.594238 0.112109 0.594238 0.111328 0.595215 0.110937 0.595215 0.110547 0.595703 0.110156 0.595703 0.109766 0.596191 0.109766 0.59668 0.108594 0.598145 0.108203 0.598145 0.107813 0.598633 0.106641 0.598633 0.103125 0.603027 0.103125 0.603516 0.101953 0.60498 0.101562 0.60498 0.100391 0.606445 0.100391 0.606934 0.1 0.607422 0.0996094 0.607422 0.0984375 0.608887 0.0984375 0.609375 0.0964844 0.611816 0.0964844 0.612305 0.0960938 0.612793 0.0960938 0.613281 0.0957031 0.61377 0.0957031 0.614258 0.0953125 0.614746 0.0953125 0.618164 0.0972656 0.620605 0.0988281 0.620605 0.0992187 0.621094 0.0996094 0.621094 0.1 0.621582 0.101562 0.621582 0.101953 0.621094 0.102344 0.621094 0.102734 0.621582 0.105078 0.621582 0.105859 0.620605 0.106641 0.620605 0.107031 0.620117 0.108203 0.620117 0.109375 0.618652 0.109766 0.618652 0.110937 0.617188 0.111719 0.617188 0.113281 0.615234 0.114062 0.615234 0.114453 0.614746 0.115234 0.614746 0.117578 0.611816 0.118359 0.611816 0.119531 0.610352 0.119531 0.609863 0.120703 0.608398 0.121094 0.608398 0.123828 0.60498 0.124219 0.60498 0.125781 0.603027 0.126172 0.603027 0.127344 0.601562 0.127344 0.601074 0.129297 0.598633 0.129297 0.598145 0.130859 0.596191 0.130859 0.595703 0.132422 0.59375 0.132422 0.593262 0.133203 0.592285 0.133203 0.591797 0.133594 0.591309 0.133594 0.59082 0.133984 0.590332 0.133984 0.589844 0.134375 0.589355 0.134375 0.588867 0.136328 0.586426 0.136328 0.585938 0.137891 0.583984 0.137891 0.583496 0.138281 0.583008 0.138281 0.582031 0.139453 0.580566 0.139453 0.578613 0.138281 0.577148
1 0.235937 0.538086 0.235156 0.539062 0.234375 0.539062 0.233984 0.539551 0.233594 0.539551 0.233203 0.540039 0.232422 0.540039 0.232031 0.540527 0.229687 0.540527 0.228125 0.54248 0.228125 0.544434 0.229297 0.545898 0.229297 0.546387 0.228516 0.547363 0.228516 0.54834 0.228125 0.548828 0.228125 0.549316 0.227734 0.549805 0.227734 0.550293 0.226562 0.551758 0.226562 0.552734 0.226172 0.553223 0.226172 0.554688 0.225781 0.555176 0.225781 0.555664 0.225391 0.556152 0.225391 0.557129 0.224609 0.558105 0.224609 0.55957 0.223828 0.560547 0.223828 0.562012 0.223438 0.5625 0.223438 0.564453 0.223047 0.564941 0.223047 0.567383 0.222656 0.567871 0.222656 0.568359 0.221875 0.569336 0.221875 0.572266 0.221094 0.573242 0.221094 0.57373 0.220312 0.574707 0.220312 0.577148 0.219531 0.578125 0.219531 0.578613 0.21875 0.57959 0.21875 0.580566 0.218359 0.581055 0.218359 0.581543 0.217578 0.58252 0.217578 0.585449 0.217188 0.585938 0.217188 0.586914 0.216797 0.587402 0.216797 0.588379 0.216406 0.588867 0.216406 0.597656 0.216797 0.598145 0.216797 0.599609 0.217578 0.600586 0.217578 0.603516 0.21875 0.60498 0.219141 0.60498 0.220312 0.606445 0.220703 0.606445 0.221094 0.606934 0.224609 0.606934 0.225781 0.605469 0.226172 0.605469 0.228125 0.603027 0.228125 0.602051 0.228516 0.601562 0.228516 0.600586 0.228906 0.600098 0.228906 0.599609 0.230078 0.598145 0.230078 0.591797 0.230859 0.59082 0.230859 0.588379 0.231641 0.587402 0.231641 0.583008 0.232031 0.58252 0.232031 0.580566 0.232422 0.580078 0.232422 0.577637 0.232813 0.577148 0.232813 0.575684 0.233594 0.574707 0.233594 0.573242 0.234375 0.572266 0.234375 0.569824 0.235547 0.568359 0.235547 0.565918 0.235937 0.56543 0.235937 0.564941 0.238281 0.562012 0.238281 0.561035 0.238672 0.560547 0.238672 0.560059 0.239063 0.55957 0.239063 0.559082 0.239844 0.558105 0.239844 0.557617 0.241406 0.555664 0.241406 0.555176 0.241797 0.554688 0.241797 0.553223 0.242578 0.552246 0.242578 0.550293 0.242969 0.549805 0.242969 0.540527 0.241406 0.538574 0.237891 0.538574 0.2375 0.538086
1 0.242188 0.530762 0.239063 0.534668 0.239063 0.535645 0.238672 0.536133 0.238672 0.540039 0.239063 0.540527 0.239063 0.541504 0.241406 0.544434 0.241797 0.544434 0.24375 0.546875 0.24375 0.547363 0.244141 0.547363 0.245312 0.548828 0.245703 0.548828 0.246094 0.549316 0.246484 0.549316 0.249219 0.552734 0.249609 0.552734 0.251172 0.554688 0.251172 0.555176 0.253125 0.557617 0.253125 0.558105 0.254688 0.560059 0.254688 0.562012 0.255469 0.562988 0.255469 0.564453 0.255859 0.564941 0.255859 0.568359 0.256641 0.569336 0.256641 0.569824 0.257422 0.570801 0.257422 0.572266 0.258203 0.573242 0.258203 0.574707 0.258594 0.575195 0.258594 0.575684 0.258984 0.576172 0.258984 0.57666 0.260156 0.578125 0.260547 0.578125 0.261719 0.57959 0.262109 0.57959 0.262891 0.580566 0.267188 0.580566 0.267578 0.580078 0.26875 0.580078 0.270703 0.577637 0.271094 0.577637 0.272266 0.576172 0.272266 0.575684 0.272656 0.575195 0.272656 0.571289 0.270703 0.568848 0.270703 0.568359 0.270313 0.567871 0.270313 0.567383 0.269922 0.566895 0.269922 0.566406 0.269531 0.565918 0.269531 0.564941 0.26875 0.563965 0.26875 0.563477 0.268359 0.562988 0.268359 0.5625 0.267969 0.562012 0.267969 0.561523 0.267578 0.561035 0.267578 0.560059 0.266797 0.559082 0.266797 0.558594 0.265234 0.556641 0.265234 0.555176 0.264062 0.553711 0.263672 0.553711 0.263281 0.553223 0.263281 0.552246 0.262109 0.550781 0.262109 0.549805 0.261328 0.548828 0.261328 0.54834 0.260547 0.547363 0.260547 0.546875 0.259766 0.545898 0.259766 0.54541 0.258594 0.543945 0.258594 0.542969 0.257812 0.541992 0.257812 0.541016 0.25625 0.539062 0.25625 0.538574 0.254688 0.536621 0.254688 0.535156 0.251172 0.530762
1 0.239844 0.571289 0.239453 0.571777 0.239063 0.571777 0.237891 0.573242 0.237891 0.578125 0.239063 0.57959 0.239063 0.580078 0.240234 0.581543 0.241406 0.581543 0.241797 0.582031 0.24375 0.582031 0.244141 0.58252 0.245312 0.58252 0.245703 0.583008 0.248828 0.583008 0.249219 0.583496 0.250781 0.583496 0.251172 0.583984 0.262109 0.583984 0.2625 0.584473 0.265625 0.584473 0.266016 0.584961 0.268359 0.584961 0.26875 0.585449 0.272266 0.585449 0.272656 0.585938 0.275781 0.585938 0.276172 0.586426 0.278516 0.586426 0.278906 0.586914 0.283203 0.586914 0.283594 0.587402 0.287891 0.587402 0.288281 0.587891 0.289453 0.587891 0.289844 0.588379 0.295312 0.588379 0.296484 0.586914 0.296484 0.580078 0.295312 0.578613 0.294922 0.578613 0.294141 0.577637 0.29375 0.577637 0.293359 0.577148 0.292578 0.577148 0.292187 0.57666 0.291797 0.57666 0.291406 0.576172 0.289844 0.576172 0.289453 0.575684 0.285156 0.575684 0.284766 0.575195 0.280859 0.575195 0.280469 0.574707 0.279297 0.574707 0.278906 0.574219 0.278125 0.574219 0.277734 0.57373 0.277344 0.57373 0.276953 0.573242 0.276953 0.572754 0.275781 0.571289
1 0.243359 0.586914 0.242969 0.587402 0.233984 0.587402 0.233203 0.588379 0.232813 0.588379 0.232031 0.589355 0.231641 0.589355 0.230469 0.59082 0.230469 0.595703 0.232031 0.597656 0.233203 0.597656 0.233984 0.598633 0.235156 0.598633 0.235547 0.599121 0.236719 0.599121 0.237109 0.599609 0.239844 0.599609 0.240234 0.600098 0.241797 0.600098 0.242188 0.599609 0.242578 0.599609 0.242969 0.600098 0.249609 0.600098 0.25 0.600586 0.250391 0.600586 0.250781 0.601074 0.254297 0.601074 0.254688 0.601562 0.258203 0.601562 0.258594 0.602051 0.262109 0.602051 0.2625 0.602539 0.263281 0.602539 0.264062 0.603516 0.266016 0.603516 0.266406 0.604004 0.266797 0.604004 0.267578 0.60498 0.26875 0.60498 0.269141 0.605469 0.269531 0.605469 0.269922 0.605957 0.270703 0.605957 0.271484 0.606934 0.271875 0.606934 0.272266 0.607422 0.272656 0.607422 0.273438 0.608398 0.274219 0.608398 0.274609 0.608887 0.275391 0.608887 0.275781 0.609375 0.276562 0.609375 0.276953 0.609863 0.282813 0.609863 0.283984 0.608398 0.283984 0.60791 0.286719 0.604492 0.286719 0.598633 0.285156 0.59668 0.284766 0.59668 0.283594 0.595215 0.283203 0.595215 0.282813 0.594727 0.28125 0.594727 0.280859 0.594238 0.279687 0.594238 0.278516 0.592773 0.276953 0.592773 0.276562 0.592285 0.276172 0.592285 0.275781 0.591797 0.275 0.591797 0.274609 0.591309 0.273828 0.591309 0.273438 0.59082 0.270313 0.59082 0.269922 0.590332 0.269141 0.590332 0.26875 0.589844 0.268359 0.589844 0.267188 0.588379 0.266016 0.588379 0.265625 0.587891 0.264844 0.587891 0.264453 0.587402 0.257422 0.587402 0.257031 0.586914
1 0.314844 0.578613 0.314453 0.579102 0.310547 0.579102 0.310156 0.57959 0.309375 0.57959 0.308984 0.580078 0.307812 0.580078 0.307422 0.580566 0.302344 0.580566 0.301953 0.581055 0.301563 0.581055 0.300781 0.582031 0.3 0.582031 0.297266 0.585449 0.297266 0.586426 0.296484 0.587402 0.296484 0.594238 0.297656 0.595703 0.298047 0.595703 0.298438 0.596191 0.298828 0.596191 0.299219 0.59668 0.3 0.59668 0.300391 0.597168 0.327344 0.597168 0.327734 0.597656 0.340234 0.597656 0.340625 0.598145 0.345703 0.598145 0.346094 0.598633 0.348828 0.598633 0.349219 0.598145 0.35 0.598145 0.350391 0.598633 0.355078 0.598633 0.355469 0.598145 0.355859 0.598145 0.35625 0.597656 0.357031 0.597656 0.357422 0.597168 0.357812 0.597168 0.358984 0.595703 0.359375 0.595703 0.360547 0.594238 0.360547 0.590332 0.360156 0.589844 0.360156 0.587402 0.359375 0.586426 0.359375 0.585938 0.358984 0.585449 0.358984 0.584473 0.357812 0.583008 0.357422 0.583008 0.356641 0.582031 0.353516 0.582031 0.353125 0.581543 0.333203 0.581543 0.332813 0.581055 0.327344 0.581055 0.325781 0.579102 0.317578 0.579102 0.317188 0.578613
1 0.298438 0.592285 0.296875 0.594238 0.296875 0.600098 0.298047 0.601562 0.298438 0.601562 0.299609 0.603027 0.300391 0.603027 0.300781 0.603516 0.301172 0.603516 0.301563 0.604004 0.301953 0.604004 0.302734 0.60498 0.303516 0.60498 0.303906 0.605469 0.304688 0.605469 0.305078 0.605957 0.305859 0.605957 0.307031 0.607422 0.307422 0.607422 0.307812 0.60791 0.308203 0.60791 0.308594 0.608398 0.309375 0.608398 0.309766 0.608887 0.310547 0.608887 0.310937 0.609375 0.312109 0.609375 0.312891 0.610352 0.313672 0.610352 0.314063 0.61084 0.315234 0.61084 0.315625 0.611328 0.316406 0.611328 0.316797 0.611816 0.317969 0.611816 0.318359 0.612305 0.31875 0.612305 0.319141 0.612793 0.319922 0.612793 0.320703 0.61377 0.321484 0.61377 0.321875 0.614258 0.322266 0.614258 0.322656 0.614746 0.323047 0.614746 0.323437 0.615234 0.324609 0.615234 0.325 0.615723 0.326172 0.615723 0.326562 0.616211 0.327344 0.616211 0.327734 0.616699 0.328516 0.616699 0.328906 0.617188 0.329688 0.617188 0.330078 0.617676 0.330859 0.617676 0.33125 0.618164 0.331641 0.618164 0.332422 0.619141 0.334375 0.619141 0.335156 0.620117 0.349609 0.620117 0.350781 0.618652 0.350781 0.616211 0.350391 0.615723 0.350391 0.615234 0.348828 0.613281 0.348438 0.613281 0.347656 0.612305 0.347266 0.612305 0.346484 0.611328 0.346094 0.611328 0.345313 0.610352 0.344922 0.610352 0.344141 0.609375 0.343359 0.609375 0.342969 0.608887 0.341797 0.608887 0.340625 0.607422 0.339844 0.607422 0.339062 0.606445 0.336719 0.606445 0.336328 0.605957 0.335156 0.605957 0.334766 0.605469 0.334375 0.605469 0.333594 0.604492 0.333203 0.604492 0.332813 0.604004 0.332422 0.604004 0.331641 0.603027 0.33125 0.603027 0.330469 0.602051 0.330078 0.602051 0.329688 0.601562 0.329297 0.601562 0.327734 0.599609 0.327344 0.599609 0.326953 0.599121 0.326172 0.599121 0.325781 0.598633 0.325391 0.598633 0.325 0.598145 0.324609 0.598145 0.323828 0.597168 0.322656 0.597168 0.322266 0.59668 0.321484 0.59668 0.321094 0.596191 0.315234 0.596191 0.314844 0.595703 0.312891 0.595703 0.312109 0.594727 0.311328 0.594727 0.310547 0.59375 0.310156 0.59375 0.309766 0.593262 0.308203 0.593262 0.307812 0.592773 0.305859 0.592773 0.305469 0.592285
1 0.716797 0.949707 0.714844 0.952148 0.714844 0.954102 0.714063 0.955078 0.714063 0.958496 0.713281 0.959473 0.713281 0.999512 0.717969 0.999512 0.717969 0.999023 0.717187 0.998047 0.717187 0.97168 0.716797 0.971191 0.717187 0.970703 0.717187 0.96875 0.716797 0.968262 0.717187 0.967773 0.717187 0.96582 0.716797 0.965332 0.716797 0.964844 0.717187 0.964355 0.717187 0.960449 0.717969 0.959473 0.717969 0.95752 0.718359 0.957031 0.719531 0.958496 0.720313 0.958496 0.720703 0.958984 0.720703 0.959473 0.721094 0.959961 0.721094 0.960449 0.721484 0.960938 0.721484 0.961426 0.721875 0.961914 0.721875 0.963379 0.722266 0.963867 0.722266 0.965332 0.722656 0.96582 0.722656 0.967285 0.723047 0.967773 0.723047 0.968262 0.724219 0.969727 0.724219 0.975098 0.725781 0.977051 0.726172 0.977051 0.726562 0.977539 0.726562 0.986328 0.727344 0.987305 0.727344 0.994629 0.726562 0.995605 0.726562 0.996094 0.726172 0.996582 0.726172 0.99707 0.725 0.998535 0.725 0.999023 0.724609 0.999512 0.730078 0.999512 0.730469 0.999023 0.730469 0.996582 0.73125 0.995605 0.73125 0.986328 0.730469 0.985352 0.730469 0.975098 0.728125 0.972168 0.728125 0.964355 0.727344 0.963379 0.727344 0.961914 0.725391 0.959473 0.725391 0.958496 0.724609 0.95752 0.724609 0.957031 0.724219 0.956543 0.724219 0.956055 0.723828 0.955566 0.723828 0.955078 0.723047 0.954102 0.723047 0.951172 0.721875 0.949707
1 0.0589844 0.968262 0.0578125 0.969727 0.0574219 0.969238 0.0570312 0.969727 0.05625 0.969727 0.0554687 0.970703 0.0554687 0.97168 0.0550781 0.972168 0.0550781 0.973145 0.0546875 0.973633 0.0546875 0.974121 0.0542969 0.974609 0.053125 0.974609 0.0507812 0.977539 0.0507812 0.978516 0.0484375 0.981445 0.0480469 0.981445 0.0476562 0.981934 0.0472656 0.981934 0.046875 0.982422 0.0464844 0.982422 0.0441406 0.985352 0.0441406 0.986816 0.04375 0.987305 0.0398437 0.987305 0.0394531 0.987793 0.0378906 0.987793 0.0375 0.988281 0.0359375 0.988281 0.0355469 0.98877 0.034375 0.98877 0.0339844 0.989258 0.0324219 0.989258 0.0320312 0.989746 0.0308594 0.989746 0.0304687 0.990234 0.0273438 0.990234 0.0261719 0.991699 0.0257812 0.991699 0.0253906 0.992188 0.025 0.992188 0.0246094 0.992676 0.0242188 0.992676 0.0238281 0.993164 0.0234375 0.993164 0.0226562 0.994141 0.021875 0.994141 0.0214844 0.994629 0.0207031 0.994629 0.0203125 0.995117 0.0195312 0.995117 0.01875 0.996094 0.01875 0.996582 0.0164063 0.999512 0.0222656 0.999512 0.0226562 0.999023 0.0234375 0.999023 0.0238281 0.998535 0.0253906 0.998535 0.0269531 0.996582 0.028125 0.996582 0.0296875 0.994629 0.0300781 0.995117 0.0316406 0.995117 0.0320312 0.994629 0.0324219 0.994629 0.0328125 0.994141 0.0339844 0.994141 0.034375 0.993652 0.0351562 0.993652 0.0355469 0.994141 0.0355469 0.99707 0.0367188 0.998535 0.0382813 0.998535 0.0398437 0.996582 0.040625 0.996582 0.0429688 0.993652 0.0433594 0.993652 0.0445313 0.992188 0.0457031 0.992188 0.0460938 0.991699 0.05 0.991699 0.0503906 0.992188 0.0519531 0.992188 0.053125 0.990723 0.0542969 0.990723 0.0546875 0.990234 0.0570312 0.990234 0.0582031 0.98877 0.0582031 0.987793 0.0597656 0.98584 0.0597656 0.983887 0.0585938 0.982422 0.05625 0.982422 0.0554687 0.983398 0.0554687 0.983887 0.0550781 0.984375 0.0550781 0.984863 0.0542969 0.98584 0.0527344 0.98584 0.0523438 0.986328 0.0511719 0.986328 0.0507812 0.98584 0.0519531 0.984375 0.0519531 0.983887 0.053125 0.982422 0.0535156 0.982422 0.0546875 0.980957 0.0546875 0.97998 0.0550781 0.979492 0.0570312 0.979492 0.0582031 0.978027 0.0582031 0.976074 0.0585938 0.975586 0.0585938 0.975098 0.0589844 0.974609 0.0597656 0.974609 0.0613281 0.972656 0.0617188 0.972656 0.0621094 0.973145 0.0636719 0.973145 0.0640625 0.972656 0.0652344 0.972656 0.065625 0.973145 0.0671875 0.973145 0.0710937 0.978027 0.0710937 0.981445 0.0707031 0.981934 0.0707031 0.982422 0.0703125 0.98291 0.0703125 0.983398 0.0699219 0.983887 0.0699219 0.984375 0.0695313 0.984863 0.0695313 0.985352 0.0679687 0.987305 0.0667969 0.987305 0.0660156 0.988281 0.0660156 0.98877 0.0652344 0.989746 0.0648438 0.989746 0.0644531 0.990234 0.0640625 0.990234 0.0605469 0.994629 0.0601563 0.994629 0.0597656 0.995117 0.059375 0.995117 0.0589844 0.995605 0.0585938 0.995605 0.0582031 0.996094 0.0578125 0.996094 0.0574219 0.996582 0.0570312 0.996582 0.0566406 0.99707 0.05625 0.99707 0.0558594 0.997559 0.0558594 0.998047 0.0550781 0.999023 0.0546875 0.999023 0.0542969 0.999512 0.0539063 0.999512 0.0613281 0.999512 0.0617188 0.999023 0.0621094 0.999023 0.0625 0.998535 0.0636719 0.998535 0.0648438 0.99707 0.0648438 0.996582 0.0667969 0.994141 0.0671875 0.994141 0.0675781 0.993652 0.06875 0.993652 0.0699219 0.992188 0.0710937 0.992188 0.0722656 0.990723 0.0722656 0.98877 0.0734375 0.987305 0.0734375 0.986328 0.075 0.984375 0.075 0.976074 0.06875 0.968262
