1 0.572656 0.501953 0.572656 0.506348 0.573438 0.507324 0.573828 0.507324 0.575391 0.509277 0.575781 0.509277 0.576172 0.509766 0.576562 0.509766 0.576953 0.510254 0.577734 0.510254 0.578125 0.510742 0.578906 0.510742 0.579297 0.51123 0.580469 0.51123 0.580859 0.511719 0.582812 0.511719 0.583203 0.512207 0.5875 0.512207 0.587891 0.512695 0.589063 0.512695 0.589453 0.513184 0.590234 0.513184 0.590625 0.513672 0.591016 0.513672 0.591406 0.51416 0.592578 0.51416 0.592969 0.514648 0.594141 0.514648 0.594531 0.515137 0.596094 0.515137 0.596484 0.515625 0.600781 0.515625 0.601172 0.516113 0.608594 0.516113 0.608984 0.516602 0.616797 0.516602 0.617188 0.51709 0.623437 0.51709 0.623828 0.516602 0.624609 0.516602 0.625 0.516113 0.625391 0.516113 0.625391 0.515625 0.626172 0.514648 0.626172 0.51123 0.625781 0.510742 0.625781 0.508789 0.625391 0.508301 0.625391 0.507324 0.625 0.506836 0.625 0.505859 0.624609 0.505371 0.624609 0.504883 0.623828 0.503906 0.623437 0.503906 0.622656 0.50293 0.622266 0.50293 0.621484 0.501953 0.621094 0.501953 0.620313 0.500977 0.619922 0.500977 0.619531 0.500488 0.619141 0.500488 0.61875 0.5 0.617578 0.5 0.617188 0.499512 0.615625 0.499512 0.615234 0.499023 0.6125 0.499023 0.612109 0.498535 0.610938 0.498535 0.610547 0.498047 0.609375 0.498047 0.608984 0.497559 0.607812 0.497559 0.607422 0.49707 0.605859 0.49707 0.605469 0.496582 0.603906 0.496582 0.603516 0.496094 0.595703 0.496094 0.595313 0.496582 0.59375 0.496582 0.593359 0.49707 0.591797 0.49707 0.591406 0.497559 0.588281 0.497559 0.587891 0.498047 0.582031 0.498047 0.581641 0.498535 0.579688 0.498535 0.579297 0.499023 0.576562 0.499023 0.576172 0.499512 0.575 0.499512 0.574609 0.5 0.574219 0.5 0.573828 0.500488 0.573438 0.500488 0.573047 0.500977 0.573047 0.501465
1 0.452734 0.567871 0.452734 0.569824 0.453906 0.571289 0.454297 0.571289 0.457422 0.575195 0.457813 0.575195 0.458203 0.575684 0.458594 0.575684 0.458984 0.576172 0.459375 0.576172 0.459766 0.57666 0.460547 0.57666 0.460938 0.577148 0.461328 0.577148 0.4625 0.578613 0.462891 0.578613 0.463672 0.57959 0.464062 0.57959 0.464453 0.580078 0.464844 0.580078 0.465234 0.580566 0.465625 0.580566 0.466016 0.581055 0.466797 0.581055 0.467187 0.581543 0.467578 0.581543 0.467969 0.582031 0.46875 0.582031 0.469922 0.583496 0.470313 0.583496 0.470703 0.583984 0.471094 0.583984 0.471484 0.584473 0.471875 0.584473 0.472266 0.584961 0.472656 0.584961 0.473828 0.586426 0.474219 0.586426 0.475781 0.588379 0.476172 0.588379 0.476953 0.589355 0.477734 0.589355 0.478125 0.589844 0.478516 0.589844 0.478906 0.590332 0.479687 0.590332 0.480078 0.59082 0.480859 0.59082 0.48125 0.591309 0.482031 0.591309 0.482422 0.591797 0.483203 0.591797 0.483594 0.592285 0.484375 0.592285 0.484766 0.592773 0.485156 0.592773 0.485547 0.593262 0.486719 0.593262 0.487109 0.59375 0.494141 0.59375 0.494531 0.593262 0.495312 0.593262 0.495312 0.592773 0.495703 0.592285 0.495703 0.590332 0.496094 0.589844 0.496094 0.588867 0.495703 0.588379 0.495703 0.587891 0.495312 0.587402 0.495312 0.586914 0.494141 0.585449 0.494141 0.584961 0.490234 0.580078 0.490234 0.57959 0.489844 0.579102 0.489453 0.579102 0.488672 0.578125 0.488281 0.578125 0.487891 0.577637 0.4875 0.577637 0.487109 0.577148 0.486719 0.577148 0.486328 0.57666 0.485938 0.57666 0.485547 0.576172 0.485156 0.576172 0.484766 0.575684 0.484375 0.575684 0.483203 0.574219 0.482812 0.574219 0.482031 0.573242 0.48125 0.573242 0.480859 0.572754 0.480078 0.572754 0.479687 0.572266 0.478906 0.572266 0.478516 0.571777 0.476953 0.571777 0.476562 0.571289 0.475781 0.571289 0.475391 0.570801 0.469531 0.570801 0.469141 0.570312 0.467578 0.570312 0.467187 0.569824 0.464062 0.569824 0.463672 0.569336 0.4625 0.569336 0.462109 0.568848 0.461719 0.568848 0.461328 0.568359 0.460938 0.568359 0.460547 0.567871 0.460156 0.567871 0.459766 0.567383 0.458984 0.567383 0.458594 0.566895 0.457813 0.566895 0.457422 0.566406 0.456641 0.566406 0.45625 0.565918 0.454297 0.565918 0.453906 0.566406 0.453516 0.566406 0.453125 0.566895 0.453125 0.567383
1 0.372656 0.530273 0.371875 0.53125 0.371484 0.53125 0.371484 0.531738 0.370703 0.532715 0.370703 0.533203 0.370312 0.533691 0.370312 0.534668 0.369922 0.535156 0.369922 0.544434 0.370312 0.544922 0.370312 0.555664 0.370703 0.556152 0.370703 0.55957 0.371094 0.560059 0.371094 0.562012 0.371484 0.5625 0.371484 0.568848 0.371875 0.569336 0.371875 0.571289 0.372266 0.571777 0.372266 0.57373 0.372656 0.574219 0.372656 0.575195 0.373047 0.575684 0.373047 0.576172 0.373437 0.57666 0.373437 0.577148 0.373828 0.577637 0.373828 0.578125 0.374219 0.578613 0.374219 0.579102 0.375 0.580078 0.375 0.580566 0.375391 0.581055 0.375391 0.581543 0.376172 0.58252 0.376172 0.583008 0.376563 0.583496 0.376563 0.583984 0.377344 0.584961 0.377344 0.585449 0.377734 0.585938 0.377734 0.586426 0.378125 0.586914 0.378125 0.587891 0.378516 0.588379 0.378516 0.589355 0.378906 0.589844 0.378906 0.59082 0.379297 0.591309 0.379297 0.592285 0.379688 0.592773 0.379688 0.59375 0.380078 0.594238 0.380078 0.594727 0.380469 0.595215 0.380469 0.595703 0.38125 0.59668 0.38125 0.597168 0.384766 0.601562 0.385156 0.601562 0.385547 0.602051 0.385937 0.602051 0.386328 0.602539 0.387109 0.602539 0.3875 0.603027 0.389062 0.603027 0.390625 0.601074 0.390625 0.600586 0.391016 0.600098 0.391016 0.599609 0.391406 0.599121 0.391406 0.595215 0.391016 0.594727 0.391016 0.591309 0.390625 0.59082 0.390625 0.588379 0.390234 0.587891 0.390234 0.585938 0.389844 0.585449 0.389844 0.584473 0.389453 0.583984 0.389453 0.582031 0.389062 0.581543 0.389062 0.579102 0.388672 0.578613 0.388672 0.57666 0.388281 0.576172 0.388281 0.574707 0.387891 0.574219 0.387891 0.572266 0.3875 0.571777 0.3875 0.570312 0.387109 0.569824 0.387109 0.5625 0.386719 0.562012 0.386719 0.561035 0.386328 0.560547 0.386328 0.558594 0.385937 0.558105 0.385937 0.557129 0.385547 0.556641 0.385547 0.555664 0.385156 0.555176 0.385156 0.554688 0.384766 0.554199 0.384766 0.553711 0.384375 0.553223 0.384375 0.552246 0.383984 0.551758 0.383984 0.55127 0.383594 0.550781 0.383594 0.549805 0.383203 0.549316 0.383203 0.548828 0.382812 0.54834 0.382812 0.547363 0.382422 0.546875 0.382422 0.546387 0.382031 0.545898 0.382031 0.544922 0.381641 0.544434 0.381641 0.543457 0.38125 0.542969 0.38125 0.541992 0.380859 0.541504 0.380859 0.541016 0.380469 0.540527 0.380469 0.540039 0.380078 0.539551 0.380078 0.539062 0.378906 0.537598 0.378906 0.537109 0.378125 0.536133 0.378125 0.535645 0.377734 0.535156 0.377734 0.534668 0.377344 0.53418 0.377344 0.533691 0.375781 0.531738 0.375391 0.531738 0.374609 0.530762 0.374219 0.530762 0.373828 0.530273
1 0.151562 0.606934 0.15 0.606934 0.149609 0.607422 0.149609 0.60791 0.149219 0.608398 0.149219 0.608887 0.148828 0.609375 0.148828 0.610352 0.148438 0.61084 0.148438 0.611328 0.148047 0.611816 0.148047 0.612305 0.147656 0.612793 0.147656 0.613281 0.147266 0.61377 0.147266 0.614258 0.146875 0.614746 0.146875 0.615723 0.146484 0.616211 0.146484 0.616699 0.146094 0.617188 0.146094 0.622559 0.145703 0.623047 0.145703 0.623535 0.145313 0.624023 0.145313 0.624512 0.144922 0.625 0.144922 0.625488 0.144531 0.625977 0.144531 0.626465 0.14375 0.627441 0.14375 0.62793 0.143359 0.628418 0.143359 0.628906 0.142969 0.629395 0.142969 0.629883 0.142578 0.630371 0.142578 0.630859 0.142187 0.631348 0.142187 0.631836 0.141797 0.632324 0.141797 0.632812 0.141406 0.633301 0.141406 0.634277 0.141016 0.634766 0.141016 0.635254 0.140625 0.635742 0.140625 0.636719 0.140234 0.637207 0.140234 0.638184 0.139844 0.638672 0.139844 0.640137 0.139453 0.640625 0.139453 0.641602 0.139063 0.64209 0.139063 0.644043 0.138672 0.644531 0.138672 0.645996 0.138281 0.646484 0.138281 0.647949 0.137891 0.648438 0.137891 0.649414 0.1375 0.649902 0.1375 0.650879 0.137109 0.651367 0.137109 0.65332 0.136719 0.653809 0.136719 0.654785 0.136328 0.655273 0.136328 0.65625 0.135937 0.656738 0.135937 0.657227 0.135547 0.657715 0.135547 0.658203 0.135156 0.658691 0.135156 0.659668 0.134766 0.660156 0.134766 0.660645 0.134375 0.661133 0.134375 0.666504 0.134766 0.666992 0.134766 0.66748 0.135156 0.66748 0.135547 0.667969 0.137109 0.667969 0.1375 0.668457 0.139453 0.668457 0.139844 0.667969 0.140234 0.667969 0.140625 0.66748 0.141016 0.66748 0.142969 0.665039 0.142969 0.664551 0.14375 0.663574 0.144141 0.663574 0.144922 0.662598 0.145313 0.662598 0.146484 0.661133 0.146484 0.660645 0.146875 0.660156 0.146875 0.65918 0.147266 0.658691 0.147266 0.657715 0.147656 0.657227 0.147656 0.656738 0.15 0.653809 0.15 0.65332 0.150391 0.652832 0.150391 0.652344 0.150781 0.651855 0.150781 0.651367 0.151172 0.650879 0.151172 0.650391 0.151562 0.649902 0.151562 0.648926 0.151953 0.648438 0.151953 0.647949 0.152344 0.647461 0.152344 0.646484 0.152734 0.645996 0.152734 0.645508 0.153125 0.64502 0.153125 0.644531 0.153516 0.644043 0.153516 0.643555 0.153906 0.643066 0.153906 0.642578 0.154297 0.64209 0.154297 0.641113 0.154688 0.640625 0.154688 0.63916 0.155078 0.638672 0.155078 0.63623 0.155469 0.635742 0.155469 0.621582 0.155859 0.621094 0.155859 0.616699 0.155469 0.616211 0.155469 0.613281 0.155078 0.612793 0.155078 0.611816 0.154688 0.611328 0.154688 0.61084 0.154297 0.610352 0.154297 0.609863 0.152344 0.607422 0.151953 0.607422
1 0.190625 0.361328 0.189062 0.361328 0.187891 0.362793 0.187891 0.363281 0.187109 0.364258 0.187109 0.365234 0.186719 0.365723 0.186719 0.366211 0.186328 0.366699 0.186328 0.367188 0.185938 0.367676 0.185938 0.369141 0.185547 0.369629 0.185547 0.371582 0.185156 0.37207 0.185156 0.374023 0.184766 0.374512 0.184766 0.375488 0.184375 0.375977 0.184375 0.377441 0.183984 0.37793 0.183984 0.379395 0.183594 0.379883 0.183594 0.381348 0.183203 0.381836 0.183203 0.382812 0.182812 0.383301 0.182812 0.384277 0.182422 0.384766 0.182422 0.385742 0.182031 0.38623 0.182031 0.387207 0.181641 0.387695 0.181641 0.388184 0.18125 0.388672 0.18125 0.38916 0.180859 0.389648 0.180859 0.390625 0.180469 0.391113 0.180469 0.391602 0.180078 0.39209 0.180078 0.392578 0.179688 0.393066 0.179688 0.393555 0.179297 0.394043 0.179297 0.394531 0.178906 0.39502 0.178906 0.395508 0.178516 0.395996 0.178516 0.396484 0.178125 0.396973 0.178125 0.397461 0.177734 0.397949 0.177734 0.398438 0.177344 0.398926 0.177344 0.399414 0.176953 0.399902 0.176953 0.400879 0.176563 0.401367 0.176563 0.401855 0.176172 0.402344 0.176172 0.403809 0.175781 0.404297 0.175781 0.405273 0.175391 0.405762 0.175391 0.40625 0.175 0.406738 0.175 0.407715 0.174609 0.408203 0.174609 0.408691 0.174219 0.40918 0.174219 0.410156 0.173828 0.410645 0.173828 0.411133 0.173437 0.411621 0.173437 0.415527 0.173047 0.416016 0.173047 0.416992 0.173437 0.41748 0.173437 0.418457 0.174219 0.419434 0.175 0.419434 0.175391 0.419922 0.175781 0.419922 0.176172 0.42041 0.178516 0.42041 0.179297 0.419434 0.179688 0.419434 0.180859 0.417969 0.180859 0.41748 0.181641 0.416504 0.181641 0.416016 0.182812 0.414551 0.182812 0.414062 0.183203 0.413574 0.183203 0.413086 0.183594 0.412598 0.183594 0.412109 0.183984 0.411621 0.183984 0.410645 0.184766 0.409668 0.184766 0.40918 0.185547 0.408203 0.185547 0.407715 0.186719 0.40625 0.186719 0.405762 0.1875 0.404785 0.1875 0.404297 0.188672 0.402832 0.188672 0.402344 0.189453 0.401367 0.189453 0.400879 0.189844 0.400391 0.189844 0.399902 0.190234 0.399414 0.190234 0.398438 0.190625 0.397949 0.190625 0.397461 0.191016 0.396973 0.191016 0.395996 0.191406 0.395508 0.191406 0.39502 0.191797 0.394531 0.191797 0.394043 0.192188 0.393555 0.192188 0.393066 0.192578 0.392578 0.192578 0.391602 0.192969 0.391113 0.192969 0.390137 0.193359 0.389648 0.193359 0.387695 0.19375 0.387207 0.19375 0.371094 0.193359 0.370605 0.193359 0.367676 0.192969 0.367188 0.192969 0.364258 0.192188 0.363281 0.192188 0.362793 0.191797 0.362793
1 0.247266 0.515137 0.247266 0.520996 0.247656 0.521484 0.247656 0.521973 0.248047 0.522461 0.248047 0.523438 0.248438 0.523926 0.248438 0.524414 0.25 0.526367 0.250391 0.526367 0.251172 0.527344 0.251563 0.527344 0.251953 0.527832 0.252344 0.527832 0.253125 0.528809 0.253516 0.528809 0.254297 0.529785 0.254688 0.529785 0.255469 0.530762 0.25625 0.530762 0.256641 0.53125 0.257422 0.53125 0.257812 0.531738 0.258594 0.531738 0.258984 0.532227 0.259766 0.532227 0.260156 0.532715 0.260547 0.532715 0.260937 0.533203 0.261328 0.533203 0.262891 0.535156 0.263281 0.535156 0.263672 0.535645 0.264062 0.535645 0.264453 0.536133 0.264844 0.536133 0.265234 0.536621 0.266016 0.536621 0.266406 0.537109 0.266797 0.537109 0.267188 0.537598 0.267578 0.537598 0.268359 0.538574 0.26875 0.538574 0.269141 0.539062 0.269531 0.539062 0.270313 0.540039 0.270703 0.540039 0.271094 0.540527 0.271484 0.540527 0.271875 0.541016 0.272266 0.541016 0.272656 0.541504 0.273438 0.541504 0.274219 0.54248 0.274609 0.54248 0.275 0.542969 0.275391 0.542969 0.275781 0.543457 0.276562 0.543457 0.276953 0.543945 0.277734 0.543945 0.278125 0.544434 0.279297 0.544434 0.279687 0.544922 0.280469 0.544922 0.280859 0.54541 0.281641 0.54541 0.282031 0.545898 0.284375 0.545898 0.284766 0.54541 0.285547 0.54541 0.285938 0.544922 0.286328 0.544922 0.286719 0.544434 0.287109 0.544434 0.288281 0.542969 0.288281 0.54248 0.288672 0.541992 0.288672 0.541504 0.289062 0.541016 0.289062 0.539551 0.288672 0.539062 0.288672 0.538574 0.288281 0.538574 0.287891 0.538086 0.2875 0.538086 0.287109 0.537598 0.286328 0.537598 0.285938 0.537109 0.285547 0.537109 0.285156 0.536621 0.284766 0.536621 0.283594 0.535156 0.282813 0.535156 0.282422 0.534668 0.281641 0.534668 0.28125 0.53418 0.280469 0.53418 0.280078 0.533691 0.279687 0.533691 0.279297 0.533203 0.278906 0.533203 0.278516 0.532715 0.278125 0.532715 0.277734 0.532227 0.277344 0.532227 0.276562 0.53125 0.276172 0.53125 0.275 0.529785 0.274609 0.529785 0.273438 0.52832 0.273047 0.52832 0.272266 0.527344 0.271875 0.527344 0.271094 0.526367 0.270703 0.526367 0.269922 0.525391 0.269531 0.525391 0.26875 0.524414 0.268359 0.524414 0.267969 0.523926 0.267188 0.523926 0.266797 0.523438 0.266016 0.523438 0.265625 0.522949 0.264844 0.522949 0.264453 0.522461 0.264062 0.522461 0.263672 0.521973 0.263281 0.521973 0.262891 0.521484 0.2625 0.521484 0.261719 0.520508 0.261328 0.520508 0.260547 0.519531 0.260156 0.519531 0.259766 0.519043 0.259375 0.519043 0.258984 0.518555 0.258594 0.518555 0.257812 0.517578 0.257422 0.517578 0.256641 0.516602 0.25625 0.516602 0.255469 0.515625 0.255078 0.515625 0.254688 0.515137 0.254297 0.515137 0.253906 0.514648 0.253125 0.514648 0.252734 0.51416 0.248047 0.51416
1 0.880859 0.254883 0.879687 0.254883 0.879297 0.255371 0.878906 0.255371 0.878516 0.255859 0.878125 0.255859 0.876953 0.257324 0.876953 0.257812 0.876563 0.258301 0.876563 0.258789 0.876172 0.259277 0.876172 0.259766 0.875781 0.260254 0.875781 0.261719 0.875391 0.262207 0.875391 0.263672 0.875 0.26416 0.875 0.265625 0.874609 0.266113 0.874609 0.274902 0.875 0.275391 0.875 0.279297 0.874609 0.279785 0.874609 0.283203 0.874219 0.283691 0.874219 0.288086 0.873828 0.288574 0.873828 0.294922 0.873437 0.29541 0.873437 0.299805 0.873047 0.300293 0.873047 0.301758 0.872656 0.302246 0.872656 0.303711 0.872266 0.304199 0.872266 0.307129 0.871875 0.307617 0.871875 0.313477 0.871484 0.313965 0.871484 0.314453 0.871875 0.314941 0.871875 0.315918 0.873047 0.317383 0.876953 0.317383 0.877344 0.316895 0.877734 0.316895 0.878516 0.315918 0.878906 0.315918 0.879297 0.31543 0.879297 0.314941 0.880859 0.312988 0.880859 0.3125 0.882031 0.311035 0.882031 0.310547 0.882422 0.310059 0.882422 0.30957 0.882812 0.309082 0.882812 0.308594 0.883203 0.308105 0.883203 0.307617 0.883594 0.307129 0.883594 0.306641 0.883984 0.306152 0.883984 0.305176 0.884375 0.304688 0.884375 0.304199 0.884766 0.303711 0.884766 0.302734 0.885156 0.302246 0.885156 0.30127 0.885547 0.300781 0.885547 0.29834 0.885938 0.297852 0.885938 0.295898 0.886328 0.29541 0.886328 0.291016 0.886719 0.290527 0.886719 0.287598 0.887109 0.287109 0.887109 0.282715 0.886719 0.282227 0.886719 0.27832 0.886328 0.277832 0.886328 0.26709 0.885938 0.266602 0.885938 0.264648 0.885547 0.26416 0.885547 0.262695 0.885156 0.262207 0.885156 0.261719 0.884766 0.26123 0.884766 0.260742 0.884375 0.260254 0.884375 0.259766 0.883203 0.258301 0.883203 0.257812 0.882422 0.256836 0.882422 0.256348 0.881641 0.255371 0.88125 0.255371
1 0.647266 0.149902 0.646484 0.150879 0.646484 0.151367 0.646094 0.151855 0.646094 0.152344 0.645703 0.152832 0.645703 0.155273 0.646094 0.155762 0.646094 0.156738 0.646484 0.157227 0.646484 0.157715 0.646875 0.158203 0.646875 0.158691 0.647656 0.159668 0.647656 0.160156 0.648047 0.160645 0.648047 0.161133 0.648438 0.161621 0.648438 0.162109 0.648828 0.162598 0.648828 0.163574 0.649219 0.164062 0.649219 0.164551 0.649609 0.165039 0.649609 0.165527 0.650391 0.166504 0.650391 0.166992 0.650781 0.16748 0.650781 0.167969 0.651172 0.168457 0.651172 0.168945 0.651953 0.169922 0.651953 0.17041 0.652344 0.170898 0.652344 0.171875 0.652734 0.172363 0.652734 0.174316 0.653125 0.174805 0.653125 0.175781 0.653516 0.17627 0.653516 0.177734 0.653906 0.178223 0.653906 0.179199 0.654297 0.179688 0.654297 0.180176 0.654687 0.180664 0.654687 0.181152 0.655078 0.181641 0.655078 0.182129 0.655469 0.182617 0.655469 0.183105 0.655859 0.183594 0.655859 0.184082 0.65625 0.18457 0.65625 0.185059 0.656641 0.185547 0.656641 0.186035 0.657031 0.186523 0.657031 0.187012 0.657422 0.1875 0.657422 0.187988 0.658984 0.189941 0.658984 0.19043 0.660547 0.192383 0.660547 0.192871 0.660937 0.193359 0.660937 0.193848 0.661328 0.194336 0.661328 0.194824 0.661719 0.195312 0.661719 0.196289 0.662109 0.196777 0.662109 0.197266 0.6625 0.197754 0.6625 0.198242 0.662891 0.19873 0.662891 0.199219 0.663281 0.199707 0.663281 0.200195 0.664062 0.201172 0.664062 0.20166 0.664453 0.202148 0.664453 0.203125 0.665234 0.204102 0.665234 0.20459 0.665625 0.205078 0.665625 0.205566 0.666016 0.206055 0.666016 0.206543 0.666797 0.20752 0.666797 0.208008 0.667969 0.209473 0.667969 0.209961 0.66875 0.210938 0.66875 0.211426 0.669141 0.211914 0.669141 0.212402 0.669531 0.212891 0.669531 0.213379 0.669922 0.213867 0.670312 0.213867 0.670703 0.214355 0.671875 0.214355 0.672266 0.214844 0.673828 0.214844 0.674219 0.214355 0.674219 0.213867 0.674609 0.213379 0.674609 0.210938 0.674219 0.210449 0.674219 0.208008 0.673828 0.20752 0.673828 0.206055 0.673438 0.205566 0.673438 0.20459 0.673047 0.204102 0.673047 0.203613 0.672656 0.203125 0.672656 0.202148 0.672266 0.20166 0.672266 0.199707 0.671875 0.199219 0.671875 0.197754 0.671484 0.197266 0.671484 0.195312 0.671094 0.194824 0.671094 0.193359 0.670703 0.192871 0.670703 0.189941 0.670312 0.189453 0.670312 0.187012 0.669922 0.186523 0.669922 0.185547 0.669531 0.185059 0.669531 0.184082 0.669141 0.183594 0.669141 0.183105 0.66875 0.182617 0.66875 0.181641 0.668359 0.181152 0.668359 0.180176 0.667969 0.179688 0.667969 0.179199 0.667578 0.178711 0.667578 0.178223 0.667188 0.177734 0.667188 0.176758 0.666797 0.17627 0.666797 0.175781 0.666406 0.175293 0.666406 0.174805 0.666016 0.174316 0.666016 0.173828 0.665625 0.17334 0.665625 0.172852 0.664453 0.171387 0.664453 0.170898 0.663672 0.169922 0.663672 0.169434 0.662891 0.168457 0.662891 0.167969 0.658594 0.162598 0.658594 0.162109 0.658203 0.161621 0.658203 0.161133 0.656641 0.15918 0.656641 0.158691 0.65625 0.158203 0.65625 0.157715 0.655859 0.157227 0.655859 0.155762 0.655469 0.155273 0.655469 0.153809 0.655078 0.15332 0.655078 0.152832 0.653125 0.150391 0.652734 0.150391 0.651953 0.149414 0.651563 0.149414 0.651172 0.148926 0.649219 0.148926 0.648828 0.149414 0.648047 0.149414 0.647656 0.149902
1 0.574219 0.700684 0.573828 0.701172 0.573828 0.703613 0.574219 0.704102 0.574219 0.706055 0.574609 0.706543 0.574609 0.707031 0.575 0.70752 0.575 0.708008 0.575391 0.708496 0.575391 0.708984 0.575781 0.709473 0.575781 0.710449 0.576172 0.710938 0.576172 0.711426 0.577734 0.713379 0.577734 0.713867 0.578125 0.714355 0.578125 0.714844 0.578516 0.715332 0.578516 0.71582 0.579297 0.716797 0.579297 0.717285 0.580078 0.718262 0.580078 0.71875 0.580469 0.719238 0.580469 0.719727 0.580859 0.720215 0.580859 0.720703 0.58125 0.721191 0.58125 0.722168 0.581641 0.722656 0.581641 0.724121 0.582031 0.724609 0.582031 0.725586 0.582422 0.726074 0.582422 0.727051 0.582812 0.727539 0.582812 0.728027 0.583594 0.729004 0.583594 0.729492 0.584375 0.730469 0.584375 0.730957 0.585547 0.732422 0.585547 0.73291 0.585938 0.733398 0.585938 0.733887 0.586328 0.734375 0.586328 0.734863 0.589844 0.739258 0.589844 0.739746 0.591016 0.741211 0.591016 0.741699 0.591406 0.742188 0.591797 0.742188 0.592578 0.743164 0.592969 0.743164 0.594141 0.744629 0.594531 0.744629 0.595313 0.745605 0.595703 0.745605 0.597656 0.748047 0.597656 0.748535 0.598047 0.749023 0.598047 0.749512 0.599219 0.750977 0.599609 0.750977 0.6 0.751465 0.600391 0.751465 0.600781 0.751953 0.601172 0.751953 0.601562 0.752441 0.601953 0.752441 0.602344 0.75293 0.602734 0.75293 0.603516 0.753906 0.604297 0.753906 0.604688 0.754395 0.605859 0.754395 0.60625 0.754883 0.608203 0.754883 0.608594 0.754395 0.608984 0.754395 0.610547 0.752441 0.610547 0.751953 0.610938 0.751465 0.610938 0.748535 0.610156 0.747559 0.610156 0.74707 0.608203 0.744629 0.608203 0.744141 0.605859 0.741211 0.605859 0.740723 0.604688 0.739258 0.604688 0.73877 0.603516 0.737305 0.603516 0.736816 0.602734 0.73584 0.602734 0.735352 0.602344 0.734863 0.602344 0.734375 0.601953 0.733887 0.601953 0.733398 0.601562 0.73291 0.601562 0.732422 0.601172 0.731934 0.601172 0.731445 0.600781 0.730957 0.600781 0.72998 0.600391 0.729492 0.600391 0.728516 0.599609 0.727539 0.599609 0.727051 0.599219 0.726562 0.599219 0.726074 0.598437 0.725098 0.598437 0.724609 0.596875 0.722656 0.596875 0.722168 0.596094 0.721191 0.596094 0.720703 0.592187 0.71582 0.591797 0.71582 0.591016 0.714844 0.590625 0.714844 0.589063 0.712891 0.589063 0.712402 0.588281 0.711426 0.588281 0.710938 0.585938 0.708008 0.585547 0.708008 0.584375 0.706543 0.583984 0.706543 0.583594 0.706055 0.583203 0.706055 0.582422 0.705078 0.582031 0.705078 0.58125 0.704102 0.580859 0.704102 0.580469 0.703613 0.580078 0.703613 0.579688 0.703125 0.579297 0.703125 0.577734 0.701172 0.577344 0.701172 0.576953 0.700684 0.576562 0.700684 0.576172 0.700195 0.575 0.700195 0.574609 0.700684
1 0.432812 0.840332 0.432422 0.840332 0.432031 0.839844 0.430859 0.839844 0.430469 0.840332 0.429688 0.840332 0.429297 0.84082 0.428906 0.84082 0.428516 0.841309 0.428125 0.841309 0.426953 0.842773 0.426953 0.843262 0.426563 0.84375 0.426563 0.844238 0.426172 0.844727 0.426172 0.845215 0.425781 0.845703 0.425781 0.846191 0.424609 0.847656 0.424609 0.848145 0.424219 0.848633 0.423828 0.848633 0.423047 0.849609 0.422266 0.849609 0.421875 0.850098 0.420312 0.850098 0.419922 0.850586 0.419531 0.850586 0.419141 0.851074 0.41875 0.851074 0.417969 0.852051 0.417578 0.852051 0.416406 0.853516 0.416016 0.853516 0.410156 0.86084 0.409766 0.86084 0.408594 0.862305 0.408594 0.862793 0.407422 0.864258 0.407422 0.864746 0.406641 0.865723 0.406641 0.866211 0.40625 0.866699 0.40625 0.867188 0.405859 0.867676 0.405859 0.868164 0.405078 0.869141 0.405078 0.869629 0.403906 0.871094 0.403906 0.871582 0.403516 0.87207 0.403516 0.872559 0.403125 0.873047 0.403125 0.874023 0.402734 0.874512 0.402734 0.875 0.401953 0.875977 0.401953 0.876465 0.399609 0.879395 0.399609 0.879883 0.395703 0.884766 0.395703 0.885254 0.394922 0.88623 0.394922 0.886719 0.394531 0.887207 0.394531 0.888184 0.394141 0.888672 0.394141 0.88916 0.393359 0.890137 0.393359 0.89209 0.39375 0.892578 0.394141 0.892578 0.394531 0.893066 0.395313 0.893066 0.395703 0.893555 0.397266 0.893555 0.397656 0.893066 0.398438 0.893066 0.398828 0.892578 0.399609 0.892578 0.4 0.89209 0.400781 0.89209 0.401172 0.891602 0.401562 0.891602 0.401953 0.891113 0.402344 0.891113 0.402734 0.890625 0.403125 0.890625 0.403516 0.890137 0.403906 0.890137 0.404687 0.88916 0.405078 0.88916 0.406641 0.887207 0.406641 0.886719 0.408594 0.884277 0.408984 0.884277 0.409766 0.883301 0.410156 0.883301 0.410547 0.882812 0.411328 0.882812 0.411719 0.882324 0.412109 0.882324 0.4125 0.881836 0.412891 0.881836 0.413672 0.880859 0.414062 0.880859 0.415234 0.879395 0.415625 0.879395 0.416406 0.878418 0.416797 0.878418 0.418359 0.876465 0.41875 0.876465 0.420312 0.874512 0.420703 0.874512 0.421875 0.873047 0.421875 0.872559 0.427734 0.865234 0.427734 0.864746 0.428516 0.86377 0.428516 0.863281 0.428906 0.862793 0.428906 0.861816 0.429297 0.861328 0.429297 0.85791 0.429688 0.857422 0.429688 0.856934 0.430078 0.856445 0.430078 0.855957 0.432422 0.853027 0.432422 0.852051 0.432812 0.851562 0.432812 0.850586 0.433203 0.850098 0.433203 0.849609 0.433594 0.849121 0.433594 0.848145 0.433984 0.847656 0.433984 0.845215 0.434375 0.844727 0.434375 0.842285
1 0.475 0.806641 0.475 0.807129 0.474609 0.807617 0.474609 0.808105 0.475 0.808594 0.475 0.809082 0.476172 0.810547 0.476172 0.811035 0.476562 0.811523 0.476562 0.812012 0.476953 0.8125 0.476953 0.812988 0.477734 0.813965 0.477734 0.814453 0.478125 0.814453 0.482031 0.819336 0.482812 0.819336 0.483203 0.819824 0.485547 0.819824 0.485938 0.820312 0.486328 0.820312 0.486719 0.820801 0.487109 0.820801 0.489063 0.823242 0.489453 0.823242 0.490234 0.824219 0.490625 0.824219 0.491016 0.824707 0.491406 0.824707 0.492188 0.825684 0.492578 0.825684 0.495312 0.829102 0.495312 0.82959 0.496094 0.830566 0.496094 0.831055 0.498047 0.833496 0.498437 0.833496 0.498828 0.833984 0.499219 0.833984 0.499609 0.834473 0.5 0.834473 0.500391 0.834961 0.501172 0.834961 0.501563 0.835449 0.501953 0.835449 0.502344 0.835938 0.503125 0.835938 0.503516 0.836426 0.504297 0.836426 0.504687 0.836914 0.505078 0.836914 0.505469 0.837402 0.50625 0.837402 0.506641 0.837891 0.507422 0.837891 0.507812 0.838379 0.508984 0.838379 0.509375 0.838867 0.510547 0.838867 0.510938 0.839355 0.511719 0.839355 0.512109 0.839844 0.512891 0.839844 0.513281 0.840332 0.514062 0.840332 0.514453 0.84082 0.514844 0.84082 0.515234 0.841309 0.515625 0.841309 0.516016 0.841797 0.516797 0.841797 0.517188 0.842285 0.517578 0.842285 0.517969 0.842773 0.518359 0.842773 0.51875 0.843262 0.519531 0.843262 0.519922 0.84375 0.520703 0.84375 0.521094 0.844238 0.523438 0.844238 0.523828 0.844727 0.525391 0.844727 0.525781 0.844238 0.526563 0.844238 0.527734 0.842773 0.527734 0.840332 0.527344 0.839844 0.527344 0.838379 0.526563 0.837402 0.526563 0.836914 0.525781 0.835938 0.525391 0.835938 0.523047 0.833008 0.522656 0.833008 0.521484 0.831543 0.521094 0.831543 0.520703 0.831055 0.520312 0.831055 0.519531 0.830078 0.519141 0.830078 0.517188 0.827637 0.516797 0.827637 0.516406 0.827148 0.516016 0.827148 0.515625 0.82666 0.515234 0.82666 0.514453 0.825684 0.514062 0.825684 0.513672 0.825195 0.512891 0.825195 0.5125 0.824707 0.512109 0.824707 0.511719 0.824219 0.511328 0.824219 0.510938 0.82373 0.510156 0.82373 0.509766 0.823242 0.509375 0.823242 0.508594 0.822266 0.508203 0.822266 0.507422 0.821289 0.507031 0.821289 0.50625 0.820312 0.505859 0.820312 0.505078 0.819336 0.504687 0.819336 0.503516 0.817871 0.503125 0.817871 0.502734 0.817383 0.502344 0.817383 0.501953 0.816895 0.501563 0.816895 0.501172 0.816406 0.500391 0.816406 0.5 0.815918 0.499219 0.815918 0.498828 0.81543 0.498437 0.81543 0.498047 0.814941 0.496875 0.814941 0.496484 0.814453 0.495312 0.814453 0.494922 0.813965 0.49375 0.813965 0.493359 0.813477 0.492578 0.813477 0.492188 0.812988 0.491797 0.812988 0.491406 0.8125 0.490625 0.8125 0.490234 0.812012 0.489453 0.812012 0.489063 0.811523 0.488281 0.811523 0.487891 0.811035 0.4875 0.811035 0.487109 0.810547 0.486719 0.810547 0.486328 0.810059 0.485938 0.810059 0.484766 0.808594 0.484375 0.808594 0.483594 0.807617 0.483203 0.807617 0.482812 0.807129 0.482422 0.807129 0.482031 0.806641 0.480469 0.806641 0.480078 0.806152 0.475391 0.806152
1 0.534766 0.143066 0.534766 0.145508 0.535547 0.146484 0.535547 0.146973 0.536719 0.148438 0.5375 0.148438 0.537891 0.148926 0.539062 0.148926 0.539453 0.149414 0.540625 0.149414 0.541016 0.149902 0.542578 0.149902 0.542969 0.150391 0.544922 0.150391 0.545312 0.150879 0.549219 0.150879 0.549609 0.151367 0.55 0.151367 0.550391 0.151855 0.551172 0.151855 0.551562 0.152344 0.552344 0.152344 0.552734 0.152832 0.554688 0.152832 0.555078 0.15332 0.556641 0.15332 0.557031 0.153809 0.558984 0.153809 0.559375 0.154297 0.563281 0.154297 0.563672 0.153809 0.567969 0.153809 0.568359 0.15332 0.569922 0.15332 0.570312 0.152832 0.571484 0.152832 0.571875 0.152344 0.573828 0.152344 0.574219 0.151855 0.575781 0.151855 0.576172 0.151367 0.580859 0.151367 0.58125 0.150879 0.581641 0.150879 0.582031 0.150391 0.582812 0.150391 0.583203 0.149902 0.583594 0.149902 0.584766 0.148438 0.584766 0.147949 0.585156 0.147461 0.585156 0.146973 0.585547 0.146484 0.585547 0.145996 0.586328 0.14502 0.586328 0.143066 0.584766 0.141113 0.584375 0.141113 0.583984 0.140625 0.578906 0.140625 0.578516 0.141113 0.577344 0.141113 0.576953 0.141602 0.576172 0.141602 0.575781 0.141113 0.575391 0.141113 0.575 0.140625 0.574219 0.140625 0.573828 0.140137 0.573438 0.140137 0.573047 0.139648 0.572656 0.139648 0.572266 0.13916 0.571875 0.13916 0.571484 0.138672 0.571094 0.138672 0.570703 0.138184 0.569922 0.138184 0.569531 0.137695 0.56875 0.137695 0.568359 0.137207 0.564844 0.137207 0.564453 0.136719 0.562109 0.136719 0.561719 0.13623 0.555469 0.13623 0.555078 0.136719 0.551562 0.136719 0.551172 0.137207 0.55 0.137207 0.549609 0.137695 0.544141 0.137695 0.54375 0.138184 0.541797 0.138184 0.541406 0.138672 0.540234 0.138672 0.539844 0.13916 0.539453 0.13916 0.539062 0.139648 0.538281 0.139648 0.537891 0.140137 0.537109 0.140137
1 0.607812 0.103027 0.606641 0.103027 0.60625 0.103516 0.605859 0.103516 0.605078 0.104492 0.604688 0.104492 0.603906 0.105469 0.603516 0.105469 0.601953 0.107422 0.601953 0.10791 0.601562 0.108398 0.601562 0.109375 0.601172 0.109863 0.601172 0.11084 0.600781 0.111328 0.600781 0.112305 0.600391 0.112793 0.600391 0.113281 0.6 0.11377 0.6 0.114746 0.599609 0.115234 0.599609 0.115723 0.599219 0.116211 0.599219 0.116699 0.598828 0.117188 0.598828 0.118164 0.598437 0.118652 0.598437 0.119629 0.598047 0.120117 0.598047 0.121582 0.597656 0.12207 0.597656 0.122559 0.597266 0.123047 0.597266 0.124023 0.596875 0.124512 0.596875 0.125 0.596484 0.125488 0.596484 0.126953 0.596094 0.127441 0.596094 0.128418 0.595703 0.128906 0.595703 0.129395 0.595313 0.129883 0.595313 0.130371 0.594922 0.130859 0.594922 0.131348 0.594531 0.131836 0.594531 0.132812 0.594141 0.133301 0.594141 0.134277 0.59375 0.134766 0.59375 0.13916 0.593359 0.139648 0.593359 0.141113 0.592969 0.141602 0.592969 0.143066 0.592578 0.143555 0.592578 0.145508 0.592187 0.145996 0.592187 0.147949 0.591797 0.148438 0.591797 0.155273 0.592187 0.155762 0.592187 0.161133 0.592578 0.161621 0.592578 0.169434 0.592969 0.169922 0.592969 0.17334 0.593359 0.173828 0.593359 0.174805 0.59375 0.175293 0.59375 0.17627 0.594141 0.176758 0.594141 0.177246 0.594531 0.177734 0.594531 0.178223 0.595313 0.179199 0.595703 0.179199 0.596094 0.179688 0.596875 0.179688 0.597266 0.179199 0.598828 0.179199 0.6 0.177734 0.6 0.17627 0.600391 0.175781 0.600391 0.173828 0.600781 0.17334 0.600781 0.171387 0.601172 0.170898 0.601172 0.168945 0.601562 0.168457 0.601562 0.166504 0.601953 0.166016 0.601953 0.165039 0.602344 0.164551 0.602344 0.163086 0.602734 0.162598 0.602734 0.161621 0.603125 0.161133 0.603125 0.160156 0.603516 0.159668 0.603516 0.15918 0.603906 0.158691 0.603906 0.157227 0.604297 0.156738 0.604297 0.154785 0.604688 0.154297 0.604688 0.152832 0.605078 0.152344 0.605078 0.150391 0.605469 0.149902 0.605469 0.147949 0.605859 0.147461 0.605859 0.143555 0.60625 0.143066 0.60625 0.138672 0.606641 0.138184 0.606641 0.13623 0.607031 0.135742 0.607031 0.130371 0.607422 0.129883 0.607422 0.128418 0.607812 0.12793 0.607812 0.126953 0.608203 0.126465 0.608203 0.125 0.608594 0.124512 0.608594 0.120605 0.608984 0.120117 0.608984 0.118164 0.609375 0.117676 0.609375 0.116211 0.609766 0.115723 0.609766 0.112305 0.610156 0.111816 0.610156 0.108887 0.609766 0.108398 0.609766 0.106934 0.609375 0.106445 0.609375 0.105957 0.608984 0.105469 0.608984 0.104492
1 0.610156 0.0942383 0.609766 0.09375 0.609766 0.0932617 0.609375 0.0932617 0.608594 0.0922852 0.607812 0.0922852 0.607422 0.0917969 0.604297 0.0917969 0.603906 0.0922852 0.6 0.0922852 0.599609 0.0927734 0.597656 0.0927734 0.597266 0.0932617 0.595313 0.0932617 0.594922 0.09375 0.592187 0.09375 0.591797 0.0942383 0.589844 0.0942383 0.589453 0.0947266 0.587891 0.0947266 0.5875 0.0952148 0.584375 0.0952148 0.583984 0.0957031 0.579688 0.0957031 0.579297 0.0961914 0.576172 0.0961914 0.575781 0.0966797 0.574609 0.0966797 0.574219 0.097168 0.572656 0.097168 0.572266 0.0976562 0.570312 0.0976562 0.569922 0.0981445 0.568359 0.0981445 0.567969 0.0986328 0.565234 0.0986328 0.564844 0.0991211 0.560156 0.0991211 0.559766 0.0996094 0.559375 0.0996094 0.558984 0.100098 0.558594 0.100098 0.558203 0.100586 0.557813 0.100586 0.557422 0.101074 0.557031 0.101074 0.556641 0.101562 0.55625 0.101562 0.555859 0.102051 0.555469 0.102051 0.555078 0.102539 0.554688 0.102539 0.554297 0.103027 0.553516 0.103027 0.553125 0.103516 0.552734 0.103516 0.552344 0.104004 0.551953 0.104004 0.550781 0.105469 0.550781 0.105957 0.550391 0.106445 0.550391 0.106934 0.55 0.107422 0.55 0.10791 0.549609 0.108398 0.549609 0.110352 0.550391 0.111328 0.550781 0.111328 0.551172 0.111816 0.551953 0.111816 0.552344 0.112305 0.554297 0.112305 0.554688 0.112793 0.563672 0.112793 0.564063 0.112305 0.568359 0.112305 0.56875 0.111816 0.573828 0.111816 0.574219 0.112305 0.578906 0.112305 0.579297 0.112793 0.583594 0.112793 0.583984 0.112305 0.585938 0.112305 0.586328 0.111816 0.5875 0.111816 0.587891 0.111328 0.589063 0.111328 0.589453 0.11084 0.591016 0.11084 0.591406 0.110352 0.592187 0.110352 0.592578 0.109863 0.592969 0.109863 0.593359 0.109375 0.59375 0.109375 0.594141 0.108887 0.594531 0.108887 0.594922 0.108398 0.596094 0.108398 0.596484 0.10791 0.598828 0.10791 0.599219 0.107422 0.6 0.107422 0.600391 0.106934 0.600781 0.106934 0.601172 0.106445 0.601562 0.106445 0.602344 0.105469 0.602734 0.105469 0.603906 0.104004 0.604297 0.104004 0.604688 0.103516 0.605078 0.103516 0.605469 0.103027 0.605859 0.103027 0.60625 0.102539 0.606641 0.102539 0.607031 0.102051 0.607422 0.102051 0.608203 0.101074 0.608594 0.101074 0.608984 0.100586 0.608984 0.100098 0.609375 0.0996094 0.609375 0.0991211 0.609766 0.0986328 0.609766 0.0976562 0.610156 0.097168
1 0.550781 0.124512 0.550781 0.126465 0.551172 0.126953 0.551172 0.12793 0.551562 0.128418 0.551562 0.128906 0.551953 0.128906 0.552344 0.129395 0.553516 0.129395 0.553906 0.129883 0.565625 0.129883 0.566016 0.130371 0.567969 0.130371 0.568359 0.130859 0.580859 0.130859 0.58125 0.131348 0.582422 0.131348 0.582812 0.131836 0.586328 0.131836 0.586719 0.132324 0.590625 0.132324 0.591016 0.132812 0.591797 0.132812 0.592187 0.132324 0.592969 0.132324 0.593359 0.131836 0.59375 0.131836 0.594922 0.130371 0.594922 0.126953 0.594531 0.126465 0.594531 0.125488 0.594141 0.125 0.594141 0.124512 0.593359 0.123535 0.592578 0.123535 0.592187 0.123047 0.591406 0.123047 0.591016 0.122559 0.590234 0.122559 0.589844 0.12207 0.589063 0.12207 0.588672 0.121582 0.5875 0.121582 0.587109 0.121094 0.586328 0.121094 0.585938 0.120605 0.585156 0.120605 0.584766 0.120117 0.584375 0.120117 0.583984 0.119629 0.582031 0.119629 0.581641 0.119141 0.579688 0.119141 0.579297 0.118652 0.576953 0.118652 0.576562 0.118164 0.575 0.118164 0.574609 0.118652 0.572266 0.118652 0.571875 0.118164 0.570703 0.118164 0.570312 0.117676 0.569531 0.117676 0.569141 0.117188 0.567187 0.117188 0.566797 0.117676 0.564844 0.117676 0.564453 0.118164 0.563672 0.118164 0.562891 0.119141 0.5625 0.119141 0.561719 0.120117 0.561328 0.120117 0.560937 0.120605 0.560547 0.120605 0.560156 0.121094 0.558984 0.121094 0.558594 0.121582 0.557031 0.121582 0.556641 0.12207 0.554688 0.12207 0.554297 0.122559 0.552734 0.122559 0.552344 0.123047 0.551953 0.123047
1 0.51875 0.660156 0.51875 0.663086 0.519141 0.663574 0.519141 0.664062 0.521094 0.666504 0.521484 0.666504 0.521875 0.666992 0.523047 0.666992 0.523438 0.66748 0.524219 0.66748 0.525 0.668457 0.525391 0.668457 0.526563 0.669922 0.526953 0.669922 0.527344 0.67041 0.527734 0.67041 0.528125 0.670898 0.528516 0.670898 0.529297 0.671875 0.529687 0.671875 0.530469 0.672852 0.53125 0.672852 0.531641 0.67334 0.532813 0.67334 0.533203 0.673828 0.533984 0.673828 0.534375 0.674316 0.535156 0.674316 0.535547 0.674805 0.536328 0.674805 0.536719 0.675293 0.537891 0.675293 0.538281 0.675781 0.539062 0.675781 0.539453 0.67627 0.540625 0.67627 0.541016 0.676758 0.546875 0.676758 0.547266 0.67627 0.548828 0.67627 0.549219 0.675781 0.55 0.675781 0.550391 0.675293 0.551172 0.675293 0.551562 0.674805 0.552344 0.674805 0.552734 0.674316 0.553906 0.674316 0.554297 0.673828 0.555078 0.673828 0.555469 0.67334 0.558203 0.67334 0.558594 0.673828 0.561328 0.673828 0.561719 0.67334 0.562109 0.67334 0.5625 0.672852 0.563281 0.672852 0.563672 0.672363 0.564453 0.672363 0.564844 0.671875 0.565234 0.671875 0.566016 0.670898 0.566016 0.67041 0.566406 0.669922 0.566406 0.669434 0.566797 0.668945 0.566797 0.667969 0.567187 0.66748 0.567187 0.666992 0.566797 0.666504 0.566797 0.665527 0.564844 0.663086 0.564453 0.663086 0.564063 0.662598 0.558594 0.662598 0.558203 0.662109 0.557031 0.662109 0.556641 0.661621 0.55625 0.661621 0.555859 0.661133 0.555078 0.661133 0.554688 0.660645 0.553516 0.660645 0.553125 0.660156 0.551953 0.660156 0.551562 0.659668 0.550391 0.659668 0.55 0.65918 0.542578 0.65918 0.542188 0.658691 0.541016 0.658691 0.540625 0.65918 0.538672 0.65918 0.538281 0.659668 0.536328 0.659668 0.535937 0.660156 0.534375 0.660156 0.533984 0.660645 0.532031 0.660645 0.531641 0.661133 0.529687 0.661133 0.529297 0.660645 0.528516 0.660645 0.528125 0.660156 0.527734 0.660156 0.527344 0.659668 0.526953 0.659668 0.526563 0.65918 0.525781 0.65918 0.525391 0.658691 0.524219 0.658691 0.523828 0.658203 0.523438 0.658203 0.523047 0.657715 0.522656 0.657715 0.522266 0.657227 0.520703 0.657227 0.519141 0.65918 0.519141 0.659668
1 0.494141 0.650391 0.494141 0.650879 0.49375 0.651367 0.49375 0.651855 0.494141 0.652344 0.494141 0.652832 0.494531 0.65332 0.494531 0.653809 0.495312 0.654785 0.495312 0.655273 0.495703 0.655762 0.495703 0.65625 0.496094 0.656738 0.496094 0.657227 0.496875 0.658203 0.496875 0.658691 0.500781 0.663574 0.501172 0.663574 0.501953 0.664551 0.502344 0.664551 0.503516 0.666016 0.503516 0.666504 0.505078 0.668457 0.505078 0.668945 0.507422 0.671875 0.507422 0.672363 0.509766 0.675293 0.509766 0.675781 0.5125 0.679199 0.5125 0.679688 0.515625 0.683594 0.516016 0.683594 0.519141 0.6875 0.519531 0.6875 0.524219 0.693359 0.524609 0.693359 0.525391 0.694336 0.525781 0.694336 0.526953 0.695801 0.527344 0.695801 0.528516 0.697266 0.528906 0.697266 0.530078 0.69873 0.530469 0.69873 0.532031 0.700684 0.532422 0.700684 0.533203 0.70166 0.533594 0.70166 0.534375 0.702637 0.534766 0.702637 0.535547 0.703613 0.535937 0.703613 0.536328 0.704102 0.536719 0.704102 0.537109 0.70459 0.537891 0.70459 0.538281 0.704102 0.538672 0.704102 0.540234 0.702148 0.540234 0.700195 0.539844 0.699707 0.539844 0.699219 0.539453 0.69873 0.539453 0.697754 0.539062 0.697266 0.539062 0.696777 0.538672 0.696289 0.538672 0.695801 0.538281 0.695312 0.538281 0.694824 0.5375 0.693848 0.5375 0.693359 0.536328 0.691895 0.536328 0.691406 0.535937 0.690918 0.535937 0.69043 0.535156 0.689453 0.535156 0.688965 0.534766 0.688477 0.534766 0.687988 0.534375 0.6875 0.534375 0.687012 0.533984 0.686523 0.533984 0.686035 0.533594 0.685547 0.533594 0.685059 0.530859 0.681641 0.530859 0.681152 0.530078 0.680176 0.529687 0.680176 0.528516 0.678711 0.528125 0.678711 0.527734 0.678223 0.527734 0.677734 0.526172 0.675781 0.526172 0.675293 0.525391 0.674316 0.525 0.674316 0.522656 0.671387 0.522656 0.670898 0.522266 0.67041 0.521875 0.67041 0.517188 0.664551 0.517188 0.664062 0.514453 0.660645 0.514062 0.660645 0.513281 0.659668 0.512891 0.659668 0.509375 0.655273 0.508984 0.655273 0.507812 0.653809 0.507422 0.653809 0.50625 0.652344 0.505859 0.652344 0.505078 0.651367 0.504687 0.651367 0.504297 0.650879 0.503906 0.650879 0.503516 0.650391 0.503125 0.650391 0.502734 0.649902 0.502344 0.649902 0.501953 0.649414 0.500391 0.649414 0.5 0.648926 0.496484 0.648926 0.496094 0.649414 0.495312 0.649414 0.494922 0.649902 0.494531 0.649902
1 0.474219 0.60498 0.473828 0.605469 0.473828 0.606445 0.473438 0.606934 0.473438 0.607422 0.473047 0.60791 0.473047 0.608398 0.472656 0.608887 0.472656 0.609375 0.472266 0.609863 0.472266 0.61084 0.471875 0.611328 0.471875 0.612305 0.471484 0.612793 0.471484 0.615723 0.471094 0.616211 0.471094 0.623047 0.470703 0.623535 0.470703 0.625488 0.470313 0.625977 0.470313 0.628906 0.469922 0.629395 0.469922 0.633301 0.469531 0.633789 0.469531 0.640137 0.469922 0.640625 0.469922 0.643066 0.470313 0.643555 0.470313 0.644043 0.470703 0.644531 0.470703 0.645508 0.471094 0.645996 0.471094 0.646484 0.471484 0.646973 0.471484 0.647949 0.471875 0.648438 0.471875 0.648926 0.472266 0.649414 0.472266 0.650391 0.472656 0.650879 0.472656 0.651367 0.473047 0.651855 0.473047 0.652832 0.473438 0.65332 0.473438 0.655273 0.473828 0.655762 0.473828 0.658203 0.474219 0.658691 0.474219 0.660156 0.474609 0.660645 0.474609 0.661621 0.475 0.662109 0.475 0.663086 0.475781 0.664062 0.475781 0.664551 0.476172 0.665039 0.476172 0.665527 0.476953 0.666504 0.476953 0.666992 0.477734 0.667969 0.479297 0.667969 0.480078 0.666992 0.480078 0.666504 0.480469 0.666016 0.480469 0.665039 0.480859 0.664551 0.480859 0.664062 0.48125 0.663574 0.48125 0.662598 0.481641 0.662109 0.481641 0.656738 0.482031 0.65625 0.482031 0.655762 0.482422 0.655273 0.482422 0.654785 0.482812 0.654297 0.482812 0.653809 0.483203 0.65332 0.483203 0.651855 0.483594 0.651367 0.483594 0.650391 0.483984 0.649902 0.483984 0.648926 0.484375 0.648438 0.484375 0.647949 0.484766 0.647461 0.484766 0.646484 0.485156 0.645996 0.485156 0.64502 0.485547 0.644531 0.485547 0.644043 0.485938 0.643555 0.485938 0.637695 0.485547 0.637207 0.485547 0.634766 0.485156 0.634277 0.485156 0.631348 0.484766 0.630859 0.484766 0.629395 0.484375 0.628906 0.484375 0.627441 0.483984 0.626953 0.483984 0.625488 0.483594 0.625 0.483594 0.624023 0.483203 0.623535 0.483203 0.623047 0.482812 0.622559 0.482812 0.62207 0.482422 0.621582 0.482422 0.621094 0.482031 0.620605 0.482031 0.620117 0.48125 0.619141 0.48125 0.618652 0.480859 0.618164 0.480859 0.617676 0.480469 0.617188 0.480469 0.615723 0.480078 0.615234 0.480078 0.612793 0.479687 0.612305 0.479687 0.611328 0.479297 0.61084 0.479297 0.610352 0.478516 0.609375 0.478516 0.608887 0.477734 0.60791 0.477344 0.60791 0.476562 0.606934 0.476562 0.606445 0.475391 0.60498
1 0.429688 0.567383 0.429297 0.567871 0.429297 0.570312 0.429688 0.570801 0.429688 0.571289 0.430078 0.571777 0.430078 0.572754 0.430469 0.573242 0.430469 0.57373 0.430859 0.574219 0.430859 0.574707 0.43125 0.575195 0.43125 0.575684 0.432031 0.57666 0.432031 0.577148 0.432422 0.577637 0.432422 0.578125 0.434375 0.580566 0.434375 0.581055 0.435937 0.583008 0.436328 0.583008 0.436719 0.583496 0.437109 0.583496 0.437891 0.584473 0.438281 0.584473 0.439453 0.585938 0.439453 0.586426 0.439844 0.586914 0.439844 0.587891 0.440234 0.588379 0.440234 0.589355 0.441016 0.590332 0.441016 0.59082 0.441406 0.591309 0.441406 0.591797 0.442188 0.592773 0.442188 0.593262 0.442969 0.594238 0.442969 0.594727 0.447266 0.600098 0.447656 0.600098 0.448047 0.600586 0.448437 0.600586 0.449219 0.601562 0.449609 0.601562 0.451562 0.604004 0.451172 0.604492 0.451172 0.60498 0.450781 0.605469 0.450781 0.606445 0.450391 0.606934 0.450391 0.607422 0.451562 0.608887 0.452344 0.608887 0.452734 0.609375 0.453125 0.609375 0.453516 0.609863 0.453906 0.609863 0.454297 0.610352 0.454688 0.610352 0.455078 0.61084 0.455469 0.61084 0.458203 0.614258 0.458203 0.614746 0.458594 0.614746 0.459766 0.616211 0.460156 0.616211 0.461719 0.618164 0.462109 0.618164 0.462891 0.619141 0.463281 0.619141 0.463672 0.619629 0.464453 0.619629 0.465234 0.620605 0.465625 0.620605 0.466016 0.621094 0.467578 0.621094 0.467969 0.620605 0.467969 0.620117 0.46875 0.619141 0.46875 0.611816 0.468359 0.611328 0.468359 0.609863 0.467969 0.609375 0.467969 0.608398 0.467578 0.60791 0.467578 0.607422 0.466016 0.605469 0.466016 0.60498 0.465234 0.604004 0.465234 0.603516 0.464062 0.602051 0.463672 0.602051 0.463281 0.601562 0.462891 0.601562 0.4625 0.601074 0.462109 0.601074 0.461719 0.600586 0.461328 0.600586 0.460938 0.600098 0.460547 0.600098 0.456641 0.595215 0.456641 0.594727 0.45625 0.594238 0.45625 0.59375 0.455859 0.593262 0.455859 0.592773 0.455469 0.592285 0.455078 0.592285 0.454297 0.591309 0.453906 0.591309 0.453516 0.59082 0.453125 0.59082 0.452344 0.589844 0.451953 0.589844 0.451562 0.589355 0.451172 0.589355 0.449609 0.587402 0.449609 0.586914 0.449219 0.586426 0.449219 0.584961 0.448828 0.584473 0.448828 0.583496 0.448437 0.583008 0.448437 0.58252 0.447656 0.581543 0.447266 0.581543 0.445312 0.579102 0.445312 0.578613 0.444141 0.577148 0.444141 0.57666 0.440234 0.571777 0.439844 0.571777 0.439453 0.571289 0.438672 0.571289 0.438281 0.570801 0.4375 0.570801 0.437109 0.570312 0.436328 0.570312 0.435937 0.569824 0.435547 0.569824 0.433203 0.566895 0.432812 0.566895 0.432422 0.566406 0.430859 0.566406 0.430078 0.567383
1 0.321875 0.518066 0.320703 0.519531 0.320703 0.52002 0.319141 0.521973 0.318359 0.521973 0.317969 0.522461 0.316797 0.522461 0.316406 0.522949 0.316016 0.522949 0.314844 0.524414 0.314453 0.524414 0.312891 0.526367 0.3125 0.526367 0.309766 0.529785 0.309766 0.530273 0.308594 0.531738 0.308594 0.532227 0.305859 0.535645 0.305859 0.536133 0.303516 0.539062 0.303516 0.539551 0.302344 0.541016 0.302344 0.541504 0.301953 0.541992 0.301953 0.542969 0.3 0.54541 0.3 0.545898 0.299219 0.546875 0.299219 0.547363 0.297656 0.549316 0.297656 0.550293 0.297266 0.550781 0.297266 0.552246 0.296875 0.552734 0.296484 0.552734 0.296484 0.553223 0.296094 0.553711 0.296094 0.555176 0.295703 0.555664 0.295703 0.557617 0.295312 0.558105 0.295312 0.558594 0.294922 0.559082 0.294922 0.564453 0.294531 0.564941 0.294531 0.571777 0.295312 0.572754 0.295312 0.574219 0.295703 0.574707 0.295703 0.575684 0.296875 0.577148 0.299219 0.577148 0.299609 0.57666 0.302344 0.57666 0.302734 0.576172 0.303125 0.576172 0.303906 0.575195 0.304297 0.575195 0.307031 0.571777 0.307031 0.570801 0.307812 0.569824 0.307812 0.569336 0.308203 0.568848 0.308203 0.568359 0.308594 0.567871 0.308594 0.567383 0.308984 0.566895 0.308984 0.566406 0.309375 0.565918 0.309375 0.56543 0.310547 0.563965 0.310547 0.563477 0.312109 0.561523 0.312109 0.561035 0.314453 0.558105 0.314844 0.558105 0.315234 0.557617 0.315625 0.557617 0.319141 0.553223 0.319531 0.553223 0.324609 0.546875 0.324609 0.546387 0.325781 0.544922 0.325781 0.542969 0.326172 0.54248 0.326172 0.541504 0.326562 0.541016 0.326562 0.523926 0.325391 0.522461 0.325 0.522461 0.324609 0.521973 0.324609 0.519531 0.323437 0.518066
1 0.320312 0.487793 0.319531 0.48877 0.31875 0.48877 0.317578 0.490234 0.317578 0.494141 0.317969 0.494629 0.317969 0.495117 0.318359 0.495605 0.318359 0.496582 0.31875 0.49707 0.31875 0.498535 0.319141 0.499023 0.319141 0.499512 0.319922 0.500488 0.319922 0.500977 0.320312 0.501465 0.320312 0.501953 0.320703 0.502441 0.320703 0.50293 0.321094 0.503418 0.321094 0.504395 0.321875 0.505371 0.321875 0.508789 0.322656 0.509766 0.322656 0.510254 0.323047 0.510742 0.323047 0.512207 0.323437 0.512695 0.323437 0.513672 0.324219 0.514648 0.324219 0.515625 0.324609 0.516113 0.324609 0.516602 0.325 0.51709 0.325 0.518066 0.325391 0.518555 0.325391 0.52002 0.326172 0.520996 0.326172 0.521484 0.326562 0.521973 0.326562 0.522461 0.326953 0.522949 0.326953 0.523926 0.327734 0.524902 0.327734 0.525879 0.328516 0.526855 0.328516 0.527832 0.328906 0.52832 0.328906 0.528809 0.329688 0.529785 0.329688 0.530273 0.332031 0.533203 0.332813 0.533203 0.333203 0.533691 0.333984 0.533691 0.334766 0.534668 0.335156 0.534668 0.336719 0.536621 0.3375 0.536621 0.337891 0.537109 0.339062 0.537109 0.339453 0.537598 0.339844 0.537598 0.340625 0.538574 0.341406 0.538574 0.341797 0.539062 0.342578 0.539062 0.343359 0.540039 0.34375 0.540039 0.344141 0.540527 0.344531 0.540527 0.344922 0.541016 0.345703 0.541016 0.346484 0.541992 0.346875 0.541992 0.347656 0.542969 0.348047 0.542969 0.348438 0.543457 0.348438 0.543945 0.348828 0.544434 0.348828 0.544922 0.349609 0.545898 0.349609 0.546387 0.351172 0.54834 0.351172 0.548828 0.352344 0.550293 0.352734 0.550293 0.353125 0.550781 0.357031 0.550781 0.358203 0.549316 0.358203 0.545898 0.357812 0.54541 0.357812 0.544434 0.357031 0.543457 0.357031 0.542969 0.35625 0.541992 0.35625 0.541504 0.355469 0.540527 0.355469 0.540039 0.355078 0.539551 0.355078 0.539062 0.354297 0.538086 0.354297 0.537598 0.353125 0.536133 0.353125 0.535645 0.352734 0.535156 0.352734 0.534668 0.352344 0.53418 0.352344 0.533691 0.351562 0.532715 0.351562 0.532227 0.350391 0.530762 0.350391 0.529785 0.346484 0.524902 0.346484 0.524414 0.345313 0.522949 0.345313 0.521973 0.344531 0.520996 0.344531 0.520508 0.342187 0.517578 0.342187 0.51709 0.341406 0.516113 0.341406 0.515137 0.340625 0.51416 0.340625 0.513672 0.340234 0.513184 0.340234 0.512695 0.339453 0.511719 0.339453 0.510254 0.338672 0.509277 0.338672 0.508789 0.338281 0.508301 0.338281 0.507324 0.337891 0.506836 0.337891 0.506348 0.337109 0.505371 0.337109 0.504883 0.336719 0.504395 0.336719 0.503418 0.335156 0.501465 0.335156 0.500488 0.333203 0.498047 0.332813 0.498047 0.332422 0.497559 0.332031 0.497559 0.33125 0.496582 0.330859 0.496582 0.330078 0.495605 0.329688 0.495605 0.328516 0.494141 0.328125 0.494141 0.327344 0.493164 0.326562 0.493164 0.326172 0.492676 0.325781 0.492676 0.325 0.491699 0.324609 0.491699 0.323828 0.490723 0.323828 0.490234 0.321875 0.487793
1 0.396094 0.504395 0.394531 0.506348 0.394531 0.507324 0.39375 0.508301 0.393359 0.508301 0.393359 0.508789 0.392969 0.509277 0.392969 0.509766 0.392578 0.510254 0.392578 0.51123 0.392188 0.511719 0.392188 0.519043 0.391797 0.519531 0.391797 0.522949 0.391406 0.523438 0.391406 0.524414 0.391016 0.524902 0.391016 0.542969 0.391406 0.543457 0.391406 0.543945 0.391797 0.544434 0.391797 0.54541 0.392188 0.545898 0.392188 0.547363 0.392969 0.54834 0.392969 0.548828 0.394141 0.550293 0.394141 0.550781 0.394531 0.55127 0.394531 0.551758 0.394922 0.552246 0.394922 0.552734 0.395313 0.553223 0.395313 0.553711 0.395703 0.554199 0.395703 0.554688 0.396094 0.555176 0.396094 0.555664 0.396484 0.556152 0.396484 0.558594 0.396875 0.559082 0.396875 0.55957 0.398438 0.561523 0.398438 0.562012 0.398828 0.5625 0.398828 0.562988 0.400391 0.564941 0.400391 0.566406 0.403125 0.569824 0.403516 0.569824 0.404687 0.571289 0.407031 0.571289 0.408203 0.569824 0.408203 0.560547 0.407813 0.560059 0.407813 0.55957 0.408203 0.559082 0.408203 0.557129 0.407813 0.556641 0.407813 0.556152 0.408203 0.555664 0.408203 0.549805 0.407813 0.549316 0.407813 0.54834 0.407422 0.547852 0.407422 0.546387 0.407031 0.545898 0.407031 0.543945 0.406641 0.543457 0.406641 0.541992 0.40625 0.541504 0.40625 0.541016 0.405859 0.540527 0.405859 0.538086 0.405469 0.537598 0.405469 0.53418 0.405078 0.533691 0.405078 0.521973 0.404687 0.521484 0.404687 0.520996 0.404297 0.520508 0.404297 0.516602 0.403516 0.515625 0.403516 0.513672 0.402344 0.512207 0.402344 0.51123 0.401953 0.510742 0.401953 0.510254 0.4 0.507812 0.399219 0.507812 0.398828 0.507324 0.398828 0.505859 0.397656 0.504395
1 0.429688 0.54541 0.429297 0.545898 0.428125 0.545898 0.426953 0.547363 0.425781 0.547363 0.425 0.54834 0.423828 0.54834 0.423438 0.548828 0.422266 0.548828 0.421875 0.549316 0.421094 0.549316 0.420703 0.549805 0.419922 0.549805 0.41875 0.55127 0.418359 0.55127 0.417578 0.552246 0.416797 0.552246 0.416406 0.552734 0.415625 0.552734 0.414844 0.553711 0.414062 0.553711 0.413281 0.554688 0.412109 0.554688 0.410547 0.556641 0.410547 0.557129 0.410156 0.557617 0.410156 0.55957 0.407813 0.5625 0.407813 0.564941 0.408984 0.566406 0.410938 0.566406 0.411328 0.565918 0.414453 0.565918 0.415234 0.564941 0.417578 0.564941 0.417969 0.564453 0.418359 0.564941 0.429297 0.564941 0.429688 0.564453 0.430859 0.564453 0.43125 0.563965 0.432031 0.563965 0.432422 0.563477 0.433203 0.563477 0.433984 0.5625 0.435156 0.5625 0.435937 0.561523 0.436328 0.561523 0.4375 0.560059 0.439453 0.560059 0.439844 0.55957 0.440234 0.55957 0.441016 0.558594 0.441406 0.558594 0.441797 0.558105 0.442578 0.558105 0.442969 0.557617 0.44375 0.557617 0.444141 0.557129 0.444531 0.557129 0.444922 0.556641 0.445312 0.556641 0.446875 0.554688 0.446875 0.549316 0.445312 0.547363 0.442969 0.547363 0.442578 0.546875 0.439453 0.546875 0.438672 0.545898 0.436328 0.545898 0.435937 0.54541
1 0.332813 0.436523 0.331641 0.437988 0.331641 0.438965 0.330859 0.439941 0.330859 0.44043 0.330078 0.441406 0.330078 0.441895 0.329688 0.442383 0.329688 0.443359 0.329297 0.443848 0.329297 0.444824 0.327344 0.447266 0.327344 0.447754 0.326953 0.448242 0.326953 0.44873 0.326562 0.449219 0.326562 0.449707 0.326172 0.450195 0.326172 0.450684 0.325781 0.451172 0.325781 0.45166 0.324219 0.453613 0.324219 0.454102 0.323437 0.455078 0.323437 0.456055 0.322266 0.45752 0.322266 0.459473 0.321875 0.459961 0.321875 0.460449 0.321094 0.461426 0.321094 0.463379 0.320312 0.464355 0.320312 0.465332 0.319922 0.46582 0.319922 0.480957 0.319141 0.481934 0.319141 0.486816 0.319922 0.487793 0.319922 0.48877 0.321094 0.490234 0.323437 0.490234 0.324609 0.491699 0.326562 0.491699 0.327344 0.490723 0.327734 0.490723 0.328125 0.490234 0.328906 0.490234 0.330469 0.488281 0.330469 0.487793 0.330859 0.487305 0.330859 0.48584 0.332422 0.483887 0.332422 0.48291 0.333203 0.481934 0.333203 0.480957 0.333984 0.47998 0.333984 0.479004 0.334375 0.478516 0.334375 0.478027 0.334766 0.477539 0.334766 0.476562 0.335156 0.476074 0.335156 0.475098 0.336328 0.473633 0.336328 0.47168 0.336719 0.471191 0.336719 0.450195 0.337109 0.449707 0.337109 0.44873 0.337891 0.447754 0.337891 0.445801 0.3375 0.445312 0.3375 0.441406 0.336328 0.439941 0.335938 0.439941 0.335547 0.439453 0.335547 0.437988 0.334375 0.436523
1 0.349219 0.394043 0.348438 0.39502 0.347266 0.39502 0.346875 0.395508 0.346484 0.395508 0.345313 0.396973 0.345313 0.398926 0.344922 0.399414 0.344922 0.399902 0.34375 0.401367 0.34375 0.402344 0.343359 0.402832 0.343359 0.40332 0.342969 0.403809 0.342969 0.40918 0.342578 0.409668 0.342578 0.411133 0.342187 0.411621 0.342187 0.413574 0.341797 0.414062 0.341797 0.416992 0.341406 0.41748 0.341406 0.418945 0.341016 0.419434 0.341016 0.42041 0.340625 0.420898 0.340625 0.42334 0.340234 0.423828 0.340234 0.424805 0.339844 0.425293 0.339844 0.426758 0.339062 0.427734 0.339062 0.431152 0.338672 0.431641 0.338672 0.432129 0.338281 0.432617 0.338281 0.433105 0.337891 0.433594 0.337891 0.43457 0.3375 0.435059 0.3375 0.437012 0.337891 0.4375 0.337891 0.443848 0.338672 0.444824 0.337891 0.445801 0.337891 0.446777 0.3375 0.447266 0.3375 0.457031 0.338672 0.458496 0.340234 0.458496 0.342578 0.455566 0.342578 0.455078 0.342969 0.45459 0.342969 0.454102 0.34375 0.453125 0.34375 0.452637 0.344141 0.452148 0.344141 0.45166 0.344531 0.451172 0.344531 0.450684 0.344922 0.450195 0.344922 0.44873 0.345703 0.447754 0.345703 0.447266 0.347266 0.445312 0.347266 0.444336 0.347656 0.443848 0.347656 0.443359 0.348047 0.442871 0.348047 0.442383 0.348438 0.441895 0.348438 0.441406 0.348828 0.440918 0.348828 0.44043 0.349219 0.439941 0.349219 0.439453 0.35 0.438477 0.35 0.437988 0.350781 0.437012 0.350781 0.436523 0.351562 0.435547 0.351562 0.434082 0.352344 0.433105 0.352344 0.432617 0.353125 0.431641 0.353125 0.430664 0.353906 0.429688 0.353906 0.428711 0.354297 0.428223 0.354297 0.427734 0.355078 0.426758 0.355078 0.42627 0.355469 0.425781 0.355469 0.423828 0.35625 0.422852 0.35625 0.411621 0.355859 0.411133 0.355859 0.409668 0.355469 0.40918 0.355469 0.407227 0.354297 0.405762 0.354297 0.404785 0.353906 0.404297 0.353906 0.40332 0.353516 0.402832 0.353516 0.401367 0.353125 0.400879 0.353125 0.399902 0.352344 0.398926 0.352344 0.398438 0.351953 0.397949 0.351953 0.395508 0.350781 0.394043
1 0.335547 0.400391 0.334375 0.401855 0.333984 0.401855 0.332422 0.403809 0.332031 0.403809 0.330859 0.405273 0.330859 0.405762 0.330078 0.406738 0.329688 0.406738 0.328906 0.407715 0.328125 0.407715 0.326562 0.409668 0.326172 0.409668 0.325781 0.410156 0.325781 0.410645 0.324219 0.412598 0.324219 0.413086 0.321484 0.416504 0.321484 0.416992 0.320703 0.417969 0.320703 0.418457 0.319922 0.419434 0.319922 0.42041 0.319141 0.421387 0.319141 0.422363 0.31875 0.422852 0.31875 0.42334 0.318359 0.423828 0.318359 0.424805 0.317188 0.42627 0.317188 0.427734 0.316797 0.428223 0.316797 0.429199 0.316016 0.430176 0.316016 0.433105 0.315234 0.434082 0.315234 0.437012 0.314844 0.4375 0.314844 0.441406 0.314453 0.441895 0.314453 0.442871 0.314063 0.443359 0.314063 0.449219 0.313672 0.449707 0.313672 0.45459 0.313281 0.455078 0.313281 0.457031 0.312891 0.45752 0.312891 0.464355 0.3125 0.464844 0.3125 0.468262 0.313672 0.469727 0.315234 0.469727 0.316406 0.468262 0.316797 0.468262 0.317969 0.466797 0.317969 0.46582 0.320312 0.462891 0.320312 0.462402 0.321094 0.461426 0.321484 0.461426 0.321875 0.460938 0.322656 0.460938 0.324219 0.458984 0.324219 0.458008 0.325 0.457031 0.325 0.455078 0.325391 0.45459 0.325391 0.453613 0.326172 0.452637 0.326172 0.452148 0.326953 0.451172 0.326953 0.449707 0.327344 0.449219 0.327344 0.448242 0.328125 0.447266 0.328125 0.446777 0.329297 0.445312 0.329297 0.442871 0.330078 0.441895 0.330078 0.439941 0.330469 0.439453 0.330469 0.438477 0.33125 0.4375 0.33125 0.436523 0.332422 0.435059 0.332422 0.433594 0.332813 0.433105 0.332813 0.432129 0.333594 0.431152 0.333594 0.430664 0.334375 0.429688 0.334375 0.428223 0.334766 0.427734 0.334766 0.42627 0.335547 0.425293 0.335547 0.423828 0.336328 0.422852 0.336328 0.422363 0.336719 0.421875 0.336719 0.421387 0.337109 0.420898 0.337109 0.419434 0.3375 0.418945 0.3375 0.418457 0.337891 0.417969 0.337891 0.41748 0.338281 0.416992 0.338281 0.416016 0.338672 0.415527 0.338672 0.414551 0.339062 0.414062 0.339062 0.412598 0.339453 0.412109 0.339453 0.411133 0.339844 0.410645 0.339844 0.409668 0.340625 0.408691 0.340625 0.40625 0.339844 0.405273 0.339844 0.404785 0.339453 0.404297 0.339453 0.401855 0.338281 0.400391
1 0.716016 0.561523 0.715625 0.562012 0.714844 0.562012 0.714063 0.562988 0.713672 0.562988 0.7125 0.564453 0.712109 0.564453 0.710938 0.565918 0.710938 0.566406 0.710547 0.566895 0.710547 0.567383 0.709766 0.568359 0.709766 0.568848 0.709375 0.569336 0.709375 0.569824 0.708984 0.570312 0.708984 0.570801 0.708594 0.571289 0.708594 0.572266 0.708203 0.572754 0.708203 0.574219 0.707812 0.574707 0.707812 0.575684 0.707031 0.57666 0.707031 0.577148 0.706641 0.577637 0.706641 0.57959 0.70625 0.580078 0.70625 0.582031 0.705859 0.58252 0.705859 0.583496 0.705469 0.583984 0.705469 0.585449 0.705078 0.585938 0.705078 0.586426 0.704688 0.586914 0.704688 0.587402 0.703516 0.588867 0.703516 0.591309 0.703125 0.591797 0.703125 0.593262 0.702734 0.59375 0.702734 0.594238 0.702344 0.594727 0.702344 0.595703 0.701562 0.59668 0.701562 0.598633 0.701172 0.599121 0.701172 0.599609 0.700781 0.600098 0.700781 0.600586 0.700391 0.601074 0.700391 0.601562 0.7 0.602051 0.7 0.603516 0.699219 0.604492 0.699219 0.605469 0.698828 0.605957 0.698828 0.606445 0.698047 0.607422 0.698047 0.60791 0.697266 0.608887 0.697266 0.609375 0.696875 0.609863 0.696875 0.61084 0.696094 0.611816 0.696094 0.612793 0.695703 0.613281 0.695703 0.616211 0.695312 0.616699 0.695312 0.618652 0.696484 0.620117 0.699609 0.620117 0.7 0.619629 0.701172 0.619629 0.701953 0.618652 0.702734 0.618652 0.704688 0.616211 0.705078 0.616211 0.706641 0.614258 0.707031 0.614258 0.708984 0.611816 0.708984 0.611328 0.709766 0.610352 0.709766 0.609863 0.710156 0.609375 0.710156 0.608887 0.710547 0.608398 0.710547 0.60791 0.7125 0.605469 0.7125 0.60498 0.715234 0.601562 0.715234 0.600586 0.716406 0.599121 0.716406 0.598633 0.717578 0.597168 0.717578 0.59668 0.71875 0.595215 0.71875 0.594727 0.719141 0.594238 0.719141 0.593262 0.719922 0.592285 0.719922 0.591797 0.720703 0.59082 0.720703 0.588867 0.721484 0.587891 0.721484 0.587402 0.721875 0.586914 0.721875 0.57373 0.721094 0.572754 0.721094 0.570801 0.720703 0.570312 0.720703 0.567871 0.719922 0.566895 0.719922 0.565918 0.719141 0.564941 0.719141 0.562988 0.717969 0.561523
1 0.71875 0.592773 0.718359 0.593262 0.717969 0.593262 0.716016 0.595703 0.716016 0.596191 0.714063 0.598633 0.713672 0.598633 0.713281 0.599121 0.712891 0.599121 0.7125 0.599609 0.711719 0.599609 0.709766 0.602051 0.709766 0.603027 0.709375 0.603516 0.709375 0.604004 0.708984 0.604492 0.708984 0.605469 0.708594 0.605957 0.708594 0.606934 0.707812 0.60791 0.707812 0.610352 0.707422 0.61084 0.707422 0.611816 0.707031 0.612305 0.707031 0.613281 0.706641 0.61377 0.706641 0.615234 0.70625 0.615723 0.70625 0.616699 0.705859 0.617188 0.705859 0.618164 0.705469 0.618652 0.705469 0.619629 0.705078 0.620117 0.705078 0.621094 0.704688 0.621582 0.704688 0.623535 0.704297 0.624023 0.704297 0.63623 0.704688 0.636719 0.704688 0.640625 0.705078 0.641113 0.705078 0.64209 0.705469 0.642578 0.705469 0.645996 0.705859 0.646484 0.705859 0.646973 0.70625 0.647461 0.70625 0.649902 0.706641 0.650391 0.706641 0.652344 0.709766 0.65625 0.710156 0.65625 0.710938 0.657227 0.714453 0.657227 0.716406 0.654785 0.716406 0.65332 0.717187 0.652344 0.717187 0.651855 0.717969 0.650879 0.717969 0.650391 0.71875 0.649414 0.71875 0.646973 0.719141 0.646484 0.719141 0.645996 0.719531 0.645508 0.719531 0.640137 0.719922 0.639648 0.719922 0.637695 0.720313 0.637207 0.720313 0.634766 0.720703 0.634277 0.720703 0.626953 0.721094 0.626465 0.721094 0.625 0.721484 0.624512 0.721484 0.622559 0.721875 0.62207 0.721875 0.618652 0.722266 0.618164 0.722266 0.617188 0.722656 0.616699 0.722656 0.597168 0.722266 0.59668 0.722266 0.595703 0.721875 0.595215 0.721875 0.594238 0.720703 0.592773
