1 0.251953 0.47168 0.247656 0.473145 0.246094 0.476074 0.243359 0.493164 0.244531 0.498047 0.249609 0.49707 0.253516 0.491211 0.254297 0.475098
1 0.298438 0.480957 0.292187 0.47998 0.283984 0.48291 0.28125 0.485352 0.279687 0.491699 0.285547 0.492676 0.297656 0.486816
1 0.349219 0.461426 0.348047 0.472168 0.351953 0.48291 0.356641 0.486328 0.360547 0.485352 0.3625 0.481934 0.360938 0.469727 0.354687 0.460938
1 0.301563 0.496582 0.305859 0.500488 0.314453 0.500488 0.321875 0.491699 0.321875 0.488281 0.31875 0.485352 0.305469 0.48584 0.301953 0.48877
1 0.210156 0.460938 0.208594 0.456543 0.203906 0.455566 0.190234 0.458984 0.1875 0.462891 0.190234 0.466309 0.205859 0.466797 0.209375 0.464355
1 0.202344 0.52002 0.202734 0.524902 0.208984 0.530273 0.21875 0.532715 0.224609 0.530273 0.221875 0.522461 0.214062 0.516113 0.208203 0.515137
1 0.134375 0.400391 0.130078 0.401855 0.126172 0.410156 0.125391 0.42334 0.129297 0.426758 0.135156 0.424805 0.1375 0.419434 0.138281 0.407715
1 0.18125 0.344238 0.182812 0.350098 0.189062 0.35498 0.198828 0.356934 0.202344 0.354492 0.201563 0.349121 0.194141 0.342285 0.185547 0.340332
1 0.247266 0.55957 0.244922 0.556152 0.241797 0.556152 0.224609 0.563965 0.223438 0.569824 0.228906 0.571289 0.240234 0.568848 0.247266 0.563965
1 0.134375 0.574219 0.134375 0.579102 0.139453 0.588379 0.146484 0.592773 0.150781 0.591309 0.150781 0.585449 0.139063 0.573242
1 0.0371094 0.656738 0.0300781 0.651367 0.0230469 0.651367 0.0164063 0.655762 0.0140625 0.662598 0.0179687 0.666504 0.0261719 0.666504 0.0351562 0.662109
1 0.140234 0.686523 0.141797 0.692383 0.144922 0.694824 0.161719 0.693359 0.163672 0.691406 0.162891 0.687012 0.155859 0.681641 0.14375 0.683105
1 0.524219 0.637207 0.523828 0.637695 0.522266 0.637695 0.521875 0.638184 0.520312 0.638184 0.519922 0.638672 0.519531 0.638672 0.519141 0.63916 0.51875 0.63916 0.518359 0.639648 0.517578 0.639648 0.517188 0.640137 0.515625 0.640137 0.514062 0.64209 0.513672 0.64209 0.513672 0.642578 0.513281 0.643066 0.513281 0.643555 0.512109 0.64502 0.512109 0.645508 0.511719 0.645996 0.511719 0.646973 0.511328 0.647461 0.511328 0.654785 0.512109 0.655762 0.512109 0.65625 0.513281 0.657715 0.516016 0.657715 0.516797 0.656738 0.517578 0.656738 0.517969 0.65625 0.519922 0.65625 0.521484 0.654297 0.522656 0.654297 0.523047 0.653809 0.523438 0.653809 0.523828 0.65332 0.524219 0.65332 0.524609 0.652832 0.525 0.652832 0.525391 0.652344 0.526953 0.652344 0.527734 0.651367 0.528516 0.651367 0.528906 0.650879 0.529297 0.650879 0.529687 0.650391 0.530859 0.650391 0.532422 0.648438 0.532422 0.643066 0.532031 0.642578 0.532031 0.64209 0.531641 0.641602 0.531641 0.640625 0.53125 0.640137 0.53125 0.639648 0.530078 0.638184 0.529687 0.638184 0.528906 0.637207
1 0.530469 0.627441 0.528906 0.629395 0.528906 0.636719 0.529297 0.637207 0.529297 0.637695 0.529687 0.638184 0.529687 0.63916 0.530469 0.640137 0.530469 0.641602 0.53125 0.642578 0.53125 0.643066 0.532031 0.644043 0.532031 0.645508 0.532422 0.645996 0.532422 0.647949 0.532813 0.648438 0.532813 0.649902 0.533203 0.650391 0.533203 0.651855 0.533594 0.652344 0.533594 0.65332 0.533984 0.653809 0.533984 0.654785 0.534375 0.655273 0.534375 0.655762 0.5375 0.659668 0.540625 0.659668 0.541016 0.660156 0.541797 0.660156 0.542188 0.660645 0.544922 0.660645 0.546484 0.658691 0.546484 0.655762 0.546094 0.655273 0.546094 0.654785 0.545703 0.654297 0.545703 0.65332 0.544922 0.652344 0.544922 0.651855 0.544531 0.651367 0.544531 0.650879 0.54375 0.649902 0.54375 0.648926 0.543359 0.648438 0.543359 0.647949 0.542969 0.647461 0.542969 0.646973 0.542578 0.646484 0.542578 0.644043 0.541797 0.643066 0.541797 0.641602 0.541406 0.641113 0.541406 0.640625 0.541016 0.640137 0.541016 0.63916 0.540625 0.638672 0.540625 0.637695 0.539844 0.636719 0.539844 0.634766 0.539453 0.634277 0.539453 0.633789 0.538281 0.632324 0.538281 0.631348 0.537891 0.630859 0.537891 0.630371 0.536719 0.628906 0.536328 0.628906 0.535156 0.627441
1 0.434766 0.67334 0.434375 0.673828 0.433203 0.673828 0.432812 0.674316 0.432422 0.674316 0.429297 0.678223 0.428906 0.678223 0.427734 0.679688 0.427734 0.680176 0.426563 0.681641 0.426563 0.682129 0.425781 0.683105 0.425391 0.683105 0.424219 0.68457 0.423828 0.68457 0.422656 0.686035 0.422656 0.686523 0.422266 0.687012 0.422266 0.6875 0.421875 0.687988 0.421875 0.693359 0.424219 0.696289 0.425781 0.696289 0.426172 0.696777 0.429688 0.696777 0.430078 0.696289 0.430859 0.696289 0.43125 0.695801 0.431641 0.695801 0.433203 0.693848 0.433203 0.693359 0.434375 0.691895 0.434375 0.691406 0.435156 0.69043 0.435156 0.689941 0.435547 0.689453 0.435547 0.688965 0.438281 0.685547 0.438281 0.685059 0.439063 0.684082 0.439063 0.683594 0.439453 0.683105 0.439453 0.682617 0.440234 0.681641 0.440234 0.680664 0.441016 0.679688 0.441016 0.677246 0.441406 0.676758 0.441406 0.674805 0.440234 0.67334
1 0.661719 0.495117 0.657813 0.496094 0.651953 0.50293 0.650781 0.506836 0.651172 0.517578 0.654297 0.522949 0.661719 0.523926 0.664844 0.519531 0.664453 0.505859
1 0.701172 0.463379 0.696484 0.461914 0.692187 0.466309 0.685156 0.47998 0.685937 0.484863 0.690625 0.484863 0.698438 0.475586 0.702344 0.467773
1 0.721484 0.397949 0.714063 0.400391 0.705078 0.407715 0.702734 0.411621 0.704688 0.417969 0.709766 0.42041 0.716406 0.414551 0.722266 0.40625 0.723047 0.401855
1 0.677344 0.603516 0.670312 0.605469 0.667578 0.613281 0.666797 0.625488 0.669922 0.635254 0.674219 0.635254 0.680859 0.618652 0.68125 0.60791
1 0.572656 0.733887 0.566406 0.734863 0.558203 0.743652 0.555469 0.748535 0.55625 0.755371 0.561719 0.755371 0.570703 0.745605 0.573047 0.740723
1 0.546875 0.725098 0.549219 0.730957 0.564844 0.736328 0.570703 0.731934 0.567969 0.724609 0.560937 0.721191 0.551953 0.72168
1 0.596875 0.73877 0.593359 0.736328 0.583594 0.738281 0.578125 0.742676 0.577734 0.749023 0.582422 0.75 0.595703 0.746582 0.597266 0.744629
1 0.624219 0.749512 0.617969 0.751465 0.611719 0.763672 0.613281 0.76709 0.615625 0.767578 0.620313 0.763184 0.625 0.755371
1 0.386328 0.754395 0.38125 0.754883 0.375391 0.760742 0.372266 0.768555 0.373437 0.774902 0.38125 0.777344 0.386328 0.773438 0.388672 0.765625 0.388672 0.758301
1 0.298828 0.807129 0.295703 0.803223 0.291406 0.803711 0.280078 0.813965 0.277734 0.819336 0.280078 0.821777 0.287109 0.822754 0.297266 0.813477
1 0.310547 0.80127 0.310547 0.804199 0.313281 0.807129 0.321484 0.810059 0.328125 0.80957 0.334766 0.804199 0.331641 0.796875 0.325 0.793945 0.315234 0.794922
1 0.258203 0.769531 0.257031 0.778809 0.261328 0.783691 0.273438 0.788086 0.279687 0.788086 0.28125 0.786133 0.281641 0.782715 0.279687 0.77832 0.272266 0.768555 0.264062 0.766602
1 0.41875 0.846191 0.416406 0.841797 0.410938 0.841797 0.397266 0.851562 0.395313 0.856934 0.400781 0.859863 0.408984 0.859375 0.417578 0.852539
1 0.438672 0.836914 0.437891 0.848145 0.443359 0.861328 0.447266 0.864746 0.453516 0.863281 0.454297 0.856445 0.443359 0.838867
1 0.459766 0.829102 0.455469 0.830078 0.453516 0.834961 0.453125 0.852539 0.455469 0.855469 0.460547 0.854492 0.463672 0.84668 0.463672 0.833008
1 0.497266 0.832031 0.498437 0.838867 0.505859 0.84668 0.514062 0.847656 0.51875 0.84375 0.518359 0.837891 0.514453 0.834961 0.505469 0.831543
1 0.473438 0.925293 0.467187 0.920898 0.459766 0.921875 0.450391 0.930176 0.450391 0.938477 0.454297 0.941895 0.458203 0.940918 0.474219 0.930176
1 0.757812 0.827637 0.760156 0.833496 0.770703 0.839355 0.783203 0.839355 0.785937 0.833984 0.785937 0.828125 0.783203 0.825195 0.769531 0.82373 0.760156 0.825195
1 0.677344 0.821777 0.671875 0.819824 0.665625 0.82373 0.660937 0.830078 0.661328 0.836914 0.667188 0.838379 0.673438 0.833984 0.676562 0.829102
1 0.775 0.928223 0.770703 0.92627 0.75625 0.937012 0.754687 0.939453 0.754687 0.945801 0.757812 0.947754 0.764844 0.945801 0.775 0.932129
1 0.817578 0.909668 0.818359 0.914551 0.822656 0.919434 0.832812 0.919922 0.838281 0.916504 0.837891 0.911133 0.835156 0.90918 0.821094 0.907715
1 0.835547 0.875977 0.833984 0.882812 0.836719 0.892578 0.844141 0.90332 0.85 0.904297 0.850781 0.897949 0.842578 0.877441 0.839453 0.875
1 0.728516 0.963379 0.729688 0.969238 0.735938 0.971191 0.747266 0.970703 0.751563 0.965332 0.748828 0.960449 0.740625 0.956543 0.732812 0.956543
1 0.811328 0.950684 0.805859 0.952637 0.803125 0.958496 0.800391 0.97168 0.801562 0.978516 0.80625 0.977051 0.810156 0.969727 0.813281 0.957031
1 0.924219 0.925781 0.925 0.931152 0.9375 0.940918 0.942187 0.939941 0.942187 0.935059 0.939453 0.930664 0.928906 0.924316
1 0.930859 0.864258 0.929688 0.868164 0.938281 0.887207 0.94375 0.88916 0.945312 0.886719 0.945312 0.880859 0.939453 0.866211 0.936328 0.862793
1 0.947266 0.848145 0.946484 0.854492 0.958203 0.867676 0.961719 0.869629 0.966797 0.867676 0.966016 0.861816 0.957812 0.851562 0.950781 0.84668
1 0.9625 0.807129 0.963281 0.812988 0.966016 0.814941 0.983203 0.816406 0.985938 0.814453 0.985938 0.811523 0.982031 0.806152 0.973828 0.80127 0.966797 0.80127
1 0.979297 0.785645 0.973437 0.784668 0.966797 0.788086 0.959766 0.793945 0.959375 0.799316 0.964063 0.801758 0.970703 0.798828 0.978906 0.791504
1 1 0.775391 0.992969 0.773926 0.987109 0.78418 0.986328 0.794434 0.989844 0.802734 0.992969 0.800293 0.997656 0.786621 1 0.785156
1 1 0.927246 0.988672 0.929688 0.985156 0.93457 0.986719 0.94043 0.990234 0.943848 1 0.942383
1 0.949609 0.714355 0.946484 0.712891 0.937891 0.719238 0.932031 0.731445 0.931641 0.736328 0.933594 0.73877 0.939453 0.737793 0.945312 0.730957 0.95 0.720215
1 0.921094 0.695801 0.91875 0.699219 0.918359 0.709961 0.919922 0.717773 0.924609 0.724121 0.928516 0.716797 0.928516 0.70459 0.925391 0.696289
1 0.938281 0.689453 0.938281 0.693359 0.940234 0.696289 0.951172 0.704102 0.957812 0.707031 0.967187 0.705566 0.967187 0.700195 0.950781 0.688965 0.942187 0.685547
1 0.954688 0.652344 0.952734 0.658203 0.957422 0.66748 0.966406 0.674316 0.969922 0.67334 0.969531 0.666016 0.959766 0.653809
1 0.919531 0.640625 0.919922 0.643066 0.926172 0.648926 0.937891 0.646484 0.942578 0.64209 0.941406 0.638184 0.933203 0.63623 0.922656 0.63623
1 0.942578 0.641602 0.939453 0.636719 0.931641 0.635254 0.923047 0.635742 0.919531 0.638672 0.910547 0.63623 0.908203 0.641113 0.910937 0.649414 0.922656 0.65918 0.926562 0.657227 0.925781 0.650879 0.926953 0.648926 0.940234 0.645508
1 0.849219 0.687988 0.846484 0.691406 0.849219 0.705078 0.853516 0.715332 0.857422 0.719238 0.859766 0.71875 0.861719 0.716309 0.860156 0.699707 0.854688 0.688477
1 0.877344 0.621582 0.871875 0.621094 0.866016 0.62793 0.859766 0.641602 0.860938 0.648926 0.866406 0.650391 0.874609 0.63916 0.878125 0.628906
1 0.785156 0.656738 0.783594 0.663086 0.787109 0.672852 0.794531 0.677246 0.799609 0.677734 0.802734 0.675781 0.803906 0.67041 0.799609 0.663086 0.790625 0.65625
1 0.794141 0.707031 0.790234 0.709961 0.790234 0.71582 0.797656 0.730957 0.802734 0.734863 0.80625 0.730469 0.805859 0.720703 0.799219 0.708008
1 0.785547 0.599121 0.780859 0.598145 0.773828 0.602051 0.762891 0.613281 0.763672 0.620605 0.769141 0.623047 0.776172 0.619141 0.785156 0.60791
1 0.930859 0.587402 0.93125 0.593262 0.9375 0.599121 0.94375 0.601562 0.948438 0.601562 0.950781 0.599121 0.950391 0.592285 0.94375 0.586426 0.935156 0.584473
1 0.958594 0.544922 0.953125 0.543945 0.942187 0.553711 0.939453 0.560547 0.942969 0.567871 0.947656 0.567871 0.955078 0.559082 0.959766 0.549316
1 0.970313 0.512207 0.96875 0.516602 0.976172 0.529297 0.982031 0.53418 0.985938 0.53418 0.9875 0.530762 0.986328 0.526367 0.975391 0.512695
1 0.91875 0.495605 0.920312 0.505371 0.926953 0.509277 0.939453 0.507812 0.944141 0.501465 0.942969 0.499512 0.928516 0.494629
1 0.867578 0.529297 0.863281 0.524414 0.860156 0.523926 0.848047 0.532715 0.846484 0.535156 0.846875 0.539551 0.853906 0.54248 0.858203 0.541992 0.867188 0.535156
1 0.885938 0.532227 0.88125 0.532715 0.872266 0.539062 0.871094 0.54541 0.873047 0.550781 0.877734 0.550781 0.887109 0.54248 0.887891 0.537109
1 0.80625 0.470703 0.803125 0.467773 0.794922 0.468262 0.786719 0.475586 0.784375 0.481934 0.786328 0.485352 0.791016 0.484375 0.803516 0.476074
1 0.736719 0.468262 0.732422 0.469727 0.727344 0.47998 0.727344 0.491699 0.731641 0.496094 0.735547 0.494629 0.738672 0.474121
1 0.775391 0.558105 0.771094 0.560547 0.768359 0.567871 0.765625 0.58252 0.767578 0.589355 0.773438 0.589355 0.778516 0.578613 0.778906 0.563965
1 0.546875 0.853516 0.546875 0.858398 0.552734 0.864746 0.561719 0.865723 0.565625 0.862793 0.565234 0.856934 0.563281 0.854004 0.553125 0.851074 0.548438 0.851074
1 0.555859 0.954102 0.552734 0.951172 0.546875 0.952637 0.536719 0.964355 0.534375 0.969727 0.535156 0.974609 0.538672 0.975586 0.549609 0.971191 0.55625 0.959473
1 0.573828 0.984375 0.570703 0.983887 0.566016 0.986816 0.559375 0.993652 0.556641 1 0.569922 1 0.574609 0.990234
1 0.499219 0.98291 0.494141 0.97998 0.4875 0.980469 0.480859 0.986328 0.477734 0.993652 0.467187 0.992188 0.466406 0.995605 0.46875 1 0.485938 1 0.490234 0.994141 0.497656 0.98877
1 0.249609 0.972168 0.246484 0.977539 0.248438 0.993652 0.251953 1 0.258594 1 0.260937 0.992188 0.259766 0.97998 0.25625 0.97168
1 0.208594 0.962891 0.208203 0.970703 0.214844 0.984863 0.217578 0.987305 0.221875 0.987305 0.222656 0.980469 0.217578 0.968262 0.212891 0.962402
1 0.0734375 0.73877 0.0734375 0.745117 0.0804688 0.753906 0.0878906 0.759766 0.0929688 0.758789 0.0925781 0.75293 0.0808594 0.736816 0.0757812 0.736328
1 0.0609375 0.751953 0.0597656 0.753418 0.0609375 0.779297 0.0632812 0.78125 0.0679687 0.780762 0.0710937 0.775879 0.0691406 0.762207 0.0667969 0.756348
1 0.015625 0.717773 0.0164063 0.723633 0.0277344 0.733887 0.0339844 0.73584 0.0367188 0.73291 0.0367188 0.725586 0.0300781 0.719727 0.0230469 0.71582
1 0.00820313 0.367676 0.00625 0.37207 0.00625 0.37793 0.00859375 0.384766 0.0128906 0.390137 0.0191406 0.389648 0.0207031 0.383789 0.0179687 0.374512 0.0132812 0.368164
1 0.0199219 0.401367 0.0183594 0.399414 0.0109375 0.400391 0 0.408691 0 0.418457 0.0175781 0.411133 0.0195312 0.407715
1 0.0609375 0.40332 0.0574219 0.400879 0.0507812 0.402832 0.0429688 0.411621 0.0433594 0.419922 0.0488281 0.421875 0.0542969 0.418457 0.0605469 0.40918
1 0.174609 0.224121 0.169922 0.223633 0.164453 0.228516 0.159766 0.245605 0.161719 0.25 0.167969 0.248047 0.173437 0.23877 0.175391 0.230957
1 0.208594 0.265625 0.203906 0.264648 0.198437 0.27002 0.193359 0.284668 0.194531 0.290039 0.197656 0.290527 0.202344 0.287598 0.209375 0.277344 0.210938 0.27002
1 0.261328 0.206543 0.262891 0.211914 0.266797 0.213867 0.276172 0.213867 0.284766 0.20752 0.283594 0.20166 0.275 0.199219 0.263281 0.201172
1 0.334766 0.232422 0.332422 0.238281 0.335156 0.247559 0.341797 0.255371 0.349219 0.255371 0.350781 0.250488 0.344531 0.23584 0.341016 0.231445
1 0.206641 0.164062 0.200391 0.164062 0.192578 0.171387 0.190625 0.177734 0.192188 0.187012 0.198047 0.187988 0.201563 0.185059 0.207813 0.172363 0.208203 0.166992
1 0.180859 0.166504 0.176953 0.173828 0.177344 0.185547 0.18125 0.192383 0.185547 0.192383 0.188672 0.186523 0.188672 0.172852 0.186328 0.16748
1 0.207813 0.131348 0.203906 0.126465 0.192578 0.12793 0.185156 0.133789 0.183203 0.140137 0.191797 0.142578 0.204687 0.140625 0.207813 0.137695
1 0.155078 0.100586 0.151953 0.103516 0.153906 0.120117 0.157422 0.12793 0.162891 0.126465 0.165234 0.119629 0.165234 0.108887 0.162109 0.101074
1 0.145703 0.0844727 0.146094 0.090332 0.153516 0.0981445 0.162109 0.0986328 0.165625 0.0952148 0.165625 0.0893555 0.154297 0.0825195
1 0.0535156 0.0737305 0.0523438 0.0795898 0.0558594 0.0888672 0.0601563 0.0932617 0.065625 0.0932617 0.0671875 0.0864258 0.0652344 0.0810547 0.0601563 0.0742188
1 0.0765625 0.00878906 0.0765625 0.0166016 0.0824219 0.0234375 0.0898438 0.0263672 0.0972656 0.0249023 0.0980469 0.0224609 0.0957031 0.0185547 0.0898438 0.0151367 0.0832031 0.0078125 0.0792969 0.00634766
1 0.0394531 0.015625 0.0375 0.0126953 0.0339844 0.0117188 0.0214844 0.0136719 0.015625 0.0170898 0.0148437 0.0229492 0.0183594 0.0258789 0.0375 0.0205078
1 0.388672 0.228027 0.389062 0.236816 0.392969 0.241211 0.403906 0.242676 0.412891 0.236816 0.411328 0.230469 0.405859 0.225586 0.396484 0.224121
1 0.425 0.245605 0.420312 0.246582 0.415234 0.254883 0.410938 0.268066 0.4125 0.276855 0.417187 0.276367 0.423438 0.266602 0.426953 0.254883 0.426953 0.249512
1 0.483984 0.324219 0.485156 0.330566 0.490234 0.334473 0.498437 0.335938 0.506641 0.334473 0.505859 0.326172 0.496484 0.319824 0.486719 0.318848
1 0.479297 0.368164 0.474219 0.365234 0.466406 0.365723 0.461328 0.370117 0.459375 0.374023 0.459375 0.378906 0.4625 0.382324 0.467578 0.382324 0.477344 0.374512
1 0.542188 0.264648 0.537109 0.259277 0.532813 0.257812 0.525781 0.262207 0.521484 0.271973 0.525391 0.275391 0.536328 0.273438 0.541797 0.269043
1 0.570703 0.241211 0.564063 0.239258 0.557813 0.241699 0.552344 0.248047 0.552344 0.254883 0.558594 0.255859 0.56875 0.247559
1 0.579688 0.222168 0.578906 0.228027 0.586719 0.236816 0.598437 0.241699 0.602734 0.23877 0.601953 0.23291 0.591406 0.222656 0.586719 0.220703
1 0.579297 0.271484 0.578516 0.277832 0.582422 0.289551 0.583203 0.299805 0.587891 0.302246 0.591797 0.29541 0.590625 0.286133 0.584375 0.274902
1 0.558984 0.308594 0.560547 0.313965 0.569141 0.319824 0.573438 0.320312 0.578125 0.31543 0.577344 0.30957 0.56875 0.304199 0.563281 0.304199
1 0.560156 0.20752 0.555859 0.20752 0.547266 0.215332 0.544922 0.228516 0.547656 0.232422 0.552734 0.23291 0.557031 0.226562 0.560937 0.214355
1 0.553516 0.164062 0.549219 0.166016 0.54375 0.173828 0.542578 0.1875 0.544531 0.191895 0.55 0.189453 0.558203 0.174316 0.557422 0.167969
1 0.547656 0.207031 0.546094 0.205078 0.541406 0.205566 0.528516 0.216797 0.529297 0.221191 0.534766 0.223145 0.542578 0.217773 0.546484 0.213379
1 0.475391 0.143555 0.469531 0.14209 0.462109 0.148926 0.458203 0.15918 0.459375 0.165039 0.463672 0.164551 0.476562 0.148926
1 0.483984 0.0913086 0.480469 0.0917969 0.476562 0.100586 0.476172 0.119629 0.478516 0.122559 0.482812 0.120117 0.486328 0.107422 0.486719 0.0942383
1 0.401172 0.059082 0.396094 0.0629883 0.389062 0.0795898 0.391406 0.0864258 0.395703 0.0898438 0.401562 0.0854492 0.405078 0.0766602 0.405469 0.0649414
1 0.325781 0.138184 0.321484 0.135742 0.313281 0.138672 0.303906 0.148438 0.303516 0.154785 0.306641 0.157715 0.311328 0.157715 0.324219 0.144043
1 0.61875 0.122559 0.615625 0.119141 0.613281 0.119141 0.604297 0.125 0.601172 0.130371 0.599609 0.141113 0.604297 0.142578 0.609766 0.139648 0.61875 0.129395
1 0.678516 0.0961914 0.675 0.097168 0.669922 0.105469 0.669922 0.115234 0.672656 0.121094 0.677344 0.119629 0.681641 0.0991211
1 0.646875 0.103516 0.648828 0.109863 0.654297 0.111816 0.667188 0.11084 0.669922 0.106445 0.667969 0.102539 0.65625 0.0991211 0.648828 0.100586
1 0.673438 0.152344 0.670312 0.148926 0.661328 0.151855 0.654297 0.15918 0.653125 0.162109 0.653906 0.166992 0.660937 0.167969 0.671484 0.164551 0.675 0.159668
1 0.645703 0.187012 0.647266 0.189941 0.6625 0.194824 0.666797 0.194824 0.669141 0.188965 0.666016 0.18457 0.658203 0.182617 0.65 0.183105
1 0.661328 0.216309 0.664062 0.220215 0.677344 0.225098 0.686719 0.225586 0.691016 0.222168 0.689063 0.216797 0.677734 0.211426 0.665625 0.211914
1 0.708594 0.216309 0.708203 0.225098 0.7125 0.237793 0.715625 0.240723 0.722266 0.238281 0.721484 0.229004 0.717969 0.221191 0.713281 0.216797
1 0.730469 0.240723 0.723828 0.237305 0.717187 0.241211 0.708594 0.250977 0.708594 0.256836 0.713281 0.256836 0.728125 0.246094
1 0.758984 0.189941 0.755859 0.188477 0.747656 0.192383 0.741016 0.200684 0.740234 0.208496 0.743359 0.211426 0.749219 0.210449 0.757031 0.199707
1 0.734766 0.206055 0.731641 0.209961 0.732812 0.227051 0.735547 0.231934 0.738672 0.232422 0.740625 0.229004 0.741016 0.211426 0.738672 0.206543
1 0.74375 0.16748 0.739453 0.16748 0.733594 0.17627 0.730469 0.186035 0.732812 0.191895 0.736719 0.192383 0.74375 0.184082 0.745313 0.179199
1 0.764062 0.119629 0.760156 0.116211 0.755859 0.117676 0.747266 0.124023 0.745703 0.130371 0.748437 0.132812 0.75625 0.131836 0.763672 0.125488
1 0.756641 0.143066 0.758594 0.149414 0.766016 0.156738 0.770703 0.158691 0.776172 0.156738 0.776563 0.151855 0.775 0.148438 0.763672 0.14209
1 0.79375 0.180664 0.791016 0.185059 0.792188 0.198242 0.795703 0.205566 0.799609 0.207031 0.802734 0.204102 0.802344 0.198242 0.799219 0.186035 0.795703 0.180664
1 0.767578 0.212891 0.767578 0.218262 0.772266 0.223633 0.782422 0.227539 0.786719 0.226562 0.787891 0.224121 0.787109 0.220215 0.778906 0.213379 0.772656 0.210938
1 0.755078 0.203613 0.752734 0.206543 0.752734 0.210449 0.755469 0.219727 0.759766 0.228516 0.763281 0.230469 0.767188 0.229492 0.76875 0.227051 0.76875 0.220703 0.759766 0.206543
1 0.759375 0.237305 0.752734 0.23877 0.746484 0.245605 0.744531 0.257812 0.749219 0.259277 0.751953 0.257324 0.755078 0.25 0.760938 0.242676
1 0.740234 0.255859 0.734375 0.255371 0.728516 0.265137 0.728125 0.275391 0.731641 0.282227 0.735938 0.280273 0.741797 0.270996 0.742969 0.260742
1 0.778906 0.268066 0.775391 0.26416 0.767578 0.265137 0.761328 0.269043 0.758203 0.276367 0.7625 0.279785 0.768359 0.279785 0.776172 0.275391 0.779297 0.270996
1 0.815234 0.216309 0.811328 0.212402 0.80625 0.213867 0.796094 0.225098 0.794922 0.23291 0.799609 0.233887 0.807813 0.227539 0.814453 0.220215
1 0.846484 0.177246 0.842187 0.175293 0.8375 0.178223 0.826172 0.191406 0.827344 0.198242 0.829688 0.200195 0.835938 0.19873 0.844922 0.185059
1 0.814844 0.117676 0.814844 0.120605 0.817969 0.123047 0.833984 0.122559 0.839453 0.120605 0.840625 0.11377 0.835938 0.109863 0.825391 0.108887 0.817578 0.111816
1 0.790234 0.0908203 0.792188 0.097168 0.799609 0.101562 0.807813 0.101074 0.811719 0.0966797 0.808984 0.0898438 0.802344 0.0839844 0.795312 0.0849609
1 0.767188 0.0908203 0.767969 0.0947266 0.775391 0.101562 0.783594 0.103027 0.785937 0.100098 0.786719 0.09375 0.784766 0.0908203 0.775391 0.0878906 0.771094 0.0878906
1 0.814453 0.0698242 0.811328 0.0673828 0.805469 0.0683594 0.794922 0.0737305 0.790234 0.081543 0.801562 0.0825195 0.814063 0.0732422
1 0.767969 0.074707 0.767969 0.0771484 0.778516 0.0878906 0.786719 0.0893555 0.789844 0.0854492 0.788281 0.0800781 0.780078 0.074707 0.774219 0.0727539
1 0.778906 0.0463867 0.778906 0.0522461 0.786719 0.059082 0.795703 0.0610352 0.8 0.0576172 0.799609 0.0522461 0.794531 0.0463867 0.787109 0.0439453 0.782031 0.0439453
1 0.796094 0.0405273 0.796875 0.0488281 0.801172 0.0527344 0.811328 0.0537109 0.814844 0.0522461 0.816797 0.0488281 0.815625 0.0424805 0.809766 0.0371094 0.803125 0.0361328 0.798438 0.0375977
1 0.742578 0.0356445 0.744141 0.0415039 0.749609 0.0429688 0.760547 0.0424805 0.764844 0.0380859 0.764062 0.0351562 0.757031 0.03125 0.745703 0.0327148
1 0.701953 0.0371094 0.696484 0.0410156 0.691797 0.0512695 0.691016 0.0620117 0.692578 0.0644531 0.696875 0.0625 0.702734 0.0522461 0.704297 0.0410156
1 0.589063 0.0166016 0.583203 0.0151367 0.576172 0.0205078 0.571875 0.0268555 0.572266 0.0322266 0.577734 0.0341797 0.581641 0.0317383 0.588281 0.0239258
1 0.545312 0.0297852 0.540625 0.0292969 0.534375 0.0366211 0.529687 0.0522461 0.530078 0.059082 0.533984 0.0600586 0.541797 0.050293 0.546875 0.0375977
1 0.494141 0.0112305 0.49375 0.019043 0.504687 0.0317383 0.509766 0.034668 0.514453 0.034668 0.516016 0.0327148 0.514062 0.0244141 0.502734 0.0107422 0.497656 0.00878906
1 0.789062 0.309082 0.786719 0.306641 0.771094 0.307617 0.766016 0.310059 0.763281 0.315918 0.767969 0.320801 0.776953 0.320801 0.785547 0.315918
1 0.815234 0.34375 0.810547 0.343262 0.805078 0.347656 0.800781 0.358887 0.801953 0.36377 0.807031 0.36377 0.8125 0.358398 0.816016 0.351074
1 0.808594 0.330078 0.803125 0.329102 0.795312 0.333496 0.789062 0.343262 0.789062 0.352051 0.791406 0.354492 0.794922 0.354004 0.803516 0.346191 0.809375 0.335938
1 0.767969 0.349121 0.766016 0.352539 0.766406 0.369141 0.768359 0.375488 0.772266 0.378418 0.775391 0.374023 0.777734 0.358398 0.773438 0.350586
1 0.741797 0.346191 0.740234 0.351562 0.746094 0.366211 0.748047 0.368164 0.752734 0.368164 0.754687 0.36084 0.752344 0.353027 0.748437 0.347168 0.744922 0.345215
1 0.725781 0.350586 0.725 0.35498 0.731641 0.36377 0.739453 0.367188 0.744922 0.366211 0.743359 0.357422 0.738672 0.351562 0.733203 0.348145 0.728906 0.348145
1 0.735938 0.297363 0.730469 0.296387 0.719922 0.30127 0.716016 0.305664 0.717187 0.310059 0.721484 0.312988 0.732031 0.307617 0.736719 0.300781
1 0.817578 0.294922 0.819922 0.300293 0.825781 0.302734 0.834375 0.303711 0.839453 0.30127 0.837109 0.29541 0.826562 0.289551 0.821094 0.290039
1 0.873437 0.256348 0.874219 0.262207 0.883203 0.265137 0.889844 0.262695 0.892188 0.257812 0.891406 0.254883 0.885547 0.251465 0.877344 0.25293
1 0.903125 0.271484 0.900781 0.275879 0.903516 0.283691 0.911328 0.297363 0.916016 0.297852 0.916797 0.291504 0.913281 0.279785 0.907813 0.271973
1 0.871875 0.10791 0.867969 0.106445 0.85625 0.112305 0.851172 0.118164 0.851172 0.125 0.858203 0.126953 0.866016 0.121582 0.871094 0.115723 0.872656 0.11084
1 0.888672 0.0458984 0.890234 0.0522461 0.903516 0.0610352 0.908984 0.0600586 0.909375 0.0551758 0.907813 0.0512695 0.901172 0.0454102 0.894141 0.0424805
1 0.900781 0.0136719 0.898047 0.0161133 0.898438 0.0219727 0.903125 0.0317383 0.905859 0.0429688 0.907422 0.0454102 0.912109 0.0449219 0.913672 0.0419922 0.912109 0.0249023 0.905078 0.0126953
1 0.896094 0.00488281 0.889062 0.00634766 0.886328 0.0126953 0.886328 0.0268555 0.889453 0.0351562 0.892578 0.0356445 0.894141 0.0332031 0.897266 0.0126953
1 0.971484 0.0224609 0.967187 0.0249023 0.964063 0.03125 0.963672 0.0415039 0.966016 0.0439453 0.969531 0.0429688 0.971094 0.0400391
1 0.942969 0.0678711 0.942578 0.0727539 0.946484 0.081543 0.954688 0.0883789 0.958594 0.0883789 0.962109 0.0854492 0.962891 0.0800781 0.958594 0.0751953 0.947656 0.0673828
1 0.941797 0.100586 0.940234 0.0986328 0.935937 0.0986328 0.922266 0.104492 0.919922 0.109863 0.923047 0.113281 0.933203 0.11084 0.940625 0.105957
1 0.967969 0.13623 0.9625 0.135254 0.951562 0.138672 0.949219 0.143066 0.949609 0.148438 0.952344 0.150391 0.963281 0.148438 0.967578 0.144043
1 0.932031 0.224121 0.935156 0.229004 0.94375 0.229004 0.955469 0.223633 0.95625 0.217773 0.953906 0.216309 0.935937 0.217773 0.932813 0.220215
1 0.666406 0 0.665234 0.0102539 0.666797 0.0214844 0.669141 0.0234375 0.674609 0.0229492 0.675391 0.0107422 0.671484 0
1 0.677344 0.334961 0.672266 0.338867 0.672266 0.345703 0.675 0.354004 0.675781 0.365234 0.678906 0.368652 0.683984 0.362793 0.686719 0.353516 0.686719 0.344727 0.683203 0.336426
1 0.775 0.387695 0.772656 0.393555 0.773828 0.398926 0.783594 0.407715 0.791406 0.409668 0.792578 0.408203 0.791797 0.40332 0.779687 0.388672
1 0.736719 0.380371 0.731641 0.381348 0.727344 0.387207 0.727344 0.394043 0.732812 0.404297 0.737109 0.401855 0.739453 0.394043 0.739062 0.383301
1 0.769141 0.434082 0.767188 0.430176 0.764062 0.428711 0.753125 0.431152 0.746484 0.436523 0.74375 0.441895 0.743359 0.447754 0.749609 0.44873 0.764844 0.443359 0.769141 0.439453
1 0.805859 0.440918 0.805469 0.447754 0.808984 0.453125 0.818359 0.458984 0.824219 0.458496 0.824219 0.45166 0.817578 0.441406 0.812109 0.438477
1 0.841797 0.375488 0.840234 0.383301 0.842187 0.388184 0.854688 0.402832 0.859766 0.403809 0.860938 0.397461 0.857422 0.388672 0.846094 0.374512
1 0.96875 0.325684 0.969531 0.330566 0.982422 0.337402 0.987109 0.337891 0.990625 0.334473 0.988672 0.328613 0.98125 0.324707 0.972656 0.322754
1 0.996875 0.364258 0.99375 0.361816 0.973828 0.363281 0.970313 0.367676 0.970313 0.371094 0.974219 0.376465 0.990625 0.376465 0.995703 0.373047 0.997266 0.369629
1 0.911719 0.333008 0.904297 0.331055 0.898828 0.338867 0.897656 0.359863 0.900391 0.36377 0.904687 0.362305 0.909766 0.354004 0.913281 0.339355
1 0.959766 0.363281 0.954297 0.361816 0.943359 0.372559 0.941016 0.380371 0.942969 0.382324 0.951562 0.383301 0.958594 0.376465 0.963281 0.378906 0.964063 0.373535
1 0.991016 0.402344 0.983984 0.401855 0.975391 0.408203 0.970313 0.416504 0.969141 0.422852 0.975391 0.424805 0.989844 0.408691
1 0.974609 0.422852 0.974219 0.427246 0.978125 0.431641 0.987109 0.433594 0.994141 0.432617 0.994531 0.427734 0.991016 0.424316 0.98125 0.421387
1 1 0.162598 0.994141 0.165039 0.989062 0.172363 0.989844 0.177734 1 0.177734
1 0.472656 0.242188 0.473828 0.247559 0.483203 0.253906 0.498047 0.253418 0.501563 0.248535 0.500391 0.242188 0.494922 0.23877 0.48125 0.238281
1 0.5125 0.251953 0.513672 0.257324 0.522266 0.260742 0.525391 0.26416 0.5375 0.261719 0.537109 0.255859 0.532813 0.251465 0.518359 0.250488
0 0.614453 0.27002 0.614062 0.275879 0.617969 0.287598 0.623047 0.296387 0.627734 0.296387 0.630859 0.287109 0.628906 0.276367 0.624219 0.271484
0 0.753125 0.163574 0.755078 0.169434 0.764062 0.175293 0.770312 0.175293 0.777344 0.169922 0.771875 0.161621 0.755078 0.161621
0 0.614062 0.614258 0.612109 0.622559 0.614453 0.628418 0.623437 0.634277 0.631641 0.631836 0.632031 0.626465 0.625391 0.617188 0.619531 0.612305
0 0.532813 0.802734 0.528516 0.806152 0.528906 0.814453 0.532422 0.827148 0.537891 0.829102 0.541016 0.824219 0.541016 0.812012 0.537109 0.803711
0 0.663281 0.0507812 0.665234 0.0551758 0.673828 0.0600586 0.680078 0.0595703 0.684375 0.0561523 0.682422 0.0493164 0.675 0.0454102 0.669141 0.0454102
1 0.686328 0.0253906 0.685156 0.0234375 0.677344 0.0249023 0.670703 0.0297852 0.6625 0.0327148 0.660156 0.0375977 0.665234 0.0419922 0.684375 0.0375977 0.686328 0.0336914
1 0.680078 0.0117188 0.676562 0.0170898 0.677344 0.0297852 0.674609 0.0361328 0.682813 0.0385742 0.685547 0.0366211 0.686719 0.0322266 0.686328 0.0185547 0.684375 0.0126953
1 0.404687 0.804688 0.403516 0.806152 0.403516 0.807617 0.402344 0.809082 0.402344 0.80957 0.400781 0.811523 0.400781 0.812988 0.400391 0.813477 0.400391 0.814453 0.399609 0.81543 0.399609 0.816895 0.397656 0.819336 0.397656 0.827637 0.398047 0.828125 0.398047 0.830078 0.398438 0.830566 0.398438 0.833984 0.398828 0.834473 0.398828 0.836914 0.401172 0.839844 0.403125 0.839844 0.403516 0.839355 0.403906 0.839355 0.405859 0.836914 0.405859 0.835449 0.40625 0.834961 0.40625 0.830566 0.406641 0.830078 0.406641 0.828613 0.407031 0.828125 0.407031 0.827637 0.407422 0.827148 0.407422 0.822754 0.407813 0.822266 0.407813 0.808594 0.407422 0.808105 0.407422 0.806152 0.40625 0.804688
1 0.410156 0.811035 0.408594 0.812988 0.408594 0.813477 0.408203 0.813965 0.408203 0.814453 0.407813 0.814941 0.407813 0.825684 0.408203 0.826172 0.408203 0.82666 0.408594 0.827148 0.408594 0.827637 0.410156 0.82959 0.410156 0.830078 0.411328 0.831543 0.411719 0.831543 0.412109 0.832031 0.4125 0.832031 0.412891 0.83252 0.413281 0.83252 0.414062 0.833496 0.414453 0.833496 0.415234 0.834473 0.416016 0.834473 0.417578 0.836426 0.418359 0.836426 0.41875 0.836914 0.420703 0.836914 0.421094 0.837402 0.425391 0.837402 0.426172 0.836426 0.426563 0.836426 0.428125 0.834473 0.428125 0.833984 0.428516 0.833496 0.428516 0.828613 0.428125 0.828125 0.428125 0.827148 0.426953 0.825684 0.426953 0.824707 0.426563 0.824219 0.426563 0.82373 0.425391 0.822266 0.425391 0.821777 0.422656 0.818359 0.422266 0.818359 0.421094 0.816895 0.420312 0.816895 0.417187 0.812988 0.416797 0.812988 0.416016 0.812012 0.415234 0.812012 0.414453 0.811035
1 0.837109 0.950195 0.835938 0.95166 0.835938 0.954102 0.836328 0.95459 0.836328 0.955078 0.835156 0.956543 0.835156 0.957031 0.834766 0.95752 0.834766 0.958496 0.834375 0.958984 0.834375 0.966309 0.834766 0.966797 0.834766 0.967285 0.835156 0.967773 0.835156 0.96875 0.835938 0.969727 0.835938 0.971191 0.836328 0.97168 0.836328 0.973633 0.836719 0.974121 0.836719 0.976562 0.837109 0.977051 0.837109 0.977539 0.8375 0.978027 0.8375 0.979492 0.839063 0.981445 0.839063 0.981934 0.840234 0.983398 0.842578 0.983398 0.845313 0.97998 0.845313 0.979492 0.845703 0.979004 0.845703 0.967285 0.845313 0.966797 0.845313 0.965332 0.844922 0.964844 0.844922 0.964355 0.844141 0.963379 0.844141 0.962402 0.84375 0.961914 0.84375 0.959961 0.843359 0.959473 0.843359 0.958496 0.842969 0.958008 0.842969 0.95752 0.841797 0.956055 0.841797 0.955566 0.841016 0.95459 0.841016 0.954102 0.840625 0.953613 0.840625 0.953125 0.839844 0.952148 0.839844 0.95166 0.838672 0.950195
1 0.815625 0.631348 0.815234 0.631836 0.814844 0.631836 0.814453 0.632324 0.813672 0.632324 0.813281 0.632812 0.8125 0.632812 0.811719 0.633789 0.811328 0.633789 0.808594 0.637207 0.808594 0.637695 0.808203 0.638184 0.808203 0.639648 0.807813 0.640137 0.807813 0.64209 0.807422 0.642578 0.807422 0.643555 0.807031 0.644043 0.807031 0.644531 0.806641 0.64502 0.806641 0.645508 0.80625 0.645996 0.80625 0.65625 0.807031 0.657227 0.807031 0.658691 0.807813 0.659668 0.807813 0.660156 0.808984 0.661621 0.809375 0.661621 0.809766 0.662109 0.8125 0.662109 0.812891 0.661621 0.813281 0.661621 0.815625 0.658691 0.815625 0.658203 0.816016 0.657715 0.816016 0.656738 0.816406 0.65625 0.816406 0.655273 0.816797 0.654785 0.816797 0.654297 0.817187 0.653809 0.817187 0.652832 0.817969 0.651855 0.817969 0.648926 0.818359 0.648438 0.818359 0.645996 0.819141 0.64502 0.819141 0.643555 0.819531 0.643066 0.819531 0.641602 0.819922 0.641113 0.819922 0.635742 0.818359 0.633789 0.818359 0.632812 0.817187 0.631348
1 0.808984 0.620117 0.807813 0.621582 0.807813 0.62207 0.807031 0.623047 0.807031 0.623535 0.805859 0.625 0.805859 0.625488 0.805078 0.626465 0.805078 0.626953 0.804297 0.62793 0.804297 0.628906 0.803906 0.629395 0.803906 0.629883 0.803516 0.630371 0.803516 0.631836 0.803125 0.632324 0.803125 0.634277 0.802734 0.634766 0.802734 0.63623 0.801953 0.637207 0.801953 0.63916 0.801562 0.639648 0.801562 0.640625 0.800781 0.641602 0.800781 0.648926 0.801953 0.650391 0.803906 0.650391 0.804297 0.649902 0.804688 0.649902 0.805078 0.649414 0.805469 0.649414 0.808203 0.645996 0.808203 0.64502 0.808594 0.644531 0.808594 0.644043 0.808984 0.643555 0.808984 0.64209 0.809375 0.641602 0.809375 0.641113 0.809766 0.640625 0.809766 0.63916 0.810547 0.638184 0.810547 0.63623 0.810937 0.635742 0.810937 0.634277 0.811328 0.633789 0.811328 0.632812 0.811719 0.632324 0.811719 0.631348 0.812109 0.630859 0.812109 0.629883 0.8125 0.629395 0.8125 0.62207 0.811328 0.620605 0.810937 0.620605 0.810547 0.620117
1 0.862109 0.476562 0.860938 0.478027 0.860938 0.478516 0.860547 0.479004 0.859375 0.479004 0.857422 0.481445 0.857422 0.481934 0.857031 0.482422 0.857031 0.490723 0.856641 0.491211 0.856641 0.494141 0.85625 0.494629 0.85625 0.501953 0.856641 0.502441 0.856641 0.503906 0.857031 0.504395 0.857031 0.505371 0.858203 0.506836 0.858203 0.507324 0.859766 0.509277 0.862891 0.509277 0.864062 0.507812 0.864062 0.507324 0.864453 0.506836 0.864453 0.506348 0.864844 0.505859 0.864844 0.502441 0.865234 0.501953 0.865234 0.501465 0.865625 0.500977 0.865625 0.499512 0.866016 0.499023 0.866016 0.498535 0.866406 0.498047 0.866406 0.492676 0.866016 0.492188 0.866406 0.491699 0.866406 0.489746 0.866016 0.489258 0.866016 0.485352 0.865625 0.484863 0.865625 0.479004 0.863672 0.476562
1 0.878516 0.469238 0.877344 0.470703 0.877344 0.471191 0.875391 0.473633 0.875391 0.474121 0.875 0.474609 0.875 0.475098 0.874219 0.476074 0.874219 0.477539 0.873828 0.478027 0.873828 0.478516 0.873437 0.479004 0.873437 0.47998 0.872266 0.481445 0.872266 0.481934 0.871875 0.482422 0.871875 0.48291 0.871094 0.483887 0.871094 0.484375 0.870703 0.484863 0.870703 0.48584 0.869531 0.487305 0.869531 0.487793 0.869141 0.488281 0.869141 0.48877 0.86875 0.489258 0.86875 0.489746 0.868359 0.490234 0.868359 0.493164 0.871094 0.496582 0.871484 0.496582 0.871875 0.49707 0.875391 0.49707 0.875781 0.496582 0.876172 0.496582 0.877344 0.495117 0.877344 0.494141 0.878125 0.493164 0.878125 0.492676 0.878516 0.492188 0.878516 0.490723 0.878906 0.490234 0.878906 0.489258 0.879297 0.48877 0.879297 0.488281 0.879687 0.487793 0.879687 0.486328 0.880078 0.48584 0.880078 0.484863 0.880469 0.484375 0.880469 0.483887 0.880859 0.483398 0.880859 0.482422 0.88125 0.481934 0.88125 0.480957 0.882031 0.47998 0.882031 0.479492 0.882812 0.478516 0.882812 0.478027 0.883203 0.477539 0.883203 0.472656 0.882422 0.47168 0.882422 0.471191 0.880859 0.469238
1 0.932422 0.328125 0.93125 0.32959 0.930859 0.32959 0.929688 0.331055 0.929688 0.338867 0.930078 0.339355 0.930078 0.340332 0.930469 0.34082 0.930469 0.341797 0.930859 0.342285 0.930859 0.343262 0.93125 0.34375 0.93125 0.344727 0.931641 0.345215 0.931641 0.346191 0.932422 0.347168 0.932422 0.347656 0.932813 0.348145 0.932813 0.348633 0.933203 0.349121 0.933203 0.350586 0.933984 0.351562 0.933984 0.352051 0.934375 0.352539 0.934375 0.353516 0.935937 0.355469 0.939063 0.355469 0.939453 0.35498 0.939844 0.35498 0.942187 0.352051 0.942187 0.351074 0.942969 0.350098 0.942969 0.349121 0.943359 0.348633 0.943359 0.346191 0.94375 0.345703 0.94375 0.337402 0.942187 0.335449 0.942187 0.334961 0.940625 0.333008 0.940234 0.333008 0.939453 0.332031 0.938281 0.332031 0.935937 0.329102 0.935547 0.329102 0.934766 0.328125
1 0.954297 0.322266 0.953906 0.322754 0.953125 0.322754 0.951953 0.324219 0.951953 0.324707 0.950391 0.32666 0.950391 0.327148 0.949219 0.328613 0.949219 0.329102 0.948828 0.32959 0.948828 0.330566 0.948438 0.331055 0.948438 0.334473 0.948047 0.334961 0.948047 0.336426 0.947656 0.336914 0.947656 0.337402 0.947266 0.337891 0.947266 0.339355 0.946875 0.339844 0.946875 0.344727 0.946484 0.345215 0.946484 0.350586 0.946875 0.351074 0.946875 0.351562 0.948438 0.353516 0.951562 0.353516 0.953906 0.350586 0.953906 0.350098 0.954297 0.349609 0.954297 0.349121 0.954688 0.348633 0.954688 0.347168 0.955469 0.346191 0.955469 0.34375 0.955859 0.343262 0.955859 0.342773 0.957031 0.341309 0.957031 0.339844 0.957812 0.338867 0.957812 0.337402 0.958203 0.336914 0.958203 0.335938 0.958594 0.335449 0.958594 0.333496 0.958984 0.333008 0.958984 0.33252 0.959375 0.332031 0.959375 0.331055 0.959766 0.330566 0.959766 0.330078 0.960156 0.32959 0.960156 0.324707 0.958594 0.322754 0.958203 0.322754 0.957812 0.322266
1 0.94375 0.342285 0.943359 0.342773 0.942969 0.342773 0.941797 0.344238 0.941797 0.348145 0.942187 0.348633 0.942187 0.349121 0.945312 0.353027 0.945703 0.353027 0.946094 0.353516 0.947266 0.353516 0.947656 0.354004 0.948047 0.354004 0.948828 0.35498 0.949609 0.35498 0.95 0.355469 0.951172 0.355469 0.951562 0.355957 0.951953 0.355957 0.952344 0.356445 0.952734 0.356445 0.953125 0.356934 0.953516 0.356934 0.955078 0.358887 0.955469 0.358887 0.955859 0.359375 0.956641 0.359375 0.957031 0.359863 0.960547 0.359863 0.963672 0.355957 0.963672 0.35498 0.964063 0.354492 0.964063 0.354004 0.964453 0.353516 0.964453 0.349609 0.964063 0.349121 0.964063 0.348145 0.962891 0.34668 0.962109 0.34668 0.961719 0.346191 0.961328 0.346191 0.960938 0.345703 0.959766 0.345703 0.958984 0.344727 0.958594 0.344727 0.958203 0.344238 0.957812 0.344238 0.957422 0.34375 0.95625 0.34375 0.955859 0.343262 0.952344 0.343262 0.951953 0.342773 0.950391 0.342773 0.95 0.342285
1 0.853516 0.0234375 0.853125 0.0239258 0.851172 0.0239258 0.849219 0.0263672 0.849219 0.0273438 0.848828 0.027832 0.848828 0.0292969 0.848437 0.0297852 0.848437 0.0302734 0.848047 0.0307617 0.848047 0.0400391 0.847656 0.0405273 0.847656 0.0458984 0.848047 0.0463867 0.848047 0.0488281 0.848437 0.0493164 0.848437 0.0522461 0.848828 0.0527344 0.848828 0.0537109 0.849219 0.0541992 0.849219 0.0546875 0.851562 0.0576172 0.854688 0.0576172 0.855859 0.0561523 0.855859 0.0551758 0.85625 0.0546875 0.85625 0.0537109 0.856641 0.0532227 0.856641 0.0488281 0.857031 0.0483398 0.857031 0.0473633 0.857422 0.046875 0.857422 0.0449219 0.857812 0.0444336 0.857812 0.0400391 0.858203 0.0395508 0.858203 0.0361328 0.858594 0.0356445 0.858594 0.0268555 0.857812 0.0258789 0.857812 0.0249023 0.856641 0.0234375
1 0.721328 0.0463379 0.715234 0.050293 0.7125 0.0551758 0.713281 0.0668945 0.715625 0.0698242 0.720313 0.0688477 0.724219 0.0595703 0.724219 0.050293
1 0.704688 0.0458984 0.703516 0.0517578 0.708984 0.0556641 0.713281 0.0625 0.71832 0.0596191 0.718398 0.0539063 0.714453 0.0488281 0.709766 0.0458984
1 0.575391 0.696289 0.575391 0.702637 0.582812 0.711914 0.585547 0.712891 0.587109 0.716797 0.591797 0.715332 0.592187 0.706055 0.588281 0.698242 0.584375 0.694824
1 0.592578 0.709961 0.586719 0.708496 0.580469 0.710938 0.575 0.716309 0.574609 0.722168 0.575781 0.723633 0.584375 0.722168 0.592578 0.715332
1 0.630859 0.533203 0.630078 0.541016 0.634766 0.549805 0.643359 0.555176 0.650391 0.556152 0.652734 0.554688 0.653906 0.550293 0.652734 0.546387 0.642188 0.532715 0.638672 0.530273 0.634375 0.530273
1 0.694531 0.310547 0.694531 0.31543 0.701562 0.324707 0.711719 0.330566 0.716406 0.329102 0.716406 0.325195 0.709375 0.316406 0.7 0.30957
1 0.708594 0.302734 0.707422 0.304199 0.708594 0.314941 0.712891 0.320801 0.715234 0.321289 0.717187 0.325684 0.721094 0.325684 0.721875 0.319336 0.717578 0.309082 0.713672 0.304199
1 0.964453 0.372559 0.961328 0.37207 0.955469 0.375 0.948438 0.382324 0.947656 0.391602 0.949219 0.394531 0.955078 0.39502 0.963281 0.385742 0.966016 0.379395
1 0.841016 0.0644531 0.844531 0.0673828 0.860156 0.0629883 0.860938 0.0595703 0.857031 0.0546875 0.849609 0.0546875 0.842187 0.0585938
