1 0.291406 0.212402 0.291016 0.216797 0.29375 0.223633 0.298438 0.229492 0.303516 0.23291 0.308984 0.234375 0.319531 0.233887 0.321094 0.23291 0.323828 0.228516 0.324219 0.223145 0.323047 0.219727 0.313672 0.215332 0.309766 0.212402 0.299609 0.208984 0.294531 0.209473
1 0.136328 0.29834 0.136719 0.303711 0.142187 0.311035 0.153906 0.319824 0.156641 0.319824 0.158594 0.318848 0.162891 0.312012 0.162891 0.30957 0.153906 0.297852 0.147266 0.292969 0.142578 0.29248
1 0.0222656 0.234863 0.0214844 0.236816 0.0214844 0.242188 0.0222656 0.244629 0.025 0.249023 0.0320312 0.255371 0.0398437 0.257812 0.0453125 0.257812 0.0480469 0.255371 0.0480469 0.250488 0.0464844 0.244141 0.0445313 0.239746 0.0417969 0.23584 0.0304687 0.230957 0.0273438 0.230957 0.0246094 0.231934
1 0.0515625 0.191895 0.0492187 0.193359 0.0484375 0.196289 0.0492187 0.208496 0.0460938 0.210938 0.0414062 0.211426 0.0410156 0.214355 0.0441406 0.21875 0.0523438 0.225098 0.0535156 0.229492 0.0558594 0.233887 0.0589844 0.235352 0.0613281 0.235352 0.0671875 0.231934 0.06875 0.22998 0.0699219 0.225098 0.0699219 0.220215 0.0648438 0.208008 0.059375 0.197266 0.05625 0.193359 0.0535156 0.191895
1 0.0195312 0.111328 0.0179687 0.114746 0.0183594 0.119141 0.0246094 0.12793 0.0335937 0.134277 0.0421875 0.135254 0.0441406 0.133789 0.0441406 0.126465 0.040625 0.121582 0.0390625 0.118164 0.0328125 0.111816 0.0289063 0.108887 0.0261719 0.10791 0.0214844 0.108887
1 0.237109 0.015625 0.235547 0.0170898 0.235547 0.0229492 0.236719 0.0263672 0.241406 0.0332031 0.245312 0.0463867 0.247266 0.0654297 0.248828 0.0678711 0.25 0.0683594 0.255859 0.0678711 0.257422 0.0649414 0.258984 0.0595703 0.259375 0.0512695 0.256641 0.0410156 0.253125 0.0366211 0.250781 0.03125 0.249219 0.0200195 0.247656 0.0170898 0.241797 0.0151367
1 0.137891 0.617676 0.1375 0.620117 0.141797 0.629395 0.14375 0.631836 0.15 0.637207 0.153906 0.637695 0.15625 0.635742 0.157031 0.631836 0.156641 0.62793 0.153516 0.62207 0.150781 0.619629 0.146094 0.617188 0.139063 0.616699
1 0.227734 0.750488 0.226953 0.751953 0.227734 0.765137 0.230469 0.771484 0.235937 0.77832 0.240234 0.780273 0.246094 0.780273 0.248438 0.779297 0.250781 0.775391 0.251563 0.768555 0.251172 0.764648 0.249609 0.759766 0.248047 0.757812 0.236328 0.750977 0.232813 0.749512
1 0.196875 0.783691 0.194922 0.786133 0.195312 0.798828 0.196484 0.803711 0.196484 0.806641 0.199219 0.812012 0.200391 0.812988 0.201953 0.812988 0.207031 0.810059 0.209375 0.807617 0.2125 0.79834 0.2125 0.791016 0.210547 0.786621 0.208594 0.785156 0.205859 0.785156 0.202344 0.783691
1 0.171094 0.806152 0.168359 0.806152 0.166406 0.807129 0.164844 0.80957 0.163672 0.814941 0.1625 0.831543 0.163672 0.838379 0.166016 0.841797 0.169922 0.841797 0.170703 0.84082 0.171875 0.836426 0.174609 0.830566 0.175781 0.824707 0.175781 0.813477 0.174609 0.80957
1 0.201563 0.814941 0.198437 0.8125 0.189453 0.813477 0.184766 0.815918 0.182031 0.818359 0.180469 0.821289 0.180078 0.827148 0.180859 0.830078 0.182031 0.831543 0.1875 0.834473 0.193359 0.834473 0.198437 0.831055 0.201953 0.826172 0.202344 0.817383
1 0.250781 0.783691 0.249219 0.786621 0.249219 0.791016 0.252734 0.799805 0.252344 0.802734 0.251172 0.805176 0.251172 0.810059 0.251953 0.811035 0.257031 0.811035 0.263672 0.808105 0.271875 0.807129 0.275391 0.802734 0.276172 0.800781 0.275781 0.794434 0.274609 0.790527 0.271875 0.787598 0.264844 0.783203 0.260547 0.781738 0.255859 0.78125 0.252344 0.782227
1 0.379688 0.802734 0.380078 0.808105 0.382812 0.811523 0.387109 0.814941 0.391797 0.817383 0.396094 0.817383 0.400781 0.814941 0.402734 0.812012 0.402734 0.809082 0.400781 0.805664 0.389062 0.798828 0.383203 0.798828 0.381641 0.799805
1 0.467578 0.855957 0.465234 0.855957 0.460156 0.858887 0.454688 0.860352 0.451172 0.862793 0.446094 0.869141 0.446094 0.873047 0.447266 0.876953 0.451562 0.87793 0.455859 0.875488 0.462109 0.874512 0.467187 0.87207 0.470313 0.865234 0.470313 0.860352
1 0.356641 0.657715 0.357422 0.662598 0.359766 0.66748 0.362109 0.67041 0.367969 0.672363 0.372656 0.672363 0.373828 0.670898 0.374219 0.665527 0.372656 0.660156 0.371094 0.657715 0.365625 0.654785 0.360547 0.654785
1 0.374609 0.587891 0.374219 0.592285 0.376172 0.594727 0.380469 0.597656 0.383594 0.602051 0.389062 0.605957 0.393359 0.605957 0.394531 0.603027 0.394531 0.597656 0.39375 0.595215 0.389844 0.590332 0.387109 0.588379 0.382031 0.586426 0.376172 0.586426
1 0.371094 0.533203 0.36875 0.53125 0.366406 0.530762 0.360156 0.532715 0.353516 0.541016 0.351953 0.546387 0.351953 0.550781 0.352734 0.553223 0.357812 0.556152 0.363672 0.556152 0.364844 0.553223 0.373437 0.541504 0.373437 0.537598
1 0.404297 0.52002 0.402734 0.522461 0.401562 0.527344 0.401562 0.530273 0.402344 0.531738 0.402734 0.537598 0.408203 0.552246 0.4125 0.559082 0.416016 0.5625 0.419922 0.562012 0.421875 0.560059 0.422266 0.554199 0.421875 0.544434 0.419531 0.535156 0.412109 0.523926 0.410547 0.523438 0.407422 0.520508
1 0.367188 0.595703 0.365625 0.599121 0.365625 0.603516 0.367578 0.609375 0.371484 0.613281 0.373047 0.61377 0.375391 0.616699 0.380078 0.619629 0.384375 0.623535 0.389453 0.623535 0.393359 0.620117 0.394531 0.615723 0.39375 0.610352 0.391797 0.607422 0.390625 0.604004 0.389453 0.602539 0.385156 0.600098 0.381641 0.595215 0.377734 0.592285 0.375391 0.592285 0.369531 0.59375
1 0.510547 0.626953 0.509375 0.629395 0.509375 0.635254 0.510547 0.638184 0.513672 0.64209 0.519141 0.645996 0.523047 0.647461 0.526172 0.647461 0.526953 0.645996 0.526953 0.64209 0.523047 0.633789 0.517578 0.62793 0.514453 0.625977
1 0.476953 0.681152 0.477734 0.685547 0.487891 0.697754 0.490625 0.699219 0.495312 0.699707 0.497656 0.697266 0.497266 0.693848 0.495703 0.689453 0.489844 0.682617 0.483984 0.680176 0.478125 0.680176
1 0.560937 0.945312 0.557031 0.945801 0.555469 0.946777 0.553516 0.950684 0.552734 0.955078 0.552734 0.963379 0.554688 0.970703 0.55625 0.973145 0.557813 0.973145 0.560547 0.971191 0.562891 0.967285 0.566406 0.957031 0.566406 0.953125 0.565234 0.947754 0.563672 0.946289
1 0.662109 0.751465 0.658984 0.746582 0.655078 0.743652 0.65 0.743652 0.638281 0.750977 0.634766 0.755371 0.633984 0.757812 0.633984 0.760742 0.635938 0.763672 0.638281 0.765137 0.648047 0.765625 0.652734 0.764648 0.658984 0.760742 0.661719 0.755859
1 0.660156 0.785156 0.658594 0.787598 0.658984 0.791016 0.665234 0.804688 0.672656 0.814453 0.675 0.814941 0.677344 0.813965 0.679297 0.810547 0.679297 0.802734 0.678516 0.798828 0.675391 0.791016 0.672656 0.786133 0.669922 0.782715 0.667188 0.782227 0.662891 0.783203
1 0.746094 0.919922 0.746094 0.925293 0.747656 0.929199 0.750391 0.932617 0.752344 0.933594 0.758984 0.93457 0.7625 0.933105 0.7625 0.930664 0.760938 0.927734 0.75625 0.921875 0.749609 0.918457 0.747266 0.918457
1 0.799609 0.981445 0.798438 0.97998 0.794922 0.979492 0.790234 0.981934 0.786328 0.985352 0.782031 0.992188 0.780859 0.995605 0.780469 1 0.798047 1 0.8 0.991699
1 0.94375 0.775391 0.941406 0.779785 0.941406 0.784668 0.942187 0.788574 0.945312 0.794434 0.950781 0.799316 0.955469 0.801758 0.959766 0.801758 0.961328 0.800781 0.962891 0.79834 0.963281 0.791992 0.959375 0.782227 0.951953 0.775879 0.948047 0.774414
1 0.945312 0.770508 0.945312 0.772461 0.946484 0.774902 0.958203 0.78125 0.967578 0.779785 0.971484 0.775879 0.972656 0.772461 0.972656 0.77002 0.971875 0.768066 0.969922 0.766602 0.966016 0.765137 0.957812 0.763672 0.953516 0.763672 0.948047 0.765625 0.946094 0.767578
1 0.829297 0.660156 0.828516 0.662598 0.829297 0.668457 0.830469 0.67041 0.833984 0.67334 0.838281 0.675781 0.842187 0.675781 0.845703 0.673828 0.847266 0.67041 0.847266 0.666504 0.842969 0.658691 0.840234 0.657715 0.833203 0.657715 0.830469 0.658691
1 0.864844 0.643555 0.862109 0.64209 0.857812 0.64209 0.853516 0.644531 0.848437 0.65332 0.847266 0.657715 0.847656 0.663086 0.850391 0.667969 0.854297 0.668457 0.857812 0.666504 0.860547 0.661621 0.865625 0.655762 0.866797 0.652344 0.866797 0.647461
1 0.841797 0.623047 0.841016 0.627441 0.846094 0.635254 0.854688 0.640625 0.861328 0.640625 0.862891 0.63916 0.864062 0.635254 0.863281 0.630371 0.862109 0.626953 0.857422 0.621582 0.852734 0.619141 0.845703 0.619141 0.844531 0.619629
1 0.883984 0.536621 0.882812 0.533203 0.880078 0.530762 0.874609 0.529297 0.866406 0.530273 0.862109 0.531738 0.859766 0.533691 0.857422 0.540039 0.857422 0.544922 0.857812 0.545898 0.860938 0.547852 0.867578 0.548828 0.874609 0.548828 0.880469 0.547363 0.883203 0.544434 0.883984 0.541504
1 0.805859 0.408203 0.804297 0.411133 0.804688 0.416016 0.808984 0.427734 0.812109 0.433105 0.814453 0.438965 0.818359 0.443848 0.821875 0.443848 0.826562 0.44043 0.827734 0.4375 0.827734 0.434082 0.826172 0.429199 0.823438 0.425781 0.819531 0.418945 0.811328 0.409668 0.808594 0.408203
1 0.705859 0.442871 0.703516 0.439941 0.701172 0.438477 0.69375 0.438477 0.687891 0.44043 0.680078 0.44873 0.678906 0.454102 0.679688 0.458496 0.680859 0.460449 0.684766 0.462402 0.689453 0.461914 0.694141 0.459961 0.696484 0.45752 0.703906 0.453125 0.705859 0.450684 0.706641 0.44873
1 0.653516 0.425781 0.650781 0.430176 0.650781 0.43457 0.652734 0.439941 0.655469 0.444336 0.657031 0.449219 0.658984 0.45166 0.666797 0.456055 0.670703 0.456543 0.673438 0.455078 0.675 0.452148 0.675 0.449219 0.674219 0.446289 0.672266 0.443848 0.671094 0.439453 0.659766 0.427246 0.655078 0.425293
2 0.0984375 0.209473 0.0960938 0.210938 0.0941406 0.219727 0.0949219 0.229492 0.0964844 0.233398 0.0996094 0.238281 0.104297 0.23877 0.1125 0.232422 0.114844 0.229492 0.115234 0.224609 0.111719 0.219727 0.110547 0.219238 0.107422 0.215332 0.100781 0.209961
2 0.0546875 0.27832 0.0519531 0.275879 0.0488281 0.274902 0.0402344 0.274902 0.0320312 0.277832 0.028125 0.280273 0.0265625 0.282227 0.0261719 0.286621 0.028125 0.29248 0.028125 0.301758 0.0289063 0.304688 0.03125 0.306641 0.034375 0.306641 0.0421875 0.303223 0.0539063 0.295898 0.0578125 0.291016 0.0578125 0.284668
2 0.00507813 0.618164 0.00351563 0.620117 0.00195312 0.625977 0.00351563 0.631836 0.00898437 0.635254 0.0117188 0.635254 0.0140625 0.634277 0.0160156 0.631348 0.0164063 0.62793 0.0144531 0.621582 0.0132812 0.619629 0.00976562 0.617676
2 0 0.568359 0 0.581055 0.00195312 0.581055 0.00625 0.584473 0.0136719 0.586426 0.0246094 0.587891 0.0296875 0.587402 0.0332031 0.584473 0.0332031 0.580078 0.0316406 0.57666 0.0292969 0.574219 0.0238281 0.572754 0.0132812 0.567383 0.00390625 0.567383
2 0.213672 0.745117 0.212109 0.745605 0.207813 0.749512 0.205078 0.750488 0.200781 0.753906 0.198828 0.756348 0.197266 0.760254 0.198828 0.768066 0.203906 0.779785 0.203906 0.78125 0.208203 0.785645 0.2125 0.785156 0.213281 0.78418 0.214453 0.778809 0.216406 0.775879 0.219922 0.773926 0.224219 0.773438 0.225781 0.772461 0.226953 0.768555 0.226172 0.763672 0.221875 0.753906 0.216406 0.746094
2 0.274609 0.802246 0.270703 0.805664 0.270313 0.810547 0.271875 0.812988 0.274609 0.822266 0.277344 0.82666 0.278516 0.830566 0.279687 0.832031 0.282813 0.833008 0.283984 0.830566 0.282813 0.814453 0.279297 0.805176 0.276172 0.802246
2 0.294531 0.853027 0.291406 0.856934 0.291406 0.865234 0.292969 0.873047 0.29375 0.883789 0.296094 0.888672 0.298047 0.889648 0.302734 0.889648 0.305859 0.886719 0.307812 0.880371 0.308203 0.867188 0.307422 0.863281 0.304688 0.858398 0.301953 0.855469 0.298828 0.853516
2 0.0046875 0.946777 0.00273437 0.950684 0.00234375 0.953125 0.00273437 0.958984 0.0046875 0.964844 0.00703125 0.967773 0.00859375 0.971191 0.0132812 0.977051 0.0167969 0.979492 0.0183594 0.979492 0.0199219 0.978027 0.0214844 0.974609 0.0210938 0.963379 0.0183594 0.954102 0.0140625 0.947754 0.0121094 0.946289 0.00664062 0.945801
2 0.389062 0.914062 0.384766 0.913574 0.382812 0.915039 0.378125 0.923828 0.377344 0.926758 0.377344 0.933105 0.378125 0.935547 0.380469 0.937988 0.384375 0.938477 0.389844 0.936523 0.392578 0.933594 0.394922 0.928223 0.395313 0.923828 0.394141 0.919434
2 0.405859 0.834961 0.403125 0.835938 0.400781 0.838379 0.399609 0.841309 0.399219 0.847168 0.400391 0.853516 0.403125 0.861328 0.407422 0.864258 0.409375 0.864258 0.410938 0.863281 0.412109 0.861328 0.412109 0.85791 0.414062 0.848145 0.414062 0.840332 0.412891 0.836914 0.408594 0.834961
2 0.498047 0.879883 0.494922 0.878906 0.492578 0.879883 0.482422 0.888184 0.477734 0.893555 0.476953 0.895996 0.476953 0.900391 0.478516 0.904297 0.482031 0.90918 0.483594 0.90918 0.486328 0.907715 0.490625 0.903809 0.49375 0.899414 0.497266 0.895996 0.499219 0.890137 0.499219 0.882812
2 0.348047 0.675293 0.347266 0.677246 0.347656 0.681152 0.352734 0.686523 0.361328 0.692383 0.365625 0.693848 0.369922 0.693848 0.372656 0.692871 0.375391 0.688477 0.376172 0.685547 0.376172 0.678223 0.374609 0.672852 0.372656 0.669922 0.365234 0.669922 0.362891 0.667969 0.359375 0.66748 0.353125 0.669922
2 0.354687 0.621582 0.354687 0.624023 0.357031 0.626953 0.3625 0.629395 0.366797 0.632324 0.371484 0.633789 0.375 0.633789 0.377734 0.632812 0.384375 0.626953 0.384375 0.622559 0.380859 0.619141 0.376563 0.616699 0.369531 0.609863 0.366016 0.60791 0.364063 0.60791 0.361719 0.609375
2 0.385156 0.543945 0.380859 0.541016 0.374609 0.54248 0.372266 0.544922 0.368359 0.547363 0.364844 0.553711 0.364063 0.557129 0.366406 0.561035 0.369922 0.562988 0.373828 0.563477 0.376953 0.562012 0.381641 0.557129 0.383984 0.552734 0.385156 0.549316
2 0.400781 0.520508 0.396484 0.519531 0.392188 0.522461 0.384766 0.533203 0.383594 0.539062 0.382422 0.541016 0.383594 0.543945 0.386719 0.54541 0.388672 0.54541 0.398828 0.541992 0.401953 0.540039 0.402344 0.527344 0.401953 0.523438
2 0.455469 0.537109 0.453516 0.535645 0.450391 0.535645 0.434375 0.541992 0.43125 0.544922 0.430078 0.547852 0.429688 0.552734 0.430469 0.554688 0.434375 0.557617 0.440625 0.560059 0.446875 0.561523 0.455859 0.561035 0.456641 0.560059 0.457031 0.556152 0.455469 0.550293
1 0.798438 0.966309 0.796484 0.965332 0.79375 0.965332 0.7875 0.969238 0.782813 0.971191 0.777734 0.978027 0.778516 0.98291 0.782422 0.986816 0.787109 0.98584 0.789844 0.982422 0.795312 0.979004 0.798438 0.975098 0.799219 0.972656 0.799219 0.96875
1 0.859375 0.945312 0.858594 0.947266 0.858594 0.951172 0.861719 0.95752 0.869141 0.966309 0.875391 0.969727 0.879297 0.969727 0.881641 0.967773 0.882031 0.961914 0.871094 0.947266 0.864844 0.943359 0.861328 0.943359
1 0.980078 0.982422 0.978125 0.979492 0.975391 0.978027 0.970703 0.978027 0.967578 0.97998 0.9625 0.981445 0.954297 0.986816 0.953125 0.989746 0.953125 0.994629 0.953906 0.996094 0.957422 0.997559 0.966797 0.997559 0.970313 0.996582 0.973828 0.994141 0.979688 0.987793
