1 0.414844 0.524414 0.414844 0.524902 0.414453 0.525391 0.414453 0.526367 0.414844 0.526855 0.414844 0.528809 0.415234 0.529297 0.415234 0.530273 0.415625 0.530762 0.415625 0.53125 0.417187 0.533203 0.417187 0.533691 0.418359 0.535156 0.418359 0.535645 0.421094 0.539062 0.421484 0.539062 0.422656 0.540527 0.423047 0.540527 0.423438 0.541016 0.423828 0.541016 0.424219 0.541504 0.424609 0.541504 0.425 0.541992 0.425781 0.541992 0.426172 0.54248 0.426563 0.54248 0.426953 0.542969 0.430078 0.542969 0.430469 0.54248 0.431641 0.54248 0.432031 0.541992 0.432422 0.541992 0.433203 0.541016 0.433203 0.540527 0.433594 0.540039 0.433594 0.536621 0.433203 0.536133 0.433203 0.533691 0.432812 0.533203 0.432812 0.532715 0.432031 0.531738 0.432031 0.53125 0.430859 0.529785 0.430469 0.529785 0.428516 0.527344 0.428125 0.527344 0.427734 0.526855 0.427344 0.526855 0.426953 0.526367 0.426563 0.526367 0.426172 0.525879 0.425781 0.525879 0.425391 0.525391 0.425 0.525391 0.424609 0.524902 0.423438 0.524902 0.423047 0.524414 0.421094 0.524414 0.420703 0.523926 0.415625 0.523926 0.415234 0.524414
1 0.264844 0.472656 0.264062 0.47168 0.263672 0.47168 0.263281 0.471191 0.262109 0.471191 0.261719 0.470703 0.258594 0.470703 0.258203 0.471191 0.257422 0.471191 0.257031 0.47168 0.25625 0.47168 0.255859 0.472168 0.255469 0.472168 0.255078 0.472656 0.254688 0.472656 0.254297 0.473145 0.253906 0.473145 0.253516 0.473633 0.253125 0.473633 0.252734 0.474121 0.252344 0.474121 0.251953 0.474609 0.251563 0.474609 0.246094 0.481445 0.246094 0.481934 0.24375 0.484863 0.24375 0.485352 0.243359 0.48584 0.243359 0.488281 0.24375 0.48877 0.24375 0.489746 0.244141 0.490234 0.247266 0.490234 0.247656 0.489746 0.250391 0.489746 0.250781 0.489258 0.253125 0.489258 0.253516 0.48877 0.254688 0.48877 0.255078 0.488281 0.25625 0.488281 0.256641 0.487793 0.257031 0.487793 0.257422 0.487305 0.257812 0.487305 0.258203 0.486816 0.258594 0.486816 0.258984 0.486328 0.259375 0.486328 0.259766 0.48584 0.260156 0.48584 0.261719 0.483887 0.262109 0.483887 0.262891 0.48291 0.263281 0.48291 0.264453 0.481445 0.264453 0.480957 0.264844 0.480469 0.264844 0.47998 0.265234 0.479492 0.265234 0.479004 0.265625 0.478516 0.265625 0.474609 0.265234 0.474121 0.265234 0.473633 0.264844 0.473145
1 0.245703 0.451172 0.245703 0.452637 0.246094 0.453125 0.246094 0.453613 0.246875 0.45459 0.247266 0.45459 0.247656 0.455078 0.248047 0.455078 0.248438 0.455566 0.248828 0.455566 0.249219 0.456055 0.249609 0.456055 0.25 0.456543 0.250391 0.456543 0.250781 0.457031 0.251172 0.457031 0.251563 0.45752 0.252344 0.45752 0.252734 0.458008 0.253516 0.458008 0.253906 0.458496 0.255078 0.458496 0.255469 0.458984 0.259375 0.458984 0.259766 0.458496 0.260547 0.458496 0.260937 0.458008 0.261328 0.458008 0.261719 0.45752 0.262109 0.45752 0.263281 0.456055 0.263672 0.456055 0.264453 0.455078 0.264453 0.45459 0.265625 0.453125 0.265625 0.449707 0.265234 0.449219 0.265234 0.447754 0.264844 0.447266 0.264844 0.446777 0.263672 0.445312 0.263281 0.445312 0.262891 0.444824 0.2625 0.444824 0.262109 0.444336 0.261719 0.444336 0.261328 0.443848 0.260937 0.443848 0.260547 0.443359 0.255859 0.443359 0.255469 0.443848 0.254688 0.443848 0.254297 0.444336 0.253516 0.444336 0.253125 0.444824 0.252734 0.444824 0.252344 0.445312 0.251953 0.445312 0.251563 0.445801 0.251172 0.445801 0.250781 0.446289 0.250391 0.446289 0.25 0.446777 0.249609 0.446777 0.248828 0.447754 0.248438 0.447754 0.247656 0.44873 0.247266 0.44873 0.246484 0.449707 0.246484 0.450195
1 0.396484 0.391602 0.395703 0.392578 0.395703 0.393066 0.395313 0.393555 0.395313 0.394043 0.394922 0.394531 0.394922 0.39502 0.394531 0.395508 0.394531 0.395996 0.394141 0.396484 0.394141 0.396973 0.39375 0.397461 0.39375 0.398438 0.393359 0.398926 0.393359 0.400879 0.392969 0.401367 0.392969 0.405273 0.393359 0.405762 0.393359 0.408203 0.39375 0.408691 0.39375 0.409668 0.394141 0.410156 0.394141 0.412109 0.394531 0.412598 0.394531 0.414062 0.394922 0.414551 0.394922 0.416504 0.395313 0.416992 0.395313 0.418457 0.395703 0.418945 0.395703 0.419434 0.396094 0.419922 0.396094 0.42041 0.397266 0.421875 0.398047 0.421875 0.398438 0.422363 0.402344 0.422363 0.402734 0.421875 0.403516 0.421875 0.403906 0.421387 0.404297 0.421387 0.404687 0.420898 0.405078 0.420898 0.405859 0.419922 0.405859 0.419434 0.406641 0.418457 0.406641 0.417969 0.407031 0.41748 0.407031 0.416016 0.407422 0.415527 0.407422 0.40918 0.407031 0.408691 0.407031 0.406738 0.406641 0.40625 0.406641 0.403809 0.40625 0.40332 0.40625 0.402344 0.405859 0.401855 0.405859 0.400879 0.405469 0.400391 0.405469 0.399902 0.405078 0.399414 0.405078 0.398926 0.404687 0.398438 0.404687 0.397949 0.403906 0.396973 0.403906 0.396484 0.402344 0.394531 0.402344 0.394043 0.400391 0.391602
1 0.612109 0.465332 0.612109 0.467285 0.6125 0.467773 0.6125 0.468262 0.613281 0.469238 0.613281 0.469727 0.614844 0.47168 0.615234 0.47168 0.615625 0.472168 0.616016 0.472168 0.616406 0.472656 0.617188 0.472656 0.617578 0.473145 0.617969 0.473145 0.618359 0.473633 0.61875 0.473633 0.619141 0.474121 0.619922 0.474121 0.620313 0.474609 0.621094 0.474609 0.621484 0.475098 0.621875 0.475098 0.622266 0.475586 0.623047 0.475586 0.623437 0.476074 0.625391 0.476074 0.625781 0.476562 0.631641 0.476562 0.632031 0.476074 0.633203 0.476074 0.633594 0.475586 0.633594 0.474609 0.633984 0.474121 0.633984 0.471191 0.633594 0.470703 0.633594 0.470215 0.633203 0.469727 0.633203 0.469238 0.632031 0.467773 0.632031 0.467285 0.630859 0.46582 0.630469 0.46582 0.628906 0.463867 0.628516 0.463867 0.626953 0.461914 0.626563 0.461914 0.625781 0.460938 0.625391 0.460938 0.625 0.460449 0.624609 0.460449 0.624219 0.459961 0.623437 0.459961 0.623047 0.459473 0.622266 0.459473 0.621875 0.458984 0.621484 0.458984 0.621094 0.458496 0.620313 0.458496 0.619922 0.458008 0.617578 0.458008 0.617188 0.458496 0.616406 0.458496 0.616016 0.458984 0.615625 0.458984 0.613672 0.461426 0.613672 0.461914 0.613281 0.462402 0.613281 0.462891 0.612891 0.463379 0.612891 0.463867 0.6125 0.464355 0.6125 0.464844
1 0.671094 0.595703 0.671094 0.59668 0.670703 0.597168 0.670703 0.598145 0.671094 0.598633 0.671094 0.599121 0.671484 0.599609 0.671484 0.600098 0.673047 0.602051 0.673047 0.602539 0.675 0.60498 0.675 0.605469 0.675781 0.606445 0.675781 0.606934 0.676172 0.607422 0.676172 0.60791 0.676953 0.608887 0.676953 0.609375 0.677344 0.609863 0.677734 0.609863 0.678906 0.611328 0.679297 0.611328 0.68125 0.61377 0.682031 0.61377 0.682422 0.614258 0.683594 0.614258 0.683984 0.614746 0.686328 0.614746 0.686719 0.614258 0.687109 0.614258 0.6875 0.61377 0.687891 0.61377 0.688672 0.612793 0.688672 0.612305 0.689063 0.611816 0.689063 0.610352 0.689453 0.609863 0.689453 0.603516 0.689063 0.603027 0.689063 0.602539 0.685937 0.598633 0.685547 0.598633 0.684766 0.597656 0.684375 0.597656 0.683984 0.597168 0.683594 0.597168 0.683203 0.59668 0.682813 0.59668 0.682422 0.596191 0.682031 0.596191 0.681641 0.595703 0.680469 0.595703 0.680078 0.595215 0.678906 0.595215 0.678516 0.594727 0.677344 0.594727 0.676953 0.594238 0.675391 0.594238 0.675 0.59375 0.673047 0.59375 0.672656 0.594238 0.672266 0.594238
1 0.7125 0.793457 0.712109 0.792969 0.712109 0.79248 0.711719 0.791992 0.711719 0.791504 0.711328 0.791016 0.711328 0.790039 0.710938 0.789551 0.710938 0.789062 0.708984 0.786621 0.708203 0.786621 0.707812 0.786133 0.707031 0.786133 0.706641 0.785645 0.70625 0.785645 0.705859 0.785156 0.703906 0.785156 0.703516 0.784668 0.7 0.784668 0.699609 0.785156 0.697266 0.785156 0.696875 0.785645 0.695703 0.785645 0.695312 0.786133 0.694531 0.786133 0.694141 0.786621 0.692969 0.786621 0.692578 0.787109 0.692187 0.787109 0.691797 0.787598 0.691016 0.787598 0.690625 0.788086 0.689844 0.788086 0.689453 0.788574 0.688672 0.788574 0.688281 0.789062 0.687109 0.789062 0.686719 0.789551 0.686719 0.790039 0.686328 0.790527 0.686328 0.79248 0.685937 0.792969 0.685937 0.797363 0.685547 0.797852 0.685547 0.798828 0.684375 0.800293 0.684375 0.800781 0.683984 0.80127 0.683984 0.801758 0.683203 0.802734 0.683203 0.804199 0.683984 0.805176 0.684375 0.805176 0.684766 0.805664 0.685156 0.805664 0.685547 0.806152 0.6875 0.806152 0.687891 0.806641 0.700391 0.806641 0.700781 0.807129 0.705469 0.807129 0.705859 0.806641 0.707031 0.806641 0.707422 0.806152 0.708984 0.806152 0.709375 0.805664 0.710156 0.805664 0.710547 0.805176 0.710938 0.805176 0.711719 0.804199 0.712109 0.804199 0.712109 0.803711 0.7125 0.803223 0.7125 0.802246 0.712891 0.801758 0.712891 0.795898 0.7125 0.79541
1 0.311719 0.767578 0.311328 0.768066 0.310937 0.768066 0.309766 0.769531 0.309766 0.770508 0.309375 0.770996 0.309375 0.771973 0.308984 0.772461 0.308984 0.773438 0.308594 0.773926 0.308594 0.775879 0.308203 0.776367 0.308203 0.77832 0.307812 0.778809 0.307812 0.783691 0.308203 0.78418 0.308203 0.785156 0.308594 0.785645 0.308594 0.786133 0.308984 0.786621 0.308984 0.787109 0.309375 0.787598 0.309375 0.788086 0.309766 0.788574 0.309766 0.789062 0.310156 0.789551 0.310156 0.790039 0.314844 0.795898 0.314844 0.796387 0.316016 0.797852 0.316016 0.79834 0.316797 0.799316 0.316797 0.799805 0.317578 0.800781 0.317578 0.80127 0.31875 0.802734 0.321875 0.802734 0.322266 0.802246 0.322656 0.802246 0.325781 0.79834 0.325781 0.793457 0.325391 0.792969 0.325391 0.79248 0.324219 0.791016 0.324219 0.790527 0.323437 0.789551 0.323437 0.789062 0.323047 0.788574 0.323047 0.788086 0.321875 0.786621 0.321875 0.786133 0.320312 0.78418 0.320312 0.783691 0.319531 0.782715 0.319531 0.782227 0.319141 0.781738 0.319141 0.780762 0.31875 0.780273 0.31875 0.779297 0.318359 0.778809 0.318359 0.777832 0.317969 0.777344 0.317969 0.775879 0.317578 0.775391 0.317578 0.773926 0.317188 0.773438 0.317188 0.772461 0.316797 0.771973 0.316797 0.770996 0.316406 0.770508 0.316406 0.769531 0.316016 0.769043 0.316016 0.768555 0.314844 0.76709 0.312891 0.76709 0.3125 0.767578
1 0.075 0.431641 0.075 0.432129 0.0742188 0.433105 0.0742188 0.433594 0.0738281 0.434082 0.0738281 0.43457 0.0734375 0.435059 0.0734375 0.435547 0.0730469 0.436035 0.0730469 0.437988 0.0734375 0.438477 0.0734375 0.439453 0.0742188 0.44043 0.0742188 0.440918 0.0746094 0.441406 0.0746094 0.441895 0.0753906 0.442871 0.0757812 0.442871 0.0765625 0.443848 0.0769531 0.443848 0.0773438 0.444336 0.0777344 0.444336 0.078125 0.444824 0.0785156 0.444824 0.0789062 0.445312 0.0792969 0.445312 0.0796875 0.445801 0.0800781 0.445801 0.0804688 0.446289 0.0820312 0.446289 0.0824219 0.446777 0.0851563 0.446777 0.0855469 0.446289 0.0863281 0.446289 0.0867187 0.445801 0.0875 0.445801 0.0878906 0.445312 0.0882813 0.445312 0.0886719 0.444824 0.0890625 0.444824 0.0890625 0.444336 0.0902344 0.442871 0.0902344 0.44043 0.0898438 0.439941 0.0898438 0.437988 0.0894531 0.4375 0.0894531 0.436523 0.0890625 0.436035 0.0890625 0.435547 0.0859375 0.431641 0.0855469 0.431641 0.0847656 0.430664 0.084375 0.430664 0.0839844 0.430176 0.0824219 0.430176 0.0820312 0.429688 0.0785156 0.429688 0.078125 0.430176 0.0769531 0.430176 0.0765625 0.430664 0.0761719 0.430664 0.0757812 0.431152 0.0753906 0.431152
1 0.330859 0.372559 0.330859 0.375488 0.33125 0.375977 0.33125 0.376953 0.331641 0.377441 0.331641 0.378418 0.332422 0.379395 0.332813 0.379395 0.333594 0.380371 0.334375 0.380371 0.334766 0.380859 0.335156 0.380859 0.335547 0.381348 0.335938 0.381348 0.336328 0.381836 0.336719 0.381836 0.3375 0.382812 0.337891 0.382812 0.338281 0.383301 0.338672 0.383301 0.339062 0.383789 0.339453 0.383789 0.340625 0.385254 0.341016 0.385254 0.342187 0.386719 0.342578 0.386719 0.342969 0.387207 0.343359 0.387207 0.344141 0.388184 0.344531 0.388184 0.344922 0.388672 0.345313 0.388672 0.345703 0.38916 0.346875 0.38916 0.347266 0.389648 0.348438 0.389648 0.348828 0.390137 0.351172 0.390137 0.351562 0.389648 0.352344 0.389648 0.352734 0.38916 0.353125 0.38916 0.353516 0.388672 0.353906 0.388672 0.354297 0.388184 0.354687 0.388184 0.355078 0.387695 0.35625 0.387695 0.356641 0.387207 0.358203 0.387207 0.358594 0.386719 0.359375 0.386719 0.359766 0.38623 0.360547 0.38623 0.360938 0.385742 0.361328 0.385742 0.361719 0.385254 0.362109 0.385254 0.362891 0.384277 0.362891 0.383789 0.363281 0.383301 0.363281 0.381348 0.362891 0.380859 0.362891 0.37793 0.3625 0.377441 0.3625 0.376953 0.360156 0.374023 0.359766 0.374023 0.357422 0.371094 0.357031 0.371094 0.356641 0.370605 0.35625 0.370605 0.355859 0.370117 0.355469 0.370117 0.355078 0.369629 0.354687 0.369629 0.354297 0.369141 0.353516 0.369141 0.353125 0.368652 0.352344 0.368652 0.351953 0.368164 0.351562 0.368164 0.351172 0.367676 0.350781 0.367676 0.350391 0.367188 0.35 0.367188 0.349609 0.366699 0.349219 0.366699 0.348828 0.366211 0.348047 0.366211 0.347656 0.365723 0.347266 0.365723 0.346875 0.365234 0.346484 0.365234 0.346094 0.364746 0.344922 0.364746 0.344531 0.364258 0.343359 0.364258 0.342969 0.36377 0.337891 0.36377 0.3375 0.364258 0.336719 0.364258 0.336328 0.364746 0.335938 0.364746 0.335156 0.365723 0.334766 0.365723 0.334375 0.366211 0.333984 0.366211 0.333203 0.367188 0.333203 0.367676 0.332813 0.368164 0.332813 0.368652 0.332031 0.369629 0.332031 0.370117 0.331641 0.370605 0.331641 0.371094 0.33125 0.371582 0.33125 0.37207
1 0.855469 0.40332 0.852344 0.40332 0.851953 0.403809 0.851562 0.403809 0.851172 0.404297 0.850781 0.404297 0.848437 0.407227 0.848437 0.407715 0.848047 0.408203 0.848047 0.40918 0.847656 0.409668 0.847656 0.411133 0.847266 0.411621 0.847266 0.419922 0.847656 0.42041 0.847656 0.422363 0.848047 0.422852 0.848047 0.423828 0.848828 0.424805 0.848828 0.425293 0.849219 0.425293 0.849609 0.425781 0.850391 0.425781 0.850781 0.425293 0.851172 0.425293 0.851562 0.424805 0.851953 0.424805 0.852344 0.424316 0.852734 0.424316 0.854688 0.421875 0.854688 0.421387 0.855469 0.42041 0.855469 0.419922 0.855859 0.419434 0.855859 0.418945 0.85625 0.418457 0.85625 0.417969 0.856641 0.41748 0.856641 0.416992 0.857031 0.416504 0.857031 0.415527 0.857422 0.415039 0.857422 0.414062 0.857812 0.413574 0.857812 0.412109 0.858203 0.411621 0.858203 0.40625 0.857422 0.405273 0.857422 0.404785 0.857031 0.404297 0.856641 0.404297 0.85625 0.403809 0.855859 0.403809
1 0.9125 0.471191 0.9125 0.472168 0.912109 0.472656 0.912109 0.474609 0.911719 0.475098 0.911719 0.476074 0.912109 0.476562 0.912109 0.478027 0.9125 0.478516 0.9125 0.479004 0.912891 0.479492 0.912891 0.47998 0.913281 0.480469 0.913281 0.480957 0.914453 0.482422 0.914844 0.482422 0.915625 0.483398 0.916016 0.483398 0.917188 0.484863 0.917578 0.484863 0.919141 0.486816 0.919531 0.486816 0.919922 0.487305 0.920312 0.487305 0.920703 0.487793 0.921094 0.487793 0.921484 0.488281 0.922266 0.488281 0.922656 0.48877 0.923047 0.48877 0.923438 0.489258 0.923828 0.489258 0.924219 0.489746 0.925 0.489746 0.925391 0.490234 0.925781 0.490234 0.926172 0.490723 0.926953 0.490723 0.927344 0.491211 0.93125 0.491211 0.931641 0.490723 0.931641 0.490234 0.932031 0.489746 0.932031 0.485352 0.931641 0.484863 0.931641 0.484375 0.93125 0.483887 0.93125 0.48291 0.930859 0.482422 0.930859 0.481934 0.930078 0.480957 0.930078 0.480469 0.928906 0.479004 0.928906 0.478516 0.926172 0.475098 0.925781 0.475098 0.924219 0.473145 0.923828 0.473145 0.922266 0.471191 0.921875 0.471191 0.920703 0.469727 0.920312 0.469727 0.919922 0.469238 0.91875 0.469238 0.918359 0.46875 0.915234 0.46875 0.914844 0.469238 0.914453 0.469238 0.914062 0.469727 0.913672 0.469727
1 0.925391 0.758789 0.925391 0.760254 0.925781 0.760742 0.925781 0.76123 0.926172 0.761719 0.926172 0.762207 0.926562 0.762695 0.926562 0.763184 0.926953 0.763672 0.926953 0.76416 0.927734 0.765137 0.927734 0.765625 0.930859 0.769531 0.930859 0.77002 0.93125 0.77002 0.932813 0.771973 0.933203 0.771973 0.933984 0.772949 0.934375 0.772949 0.934766 0.773438 0.935156 0.773438 0.935547 0.773926 0.940234 0.773926 0.940625 0.773438 0.941406 0.773438 0.941797 0.772949 0.942187 0.772949 0.943359 0.771484 0.943359 0.770996 0.94375 0.770508 0.94375 0.768066 0.943359 0.767578 0.943359 0.76709 0.942969 0.766602 0.942969 0.766113 0.942578 0.765625 0.942578 0.764648 0.941406 0.763184 0.941406 0.762695 0.939063 0.759766 0.938672 0.759766 0.938281 0.759277 0.937891 0.759277 0.9375 0.758789 0.937109 0.758789 0.936719 0.758301 0.935937 0.758301 0.935547 0.757812 0.933984 0.757812 0.933594 0.757324 0.930078 0.757324 0.929688 0.756836 0.927734 0.756836 0.927344 0.757324 0.926953 0.757324 0.926562 0.757812 0.926172 0.757812
1 0.683984 0.92041 0.683594 0.92041 0.683203 0.919922 0.682422 0.919922 0.682031 0.919434 0.680859 0.919434 0.680469 0.919922 0.678516 0.919922 0.678125 0.92041 0.677344 0.92041 0.675 0.92334 0.675 0.923828 0.674609 0.924316 0.674609 0.924805 0.674219 0.925293 0.674219 0.926758 0.673828 0.927246 0.673828 0.928223 0.673438 0.928711 0.673438 0.930176 0.673047 0.930664 0.673047 0.935059 0.672656 0.935547 0.672656 0.9375 0.673047 0.937988 0.673047 0.940918 0.673438 0.941406 0.673828 0.941406 0.674219 0.941895 0.677344 0.941895 0.677734 0.941406 0.678516 0.941406 0.680078 0.939453 0.680078 0.938965 0.68125 0.9375 0.68125 0.937012 0.682422 0.935547 0.682422 0.935059 0.683203 0.934082 0.683203 0.933594 0.683594 0.933105 0.683594 0.932617 0.683984 0.932129 0.683984 0.931641 0.684375 0.931152 0.684375 0.930664 0.684766 0.930176 0.684766 0.929199 0.685156 0.928711 0.685156 0.927734 0.685547 0.927246 0.685547 0.92334 0.685156 0.922852 0.685156 0.921875
1 0.567187 0.813477 0.567187 0.814941 0.567578 0.81543 0.567578 0.818359 0.567969 0.818848 0.567969 0.819336 0.56875 0.820312 0.569141 0.820312 0.569922 0.821289 0.570312 0.821289 0.570703 0.821777 0.571094 0.821777 0.571484 0.822266 0.571875 0.822266 0.572266 0.822754 0.578516 0.822754 0.578906 0.822266 0.580469 0.822266 0.580859 0.821777 0.582031 0.821777 0.582422 0.821289 0.583984 0.821289 0.584375 0.820801 0.585156 0.820801 0.585547 0.820312 0.585938 0.820312 0.586328 0.819824 0.587109 0.819824 0.5875 0.819336 0.587891 0.819336 0.588281 0.818848 0.588281 0.818359 0.588672 0.817871 0.588672 0.817383 0.588281 0.816895 0.588281 0.816406 0.587891 0.815918 0.587891 0.81543 0.5875 0.814941 0.5875 0.814453 0.586328 0.812988 0.585938 0.812988 0.585547 0.8125 0.585156 0.8125 0.584766 0.812012 0.584375 0.812012 0.583984 0.811523 0.583203 0.811523 0.582812 0.811035 0.582422 0.811035 0.582031 0.810547 0.581641 0.810547 0.580859 0.80957 0.580469 0.80957 0.579688 0.808594 0.579297 0.808594 0.578906 0.808105 0.578516 0.808105 0.578125 0.807617 0.577344 0.807617 0.576953 0.807129 0.572266 0.807129 0.571875 0.807617 0.571094 0.807617 0.570703 0.808105 0.570312 0.808105 0.567969 0.811035 0.567969 0.811523 0.567578 0.812012 0.567578 0.812988
1 0.403906 0.917969 0.403125 0.918945 0.403125 0.919434 0.402344 0.92041 0.402344 0.920898 0.399609 0.924316 0.399609 0.924805 0.399219 0.925293 0.399219 0.927734 0.398828 0.928223 0.398828 0.930176 0.399219 0.930664 0.399219 0.931152 0.399609 0.931641 0.399609 0.932129 0.400391 0.933105 0.400781 0.933105 0.402734 0.935547 0.402734 0.936035 0.403125 0.936523 0.403516 0.936523 0.404297 0.9375 0.404687 0.9375 0.405078 0.937988 0.405469 0.937988 0.405859 0.938477 0.40625 0.938477 0.406641 0.938965 0.407031 0.938965 0.407422 0.939453 0.407813 0.939453 0.408203 0.939941 0.408984 0.939941 0.409375 0.94043 0.409766 0.94043 0.410156 0.940918 0.410938 0.940918 0.411328 0.941406 0.413281 0.941406 0.413672 0.940918 0.414062 0.940918 0.414844 0.939941 0.414844 0.937012 0.414453 0.936523 0.414453 0.930176 0.414062 0.929688 0.414062 0.929199 0.413672 0.928711 0.413672 0.928223 0.413281 0.927734 0.413281 0.927246 0.412891 0.926758 0.412891 0.92627 0.411328 0.924316 0.410938 0.924316 0.408203 0.920898 0.407813 0.920898 0.407031 0.919922 0.406641 0.919922 0.405469 0.918457 0.405078 0.918457 0.404687 0.917969
1 0.196484 0.837402 0.196484 0.842285 0.196875 0.842773 0.196875 0.843262 0.197266 0.84375 0.197266 0.844238 0.198828 0.846191 0.199219 0.846191 0.200391 0.847656 0.201172 0.847656 0.201563 0.848145 0.205859 0.848145 0.20625 0.847656 0.207031 0.847656 0.207422 0.847168 0.208203 0.847168 0.208594 0.84668 0.208984 0.84668 0.209375 0.846191 0.209766 0.846191 0.210547 0.845215 0.210938 0.845215 0.212109 0.84375 0.2125 0.84375 0.213672 0.842285 0.213672 0.84082 0.214062 0.840332 0.214062 0.837402 0.213672 0.836914 0.213281 0.836914 0.212891 0.836426 0.2125 0.836426 0.212109 0.835938 0.211719 0.835938 0.211328 0.835449 0.210938 0.835449 0.210547 0.834961 0.210156 0.834961 0.209375 0.833984 0.208984 0.833984 0.208594 0.833496 0.207422 0.833496 0.207031 0.833008 0.200781 0.833008 0.200391 0.833496 0.2 0.833496 0.199219 0.834473 0.198828 0.834473 0.198047 0.835449 0.197656 0.835449 0.196875 0.836426 0.196875 0.836914
1 0.353906 0.77002 0.353906 0.770508 0.353125 0.771484 0.353125 0.772461 0.352734 0.772949 0.352734 0.775391 0.353125 0.775879 0.353125 0.776367 0.353516 0.776855 0.353516 0.777344 0.353906 0.777832 0.353906 0.77832 0.354297 0.778809 0.354297 0.779297 0.354687 0.779785 0.354687 0.780273 0.355469 0.78125 0.355469 0.781738 0.357422 0.78418 0.357812 0.78418 0.358594 0.785156 0.358984 0.785156 0.359375 0.785645 0.359766 0.785645 0.360547 0.786621 0.360938 0.786621 0.362109 0.788086 0.3625 0.788086 0.364453 0.790527 0.366016 0.790527 0.367578 0.788574 0.367578 0.787598 0.367969 0.787109 0.367969 0.786133 0.368359 0.785645 0.368359 0.781738 0.367969 0.78125 0.367969 0.779297 0.367578 0.778809 0.367578 0.776367 0.367188 0.775879 0.367188 0.774414 0.366797 0.773926 0.366797 0.773438 0.366406 0.772949 0.366406 0.772461 0.366016 0.771973 0.365625 0.771973 0.364844 0.770996 0.364453 0.770996 0.364063 0.770508 0.363281 0.770508 0.362891 0.77002 0.362109 0.77002 0.361719 0.769531 0.360938 0.769531 0.360547 0.769043 0.358984 0.769043 0.358594 0.768555 0.356641 0.768555 0.35625 0.769043 0.355469 0.769043 0.355078 0.769531 0.354687 0.769531 0.354297 0.77002
1 0.305859 0.393066 0.305859 0.393555 0.305469 0.394043 0.305469 0.39502 0.305078 0.395508 0.305078 0.396484 0.304688 0.396973 0.304688 0.398926 0.305078 0.399414 0.305078 0.399902 0.305469 0.400391 0.305469 0.400879 0.30625 0.401855 0.30625 0.402344 0.307031 0.40332 0.307031 0.403809 0.307422 0.404297 0.307422 0.405273 0.307812 0.405762 0.307812 0.40625 0.308203 0.406738 0.308203 0.407227 0.309375 0.408691 0.309766 0.408691 0.310156 0.40918 0.310547 0.40918 0.310937 0.409668 0.311719 0.409668 0.312109 0.410156 0.312891 0.410156 0.313281 0.410645 0.314063 0.410645 0.314453 0.411133 0.318359 0.411133 0.319141 0.410156 0.319141 0.409668 0.319531 0.40918 0.319531 0.402832 0.319141 0.402344 0.319141 0.400879 0.31875 0.400391 0.31875 0.399902 0.318359 0.399414 0.318359 0.398926 0.317578 0.397949 0.317578 0.397461 0.316797 0.396484 0.316797 0.395996 0.315625 0.394531 0.315625 0.394043 0.314063 0.39209 0.313281 0.39209 0.312891 0.391602 0.311719 0.391602 0.311328 0.391113 0.309766 0.391113 0.309375 0.391602 0.308594 0.391602 0.308203 0.39209 0.307422 0.39209 0.307031 0.392578 0.306641 0.392578 0.30625 0.393066
1 0.324609 0.369629 0.323047 0.367676 0.322656 0.367676 0.322266 0.367188 0.319141 0.367188 0.31875 0.367676 0.314844 0.367676 0.314453 0.368164 0.309766 0.368164 0.309375 0.368652 0.308984 0.368652 0.308594 0.369141 0.307812 0.369141 0.307422 0.369629 0.307031 0.369629 0.306641 0.370117 0.30625 0.370117 0.305469 0.371094 0.305078 0.371094 0.303906 0.372559 0.303516 0.372559 0.302344 0.374023 0.302344 0.374512 0.301953 0.375 0.301953 0.375977 0.301563 0.376465 0.301563 0.377441 0.301172 0.37793 0.301172 0.379883 0.301563 0.380371 0.301563 0.382812 0.302734 0.384277 0.305078 0.384277 0.305469 0.384766 0.308594 0.384766 0.308984 0.384277 0.310937 0.384277 0.311328 0.383789 0.312109 0.383789 0.3125 0.383301 0.313281 0.383301 0.313672 0.382812 0.314453 0.382812 0.314844 0.382324 0.315234 0.382324 0.315625 0.381836 0.316406 0.381836 0.316797 0.381348 0.317578 0.381348 0.317969 0.380859 0.318359 0.380859 0.31875 0.380371 0.319141 0.380371 0.319531 0.379883 0.319922 0.379883 0.320312 0.379395 0.320703 0.379395 0.321094 0.378906 0.321484 0.378906 0.321875 0.378418 0.322266 0.378418 0.323047 0.377441 0.323437 0.377441 0.323828 0.376953 0.323828 0.376465 0.325391 0.374512 0.325391 0.37207 0.325 0.371582 0.325 0.371094 0.324609 0.370605
1 0.217578 0.421875 0.217578 0.422363 0.217188 0.422852 0.217188 0.42334 0.216797 0.423828 0.216797 0.425293 0.216406 0.425781 0.216406 0.426758 0.216797 0.427246 0.216797 0.427734 0.217578 0.428711 0.217969 0.428711 0.219531 0.430664 0.219922 0.430664 0.221094 0.432129 0.221094 0.432617 0.221484 0.433105 0.221484 0.433594 0.222656 0.435059 0.223047 0.435059 0.223438 0.435547 0.224219 0.435547 0.224609 0.436035 0.225781 0.436035 0.226172 0.436523 0.227344 0.436523 0.227734 0.437012 0.232422 0.437012 0.232813 0.436523 0.234766 0.436523 0.235156 0.436035 0.235937 0.436035 0.235937 0.435547 0.236328 0.435059 0.236328 0.43457 0.236719 0.434082 0.236719 0.433594 0.237109 0.433105 0.237109 0.432129 0.236719 0.431641 0.236719 0.430664 0.236328 0.430176 0.236328 0.429688 0.235156 0.428223 0.235156 0.427734 0.230859 0.422363 0.230469 0.422363 0.229687 0.421387 0.229297 0.421387 0.228906 0.420898 0.228516 0.420898 0.228125 0.42041 0.227734 0.42041 0.227344 0.419922 0.226953 0.419922 0.226562 0.419434 0.225781 0.419434 0.225391 0.418945 0.222266 0.418945 0.221875 0.419434 0.220703 0.419434 0.220312 0.419922 0.219922 0.419922 0.219531 0.42041 0.219141 0.42041 0.218359 0.421387 0.217969 0.421387
1 0.215625 0.425781 0.215234 0.42627 0.214844 0.42627 0.213672 0.427734 0.213672 0.432129 0.213281 0.432617 0.213281 0.433105 0.212891 0.433594 0.212891 0.434082 0.2125 0.43457 0.2125 0.435059 0.211719 0.436035 0.211719 0.437988 0.212109 0.438477 0.212109 0.438965 0.2125 0.439453 0.2125 0.44043 0.212891 0.440918 0.212891 0.441895 0.214062 0.443359 0.214062 0.443848 0.214453 0.444336 0.214453 0.444824 0.214844 0.445312 0.214844 0.445801 0.215234 0.446289 0.215234 0.447266 0.216016 0.448242 0.216016 0.44873 0.216406 0.44873 0.216797 0.449219 0.217188 0.449219 0.217578 0.449707 0.221094 0.449707 0.222266 0.448242 0.222266 0.447754 0.222656 0.447266 0.222656 0.446289 0.223047 0.445801 0.223047 0.443359 0.223438 0.442871 0.223438 0.436035 0.223047 0.435547 0.223047 0.43457 0.222656 0.434082 0.222656 0.433594 0.222266 0.433105 0.222266 0.432617 0.221094 0.431152 0.220703 0.431152 0.219922 0.430176 0.219922 0.429688 0.219141 0.428711 0.219141 0.428223 0.218359 0.427246 0.218359 0.426758 0.217578 0.425781
1 0.204687 0.417969 0.203906 0.418945 0.203516 0.418945 0.202344 0.42041 0.202344 0.420898 0.201563 0.421875 0.201563 0.426758 0.201953 0.427246 0.201953 0.427734 0.202344 0.428223 0.202344 0.428711 0.203125 0.429688 0.203125 0.430176 0.203906 0.431152 0.203906 0.432129 0.204297 0.432617 0.204297 0.433105 0.207813 0.4375 0.207813 0.437988 0.208203 0.438477 0.208594 0.438477 0.208984 0.438965 0.212109 0.438965 0.212891 0.437988 0.212891 0.4375 0.213281 0.437012 0.213281 0.433105 0.213672 0.432617 0.213672 0.431641 0.214062 0.431152 0.214062 0.430176 0.214453 0.429688 0.214453 0.42627 0.214062 0.425781 0.214062 0.425293 0.213281 0.424316 0.213281 0.423828 0.212891 0.42334 0.212891 0.422852 0.212109 0.421875 0.212109 0.421387 0.211719 0.420898 0.211719 0.42041 0.209766 0.417969 0.209375 0.417969 0.208984 0.41748 0.207422 0.41748 0.207031 0.417969
1 0.163672 0.437012 0.163672 0.438965 0.163281 0.439453 0.163281 0.441895 0.163672 0.442383 0.163672 0.442871 0.164062 0.443359 0.164062 0.443848 0.164844 0.444824 0.164844 0.445312 0.168359 0.449707 0.16875 0.449707 0.169531 0.450684 0.169922 0.450684 0.170313 0.451172 0.170703 0.451172 0.171094 0.45166 0.171484 0.45166 0.171875 0.452148 0.172266 0.452148 0.172656 0.452637 0.173047 0.452637 0.173828 0.453613 0.174219 0.453613 0.174609 0.454102 0.175 0.454102 0.175781 0.455078 0.176172 0.455078 0.176563 0.455566 0.179688 0.455566 0.180078 0.455078 0.180469 0.455078 0.180859 0.45459 0.18125 0.45459 0.18125 0.454102 0.182031 0.453125 0.182031 0.450195 0.181641 0.449707 0.181641 0.44873 0.18125 0.448242 0.18125 0.447266 0.180859 0.446777 0.180859 0.446289 0.180078 0.445312 0.180078 0.444824 0.179688 0.444336 0.179688 0.443848 0.178906 0.442871 0.178906 0.442383 0.176563 0.439453 0.176172 0.439453 0.174609 0.4375 0.174219 0.4375 0.173047 0.436035 0.172656 0.436035 0.172266 0.435547 0.171875 0.435547 0.171484 0.435059 0.170703 0.435059 0.170313 0.43457 0.166406 0.43457 0.166016 0.435059 0.165234 0.435059
1 0.293359 0.447266 0.292969 0.447266 0.292187 0.446289 0.289453 0.446289 0.288672 0.447266 0.288281 0.447266 0.287891 0.447754 0.2875 0.447754 0.283203 0.453125 0.283203 0.453613 0.282422 0.45459 0.282422 0.455078 0.281641 0.456055 0.281641 0.456543 0.28125 0.457031 0.28125 0.45752 0.280859 0.458008 0.280859 0.458496 0.280469 0.458984 0.280469 0.459473 0.279687 0.460449 0.279687 0.463867 0.280078 0.464355 0.280078 0.464844 0.280469 0.465332 0.280859 0.465332 0.28125 0.46582 0.281641 0.46582 0.282031 0.466309 0.283984 0.466309 0.284375 0.46582 0.285547 0.46582 0.285938 0.465332 0.286719 0.465332 0.287109 0.464844 0.2875 0.464844 0.287891 0.464355 0.288281 0.464355 0.290234 0.461914 0.290234 0.461426 0.291016 0.460449 0.291016 0.459961 0.291406 0.459473 0.291406 0.458984 0.292187 0.458008 0.292187 0.45752 0.292969 0.456543 0.292969 0.456055 0.293359 0.455566 0.293359 0.455078 0.294531 0.453613 0.294531 0.453125 0.294922 0.452637 0.294922 0.450195 0.294531 0.449707 0.294531 0.449219 0.29375 0.448242 0.29375 0.447754
1 0.203516 0.55957 0.202734 0.558594 0.202344 0.558594 0.201953 0.558105 0.197656 0.558105 0.197266 0.558594 0.196484 0.558594 0.195703 0.55957 0.195312 0.55957 0.194922 0.560059 0.194531 0.560059 0.194141 0.560547 0.19375 0.560547 0.193359 0.561035 0.192969 0.561035 0.192578 0.561523 0.192188 0.561523 0.191797 0.562012 0.191406 0.562012 0.191016 0.5625 0.190625 0.5625 0.190234 0.562988 0.189844 0.562988 0.189453 0.563477 0.189062 0.563477 0.188281 0.564453 0.188281 0.569336 0.190234 0.571777 0.190625 0.571777 0.191016 0.572266 0.191406 0.572266 0.191797 0.572754 0.192188 0.572754 0.192578 0.573242 0.198047 0.573242 0.198437 0.572754 0.198828 0.572754 0.199219 0.572266 0.199609 0.572266 0.2 0.571777 0.200391 0.571777 0.200781 0.571289 0.201172 0.571289 0.203125 0.568848 0.203125 0.567871 0.203516 0.567383 0.203516 0.566895 0.203906 0.566406 0.203906 0.565918 0.204297 0.56543 0.204297 0.562012 0.203906 0.561523 0.203906 0.560547 0.203516 0.560059
1 0.405469 0.797363 0.405078 0.797363 0.404687 0.796875 0.404297 0.796875 0.403906 0.796387 0.402734 0.796387 0.402344 0.795898 0.399219 0.795898 0.398828 0.796387 0.398047 0.796387 0.397656 0.796875 0.397266 0.796875 0.396875 0.797363 0.396484 0.797363 0.396094 0.797852 0.395703 0.797852 0.395313 0.79834 0.394922 0.79834 0.393359 0.800293 0.392969 0.800293 0.390625 0.803223 0.390625 0.803711 0.389453 0.805176 0.389453 0.805664 0.388672 0.806641 0.388672 0.807129 0.388281 0.807617 0.388281 0.808105 0.387891 0.808594 0.387891 0.80957 0.3875 0.810059 0.3875 0.811035 0.387109 0.811523 0.387109 0.812012 0.386719 0.8125 0.386719 0.813477 0.386328 0.813965 0.386328 0.814453 0.385937 0.814941 0.385937 0.816406 0.385547 0.816895 0.385547 0.817871 0.385156 0.818359 0.385156 0.819824 0.384766 0.820312 0.384766 0.821777 0.384375 0.822266 0.384375 0.82373 0.384766 0.824219 0.384766 0.824707 0.385547 0.825684 0.386328 0.825684 0.386719 0.826172 0.392969 0.826172 0.393359 0.825684 0.394141 0.825684 0.394922 0.824707 0.395313 0.824707 0.395703 0.824219 0.395703 0.82373 0.396484 0.822754 0.396484 0.822266 0.397266 0.821289 0.397266 0.820801 0.398438 0.819336 0.398438 0.818848 0.399219 0.817871 0.399609 0.817871 0.402734 0.813965 0.402734 0.813477 0.403516 0.8125 0.403516 0.811523 0.403906 0.811035 0.403906 0.810547 0.404297 0.810059 0.404297 0.809082 0.404687 0.808594 0.404687 0.808105 0.405078 0.807617 0.405078 0.806641 0.405469 0.806152 0.405469 0.805176 0.405859 0.804688 0.405859 0.80127 0.40625 0.800781 0.40625 0.798828 0.405859 0.79834 0.405859 0.797852
1 0.839844 0.871094 0.835938 0.871094 0.835547 0.871582 0.834766 0.871582 0.834375 0.87207 0.833984 0.87207 0.832812 0.873535 0.832812 0.874023 0.831641 0.875488 0.831641 0.875977 0.83125 0.876465 0.83125 0.876953 0.830859 0.877441 0.830859 0.878418 0.830469 0.878906 0.830469 0.879883 0.830078 0.880371 0.830078 0.882812 0.829688 0.883301 0.829688 0.889648 0.830078 0.890137 0.830078 0.89209 0.830469 0.892578 0.830469 0.893066 0.830859 0.893555 0.830859 0.894043 0.831641 0.89502 0.831641 0.895508 0.833203 0.897461 0.833984 0.897461 0.834375 0.897949 0.835156 0.897949 0.835547 0.897461 0.838281 0.897461 0.838672 0.896973 0.839063 0.896973 0.841406 0.894043 0.841406 0.893555 0.841797 0.893066 0.841797 0.892578 0.842187 0.89209 0.842187 0.891602 0.842578 0.891113 0.842578 0.888184 0.842969 0.887695 0.842969 0.882812 0.842578 0.882324 0.842578 0.881836 0.842969 0.881348 0.842969 0.875 0.842578 0.874512 0.842578 0.873535 0.841797 0.872559 0.841797 0.87207 0.841406 0.87207 0.841016 0.871582 0.840234 0.871582
1 0.921094 0.953125 0.921094 0.953613 0.920703 0.954102 0.920703 0.959473 0.921094 0.959961 0.921094 0.960449 0.921484 0.960938 0.921484 0.961426 0.921875 0.961914 0.921875 0.962402 0.922656 0.963379 0.922656 0.963867 0.925781 0.967773 0.926172 0.967773 0.927344 0.969238 0.927734 0.969238 0.928125 0.969727 0.928906 0.969727 0.929297 0.970215 0.930469 0.970215 0.930859 0.970703 0.935547 0.970703 0.935937 0.970215 0.936328 0.970215 0.936719 0.969727 0.937109 0.969727 0.9375 0.969238 0.9375 0.96875 0.937891 0.968262 0.937891 0.967773 0.938281 0.967285 0.938281 0.966797 0.938672 0.966309 0.938672 0.963379 0.938281 0.962891 0.938281 0.961914 0.9375 0.960938 0.9375 0.960449 0.936719 0.959473 0.936719 0.958984 0.935937 0.958008 0.935547 0.958008 0.934766 0.957031 0.934766 0.956543 0.932422 0.953613 0.932031 0.953613 0.931641 0.953125 0.93125 0.953125 0.930859 0.952637 0.930469 0.952637 0.930078 0.952148 0.929688 0.952148 0.929297 0.95166 0.928906 0.95166 0.928516 0.951172 0.927734 0.951172 0.927344 0.950684 0.923047 0.950684
1 0.400781 0.618164 0.400391 0.618164 0.4 0.617676 0.399219 0.617676 0.398828 0.617188 0.394922 0.617188 0.394531 0.617676 0.394141 0.617676 0.39375 0.618164 0.392969 0.618164 0.392578 0.618652 0.391797 0.618652 0.391406 0.619141 0.391016 0.619141 0.390234 0.620117 0.389844 0.620117 0.387891 0.622559 0.387891 0.623047 0.3875 0.623535 0.387109 0.623535 0.387109 0.624023 0.385937 0.625488 0.385937 0.625977 0.385547 0.626465 0.385547 0.626953 0.384766 0.62793 0.384766 0.628418 0.383594 0.629883 0.383594 0.630371 0.383203 0.630859 0.383203 0.631836 0.382812 0.632324 0.382812 0.637207 0.383203 0.637695 0.383203 0.638672 0.383984 0.639648 0.383984 0.640137 0.384375 0.640625 0.384766 0.640625 0.385156 0.641113 0.386719 0.641113 0.387109 0.641602 0.389844 0.641602 0.390234 0.641113 0.391797 0.641113 0.392188 0.640625 0.392578 0.640625 0.392969 0.640137 0.393359 0.640137 0.394141 0.63916 0.394531 0.63916 0.395703 0.637695 0.396094 0.637695 0.397656 0.635742 0.397656 0.635254 0.398438 0.634277 0.398438 0.633789 0.398828 0.633301 0.398828 0.632812 0.399609 0.631836 0.399609 0.631348 0.4 0.630859 0.4 0.630371 0.400391 0.629883 0.400391 0.629395 0.400781 0.628906 0.400781 0.628418 0.401172 0.62793 0.401172 0.626953 0.401562 0.626465 0.401562 0.624512 0.401953 0.624023 0.401953 0.621094 0.401562 0.620605 0.401562 0.619141
1 0.171094 0.196289 0.170703 0.196289 0.170313 0.195801 0.166797 0.195801 0.166406 0.196289 0.165234 0.196289 0.164844 0.196777 0.164453 0.196777 0.164062 0.197266 0.163672 0.197266 0.163281 0.197754 0.162891 0.197754 0.161719 0.199219 0.161328 0.199219 0.158594 0.202637 0.158594 0.203125 0.157812 0.204102 0.157812 0.20459 0.157031 0.205566 0.157031 0.206055 0.156641 0.206543 0.156641 0.207031 0.15625 0.20752 0.15625 0.208984 0.155859 0.209473 0.155859 0.211914 0.155469 0.212402 0.155469 0.212891 0.155078 0.213379 0.155078 0.213867 0.154688 0.214355 0.154688 0.214844 0.154297 0.215332 0.154297 0.21582 0.153906 0.216309 0.153906 0.220215 0.154297 0.220703 0.154297 0.22168 0.155469 0.22168 0.155859 0.222168 0.157812 0.222168 0.158203 0.22168 0.158984 0.22168 0.159375 0.221191 0.160156 0.221191 0.160547 0.220703 0.160938 0.220703 0.161328 0.220215 0.161719 0.220215 0.162109 0.219727 0.162891 0.219727 0.163281 0.219238 0.163672 0.219238 0.164453 0.218262 0.164844 0.218262 0.165234 0.217773 0.165625 0.217773 0.166797 0.216309 0.167187 0.216309 0.167969 0.215332 0.168359 0.215332 0.169141 0.214355 0.169531 0.214355 0.169922 0.213867 0.170313 0.213867 0.172266 0.211426 0.172266 0.210938 0.172656 0.210449 0.172656 0.209961 0.173437 0.208984 0.173437 0.208008 0.173828 0.20752 0.173828 0.206055 0.173437 0.205566 0.173437 0.20166 0.173047 0.201172 0.173047 0.200195 0.172656 0.199707 0.172656 0.19873 0.171875 0.197754 0.171875 0.197266
1 0.298438 0.0566406 0.298438 0.0571289 0.298047 0.0576172 0.298047 0.0634766 0.298438 0.0639648 0.298438 0.0654297 0.298828 0.065918 0.298828 0.0664062 0.301953 0.0703125 0.302344 0.0703125 0.302734 0.0708008 0.303125 0.0708008 0.303516 0.0712891 0.303906 0.0712891 0.304297 0.0717773 0.305078 0.0717773 0.305469 0.0722656 0.30625 0.0722656 0.306641 0.0727539 0.307422 0.0727539 0.307812 0.0732422 0.308203 0.0732422 0.308594 0.0737305 0.308984 0.0737305 0.309375 0.0742188 0.310156 0.0742188 0.310547 0.074707 0.310937 0.074707 0.311328 0.0751953 0.311719 0.0751953 0.312109 0.0756836 0.3125 0.0756836 0.312891 0.0761719 0.313672 0.0761719 0.314063 0.0766602 0.315234 0.0766602 0.315625 0.0761719 0.316016 0.0761719 0.316797 0.0751953 0.316797 0.074707 0.317188 0.0742188 0.317188 0.0727539 0.317578 0.0722656 0.317578 0.0708008 0.317188 0.0703125 0.317188 0.0693359 0.316797 0.0688477 0.316797 0.0683594 0.316406 0.0678711 0.316406 0.0668945 0.316016 0.0664062 0.316016 0.065918 0.315234 0.0649414 0.315234 0.0644531 0.310156 0.0581055 0.309766 0.0581055 0.308984 0.0571289 0.308594 0.0571289 0.308203 0.0566406 0.307812 0.0566406 0.307422 0.0561523 0.307031 0.0561523 0.306641 0.0556641 0.305859 0.0556641 0.305469 0.0551758 0.304688 0.0551758 0.304297 0.0546875 0.301172 0.0546875 0.300781 0.0551758 0.3 0.0551758 0.299609 0.0556641 0.299219 0.0556641
1 0.353906 0.226562 0.353516 0.227051 0.353516 0.227539 0.352344 0.229004 0.352344 0.229492 0.351562 0.230469 0.351562 0.230957 0.351172 0.231445 0.351172 0.239746 0.351562 0.240234 0.351562 0.242676 0.351953 0.243164 0.351953 0.244141 0.352344 0.244629 0.352344 0.245117 0.352734 0.245605 0.352734 0.246582 0.355078 0.249512 0.355469 0.249512 0.35625 0.250488 0.356641 0.250488 0.357031 0.250977 0.361719 0.250977 0.362109 0.250488 0.3625 0.250488 0.364453 0.248047 0.364453 0.24707 0.364844 0.246582 0.364844 0.241699 0.364453 0.241211 0.364453 0.23877 0.364063 0.238281 0.364063 0.237305 0.363672 0.236816 0.363672 0.236328 0.363281 0.23584 0.363281 0.235352 0.362891 0.234863 0.362891 0.234375 0.3625 0.233887 0.3625 0.23291 0.362109 0.232422 0.362109 0.231934 0.361719 0.231445 0.361719 0.230957 0.357812 0.226074 0.357422 0.226074 0.357031 0.225586 0.356641 0.225586 0.35625 0.226074 0.355078 0.226074 0.354687 0.226562
1 0.351172 0.204102 0.349609 0.204102 0.349219 0.20459 0.348828 0.20459 0.348438 0.205078 0.348047 0.205078 0.347656 0.205566 0.347266 0.205566 0.346875 0.206055 0.346484 0.206055 0.346094 0.206543 0.345703 0.206543 0.345313 0.207031 0.344922 0.207031 0.344531 0.20752 0.344141 0.20752 0.34375 0.208008 0.343359 0.208008 0.342969 0.208496 0.342578 0.208496 0.341016 0.210449 0.341016 0.210938 0.340625 0.211426 0.340625 0.212402 0.340234 0.212891 0.340234 0.219727 0.340625 0.220215 0.340625 0.222656 0.341016 0.223145 0.341016 0.224609 0.341406 0.225098 0.341406 0.225586 0.341797 0.226074 0.341797 0.227051 0.343359 0.229004 0.343359 0.229492 0.344141 0.230469 0.344141 0.230957 0.344531 0.231445 0.344531 0.231934 0.344922 0.232422 0.344922 0.23291 0.345313 0.233398 0.345703 0.233398 0.346094 0.233887 0.346875 0.233887 0.347266 0.234375 0.348047 0.234375 0.348438 0.234863 0.350781 0.234863 0.351953 0.233398 0.351953 0.23291 0.352344 0.232422 0.352344 0.231934 0.352734 0.231445 0.352734 0.230957 0.354297 0.229004 0.354687 0.229004 0.355078 0.228516 0.355469 0.228516 0.355859 0.228027 0.355859 0.226074 0.355078 0.225098 0.355078 0.224609 0.354687 0.224121 0.354687 0.223145 0.354297 0.222656 0.354297 0.220703 0.353906 0.220215 0.353906 0.21875 0.353516 0.218262 0.353516 0.215332 0.353906 0.214844 0.353906 0.211426 0.354297 0.210938 0.354297 0.206543 0.353906 0.206055 0.353906 0.205566 0.353125 0.20459 0.351562 0.20459
1 0.455859 0.0361328 0.453906 0.0361328 0.453516 0.0366211 0.452734 0.0366211 0.452344 0.0371094 0.451172 0.0371094 0.450781 0.0375977 0.447266 0.0375977 0.446875 0.0380859 0.446484 0.0380859 0.446094 0.0385742 0.445703 0.0385742 0.443359 0.0415039 0.443359 0.0419922 0.442969 0.0424805 0.442969 0.0429688 0.442578 0.043457 0.442578 0.0444336 0.442188 0.0449219 0.442188 0.0458984 0.441797 0.0463867 0.441797 0.0473633 0.441406 0.0478516 0.441406 0.0488281 0.441016 0.0493164 0.441016 0.0498047 0.440625 0.050293 0.440625 0.0512695 0.440234 0.0517578 0.440234 0.0537109 0.439844 0.0541992 0.439844 0.0561523 0.439453 0.0566406 0.439453 0.0581055 0.439063 0.0585938 0.439063 0.0600586 0.438672 0.0605469 0.438672 0.0625 0.438281 0.0629883 0.438281 0.0678711 0.438672 0.0683594 0.438672 0.0693359 0.439063 0.0698242 0.439063 0.0703125 0.440234 0.0717773 0.440625 0.0717773 0.441016 0.0722656 0.441406 0.0722656 0.441797 0.0727539 0.442188 0.0727539 0.442578 0.0732422 0.443359 0.0732422 0.44375 0.0737305 0.444922 0.0737305 0.445312 0.0742188 0.448047 0.0742188 0.448437 0.0737305 0.448828 0.0737305 0.449219 0.0732422 0.449609 0.0732422 0.45 0.0727539 0.450391 0.0727539 0.451172 0.0717773 0.451562 0.0717773 0.452734 0.0703125 0.452734 0.0698242 0.453125 0.0693359 0.453125 0.0688477 0.453906 0.0678711 0.453906 0.0673828 0.454297 0.0668945 0.454297 0.0664062 0.454688 0.065918 0.454688 0.0649414 0.455078 0.0644531 0.455078 0.0634766 0.455469 0.0629883 0.455469 0.0625 0.455859 0.0620117 0.455859 0.0610352 0.45625 0.0605469 0.45625 0.059082 0.456641 0.0585938 0.456641 0.0571289 0.457031 0.0566406 0.457031 0.0561523 0.457422 0.0556641 0.457422 0.0546875 0.457813 0.0541992 0.457813 0.0537109 0.458203 0.0532227 0.458203 0.0527344 0.458594 0.0522461 0.458594 0.0454102 0.458203 0.0449219 0.458203 0.0439453 0.457813 0.043457 0.457813 0.0424805 0.457422 0.0419922 0.457422 0.0410156 0.457031 0.0405273 0.457031 0.0390625 0.456641 0.0385742 0.456641 0.0375977 0.45625 0.0371094 0.45625 0.0366211
1 0.484766 0.00341797 0.483594 0.00488281 0.483594 0.00830078 0.483984 0.00878906 0.483984 0.00927734 0.484375 0.00976562 0.484375 0.0107422 0.484766 0.0112305 0.484766 0.0117188 0.485547 0.0126953 0.485547 0.0131836 0.486328 0.0141602 0.486328 0.0146484 0.487109 0.015625 0.487109 0.0161133 0.490234 0.0200195 0.490625 0.0200195 0.492578 0.0224609 0.492969 0.0224609 0.493359 0.0229492 0.49375 0.0229492 0.494141 0.0234375 0.495703 0.0234375 0.496094 0.0239258 0.498437 0.0239258 0.499219 0.0229492 0.499219 0.0200195 0.498828 0.0195312 0.498828 0.0180664 0.498437 0.0175781 0.498437 0.0161133 0.498047 0.015625 0.498047 0.0136719 0.497656 0.0131836 0.497656 0.012207 0.497266 0.0117188 0.497266 0.0107422 0.496875 0.0102539 0.496875 0.00927734 0.496484 0.00878906 0.496484 0.00732422 0.496094 0.00683594 0.496094 0.00634766 0.494531 0.00439453 0.494141 0.00439453 0.49375 0.00390625 0.493359 0.00390625 0.492969 0.00341797 0.492578 0.00341797 0.492188 0.00292969 0.491797 0.00292969 0.491406 0.00244141 0.490625 0.00244141 0.490234 0.00195312 0.489063 0.00195312 0.488672 0.00244141 0.487109 0.00244141 0.486719 0.00292969 0.485547 0.00292969 0.485156 0.00341797
1 0.879687 0.421387 0.879687 0.423828 0.880078 0.424316 0.880078 0.425293 0.880469 0.425781 0.880469 0.426758 0.880859 0.427246 0.880859 0.427734 0.882812 0.430176 0.882812 0.430664 0.883594 0.431641 0.883594 0.432129 0.884375 0.433105 0.884375 0.433594 0.884766 0.433594 0.888281 0.437988 0.888672 0.437988 0.889062 0.438477 0.890625 0.438477 0.891016 0.438965 0.892969 0.438965 0.893359 0.438477 0.894141 0.438477 0.894531 0.437988 0.894922 0.437988 0.895312 0.4375 0.895703 0.4375 0.896094 0.437012 0.896484 0.437012 0.897656 0.435547 0.897656 0.435059 0.898047 0.43457 0.898047 0.434082 0.898438 0.433594 0.898438 0.431152 0.898047 0.430664 0.898047 0.429688 0.897656 0.429199 0.897656 0.428711 0.897266 0.428223 0.897266 0.427734 0.896484 0.426758 0.896484 0.42627 0.895312 0.424805 0.894922 0.424805 0.892969 0.422363 0.892578 0.422363 0.892188 0.421875 0.891797 0.421875 0.891406 0.421387 0.891016 0.421387 0.890625 0.420898 0.890234 0.420898 0.889844 0.42041 0.889453 0.42041 0.889062 0.419922 0.888672 0.419922 0.888281 0.419434 0.8875 0.419434 0.887109 0.418945 0.886328 0.418945 0.885938 0.418457 0.883594 0.418457 0.883203 0.418945 0.882812 0.418945 0.882422 0.419434 0.881641 0.419434 0.88125 0.419922 0.880859 0.419922
1 0.873047 0.627441 0.873047 0.62793 0.872656 0.628418 0.872656 0.629395 0.872266 0.629883 0.872266 0.634277 0.872656 0.634766 0.872656 0.63623 0.873047 0.636719 0.873047 0.637207 0.873437 0.637695 0.873437 0.638184 0.877344 0.643066 0.877734 0.643066 0.878125 0.643555 0.878516 0.643555 0.879297 0.644531 0.879687 0.644531 0.880078 0.64502 0.880469 0.64502 0.880859 0.645508 0.882031 0.645508 0.882422 0.645996 0.885938 0.645996 0.886328 0.645508 0.886719 0.645508 0.887109 0.64502 0.8875 0.64502 0.887891 0.644531 0.888281 0.644531 0.889453 0.643066 0.889453 0.642578 0.889844 0.64209 0.889844 0.640625 0.890234 0.640137 0.890234 0.638672 0.890625 0.638184 0.890625 0.637695 0.890234 0.637207 0.890234 0.63623 0.889844 0.635742 0.889844 0.635254 0.889453 0.634766 0.889453 0.634277 0.887109 0.631348 0.886719 0.631348 0.885938 0.630371 0.885547 0.630371 0.885156 0.629883 0.884766 0.629883 0.884375 0.629395 0.883984 0.629395 0.883594 0.628906 0.883203 0.628906 0.882812 0.628418 0.882422 0.628418 0.882031 0.62793 0.881641 0.62793 0.88125 0.627441 0.880469 0.627441 0.880078 0.626953 0.877734 0.626953 0.877344 0.626465 0.876172 0.626465 0.875781 0.626953 0.873437 0.626953
1 0.784766 0.660156 0.783984 0.65918 0.783984 0.658691 0.783594 0.658203 0.783203 0.658203 0.782813 0.657715 0.782031 0.657715 0.781641 0.657227 0.775781 0.657227 0.775391 0.657715 0.774219 0.657715 0.773828 0.658203 0.773047 0.658203 0.772656 0.658691 0.771875 0.658691 0.771484 0.65918 0.771094 0.65918 0.770703 0.659668 0.770312 0.659668 0.769531 0.660645 0.769141 0.660645 0.767969 0.662109 0.767578 0.662109 0.766406 0.663574 0.766406 0.664062 0.765625 0.665039 0.765625 0.665527 0.765234 0.666016 0.765234 0.667969 0.765625 0.668457 0.765625 0.669922 0.766016 0.67041 0.766016 0.670898 0.766406 0.671387 0.766406 0.671875 0.766797 0.672363 0.767188 0.672363 0.767578 0.672852 0.769141 0.672852 0.769531 0.67334 0.775391 0.67334 0.775781 0.672852 0.776563 0.672852 0.776953 0.672363 0.777344 0.672363 0.777734 0.671875 0.778125 0.671875 0.778516 0.671387 0.778906 0.671387 0.779297 0.670898 0.779687 0.670898 0.780469 0.669922 0.780859 0.669922 0.783594 0.666504 0.783594 0.666016 0.783984 0.665527 0.783984 0.665039 0.784375 0.664551 0.784375 0.664062 0.784766 0.663574
1 0.6 0.649414 0.599609 0.649414 0.599219 0.648926 0.598437 0.648926 0.598047 0.648438 0.594531 0.648438 0.594141 0.648926 0.593359 0.648926 0.592969 0.649414 0.592578 0.649414 0.592187 0.649902 0.591797 0.649902 0.591406 0.650391 0.591016 0.650391 0.590625 0.650879 0.590234 0.650879 0.589063 0.652344 0.589063 0.652832 0.588672 0.65332 0.588672 0.654297 0.588281 0.654785 0.588281 0.655762 0.587891 0.65625 0.587891 0.657715 0.5875 0.658203 0.5875 0.659668 0.587109 0.660156 0.587109 0.661621 0.586719 0.662109 0.586719 0.663086 0.586328 0.663574 0.586328 0.664551 0.585938 0.665039 0.585938 0.66748 0.588672 0.670898 0.589063 0.670898 0.589453 0.671387 0.589844 0.671387 0.590234 0.671875 0.592578 0.671875 0.592969 0.671387 0.593359 0.671387 0.594141 0.67041 0.594531 0.67041 0.594922 0.669922 0.595313 0.669922 0.596094 0.668945 0.596484 0.668945 0.597656 0.66748 0.598047 0.66748 0.598047 0.666992 0.599609 0.665039 0.599609 0.664551 0.6 0.664062 0.6 0.663574 0.600781 0.662598 0.600781 0.661621 0.601172 0.661133 0.601172 0.659668 0.601562 0.65918 0.601562 0.652344 0.601172 0.651855 0.601172 0.651367 0.600781 0.650879 0.600781 0.650391
1 0.446484 0.679688 0.446484 0.680176 0.446094 0.680664 0.446094 0.686035 0.446484 0.686523 0.446484 0.6875 0.446875 0.687988 0.446875 0.688477 0.447656 0.689453 0.447656 0.689941 0.449219 0.691895 0.449609 0.691895 0.450391 0.692871 0.450781 0.692871 0.451172 0.693359 0.451953 0.693359 0.452344 0.693848 0.453125 0.693848 0.453516 0.694336 0.453906 0.694336 0.454297 0.694824 0.455469 0.694824 0.455859 0.694336 0.45625 0.694336 0.456641 0.693848 0.457031 0.693848 0.457422 0.693359 0.457813 0.693359 0.458203 0.692871 0.458594 0.692871 0.458984 0.692383 0.459375 0.692383 0.459766 0.691895 0.460156 0.691895 0.460938 0.690918 0.461328 0.690918 0.461719 0.69043 0.461719 0.689941 0.462109 0.689453 0.462109 0.688965 0.4625 0.688477 0.4625 0.6875 0.462891 0.687012 0.462891 0.686523 0.4625 0.686035 0.4625 0.685547 0.458594 0.680664 0.458203 0.680664 0.45625 0.678223 0.455859 0.678223 0.455078 0.677246 0.454688 0.677246 0.454297 0.676758 0.452734 0.676758 0.452344 0.67627 0.450391 0.67627 0.45 0.676758 0.449219 0.676758 0.448828 0.677246 0.448437 0.677246 0.447656 0.678223 0.447266 0.678223 0.447266 0.678711
1 0.408594 0.733887 0.407813 0.734863 0.407422 0.734863 0.406641 0.73584 0.406641 0.736328 0.404687 0.73877 0.404687 0.740234 0.404297 0.740723 0.404297 0.743652 0.403906 0.744141 0.403906 0.746094 0.403516 0.746582 0.403516 0.748535 0.403125 0.749023 0.403125 0.753906 0.403516 0.754395 0.403516 0.754883 0.403906 0.754883 0.404297 0.755371 0.404687 0.755371 0.405078 0.755859 0.405859 0.755859 0.40625 0.756348 0.406641 0.756348 0.407813 0.757812 0.408203 0.757812 0.411719 0.762207 0.412109 0.762207 0.413672 0.76416 0.414062 0.76416 0.414844 0.765137 0.416797 0.765137 0.416797 0.764648 0.417578 0.763672 0.417578 0.763184 0.417969 0.762695 0.417969 0.762207 0.41875 0.76123 0.41875 0.760742 0.419922 0.759277 0.419922 0.758789 0.420703 0.757812 0.420703 0.757324 0.421094 0.756836 0.421094 0.756348 0.421875 0.755371 0.421875 0.754883 0.422266 0.754395 0.422266 0.753418 0.422656 0.75293 0.422656 0.752441 0.423047 0.751953 0.423047 0.751465 0.423438 0.750977 0.423438 0.745605 0.423047 0.745117 0.423047 0.744629 0.421094 0.742188 0.421094 0.741699 0.420312 0.740723 0.420312 0.740234 0.417187 0.736328 0.417187 0.73584 0.415625 0.733887 0.413672 0.733887 0.413281 0.733398 0.411328 0.733398 0.410938 0.733887
1 0.690625 0.965332 0.689063 0.965332 0.688281 0.966309 0.687891 0.966309 0.687109 0.967285 0.686328 0.967285 0.685937 0.967773 0.685547 0.967773 0.682031 0.972168 0.681641 0.972168 0.680859 0.973145 0.680469 0.973145 0.680078 0.973633 0.680078 0.974121 0.679688 0.974609 0.679688 0.977051 0.679297 0.977539 0.679297 0.979004 0.679688 0.979492 0.679688 0.97998 0.680078 0.980469 0.680078 0.980957 0.68125 0.982422 0.681641 0.982422 0.682031 0.98291 0.682422 0.98291 0.682813 0.983398 0.683594 0.983398 0.683984 0.983887 0.684375 0.983887 0.684766 0.984375 0.686328 0.984375 0.686719 0.983887 0.6875 0.983887 0.687891 0.983398 0.688672 0.983398 0.689063 0.98291 0.689453 0.98291 0.689844 0.982422 0.690234 0.982422 0.691406 0.980957 0.691797 0.980957 0.69375 0.978516 0.69375 0.978027 0.694141 0.977539 0.694141 0.977051 0.694531 0.976562 0.694531 0.975586 0.694922 0.975098 0.694922 0.974121 0.694531 0.973633 0.694531 0.972656 0.694141 0.972168 0.694141 0.971191 0.69375 0.970703 0.69375 0.970215 0.693359 0.969727 0.693359 0.96875 0.692969 0.968262 0.692969 0.967773 0.692578 0.967285 0.692578 0.966797 0.692187 0.966309 0.691797 0.966309 0.691406 0.96582 0.691016 0.96582
1 0.378516 0.598633 0.378125 0.598633 0.377344 0.597656 0.376172 0.597656 0.375781 0.597168 0.371094 0.597168 0.370703 0.59668 0.368359 0.59668 0.367969 0.597168 0.364453 0.597168 0.364063 0.597656 0.362109 0.597656 0.361719 0.598145 0.360938 0.598145 0.360547 0.598633 0.359766 0.598633 0.359375 0.599121 0.358594 0.599121 0.358203 0.599609 0.357812 0.599609 0.357422 0.600098 0.357031 0.600098 0.35625 0.601074 0.355859 0.601074 0.355078 0.602051 0.354687 0.602051 0.354297 0.602539 0.353906 0.602539 0.350391 0.606934 0.35 0.606934 0.35 0.607422 0.349609 0.60791 0.349609 0.608398 0.349219 0.608887 0.349219 0.61377 0.349609 0.614258 0.349609 0.614746 0.350391 0.615723 0.350781 0.615723 0.351562 0.616699 0.352344 0.616699 0.352734 0.617188 0.354687 0.617188 0.355078 0.616699 0.35625 0.616699 0.356641 0.616211 0.357812 0.616211 0.358203 0.615723 0.358984 0.615723 0.359375 0.615234 0.360156 0.615234 0.360547 0.614746 0.360938 0.614746 0.361328 0.614258 0.362109 0.614258 0.3625 0.61377 0.362891 0.61377 0.363672 0.612793 0.364453 0.612793 0.364844 0.612305 0.365234 0.612305 0.365625 0.611816 0.366016 0.611816 0.366797 0.61084 0.367188 0.61084 0.367578 0.610352 0.367969 0.610352 0.368359 0.609863 0.369141 0.609863 0.369531 0.609375 0.369922 0.609375 0.370312 0.608887 0.370703 0.608887 0.371484 0.60791 0.371875 0.60791 0.372656 0.606934 0.373047 0.606934 0.373437 0.606445 0.374219 0.606445 0.374609 0.605957 0.375391 0.605957 0.375781 0.605469 0.376563 0.605469 0.376953 0.60498 0.377344 0.60498 0.377734 0.604492 0.378125 0.604492 0.379297 0.603027 0.379297 0.601562 0.378906 0.601074 0.378906 0.600098 0.378516 0.599609
1 0.827344 0.247559 0.826953 0.247559 0.826562 0.24707 0.825781 0.24707 0.825391 0.246582 0.823828 0.246582 0.823438 0.246094 0.821484 0.246094 0.821094 0.246582 0.820312 0.246582 0.819922 0.24707 0.819531 0.24707 0.819141 0.247559 0.81875 0.247559 0.818359 0.248047 0.817969 0.248047 0.815625 0.250977 0.815625 0.251465 0.814844 0.252441 0.814844 0.25293 0.813672 0.254395 0.813672 0.254883 0.813281 0.255371 0.813281 0.255859 0.812891 0.256348 0.812891 0.256836 0.8125 0.257324 0.8125 0.257812 0.812109 0.258301 0.812109 0.259277 0.811719 0.259766 0.811719 0.262695 0.812109 0.263184 0.812109 0.263672 0.8125 0.26416 0.8125 0.264648 0.813672 0.266113 0.814063 0.266113 0.814453 0.266602 0.819141 0.266602 0.819531 0.266113 0.820312 0.266113 0.820703 0.265625 0.821094 0.265625 0.821484 0.265137 0.821875 0.265137 0.822266 0.264648 0.822656 0.264648 0.824219 0.262695 0.824609 0.262695 0.826562 0.260254 0.826562 0.259766 0.828125 0.257812 0.828125 0.257324 0.828516 0.256836 0.828516 0.256348 0.828906 0.255859 0.828906 0.253906 0.829297 0.253418 0.829297 0.250977 0.828906 0.250488 0.828906 0.25 0.828516 0.249512 0.828516 0.249023
2 0.494922 0.123535 0.494531 0.124023 0.494141 0.124023 0.492578 0.125977 0.492578 0.126465 0.491406 0.12793 0.491406 0.128418 0.491016 0.128906 0.491016 0.129395 0.490625 0.129883 0.490625 0.134277 0.491016 0.134766 0.491016 0.135254 0.491797 0.13623 0.491797 0.136719 0.492188 0.137207 0.492188 0.137695 0.492578 0.138184 0.492578 0.13916 0.492969 0.139648 0.492969 0.140137 0.493359 0.140625 0.493359 0.141113 0.494141 0.14209 0.494141 0.142578 0.494531 0.143066 0.494531 0.143555 0.495312 0.144531 0.495312 0.14502 0.496094 0.145996 0.496094 0.146484 0.496484 0.146973 0.496484 0.147461 0.497266 0.148438 0.497266 0.148926 0.501953 0.154785 0.502344 0.154785 0.505078 0.158203 0.505859 0.158203 0.50625 0.158691 0.506641 0.158691 0.507031 0.158203 0.507812 0.158203 0.508984 0.156738 0.508984 0.15625 0.509375 0.155762 0.509375 0.153809 0.509766 0.15332 0.509766 0.14209 0.509375 0.141602 0.509375 0.138672 0.508984 0.138184 0.508984 0.137695 0.508594 0.137207 0.508594 0.136719 0.508203 0.13623 0.508203 0.135742 0.507812 0.135254 0.507812 0.134766 0.507422 0.134277 0.507422 0.133789 0.507031 0.133301 0.507031 0.132812 0.506641 0.132324 0.506641 0.131836 0.505859 0.130859 0.505859 0.130371 0.505078 0.129395 0.505078 0.128906 0.501563 0.124512 0.501172 0.124512 0.500781 0.124023 0.500391 0.124023 0.5 0.123535 0.499219 0.123535 0.498828 0.123047 0.496484 0.123047 0.496094 0.123535
2 0.988281 0.078125 0.987891 0.078125 0.9875 0.0776367 0.987109 0.0776367 0.986719 0.0771484 0.985156 0.0771484 0.984766 0.0776367 0.983594 0.0776367 0.983203 0.078125 0.982812 0.078125 0.982422 0.0786133 0.982031 0.0786133 0.980078 0.0810547 0.979688 0.0810547 0.979297 0.081543 0.978906 0.081543 0.978516 0.0820312 0.978125 0.0820312 0.977344 0.0830078 0.976953 0.0830078 0.976562 0.0834961 0.976172 0.0834961 0.975781 0.0839844 0.975391 0.0839844 0.975 0.0844727 0.974609 0.0844727 0.972266 0.0874023 0.971875 0.0874023 0.970703 0.0888672 0.970313 0.0888672 0.969141 0.090332 0.96875 0.090332 0.966797 0.0927734 0.966797 0.0932617 0.966016 0.0942383 0.966016 0.097168 0.966406 0.0976562 0.966406 0.0991211 0.966797 0.0996094 0.966797 0.100098 0.967969 0.101562 0.967969 0.102051 0.96875 0.103027 0.96875 0.103516 0.969141 0.104004 0.969141 0.104492 0.969531 0.10498 0.969531 0.105957 0.970703 0.107422 0.974609 0.107422 0.975 0.106934 0.975391 0.106934 0.978516 0.103027 0.978906 0.103027 0.979688 0.102051 0.980078 0.102051 0.98125 0.100586 0.981641 0.100586 0.983594 0.0981445 0.983984 0.0981445 0.985547 0.0961914 0.985938 0.0961914 0.986328 0.0957031 0.986328 0.0952148 0.9875 0.09375 0.9875 0.0932617 0.987891 0.0927734 0.987891 0.0922852 0.988281 0.0917969 0.988281 0.0913086 0.988672 0.0908203 0.988672 0.0898438 0.989062 0.0893555 0.989062 0.0878906 0.989453 0.0874023 0.989453 0.0869141 0.989844 0.0864258 0.989844 0.0800781
2 0.960156 0.0551758 0.958984 0.0537109 0.955469 0.0537109 0.955078 0.0541992 0.953906 0.0541992 0.953516 0.0546875 0.953125 0.0546875 0.952734 0.0551758 0.952344 0.0551758 0.951562 0.0561523 0.951172 0.0561523 0.950781 0.0566406 0.950391 0.0566406 0.95 0.0571289 0.949219 0.0571289 0.948828 0.0576172 0.948047 0.0576172 0.947656 0.0581055 0.946875 0.0581055 0.946484 0.0585938 0.946094 0.0585938 0.945703 0.059082 0.945312 0.059082 0.944922 0.0595703 0.944141 0.0595703 0.94375 0.0600586 0.943359 0.0600586 0.942969 0.0605469 0.942578 0.0605469 0.942187 0.0610352 0.941797 0.0610352 0.941406 0.0615234 0.941016 0.0615234 0.940625 0.0620117 0.940234 0.0620117 0.939844 0.0625 0.939453 0.0625 0.939063 0.0629883 0.938672 0.0629883 0.936719 0.0654297 0.936719 0.065918 0.936328 0.0664062 0.936328 0.0668945 0.935937 0.0673828 0.935937 0.0688477 0.935547 0.0693359 0.935547 0.0717773 0.935937 0.0722656 0.935937 0.0727539 0.936719 0.0737305 0.937109 0.0737305 0.937891 0.074707 0.941016 0.074707 0.941406 0.0742188 0.942187 0.0742188 0.942578 0.0737305 0.942969 0.0737305 0.943359 0.0732422 0.944141 0.0732422 0.944531 0.0727539 0.945312 0.0727539 0.945703 0.0722656 0.946875 0.0722656 0.947266 0.0717773 0.951953 0.0717773 0.952344 0.0712891 0.953125 0.0712891 0.953516 0.0708008 0.954297 0.0708008 0.954688 0.0703125 0.955078 0.0703125 0.955469 0.0698242 0.955859 0.0698242 0.958594 0.0664062 0.958594 0.065918 0.960156 0.0639648 0.960156 0.0634766 0.960547 0.0629883 0.960547 0.0625 0.960938 0.0620117 0.960938 0.0615234 0.961328 0.0610352 0.961328 0.0600586 0.960938 0.0595703 0.960938 0.0576172 0.960547 0.0571289 0.960547 0.0561523 0.960156 0.0556641
2 0.900781 0.0302734 0.896094 0.0302734 0.895703 0.0307617 0.894922 0.0307617 0.894531 0.03125 0.89375 0.03125 0.893359 0.0317383 0.892969 0.0317383 0.892578 0.0322266 0.892188 0.0322266 0.891016 0.0336914 0.891016 0.0341797 0.889844 0.0356445 0.889844 0.0361328 0.889453 0.0366211 0.889453 0.0375977 0.889062 0.0380859 0.889062 0.043457 0.889453 0.0439453 0.889453 0.0454102 0.889844 0.0458984 0.889844 0.0473633 0.890234 0.0478516 0.890234 0.0498047 0.890625 0.050293 0.890625 0.0517578 0.891016 0.0522461 0.891016 0.0527344 0.891406 0.0532227 0.891406 0.0541992 0.891797 0.0546875 0.891797 0.0551758 0.893359 0.0571289 0.89375 0.0571289 0.894531 0.0581055 0.894922 0.0581055 0.895312 0.0585938 0.896094 0.0585938 0.896484 0.059082 0.898047 0.059082 0.898438 0.0585938 0.9 0.0585938 0.901172 0.0571289 0.901172 0.0566406 0.901563 0.0561523 0.901563 0.0551758 0.901953 0.0546875 0.901953 0.0537109 0.902344 0.0532227 0.902344 0.0522461 0.902734 0.0517578 0.902734 0.0493164 0.903125 0.0488281 0.903125 0.0463867 0.903516 0.0458984 0.903516 0.0444336 0.903906 0.0439453 0.903906 0.0429688 0.904297 0.0424805 0.904297 0.0415039 0.904687 0.0410156 0.904687 0.0395508 0.905078 0.0390625 0.905078 0.0351562 0.904687 0.034668 0.904687 0.0341797 0.903906 0.0332031 0.903906 0.0327148 0.903516 0.0322266 0.903125 0.0322266 0.902344 0.03125 0.901953 0.03125 0.901563 0.0307617 0.901172 0.0307617
2 0.786328 0.0424805 0.785937 0.0429688 0.785156 0.0429688 0.784766 0.043457 0.783984 0.043457 0.783594 0.0439453 0.783203 0.0439453 0.782813 0.0444336 0.782422 0.0444336 0.78125 0.0458984 0.78125 0.0463867 0.780859 0.046875 0.780859 0.0478516 0.780469 0.0483398 0.780469 0.0493164 0.780078 0.0498047 0.780078 0.0527344 0.780469 0.0532227 0.780469 0.0546875 0.780859 0.0551758 0.780859 0.0571289 0.78125 0.0576172 0.78125 0.0585938 0.781641 0.059082 0.781641 0.0605469 0.782031 0.0610352 0.782031 0.0634766 0.782422 0.0639648 0.782422 0.0703125 0.782813 0.0708008 0.782813 0.0737305 0.783203 0.0742188 0.783203 0.0756836 0.783594 0.0761719 0.783594 0.0771484 0.785156 0.0791016 0.785547 0.0791016 0.785937 0.0795898 0.786328 0.0795898 0.786719 0.0800781 0.791797 0.0800781 0.792578 0.0791016 0.792969 0.0791016 0.794141 0.0776367 0.794531 0.0776367 0.794922 0.0771484 0.794922 0.0766602 0.795703 0.0756836 0.795703 0.074707 0.796094 0.0742188 0.796094 0.0732422 0.796484 0.0727539 0.796484 0.0717773 0.796875 0.0712891 0.796875 0.0683594 0.797266 0.0678711 0.797266 0.0595703 0.796875 0.059082 0.796875 0.0556641 0.796484 0.0551758 0.796484 0.0546875 0.796094 0.0541992 0.796094 0.0537109 0.795703 0.0532227 0.795703 0.0527344 0.791797 0.0478516 0.791797 0.0473633 0.789062 0.0439453 0.788672 0.0439453 0.787891 0.0429688 0.7875 0.0429688 0.787109 0.0424805
2 0.876172 0.10791 0.874609 0.10791 0.874219 0.107422 0.873047 0.107422 0.872656 0.10791 0.872266 0.10791 0.871875 0.108398 0.871484 0.108398 0.870313 0.109863 0.870313 0.110352 0.869141 0.111816 0.869141 0.112305 0.868359 0.113281 0.868359 0.11377 0.867969 0.114258 0.867969 0.114746 0.867578 0.115234 0.867578 0.115723 0.866797 0.116699 0.866797 0.117188 0.865625 0.118652 0.865625 0.119141 0.865234 0.119629 0.865234 0.120117 0.864844 0.120605 0.864844 0.12207 0.864453 0.122559 0.864453 0.127441 0.864844 0.12793 0.864844 0.129395 0.865234 0.129883 0.865234 0.130371 0.866406 0.131836 0.866797 0.131836 0.867188 0.132324 0.867578 0.132324 0.867969 0.132812 0.86875 0.132812 0.869141 0.133301 0.869922 0.133301 0.870313 0.132812 0.872656 0.132812 0.873047 0.132324 0.873828 0.132324 0.874219 0.131836 0.874609 0.131836 0.875 0.131348 0.875781 0.131348 0.876172 0.130859 0.876563 0.130859 0.876953 0.130371 0.877344 0.130371 0.878125 0.129395 0.878516 0.129395 0.880859 0.126465 0.88125 0.126465 0.88125 0.125977 0.882422 0.124512 0.882422 0.124023 0.882812 0.123535 0.882812 0.123047 0.883594 0.12207 0.883594 0.121582 0.883984 0.121094 0.883984 0.120605 0.884375 0.120117 0.884375 0.118164 0.883984 0.117676 0.883984 0.116699 0.883594 0.116211 0.883594 0.115234 0.881641 0.112793 0.88125 0.112793 0.880469 0.111816 0.880078 0.111816 0.877734 0.108887 0.877344 0.108887 0.876953 0.108398 0.876563 0.108398
2 0.822656 0.371094 0.822266 0.370605 0.822266 0.370117 0.819922 0.367188 0.819531 0.367188 0.818359 0.365723 0.817969 0.365723 0.817578 0.365234 0.816797 0.365234 0.816406 0.364746 0.816016 0.364746 0.815625 0.364258 0.813281 0.364258 0.812891 0.364746 0.811719 0.364746 0.811328 0.365234 0.809766 0.365234 0.809375 0.365723 0.807813 0.365723 0.807422 0.366211 0.805859 0.366211 0.805469 0.366699 0.803906 0.366699 0.803516 0.367188 0.802734 0.367188 0.802344 0.367676 0.801562 0.367676 0.801172 0.368164 0.800391 0.368164 0.8 0.368652 0.799609 0.368652 0.799219 0.369141 0.798438 0.369141 0.798047 0.369629 0.797656 0.369629 0.796484 0.371094 0.796484 0.371582 0.795703 0.372559 0.795703 0.374023 0.796094 0.374512 0.796094 0.375 0.796484 0.375488 0.796484 0.375977 0.796875 0.376465 0.796875 0.376953 0.797266 0.377441 0.797266 0.383301 0.798047 0.384277 0.798438 0.384277 0.798828 0.384766 0.805859 0.384766 0.80625 0.384277 0.808984 0.384277 0.809375 0.383789 0.810937 0.383789 0.811328 0.383301 0.8125 0.383301 0.812891 0.382812 0.813672 0.382812 0.814063 0.382324 0.814844 0.382324 0.815234 0.381836 0.815625 0.381836 0.816016 0.381348 0.816406 0.381348 0.816797 0.380859 0.817187 0.380859 0.817578 0.380371 0.817969 0.380371 0.818359 0.379883 0.81875 0.379883 0.819922 0.378418 0.820312 0.378418 0.821875 0.376465 0.821875 0.375977 0.823047 0.374512 0.823047 0.372559 0.822656 0.37207
2 0.319531 0.709961 0.319531 0.710449 0.319141 0.710938 0.319141 0.711914 0.319531 0.712402 0.319531 0.715332 0.319922 0.71582 0.319922 0.716309 0.320312 0.716797 0.320312 0.717285 0.321484 0.71875 0.321484 0.719238 0.322266 0.720215 0.322266 0.720703 0.323828 0.722656 0.323828 0.723145 0.324609 0.724121 0.324609 0.724609 0.325391 0.725586 0.325391 0.726074 0.325781 0.726074 0.326562 0.727051 0.326953 0.727051 0.327344 0.727539 0.327734 0.727539 0.328125 0.728027 0.328516 0.728027 0.328906 0.728516 0.329688 0.728516 0.330078 0.729004 0.335156 0.729004 0.335547 0.728516 0.337891 0.728516 0.338281 0.728027 0.338672 0.728027 0.339062 0.727539 0.339453 0.727539 0.339844 0.727051 0.339844 0.726562 0.340234 0.726074 0.340234 0.723633 0.339844 0.723145 0.339844 0.722168 0.339453 0.72168 0.339453 0.720703 0.333984 0.713867 0.333594 0.713867 0.333203 0.713379 0.332813 0.713379 0.332422 0.712891 0.332031 0.712891 0.331641 0.712402 0.33125 0.712402 0.330859 0.711914 0.326562 0.711914 0.326172 0.711426 0.325781 0.711426 0.324609 0.709961 0.324219 0.709961 0.323828 0.709473 0.323437 0.709473 0.323047 0.708984 0.321094 0.708984 0.320703 0.709473 0.320312 0.709473 0.319922 0.709961
2 0.311719 0.723145 0.310156 0.723145 0.309375 0.724121 0.309375 0.725098 0.308984 0.725586 0.308984 0.728027 0.309375 0.728516 0.309375 0.734375 0.309766 0.734863 0.309766 0.736328 0.309375 0.736816 0.309375 0.740723 0.308984 0.741211 0.308984 0.741699 0.308594 0.742188 0.308594 0.742676 0.306641 0.745117 0.306641 0.746094 0.307031 0.746582 0.307031 0.747559 0.307422 0.748047 0.307422 0.751465 0.307031 0.751953 0.307031 0.75293 0.306641 0.753418 0.306641 0.755859 0.307031 0.756348 0.311719 0.756348 0.312109 0.755859 0.312891 0.755859 0.313281 0.755371 0.314453 0.755371 0.314844 0.754883 0.315234 0.754883 0.315625 0.754395 0.316016 0.754395 0.316797 0.753418 0.317188 0.753418 0.317969 0.752441 0.317969 0.751953 0.31875 0.750977 0.31875 0.750488 0.319141 0.75 0.319141 0.749023 0.319531 0.748535 0.319531 0.748047 0.319922 0.747559 0.319922 0.74707 0.320312 0.746582 0.320312 0.746094 0.320703 0.745605 0.320703 0.735352 0.320312 0.734863 0.320312 0.733887 0.319922 0.733398 0.319922 0.732422 0.319531 0.731934 0.319531 0.731445 0.319141 0.730957 0.319141 0.730469 0.31875 0.72998 0.31875 0.729492 0.315625 0.725586 0.315234 0.725586 0.314844 0.725098 0.314453 0.725098 0.314063 0.724609 0.313672 0.724609 0.313281 0.724121 0.312891 0.724121 0.3125 0.723633 0.312109 0.723633
2 0.30625 0.743652 0.305469 0.743652 0.305078 0.743164 0.301953 0.743164 0.301563 0.743652 0.301172 0.743652 0.300781 0.744141 0.300391 0.744141 0.296875 0.748535 0.296875 0.749023 0.296094 0.75 0.296094 0.750488 0.294531 0.752441 0.294531 0.75293 0.294141 0.753418 0.294141 0.753906 0.29375 0.754395 0.29375 0.756348 0.293359 0.756836 0.293359 0.760742 0.29375 0.76123 0.29375 0.761719 0.294141 0.762207 0.294141 0.762695 0.294922 0.763672 0.295312 0.763672 0.295703 0.76416 0.296094 0.76416 0.296484 0.764648 0.296875 0.764648 0.297266 0.765137 0.298438 0.765137 0.298828 0.765625 0.299609 0.765625 0.3 0.765137 0.302344 0.765137 0.302734 0.764648 0.303125 0.764648 0.303906 0.763672 0.303906 0.763184 0.307031 0.759277 0.307031 0.758789 0.308203 0.757324 0.308203 0.756836 0.308984 0.755859 0.308984 0.754883 0.309375 0.754395 0.309375 0.753906 0.308984 0.753418 0.308984 0.752441 0.308594 0.751953 0.308594 0.751465 0.308203 0.750977 0.308203 0.749512 0.307812 0.749023 0.307812 0.746094 0.307422 0.745605 0.307422 0.744629 0.307031 0.744141 0.306641 0.744141
2 0.552734 0.817871 0.552344 0.817383 0.551953 0.817383 0.551562 0.816895 0.55 0.816895 0.549609 0.816406 0.548828 0.816406 0.548438 0.816895 0.546875 0.816895 0.546484 0.817383 0.545703 0.817383 0.545312 0.817871 0.544922 0.817871 0.544531 0.818359 0.544141 0.818359 0.543359 0.819336 0.542969 0.819336 0.542188 0.820312 0.541797 0.820312 0.541016 0.821289 0.540625 0.821289 0.538672 0.82373 0.538672 0.824219 0.536719 0.82666 0.536719 0.827148 0.536328 0.827637 0.536328 0.830078 0.535937 0.830566 0.535937 0.833008 0.536328 0.833496 0.536328 0.833984 0.536719 0.833984 0.537109 0.834473 0.5375 0.834473 0.537891 0.834961 0.538672 0.834961 0.539062 0.835449 0.539844 0.835449 0.540234 0.835938 0.542188 0.835938 0.542578 0.835449 0.544531 0.835449 0.544922 0.834961 0.545312 0.834961 0.545703 0.834473 0.546094 0.834473 0.546875 0.833496 0.547266 0.833496 0.548047 0.83252 0.548438 0.83252 0.549219 0.831543 0.549609 0.831543 0.55 0.831055 0.55 0.830566 0.551953 0.828125 0.551953 0.827637 0.552344 0.827148 0.552344 0.826172 0.552734 0.825684 0.552734 0.824707 0.553125 0.824219 0.553125 0.818848 0.552734 0.818359
2 0.536328 0.748535 0.536328 0.749023 0.535937 0.749512 0.535937 0.754395 0.536328 0.754883 0.536328 0.755859 0.536719 0.756348 0.536719 0.756836 0.5375 0.757812 0.5375 0.758301 0.538281 0.759277 0.538281 0.759766 0.539453 0.76123 0.539453 0.761719 0.539844 0.762207 0.539844 0.762695 0.540234 0.763184 0.540234 0.763672 0.541016 0.764648 0.541016 0.765137 0.541797 0.766113 0.542188 0.766113 0.544141 0.768555 0.544531 0.768555 0.544922 0.769043 0.545703 0.769043 0.546094 0.769531 0.546875 0.769531 0.547266 0.77002 0.548828 0.77002 0.549219 0.770508 0.550391 0.770508 0.550781 0.770996 0.552734 0.770996 0.553125 0.771484 0.553516 0.771484 0.553906 0.770996 0.55625 0.770996 0.557422 0.769531 0.557422 0.769043 0.557813 0.768555 0.557813 0.768066 0.558594 0.76709 0.558594 0.766602 0.559375 0.765625 0.559375 0.765137 0.560547 0.763672 0.560547 0.763184 0.561328 0.762207 0.561328 0.761719 0.561719 0.76123 0.561719 0.760742 0.562109 0.760254 0.562109 0.758789 0.561719 0.758301 0.561719 0.757812 0.561328 0.757324 0.561328 0.756836 0.559766 0.754883 0.559375 0.754883 0.558594 0.753906 0.558203 0.753906 0.557813 0.753418 0.557422 0.753418 0.557031 0.75293 0.556641 0.75293 0.55625 0.752441 0.555859 0.752441 0.555469 0.751953 0.555078 0.751953 0.554688 0.751465 0.554297 0.751465 0.553906 0.750977 0.553516 0.750977 0.552734 0.75 0.552344 0.75 0.551953 0.749512 0.551562 0.749512 0.551172 0.749023 0.550781 0.749023 0.550391 0.748535 0.55 0.748535 0.549609 0.748047 0.549219 0.748047 0.548828 0.747559 0.547656 0.747559 0.547266 0.74707 0.545312 0.74707 0.544922 0.746582 0.538672 0.746582 0.538281 0.74707 0.5375 0.74707
2 0.688672 0.683105 0.687891 0.684082 0.6875 0.684082 0.686719 0.685059 0.686328 0.685059 0.685547 0.686035 0.685547 0.686523 0.683594 0.688965 0.683594 0.689453 0.682813 0.69043 0.682813 0.690918 0.682422 0.691406 0.682422 0.691895 0.682031 0.692383 0.682031 0.692871 0.681641 0.693359 0.681641 0.694336 0.68125 0.694824 0.68125 0.698242 0.681641 0.69873 0.681641 0.699707 0.682031 0.700195 0.682031 0.700684 0.682422 0.701172 0.682422 0.70166 0.683594 0.703125 0.683984 0.703125 0.684766 0.704102 0.685156 0.704102 0.685547 0.70459 0.685937 0.70459 0.686719 0.705566 0.687109 0.705566 0.687891 0.706543 0.688281 0.706543 0.688672 0.707031 0.692969 0.707031 0.693359 0.706543 0.694141 0.706543 0.694922 0.705566 0.694922 0.705078 0.695703 0.704102 0.695703 0.703613 0.696484 0.702637 0.696484 0.702148 0.697266 0.701172 0.697266 0.700684 0.698047 0.699707 0.698047 0.699219 0.698438 0.69873 0.698438 0.698242 0.698828 0.697754 0.698828 0.694336 0.698438 0.693848 0.698438 0.693359 0.697656 0.692383 0.697656 0.691895 0.696875 0.690918 0.696875 0.69043 0.695703 0.688965 0.695703 0.688477 0.694922 0.6875 0.694922 0.687012 0.694141 0.686035 0.694141 0.685547 0.692969 0.684082 0.692187 0.684082 0.691797 0.683594 0.691016 0.683594 0.690625 0.683105
2 0.386328 0.830078 0.386328 0.831543 0.385937 0.832031 0.385937 0.837402 0.386328 0.837891 0.386328 0.838867 0.386719 0.839355 0.386719 0.839844 0.387109 0.840332 0.387109 0.84082 0.3875 0.841309 0.3875 0.841797 0.387891 0.842285 0.387891 0.842773 0.388672 0.84375 0.388672 0.844238 0.389062 0.844727 0.389062 0.845703 0.389453 0.846191 0.389453 0.847168 0.389844 0.847656 0.389844 0.848633 0.390234 0.849121 0.390234 0.849609 0.391016 0.850586 0.391406 0.850586 0.391797 0.851074 0.396094 0.851074 0.396484 0.850586 0.399219 0.850586 0.399609 0.850098 0.402734 0.850098 0.403125 0.849609 0.405469 0.849609 0.405859 0.849121 0.407422 0.849121 0.407813 0.848633 0.408594 0.848633 0.408984 0.848145 0.409375 0.848145 0.410156 0.847168 0.410547 0.847168 0.410938 0.84668 0.411328 0.84668 0.411719 0.846191 0.4125 0.846191 0.413281 0.845215 0.413672 0.845215 0.414062 0.844727 0.414453 0.844727 0.415234 0.84375 0.415625 0.84375 0.415625 0.843262 0.416016 0.842773 0.416016 0.840332 0.415625 0.839844 0.415625 0.838867 0.415234 0.838379 0.415234 0.837402 0.414844 0.836914 0.414844 0.83252 0.414453 0.832031 0.414453 0.830566 0.414062 0.830078 0.414062 0.82959 0.413672 0.829102 0.413672 0.828613 0.412891 0.827637 0.412109 0.827637 0.411719 0.827148 0.407813 0.827148 0.407422 0.82666 0.404297 0.82666 0.403906 0.826172 0.397656 0.826172 0.397266 0.825684 0.395313 0.825684 0.394922 0.826172 0.392188 0.826172 0.391797 0.82666 0.390625 0.82666 0.390234 0.827148 0.389062 0.827148 0.388672 0.827637 0.387891 0.827637 0.3875 0.828125 0.387109 0.828125 0.387109 0.828613 0.386719 0.829102 0.386719 0.82959
2 0.958203 0.677734 0.958203 0.678223 0.957422 0.679199 0.957422 0.679688 0.956641 0.680664 0.956641 0.681152 0.95625 0.681641 0.95625 0.682129 0.955859 0.682617 0.955859 0.683105 0.955469 0.683594 0.955469 0.684082 0.955078 0.68457 0.955078 0.685059 0.954688 0.685547 0.954688 0.688965 0.955078 0.689453 0.955078 0.690918 0.955469 0.691406 0.955469 0.691895 0.955859 0.692383 0.95625 0.692383 0.957422 0.693848 0.957812 0.693848 0.958203 0.694336 0.958594 0.694336 0.958984 0.694824 0.959375 0.694824 0.959766 0.695312 0.960156 0.695312 0.960547 0.695801 0.961328 0.695801 0.961719 0.696289 0.962109 0.696289 0.9625 0.696777 0.962891 0.696777 0.963281 0.697266 0.964063 0.697266 0.964453 0.697754 0.964844 0.697754 0.965234 0.698242 0.965625 0.698242 0.966016 0.69873 0.966406 0.69873 0.966797 0.699219 0.968359 0.699219 0.96875 0.699707 0.974609 0.699707 0.975 0.699219 0.975391 0.699219 0.975781 0.69873 0.976172 0.69873 0.977734 0.696777 0.977734 0.696289 0.978125 0.695801 0.978125 0.69043 0.978516 0.689941 0.978516 0.686035 0.975 0.681641 0.974609 0.681641 0.973828 0.680664 0.973437 0.680664 0.973047 0.680176 0.972656 0.680176 0.972266 0.679688 0.971875 0.679688 0.971094 0.678711 0.970313 0.678711 0.969922 0.678223 0.969141 0.678223 0.96875 0.677734 0.967969 0.677734 0.967578 0.677246 0.966406 0.677246 0.966016 0.676758 0.964844 0.676758 0.964453 0.67627 0.960156 0.67627 0.959766 0.676758 0.958984 0.676758
2 0.703906 0.553223 0.703906 0.556152 0.704297 0.556641 0.704297 0.557129 0.704688 0.557617 0.704688 0.558105 0.705078 0.558594 0.705078 0.559082 0.70625 0.560547 0.706641 0.560547 0.707422 0.561523 0.707812 0.561523 0.708203 0.562012 0.708984 0.562012 0.709375 0.5625 0.710938 0.5625 0.711328 0.562988 0.713281 0.562988 0.713672 0.563477 0.721484 0.563477 0.721875 0.562988 0.724609 0.562988 0.725 0.5625 0.726172 0.5625 0.726562 0.562012 0.727734 0.562012 0.728125 0.561523 0.729688 0.561523 0.730078 0.561035 0.731641 0.561035 0.732031 0.560547 0.733594 0.560547 0.733984 0.560059 0.734766 0.560059 0.735156 0.55957 0.735547 0.55957 0.736328 0.558594 0.736328 0.553223 0.735938 0.552734 0.735938 0.551758 0.735547 0.55127 0.735547 0.550781 0.735156 0.550293 0.735156 0.549805 0.734766 0.549316 0.734766 0.548828 0.734375 0.54834 0.734375 0.547852 0.733984 0.547363 0.733984 0.546875 0.733594 0.546387 0.733594 0.545898 0.733203 0.54541 0.733203 0.544922 0.732812 0.544922 0.732422 0.544434 0.732031 0.544434 0.731641 0.543945 0.729688 0.543945 0.729297 0.543457 0.716406 0.543457 0.716016 0.543945 0.714063 0.543945 0.713672 0.544434 0.7125 0.544434 0.712109 0.544922 0.711719 0.544922 0.710938 0.545898 0.710547 0.545898 0.710156 0.546387 0.709766 0.546387 0.709375 0.546875 0.708984 0.546875 0.708594 0.547363 0.708203 0.547363 0.707422 0.54834 0.707031 0.54834 0.705859 0.549805 0.705469 0.549805 0.705469 0.550293 0.704688 0.55127 0.704688 0.551758 0.704297 0.552246 0.704297 0.552734
2 0.865234 0.558594 0.865234 0.559082 0.864844 0.55957 0.864844 0.561035 0.865234 0.561523 0.865234 0.564453 0.865625 0.564941 0.865625 0.56543 0.871484 0.572754 0.871484 0.573242 0.871875 0.57373 0.871875 0.574219 0.872656 0.575195 0.872656 0.575684 0.874219 0.577637 0.874219 0.578125 0.875 0.579102 0.875 0.57959 0.875391 0.580078 0.875391 0.580566 0.876563 0.582031 0.876563 0.58252 0.876953 0.58252 0.877344 0.583008 0.877734 0.583008 0.878125 0.583496 0.879297 0.583496 0.879687 0.583984 0.880859 0.583984 0.88125 0.583496 0.881641 0.583496 0.882031 0.583008 0.882422 0.583008 0.883594 0.581543 0.883984 0.581543 0.884766 0.580566 0.885156 0.580566 0.886328 0.579102 0.886328 0.574219 0.885938 0.57373 0.885938 0.572754 0.884766 0.571289 0.884766 0.570801 0.883203 0.568848 0.883203 0.568359 0.879297 0.563477 0.878906 0.563477 0.877734 0.562012 0.877344 0.562012 0.876563 0.561035 0.876172 0.561035 0.874609 0.559082 0.874219 0.559082 0.873437 0.558105 0.873047 0.558105 0.872656 0.557617 0.872266 0.557617 0.871875 0.557129 0.871094 0.557129 0.870703 0.556641 0.870313 0.556641 0.869922 0.556152 0.868359 0.556152 0.867969 0.556641 0.867578 0.556641 0.867188 0.557129 0.866797 0.557129 0.866016 0.558105 0.865625 0.558105
2 0.805469 0.625 0.803516 0.622559 0.802734 0.622559 0.802344 0.62207 0.801953 0.62207 0.801562 0.622559 0.799609 0.622559 0.799219 0.623047 0.797266 0.623047 0.796875 0.623535 0.795312 0.623535 0.794922 0.624023 0.794141 0.624023 0.793359 0.625 0.792969 0.625 0.792578 0.625488 0.792188 0.625488 0.791797 0.625977 0.791406 0.625977 0.791016 0.626465 0.790625 0.626465 0.790234 0.626953 0.789844 0.626953 0.787891 0.629395 0.7875 0.629395 0.786719 0.630371 0.786719 0.630859 0.786328 0.631348 0.786328 0.631836 0.785937 0.632324 0.785937 0.632812 0.785547 0.633301 0.785547 0.634766 0.785156 0.635254 0.785156 0.638672 0.785547 0.63916 0.785547 0.639648 0.786328 0.640625 0.786328 0.641113 0.786719 0.641113 0.787109 0.641602 0.792578 0.641602 0.792969 0.641113 0.794922 0.641113 0.795312 0.640625 0.796094 0.640625 0.796484 0.640137 0.797266 0.640137 0.797656 0.639648 0.798047 0.639648 0.798438 0.63916 0.799219 0.63916 0.799609 0.638672 0.8 0.638672 0.800781 0.637695 0.801172 0.637695 0.801953 0.636719 0.802344 0.636719 0.802734 0.63623 0.803125 0.63623 0.803906 0.635254 0.804297 0.635254 0.804297 0.634766 0.805078 0.633789 0.805078 0.632812 0.805469 0.632324 0.805469 0.631348 0.805859 0.630859 0.805859 0.629395 0.80625 0.628906 0.80625 0.626953 0.805859 0.626465 0.805859 0.625977 0.805469 0.625488
2 0.580469 0.539062 0.580078 0.539551 0.580078 0.542969 0.580469 0.543457 0.580469 0.544922 0.580859 0.54541 0.580859 0.546387 0.58125 0.546875 0.58125 0.547363 0.581641 0.547852 0.581641 0.548828 0.582031 0.549316 0.582031 0.550293 0.582812 0.55127 0.582812 0.551758 0.584766 0.554199 0.584766 0.554688 0.585938 0.556152 0.585938 0.556641 0.586719 0.557617 0.586719 0.558105 0.5875 0.559082 0.5875 0.55957 0.588672 0.561035 0.589063 0.561035 0.590625 0.562988 0.591016 0.562988 0.594922 0.567871 0.596875 0.567871 0.598828 0.56543 0.598828 0.564941 0.599219 0.564453 0.599219 0.563965 0.602344 0.560059 0.602734 0.560059 0.602734 0.55957 0.603516 0.558594 0.603516 0.557617 0.603906 0.557129 0.603906 0.556152 0.604297 0.555664 0.604297 0.552734 0.604688 0.552246 0.604688 0.550293 0.60625 0.54834 0.606641 0.54834 0.607031 0.547852 0.607422 0.547852 0.607812 0.547363 0.608203 0.547363 0.608594 0.546875 0.608984 0.546875 0.610156 0.54541 0.610156 0.54248 0.609766 0.541992 0.609766 0.541504 0.608984 0.540527 0.608984 0.540039 0.608594 0.540039 0.608203 0.539551 0.607812 0.539551 0.607422 0.539062 0.606641 0.539062 0.60625 0.538574 0.605078 0.538574 0.604688 0.538086 0.600781 0.538086 0.600391 0.537598 0.599609 0.537598 0.599219 0.538086 0.589453 0.538086 0.589063 0.537598 0.585156 0.537598 0.584766 0.538086 0.582422 0.538086 0.582031 0.538574 0.58125 0.538574 0.580859 0.539062
2 0.126172 0.59375 0.126172 0.59668 0.125781 0.597168 0.125781 0.598145 0.126172 0.598633 0.126172 0.599609 0.126562 0.600098 0.126562 0.600586 0.126953 0.601074 0.126953 0.601562 0.127734 0.602539 0.127734 0.603027 0.128516 0.604004 0.128516 0.604492 0.129688 0.605957 0.129688 0.606445 0.130469 0.607422 0.130469 0.60791 0.133594 0.611816 0.133984 0.611816 0.135547 0.61377 0.135937 0.61377 0.136719 0.614746 0.137109 0.614746 0.137891 0.615723 0.138281 0.615723 0.138672 0.616211 0.139063 0.616211 0.139453 0.616699 0.140234 0.616699 0.140625 0.617188 0.141406 0.617188 0.141797 0.617676 0.143359 0.617676 0.14375 0.617188 0.144531 0.617188 0.144922 0.616699 0.145313 0.616699 0.145703 0.616211 0.146094 0.616211 0.147266 0.614746 0.147266 0.614258 0.147656 0.61377 0.147656 0.608887 0.147266 0.608398 0.147266 0.607422 0.146875 0.606934 0.146875 0.606445 0.145703 0.60498 0.145703 0.604492 0.145313 0.604004 0.145313 0.603516 0.144922 0.603027 0.144922 0.602539 0.144141 0.601562 0.144141 0.601074 0.142969 0.599609 0.142969 0.599121 0.141797 0.597656 0.141406 0.597656 0.140234 0.596191 0.139844 0.596191 0.139063 0.595215 0.138672 0.595215 0.138281 0.594727 0.137891 0.594727 0.1375 0.594238 0.137109 0.594238 0.136719 0.59375 0.136328 0.59375 0.135937 0.593262 0.135156 0.593262 0.134766 0.592773 0.133594 0.592773 0.133203 0.592285 0.127734 0.592285 0.127344 0.592773 0.126953 0.592773
2 0.244531 0.554688 0.244531 0.555176 0.244141 0.555664 0.244141 0.557617 0.24375 0.558105 0.24375 0.559082 0.244141 0.55957 0.244141 0.560547 0.244531 0.561035 0.244531 0.561523 0.245312 0.5625 0.245312 0.562988 0.246094 0.563965 0.246094 0.564453 0.247266 0.565918 0.247266 0.566406 0.248438 0.567871 0.248828 0.567871 0.25 0.569336 0.25 0.569824 0.250781 0.570801 0.251172 0.570801 0.251563 0.571289 0.251953 0.571289 0.252344 0.571777 0.253125 0.571777 0.253516 0.572266 0.254688 0.572266 0.255078 0.572754 0.258203 0.572754 0.258594 0.573242 0.261719 0.573242 0.262109 0.57373 0.263672 0.57373 0.264062 0.573242 0.264453 0.573242 0.264844 0.572754 0.264844 0.571777 0.265234 0.571289 0.265234 0.570312 0.265625 0.569824 0.265625 0.568359 0.265234 0.567871 0.265234 0.56543 0.264844 0.564941 0.264844 0.563965 0.263281 0.562012 0.262891 0.562012 0.261719 0.560547 0.261328 0.560547 0.259375 0.558105 0.258984 0.558105 0.258594 0.557617 0.258203 0.557617 0.257422 0.556641 0.257031 0.556641 0.256641 0.556152 0.25625 0.556152 0.255859 0.555664 0.255469 0.555664 0.255078 0.555176 0.253906 0.555176 0.253516 0.554688 0.252344 0.554688 0.251953 0.554199 0.250781 0.554199 0.250391 0.553711 0.246094 0.553711 0.245703 0.554199 0.245312 0.554199 0.244922 0.554688
