0 0.232813 0.388672 0.232813 0.402344 0.239453 0.414062 0.250781 0.42334 0.254688 0.422363 0.257031 0.416504 0.244922 0.398438 0.244922 0.393555 0.2375 0.388184
1 0.310156 0.510742 0.300391 0.507812 0.290625 0.508301 0.273828 0.519043 0.273438 0.521484 0.278516 0.524414 0.290625 0.523926 0.308203 0.516113
1 0.196094 0.480957 0.198437 0.486816 0.207031 0.492188 0.225391 0.491699 0.226172 0.489258 0.224219 0.483398 0.211719 0.478027 0.203125 0.477539
1 0.198828 0.453125 0.192578 0.45459 0.180469 0.466797 0.173828 0.481445 0.173047 0.486328 0.174219 0.48877 0.178516 0.490234 0.1875 0.481934 0.199609 0.45752
1 0.142187 0.498047 0.139063 0.503906 0.140234 0.513672 0.151172 0.529785 0.155078 0.520508 0.154297 0.513672 0.147656 0.500488
1 0.298438 0.396484 0.294141 0.397461 0.282422 0.410156 0.278516 0.420898 0.279297 0.432617 0.283984 0.433105 0.291797 0.42041
1 0.285156 0.353027 0.285156 0.355469 0.288672 0.359375 0.303906 0.370117 0.310937 0.370605 0.313672 0.368652 0.313672 0.364746 0.310156 0.358887 0.299609 0.349121 0.29375 0.348633
1 0.202734 0.316895 0.196875 0.316406 0.193359 0.319336 0.191016 0.32666 0.191406 0.334473 0.192969 0.336914 0.198047 0.336426 0.201953 0.330078 0.203516 0.322754
1 0.515625 0.318848 0.511328 0.31543 0.499219 0.314453 0.4875 0.318848 0.479297 0.318848 0.478125 0.320801 0.482422 0.325684 0.499219 0.32959 0.513672 0.324707
1 0.429688 0.32959 0.433203 0.333496 0.439453 0.333496 0.453125 0.325684 0.453125 0.323242 0.450391 0.320801 0.439063 0.318848 0.431641 0.322754
1 0.351953 0.622559 0.344922 0.620117 0.333594 0.626953 0.319141 0.642578 0.31875 0.646484 0.333984 0.643555 0.342969 0.63916 0.351953 0.628418
0 0.301563 0.561523 0.297266 0.56543 0.294531 0.580566 0.3 0.598633 0.306641 0.606445 0.308203 0.603027 0.308984 0.577148 0.30625 0.566406
1 0.412891 0.475098 0.407031 0.480469 0.402344 0.495605 0.403516 0.513672 0.407813 0.518555 0.412109 0.515625 0.414453 0.501465
1 0.325391 0.467285 0.325 0.472168 0.326953 0.475586 0.336719 0.484863 0.349609 0.487793 0.354297 0.486328 0.357422 0.482422 0.355078 0.475586 0.347266 0.471191
1 0.305078 0.455566 0.303906 0.462891 0.305859 0.477051 0.312891 0.488281 0.320703 0.48877 0.322656 0.48584 0.322266 0.481934 0.316016 0.464355 0.310156 0.456543
1 0.241797 0.671875 0.236328 0.67041 0.223828 0.674805 0.219141 0.681152 0.218359 0.688477 0.220703 0.690918 0.223828 0.690918 0.233984 0.686523 0.2375 0.682617
1 0.178906 0.654785 0.176563 0.655273 0.171094 0.662109 0.165625 0.677246 0.164844 0.692871 0.168359 0.697754 0.172656 0.696777 0.178516 0.685059 0.180859 0.65625
1 0.141016 0.617188 0.140625 0.623047 0.146484 0.632812 0.160156 0.637695 0.165625 0.63623 0.166016 0.631836 0.155859 0.62207 0.145703 0.616211
1 0.175 0.55957 0.145313 0.560547 0.136328 0.5625 0.135156 0.56543 0.138672 0.571289 0.155469 0.574707 0.173828 0.564941
1 0.166016 0.810059 0.169141 0.814453 0.182812 0.816895 0.200781 0.80957 0.202344 0.805664 0.201563 0.803711 0.180859 0.80127 0.169531 0.804688
1 0.216797 0.821777 0.212109 0.821777 0.201953 0.833008 0.196484 0.851562 0.197656 0.856445 0.201953 0.855957 0.213281 0.84082 0.217969 0.828613
1 0.236719 0.833008 0.232422 0.837402 0.224609 0.853027 0.222656 0.863281 0.223828 0.872559 0.229687 0.870605 0.2375 0.858398 0.239063 0.841309
1 0.178906 0.900391 0.179688 0.906738 0.200781 0.923828 0.204297 0.921387 0.202344 0.911133 0.192578 0.899902 0.183984 0.896973
1 0.149219 0.844727 0.145313 0.851562 0.144141 0.867188 0.146094 0.874023 0.151172 0.879883 0.153516 0.878906 0.157031 0.872559 0.157031 0.864746 0.155078 0.851562 0.151172 0.844727
1 0.23125 0.880859 0.227344 0.883789 0.226562 0.893555 0.231641 0.90918 0.234375 0.910156 0.238281 0.906738 0.239453 0.891602 0.237109 0.885742
1 0.229297 0.969727 0.230469 0.976074 0.236328 0.977051 0.240234 0.980957 0.261719 0.98291 0.263672 0.980469 0.257422 0.973633 0.245703 0.967285 0.235937 0.968262 0.232422 0.966797
1 0.230859 0.92041 0.230859 0.92627 0.234375 0.931152 0.239063 0.933105 0.246094 0.931152 0.245703 0.924805 0.240234 0.918945 0.235547 0.917969
1 0.335938 0.871582 0.337109 0.877441 0.340625 0.881348 0.350391 0.881836 0.357812 0.877441 0.364844 0.875977 0.367578 0.873047 0.366797 0.870117 0.351562 0.863281 0.338281 0.868164
1 0.3625 0.759766 0.361328 0.764648 0.365625 0.773438 0.380078 0.787598 0.385156 0.790039 0.385547 0.782715 0.378906 0.768066 0.36875 0.759766
1 0.416406 0.691895 0.401172 0.701172 0.390234 0.724121 0.391406 0.728516 0.398438 0.726074 0.408203 0.715332 0.418359 0.697266
1 0.426953 0.782227 0.426563 0.790039 0.430469 0.802246 0.439063 0.811523 0.451172 0.817383 0.451953 0.812012 0.443359 0.794434 0.432812 0.782715
1 0.412891 0.807617 0.412109 0.812988 0.415625 0.821289 0.419531 0.82373 0.428516 0.821777 0.429297 0.816895 0.425391 0.810547 0.419922 0.806641
1 0.471484 0.724609 0.472266 0.73291 0.479297 0.739746 0.500781 0.74707 0.504687 0.746094 0.502734 0.739258 0.492188 0.729492 0.475781 0.723633
1 0.162891 0.976562 0.157422 0.976562 0.153125 0.981934 0.148438 1 0.160547 1 0.164062 0.983398
1 0.536328 0.856445 0.536719 0.862793 0.547656 0.868164 0.567578 0.870117 0.569531 0.867676 0.565625 0.861328 0.553125 0.853027 0.541406 0.853027
1 0.606641 0.941895 0.601562 0.939941 0.586719 0.947266 0.575 0.958984 0.575391 0.962402 0.578125 0.964355 0.585156 0.964355 0.597656 0.959473 0.605469 0.950684
1 0.689063 0.885742 0.684766 0.890137 0.674219 0.911133 0.673438 0.919922 0.676953 0.923828 0.68125 0.922363 0.689453 0.909668 0.690625 0.889648
1 0.660156 0.763184 0.662109 0.769531 0.673438 0.775879 0.683594 0.775391 0.689453 0.773438 0.691406 0.77002 0.673047 0.76123 0.662109 0.760742
1 0.547656 0.693359 0.548047 0.700195 0.557422 0.715332 0.564453 0.71875 0.569531 0.71875 0.572656 0.716309 0.564063 0.699219 0.558594 0.692871 0.551562 0.689941
1 0.587109 0.671875 0.583984 0.676758 0.584375 0.686523 0.588281 0.694824 0.595313 0.703613 0.599219 0.704102 0.596484 0.680176 0.592578 0.672363
1 0.664844 0.678223 0.661328 0.678223 0.653125 0.692383 0.653125 0.708008 0.654297 0.712402 0.656641 0.713867 0.658984 0.712402 0.665625 0.696777 0.667578 0.682129
1 0.694141 0.623535 0.685937 0.637207 0.684375 0.64502 0.685937 0.657715 0.689453 0.664062 0.693359 0.666504 0.696484 0.664551 0.698047 0.660645 0.697266 0.627441
1 0.747656 0.748535 0.746094 0.75293 0.746094 0.762207 0.748437 0.770508 0.759766 0.784668 0.764453 0.785645 0.764844 0.782227 0.757422 0.758301 0.751953 0.749023
1 0.739844 0.709961 0.732031 0.710449 0.727344 0.721191 0.726953 0.731445 0.732422 0.740723 0.735547 0.739258 0.740234 0.725098 0.741406 0.712402
1 0.709766 0.576172 0.703125 0.583984 0.700391 0.591309 0.700781 0.599121 0.703906 0.603516 0.708594 0.601074 0.713672 0.592773 0.714063 0.583984
1 0.880469 0.554688 0.878516 0.561035 0.88125 0.569336 0.896484 0.589355 0.898438 0.578613 0.896875 0.568359 0.893359 0.5625 0.883984 0.555176
1 0.958594 0.796387 0.954297 0.801758 0.953516 0.814453 0.957422 0.825195 0.963672 0.829102 0.96875 0.823242 0.96875 0.812988 0.964844 0.802246
1 0.955859 0.856934 0.949609 0.85498 0.943359 0.85791 0.928125 0.871094 0.926562 0.876953 0.937109 0.878418 0.948438 0.874023 0.955078 0.865723
1 0.941016 0.89209 0.935547 0.893066 0.928125 0.902344 0.925 0.914551 0.926562 0.918945 0.932422 0.916992 0.939063 0.910645 0.943359 0.897949
1 0.986719 0.905273 0.980078 0.900879 0.967187 0.903809 0.956641 0.913574 0.953906 0.921387 0.95625 0.924316 0.960156 0.924805 0.969922 0.920898 0.984766 0.90918
1 0.848828 0.881836 0.85 0.888672 0.856641 0.894531 0.875781 0.895996 0.878125 0.89502 0.882422 0.887695 0.882031 0.879883 0.874609 0.875488 0.858203 0.875488
1 0.870703 0.858398 0.882812 0.867676 0.899219 0.870605 0.901953 0.868164 0.895703 0.85791 0.888672 0.853027 0.875391 0.850586 0.872266 0.851562
1 0.782813 0.895508 0.787891 0.902832 0.795703 0.908203 0.804688 0.906738 0.809375 0.901855 0.807813 0.895508 0.798438 0.891602 0.787109 0.89209
1 0.742969 0.920898 0.743359 0.924805 0.745703 0.927246 0.75625 0.931152 0.767188 0.930664 0.769922 0.926758 0.768359 0.922363 0.757031 0.915039 0.748047 0.915527
1 0.701562 0.466797 0.693359 0.469238 0.683594 0.480469 0.678125 0.500977 0.678125 0.505859 0.680469 0.508789 0.685937 0.507812 0.701562 0.472168
1 0.673828 0.394531 0.669141 0.395996 0.661328 0.408203 0.655078 0.427246 0.655078 0.433105 0.657813 0.437012 0.662109 0.436035 0.665625 0.432129 0.671094 0.419922 0.674609 0.399414
1 0.587109 0.427246 0.587891 0.430664 0.591406 0.433105 0.610547 0.438477 0.615625 0.4375 0.614453 0.431641 0.610938 0.426758 0.603125 0.420898 0.591797 0.42334
1 0.762891 0.40918 0.761719 0.413086 0.771094 0.443359 0.775 0.447754 0.779297 0.446289 0.780859 0.438965 0.778906 0.426758 0.770703 0.414551
1 0.741016 0.435547 0.733594 0.441406 0.730859 0.452637 0.736328 0.459473 0.740234 0.459473 0.744141 0.451172 0.744922 0.441406
1 0.728516 0.456055 0.724609 0.456055 0.719531 0.46582 0.71875 0.472168 0.721094 0.476562 0.728906 0.474121 0.732422 0.467285 0.733203 0.461426
1 0.934766 0.385742 0.925391 0.383789 0.919141 0.38623 0.914844 0.396973 0.916016 0.40332 0.919141 0.40625 0.923828 0.404785 0.933984 0.393066 0.935547 0.389648
1 0.998437 0.353027 0.996094 0.349609 0.992188 0.348633 0.981641 0.350098 0.974219 0.355957 0.966016 0.369629 0.966797 0.371582 0.970313 0.371582 0.977344 0.367676 0.986719 0.365723 0.995703 0.360352
1 0.738281 0.422363 0.728516 0.42041 0.720703 0.424805 0.714063 0.437012 0.714063 0.442383 0.716797 0.444336 0.724219 0.443359 0.737109 0.42627
1 0.896484 0.266602 0.89375 0.264648 0.889062 0.265137 0.877734 0.272461 0.871484 0.282227 0.872266 0.293945 0.8875 0.283691 0.896484 0.271973
1 0.807031 0.202637 0.805859 0.208008 0.808984 0.213379 0.8125 0.227051 0.823047 0.23584 0.823828 0.226562 0.819922 0.210449 0.811328 0.20166
1 0.65 0.303711 0.648828 0.310059 0.652344 0.318359 0.658203 0.324707 0.666406 0.32959 0.669141 0.329102 0.669141 0.32373 0.664062 0.310547 0.657422 0.304199
1 0.608984 0.320312 0.607812 0.323242 0.608984 0.328613 0.618359 0.338867 0.623828 0.340332 0.635938 0.339355 0.634375 0.333984 0.628516 0.331055 0.619922 0.320312 0.614844 0.317871
1 0.121484 0.372559 0.120703 0.378906 0.124609 0.385742 0.129297 0.38916 0.141406 0.394043 0.149219 0.391113 0.148828 0.384277 0.142187 0.378906 0.123828 0.371582
1 0.117188 0.411133 0.112109 0.41748 0.112109 0.429199 0.113281 0.431641 0.123828 0.4375 0.127344 0.432617 0.126953 0.41748 0.123047 0.410645
1 0.0839844 0.460449 0.0871094 0.467285 0.0957031 0.472168 0.10625 0.472168 0.108984 0.46875 0.107813 0.462402 0.104688 0.458984 0.0863281 0.458984
1 0.220312 0.202148 0.216406 0.20166 0.204297 0.217285 0.202344 0.223633 0.195312 0.230957 0.196094 0.233887 0.208203 0.231445 0.216016 0.225098 0.221094 0.208984
1 0.122656 0.269531 0.119531 0.269043 0.111719 0.277344 0.103125 0.280762 0.103125 0.297363 0.104688 0.301758 0.111328 0.302734 0.117969 0.295898
1 0.132031 0.318848 0.126172 0.320312 0.120703 0.330566 0.118359 0.340332 0.11875 0.344238 0.122266 0.347656 0.127734 0.346191 0.131641 0.339844 0.134766 0.325684 0.134375 0.321289
1 0.186328 0.128418 0.18125 0.130371 0.170313 0.143555 0.167187 0.15332 0.167969 0.160156 0.175 0.160156 0.183203 0.149902 0.187109 0.135254
1 0.180859 0.109375 0.181641 0.114746 0.184375 0.118652 0.191406 0.12207 0.198047 0.12207 0.20625 0.115234 0.204687 0.110352 0.194922 0.105469 0.185156 0.106445
1 0.198047 0.0629883 0.194141 0.0693359 0.191406 0.0786133 0.192188 0.0913086 0.196484 0.0981445 0.200781 0.09375 0.202344 0.0825195 0.201953 0.0727539
1 0.387109 0.152344 0.385547 0.149414 0.380469 0.146973 0.366797 0.147949 0.357812 0.153809 0.354687 0.157715 0.353516 0.163086 0.35625 0.166016 0.367188 0.164551 0.380859 0.15625 0.386328 0.155273
1 0.384375 0.172852 0.380078 0.171875 0.372656 0.180176 0.371875 0.195801 0.368359 0.20166 0.369141 0.205566 0.373828 0.205078 0.383203 0.197266 0.385937 0.185059
1 0.415234 0.0795898 0.403125 0.0761719 0.389453 0.0844727 0.388672 0.0908203 0.390625 0.0957031 0.384375 0.104004 0.383203 0.11084 0.389844 0.115723 0.39375 0.115723 0.401172 0.111328 0.410156 0.0986328
1 0.559375 0.213379 0.555078 0.211914 0.545312 0.220703 0.530859 0.242676 0.532031 0.244141 0.537891 0.243652 0.548828 0.237305 0.557422 0.224121 0.559766 0.218262
1 0.549219 0.10498 0.541797 0.108887 0.532422 0.123047 0.526953 0.138184 0.528906 0.143555 0.534375 0.142578 0.541797 0.133789 0.546484 0.116211 0.55 0.109375
1 0.909766 0.168945 0.907031 0.168457 0.892578 0.19873 0.889883 0.195752 0.894141 0.197217 0.889219 0.206201 0.897188 0.212939 0.901328 0.209473 0.891016 0.213379 0.896484 0.212402 0.899609 0.203613 0.908984 0.193848 0.911719 0.1875 0.912109 0.180176
1 0.728125 0.0449219 0.725 0.0507812 0.726562 0.065918 0.739453 0.0825195 0.741016 0.0825195 0.742188 0.0795898 0.739844 0.0756836 0.741016 0.0727539 0.740234 0.0610352 0.733203 0.0473633
1 0.730469 0.0258789 0.725 0.0249023 0.711328 0.03125 0.703125 0.0405273 0.702344 0.046875 0.705078 0.0488281 0.710547 0.0483398 0.718359 0.0439453 0.727734 0.0327148
1 0.469141 0.0234375 0.46875 0.0283203 0.478906 0.0424805 0.491406 0.0488281 0.498437 0.0488281 0.500781 0.046875 0.499219 0.0424805 0.483594 0.0253906 0.475 0.0205078 0.471094 0.0209961
1 0.473047 0.012207 0.475 0.0141602 0.482031 0.0136719 0.497266 0.00439453 0.505469 0.00195312 0.505469 0 0.474609 0
1 0.663281 0.03125 0.666016 0.0332031 0.68125 0.0322266 0.691406 0.0209961 0.68125 0.0185547 0.670312 0.0195312 0.663281 0.0258789
1 0.24375 0.0356445 0.24375 0.0405273 0.251563 0.0576172 0.258984 0.0649414 0.264453 0.0654297 0.266016 0.0610352 0.260547 0.0478516 0.248047 0.0361328
1 0.228516 0.00878906 0.229297 0.0151367 0.236719 0.0239258 0.245312 0.0244141 0.252734 0.0214844 0.251953 0.0166016 0.239453 0.00830078 0.230859 0.00732422
1 0.225391 0.0180664 0.224219 0.0224609 0.227734 0.0317383 0.240625 0.0512695 0.242969 0.0395508 0.239844 0.0302734 0.231641 0.0185547 0.229297 0.0170898
1 0.146484 0.0234375 0.139453 0.0258789 0.134766 0.0317383 0.130859 0.0410156 0.131641 0.0507812 0.138672 0.0512695 0.144922 0.0439453 0.147266 0.0297852
1 0.153516 0.0610352 0.147656 0.0600586 0.137109 0.0654297 0.133594 0.0712891 0.133594 0.078125 0.139063 0.0791016 0.15 0.0717773 0.153125 0.0668945
1 0.102344 0.135742 0.102734 0.143066 0.107031 0.148438 0.117188 0.150879 0.125391 0.148926 0.124219 0.143066 0.114844 0.13623 0.108984 0.133789
1 0.808984 0.0625 0.805469 0.065918 0.805859 0.0722656 0.817578 0.102539 0.821875 0.103027 0.824219 0.0917969 0.823047 0.0805664 0.812109 0.0629883
2 0.794531 0.575684 0.790234 0.576172 0.778906 0.592285 0.771094 0.606445 0.771875 0.611328 0.776563 0.612305 0.785547 0.60498 0.793359 0.588379 0.795312 0.581055
2 0.763672 0.63623 0.762109 0.64209 0.767578 0.651367 0.782031 0.66748 0.7875 0.668945 0.788672 0.665527 0.780469 0.650391 0.769922 0.638184
2 0.228125 0.144531 0.229297 0.149902 0.232031 0.152832 0.242969 0.157715 0.253125 0.15625 0.260937 0.149902 0.260547 0.147949 0.256641 0.145996 0.234375 0.141602 0.230078 0.14209
2 0.259766 0.35791 0.262891 0.363281 0.282813 0.378418 0.288672 0.381348 0.293359 0.379395 0.292578 0.373535 0.276953 0.359375 0.265234 0.355469
2 0.947656 0.0258789 0.942578 0.0302734 0.9375 0.0405273 0.93125 0.0615234 0.931641 0.0668945 0.940234 0.0625 0.944141 0.0556641 0.949609 0.0322266
2 0.122266 0.736328 0.122266 0.743164 0.129688 0.752441 0.139453 0.760254 0.144141 0.759766 0.145313 0.753906 0.139453 0.746094 0.130859 0.739258
1 0.482031 0.156738 0.482422 0.159668 0.485938 0.161133 0.492969 0.170898 0.504687 0.181152 0.510156 0.182129 0.511328 0.180664 0.510938 0.17334 0.499609 0.15918
1 0.451562 0.20166 0.449219 0.199219 0.445312 0.199219 0.435547 0.202637 0.434375 0.205078 0.428516 0.208008 0.424609 0.213867 0.419141 0.212891 0.41875 0.216797 0.435937 0.218262 0.450391 0.207031
