1 0.242578 0.638184 0.242188 0.646973 0.247656 0.655762 0.258594 0.663086 0.263672 0.664551 0.26875 0.663086 0.26875 0.657227 0.265234 0.649902 0.258984 0.642578 0.248438 0.63623
1 0.662891 0.467285 0.656641 0.471191 0.652344 0.480957 0.652344 0.493164 0.653906 0.497559 0.656641 0.499512 0.659375 0.499512 0.6625 0.496094 0.664844 0.487793 0.665234 0.473145 0.664844 0.469727
1 0.928516 0.24707 0.930469 0.250977 0.943359 0.256348 0.95625 0.256348 0.961328 0.251953 0.960547 0.248047 0.951953 0.241211 0.945312 0.239258 0.937109 0.240723
1 0.0816406 0.239746 0.0789062 0.239258 0.0578125 0.251465 0.0570312 0.257324 0.0601563 0.26123 0.0648438 0.263672 0.071875 0.263184 0.0765625 0.260254 0.0800781 0.254883 0.0824219 0.247559
1 0.0914062 0.243164 0.0988281 0.25293 0.107422 0.258789 0.120703 0.26123 0.123438 0.260254 0.125 0.256836 0.124219 0.25 0.115625 0.243164 0.0988281 0.239746 0.0929688 0.240234
1 0.0925781 0.240723 0.0949219 0.248535 0.103125 0.256836 0.110937 0.260254 0.120703 0.26123 0.123828 0.259766 0.125 0.251465 0.119922 0.245605 0.108203 0.241211 0.0964844 0.239258
1 0.216797 0.291992 0.214844 0.300293 0.216406 0.320801 0.215234 0.327148 0.216016 0.32959 0.219141 0.32959 0.225391 0.325684 0.227344 0.318359 0.227344 0.30957 0.222266 0.293457
1 0.13125 0.416992 0.132031 0.419922 0.135156 0.421875 0.147266 0.422852 0.155078 0.418457 0.157031 0.416016 0.157812 0.411621 0.151953 0.407227 0.142969 0.406738 0.134766 0.411133
1 0.266797 0.407715 0.267188 0.42041 0.273828 0.429688 0.280469 0.432617 0.284766 0.432617 0.287891 0.430664 0.288672 0.425293 0.287109 0.421875 0.272266 0.408203
1 0.341406 0.478027 0.321875 0.478027 0.308594 0.490723 0.308594 0.494141 0.3125 0.496582 0.322266 0.495117 0.338672 0.482422
1 0.287109 0.502441 0.284766 0.507812 0.284766 0.513184 0.288672 0.529297 0.294531 0.537598 0.3 0.539551 0.301563 0.536621 0.3 0.53125 0.299609 0.517578 0.292578 0.502441
1 0.35625 0.578125 0.357812 0.58252 0.366797 0.589355 0.373828 0.589844 0.384375 0.587402 0.384375 0.584473 0.382031 0.580078 0.375391 0.575684 0.359766 0.576172
1 0.558203 0.505859 0.55625 0.503418 0.551172 0.501953 0.541016 0.50293 0.527344 0.508789 0.526563 0.51416 0.528906 0.518066 0.531641 0.519531 0.542188 0.52002 0.55 0.515625
1 0.498047 0.539551 0.492188 0.541016 0.486328 0.549805 0.485156 0.565918 0.486719 0.581543 0.488672 0.584473 0.490625 0.584473 0.498047 0.560547 0.499609 0.550293 0.499609 0.543457
1 0.467578 0.590332 0.458984 0.595703 0.447656 0.61084 0.444141 0.621094 0.445703 0.625977 0.451562 0.625488 0.460938 0.615723 0.467578 0.600586
1 0.414453 0.660645 0.414844 0.666016 0.41875 0.67041 0.430859 0.674805 0.439844 0.672852 0.444922 0.669922 0.446875 0.666992 0.445312 0.664062 0.429688 0.657227 0.419531 0.656738 0.416406 0.657715
1 0.353906 0.783691 0.352734 0.785645 0.352734 0.797363 0.356641 0.808105 0.364844 0.81543 0.369531 0.81543 0.372656 0.813477 0.373437 0.805176 0.369922 0.797852 0.357422 0.78418
1 0.276562 0.811035 0.273828 0.812988 0.266406 0.824219 0.2625 0.839355 0.264062 0.846191 0.268359 0.84668 0.271094 0.844727 0.277344 0.833496 0.278906 0.813965
1 0.06875 0.830078 0.0632812 0.830078 0.0507812 0.833008 0.0398437 0.839355 0.0382813 0.841797 0.0382813 0.845703 0.0425781 0.848145 0.05625 0.846191 0.0652344 0.839844 0.0695313 0.834473
1 0.0167969 0.706055 0.015625 0.708008 0.0167969 0.716309 0.0238281 0.729492 0.0296875 0.733887 0.0359375 0.732422 0.0378906 0.729492 0.0378906 0.726562 0.0355469 0.720703 0.0234375 0.708008
1 0.173437 0.918945 0.172266 0.926758 0.175391 0.941895 0.181641 0.952148 0.190234 0.95752 0.191406 0.956055 0.190625 0.946777 0.185938 0.930176 0.178516 0.918945
1 0.33125 0.931641 0.330859 0.94043 0.336719 0.953613 0.341797 0.958008 0.345313 0.959473 0.348438 0.958496 0.35 0.954102 0.344531 0.939453 0.336328 0.931152
1 0.394531 0.942383 0.396094 0.94873 0.401562 0.953125 0.412891 0.952148 0.417187 0.947754 0.417969 0.944336 0.416797 0.939941 0.410156 0.936523 0.4 0.9375
1 0.496094 0.93457 0.494531 0.936035 0.494141 0.941895 0.496875 0.952637 0.503906 0.967773 0.506641 0.970215 0.508594 0.966797 0.510547 0.957031 0.509375 0.947754 0.503516 0.938477 0.498828 0.93457
1 0.545312 0.907227 0.540234 0.908203 0.539062 0.912598 0.5375 0.93457 0.538281 0.944824 0.540234 0.94873 0.54375 0.945312 0.549609 0.927246 0.549219 0.914551 0.547266 0.908691
1 0.594531 0.89209 0.592578 0.896484 0.593359 0.925781 0.594531 0.928711 0.596484 0.929199 0.601172 0.924805 0.603906 0.919434 0.605078 0.907715 0.600391 0.89502 0.597266 0.89209
1 0.570312 0.859375 0.564453 0.859863 0.553125 0.869141 0.549609 0.876465 0.550391 0.882324 0.552734 0.88623 0.558594 0.887207 0.560937 0.885742 0.567187 0.876953 0.571484 0.865234
1 0.576953 0.752441 0.577344 0.756836 0.585938 0.768066 0.599219 0.780762 0.602734 0.779785 0.601562 0.766602 0.598437 0.759277 0.588281 0.751465 0.580469 0.75
1 0.551562 0.70166 0.556641 0.706543 0.574219 0.708008 0.587109 0.70166 0.589453 0.696777 0.574219 0.691895 0.565234 0.691406 0.553125 0.695801
1 0.542969 0.638672 0.544141 0.645996 0.555078 0.665527 0.559375 0.668945 0.564063 0.667969 0.565234 0.65918 0.561328 0.646973 0.556641 0.64209
1 0.55 0.580566 0.550781 0.585449 0.556641 0.591797 0.560937 0.59375 0.569531 0.594238 0.573828 0.592285 0.576562 0.588867 0.576562 0.583008 0.573047 0.579102 0.560547 0.577637
1 0.657031 0.828613 0.657031 0.833984 0.664844 0.841797 0.676562 0.845703 0.679297 0.844727 0.678516 0.838379 0.671484 0.829102 0.663281 0.825195 0.659375 0.825684
1 0.660156 0.938965 0.6625 0.941895 0.682031 0.95166 0.685937 0.95166 0.690234 0.948242 0.6875 0.939941 0.678125 0.931152 0.667969 0.931641 0.662109 0.935547
1 0.794531 0.955078 0.787109 0.955566 0.779687 0.963379 0.774219 0.979004 0.775781 0.98584 0.779687 0.986816 0.788281 0.979004 0.795312 0.963379 0.795703 0.95752
1 0.788672 0.901367 0.786328 0.899902 0.773438 0.901367 0.764062 0.907715 0.759766 0.916504 0.763672 0.921387 0.771875 0.921875 0.778125 0.919922 0.789062 0.904785
1 0.874609 0.974121 0.873828 0.97998 0.875 0.983398 0.883984 0.992676 0.891797 0.996582 0.904297 0.996094 0.904687 0.993164 0.901563 0.986816 0.892969 0.978027 0.880859 0.972168
1 0.875781 0.695312 0.869141 0.695312 0.860156 0.703613 0.858203 0.710449 0.858203 0.718262 0.860547 0.723145 0.864453 0.722168 0.874609 0.710938 0.877344 0.702637 0.877344 0.698242
1 0.725 0.786133 0.721875 0.783691 0.708984 0.784668 0.696484 0.789551 0.694531 0.79541 0.696875 0.798828 0.700781 0.800781 0.710156 0.80127 0.717578 0.797363 0.724609 0.788574
1 0.764844 0.634277 0.760547 0.633789 0.758203 0.63623 0.749219 0.653809 0.750391 0.657715 0.755859 0.658691 0.766016 0.653809 0.768359 0.647461 0.768359 0.64209
1 0.895703 0.627441 0.888281 0.622559 0.880078 0.625977 0.876172 0.634277 0.877344 0.639648 0.880469 0.642578 0.889062 0.640625 0.895312 0.632324
1 0.887891 0.511719 0.884766 0.51123 0.877344 0.524902 0.875781 0.54248 0.876953 0.547852 0.881641 0.547363 0.888672 0.537109 0.889844 0.523438
1 0.95 0.480957 0.94375 0.480469 0.938672 0.48291 0.934375 0.487305 0.930859 0.493164 0.926953 0.504883 0.926953 0.509766 0.929688 0.513672 0.932422 0.514648 0.935937 0.513184 0.940625 0.506348 0.950781 0.486328 0.951172 0.482422
1 0.917188 0.40332 0.912891 0.400391 0.899609 0.400391 0.892969 0.402344 0.884766 0.407715 0.879687 0.416016 0.883594 0.418457 0.904687 0.416992 0.915625 0.409668
1 0.948828 0.330566 0.946875 0.329102 0.939453 0.329102 0.935547 0.331543 0.930469 0.336914 0.928516 0.342773 0.923828 0.349121 0.923828 0.353027 0.933203 0.354004 0.940234 0.350586 0.948828 0.339355 0.95 0.334473
1 0.980078 0.0600586 0.978125 0.0561523 0.975 0.0546875 0.964063 0.0556641 0.953516 0.0639648 0.950781 0.0683594 0.950391 0.0722656 0.958984 0.0751953 0.966797 0.074707 0.975 0.0698242 0.978906 0.0654297
1 0.882422 0.0253906 0.877734 0.0234375 0.869531 0.0234375 0.865234 0.0258789 0.857422 0.0332031 0.856641 0.0424805 0.861719 0.046875 0.873828 0.0444336 0.881641 0.0356445 0.883203 0.0307617
1 0.710156 0.141602 0.713672 0.146484 0.730469 0.150879 0.739453 0.148926 0.742188 0.146484 0.742969 0.143555 0.740625 0.138184 0.730859 0.134277 0.71875 0.134766 0.712109 0.138184
1 0.733203 0.0249023 0.73125 0.0229492 0.721484 0.0209961 0.714453 0.0234375 0.70625 0.0283203 0.703906 0.0322266 0.703516 0.0371094 0.707031 0.0405273 0.716797 0.0390625 0.73125 0.0302734
1 0.528125 0.0288086 0.528906 0.0356445 0.535156 0.0458984 0.544141 0.0507812 0.548047 0.0507812 0.550391 0.0488281 0.550781 0.0400391 0.546484 0.0317383 0.537891 0.0273438
1 0.471094 0.126465 0.471875 0.131348 0.478516 0.139648 0.494531 0.150879 0.497656 0.150391 0.497656 0.142578 0.489844 0.130859 0.483203 0.126465 0.475781 0.124512
1 0.298047 0.0512695 0.292578 0.0483398 0.270703 0.0493164 0.266797 0.0522461 0.266406 0.0571289 0.273828 0.0634766 0.283203 0.0654297 0.294531 0.0585938
1 0.046875 0.0263672 0.0445313 0.0292969 0.04375 0.0332031 0.0460938 0.0454102 0.0496094 0.0493164 0.0585938 0.0493164 0.0597656 0.0405273 0.0578125 0.0332031 0.053125 0.0263672
1 0.295703 0.693848 0.301563 0.697754 0.313672 0.698242 0.325781 0.693848 0.326172 0.689941 0.315234 0.685059 0.308984 0.685059 0.297656 0.688477
1 0.634766 0.74707 0.626953 0.750977 0.623437 0.759277 0.625781 0.775879 0.628516 0.780273 0.633203 0.779297 0.635547 0.772949 0.635938 0.749512
1 0.649219 0.692383 0.648828 0.705566 0.650781 0.713379 0.657031 0.720703 0.662109 0.720215 0.663281 0.711426 0.660156 0.701172 0.654297 0.694336
1 0.701562 0.48877 0.698438 0.499512 0.698438 0.506348 0.700781 0.514648 0.706641 0.522461 0.7125 0.525391 0.716406 0.524902 0.717578 0.522461 0.717187 0.518066 0.705859 0.490234
1 0 0.964844 0 0.979492 0.00898437 0.983398 0.0140625 0.983398 0.0179687 0.980957 0.0183594 0.974609 0.0152344 0.969727 0.00664062 0.964844
1 0.880469 0.885742 0.879297 0.887207 0.879297 0.887695 0.877734 0.889648 0.877734 0.890625 0.876953 0.891602 0.876953 0.902832 0.877344 0.90332 0.877344 0.90625 0.876563 0.907227 0.876563 0.907715 0.876172 0.908203 0.876172 0.912109 0.877734 0.914062 0.877734 0.914551 0.877344 0.915039 0.877344 0.916016 0.876953 0.916504 0.876953 0.919922 0.878125 0.921387 0.878516 0.921387 0.878906 0.921875 0.878906 0.922363 0.879297 0.922852 0.879297 0.924316 0.880859 0.92627 0.88125 0.92627 0.881641 0.926758 0.885938 0.926758 0.8875 0.924805 0.8875 0.924316 0.888281 0.92334 0.888281 0.922363 0.889062 0.921387 0.889062 0.919922 0.889453 0.919434 0.889453 0.914551 0.889844 0.914062 0.889844 0.899902 0.889453 0.899414 0.889453 0.896973 0.889062 0.896484 0.889062 0.894531 0.888672 0.894043 0.888672 0.893555 0.888281 0.893066 0.888281 0.889648 0.887891 0.88916 0.887891 0.888672 0.8875 0.888184 0.8875 0.887695 0.886328 0.88623 0.885938 0.88623 0.885547 0.885742
1 0.88125 0.894531 0.880078 0.895996 0.880078 0.896484 0.878906 0.897949 0.878125 0.897949 0.876953 0.899414 0.876563 0.899414 0.875781 0.900391 0.875 0.900391 0.874609 0.900879 0.874219 0.900879 0.873828 0.901367 0.873437 0.901367 0.872266 0.902832 0.871484 0.902832 0.871094 0.90332 0.870703 0.90332 0.870313 0.903809 0.869141 0.903809 0.867969 0.905273 0.867578 0.905273 0.867188 0.905762 0.865625 0.905762 0.865234 0.90625 0.864844 0.90625 0.864453 0.906738 0.864062 0.906738 0.863281 0.907715 0.8625 0.907715 0.860156 0.910645 0.860156 0.911621 0.859766 0.912109 0.859766 0.915039 0.860156 0.915527 0.860156 0.916016 0.860547 0.916504 0.860547 0.916992 0.862109 0.918945 0.871094 0.918945 0.871875 0.917969 0.873047 0.917969 0.873437 0.91748 0.874609 0.91748 0.875 0.916992 0.876172 0.916992 0.877344 0.915527 0.878125 0.915527 0.878516 0.915039 0.879297 0.915039 0.880078 0.914062 0.880859 0.914062 0.88125 0.913574 0.882031 0.913574 0.882812 0.912598 0.883203 0.912598 0.883594 0.912109 0.884375 0.912109 0.885156 0.911133 0.885938 0.911133 0.886328 0.910645 0.886719 0.910645 0.887891 0.90918 0.888281 0.90918 0.888672 0.908691 0.889062 0.908691 0.890234 0.907227 0.890625 0.907227 0.891797 0.905762 0.891797 0.905273 0.892188 0.904785 0.892188 0.901367 0.889844 0.898438 0.889453 0.898438 0.887891 0.896484 0.8875 0.896484 0.885938 0.894531
1 0.399219 0.715332 0.397656 0.721191 0.401172 0.730469 0.407031 0.736816 0.413672 0.737305 0.414453 0.735352 0.408984 0.723145 0.403516 0.717285
1 0.375781 0.44873 0.375 0.456055 0.378516 0.463867 0.384766 0.467773 0.389453 0.467773 0.392578 0.46582 0.393359 0.459473 0.389844 0.453613 0.381641 0.448242
2 0.285938 0.400879 0.284766 0.40332 0.285938 0.411621 0.295312 0.428223 0.301563 0.430664 0.310156 0.430664 0.312891 0.428223 0.312109 0.423828 0.296875 0.40332 0.290625 0.399414
2 0.596484 0.424805 0.596484 0.427734 0.599609 0.434082 0.603516 0.438965 0.610547 0.443359 0.617578 0.443359 0.622266 0.44043 0.624609 0.436523 0.622656 0.430664 0.614453 0.429199 0.600391 0.422852
2 0.526172 0.814941 0.528516 0.824707 0.533984 0.833496 0.544141 0.836914 0.553516 0.836914 0.555469 0.834961 0.553906 0.829102 0.535547 0.819336 0.530078 0.813965
2 0.152734 0.616699 0.151172 0.614746 0.144922 0.614746 0.137891 0.617676 0.130469 0.626465 0.129688 0.634277 0.135937 0.635254 0.142969 0.631836 0.152344 0.622559
2 0.702734 0.0668945 0.704688 0.0708008 0.713281 0.0756836 0.729688 0.0776367 0.732031 0.0756836 0.730859 0.0703125 0.721094 0.0649414 0.709375 0.0639648
2 0.235156 0.123535 0.234375 0.126953 0.235937 0.131348 0.243359 0.13916 0.257812 0.144531 0.262891 0.144531 0.264453 0.143066 0.263672 0.13916 0.259766 0.134277 0.240625 0.122559
2 0.364063 0.94043 0.363672 0.943848 0.383984 0.958008 0.389453 0.958984 0.392969 0.95752 0.394922 0.95459 0.395313 0.949707 0.393359 0.945801 0.382031 0.939453 0.371094 0.937988
2 0.283594 0.935059 0.283594 0.946289 0.289453 0.962891 0.294531 0.969238 0.300781 0.970215 0.302344 0.967773 0.301953 0.961914 0.294531 0.942383 0.287891 0.935547
2 0.282813 0.773926 0.278125 0.773438 0.271094 0.782227 0.267578 0.791016 0.267578 0.799316 0.269141 0.802246 0.271875 0.803223 0.278906 0.796387 0.283203 0.780273
2 0.576953 0.865723 0.572656 0.865723 0.569531 0.868652 0.567969 0.874023 0.562109 0.883789 0.558594 0.899902 0.559375 0.908691 0.565625 0.904297 0.575391 0.885742 0.579297 0.873535 0.579297 0.868652
