1 0 0.524609 0.00240625 0.523413 0.00662109 0.523311 0.00992578 0.525171 0.0135625 0.528369 0.016207 0.531572 0.0177344 0.533398 0.0180859 0.535547 0.0170313 0.537891 0.0114453 0.539893 0.00867187 0.540381 0.00453125 0.53999 0.00234375 0.538916 0 0.537637
1 0.0199609 0.537988 0.0171719 0.542954 0.0156016 0.546152 0.0145273 0.548735 0.0143359 0.550293 0.0152344 0.550391 0.0158203 0.550488 0.0149219 0.552246 0.0153906 0.553418 0.0165937 0.553799 0.0227891 0.553691 0.0267578 0.553076 0.0317578 0.549268 0.0364219 0.542744 0.0362578 0.541401 0.0348516 0.539131 0.0312187 0.537788 0.0269219 0.53624 0.0236719 0.535791 0.0213672 0.536572
1 0.208 0.445776 0.20573 0.447925 0.204078 0.448613 0.203113 0.449736 0.202285 0.451543 0.202078 0.453179 0.20277 0.454985 0.203766 0.45687 0.205406 0.457549 0.206574 0.457456 0.208723 0.457505 0.210285 0.458091 0.211457 0.457944 0.213219 0.457065 0.215953 0.456328 0.218879 0.454624 0.221227 0.453057 0.224855 0.450864 0.226813 0.448564 0.227004 0.446758 0.225793 0.44334 0.225207 0.441387 0.225129 0.439243 0.224035 0.437729 0.221109 0.438462 0.217867 0.440215 0.215039 0.441748 0.212551 0.44334 0.209508 0.444805
1 0.271422 0.513315 0.270355 0.51627 0.26923 0.51873 0.267766 0.521543 0.265797 0.523794 0.264898 0.526113 0.264449 0.531387 0.264504 0.535884 0.265012 0.541724 0.26518 0.545449 0.266023 0.547207 0.267766 0.548052 0.268836 0.547769 0.270297 0.546362 0.271703 0.543267 0.273785 0.540879 0.276203 0.536938 0.276879 0.532651 0.276766 0.528501 0.276203 0.526392 0.276148 0.522949 0.277441 0.519785 0.279355 0.517954 0.279766 0.515869 0.277949 0.513384 0.275191 0.510996 0.274234 0.509941 0.273168 0.51022 0.272547 0.511489
1 0.333805 0.497495 0.334086 0.500376 0.334535 0.502769 0.335324 0.504106 0.335605 0.505933 0.335605 0.5098 0.335773 0.511978 0.336898 0.51416 0.340273 0.517466 0.341566 0.51873 0.343254 0.519785 0.344941 0.52105 0.346012 0.521685 0.348035 0.520488 0.349555 0.518306 0.349836 0.515776 0.349777 0.511206 0.349496 0.507056 0.34843 0.504106 0.345336 0.500591 0.344211 0.49897 0.34241 0.497075 0.341961 0.493208 0.341117 0.490605 0.339934 0.489902 0.338867 0.490464 0.337742 0.491309 0.336504 0.492993 0.335715 0.493345 0.33493 0.493418 0.334199 0.494121 0.333973 0.495454
1 0.294141 0.4396 0.292031 0.439844 0.289992 0.441387 0.288625 0.442803 0.287102 0.443682 0.285383 0.443682 0.283781 0.443437 0.282844 0.444072 0.28218 0.44627 0.282102 0.448955 0.28218 0.451641 0.283938 0.453594 0.286789 0.455059 0.290461 0.455303 0.294523 0.455156 0.298586 0.453838 0.30132 0.451494 0.302461 0.449463 0.302852 0.446484 0.301836 0.442334 0.299492 0.439795 0.296242 0.439385
1 0.267062 0.403862 0.269031 0.407866 0.271281 0.4123 0.276062 0.416167 0.279438 0.417642 0.283715 0.4175 0.288832 0.415391 0.291363 0.413281 0.292434 0.411733 0.292715 0.409766 0.290687 0.408008 0.287988 0.407026 0.282137 0.404634 0.278945 0.404687 0.278047 0.403564 0.277227 0.402588 0.275387 0.402031 0.274488 0.40168 0.27325 0.400835 0.271563 0.400767 0.270437 0.400132 0.268918 0.399644 0.267738 0.39978 0.267176 0.400698 0.267062 0.402241
2 0.239273 0.381782 0.234437 0.383608 0.23275 0.385088 0.232074 0.386846 0.231965 0.389727 0.232469 0.391416 0.233312 0.392188 0.235 0.392471 0.236687 0.394438 0.238152 0.396265 0.239219 0.396689 0.2395 0.395703 0.239668 0.394087 0.239895 0.391836 0.241355 0.389585 0.242762 0.386772 0.24327 0.384243 0.24248 0.382695 0.241637 0.381289 0.240738 0.380728 0.240062 0.380796
1 0.334531 0.334019 0.334437 0.33812 0.333922 0.340112 0.3335 0.34228 0.333125 0.344331 0.332891 0.346323 0.332562 0.349487 0.332516 0.353706 0.332609 0.358101 0.333828 0.361089 0.334437 0.364487 0.335469 0.366187 0.33725 0.364839 0.339453 0.362964 0.341703 0.359624 0.343203 0.356812 0.344703 0.351948 0.345406 0.346675 0.3455 0.34228 0.34475 0.337827 0.343766 0.335015 0.3425 0.332129 0.341211 0.330371 0.339414 0.330029 0.337297 0.329741 0.335422 0.330503 0.334391 0.332671
2 0.246715 0.186909 0.246109 0.189863 0.246109 0.192734 0.247391 0.195435 0.247727 0.198047 0.248066 0.200747 0.249211 0.2021 0.249754 0.205054 0.249887 0.207246 0.25043 0.209438 0.250832 0.211548 0.253531 0.211128 0.25441 0.210703 0.256098 0.210703 0.258594 0.210537 0.259609 0.208848 0.260352 0.202944 0.259609 0.199736 0.258324 0.195264 0.257785 0.190708 0.255762 0.188599 0.251238 0.185391 0.250156 0.184043 0.249145 0.183872 0.248066 0.184551
1 0.275641 0.0330615 0.276184 0.0373535 0.276184 0.0415039 0.276184 0.045166 0.276184 0.048584 0.276813 0.0511279 0.277398 0.0538574 0.27818 0.0546875 0.278918 0.0561035 0.278961 0.0576172 0.27966 0.0591846 0.280871 0.059917 0.282629 0.0602051 0.28427 0.0594287 0.286105 0.056499 0.28759 0.0531738 0.288727 0.0490234 0.288922 0.046001 0.288566 0.0429199 0.28798 0.0399414 0.285602 0.035791 0.284191 0.0331543 0.282281 0.0302734 0.281418 0.0288086 0.280133 0.0272021 0.278098 0.0262695 0.276031 0.0262695 0.274816 0.0270996 0.274816 0.0302246
1 0.821453 0.706675 0.817234 0.701543 0.814645 0.699009 0.811383 0.696973 0.808176 0.696899 0.807277 0.698589 0.807277 0.701191 0.808797 0.70541 0.811328 0.710332 0.813746 0.713848 0.814414 0.718213 0.815078 0.720898 0.817797 0.72123 0.819258 0.721934 0.821453 0.725239 0.825559 0.724395 0.827078 0.721509 0.827734 0.717773 0.825672 0.715747 0.822633 0.709487
1 0.634336 0.117446 0.632109 0.118813 0.630352 0.118911 0.626953 0.118667 0.625352 0.119302 0.624336 0.120522 0.623789 0.122427 0.623711 0.124087 0.624023 0.126821 0.625664 0.127017 0.626641 0.126772 0.629609 0.129409 0.631797 0.130386 0.635469 0.130679 0.638672 0.130679 0.640898 0.130386 0.643828 0.128921 0.644219 0.12438 0.643906 0.119937 0.642344 0.117983 0.640898 0.11647 0.63957 0.116079 0.637031 0.115884
1 0.595973 0.213574 0.591586 0.211465 0.587805 0.211211 0.58416 0.211885 0.581395 0.214082 0.580582 0.216191 0.580855 0.219229 0.582543 0.222095 0.58666 0.22665 0.590305 0.227915 0.594895 0.22834 0.598 0.228086 0.600832 0.230112 0.602656 0.229775 0.603805 0.227075 0.603535 0.224629 0.601305 0.221338 0.599348 0.216948
1 0.671613 0.271504 0.669852 0.273613 0.667559 0.274375 0.661012 0.274458 0.655746 0.276401 0.651426 0.279941 0.649945 0.281885 0.649535 0.284751 0.650684 0.287114 0.652707 0.289141 0.656621 0.290068 0.661488 0.290068 0.66641 0.288379 0.671 0.285259 0.674914 0.281885 0.676879 0.278257 0.677277 0.273022 0.677016 0.270664 0.674312 0.269819 0.673031 0.269985
2 0.778016 0.0568604 0.777359 0.063125 0.777641 0.0679883 0.77825 0.0703906 0.779656 0.0737305 0.782516 0.0785352 0.783922 0.0788281 0.784672 0.0769531 0.784625 0.0730859 0.785797 0.0727344 0.787062 0.0751318 0.788656 0.0774219 0.790578 0.0771875 0.792453 0.0747852 0.794047 0.0723828 0.793719 0.0677539 0.792219 0.0635938 0.789313 0.0599023 0.7865 0.0550977 0.783641 0.0505859 0.782141 0.05 0.780156 0.0512207 0.778766 0.0543359
2 0.661254 0.364092 0.657 0.366113 0.651262 0.369321 0.649023 0.371533 0.648203 0.373145 0.648902 0.376748 0.650312 0.379736 0.654258 0.381396 0.659566 0.381216 0.664898 0.381216 0.670164 0.380376 0.672863 0.379023 0.674687 0.379194 0.677184 0.378179 0.677453 0.375732 0.676375 0.373794 0.673742 0.37312 0.672863 0.372104 0.675023 0.37126 0.676844 0.36873 0.676914 0.365273 0.67077 0.363584 0.665438 0.363164
1 0.951953 0.374326 0.950301 0.378213 0.949523 0.382466 0.950691 0.388296 0.952633 0.395586 0.953996 0.399595 0.957008 0.401904 0.961285 0.399595 0.961672 0.392549 0.961672 0.387446 0.961383 0.382222 0.958953 0.378579 0.958273 0.375542 0.957883 0.372744 0.956133 0.371772 0.953996 0.371772
2 0.782414 0.710122 0.780785 0.713354 0.780559 0.715605 0.779715 0.718838 0.777184 0.72313 0.776734 0.725942 0.776621 0.728755 0.777016 0.731074 0.777973 0.73459 0.779098 0.736841 0.780953 0.737192 0.781965 0.736206 0.782078 0.732197 0.783598 0.72791 0.786352 0.723057 0.788547 0.718486 0.789277 0.715464 0.789672 0.711738 0.789559 0.707378 0.788547 0.704775 0.786016 0.704707 0.784215 0.707026
1 0.78309 0.689941 0.780109 0.692964 0.778309 0.695283 0.777465 0.697954 0.777352 0.700347 0.777973 0.702876 0.779941 0.704004 0.783371 0.703301 0.786746 0.701753 0.790402 0.701401 0.794621 0.699854 0.796703 0.697603 0.799008 0.695493 0.800977 0.69437 0.803848 0.693174 0.803902 0.690645 0.801035 0.688535 0.797434 0.685933 0.791922 0.685088 0.786633 0.687129
1 0.760977 0.694922 0.754738 0.692261 0.752828 0.692329 0.750859 0.693315 0.750184 0.69479 0.750578 0.697817 0.751703 0.70063 0.751926 0.703091 0.752715 0.70562 0.756258 0.709556 0.76132 0.711104 0.766328 0.7123 0.77077 0.711948 0.772797 0.710122 0.77184 0.706885 0.769141 0.702876 0.764582 0.696899
1 0.763965 0.73874 0.761547 0.736626 0.76059 0.735923 0.759465 0.734028 0.75907 0.73269 0.756652 0.732407 0.755133 0.733462 0.753727 0.735435 0.753008 0.737891 0.752383 0.740234 0.752883 0.742534 0.754023 0.744141 0.754516 0.747104 0.756707 0.7502 0.759453 0.752637 0.762539 0.753174 0.766102 0.752729 0.769363 0.752798 0.774426 0.752798 0.77527 0.750127 0.774371 0.745981 0.771613 0.742183 0.768746 0.740073 0.766215 0.739302
1 0.731867 0.6298 0.73018 0.631265 0.727602 0.63355 0.725961 0.635366 0.722492 0.64064 0.721602 0.641812 0.72193 0.642983 0.72357 0.643159 0.725539 0.643511 0.727414 0.645796 0.72957 0.647847 0.73093 0.648843 0.733461 0.648843 0.735195 0.64814 0.737258 0.646851 0.734586 0.649429 0.733086 0.650015 0.732523 0.651421 0.732477 0.65353 0.733742 0.654468 0.735805 0.654351 0.738898 0.652065 0.741477 0.650542 0.74307 0.648901 0.743352 0.646558 0.744242 0.642866 0.746352 0.63771 0.746867 0.635425 0.746633 0.633608 0.744992 0.633667 0.74443 0.633491 0.743961 0.630444 0.742648 0.628394 0.741242 0.627515 0.737492 0.627925 0.733695 0.628511
2 0.694273 0.651479 0.696195 0.656167 0.697695 0.659741 0.699992 0.660796 0.70093 0.661851 0.701633 0.663901 0.702945 0.665952 0.705102 0.667651 0.707492 0.66771 0.709367 0.665659 0.709789 0.66355 0.708805 0.657163 0.706227 0.650132 0.705055 0.647612 0.702945 0.645327 0.700695 0.642515 0.699898 0.640347 0.69882 0.639409 0.697086 0.640171 0.69568 0.641929 0.694508 0.643921 0.694086 0.645972 0.694086 0.648315
1 0.690992 0.663901 0.687289 0.667593 0.686305 0.670054 0.68532 0.673394 0.68443 0.675854 0.684383 0.678433 0.684711 0.681128 0.684758 0.68394 0.684758 0.688042 0.684992 0.690386 0.686586 0.692554 0.688133 0.692319 0.690383 0.689976 0.691414 0.68728 0.693664 0.684116 0.693617 0.681597 0.695164 0.67896 0.695305 0.676089 0.69657 0.673979 0.698008 0.671143 0.69868 0.66853 0.699523 0.664312 0.699898 0.662378 0.698914 0.661382 0.697133 0.660503 0.696102 0.659507 0.69432 0.660034 0.692539 0.662158
1 0.653961 0.686812 0.652039 0.689624 0.650398 0.692319 0.649273 0.695718 0.649039 0.700405 0.649039 0.703452 0.650117 0.706909 0.651477 0.707495 0.654055 0.707026 0.656211 0.705503 0.658789 0.703628 0.660289 0.701284 0.661086 0.698472 0.661789 0.695249 0.662539 0.691792 0.662773 0.690151 0.662773 0.687515 0.661836 0.685815 0.660852 0.684644 0.659492 0.68312 0.65832 0.682534 0.656727 0.682886 0.655461 0.684116
1 0.274766 0.816748 0.272031 0.818018 0.269141 0.82002 0.265977 0.821875 0.263672 0.822803 0.262773 0.82417 0.262969 0.82583 0.263477 0.82793 0.263828 0.831152 0.265117 0.833203 0.266914 0.833447 0.267578 0.832373 0.269453 0.832471 0.270898 0.833594 0.272539 0.834131 0.274688 0.834277 0.276719 0.833301 0.277891 0.832422 0.279258 0.831641 0.281914 0.829932 0.284062 0.828174 0.286875 0.82583 0.288789 0.824316 0.289961 0.823047 0.290898 0.82085 0.290937 0.818555 0.286797 0.816455 0.28332 0.815771 0.281211 0.815283 0.278281 0.814502 0.276289 0.815381
1 0.280242 0.832261 0.27825 0.83397 0.277859 0.835972 0.277355 0.838267 0.277898 0.839731 0.279617 0.840708 0.281961 0.842808 0.283254 0.844956 0.284695 0.846812 0.286687 0.847446 0.290285 0.848911 0.292937 0.849399 0.295242 0.849253 0.29634 0.84979 0.298367 0.850571 0.299773 0.85062 0.301809 0.848569 0.30368 0.847202 0.303836 0.845591 0.302664 0.843735 0.29966 0.842173 0.296414 0.838169 0.2945 0.835581 0.292703 0.832798 0.290398 0.83104 0.285988 0.830015 0.283254 0.829819 0.281219 0.83104
1 0.672164 0.737622 0.669352 0.739673 0.668742 0.741431 0.666539 0.745122 0.665273 0.747407 0.665273 0.749634 0.665227 0.752446 0.665273 0.754731 0.665836 0.757368 0.666586 0.759478 0.668227 0.759888 0.669445 0.758247 0.672164 0.757134 0.673664 0.755845 0.674648 0.75356 0.677086 0.752681 0.67793 0.751802 0.678117 0.75063 0.679055 0.749634 0.680836 0.747759 0.681117 0.746821 0.681164 0.743774 0.681445 0.742075 0.682336 0.740435 0.682945 0.738677 0.68257 0.737212 0.681633 0.73645 0.679945 0.735044 0.677414 0.733872 0.675352 0.734106 0.673477 0.735864
1 0.630551 0.755273 0.628246 0.757734 0.627512 0.761953 0.6265 0.765542 0.625656 0.768633 0.624812 0.771729 0.624418 0.774683 0.624418 0.776719 0.626949 0.778057 0.628527 0.779604 0.629371 0.780166 0.631449 0.779814 0.63325 0.776792 0.634656 0.773838 0.636055 0.771729 0.637582 0.770181 0.63775 0.76793 0.637809 0.764839 0.63927 0.762446 0.641012 0.761602 0.642309 0.760479 0.64259 0.758018 0.643262 0.75626 0.643824 0.753867 0.643824 0.751689 0.643488 0.750425 0.641969 0.749019 0.638707 0.749438 0.636797 0.751465 0.632422 0.753369
1 0.616969 0.682129 0.610547 0.681543 0.607828 0.683711 0.607641 0.686289 0.607828 0.689512 0.609609 0.692734 0.612187 0.693906 0.614062 0.695664 0.617109 0.697363 0.620672 0.699121 0.624188 0.697949 0.628125 0.696836 0.6315 0.695957 0.632906 0.694434 0.633328 0.690977 0.631922 0.687813 0.630938 0.685879 0.627094 0.683125 0.622875 0.682773 0.618984 0.682422
2 0.604406 0.656758 0.601641 0.652656 0.598781 0.65002 0.595969 0.648965 0.593859 0.648262 0.592453 0.650254 0.592219 0.652539 0.592969 0.656465 0.594469 0.65793 0.595594 0.660098 0.597422 0.663203 0.598875 0.666016 0.601406 0.668594 0.604078 0.670234 0.605719 0.671406 0.608437 0.671934 0.611203 0.670176 0.611766 0.666895 0.609 0.662852 0.606984 0.659805
1 0.620953 0.652363 0.619766 0.653418 0.619266 0.655293 0.617953 0.658398 0.617953 0.660566 0.617953 0.663906 0.618469 0.66502 0.618938 0.667012 0.619125 0.669473 0.619266 0.672988 0.618797 0.675508 0.619031 0.677266 0.620016 0.678555 0.621891 0.679492 0.624094 0.679492 0.626344 0.678496 0.627375 0.67709 0.628922 0.674687 0.629156 0.669648 0.629109 0.664551 0.628547 0.660859 0.628172 0.657227 0.625828 0.653242 0.624797 0.650723 0.623766 0.650371 0.622594 0.650957
1 0.606047 0.635312 0.600797 0.63373 0.595734 0.634492 0.592734 0.635601 0.591187 0.63666 0.589828 0.639238 0.590062 0.642397 0.591703 0.643691 0.595266 0.644863 0.599484 0.646563 0.606047 0.648027 0.610922 0.648555 0.616406 0.648848 0.618422 0.646855 0.618609 0.643862 0.616594 0.640703 0.612281 0.637476 0.608203 0.635957
1 0.510762 0.670962 0.509309 0.672778 0.508934 0.675649 0.509355 0.677349 0.510293 0.68063 0.510715 0.682622 0.512121 0.683618 0.514137 0.684204 0.514746 0.685786 0.516574 0.687134 0.518121 0.687603 0.52009 0.687603 0.52173 0.685962 0.521777 0.682563 0.520652 0.677876 0.518555 0.673486 0.517031 0.670752 0.515703 0.668262 0.513996 0.667974 0.512449 0.66938
1 0.487465 0.664805 0.488496 0.667676 0.488496 0.670137 0.488074 0.671543 0.488496 0.673652 0.489574 0.674419 0.490559 0.675937 0.491215 0.678398 0.491777 0.681035 0.492621 0.683086 0.493605 0.685078 0.494496 0.686836 0.495949 0.687891 0.497684 0.687363 0.499277 0.685957 0.501434 0.684727 0.501527 0.682383 0.500918 0.676821 0.500449 0.673652 0.499746 0.671016 0.498996 0.667559 0.498293 0.665742 0.49684 0.664219 0.495902 0.663574 0.493605 0.663638 0.492996 0.662285 0.492621 0.661523 0.491121 0.661348 0.489012 0.661406 0.487934 0.662109 0.487371 0.663457
1 0.474105 0.667031 0.471059 0.669199 0.467121 0.671953 0.463652 0.674121 0.460746 0.677109 0.45948 0.681152 0.459434 0.684316 0.459105 0.686895 0.460512 0.688359 0.463137 0.687949 0.465574 0.687012 0.467777 0.686953 0.470355 0.684902 0.475418 0.681094 0.47748 0.678286 0.480809 0.673301 0.482824 0.67125 0.483809 0.669087 0.482824 0.667148 0.480762 0.664805 0.479824 0.66375 0.478418 0.663574 0.477199 0.664395 0.475512 0.66563
1 0.525273 0.745605 0.522344 0.751074 0.520195 0.756982 0.518867 0.762158 0.518828 0.767773 0.52 0.772119 0.522148 0.775098 0.523828 0.775586 0.525273 0.773877 0.525859 0.771924 0.527187 0.767285 0.530469 0.761719 0.532656 0.757764 0.533008 0.754102 0.534375 0.749951 0.535273 0.748291 0.534766 0.745215 0.533047 0.742676 0.532227 0.741797 0.530508 0.741699 0.53 0.740576 0.528633 0.739648 0.527227 0.740674 0.526836 0.74209 0.526602 0.743066
1 0.709 0.863076 0.711676 0.868037 0.713293 0.871074 0.714754 0.872695 0.71791 0.872695 0.720504 0.87168 0.720504 0.866416 0.719773 0.859229 0.718316 0.854268 0.715156 0.850825 0.711188 0.848799 0.706813 0.848799 0.705438 0.847686 0.70398 0.845864 0.702359 0.846772 0.701793 0.848091 0.700578 0.850215 0.700336 0.852139 0.702766 0.856294 0.704789 0.860342
2 0.767086 0.833188 0.764668 0.833472 0.762305 0.835649 0.761238 0.8379 0.761574 0.839727 0.763824 0.842329 0.765961 0.843667 0.770238 0.84458 0.77468 0.843242 0.777438 0.841064 0.778 0.83832 0.778 0.833472 0.776086 0.830518 0.775523 0.829253 0.772656 0.82855 0.770195 0.830176 0.768043 0.832485
2 0.815238 0.82229 0.809555 0.819194 0.805898 0.819126 0.79943 0.819194 0.796719 0.820947 0.796281 0.824399 0.796281 0.826299 0.797461 0.828125 0.799316 0.829038 0.803707 0.829038 0.805281 0.831782 0.807191 0.834663 0.809051 0.836704 0.811469 0.838462 0.813492 0.838672 0.817316 0.837197 0.819906 0.834736 0.82075 0.831431 0.820625 0.829102 0.819344 0.827705 0.817094 0.826226 0.816586 0.824819
2 0.808297 0.841909 0.807227 0.84479 0.804977 0.848164 0.803121 0.849995 0.802109 0.852734 0.802219 0.854917 0.803625 0.85583 0.806438 0.854282 0.809141 0.851401 0.812234 0.849854 0.814203 0.847461 0.814258 0.844932 0.812684 0.842822 0.811672 0.841909 0.810266 0.841484
2 0.833238 0.791973 0.830707 0.794575 0.829973 0.797388 0.830086 0.800552 0.830707 0.803013 0.83127 0.8054 0.832957 0.805825 0.835938 0.807231 0.836781 0.808496 0.838582 0.808564 0.839031 0.806738 0.839254 0.802798 0.840211 0.799985 0.84066 0.797598 0.840211 0.794224 0.839594 0.793096 0.83875 0.792603 0.835938 0.791763
1 0.87984 0.951123 0.878703 0.957197 0.878703 0.962363 0.880488 0.966919 0.885102 0.97188 0.891258 0.972183 0.892395 0.969854 0.893445 0.967017 0.893527 0.96145 0.891988 0.956387 0.889641 0.951323 0.888426 0.948188 0.886316 0.946162 0.88316 0.947881 0.881539 0.948389
2 0.896523 0.970562 0.89418 0.970361 0.891906 0.973901 0.891664 0.977446 0.895309 0.981396 0.897254 0.981597 0.90009 0.979878 0.900414 0.977549 0.900414 0.973804 0.89798 0.970864
2 0.886641 0.921455 0.884617 0.924292 0.883887 0.92915 0.883645 0.932695 0.884535 0.934722 0.886723 0.93563 0.887937 0.935835 0.889395 0.935732 0.892313 0.933203 0.893125 0.929346 0.893203 0.923584 0.892148 0.921758 0.889883 0.920952 0.888281 0.920752
2 0.534914 0.299517 0.532891 0.301948 0.532406 0.30438 0.531352 0.305898 0.531191 0.309644 0.531191 0.312476 0.53127 0.314199 0.530621 0.316323 0.52957 0.318149 0.529977 0.319766 0.530137 0.320884 0.530055 0.322905 0.52957 0.326147 0.529813 0.327769 0.529977 0.329995 0.530055 0.331816 0.532242 0.332729 0.533699 0.332524 0.535402 0.330498 0.536453 0.326958 0.537832 0.323311 0.539531 0.321289 0.540992 0.318555 0.54107 0.316021 0.542207 0.313794 0.54318 0.312275 0.542691 0.308936 0.541801 0.307012 0.541559 0.304175 0.540102 0.30144 0.540102 0.299316 0.539289 0.297495 0.537102 0.29709 0.535645 0.297896
1 0.568855 0.335869 0.566828 0.334854 0.561969 0.335059 0.558164 0.334146 0.556301 0.334653 0.555328 0.336577 0.554437 0.338398 0.553871 0.340728 0.554031 0.342456 0.555328 0.344282 0.557191 0.345889 0.560352 0.347407 0.562617 0.349233 0.566426 0.350752 0.572582 0.350044 0.574688 0.349536 0.577035 0.348521 0.578414 0.346499 0.577766 0.343765 0.576387 0.34022 0.573715 0.338701 0.57007 0.336675
1 0.562859 0.299316 0.559766 0.30376 0.558984 0.306787 0.558086 0.310742 0.559781 0.313491 0.562859 0.314199 0.566992 0.312578 0.568449 0.310654 0.568438 0.305371 0.568531 0.301743 0.567316 0.298506 0.564887 0.297695
1 0.583004 0.398022 0.578957 0.396001 0.5745 0.395391 0.57134 0.395796 0.569801 0.397314 0.569398 0.399136 0.569234 0.402681 0.571828 0.406123 0.57434 0.408452 0.579441 0.4123 0.58584 0.414629 0.589484 0.414829 0.59232 0.413213 0.592809 0.410986 0.59159 0.407744 0.586812 0.401162
1 0.569965 0.371094 0.56802 0.36856 0.566805 0.365522 0.563973 0.364609 0.562836 0.366128 0.562754 0.367852 0.562754 0.371294 0.562754 0.374331 0.562852 0.377246 0.562852 0.38042 0.563648 0.38395 0.564293 0.386074 0.565105 0.388911 0.56632 0.389419 0.567453 0.391543 0.56891 0.39438 0.569316 0.394985 0.570047 0.396406 0.571262 0.396606 0.572801 0.394888 0.573527 0.393872 0.574988 0.393569 0.576914 0.392578 0.576914 0.390332 0.575391 0.386074 0.5745 0.383242 0.573359 0.379004 0.57134 0.373418
2 0.559797 0.350806 0.558703 0.352563 0.55843 0.355396 0.558547 0.358618 0.55882 0.359692 0.560031 0.359595 0.561555 0.357837 0.564172 0.358569 0.564914 0.357642 0.565188 0.355054 0.56468 0.353052 0.563234 0.351343 0.561789 0.350269
2 0.493629 0.376069 0.490594 0.377842 0.487758 0.379697 0.486207 0.380967 0.484047 0.383242 0.483773 0.387798 0.48418 0.389995 0.485461 0.391514 0.489852 0.391597 0.493898 0.391934 0.496602 0.393198 0.500312 0.392017 0.503012 0.389404 0.504227 0.384507 0.504969 0.381216 0.50659 0.377168 0.504902 0.372358 0.499637 0.372275 0.495586 0.374722
1 0.437121 0.25603 0.436781 0.260083 0.436715 0.265483 0.436445 0.268857 0.435973 0.271895 0.436445 0.27333 0.439008 0.27417 0.440832 0.273921 0.44225 0.272905 0.442453 0.270796 0.443871 0.270205 0.445152 0.269277 0.447109 0.267002 0.447852 0.264805 0.447988 0.261685 0.448324 0.26084 0.448121 0.258394 0.449203 0.256792 0.44927 0.25333 0.44866 0.250293 0.447918 0.248267 0.447312 0.247002 0.447176 0.245229 0.446973 0.244219 0.445758 0.243374 0.444141 0.243545 0.442926 0.243711 0.442184 0.245317 0.441844 0.247173 0.441238 0.247847 0.440695 0.247085 0.440695 0.245229 0.440156 0.24481 0.438875 0.24481 0.438063 0.245063 0.437727 0.245483 0.437391 0.246665 0.437391 0.248691 0.437863 0.250376 0.437121 0.253076
1 0.483531 0.197769 0.47948 0.199878 0.476852 0.20106 0.475164 0.203169 0.474219 0.205703 0.474148 0.208652 0.474758 0.213125 0.475027 0.214561 0.476781 0.215405 0.478133 0.21498 0.479211 0.215405 0.481574 0.215234 0.485961 0.213804 0.487516 0.21355 0.489336 0.213716 0.490418 0.215068 0.491902 0.216333 0.493793 0.216079 0.495008 0.214731 0.495684 0.212451 0.495816 0.20916 0.496695 0.205703 0.49575 0.201484 0.493656 0.197939 0.491563 0.195557 0.4875 0.195166 0.485898 0.195898
2 0.563359 0.425093 0.559375 0.423911 0.554379 0.423911 0.55202 0.424839 0.551816 0.427202 0.552625 0.428721 0.554719 0.428721 0.555324 0.429565 0.553234 0.430664 0.552691 0.432012 0.553301 0.433276 0.554852 0.434121 0.557891 0.43606 0.559375 0.437329 0.558633 0.439268 0.557012 0.439941 0.554988 0.440786 0.552625 0.441377 0.552289 0.442222 0.552289 0.445176 0.553504 0.446606 0.556676 0.44644 0.562684 0.44627 0.567543 0.44585 0.573211 0.443657 0.576184 0.441631 0.577602 0.43876 0.573957 0.431001 0.56875 0.426367
1 0.349273 0.3723 0.348238 0.373745 0.347359 0.375288 0.347082 0.376733 0.348039 0.379473 0.348516 0.381963 0.349074 0.384204 0.350309 0.385146 0.35266 0.388237 0.355527 0.392021 0.35732 0.39272 0.358 0.39272 0.358039 0.391621 0.357719 0.390625 0.35748 0.390181 0.358277 0.391177 0.359035 0.392222 0.360391 0.392173 0.361465 0.391724 0.36298 0.391177 0.363258 0.38938 0.363258 0.387539 0.363258 0.386045 0.363578 0.383755 0.363777 0.381411 0.363578 0.379272 0.363578 0.377925 0.363816 0.373745 0.363098 0.371553 0.362063 0.368813 0.360309 0.367319 0.359832 0.365972 0.357801 0.365576 0.356805 0.365874 0.356125 0.366968 0.355328 0.368115 0.354293 0.36896 0.353059 0.369209 0.351703 0.369707 0.351602 0.368506 0.351066 0.367769 0.350508 0.368213 0.35007 0.369312 0.349633 0.370854
1 0.360223 0.35437 0.359523 0.356519 0.359328 0.358228 0.360027 0.360474 0.360656 0.362085 0.361199 0.364038 0.361395 0.36687 0.361477 0.368481 0.362063 0.369263 0.362918 0.370386 0.364172 0.371704 0.364953 0.372729 0.365734 0.373804 0.366516 0.374146 0.36823 0.37395 0.368859 0.372583 0.369559 0.372095 0.371242 0.370874 0.371398 0.369556 0.371242 0.368286 0.370926 0.367017 0.371203 0.365649 0.371316 0.364185 0.37116 0.362134 0.371355 0.361206 0.371828 0.360229 0.371941 0.358472 0.371551 0.356958 0.371047 0.35481 0.370574 0.353198 0.369641 0.351392 0.368672 0.350244 0.367449 0.350024 0.365539 0.351343 0.363 0.352368 0.36116 0.352954
1 0.373348 0.386401 0.371004 0.386255 0.36823 0.38689 0.367059 0.388159 0.367098 0.389136 0.367762 0.390161 0.367098 0.391089 0.364832 0.392261 0.36284 0.393091 0.360691 0.394751 0.359246 0.396118 0.35948 0.397827 0.359832 0.399829 0.360418 0.402124 0.36159 0.403687 0.364129 0.404663 0.366941 0.407202 0.37077 0.408423 0.375145 0.408472 0.377918 0.407397 0.379285 0.406128 0.380027 0.404077 0.381941 0.40271 0.384246 0.401733 0.384363 0.399292 0.385535 0.397388 0.384441 0.394409 0.38241 0.392847 0.380574 0.390112 0.377879 0.387573 0.375887 0.386694
1 0.421832 0.378447 0.419629 0.381904 0.418082 0.38542 0.417051 0.38835 0.417191 0.390928 0.416254 0.393682 0.416066 0.396143 0.415785 0.40001 0.415785 0.402764 0.416488 0.404814 0.418129 0.4054 0.421738 0.403936 0.426895 0.399424 0.429332 0.396787 0.430785 0.393389 0.431441 0.390049 0.431348 0.386592 0.43102 0.383955 0.431488 0.380088 0.430785 0.37833 0.428676 0.376104 0.426988 0.373643 0.426285 0.372881 0.425207 0.371885 0.424551 0.372178 0.424223 0.373467 0.424035 0.374873 0.423848 0.376631 0.423004 0.377393
1 0.457691 0.383428 0.454738 0.383545 0.45202 0.383955 0.450707 0.385303 0.450191 0.386357 0.450145 0.388643 0.451223 0.390518 0.453437 0.393262 0.455664 0.397949 0.456758 0.398682 0.460508 0.400439 0.46327 0.40083 0.466785 0.401826 0.469035 0.402119 0.474332 0.402178 0.475973 0.401416 0.476723 0.3996 0.476676 0.396846 0.475738 0.394795 0.476066 0.39333 0.474848 0.391338 0.47152 0.388936 0.466926 0.385771 0.461254 0.383838
1 0.473211 0.356885 0.470773 0.356709 0.469367 0.357471 0.468008 0.359404 0.466414 0.3621 0.464863 0.364971 0.463133 0.3679 0.462992 0.369189 0.462992 0.37124 0.463785 0.372998 0.465336 0.374053 0.468898 0.37417 0.474008 0.374053 0.480383 0.373818 0.48277 0.372705 0.483707 0.370889 0.485492 0.369072 0.487035 0.366963 0.486801 0.363623 0.48507 0.361396 0.481598 0.358174 0.476254 0.357178
1 0.613367 0.524434 0.610805 0.526885 0.608105 0.529922 0.606145 0.532031 0.604527 0.533633 0.604391 0.535488 0.604457 0.538022 0.606215 0.539624 0.607766 0.540298 0.609992 0.543252 0.612695 0.545107 0.615867 0.54519 0.61877 0.545107 0.621738 0.543081 0.625113 0.540298 0.626531 0.537935 0.628016 0.535488 0.627883 0.532788 0.62552 0.530767 0.62309 0.528486 0.621266 0.527642 0.619781 0.526631 0.618699 0.524775 0.618094 0.524097 0.616 0.524014 0.615191 0.524014
2 0.630785 0.512202 0.628625 0.508994 0.626938 0.50832 0.625586 0.50832 0.624305 0.508911 0.623359 0.510264 0.623223 0.512202 0.623492 0.514058 0.62498 0.516001 0.625652 0.516758 0.625047 0.519038 0.62498 0.52022 0.62491 0.522412 0.62491 0.52376 0.625383 0.523931 0.62707 0.523506 0.62707 0.523594 0.625652 0.525195 0.624707 0.52604 0.624574 0.526631 0.624574 0.528403 0.624844 0.530005 0.626059 0.532451 0.628555 0.533467 0.630918 0.533467 0.632809 0.534307 0.634359 0.535576 0.638207 0.53667 0.64084 0.53667 0.645902 0.535913 0.646918 0.534307 0.647457 0.532451 0.645973 0.531357 0.644418 0.531187 0.645902 0.530088 0.648469 0.529497 0.649953 0.528403 0.651371 0.527559 0.650359 0.525449 0.649617 0.524185 0.649617 0.523257 0.651035 0.522495 0.651641 0.520723 0.650965 0.519541 0.648941 0.518867 0.647457 0.518022 0.646367 0.516016 0.64582 0.514893 0.643543 0.514395 0.642598 0.514395 0.640504 0.513975 0.63848 0.513975 0.635375 0.513975 0.632133 0.513638
1 0.767961 0.0914844 0.773738 0.0895752 0.780363 0.0876611 0.783254 0.087876 0.7875 0.094248 0.7875 0.094248 0.78648 0.0984961 0.780363 0.100405 0.777305 0.100405 0.773059 0.100405 0.76898 0.0974316 0.768469 0.0946729 0.765922 0.092334
1 0.792121 0.094668 0.796031 0.0914844 0.79909 0.092124 0.804187 0.092124 0.805887 0.092334 0.807414 0.0929736 0.813531 0.0980713 0.817102 0.0999805 0.818969 0.10168 0.821688 0.103164 0.824234 0.104863 0.824746 0.110176 0.821516 0.113999 0.817441 0.112725 0.812512 0.109961 0.808434 0.106777 0.803676 0.104863 0.800277 0.103589 0.798238 0.102954 0.792121 0.100405 0.788895 0.0980713
1 0.91616 0.00270508 0.912762 0.00695313 0.91123 0.00822754 0.910723 0.0103516 0.910723 0.0129004 0.908684 0.016084 0.907492 0.0145996 0.908172 0.0126855 0.909703 0.00971191 0.908004 0.0177832 0.908004 0.0190576 0.907664 0.020332 0.907492 0.0216064 0.909703 0.0205469 0.91327 0.0165088 0.91225 0.0186328 0.915141 0.0171484 0.918879 0.0133252 0.922445 0.00844238 0.926355 0.00631836 0.927371 0.00525391 0.928562 0.00376953 0.929582 0.0012207
1 0.897809 0.00249512 0.89577 0.00589355 0.89543 0.00716797 0.894238 0.0122607 0.892371 0.0154492 0.892199 0.016084 0.889145 0.0216064 0.888633 0.0243701 0.888633 0.0294678 0.887273 0.0294678 0.887105 0.0326514 0.887613 0.0358398 0.890164 0.0337158 0.892371 0.0301025 0.893391 0.0279785 0.89577 0.0237305 0.896957 0.0211816 0.899336 0.015874 0.900867 0.00971191 0.902055 0.00907715 0.904434 0.0044043 0.904434 0.0044043 0.905113 0.000795898
1 0.886766 0.00652832 0.884047 0.0107764 0.882008 0.0165088 0.881156 0.0192725 0.880137 0.0228809 0.879629 0.0260693 0.879457 0.0279785 0.878949 0.0292529 0.878438 0.0320166 0.87793 0.0358398 0.877418 0.0396631 0.877078 0.0422119 0.878098 0.0413623 0.879117 0.0375391 0.880137 0.035625 0.882516 0.031377 0.883707 0.0273438 0.885746 0.0235205 0.887613 0.0192725 0.889652 0.0126855 0.889824 0.00652832 0.89084 0.00844238
1 0.881156 0.00334473 0.87759 0.00567871 0.876059 0.00759277 0.87402 0.00971191 0.87232 0.0126855 0.871813 0.0135352 0.869262 0.0165088 0.868754 0.0171484 0.866883 0.0192725 0.866203 0.0222461 0.864676 0.0241553 0.863656 0.0260693 0.863656 0.0288281 0.864676 0.0298926 0.867734 0.0305273 0.871301 0.0260693 0.874531 0.0218213 0.87657 0.0167236 0.880477 0.0126855 0.880477 0.0109863 0.883027 0.00525391 0.883195 0.00312988
1 0.865863 0.00716797 0.859746 0.00759277 0.85652 0.00822754 0.851422 0.0101367 0.849895 0.0129004 0.849383 0.01396 0.846496 0.0190576 0.846324 0.0205469 0.845816 0.0230957 0.845816 0.0260693 0.849043 0.0273438 0.849895 0.0269189 0.857027 0.0247949 0.858559 0.0235205 0.861785 0.0199072 0.864336 0.0154492 0.865863 0.0114111 0.867223 0.00759277
1 0.858559 0.0141748 0.859238 0.011626 0.862297 0.00907715 0.865184 0.00695313 0.867734 0.00652832 0.868922 0.00631836 0.868922 0.0107764 0.868414 0.01396 0.867902 0.0165088 0.867223 0.0192725 0.866715 0.0224561 0.862637 0.0260693 0.858559 0.0279785 0.85652 0.0288281 0.851594 0.0279785 0.85448 0.0230957 0.85618 0.017998 0.857199 0.015874
