1 0.168867 0.414844 0.157422 0.419434 0.142969 0.42627 0.133594 0.437988 0.132812 0.443848 0.134766 0.445801 0.139063 0.446289 0.155469 0.436035 0.163281 0.427246
1 0.120703 0.450684 0.122656 0.459473 0.127734 0.466797 0.136719 0.469727 0.141406 0.469727 0.144141 0.467773 0.14375 0.460938 0.137891 0.454102 0.122266 0.448242
1 0.191016 0.506836 0.191016 0.510254 0.196484 0.522461 0.200781 0.52832 0.207031 0.530762 0.215234 0.530762 0.217578 0.529297 0.217578 0.524902 0.201953 0.509766 0.194141 0.505859
1 0.205859 0.615723 0.205078 0.620605 0.211719 0.630859 0.228125 0.649902 0.231641 0.649902 0.231641 0.642578 0.226172 0.628418 0.217188 0.618652 0.210156 0.615234
1 0.166406 0.644531 0.165234 0.643066 0.150391 0.642578 0.138281 0.649414 0.130937 0.656689 0.138672 0.658691 0.148047 0.658691 0.157812 0.653809 0.166016 0.646973
1 0.382031 0.572266 0.382031 0.578125 0.383984 0.583496 0.392578 0.591797 0.401562 0.592773 0.404687 0.591309 0.407422 0.587402 0.410898 0.581104 0.403906 0.578125 0.388281 0.570801 0.384766 0.570312
2 0.75625 0.354004 0.752734 0.364746 0.754297 0.371582 0.762891 0.382324 0.767969 0.382324 0.769141 0.375977 0.762109 0.36084 0.760547 0.354004
1 0.43707 0.604492 0.428906 0.601074 0.419922 0.603027 0.410156 0.611328 0.408594 0.619141 0.414062 0.621582 0.423438 0.619141 0.434766 0.61084
1 0.332813 0.69043 0.329688 0.695312 0.330469 0.70459 0.337891 0.728027 0.341797 0.730469 0.344141 0.722168 0.34375 0.705566 0.340625 0.696289 0.334766 0.684229
1 0.294922 0.759277 0.294922 0.76416 0.303516 0.763672 0.308203 0.765137 0.31875 0.774902 0.321094 0.774414 0.31875 0.759766 0.313672 0.753906 0.303516 0.75293
1 0.287891 0.745605 0.282422 0.750488 0.280859 0.757324 0.277344 0.76416 0.277734 0.768555 0.283984 0.77002 0.286719 0.768066 0.290234 0.75293 0.289844 0.748535
1 0.367188 0.777344 0.368359 0.780762 0.372266 0.782227 0.380859 0.790527 0.384375 0.791992 0.401953 0.789551 0.404297 0.787109 0.403906 0.782227 0.400781 0.779785 0.385156 0.772949 0.369531 0.773926
1 0.344531 0.733398 0.343359 0.735352 0.345313 0.760254 0.353125 0.783203 0.357812 0.784668 0.359375 0.78125 0.359375 0.774414 0.356641 0.756836 0.350391 0.739746 0.346094 0.733398
1 0.590234 0.72998 0.5875 0.731934 0.588672 0.736328 0.587891 0.759277 0.589453 0.761719 0.592578 0.762207 0.595313 0.758301 0.596875 0.749512 0.59375 0.731934 0.592578 0.72998
1 0.610938 0.756348 0.608203 0.762207 0.608984 0.774902 0.611719 0.780762 0.615234 0.782227 0.61875 0.775391 0.619531 0.763184 0.615625 0.756836
1 0.682422 0.725098 0.676562 0.726074 0.673047 0.729492 0.666016 0.744141 0.665625 0.748535 0.666797 0.750488 0.671484 0.751953 0.678516 0.744629 0.683203 0.735352 0.683984 0.728027
1 0.608984 0.677734 0.606641 0.67627 0.601562 0.680176 0.588281 0.686035 0.58125 0.693359 0.585156 0.695312 0.595313 0.694336 0.606641 0.685059 0.608594 0.682129
1 0.604297 0.669434 0.602344 0.668945 0.599609 0.671387 0.588281 0.671387 0.585156 0.672852 0.575391 0.682129 0.573438 0.685547 0.573438 0.689453 0.575391 0.690918 0.583594 0.689453 0.586719 0.685547 0.596484 0.678711
1 0.579688 0.640625 0.575391 0.643066 0.573828 0.653809 0.575781 0.660156 0.579297 0.666504 0.583203 0.666016 0.585547 0.661621 0.586328 0.649414 0.584766 0.643066
0 0.0580859 0.745947 0.0503906 0.744141 0.0402344 0.742676 0.0328125 0.746582 0.0228906 0.755713 0.0339844 0.757812 0.0429688 0.757812 0.0496094 0.753906
0 0.572305 0.747266 0.565508 0.741895 0.560156 0.738281 0.54375 0.739258 0.540234 0.742676 0.540625 0.745605 0.543359 0.748047 0.55625 0.751465
0 0.634453 0.611572 0.638672 0.62793 0.638281 0.643066 0.630078 0.657715 0.628125 0.651855 0.628125 0.628906 0.630859 0.621582
0 0.74375 0.69043 0.742188 0.694336 0.742188 0.70459 0.74375 0.712402 0.747266 0.71875 0.753125 0.719238 0.755078 0.716797 0.755078 0.711426 0.752734 0.702637 0.748437 0.694336
0 0.763281 0.60498 0.769531 0.609375 0.780078 0.61084 0.786719 0.607422 0.790625 0.599609 0.7875 0.597168 0.775 0.596191 0.766406 0.599609 0.763281 0.602539
0 0.596484 0.0576172 0.590234 0.0585938 0.583633 0.0638672 0.577305 0.0710937 0.571562 0.0777344 0.582305 0.0773926 0.587109 0.0745605 0.591797 0.0737305 0.597656 0.0639648 0.600586 0.0563965
0 0.785937 0.414062 0.783984 0.411133 0.767188 0.414062 0.751563 0.424316 0.748437 0.428711 0.753516 0.430664 0.771875 0.427246 0.777734 0.424316 0.783984 0.418457
1 0.280078 0.27002 0.278906 0.267578 0.262891 0.266113 0.245703 0.272949 0.24375 0.276855 0.248438 0.280762 0.263281 0.281738 0.278906 0.272949
1 0.202344 0.330078 0.200391 0.334961 0.204297 0.350586 0.217188 0.368164 0.219922 0.366211 0.219922 0.36084 0.216406 0.346191 0.209375 0.33252 0.205859 0.32959
1 0.14375 0.341309 0.145313 0.345703 0.15625 0.361328 0.159766 0.363281 0.164062 0.362305 0.162891 0.352539 0.158203 0.346191 0.147656 0.339355
1 0.151953 0.362793 0.148047 0.364258 0.141797 0.375977 0.141016 0.386719 0.142578 0.39502 0.147266 0.393066 0.152734 0.384766 0.155078 0.378418 0.155859 0.372559
1 0.555859 0.649414 0.550781 0.645508 0.540625 0.645996 0.533594 0.648438 0.523438 0.658203 0.521875 0.663574 0.526172 0.665039 0.5375 0.662598 0.553906 0.653809
2 0.674219 0.446289 0.669141 0.447754 0.664453 0.45459 0.655859 0.471191 0.654687 0.47998 0.657813 0.479492 0.6625 0.475586 0.669531 0.466309 0.675 0.45166
0 0.567305 0.722363 0.572656 0.740234 0.578516 0.749023 0.586641 0.761035 0.585156 0.745605 0.584375 0.736328 0.576953 0.72998
1 0.567578 0.719727 0.569922 0.72168 0.586328 0.725098 0.592578 0.725098 0.599609 0.721191 0.598047 0.71582 0.590234 0.712891 0.581641 0.712891 0.569141 0.717285
1 0.627734 0.572754 0.625781 0.574707 0.625391 0.584473 0.621875 0.602539 0.622656 0.607422 0.627344 0.604492 0.631641 0.597168 0.633984 0.589355 0.632812 0.578125
1 0.591797 0.572266 0.592578 0.577148 0.601172 0.583496 0.608594 0.584473 0.616328 0.58584 0.608594 0.572266 0.603125 0.567871 0.596875 0.567383
1 0.676211 0.592773 0.670469 0.596191 0.680469 0.603516 0.685156 0.609863 0.696484 0.617676 0.701953 0.617188 0.702344 0.612793 0.700391 0.605957 0.693359 0.596191 0.685156 0.59082 0.68125 0.59082
1 0.652344 0.567383 0.655469 0.570801 0.669141 0.577637 0.677734 0.577148 0.682813 0.573242 0.681641 0.568848 0.677734 0.564941 0.666016 0.55957 0.658984 0.560059 0.654297 0.563477
1 0.737891 0.541016 0.728906 0.539062 0.719922 0.541016 0.713281 0.548828 0.708984 0.556641 0.707812 0.564941 0.714453 0.564453 0.737109 0.545898
1 0.699609 0.501953 0.695312 0.500977 0.688672 0.504395 0.680859 0.51416 0.679688 0.521484 0.682422 0.522461 0.694922 0.515137 0.700781 0.505859
1 0.795703 0.516113 0.790625 0.515137 0.783594 0.518555 0.775391 0.526855 0.774609 0.530273 0.777344 0.532227 0.783984 0.532227 0.791797 0.529297 0.796094 0.522461
1 0.523047 0.518066 0.520703 0.518066 0.510156 0.526367 0.504297 0.533203 0.499609 0.541992 0.5 0.548828 0.512109 0.54248 0.523438 0.526367 0.524609 0.520508
1 0.489844 0.537598 0.486328 0.538086 0.478906 0.542969 0.476172 0.550293 0.477734 0.561035 0.481641 0.566406 0.486328 0.569336 0.489453 0.568848 0.491797 0.565918 0.491016 0.557617 0.487891 0.550781
1 0.483203 0.50293 0.479297 0.505371 0.473047 0.51416 0.471094 0.525879 0.474219 0.533203 0.478906 0.529785 0.483984 0.521484 0.485547 0.512207 0.485156 0.506836
1 0.467969 0.521973 0.463672 0.519043 0.454688 0.525391 0.448437 0.533203 0.448828 0.536133 0.452734 0.537109 0.466016 0.533691 0.469141 0.529297
1 0.637891 0.469238 0.635156 0.468262 0.633594 0.469727 0.626563 0.48584 0.624609 0.496094 0.620703 0.504883 0.621484 0.508301 0.623437 0.508301 0.630078 0.502441 0.637109 0.491211 0.639062 0.477051
1 0.664844 0.444824 0.660547 0.443848 0.649609 0.44873 0.641406 0.458008 0.639844 0.463867 0.646875 0.464355 0.660937 0.455078 0.665234 0.450195
1 0.642188 0.431641 0.635938 0.434082 0.632422 0.438965 0.629297 0.455078 0.630469 0.460938 0.634766 0.458008 0.639453 0.449707 0.642969 0.436035
1 0.603516 0.432617 0.607031 0.437012 0.617578 0.439453 0.623047 0.437012 0.627734 0.432617 0.628906 0.427734 0.627734 0.42627 0.606641 0.42627 0.603906 0.428711
1 0.674609 0.348145 0.671875 0.348633 0.665234 0.359863 0.660547 0.376953 0.661328 0.379395 0.669922 0.373047 0.674609 0.365723 0.676562 0.359375 0.676562 0.353516
1 0.700781 0.332031 0.695703 0.333008 0.683984 0.346191 0.68125 0.353516 0.682031 0.35791 0.686328 0.358398 0.695312 0.348633 0.700781 0.338867
1 0.616406 0.192383 0.617969 0.200195 0.623437 0.206055 0.632422 0.208008 0.642969 0.206055 0.642969 0.204102 0.638281 0.198242 0.630469 0.192383 0.623047 0.189941 0.618359 0.189941
1 0.679688 0.316895 0.676562 0.31543 0.664844 0.321289 0.655859 0.331055 0.651563 0.338379 0.653516 0.34082 0.658984 0.340332 0.668359 0.334961 0.677344 0.323242
1 0.816406 0.259766 0.810937 0.256836 0.798828 0.259766 0.794922 0.262695 0.794922 0.26709 0.801562 0.273438 0.806641 0.273438 0.816406 0.263184
1 0.594531 0.327637 0.59375 0.333984 0.594922 0.336914 0.602344 0.346191 0.607812 0.348633 0.619531 0.349121 0.621484 0.347168 0.621094 0.344727 0.607422 0.331543 0.597656 0.32666
1 0.645312 0.234863 0.642969 0.237305 0.642188 0.242188 0.64375 0.253418 0.645312 0.257812 0.643672 0.281885 0.652734 0.255859 0.653906 0.25293 0.653906 0.244141 0.651172 0.237305
1 0.721484 0.293945 0.724219 0.29834 0.734766 0.304199 0.755469 0.305664 0.762109 0.303223 0.760547 0.297363 0.743359 0.289551 0.724609 0.290527
1 0.670312 0.23584 0.66875 0.242676 0.671484 0.25293 0.676953 0.26123 0.68125 0.260742 0.679688 0.246582 0.673438 0.237305
1 0.676172 0.220703 0.682422 0.233887 0.696484 0.250977 0.700781 0.253906 0.705859 0.252441 0.705469 0.24707 0.695703 0.234375 0.684375 0.224121 0.677734 0.219727
1 0.869492 0.318359 0.863281 0.314941 0.857812 0.3125 0.848828 0.312012 0.8375 0.317871 0.834375 0.321289 0.830391 0.325244 0.838281 0.324707 0.850781 0.324707 0.862109 0.321289
1 0.946875 0.203125 0.942187 0.200684 0.933594 0.200684 0.926172 0.204102 0.921484 0.212402 0.920312 0.221191 0.923438 0.221191 0.937891 0.210449 0.946875 0.206055
1 0.965234 0.27832 0.969922 0.288086 0.977344 0.294922 0.982812 0.296875 0.99375 0.297363 0.994141 0.294922 0.991797 0.290527 0.983203 0.281738 0.974219 0.277832
1 0.852031 0.0219238 0.842969 0.0249023 0.832812 0.0332031 0.829297 0.0400391 0.827734 0.0478516 0.829297 0.0541992 0.833984 0.0527344 0.843359 0.0424805 0.847656 0.0341797
1 0.812891 0.00976562 0.811328 0.0078125 0.797266 0.00976562 0.786328 0.0205078 0.785937 0.0234375 0.786719 0.0249023 0.802734 0.0234375 0.810156 0.0180664
1 0.814688 0.0297363 0.807383 0.03125 0.800781 0.0332031 0.795312 0.0380859 0.792227 0.0422363 0.787891 0.0464844 0.78125 0.065918 0.783984 0.0664062 0.795703 0.0581055 0.807813 0.0454102 0.811328 0.0375977
1 0.853125 0.0869141 0.852734 0.0874023 0.851172 0.0874023 0.85 0.0888672 0.85 0.0913086 0.850391 0.0917969 0.850391 0.0927734 0.852344 0.0952148 0.852344 0.0957031 0.853125 0.0966797 0.853125 0.097168 0.853516 0.0976562 0.853516 0.0991211 0.854688 0.100586 0.855078 0.100586 0.855859 0.101562 0.855859 0.102051 0.856641 0.103027 0.856641 0.103516 0.857422 0.104492 0.857422 0.105469 0.858203 0.106445 0.858203 0.106934 0.858984 0.10791 0.858984 0.108398 0.859766 0.109375 0.859766 0.109863 0.860547 0.11084 0.860547 0.111328 0.860938 0.111816 0.860938 0.112793 0.861328 0.113281 0.861328 0.11377 0.862109 0.114746 0.862109 0.115234 0.863672 0.117188 0.863672 0.117676 0.864844 0.119141 0.865234 0.119141 0.865625 0.119629 0.866016 0.119629 0.866797 0.120605 0.867188 0.120605 0.867969 0.121582 0.86875 0.121582 0.869531 0.122559 0.869531 0.123047 0.870703 0.124512 0.871484 0.124512 0.872266 0.125488 0.873047 0.125488 0.873437 0.125977 0.875391 0.125977 0.879297 0.121094 0.879297 0.112793 0.878906 0.112305 0.878906 0.108887 0.878125 0.10791 0.878125 0.107422 0.876172 0.10498 0.875781 0.10498 0.875391 0.104492 0.875 0.104492 0.872656 0.101562 0.872656 0.101074 0.872266 0.100586 0.872266 0.100098 0.871875 0.0996094 0.871875 0.0991211 0.871484 0.0986328 0.871484 0.0981445 0.870703 0.097168 0.870703 0.0961914 0.869141 0.0942383 0.869141 0.09375 0.867188 0.0913086 0.866406 0.0913086 0.866016 0.0908203 0.865625 0.0908203 0.865234 0.090332 0.864453 0.090332 0.863672 0.0893555 0.8625 0.0893555 0.862109 0.0888672 0.860938 0.0888672 0.860547 0.0883789 0.858594 0.0883789 0.858203 0.0878906 0.857422 0.0878906 0.857031 0.0874023 0.855859 0.0874023 0.855469 0.0869141
1 0.857812 0.078125 0.855859 0.0805664 0.855859 0.0869141 0.857031 0.0883789 0.857422 0.0883789 0.857812 0.0888672 0.859375 0.0888672 0.861328 0.0913086 0.862109 0.0913086 0.862891 0.0922852 0.864062 0.0922852 0.864844 0.0932617 0.865234 0.0932617 0.865625 0.09375 0.866016 0.09375 0.866406 0.0942383 0.866797 0.0942383 0.868359 0.0961914 0.868359 0.097168 0.869531 0.0986328 0.869922 0.0986328 0.871484 0.100586 0.871875 0.100586 0.873828 0.103027 0.874219 0.103027 0.874609 0.103516 0.879687 0.103516 0.880078 0.103027 0.880469 0.103027 0.880859 0.102539 0.88125 0.102539 0.883203 0.100098 0.883203 0.0961914 0.882422 0.0952148 0.882422 0.0932617 0.881641 0.0922852 0.881641 0.0908203 0.879687 0.0883789 0.879297 0.0883789 0.877734 0.0864258 0.876953 0.0864258 0.876172 0.0854492 0.875781 0.0854492 0.874609 0.0839844 0.872656 0.0839844 0.872266 0.0834961 0.871875 0.0834961 0.871484 0.0830078 0.871094 0.0830078 0.870313 0.0820312 0.869922 0.0820312 0.869531 0.081543 0.869141 0.081543 0.867969 0.0800781 0.867578 0.0800781 0.867188 0.0795898 0.865625 0.0795898 0.865234 0.0791016 0.863672 0.0791016 0.862891 0.078125
1 0.589844 0 0.5875 0.00488281 0.588281 0.0126953 0.592187 0.0253906 0.596484 0.027832 0.6 0.0219727 0.599219 0.00878906 0.59375 0
1 0.580859 0.0385742 0.580859 0.0415039 0.583203 0.0444336 0.589453 0.0463867 0.598437 0.0444336 0.601562 0.0410156 0.600391 0.0336914 0.596094 0.0302734 0.584766 0.0327148
1 0.631641 0.0605469 0.626563 0.0620117 0.61875 0.0712891 0.617734 0.0825684 0.603984 0.0925293 0.623047 0.0883789 0.628516 0.081543 0.632812 0.0678711 0.633203 0.0639648
1 0.59375 0.103027 0.596875 0.108398 0.605078 0.111816 0.614062 0.110352 0.619141 0.104004 0.61875 0.100586 0.616797 0.0986328 0.608594 0.0961914 0.602344 0.0961914
1 0.57 0.0209961 0.561719 0.0283203 0.552344 0.034668 0.544141 0.046875 0.540625 0.0576172 0.544922 0.0576172 0.554297 0.0527344 0.560937 0.0449219 0.564063 0.0322266
1 0.568164 0.085791 0.574219 0.0888672 0.583594 0.090332 0.591797 0.0849609 0.595234 0.0786133 0.590234 0.0766602 0.576562 0.0761719
1 0.571875 0.109863 0.566797 0.119141 0.566016 0.134277 0.569922 0.149902 0.573047 0.154785 0.575781 0.149902 0.576172 0.123047 0.574219 0.112305
1 0.55625 0 0.55625 0.00146484 0.557813 0.00341797 0.557813 0.00390625 0.558203 0.00439453 0.558203 0.00488281 0.559375 0.00634766 0.559375 0.00732422 0.559766 0.0078125 0.559766 0.00830078 0.560156 0.00878906 0.560156 0.00927734 0.560937 0.0102539 0.560937 0.0117188 0.561328 0.012207 0.561328 0.0126953 0.5625 0.0141602 0.562891 0.0141602 0.563672 0.0151367 0.568359 0.0151367 0.569531 0.0136719 0.569531 0
1 0.572656 0.0185547 0.56875 0.0234375 0.56875 0.0244141 0.567187 0.0263672 0.567187 0.0268555 0.566016 0.0283203 0.566016 0.0288086 0.565625 0.0292969 0.565625 0.0297852 0.565234 0.0302734 0.564844 0.0302734 0.564063 0.03125 0.564063 0.0317383 0.563672 0.0322266 0.563672 0.0327148 0.563281 0.0332031 0.563281 0.0336914 0.562891 0.0341797 0.562891 0.0351562 0.5625 0.0356445 0.5625 0.0366211 0.561719 0.0375977 0.561719 0.0380859 0.560937 0.0390625 0.560937 0.0405273 0.560547 0.0410156 0.560547 0.0454102 0.560156 0.0458984 0.560156 0.0473633 0.559766 0.0478516 0.559766 0.0537109 0.561328 0.0556641 0.564844 0.0556641 0.565234 0.0551758 0.565625 0.0551758 0.566797 0.0537109 0.567187 0.0537109 0.569141 0.0512695 0.569141 0.050293 0.569531 0.0498047 0.569531 0.0488281 0.570312 0.0478516 0.570312 0.046875 0.571094 0.0458984 0.571094 0.0449219 0.571875 0.0439453 0.571875 0.0424805 0.572266 0.0419922 0.572266 0.0410156 0.572656 0.0405273 0.572656 0.0400391 0.573438 0.0390625 0.573438 0.0380859 0.573828 0.0375977 0.573828 0.0371094 0.574219 0.0366211 0.574219 0.034668 0.575 0.0336914 0.575 0.0327148 0.575391 0.0322266 0.575391 0.0317383 0.576172 0.0307617 0.576172 0.0200195 0.575 0.0185547
1 0.407422 0.0966797 0.404687 0.0996094 0.407422 0.119141 0.411719 0.125977 0.41875 0.132324 0.420703 0.132324 0.421484 0.126953 0.416797 0.10791 0.411328 0.0986328
1 0.427344 0.178223 0.423047 0.179688 0.415625 0.189453 0.414453 0.194824 0.414453 0.199707 0.413281 0.214844 0.414844 0.218262 0.416797 0.218262 0.420703 0.214355 0.425 0.20459 0.428516 0.185547
1 0.424219 0.18457 0.416016 0.18457 0.408594 0.189941 0.399219 0.202637 0.397266 0.210938 0.398828 0.220215 0.402734 0.21875 0.413672 0.206055 0.415234 0.196777 0.419531 0.188477 0.423828 0.187012
2 0.475 0.161133 0.470703 0.162598 0.469922 0.177734 0.467187 0.191895 0.469141 0.197754 0.475 0.195801 0.482031 0.185059 0.482031 0.173828
2 0.407422 0.218262 0.405469 0.224121 0.408984 0.239746 0.408594 0.257812 0.411719 0.259277 0.417969 0.241211 0.417969 0.234375 0.413281 0.22168 0.410547 0.21875
2 0.416016 0.387695 0.411719 0.391113 0.407422 0.405762 0.406641 0.431641 0.408203 0.434082 0.4125 0.428711 0.415234 0.416016
1 0.349609 0.466309 0.341797 0.464844 0.330078 0.466309 0.311328 0.473145 0.310156 0.475586 0.317969 0.479004 0.330469 0.47998 0.348828 0.470703
1 0.118828 0.464746 0.110937 0.468262 0.106641 0.470703 0.103906 0.474609 0.101562 0.482422 0.102734 0.489258 0.107031 0.48877 0.112891 0.481445 0.116406 0.473633
1 0.163672 0.374023 0.1625 0.375488 0.1625 0.37793 0.163672 0.379395 0.164062 0.379395 0.164453 0.379883 0.164453 0.380371 0.165234 0.381348 0.165234 0.381836 0.165625 0.382324 0.165625 0.386719 0.166016 0.387207 0.166016 0.388672 0.166797 0.389648 0.166797 0.391113 0.167187 0.391602 0.167187 0.398438 0.167578 0.398926 0.167578 0.402344 0.167969 0.402832 0.167969 0.406738 0.168359 0.407227 0.168359 0.407715 0.16875 0.408203 0.16875 0.408691 0.169141 0.40918 0.169141 0.412109 0.169531 0.412598 0.169531 0.414551 0.169922 0.415039 0.169922 0.415527 0.170703 0.416504 0.170703 0.41748 0.171875 0.418945 0.172266 0.418945 0.173047 0.419922 0.173047 0.421875 0.173828 0.422852 0.173828 0.42334 0.175 0.424805 0.176563 0.424805 0.177734 0.42334 0.177734 0.415039 0.177344 0.414551 0.177344 0.412598 0.176953 0.412109 0.176953 0.408691 0.176563 0.408203 0.176563 0.406738 0.176172 0.40625 0.176172 0.404785 0.175781 0.404297 0.175781 0.390625 0.175391 0.390137 0.175391 0.387695 0.174609 0.386719 0.174609 0.385742 0.173437 0.384277 0.173437 0.383789 0.173047 0.383301 0.173047 0.382812 0.171875 0.381348 0.171875 0.380859 0.170703 0.379395 0.170703 0.378906 0.169531 0.377441 0.169141 0.377441 0.16875 0.376953 0.168359 0.376953 0.166797 0.375 0.166016 0.375 0.165234 0.374023
1 0.153906 0.369629 0.152344 0.371582 0.152344 0.383301 0.152734 0.383789 0.152734 0.384277 0.153906 0.385742 0.153906 0.38623 0.154688 0.387207 0.154688 0.388184 0.155469 0.38916 0.155469 0.390137 0.155859 0.390625 0.155859 0.394531 0.15625 0.39502 0.15625 0.396973 0.156641 0.397461 0.156641 0.398926 0.157031 0.399414 0.157031 0.400391 0.157422 0.400879 0.157422 0.403809 0.157812 0.404297 0.157812 0.404785 0.158594 0.405762 0.158594 0.408691 0.158984 0.40918 0.158984 0.410645 0.159375 0.411133 0.159375 0.412109 0.159766 0.412598 0.159766 0.413574 0.161328 0.415527 0.163281 0.415527 0.164453 0.414062 0.164453 0.413574 0.164844 0.413086 0.164844 0.40918 0.165234 0.408691 0.165234 0.406738 0.165625 0.40625 0.165625 0.401367 0.166016 0.400879 0.166016 0.400391 0.166406 0.399902 0.166406 0.385254 0.165625 0.384277 0.165625 0.382812 0.164844 0.381836 0.164844 0.381348 0.164453 0.380859 0.164453 0.380371 0.163672 0.379395 0.163672 0.378906 0.161719 0.376465 0.161719 0.375977 0.161328 0.375488 0.161328 0.375 0.160938 0.374512 0.160938 0.374023 0.160547 0.373535 0.160547 0.372559 0.158203 0.369629
2 0.149609 0.531738 0.146875 0.52832 0.142187 0.52832 0.133203 0.532715 0.121875 0.543945 0.120313 0.54834 0.120703 0.551758 0.123438 0.552734 0.139063 0.546387 0.148438 0.537598
1 0.422656 0.513672 0.420312 0.515625 0.415625 0.52832 0.416016 0.539062 0.423828 0.556641 0.428125 0.560547 0.429297 0.558105 0.429297 0.538086 0.427344 0.52002 0.425391 0.514648
1 0.493359 0.481445 0.489063 0.483887 0.486719 0.492676 0.486719 0.5 0.491016 0.520996 0.49375 0.522949 0.497656 0.517578 0.499219 0.501465 0.497656 0.48877 0.495312 0.48291
2 0.466016 0.54541 0.462891 0.544434 0.446875 0.555664 0.441016 0.562988 0.441406 0.568359 0.447656 0.568848 0.459766 0.561523 0.465234 0.552734
2 0.454297 0.489746 0.454688 0.498535 0.466016 0.518555 0.470313 0.520996 0.472266 0.51709 0.471484 0.509277 0.467578 0.501953 0.459375 0.492188
2 0.510547 0.568848 0.498437 0.568359 0.487891 0.570801 0.478516 0.575195 0.477734 0.580566 0.481641 0.582031 0.498437 0.580566 0.509375 0.572754
2 0.377344 0.695801 0.377734 0.702637 0.383984 0.712402 0.391406 0.716309 0.396875 0.715332 0.397266 0.712402 0.39375 0.706543 0.387109 0.699219 0.380469 0.694336
2 0.527734 0.693848 0.524609 0.693359 0.512891 0.702637 0.506641 0.711914 0.503906 0.72168 0.506641 0.723145 0.517969 0.714844 0.527734 0.701172
2 0.610938 0.606445 0.607812 0.612793 0.607422 0.624023 0.610547 0.640625 0.615625 0.64209 0.618359 0.635742 0.61875 0.617676 0.615625 0.608398
1 0.607422 0.539062 0.606641 0.54541 0.611328 0.5625 0.618359 0.578613 0.624609 0.581055 0.624609 0.571777 0.619531 0.556152 0.6125 0.543945
1 0.594922 0.466309 0.596094 0.470215 0.601953 0.474609 0.615625 0.47998 0.623437 0.479004 0.628906 0.475098 0.630859 0.47168 0.629687 0.46875 0.625 0.467285 0.608984 0.466797 0.600391 0.464844
1 0.648438 0.405762 0.647266 0.407715 0.647656 0.412109 0.657422 0.432617 0.662109 0.433594 0.664453 0.427246 0.664453 0.419434 0.662891 0.413574 0.658203 0.407227 0.651563 0.404785
1 0.724609 0.455566 0.727344 0.458496 0.732031 0.458984 0.744922 0.451172 0.747266 0.447754 0.747656 0.442871 0.742188 0.440918 0.730859 0.444824
1 0.734375 0.356445 0.737891 0.359863 0.75 0.359863 0.754687 0.353027 0.751172 0.348145 0.742969 0.347168 0.735547 0.352539
1 0.725781 0.35498 0.716797 0.350586 0.70625 0.352539 0.70625 0.35498 0.716016 0.364746 0.725391 0.365723 0.732422 0.364746 0.731367 0.35918
2 0.729297 0.421387 0.726172 0.423828 0.722266 0.431152 0.720703 0.437988 0.721484 0.447266 0.724219 0.45459 0.727344 0.456543 0.730469 0.455078 0.729297 0.450684 0.732422 0.431641 0.732031 0.423828
2 0.727734 0.500488 0.720313 0.5 0.716016 0.501465 0.713281 0.504883 0.703906 0.525391 0.704297 0.533203 0.708203 0.532227 0.716797 0.520996 0.727734 0.50293
2 0.709766 0.286621 0.704297 0.283691 0.696094 0.288086 0.687109 0.297852 0.685547 0.302734 0.685937 0.307617 0.690625 0.308105 0.7 0.303223 0.707031 0.294922
1 0.802344 0.157715 0.795312 0.154297 0.783203 0.155762 0.773438 0.164062 0.772266 0.167969 0.773828 0.17041 0.776953 0.171387 0.788672 0.170898 0.796094 0.166504
2 0.876563 0.165039 0.878125 0.17041 0.887891 0.178711 0.896484 0.182129 0.901953 0.181152 0.902344 0.172852 0.896094 0.165039 0.879687 0.162109
2 0.9125 0.139648 0.911328 0.141113 0.911328 0.147461 0.910937 0.147949 0.910937 0.149414 0.910547 0.149902 0.910547 0.150391 0.909766 0.151367 0.909766 0.152344 0.909375 0.152832 0.909375 0.153809 0.908984 0.154297 0.908984 0.154785 0.908594 0.155273 0.908594 0.15625 0.908203 0.156738 0.908203 0.158691 0.907813 0.15918 0.907813 0.164551 0.908594 0.165527 0.908594 0.16748 0.908984 0.167969 0.908984 0.169434 0.909375 0.169922 0.909375 0.180176 0.910547 0.181641 0.910547 0.182129 0.912891 0.185059 0.916016 0.185059 0.917578 0.183105 0.917578 0.181641 0.917969 0.181152 0.917969 0.180664 0.91875 0.179688 0.91875 0.178223 0.919922 0.176758 0.919922 0.149902 0.918359 0.147949 0.918359 0.146973 0.917188 0.145508 0.917188 0.144531 0.916797 0.144043 0.916797 0.143555 0.915234 0.141602 0.915234 0.141113 0.914062 0.139648
1 0.809766 0.0214844 0.808594 0.0229492 0.807813 0.0229492 0.807422 0.0234375 0.807031 0.0234375 0.806641 0.0239258 0.805078 0.0239258 0.804688 0.0244141 0.791406 0.0244141 0.790625 0.0253906 0.790234 0.0253906 0.789453 0.0263672 0.789062 0.0263672 0.787891 0.027832 0.786719 0.027832 0.785156 0.0297852 0.784766 0.0297852 0.783594 0.03125 0.783594 0.0317383 0.783203 0.0322266 0.779687 0.0322266 0.779297 0.0327148 0.778516 0.0327148 0.778125 0.0332031 0.775781 0.0332031 0.775391 0.0336914 0.774609 0.0336914 0.773047 0.0356445 0.773047 0.0361328 0.772266 0.0371094 0.772266 0.0405273 0.772656 0.0410156 0.772656 0.0419922 0.774219 0.0439453 0.774609 0.0439453 0.775 0.0444336 0.775391 0.0444336 0.775781 0.0449219 0.782031 0.0449219 0.782422 0.0454102 0.786328 0.0454102 0.786719 0.0449219 0.789844 0.0449219 0.790625 0.0439453 0.792969 0.0439453 0.794531 0.0419922 0.794922 0.0419922 0.795312 0.0415039 0.795703 0.0415039 0.796094 0.0410156 0.796484 0.0410156 0.796875 0.0405273 0.798438 0.0405273 0.799609 0.0390625 0.8 0.0390625 0.800391 0.0385742 0.800781 0.0385742 0.801953 0.0371094 0.802734 0.0371094 0.803516 0.0361328 0.804297 0.0361328 0.804688 0.0356445 0.805078 0.0356445 0.805469 0.0351562 0.80625 0.0351562 0.806641 0.034668 0.807813 0.034668 0.808203 0.0341797 0.808594 0.0341797 0.808984 0.0336914 0.809375 0.0336914 0.810547 0.0322266 0.811328 0.0322266 0.814063 0.0288086 0.814063 0.027832 0.814453 0.0273438 0.814453 0.0229492 0.813281 0.0214844
1 0.782813 0.0766602 0.780859 0.0791016 0.780078 0.0791016 0.778906 0.0805664 0.778906 0.0810547 0.778516 0.081543 0.778516 0.0820312 0.778125 0.0825195 0.778125 0.0834961 0.777734 0.0839844 0.777734 0.0859375 0.777344 0.0864258 0.777344 0.0878906 0.776563 0.0888672 0.776563 0.0893555 0.776172 0.0898438 0.776172 0.0932617 0.775391 0.0942383 0.775391 0.0961914 0.775 0.0966797 0.775 0.0986328 0.774609 0.0991211 0.774609 0.11377 0.775781 0.115234 0.776172 0.115234 0.776563 0.115723 0.778906 0.115723 0.779297 0.115234 0.780859 0.115234 0.782031 0.11377 0.782031 0.113281 0.783203 0.111816 0.783203 0.109863 0.783984 0.108887 0.783984 0.103516 0.784375 0.103027 0.784375 0.102539 0.784766 0.102051 0.784766 0.101562 0.785156 0.101074 0.785156 0.100098 0.785547 0.0996094 0.785547 0.0957031 0.786719 0.0942383 0.786719 0.0932617 0.787109 0.0927734 0.787109 0.0922852 0.7875 0.0917969 0.7875 0.0913086 0.787891 0.0908203 0.787891 0.0898438 0.788281 0.0893555 0.788281 0.0874023 0.789453 0.0859375 0.789453 0.0839844 0.789844 0.0834961 0.789844 0.0830078 0.790234 0.0825195 0.790234 0.0795898 0.789062 0.078125 0.787891 0.078125 0.786719 0.0766602
0 0.903906 0.380859 0.903516 0.386719 0.908203 0.404785 0.916016 0.413086 0.920312 0.414551 0.920703 0.401367 0.917969 0.393555 0.909766 0.384277
1 0.890625 0.713867 0.890234 0.716309 0.900391 0.726562 0.910937 0.72998 0.914844 0.729004 0.916797 0.726562 0.916016 0.721191 0.909766 0.71582 0.903516 0.713379
1 0.900781 0.725586 0.898047 0.731934 0.897656 0.745117 0.899219 0.751465 0.904297 0.755371 0.909375 0.747559 0.910547 0.736328 0.908594 0.72998
1 0.958281 0.758057 0.967578 0.76709 0.972656 0.772949 0.977344 0.775391 0.987773 0.782471 0.982422 0.768066 0.977734 0.763672 0.971875 0.760742 0.967187 0.760742
1 0.887891 0.745605 0.886328 0.748047 0.887109 0.754883 0.888281 0.760254 0.895703 0.769531 0.901172 0.77002 0.903516 0.768555 0.902344 0.758789 0.897266 0.752441 0.889453 0.746094
2 0.744141 0.722168 0.742188 0.727539 0.743359 0.744629 0.748437 0.759277 0.751953 0.761719 0.753906 0.753906 0.753516 0.736816 0.748828 0.722656
2 0.865625 0.736328 0.866797 0.75293 0.869141 0.763672 0.875 0.770996 0.876172 0.777344 0.880859 0.779297 0.882422 0.77002 0.882422 0.758301 0.880859 0.75293 0.869141 0.736816
2 0.867578 0.759766 0.865625 0.757324 0.856641 0.759277 0.845313 0.763672 0.841797 0.768066 0.843359 0.77002 0.849219 0.771484 0.862109 0.77002 0.866797 0.76709
2 0.932031 0.730469 0.932031 0.736816 0.938672 0.755859 0.950391 0.768555 0.953516 0.768066 0.953906 0.763672 0.949219 0.751465 0.940625 0.741211 0.935156 0.731445
1 0.969141 0.609375 0.965625 0.608398 0.958984 0.61084 0.950781 0.620117 0.947266 0.625977 0.946094 0.632324 0.947656 0.640625 0.951562 0.641602 0.964453 0.626465 0.969922 0.615234 0.970313 0.61084
1 0.973047 0.315918 0.971094 0.317383 0.969531 0.322266 0.969922 0.334473 0.971094 0.338867 0.977344 0.349121 0.982422 0.351074 0.983203 0.344238 0.982031 0.335938 0.975391 0.316895
2 0.618945 0.20752 0.623672 0.223389 0.626953 0.230957 0.634336 0.236475 0.644336 0.235693 0.631641 0.220215 0.627148 0.212158
1 0.105078 0.0644531 0.105078 0.0683594 0.110547 0.0761719 0.116797 0.0800781 0.125 0.0830078 0.13125 0.0830078 0.136328 0.0800781 0.136719 0.0751953 0.134766 0.0727539 0.108203 0.0629883
1 0.228125 0.161621 0.223828 0.161133 0.210938 0.17334 0.205859 0.18457 0.205469 0.189941 0.207422 0.192871 0.210547 0.192383 0.221094 0.181152 0.226953 0.169434
1 0.0839844 0.116699 0.0804688 0.118652 0.0789062 0.121582 0.078125 0.13623 0.0824219 0.144531 0.0875 0.146973 0.0898438 0.142578 0.0894531 0.126953 0.0875 0.119141
1 0.0601563 0.338867 0.0597656 0.345703 0.0644531 0.356445 0.0792969 0.37207 0.0824219 0.371582 0.0832031 0.368164 0.0769531 0.353027 0.065625 0.341309
2 0.111328 0.0952148 0.107422 0.0952148 0.103516 0.0991211 0.0984375 0.116211 0.0996094 0.122559 0.103125 0.122559 0.107813 0.116211 0.112109 0.104492
2 0.150781 0.0717773 0.149219 0.0732422 0.148438 0.0776367 0.15 0.0883789 0.157422 0.0986328 0.160547 0.0991211 0.161719 0.0947266 0.158984 0.0830078 0.154297 0.0732422
2 0.237891 0.0532227 0.239063 0.0595703 0.246094 0.0693359 0.254688 0.0722656 0.260547 0.0693359 0.259766 0.0639648 0.248828 0.0551758 0.241016 0.0517578
2 0.0328125 0.307129 0.0324219 0.307617 0.0304687 0.307617 0.0300781 0.308105 0.0277344 0.308105 0.0265625 0.30957 0.0265625 0.311523 0.0273438 0.3125 0.0265625 0.313477 0.0265625 0.318848 0.0277344 0.320312 0.028125 0.320312 0.0285156 0.320801 0.0292969 0.320801 0.0300781 0.321777 0.0300781 0.322266 0.03125 0.32373 0.0320312 0.32373 0.0332031 0.325195 0.0332031 0.325684 0.034375 0.327148 0.034375 0.327637 0.0394531 0.333984 0.0394531 0.334473 0.040625 0.335938 0.0414062 0.335938 0.04375 0.338867 0.0445313 0.338867 0.0453125 0.339844 0.0464844 0.339844 0.0472656 0.34082 0.053125 0.34082 0.0539063 0.339844 0.0542969 0.339844 0.0546875 0.339355 0.0554687 0.339355 0.0566406 0.337891 0.0566406 0.335938 0.053125 0.331543 0.053125 0.330566 0.0527344 0.330078 0.0527344 0.327148 0.0519531 0.326172 0.0519531 0.325684 0.0511719 0.324707 0.0511719 0.324219 0.05 0.322754 0.0492187 0.322754 0.0488281 0.322266 0.0488281 0.321289 0.0476562 0.319824 0.0476562 0.319336 0.0472656 0.318848 0.046875 0.318848 0.0449219 0.316406 0.0449219 0.315918 0.04375 0.314453 0.04375 0.313965 0.0433594 0.313477 0.0433594 0.3125 0.040625 0.309082 0.0402344 0.309082 0.0394531 0.308105 0.0386719 0.308105 0.0378906 0.307129
1 0.0640625 0.535156 0.0628906 0.533203 0.0574219 0.532227 0.0492187 0.53418 0.0394531 0.539551 0.0386719 0.544434 0.04375 0.54834 0.0519531 0.547363 0.0601563 0.543457 0.0640625 0.537598
1 0.0894531 0.590332 0.0867187 0.588867 0.0605469 0.594238 0.0589844 0.59668 0.0597656 0.599609 0.0644531 0.603516 0.0738281 0.606934 0.0808594 0.604004 0.0875 0.595703
1 0.164453 0.781738 0.165625 0.787109 0.170313 0.790527 0.182422 0.789551 0.185938 0.787598 0.187891 0.783691 0.186719 0.77832 0.177344 0.775879 0.169141 0.776367
1 0.113672 0.754883 0.112891 0.76123 0.117188 0.776855 0.130078 0.780762 0.131641 0.774902 0.127734 0.767578 0.120703 0.758789 0.115234 0.754395
1 0.090625 0.775391 0.0921875 0.783203 0.100391 0.788086 0.112109 0.788574 0.117578 0.78418 0.117578 0.782715 0.103906 0.774902 0.0925781 0.773926
2 0.674219 0.770508 0.669922 0.765625 0.660937 0.765137 0.64375 0.769043 0.641406 0.770508 0.641016 0.773438 0.642188 0.776367 0.646484 0.779297 0.656641 0.780762 0.669922 0.776367 0.674219 0.772461
2 0.669922 0.142578 0.670703 0.147461 0.688281 0.154785 0.703516 0.153809 0.705859 0.151855 0.705859 0.149902 0.701953 0.145508 0.685547 0.13916 0.677344 0.138672
1 0.0703125 0.774414 0.06875 0.776367 0.06875 0.776855 0.0683594 0.777344 0.0683594 0.783203 0.06875 0.783691 0.06875 0.78418 0.0703125 0.786133 0.0710937 0.786133 0.0714844 0.786621 0.071875 0.786621 0.0726563 0.787598 0.0734375 0.787598 0.0738281 0.788086 0.0742188 0.788086 0.0746094 0.788574 0.0761719 0.788574 0.0769531 0.789551 0.0773438 0.789551 0.0796875 0.79248 0.0804688 0.79248 0.08125 0.793457 0.0820312 0.793457 0.0824219 0.793945 0.0835937 0.793945 0.0839844 0.794434 0.0847656 0.794434 0.0851563 0.794922 0.0855469 0.794922 0.0859375 0.79541 0.0867187 0.79541 0.0875 0.796387 0.0886719 0.796387 0.0898438 0.797852 0.0929688 0.797852 0.0933594 0.797363 0.09375 0.797363 0.0945312 0.796387 0.0953125 0.796387 0.0980469 0.792969 0.0980469 0.790039 0.0976562 0.789551 0.0976562 0.789062 0.0972656 0.788574 0.0972656 0.788086 0.0953125 0.785645 0.0941406 0.785645 0.09375 0.785156 0.0933594 0.785156 0.0929688 0.784668 0.0914062 0.784668 0.0910156 0.78418 0.090625 0.78418 0.0902344 0.783691 0.0898438 0.783691 0.0894531 0.783203 0.0878906 0.783203 0.0875 0.782715 0.0867187 0.782715 0.0855469 0.78125 0.0851563 0.78125 0.0839844 0.779785 0.0832031 0.779785 0.0828125 0.779297 0.0820312 0.779297 0.0816406 0.778809 0.0808594 0.778809 0.0800781 0.777832 0.0796875 0.777832 0.0792969 0.777344 0.0789062 0.777344 0.0785156 0.776855 0.078125 0.776855 0.0773438 0.775879 0.0746094 0.775879 0.0742188 0.776367 0.0738281 0.776367 0.0722656 0.774414
2 0.0253906 0.765625 0.0246094 0.766602 0.0222656 0.766602 0.0210938 0.768066 0.0210938 0.770996 0.0214844 0.771484 0.0214844 0.772461 0.0234375 0.774902 0.0242188 0.774902 0.025 0.775879 0.0265625 0.775879 0.0269531 0.776367 0.028125 0.776367 0.0285156 0.776855 0.0289063 0.776855 0.0292969 0.777344 0.0296875 0.777344 0.0300781 0.777832 0.03125 0.777832 0.0316406 0.77832 0.0320312 0.77832 0.0324219 0.778809 0.0332031 0.778809 0.0335937 0.779297 0.0367188 0.779297 0.0371094 0.779785 0.0375 0.779785 0.0378906 0.780273 0.0382813 0.780273 0.0390625 0.78125 0.0394531 0.78125 0.0398437 0.781738 0.0398437 0.782227 0.0414062 0.78418 0.0417969 0.78418 0.0421875 0.784668 0.0425781 0.784668 0.04375 0.786133 0.0441406 0.786133 0.0445313 0.786621 0.0449219 0.786621 0.0453125 0.787109 0.0503906 0.787109 0.0507812 0.786621 0.0523438 0.786621 0.0539063 0.784668 0.0539063 0.78125 0.0535156 0.780762 0.0535156 0.780273 0.053125 0.779785 0.053125 0.779297 0.0527344 0.778809 0.0527344 0.777832 0.0519531 0.776855 0.0519531 0.776367 0.0492187 0.772949 0.0484375 0.772949 0.046875 0.770996 0.0464844 0.770996 0.0460938 0.770508 0.0449219 0.770508 0.0445313 0.77002 0.0441406 0.77002 0.0425781 0.768066 0.0421875 0.768066 0.0417969 0.767578 0.0414062 0.767578 0.0410156 0.76709 0.0402344 0.76709 0.0398437 0.766602 0.0289063 0.766602 0.0285156 0.766113 0.0273438 0.766113 0.0269531 0.765625
1 0.767961 0.0914844 0.773738 0.0895752 0.780363 0.0876611 0.783254 0.087876 0.7875 0.094248 0.7875 0.094248 0.78648 0.0984961 0.780363 0.100405 0.777305 0.100405 0.773059 0.100405 0.76898 0.0974316 0.768469 0.0946729 0.765922 0.092334
1 0.792121 0.094668 0.796031 0.0914844 0.79909 0.092124 0.804187 0.092124 0.805887 0.092334 0.807414 0.0929736 0.813531 0.0980713 0.817102 0.0999805 0.818969 0.10168 0.821688 0.103164 0.824234 0.104863 0.824746 0.110176 0.821516 0.113999 0.817441 0.112725 0.812512 0.109961 0.808434 0.106777 0.803676 0.104863 0.800277 0.103589 0.798238 0.102954 0.792121 0.100405 0.788895 0.0980713
1 0.91616 0.00270508 0.912762 0.00695313 0.91123 0.00822754 0.910723 0.0103516 0.910723 0.0129004 0.908684 0.016084 0.907492 0.0145996 0.908172 0.0126855 0.909703 0.00971191 0.908004 0.0177832 0.908004 0.0190576 0.907664 0.020332 0.907492 0.0216064 0.909703 0.0205469 0.91327 0.0165088 0.91225 0.0186328 0.915141 0.0171484 0.918879 0.0133252 0.922445 0.00844238 0.926355 0.00631836 0.927371 0.00525391 0.928562 0.00376953 0.929582 0.0012207
1 0.897809 0.00249512 0.89577 0.00589355 0.89543 0.00716797 0.894238 0.0122607 0.892371 0.0154492 0.892199 0.016084 0.889145 0.0216064 0.888633 0.0243701 0.888633 0.0294678 0.887273 0.0294678 0.887105 0.0326514 0.887613 0.0358398 0.890164 0.0337158 0.892371 0.0301025 0.893391 0.0279785 0.89577 0.0237305 0.896957 0.0211816 0.899336 0.015874 0.900867 0.00971191 0.902055 0.00907715 0.904434 0.0044043 0.904434 0.0044043 0.905113 0.000795898
1 0.886766 0.00652832 0.884047 0.0107764 0.882008 0.0165088 0.881156 0.0192725 0.880137 0.0228809 0.879629 0.0260693 0.879457 0.0279785 0.878949 0.0292529 0.878438 0.0320166 0.87793 0.0358398 0.877418 0.0396631 0.877078 0.0422119 0.878098 0.0413623 0.879117 0.0375391 0.880137 0.035625 0.882516 0.031377 0.883707 0.0273438 0.885746 0.0235205 0.887613 0.0192725 0.889652 0.0126855 0.889824 0.00652832 0.89084 0.00844238
1 0.881156 0.00334473 0.87759 0.00567871 0.876059 0.00759277 0.87402 0.00971191 0.87232 0.0126855 0.871813 0.0135352 0.869262 0.0165088 0.868754 0.0171484 0.866883 0.0192725 0.866203 0.0222461 0.864676 0.0241553 0.863656 0.0260693 0.863656 0.0288281 0.864676 0.0298926 0.867734 0.0305273 0.871301 0.0260693 0.874531 0.0218213 0.87657 0.0167236 0.880477 0.0126855 0.880477 0.0109863 0.883027 0.00525391 0.883195 0.00312988
1 0.865863 0.00716797 0.859746 0.00759277 0.85652 0.00822754 0.851422 0.0101367 0.849895 0.0129004 0.849383 0.01396 0.846496 0.0190576 0.846324 0.0205469 0.845816 0.0230957 0.845816 0.0260693 0.849043 0.0273438 0.849895 0.0269189 0.857027 0.0247949 0.858559 0.0235205 0.861785 0.0199072 0.864336 0.0154492 0.865863 0.0114111 0.867223 0.00759277
1 0.858559 0.0141748 0.859238 0.011626 0.862297 0.00907715 0.865184 0.00695313 0.867734 0.00652832 0.868922 0.00631836 0.868922 0.0107764 0.868414 0.01396 0.867902 0.0165088 0.867223 0.0192725 0.866715 0.0224561 0.862637 0.0260693 0.858559 0.0279785 0.85652 0.0288281 0.851594 0.0279785 0.85448 0.0230957 0.85618 0.017998 0.857199 0.015874
