1 0.0875 0.539062 0.0855469 0.536621 0.0835937 0.536133 0.0828125 0.537109 0.0824219 0.541016 0.0820312 0.541504 0.0820312 0.542969 0.08125 0.545898 0.0785156 0.552246 0.0730469 0.559082 0.071875 0.55957 0.0695313 0.5625 0.0652344 0.56543 0.0632812 0.567871 0.0628906 0.569336 0.0613281 0.571777 0.0574219 0.57666 0.0570312 0.57666 0.0542969 0.582031 0.0515625 0.584961 0.0476562 0.586914 0.0441406 0.589844 0.0414062 0.590332 0.0378906 0.591797 0.0335937 0.594727 0.0324219 0.597168 0.0324219 0.600098 0.0328125 0.600586 0.0371094 0.600586 0.040625 0.599121 0.0449219 0.598633 0.0476562 0.597168 0.0519531 0.596191 0.0550781 0.594238 0.0574219 0.593262 0.0585938 0.593262 0.0589844 0.592773 0.0601563 0.592773 0.0636719 0.590332 0.0644531 0.590332 0.0683594 0.587891 0.0742188 0.583008 0.0761719 0.580566 0.0785156 0.575195 0.0804688 0.572266 0.08125 0.570312 0.0832031 0.568359 0.0847656 0.565918 0.0875 0.559082 0.0882813 0.556152 0.0886719 0.551758 0.0890625 0.55127 0.0886719 0.542969 0.0882813 0.54248 0.0882813 0.540527
1 0.170313 0.544434 0.170313 0.545898 0.172656 0.547363 0.179688 0.547363 0.180078 0.546875 0.184375 0.547363 0.189453 0.550293 0.193359 0.55127 0.196484 0.554199 0.197266 0.554199 0.201172 0.556641 0.204687 0.558105 0.209766 0.558594 0.210156 0.559082 0.212109 0.559082 0.2125 0.55957 0.222656 0.55957 0.223047 0.560059 0.228906 0.560547 0.229297 0.561035 0.23125 0.561035 0.231641 0.561523 0.237109 0.561523 0.239453 0.560059 0.239453 0.557129 0.238672 0.556152 0.235156 0.554688 0.232422 0.552246 0.227344 0.550293 0.225391 0.54834 0.223047 0.547363 0.220312 0.54541 0.216406 0.541504 0.215625 0.541504 0.213281 0.540039 0.212109 0.540039 0.210156 0.539062 0.208594 0.539062 0.208203 0.538574 0.203516 0.538086 0.203125 0.537598 0.194922 0.537598 0.194531 0.538086 0.1875 0.537598 0.187109 0.538086 0.183594 0.538086 0.183203 0.538574 0.18125 0.538574 0.180859 0.539062 0.179688 0.539062 0.178125 0.540039 0.176953 0.540039 0.173437 0.541504
1 0.302344 0.580566 0.303125 0.581543 0.307422 0.580566 0.307812 0.57959 0.310547 0.57666 0.3125 0.572754 0.319141 0.565918 0.320312 0.56543 0.328125 0.56543 0.328516 0.565918 0.33125 0.565918 0.331641 0.56543 0.334766 0.56543 0.335156 0.564941 0.3375 0.564941 0.337891 0.564453 0.341406 0.563965 0.345703 0.562012 0.349609 0.561523 0.352734 0.560059 0.357812 0.559082 0.359375 0.558105 0.362109 0.557617 0.363672 0.556152 0.364453 0.552734 0.364063 0.551758 0.362109 0.549805 0.358984 0.549805 0.358594 0.549316 0.357031 0.549316 0.356641 0.549805 0.346875 0.549805 0.346484 0.549316 0.345313 0.549316 0.343359 0.54834 0.341797 0.54834 0.341406 0.547852 0.335156 0.547363 0.334766 0.546875 0.323047 0.546875 0.322656 0.547363 0.321094 0.547363 0.320703 0.547852 0.318359 0.54834 0.314844 0.550781 0.313281 0.552734 0.3125 0.554688 0.310547 0.557129 0.310156 0.559082 0.306641 0.563965 0.305469 0.569336 0.304688 0.570801 0.303906 0.574707 0.302344 0.579102
1 0.359687 0.569678 0.359258 0.572266 0.361328 0.577148 0.363281 0.57959 0.367969 0.588379 0.369531 0.590332 0.371211 0.592725 0.377734 0.600586 0.379688 0.602051 0.383984 0.606934 0.391406 0.612305 0.392969 0.614258 0.394531 0.615234 0.396875 0.618652 0.398047 0.619141 0.4 0.621094 0.402344 0.621094 0.404297 0.620117 0.404687 0.618164 0.403125 0.612305 0.402148 0.609912 0.400391 0.603516 0.398867 0.59917 0.395313 0.592041 0.392969 0.588379 0.390234 0.584961 0.38918 0.58374 0.3875 0.58252 0.381719 0.578076 0.378437 0.57627 0.376758 0.574609 0.373633 0.570215 0.371406 0.568311 0.368438 0.566455 0.366445 0.566602 0.364883 0.568164 0.363125 0.567383 0.361641 0.567725
1 0.389219 0.554785 0.3875 0.554736 0.386719 0.556934 0.386875 0.559082 0.387266 0.562939 0.387578 0.565381 0.387891 0.567871 0.388086 0.569238 0.388672 0.571777 0.390234 0.578467 0.391797 0.584961 0.392852 0.587988 0.394922 0.592285 0.3975 0.59707 0.399609 0.601562 0.401445 0.604736 0.402109 0.609033 0.402305 0.613232 0.401406 0.620166 0.401055 0.623389 0.402578 0.625342 0.405039 0.626025 0.406797 0.623926 0.407109 0.614795 0.407109 0.608057 0.409883 0.598926 0.410625 0.590625 0.409766 0.585938 0.408086 0.582422 0.406172 0.580371 0.403828 0.578516 0.402344 0.57666 0.399219 0.572754 0.397266 0.567871 0.396445 0.566162 0.395313 0.564453 0.391797 0.55957 0.391133 0.556738
1 0.409832 0.612275 0.407188 0.614521 0.403023 0.620498 0.402461 0.622822 0.40252 0.626475 0.40325 0.628306 0.403305 0.630908 0.403926 0.633647 0.405613 0.63625 0.405836 0.639204 0.405836 0.642295 0.405445 0.645107 0.404375 0.650522 0.40432 0.65376 0.404938 0.657134 0.406738 0.660366 0.408086 0.66311 0.410508 0.664307 0.412926 0.666274 0.415961 0.667607 0.419844 0.669155 0.422207 0.669229 0.423164 0.666904 0.423445 0.664165 0.424344 0.659663 0.424961 0.656006 0.425133 0.65165 0.424625 0.648345 0.42232 0.644971 0.420406 0.641313 0.417539 0.637588 0.416805 0.634912 0.415625 0.633369 0.413488 0.631611 0.411352 0.628799 0.410898 0.625771 0.410281 0.621064 0.410395 0.618252 0.411969 0.616494 0.413375 0.614946 0.413883 0.613047 0.413488 0.611221 0.412023 0.610586
1 0.426953 0.585449 0.425781 0.587891 0.425781 0.59375 0.426563 0.596191 0.426953 0.600098 0.430078 0.608398 0.430469 0.614258 0.430859 0.614746 0.43125 0.623047 0.432422 0.626465 0.432812 0.630859 0.433984 0.635254 0.433984 0.640137 0.433594 0.640625 0.433203 0.644531 0.432031 0.648438 0.432031 0.652832 0.432812 0.654297 0.435547 0.655273 0.437109 0.65332 0.4375 0.651855 0.438281 0.650879 0.440625 0.643555 0.444141 0.638672 0.444141 0.637695 0.444922 0.63623 0.445312 0.633789 0.446484 0.630859 0.447266 0.625488 0.447656 0.625 0.447656 0.616699 0.447266 0.616211 0.447266 0.614746 0.446484 0.611816 0.444922 0.608398 0.441406 0.604004 0.438672 0.602051 0.436719 0.599609 0.435937 0.597656 0.43125 0.591797 0.429297 0.586914 0.428125 0.585449
1 0.414062 0.669922 0.412891 0.67041 0.412109 0.671387 0.410938 0.672217 0.410078 0.674805 0.409531 0.677344 0.409766 0.680176 0.409766 0.686523 0.408984 0.688477 0.408984 0.691406 0.409414 0.692627 0.409805 0.694775 0.409609 0.698535 0.409492 0.702637 0.409453 0.705566 0.409805 0.709668 0.411875 0.716064 0.413867 0.721582 0.416836 0.725586 0.418555 0.7271 0.421133 0.728955 0.423281 0.731543 0.423906 0.735303 0.42418 0.739209 0.425195 0.741406 0.427187 0.744189 0.429492 0.746875 0.432969 0.749805 0.43625 0.750098 0.437227 0.748486 0.435742 0.745703 0.433281 0.740381 0.431914 0.734961 0.430078 0.729004 0.428516 0.724609 0.428516 0.721191 0.428711 0.716895 0.427813 0.711719 0.42625 0.707861 0.424609 0.70459 0.423203 0.700781 0.422539 0.699219 0.421875 0.695459 0.421719 0.690039 0.421406 0.685547 0.422734 0.684033 0.424492 0.683447 0.428281 0.685059 0.430586 0.68877 0.431562 0.691309 0.433242 0.691113 0.433945 0.688965 0.436328 0.686035 0.436641 0.68418 0.436406 0.679736 0.435547 0.677246 0.433594 0.673828 0.430469 0.669922 0.428125 0.668457 0.423047 0.667969 0.419922 0.669434 0.415625 0.669434 0.414961 0.66958
1 0.43332 0.725244 0.431523 0.726367 0.431133 0.729541 0.431055 0.731104 0.432812 0.737793 0.438672 0.750977 0.441016 0.753418 0.444297 0.75835 0.446484 0.761719 0.446914 0.76416 0.447813 0.767432 0.448672 0.769287 0.450703 0.771924 0.454688 0.775391 0.457813 0.776855 0.460547 0.776855 0.468906 0.774951 0.471055 0.773975 0.472656 0.77085 0.472227 0.769287 0.4675 0.769238 0.460977 0.769238 0.458203 0.767578 0.455508 0.763965 0.451875 0.760059 0.451523 0.75874 0.452031 0.756689 0.453672 0.75166 0.453594 0.747412 0.45375 0.741699 0.45168 0.73623 0.44875 0.73252 0.442148 0.725977 0.438164 0.722559 0.436289 0.723047
1 0.425828 0.77708 0.422848 0.776304 0.417953 0.775742 0.416211 0.776304 0.413566 0.778423 0.41143 0.781226 0.409684 0.785244 0.409402 0.787632 0.410305 0.790093 0.411879 0.790654 0.414297 0.790093 0.417336 0.787905 0.421891 0.788682 0.425211 0.791499 0.431398 0.798242 0.435617 0.798882 0.441184 0.798242 0.448723 0.796772 0.453109 0.793682 0.45643 0.790166 0.461266 0.785586 0.467621 0.783062 0.474879 0.782358 0.477184 0.781865 0.478254 0.780454 0.478254 0.778843 0.476902 0.777646 0.470828 0.776304 0.466609 0.775962 0.461266 0.776104 0.459297 0.776797 0.455809 0.777017 0.453391 0.77708 0.449414 0.7771 0.445234 0.777246 0.440117 0.778906 0.435336 0.779893 0.430723 0.779268 0.42791 0.777788
1 0.45418 0.797822 0.455473 0.801479 0.457949 0.806328 0.459973 0.808438 0.462785 0.807876 0.465543 0.805063 0.469027 0.800142 0.475949 0.793252 0.479324 0.788823 0.48191 0.786992 0.482137 0.784531 0.481855 0.78144 0.482023 0.778555 0.48416 0.778486 0.485621 0.78186 0.488211 0.786221 0.488773 0.789805 0.489785 0.790933 0.489504 0.795854 0.488941 0.798594 0.488434 0.801831 0.485004 0.80605 0.482418 0.809917 0.47848 0.814766 0.475273 0.817861 0.471055 0.819688 0.466949 0.819829 0.462785 0.81772 0.459805 0.8154 0.456992 0.811392 0.454348 0.80626 0.451816 0.802461 0.450184 0.799297 0.449961 0.796626 0.451027 0.79501 0.453504 0.79543
1 0.429148 0.808857 0.431961 0.813081 0.43466 0.816733 0.438148 0.817861 0.443043 0.816245 0.449793 0.816245 0.455527 0.818423 0.459465 0.821519 0.465543 0.831079 0.468465 0.837759 0.471168 0.843804 0.47409 0.847251 0.481629 0.852104 0.485398 0.853999 0.487086 0.85646 0.48641 0.859556 0.485961 0.861665 0.485793 0.863843 0.481684 0.863916 0.476512 0.86314 0.46841 0.858643 0.463965 0.854424 0.45834 0.848306 0.454066 0.843384 0.447992 0.836987 0.443996 0.830166 0.441918 0.828335 0.43691 0.827495 0.432074 0.826509 0.429934 0.824683 0.427855 0.819619 0.426559 0.813081 0.426504 0.809917 0.427742 0.807944
1 0.500469 0.798682 0.494246 0.805356 0.491141 0.809658 0.488441 0.815059 0.486887 0.819614 0.485133 0.823579 0.482633 0.825942 0.480609 0.826362 0.478383 0.829741 0.479258 0.833198 0.480746 0.836152 0.481148 0.839443 0.483715 0.842227 0.485875 0.842646 0.487563 0.839863 0.487832 0.837334 0.488371 0.833618 0.491273 0.830161 0.496676 0.826616 0.504437 0.819194 0.509633 0.813706 0.515777 0.807124 0.519961 0.799619 0.525293 0.794302 0.531098 0.792783 0.535824 0.788394 0.539336 0.78561 0.543926 0.785103 0.545141 0.784009 0.545816 0.782319 0.544465 0.780635 0.542844 0.779956 0.54048 0.779956 0.53866 0.780547 0.532719 0.782744 0.528871 0.78519 0.522527 0.788228 0.517465 0.789409 0.511523 0.790674 0.505469 0.794531
1 0.531773 0.764434 0.523605 0.768315 0.519961 0.771436 0.517262 0.774136 0.513145 0.776245 0.509094 0.777593 0.502953 0.779453 0.499172 0.780464 0.49627 0.780127 0.494445 0.779282 0.493098 0.780127 0.493098 0.782993 0.494918 0.785781 0.497148 0.787637 0.501668 0.788311 0.505383 0.788311 0.509027 0.788311 0.515168 0.78814 0.520301 0.78814 0.528062 0.786792 0.5365 0.781812 0.539535 0.777764 0.543184 0.774644 0.546211 0.771191 0.546625 0.767471 0.54723 0.764854 0.548445 0.763169 0.549934 0.760298 0.549852 0.753042 0.54927 0.749541 0.547402 0.74707 0.544484 0.748232 0.543438 0.750132 0.540875 0.754644 0.538652 0.757563 0.535738 0.760913
1 0.59902 0.781567 0.602035 0.785454 0.604852 0.786548 0.608547 0.786904 0.611852 0.78752 0.615156 0.790317 0.618168 0.794204 0.621863 0.799429 0.628859 0.805991 0.633625 0.808418 0.640332 0.80915 0.644801 0.807813 0.648301 0.804775 0.649758 0.801494 0.655008 0.79626 0.660742 0.791533 0.66366 0.789585 0.665699 0.786064 0.664438 0.783257 0.662008 0.783511 0.65977 0.785337 0.65598 0.788252 0.652965 0.790679 0.649176 0.794434 0.647133 0.796636 0.644316 0.796392 0.641109 0.79481 0.636441 0.789585 0.631406 0.783643 0.625945 0.781206 0.621961 0.77938 0.615836 0.778047 0.60952 0.778047 0.603395 0.777437 0.601063 0.775493 0.600187 0.77208 0.598437 0.771484 0.596883 0.773184 0.596688 0.775737 0.597367 0.777925
1 0.708273 0.763208 0.70623 0.768555 0.704387 0.774995 0.704094 0.782773 0.705746 0.790181 0.709148 0.796865 0.71216 0.802939 0.716437 0.809014 0.720035 0.810474 0.724797 0.810474 0.72927 0.80938 0.731602 0.807798 0.732477 0.805249 0.731602 0.802817 0.725965 0.801484 0.722949 0.797471 0.72159 0.791035 0.720422 0.783379 0.719547 0.775361 0.717992 0.765518 0.716437 0.757622 0.715758 0.755918 0.713523 0.753613 0.712063 0.753491 0.71041 0.755313 0.709926 0.757861
1 0.729461 0.756055 0.727422 0.76541 0.725867 0.775371 0.725965 0.781567 0.726352 0.787158 0.729754 0.793218 0.736074 0.800034 0.740254 0.803438 0.749 0.806113 0.756289 0.807085 0.760859 0.805869 0.765328 0.8021 0.764359 0.800645 0.757746 0.800278 0.752402 0.798823 0.748223 0.796147 0.7455 0.790317 0.743559 0.780596 0.739668 0.77208 0.738309 0.765894 0.737141 0.75897 0.736852 0.753745 0.736559 0.748765 0.734711 0.746938 0.732477 0.747061 0.730434 0.750586
1 0.46934 0.521079 0.46318 0.527729 0.45968 0.535425 0.456883 0.540503 0.454641 0.543301 0.453801 0.547324 0.453242 0.550996 0.450863 0.553096 0.447645 0.555195 0.446102 0.555723 0.444844 0.557822 0.444285 0.55957 0.442883 0.562197 0.439387 0.566743 0.437984 0.56937 0.437984 0.571118 0.438547 0.572695 0.439805 0.570942 0.444562 0.567446 0.448902 0.564995 0.45198 0.564121 0.454641 0.56062 0.458281 0.556421 0.465 0.551699 0.471996 0.544697 0.479555 0.532803 0.484734 0.523179 0.487254 0.521953 0.490332 0.519854 0.490895 0.51688 0.490473 0.514082 0.486555 0.512505 0.481934 0.513208 0.475637 0.516357
1 0.458559 0.480312 0.449324 0.479438 0.443582 0.482588 0.437426 0.487139 0.433367 0.490635 0.430285 0.497109 0.429027 0.50061 0.427066 0.502358 0.428188 0.506733 0.428605 0.507959 0.430008 0.508306 0.431125 0.504985 0.432105 0.501133 0.435605 0.495884 0.444285 0.492388 0.446664 0.491514 0.451422 0.490811 0.456461 0.493613 0.462199 0.498335 0.467797 0.503062 0.474797 0.510234 0.481516 0.512505 0.490895 0.518804 0.495094 0.523706 0.499012 0.527554 0.50391 0.533677 0.508949 0.535952 0.509508 0.534727 0.508809 0.530176 0.507551 0.525977 0.501109 0.51793 0.496211 0.508481 0.493691 0.50271 0.485574 0.49501 0.478574 0.490464 0.468078 0.485562
1 0.535824 0.50271 0.535543 0.506035 0.535262 0.511108 0.535824 0.517407 0.534844 0.523179 0.533445 0.528428 0.532742 0.534902 0.532324 0.542075 0.532324 0.544526 0.532465 0.551348 0.532465 0.556421 0.530645 0.560444 0.528266 0.563071 0.527004 0.564819 0.526727 0.567271 0.527145 0.569717 0.528965 0.569893 0.530223 0.567271 0.534563 0.561846 0.53932 0.557471 0.543102 0.552925 0.544641 0.547676 0.548141 0.538926 0.548141 0.531226 0.54716 0.520903 0.545063 0.514082 0.54282 0.509185 0.542543 0.504111 0.542812 0.498486 0.541 0.495186 0.538621 0.49291 0.536941 0.492563 0.536102 0.495186 0.536523 0.499209
2 0.602168 0.429927 0.597969 0.431152 0.59307 0.435522 0.590691 0.438848 0.58607 0.443047 0.58509 0.446899 0.58257 0.453022 0.580055 0.45687 0.577395 0.459492 0.575152 0.462642 0.574035 0.466494 0.575855 0.467891 0.580055 0.465269 0.58873 0.457744 0.592789 0.455293 0.597828 0.452671 0.604129 0.448296 0.608187 0.445498 0.611684 0.444971 0.615883 0.445498 0.613086 0.448296 0.611684 0.451094 0.612664 0.454595 0.616586 0.455996 0.618824 0.450747 0.622883 0.4448 0.622883 0.438501 0.616863 0.432549 0.613363 0.430801 0.610285 0.428003 0.606086 0.42835
1 0.760199 0.748105 0.756824 0.750273 0.749699 0.756602 0.747496 0.758535 0.745434 0.76082 0.744543 0.761875 0.74234 0.76709 0.74159 0.772422 0.741496 0.776641 0.743793 0.77916 0.74548 0.779336 0.747074 0.778574 0.749887 0.776699 0.751996 0.774414 0.754387 0.772832 0.755934 0.773477 0.759684 0.774473 0.76259 0.77459 0.767887 0.773594 0.773137 0.772129 0.779371 0.770078 0.785465 0.768027 0.790621 0.764746 0.793246 0.761758 0.792121 0.758242 0.784152 0.750742 0.779961 0.747998 0.774453 0.745752 0.768555 0.74502 0.76293 0.74624
1 0.791715 0.737515 0.783781 0.73625 0.77602 0.73625 0.770508 0.736812 0.763645 0.737725 0.75768 0.739062 0.753406 0.739976 0.752395 0.741802 0.752055 0.745742 0.753406 0.746797 0.757062 0.746304 0.762801 0.745249 0.77 0.743911 0.776977 0.744194 0.784008 0.748203 0.791656 0.753687 0.799102 0.757861 0.806227 0.759521 0.815227 0.759521 0.821695 0.760156 0.82966 0.76377 0.835559 0.767524 0.841441 0.770898 0.843434 0.770801 0.844059 0.769336 0.843867 0.767236 0.836602 0.762354 0.821754 0.753418 0.812613 0.745806 0.806445 0.74165 0.801602 0.739404 0.795621 0.737915
1 0.844371 0.725728 0.840387 0.725 0.833293 0.726943 0.830863 0.729492 0.828723 0.731924 0.826391 0.734595 0.824543 0.735811 0.823668 0.737393 0.823668 0.740186 0.825031 0.741279 0.826488 0.741279 0.828434 0.741279 0.831445 0.739092 0.83407 0.739819 0.839027 0.742007 0.841652 0.744922 0.843109 0.746504 0.845344 0.751362 0.845441 0.75355 0.844469 0.756587 0.843496 0.759868 0.843012 0.763516 0.842914 0.767158 0.842914 0.76959 0.843887 0.772383 0.84593 0.773721 0.849426 0.774082 0.851078 0.773721 0.852246 0.770684 0.85273 0.765698 0.854191 0.759141 0.85798 0.751729 0.860117 0.745166 0.85866 0.735933 0.855648 0.731074 0.850301 0.727671
2 0.85898 0.782603 0.8525 0.776226 0.850801 0.773589 0.848371 0.771973 0.846426 0.772275 0.845211 0.775718 0.845453 0.780171 0.850637 0.787358 0.855742 0.792725 0.859711 0.797788 0.863355 0.803965 0.86927 0.807612 0.872668 0.808218 0.876801 0.808623 0.87834 0.806191 0.877773 0.802549 0.875426 0.798496 0.871859 0.794248 0.866914 0.789062 0.862949 0.78564
1 0.954074 0.746255 0.950023 0.751924 0.947918 0.757998 0.947191 0.762354 0.946785 0.768833 0.947516 0.775513 0.947836 0.780981 0.949215 0.783311 0.952375 0.784526 0.955855 0.784629 0.95934 0.781489 0.962418 0.773896 0.964199 0.764375 0.965332 0.757695 0.966953 0.7502 0.969707 0.744331 0.970922 0.740684 0.969625 0.736636 0.966629 0.733901 0.96177 0.733599 0.958855 0.735215 0.956504 0.740581
1 0.944219 0.797983 0.943242 0.790479 0.944336 0.783843 0.946898 0.777866 0.953082 0.775093 0.959496 0.774365 0.963348 0.776113 0.966496 0.778887 0.966961 0.788071 0.96766 0.796089 0.969297 0.801919 0.970461 0.809209 0.970227 0.81752 0.96941 0.823936 0.968012 0.830645 0.96743 0.838662 0.96743 0.844932 0.966145 0.853096 0.964164 0.856011 0.962996 0.85543 0.962063 0.850327 0.961598 0.840557 0.960898 0.830059 0.958914 0.822622 0.957398 0.816499 0.95693 0.808042 0.956816 0.798711 0.95798 0.790986 0.95798 0.787632 0.954598 0.788506 0.951914 0.792734 0.950633 0.795068 0.949 0.797837 0.947133 0.79915 0.946316 0.799297
1 1 0.801372 0.998258 0.803779 0.995828 0.808154 0.992523 0.813496 0.988734 0.818604 0.983 0.824067 0.978527 0.826743 0.976488 0.831118 0.976586 0.836221 0.977652 0.839258 0.979891 0.841929 0.981055 0.841567 0.981543 0.838286 0.981832 0.836582 0.984648 0.832715 0.989027 0.830752 0.994566 0.830996 0.998453 0.830752 1 0.828721
1 0.982902 0.863921 0.98475 0.866475 0.984848 0.869023 0.984555 0.872427 0.982902 0.876191 0.980859 0.880322 0.977168 0.887612 0.972891 0.895513 0.968711 0.904746 0.964336 0.913252 0.963074 0.916772 0.962004 0.92042 0.962395 0.923091 0.963559 0.924307 0.965793 0.924551 0.967836 0.923457 0.970266 0.921147 0.974738 0.916167 0.979109 0.911792 0.987469 0.902925 0.993984 0.892959 0.997387 0.884214 0.997387 0.876313 0.994566 0.866592 0.989805 0.861489 0.983973 0.856025 0.981637 0.853716 0.979016 0.852012 0.977555 0.852622 0.977457 0.855659 0.978723 0.858574 0.980668 0.861128
1 0.970461 0.93354 0.963172 0.929531 0.957047 0.927466 0.94966 0.923818 0.947328 0.921997 0.944992 0.92042 0.94373 0.921636 0.94334 0.924551 0.944508 0.927949 0.94684 0.931719 0.951699 0.938398 0.955102 0.943506 0.958797 0.947026 0.961906 0.95043 0.965309 0.953467 0.969586 0.954927 0.972016 0.957964 0.973473 0.964038 0.973473 0.967197 0.972113 0.974121 0.970559 0.977524 0.966863 0.983232 0.966379 0.988335 0.969488 0.990522 0.972113 0.988457 0.977848 0.981533 0.980762 0.974731 0.982223 0.967075 0.982418 0.959541 0.982418 0.952861 0.981914 0.947998 0.980391 0.943506 0.976875 0.938867 0.9725 0.935239
1 0.863168 0.838481 0.860332 0.845166 0.857984 0.848809 0.855312 0.853267 0.851098 0.857417 0.845836 0.863794 0.84227 0.868247 0.839434 0.872603 0.83425 0.880601 0.831172 0.88627 0.8285 0.890728 0.825504 0.895078 0.824695 0.899131 0.82518 0.901968 0.826719 0.902773 0.827934 0.902773 0.829309 0.902471 0.832469 0.900142 0.838711 0.897119 0.843516 0.893164 0.849559 0.88708 0.853934 0.879995 0.859766 0.86835 0.862359 0.861362 0.864223 0.854072 0.867703 0.84415 0.86973 0.837065 0.872078 0.831597 0.872422 0.82959 0.870625 0.827832 0.868273 0.828965 0.86657 0.830381 0.865355 0.834126
2 0.879449 0.829702 0.883094 0.836689 0.888199 0.845498 0.890223 0.850562 0.892004 0.855723 0.893625 0.859775 0.89557 0.864331 0.900023 0.870303 0.90448 0.87395 0.908773 0.876987 0.912094 0.878809 0.913875 0.8779 0.913793 0.875771 0.912496 0.87314 0.906586 0.867266 0.899215 0.854609 0.89727 0.850156 0.894031 0.842563 0.891031 0.837905 0.887793 0.833853 0.88366 0.828691 0.881797 0.827578 0.880258 0.827173 0.879449 0.827578
1 0.773039 0.822617 0.769262 0.823799 0.766695 0.825317 0.764266 0.825488 0.762375 0.826582 0.76332 0.828101 0.765344 0.829536 0.766965 0.832656 0.768586 0.835107 0.771016 0.836118 0.773984 0.836709 0.776348 0.835693 0.778102 0.833584 0.779113 0.831226 0.779113 0.828438 0.777898 0.825825 0.775133 0.823037
2 0.514613 0.930503 0.513773 0.923364 0.51159 0.920635 0.508063 0.918535 0.503863 0.922104 0.502016 0.924624 0.500504 0.926514 0.498656 0.930083 0.498656 0.933652 0.499832 0.937852 0.504535 0.943101 0.507895 0.9452 0.512598 0.94478 0.515117 0.942051 0.515977 0.939941 0.516289 0.937207 0.515453 0.934702 0.514766 0.932617
1 0.670387 0.53332 0.666199 0.5248 0.660465 0.518135 0.655941 0.514419 0.651016 0.51333 0.646289 0.510625 0.643453 0.50936 0.640078 0.510625 0.636566 0.512227 0.63434 0.514336 0.633801 0.516782 0.634477 0.519229 0.637176 0.521592 0.640688 0.523281 0.64541 0.524717 0.648313 0.526826 0.650742 0.530283 0.654254 0.53332 0.657562 0.537031 0.663297 0.54041 0.668023 0.54395 0.672141 0.547075 0.674637 0.547495 0.677 0.547495 0.677539 0.54623 0.677473 0.544966 0.674707 0.541675 0.67268 0.537622
1 0.695023 0.482612 0.693633 0.485938 0.693336 0.490967 0.693133 0.494087 0.691648 0.496704 0.689961 0.499824 0.688137 0.502944 0.686449 0.506323 0.685371 0.51147 0.685234 0.516953 0.684426 0.519907 0.683277 0.523535 0.682738 0.52792 0.681996 0.532983 0.681187 0.537876 0.680645 0.541592 0.680242 0.54876 0.680715 0.55062 0.683617 0.552729 0.68841 0.549351 0.694012 0.542603 0.696914 0.538721 0.699102 0.535693 0.700223 0.531465 0.700895 0.527754 0.70184 0.523198 0.70218 0.519907 0.701773 0.517119 0.700289 0.5102 0.69975 0.505981 0.698734 0.497886 0.698535 0.495186 0.697859 0.489531 0.698398 0.488433 0.699277 0.486914 0.700977 0.48457 0.701016 0.482129 0.700223 0.480249 0.698805 0.479238 0.697184 0.479575 0.696172 0.48042
1 0.74566 0.324312 0.738664 0.326641 0.731664 0.328101 0.724664 0.328535 0.717668 0.329995 0.713934 0.331309 0.713586 0.334224 0.714402 0.336411 0.717199 0.337578 0.727117 0.337139 0.734695 0.337139 0.742277 0.340786 0.746594 0.342388 0.756742 0.341514 0.764441 0.338599 0.769105 0.335244 0.77377 0.327808 0.77832 0.321978 0.781238 0.314976 0.782168 0.311333 0.78077 0.308711 0.778438 0.306523 0.776223 0.304771 0.774238 0.305791 0.774238 0.309585 0.77284 0.313813 0.770738 0.316436 0.76584 0.31833 0.761641 0.319063 0.753941 0.321392 0.748227 0.322998
1 0.784379 0.575737 0.779359 0.574927 0.774578 0.572598 0.77223 0.570171 0.768586 0.568652 0.765508 0.568247 0.76 0.568247 0.756598 0.569058 0.752629 0.570068 0.74866 0.5727 0.7455 0.575942 0.742988 0.578472 0.739668 0.582725 0.736184 0.588496 0.733352 0.59437 0.731082 0.600239 0.729625 0.605103 0.728812 0.610771 0.728812 0.613403 0.729949 0.615327 0.731488 0.614922 0.733187 0.612798 0.734078 0.610566 0.734969 0.606519 0.73732 0.601558 0.739184 0.598618 0.742504 0.598618 0.745336 0.600239 0.748902 0.600142 0.752707 0.598521 0.757648 0.596699 0.762266 0.593862 0.767695 0.590928 0.773605 0.587886 0.778547 0.585459 0.784945 0.584443 0.790777 0.584043 0.797582 0.584043 0.799285 0.582827 0.799609 0.580903 0.799285 0.578169 0.79807 0.576953 0.795961 0.576245 0.790453 0.576143 0.786719 0.575928
1 0.815891 0.614111 0.808195 0.614517 0.801473 0.615527 0.797422 0.617554 0.794102 0.621201 0.791184 0.625854 0.789402 0.629297 0.787539 0.631426 0.783246 0.633452 0.779926 0.63436 0.777574 0.634971 0.776359 0.634868 0.775145 0.635879 0.775145 0.638511 0.775633 0.639932 0.778789 0.64084 0.781625 0.640942 0.786484 0.639321 0.790211 0.6375 0.79248 0.635376 0.795883 0.632842 0.800254 0.632539 0.803578 0.633857 0.808844 0.633955 0.813539 0.632744 0.818562 0.63021 0.824395 0.627173 0.829012 0.625352 0.835977 0.625249 0.840188 0.625249 0.846266 0.624336 0.847559 0.621807 0.847965 0.618164 0.847074 0.615122 0.846102 0.612085 0.84432 0.610264 0.841648 0.610566 0.839945 0.613506 0.839137 0.614517 0.834195 0.615527 0.827309 0.61563 0.82075 0.614722
1 0.910496 0.589683 0.905703 0.592217 0.90125 0.594663 0.89632 0.597446 0.893621 0.599302 0.889301 0.601245 0.886535 0.602764 0.882891 0.602256 0.881473 0.602422 0.879516 0.604028 0.879109 0.606729 0.881203 0.61002 0.884781 0.611958 0.890246 0.612632 0.897605 0.612969 0.903273 0.612886 0.909754 0.609932 0.913937 0.606221 0.918801 0.601665 0.924605 0.599556 0.929328 0.599136 0.934883 0.598535 0.940195 0.597026 0.946473 0.592637 0.946813 0.590444 0.941613 0.590947 0.934863 0.593228 0.929734 0.593398 0.92332 0.593228 0.919812 0.591709 0.916773 0.590107 0.91375 0.589453
1 1 0.488643 0.995684 0.484053 0.988004 0.480894 0.982758 0.478462 0.977215 0.476641 0.972937 0.474937 0.970508 0.474331 0.968469 0.474453 0.968371 0.47603 0.971871 0.479189 0.978285 0.481499 0.982949 0.485996 0.987617 0.492314 0.990336 0.496929 0.992184 0.503003 0.994324 0.51127 0.996754 0.517827 0.998695 0.52293 1 0.525547
1 0.994227 0.547598 0.983633 0.562783 0.97916 0.571289 0.975953 0.577607 0.971383 0.586719 0.968469 0.595469 0.967105 0.601299 0.964191 0.611748 0.962441 0.619521 0.961859 0.625356 0.962344 0.629609 0.963121 0.631919 0.964676 0.632524 0.966137 0.630581 0.970508 0.623535 0.97741 0.60689 0.983727 0.592793 0.989852 0.579795 0.993449 0.571533 0.996461 0.560962 0.997238 0.556099 0.999184 0.551851 1 0.550132 1 0.542603 0.999668 0.542495 0.997238 0.544194
1 0.727934 0.323726 0.727934 0.329121 0.726648 0.339326 0.726648 0.342241 0.726648 0.348223 0.727348 0.354634 0.72898 0.36207 0.730148 0.367026 0.733063 0.373008 0.735863 0.375776 0.740645 0.378838 0.74391 0.381172 0.748926 0.386714 0.750559 0.388315 0.751844 0.389336 0.754992 0.387734 0.756742 0.385547 0.756508 0.383213 0.754992 0.380586 0.751262 0.373735 0.746012 0.360029 0.745078 0.348223 0.743328 0.341074 0.740414 0.332329 0.737613 0.326934 0.735746 0.324165 0.73423 0.321104 0.733531 0.317021 0.73423 0.313521 0.735164 0.313081 0.737262 0.312646 0.738895 0.311187 0.738312 0.309873 0.735512 0.308271 0.734582 0.308271 0.731898 0.309873 0.729566 0.313813 0.72898 0.317021
1 0.881781 0.45291 0.880082 0.451089 0.880566 0.450176 0.881945 0.44856 0.883645 0.446533 0.883809 0.443599 0.883969 0.440962 0.882348 0.439443 0.877086 0.440459 0.872305 0.443394 0.870605 0.445928 0.869793 0.450684 0.869957 0.455239 0.871496 0.462632 0.872629 0.467187 0.876113 0.473262 0.881703 0.480249 0.88648 0.483589 0.890855 0.485107 0.895715 0.48501 0.90025 0.482881 0.904059 0.48106 0.907863 0.478022 0.910133 0.479741 0.910375 0.482983 0.910539 0.48855 0.910781 0.491895 0.911184 0.493916 0.911914 0.494629 0.913211 0.493916 0.913937 0.492397 0.915641 0.484502 0.916531 0.475796 0.916449 0.47397 0.914992 0.472656 0.912887 0.47124 0.908676 0.47043 0.903004 0.47063 0.900656 0.469922 0.895797 0.466274 0.893121 0.464048 0.888504 0.46 0.887289 0.458682 0.884617 0.45605
1 0.905676 0.407246 0.900574 0.41292 0.896121 0.419399 0.893688 0.425068 0.89207 0.430635 0.891098 0.436509 0.889152 0.445522 0.887211 0.449771 0.88559 0.453418 0.88243 0.455947 0.88 0.458481 0.878379 0.461924 0.880324 0.463745 0.884293 0.463237 0.892473 0.461519 0.898387 0.459189 0.901223 0.455747 0.904461 0.450581 0.906566 0.443599 0.907461 0.437622 0.907461 0.43165 0.907461 0.424863 0.909566 0.416362 0.912645 0.411704 0.914668 0.407856 0.917586 0.402793 0.920906 0.396416 0.921066 0.394185 0.919125 0.392666 0.916289 0.393579 0.911914 0.39834 0.908281 0.40332
1 0.921715 0.418262 0.91823 0.413101 0.915406 0.40915 0.911348 0.403989 0.907785 0.399937 0.902844 0.393457 0.900816 0.390825 0.898469 0.389712 0.896281 0.390928 0.896281 0.394067 0.897254 0.398521 0.899277 0.402568 0.902762 0.407432 0.906324 0.413608 0.906324 0.419175 0.906082 0.425757 0.906324 0.431226 0.907945 0.436895 0.911266 0.443574 0.914992 0.450156 0.920988 0.454814 0.92575 0.456548 0.927937 0.459688 0.927289 0.462217 0.926234 0.464243 0.926723 0.46728 0.927855 0.469302 0.927047 0.473457 0.925426 0.476089 0.923887 0.478315 0.922266 0.479937 0.920078 0.481455 0.918621 0.482568 0.918461 0.483984 0.918781 0.484595 0.92243 0.483984 0.925102 0.482568 0.92834 0.479834 0.93134 0.477505 0.933039 0.473052 0.934336 0.464648 0.93466 0.459888 0.933523 0.448955 0.931984 0.440952 0.92834 0.429409 0.92502 0.423438
1 0.818691 0.456299 0.812664 0.462739 0.80868 0.469424 0.804891 0.477441 0.803141 0.484854 0.803141 0.49251 0.804695 0.498706 0.809555 0.505996 0.816555 0.510249 0.821805 0.511826 0.828703 0.512192 0.831813 0.513042 0.831813 0.510249 0.829578 0.507939 0.827051 0.505508 0.821805 0.504292 0.817039 0.500527 0.814805 0.496758 0.81393 0.494331 0.81393 0.491294 0.817527 0.485337 0.822582 0.479263 0.829191 0.471123 0.833371 0.464805 0.835508 0.460796 0.839297 0.454233 0.840855 0.450103 0.842699 0.441357 0.842605 0.436616 0.841535 0.430176 0.840367 0.427505 0.83959 0.425806 0.837355 0.426411 0.836187 0.427749 0.836285 0.432246 0.836285 0.439048 0.835898 0.443906 0.834926 0.447676 0.83191 0.451074 0.823359 0.453872
1 0.963461 0.329688 0.963578 0.334937 0.966145 0.339897 0.967895 0.344414 0.968594 0.34937 0.966379 0.357246 0.965508 0.362451 0.965563 0.368472 0.965914 0.376055 0.96673 0.381592 0.968594 0.38728 0.968246 0.389902 0.967313 0.392969 0.968594 0.396172 0.970461 0.396904 0.97466 0.398213 0.981602 0.397949 0.988008 0.394873 0.992344 0.394287 0.996055 0.396729 0.997305 0.402832 0.99857 0.405215 1 0.404497 1 0.393506 0.99875 0.391504 0.993594 0.387646 0.990875 0.386987 0.987375 0.387427 0.983641 0.388594 0.982594 0.38772 0.982707 0.38582 0.984227 0.382612 0.98434 0.375034 0.98434 0.365557 0.982477 0.356372 0.97991 0.34937 0.975594 0.340479 0.972109 0.334082 0.969762 0.328813 0.968246 0.327212 0.96568 0.326919 0.964164 0.3275
1 0.701805 0.337563 0.695273 0.334062 0.689676 0.332896 0.68734 0.331729 0.68582 0.326465 0.683375 0.322544 0.681391 0.319048 0.679758 0.312778 0.678594 0.309873 0.676961 0.306509 0.675676 0.306216 0.675445 0.309424 0.675676 0.31394 0.675676 0.319048 0.676145 0.325171 0.677195 0.327646 0.680809 0.330723 0.683957 0.333916 0.685359 0.338306 0.685477 0.342373 0.687926 0.348223 0.69259 0.353032 0.697371 0.355933 0.704719 0.361182 0.715684 0.366431 0.722102 0.369785 0.725133 0.370381 0.727934 0.367905 0.728047 0.364097 0.723617 0.358848 0.715684 0.35083 0.707754 0.344575
1 0.82091 0.140386 0.816852 0.144233 0.815312 0.149658 0.813211 0.158755 0.811672 0.166104 0.807055 0.179053 0.803555 0.189722 0.801176 0.19812 0.794457 0.210718 0.792355 0.214917 0.790258 0.220864 0.790117 0.225415 0.792918 0.223843 0.797676 0.219468 0.805652 0.212119 0.813211 0.203545 0.817969 0.196372 0.820211 0.187798 0.822309 0.172227 0.82259 0.162256 0.822871 0.153857 0.823289 0.14231 0.824687 0.13811 0.823988 0.136533 0.82259 0.137412
1 0.790398 0.139336 0.784379 0.146685 0.781859 0.149834 0.780457 0.152983 0.778918 0.153154 0.777379 0.15123 0.77668 0.149482 0.775 0.146157 0.771781 0.144058 0.770102 0.142485 0.768281 0.14231 0.765203 0.145107 0.764223 0.148433 0.763383 0.15228 0.763102 0.154033 0.764781 0.155957 0.767023 0.155605 0.768703 0.154907 0.772199 0.155957 0.774719 0.159453 0.776398 0.163652 0.779199 0.166978 0.783398 0.168203 0.790117 0.165581 0.793617 0.160679 0.797395 0.155083 0.800754 0.148608 0.802855 0.143359 0.802855 0.135483 0.802855 0.132686 0.805094 0.12709 0.805512 0.124814 0.804395 0.122188 0.802293 0.120791 0.799496 0.121841 0.796977 0.127788 0.795156 0.13356 0.792355 0.137412
1 0.867938 0.128662 0.861781 0.137061 0.855762 0.140908 0.849742 0.143359 0.841625 0.145811 0.838688 0.143184 0.835328 0.135659 0.835047 0.131636 0.833648 0.130762 0.832387 0.132686 0.832945 0.137412 0.833367 0.143535 0.834766 0.148433 0.836445 0.15228 0.839945 0.154907 0.847363 0.154907 0.855762 0.151934 0.865559 0.150356 0.872836 0.147559 0.880535 0.136885 0.883477 0.12604 0.883477 0.120791 0.884316 0.116416 0.886973 0.112915 0.891035 0.108193 0.892852 0.102944 0.892434 0.0997949 0.888652 0.100317 0.884316 0.105742 0.879977 0.111519 0.878578 0.11519 0.876328 0.119922 0.87116 0.124814
1 0.864719 0.0730225 0.861359 0.0770508 0.856602 0.0836963 0.854781 0.0891211 0.853102 0.0959424 0.852961 0.101021 0.853801 0.107319 0.856461 0.113618 0.857723 0.121489 0.857723 0.125513 0.856602 0.132861 0.853383 0.137236 0.851004 0.140562 0.850164 0.144761 0.851984 0.145107 0.854781 0.143882 0.858563 0.140562 0.861922 0.134609 0.864859 0.127261 0.865281 0.120439 0.865281 0.114492 0.865281 0.106616 0.8685 0.0985693 0.871996 0.0926221 0.875777 0.0836963 0.876195 0.0773975 0.876195 0.070752 0.875355 0.0634033 0.874379 0.0595508 0.871859 0.0590283 0.869059 0.0599023 0.86682 0.0613037 0.866398 0.0639258 0.866398 0.0668994 0.866398 0.0698779
1 0.906902 0 0.905449 0.00164062 0.90293 0.00776367 0.901113 0.0152881 0.897332 0.024209 0.893133 0.032085 0.890613 0.0383838 0.888516 0.0467822 0.888094 0.0569287 0.888094 0.0639258 0.887535 0.0709277 0.885715 0.0784473 0.884035 0.0847461 0.882355 0.0913965 0.880816 0.0961182 0.881098 0.0992676 0.881656 0.0997949 0.883336 0.0985693 0.885855 0.0926221 0.888234 0.0866699 0.890332 0.0752979 0.892152 0.068999 0.895793 0.0634033 0.899992 0.058501 0.903352 0.0515039 0.90559 0.0445068 0.906406 0.0354004 0.905031 0.028584 0.904891 0.0200098 0.90559 0.0144141 0.90741 0.00793945 0.909648 0.00304199 0.912203 0
1 0.881797 0.0317334 0.873258 0.0299854 0.865418 0.0308594 0.859121 0.032959 0.852961 0.0362842 0.844703 0.0404834 0.841066 0.0418799 0.837566 0.0462549 0.834207 0.0504541 0.831266 0.0546533 0.829309 0.0562305 0.825668 0.0572803 0.823008 0.0564062 0.821891 0.0574512 0.821609 0.0593799 0.82427 0.0635791 0.826508 0.0642773 0.830707 0.0627002 0.834207 0.0593799 0.837566 0.0565771 0.841766 0.0541309 0.851281 0.0513281 0.855621 0.0513281 0.861781 0.0513281 0.86598 0.0501074 0.87018 0.0485303 0.875219 0.0460791 0.878578 0.0445068 0.881375 0.0432813 0.882355 0.0431055 0.883477 0.0450293 0.883754 0.0476562 0.884316 0.0532568 0.884875 0.0571045 0.886414 0.0581543 0.887676 0.0567529 0.888652 0.0546533 0.889215 0.0480078 0.888793 0.0432813 0.886973 0.0369824 0.885156 0.033833
1 0.83332 0.0254395 0.833477 0.0291016 0.835187 0.0331348 0.837707 0.0355859 0.839527 0.0404834 0.840504 0.0473047 0.840926 0.0569287 0.840926 0.0618262 0.842324 0.068999 0.842324 0.0752979 0.842324 0.0796729 0.844145 0.0840479 0.845125 0.0891211 0.845543 0.0927979 0.845402 0.0978711 0.845402 0.100317 0.846945 0.0997949 0.849184 0.0968213 0.850582 0.0943701 0.853523 0.0898193 0.85618 0.0833496 0.857301 0.0737256 0.857582 0.0656787 0.856742 0.0595508 0.854223 0.0530811 0.851281 0.0457324 0.847922 0.0401318 0.844844 0.0359326 0.840926 0.0315576 0.839246 0.0287598 0.839387 0.0261377 0.84125 0.0227539 0.842043 0.0198389 0.84125 0.0169922 0.838688 0.0168652 0.836727 0.0182617 0.835047 0.0198389 0.834023 0.0221191
1 0.811867 0.0434668 0.808559 0.0426221 0.805926 0.0427051 0.80282 0.0445605 0.799852 0.0459961 0.796879 0.0467578 0.794992 0.0488672 0.793438 0.0519043 0.793102 0.0547705 0.791684 0.056626 0.790645 0.0594531 0.790527 0.0616406 0.792398 0.065874 0.79275 0.068501 0.794031 0.0699512 0.796477 0.0677637 0.799391 0.0651416 0.804996 0.0639746 0.809543 0.0626611 0.814559 0.0610596 0.817238 0.0594531 0.820277 0.057124 0.823773 0.0543506 0.828902 0.0520215 0.831941 0.0520215 0.834156 0.0531836 0.836605 0.0546436 0.838934 0.0553711 0.840102 0.054502 0.840215 0.0517236 0.840102 0.049541 0.838117 0.0461914 0.836016 0.0434131 0.831941 0.041084 0.827742 0.0412305 0.823309 0.0432715 0.820742 0.0441504 0.817941 0.0444336
1 0.784125 0 0.783301 0.00158203 0.781086 0.00755859 0.779918 0.0110596 0.77875 0.0154297 0.777578 0.0207031 0.775836 0.0298682 0.775137 0.0338037 0.775137 0.0381787 0.777234 0.0403613 0.7805 0.0400732 0.784469 0.0374463 0.789484 0.0300098 0.793914 0.0237402 0.79823 0.0113477 0.800195 0.00463867 0.801133 0 0.797266 0
1 0.774203 0.0273877 0.772687 0.0317627 0.771148 0.0341211 0.770391 0.0356934 0.76957 0.0379883 0.769102 0.0412109 0.769336 0.0445801 0.769727 0.0488281 0.771055 0.0533691 0.772734 0.0565918 0.774414 0.0595801 0.77607 0.0644482 0.777809 0.0700049 0.779336 0.0738672 0.781016 0.0782275 0.78316 0.0801953 0.785355 0.0813916 0.78827 0.0815967 0.792152 0.081958 0.794066 0.0831543 0.794801 0.0844824 0.795734 0.0865674 0.797273 0.0886084 0.80032 0.0899658 0.80159 0.0896143 0.802863 0.0878516 0.802758 0.0841016 0.802195 0.0818164 0.799387 0.0771924 0.797695 0.0753711 0.796063 0.0720898 0.795164 0.0683447 0.794137 0.0635889 0.792117 0.0574365 0.789773 0.0532813 0.787723 0.0503955 0.785355 0.0456689 0.783465 0.042041 0.782996 0.0386719 0.782789 0.0349561 0.782109 0.0315723 0.783125 0.0284521 0.783336 0.025083 0.780629 0.0191797 0.779008 0.0169775 0.777727 0.0163086 0.775906 0.0165527 0.775039 0.0180664 0.775102 0.0209424 0.775102 0.0235693 0.775102 0.024834
1 0.84825 0.105615 0.842254 0.109766 0.839094 0.110776 0.835289 0.110273 0.830348 0.10916 0.82727 0.107944 0.82241 0.107134 0.813742 0.106929 0.81034 0.10541 0.80791 0.102578 0.80791 0.0989307 0.80702 0.0960986 0.804996 0.092959 0.803375 0.0907324 0.80127 0.0890088 0.798516 0.0887061 0.796812 0.0893115 0.796164 0.0904248 0.796004 0.0927539 0.796004 0.0952881 0.797625 0.0989307 0.798918 0.10187 0.799406 0.10521 0.800133 0.109258 0.800863 0.114727 0.802484 0.119385 0.806453 0.122725 0.811555 0.125659 0.817551 0.127686 0.824516 0.127988 0.828566 0.12647 0.834801 0.122622 0.839418 0.120396 0.845172 0.11665 0.848816 0.112603 0.851246 0.108955 0.853836 0.10521 0.854258 0.103076 0.853109 0.102476 0.85068 0.103892
1 0.744586 0.0133008 0.736324 0.0168213 0.732633 0.020835 0.73059 0.0242334 0.72816 0.0278809 0.725246 0.0304297 0.721746 0.0307959 0.717664 0.0297021 0.716094 0.028125 0.714066 0.0273926 0.712609 0.0289746 0.712316 0.0314014 0.713676 0.0356543 0.716109 0.0395459 0.721066 0.0448877 0.726312 0.0457422 0.733215 0.0445264 0.741961 0.0414893 0.746141 0.0377197 0.748766 0.0335889 0.752656 0.0280029 0.75625 0.0232617 0.758391 0.0213184 0.761109 0.0219238 0.763348 0.0225342 0.765289 0.0202246 0.765 0.0175537 0.760918 0.0131787 0.758777 0.012207 0.754219 0.0116211 0.74875 0.0119629
1 1 0.154419 0.993184 0.154307 0.985484 0.154307 0.97977 0.152993 0.975105 0.1527 0.969855 0.155034 0.966355 0.156787 0.962391 0.158828 0.958074 0.160723 0.955625 0.161597 0.955273 0.162324 0.956207 0.163638 0.960406 0.163784 0.967055 0.163784 0.973473 0.164805 0.977902 0.168301 0.982148 0.171436 0.988051 0.173843 0.996684 0.17457 1 0.174258
1 0.52075 0.386152 0.51977 0.394199 0.519207 0.40085 0.51641 0.410469 0.514168 0.421318 0.51207 0.426392 0.510813 0.430591 0.510813 0.43584 0.512352 0.444937 0.514031 0.451763 0.51557 0.458408 0.516551 0.465581 0.516828 0.472056 0.51627 0.474683 0.51473 0.476431 0.517109 0.478179 0.51907 0.479756 0.522008 0.481328 0.523969 0.47958 0.524109 0.472056 0.524246 0.46646 0.525508 0.452813 0.526766 0.441787 0.524949 0.424468 0.524109 0.415718 0.523969 0.403296 0.524109 0.396475 0.524531 0.388623 0.525352 0.385645 0.526914 0.383545 0.526484 0.381445 0.524375 0.380713 0.521172 0.382812
1 0.533641 0.395947 0.529441 0.392275 0.526641 0.391401 0.522289 0.392798 0.51977 0.394722 0.517949 0.398047 0.516004 0.401724 0.514184 0.405049 0.512645 0.410645 0.51277 0.413794 0.516687 0.415195 0.519645 0.413794 0.521461 0.412046 0.523688 0.414844 0.525383 0.419917 0.527746 0.424819 0.528742 0.429189 0.529566 0.437588 0.528742 0.441089 0.52734 0.445811 0.525801 0.449834 0.522566 0.453687 0.52048 0.458062 0.519645 0.464883 0.51977 0.467158 0.52075 0.468384 0.523129 0.469434 0.524543 0.46751 0.525648 0.462783 0.53 0.458584 0.53098 0.454385 0.533484 0.450186 0.534465 0.44564 0.537699 0.441963 0.539926 0.436016 0.541059 0.427969 0.541184 0.41957 0.538672 0.405566 0.536844 0.399971
1 0.485016 0.319238 0.479086 0.316079 0.474809 0.31377 0.470336 0.31061 0.466254 0.309517 0.464797 0.310488 0.464699 0.31377 0.467227 0.317173 0.470145 0.32021 0.476754 0.325674 0.481223 0.328955 0.484141 0.335029 0.48832 0.345723 0.49075 0.34876 0.495707 0.355078 0.498031 0.360376 0.498137 0.365234 0.497465 0.368188 0.496785 0.372051 0.496785 0.375708 0.497746 0.382246 0.498195 0.391528 0.49907 0.394395 0.499848 0.394395 0.500234 0.392329 0.501305 0.386743 0.501695 0.383096 0.501793 0.378237 0.501887 0.375806 0.503637 0.370098 0.506758 0.364404 0.507816 0.356123 0.507234 0.350171 0.504707 0.343975 0.501984 0.337051 0.500898 0.332666 0.497125 0.326963 0.494598 0.324653 0.491488 0.322227
1 0.427488 0.278945 0.424449 0.281479 0.422559 0.28418 0.419996 0.287891 0.418035 0.290762 0.416687 0.294556 0.415473 0.299702 0.414121 0.305439 0.412773 0.308228 0.409871 0.311431 0.40825 0.31312 0.406766 0.316914 0.406496 0.324678 0.407035 0.330586 0.408723 0.332949 0.410883 0.332188 0.413445 0.32957 0.415945 0.324424 0.418172 0.320205 0.422965 0.316074 0.426273 0.311602 0.430051 0.304683 0.431809 0.299199 0.433496 0.294473 0.435453 0.291099 0.437477 0.288564 0.440109 0.287471 0.443348 0.288145 0.448953 0.292783 0.451449 0.294727 0.453945 0.295063 0.455703 0.294556 0.456379 0.293208 0.456379 0.291099 0.455633 0.288398 0.449898 0.284092 0.445375 0.280552 0.441934 0.278188 0.437273 0.277261 0.433563 0.277178 0.430391 0.277427
1 0.454488 0.243848 0.451855 0.248574 0.450844 0.252202 0.449898 0.254985 0.447805 0.257852 0.446117 0.260469 0.44443 0.26376 0.443012 0.268062 0.441324 0.27439 0.440312 0.277764 0.440246 0.283252 0.44173 0.287725 0.442605 0.291011 0.442676 0.29312 0.441797 0.295737 0.442406 0.297593 0.443687 0.298691 0.444766 0.29793 0.446184 0.295654 0.446859 0.291182 0.446793 0.281479 0.447805 0.276836 0.450437 0.271689 0.452934 0.270088 0.456848 0.26916 0.46198 0.264688 0.465016 0.260723 0.46873 0.254985 0.472035 0.247305 0.476355 0.236421 0.477863 0.232178 0.478512 0.229443 0.479805 0.227822 0.48159 0.227017 0.483371 0.227017 0.484344 0.225498 0.484262 0.223574 0.483773 0.221245 0.481914 0.219321 0.480535 0.217803 0.478348 0.218711 0.475352 0.220938 0.469602 0.224482 0.466359 0.228433 0.462148 0.232886 0.458664 0.237036 0.456398 0.239976
1 0.404078 0.215269 0.398406 0.215874 0.393062 0.216987 0.387551 0.220127 0.386742 0.221445 0.385367 0.222354 0.383258 0.222354 0.380262 0.221543 0.375645 0.221851 0.370867 0.222354 0.368113 0.222559 0.364063 0.222559 0.362441 0.222354 0.361391 0.220938 0.360984 0.220938 0.360012 0.221646 0.360012 0.223369 0.360418 0.224985 0.362281 0.226606 0.364469 0.22772 0.370461 0.229443 0.375156 0.231152 0.38043 0.23208 0.383746 0.232583 0.38909 0.233999 0.399297 0.23501 0.406836 0.233984 0.411609 0.231567 0.419547 0.228125 0.426191 0.225698 0.432348 0.225088 0.43607 0.224482 0.437934 0.221948 0.438098 0.217495 0.436559 0.214863 0.43348 0.213345 0.428621 0.214458 0.422617 0.215479 0.416797 0.216504 0.411203 0.216484
1 0.393793 0.141265 0.393988 0.146245 0.394863 0.151226 0.394863 0.154263 0.393598 0.158032 0.391848 0.160703 0.388641 0.162891 0.386988 0.163984 0.384168 0.166172 0.382711 0.169453 0.381254 0.174067 0.380477 0.177349 0.380961 0.180264 0.382129 0.182695 0.381156 0.18707 0.379988 0.189619 0.378531 0.195693 0.377559 0.202866 0.377559 0.207725 0.377559 0.211978 0.377559 0.214165 0.379797 0.21562 0.381836 0.215498 0.383391 0.214893 0.385336 0.212705 0.386211 0.207114 0.386309 0.202983 0.387184 0.199946 0.389031 0.203594 0.390684 0.206631 0.391652 0.207725 0.393113 0.20833 0.39525 0.207603 0.396516 0.205415 0.397293 0.203228 0.398359 0.200313 0.39943 0.195332 0.400469 0.188086 0.402152 0.185005 0.405164 0.181724 0.405457 0.177954 0.403316 0.174189 0.402637 0.170786 0.401762 0.167021 0.402055 0.160825 0.402055 0.15645 0.401801 0.155259 0.40152 0.154204 0.399945 0.153145 0.39843 0.153071 0.398262 0.147388 0.398262 0.145625 0.398605 0.143159 0.399285 0.141909 0.399566 0.138384 0.398332 0.136064 0.396191 0.134097 0.394617 0.133462 0.394055 0.134097 0.393891 0.136489 0.393891 0.138384
1 0.452203 0.133179 0.450063 0.133257 0.448207 0.133672 0.445793 0.135005 0.443711 0.138179 0.442867 0.140137 0.441012 0.142671 0.439605 0.143662 0.438473 0.144497 0.437574 0.146265 0.436562 0.149355 0.436848 0.152866 0.438699 0.155957 0.439773 0.158848 0.440723 0.161655 0.44241 0.163906 0.44466 0.164614 0.446066 0.16334 0.446637 0.160879 0.446805 0.157583 0.445676 0.155396 0.444105 0.152944 0.44416 0.151812 0.445281 0.15125 0.448098 0.152793 0.451418 0.155474 0.453047 0.158428 0.455129 0.160396 0.456813 0.161655 0.459512 0.163066 0.462043 0.16313 0.462949 0.163843 0.463566 0.165522 0.463566 0.167217 0.463223 0.169316 0.463281 0.171084 0.463117 0.172842 0.462887 0.1746 0.461762 0.175444 0.459793 0.176709 0.458895 0.178257 0.459234 0.180991 0.460699 0.182686 0.46216 0.183179 0.464242 0.182324 0.466887 0.179312 0.468293 0.177202 0.471719 0.175293 0.473297 0.17248 0.473406 0.170093 0.472004 0.163413 0.468457 0.154771 0.466598 0.149492 0.463504 0.142671 0.459906 0.136631 0.45668 0.133936 0.454961 0.133154
1 0.274262 0.34064 0.274059 0.34731 0.274195 0.352119 0.275613 0.357856 0.277703 0.362158 0.282363 0.36646 0.287426 0.369922 0.292418 0.37186 0.297281 0.373296 0.299641 0.375742 0.299238 0.377769 0.299305 0.381143 0.300656 0.381479 0.303422 0.379878 0.305988 0.37895 0.309633 0.37709 0.309836 0.373633 0.309633 0.370342 0.304906 0.366377 0.300383 0.363506 0.298629 0.358359 0.295187 0.350684 0.28918 0.3398 0.285195 0.33584 0.281758 0.333789 0.278719 0.333384 0.275613 0.334316 0.274531 0.336509
1 0.499453 0.154414 0.492367 0.152305 0.486688 0.149771 0.482188 0.146748 0.478418 0.143442 0.476672 0.142178 0.474086 0.142881 0.472453 0.1452 0.472172 0.149561 0.473297 0.151738 0.477012 0.153076 0.479656 0.154834 0.483984 0.160459 0.493324 0.169951 0.501422 0.174941 0.504742 0.177402 0.510762 0.179863 0.521 0.182188 0.528875 0.183594 0.53473 0.183042 0.538836 0.182412 0.543617 0.183745 0.547328 0.188037 0.549637 0.191411 0.552898 0.194014 0.554699 0.196826 0.556215 0.199639 0.55723 0.200059 0.557961 0.199214 0.558184 0.197178 0.557453 0.193169 0.553234 0.184873 0.549918 0.180371 0.545137 0.174678 0.540859 0.170527 0.536527 0.166943 0.528543 0.162725 0.520965 0.159194 0.515172 0.157227 0.507641 0.15582 0.503359 0.155186
1 0.408023 0.033335 0.401996 0.0375879 0.395387 0.042085 0.390137 0.0441504 0.383332 0.0473096 0.377016 0.0511963 0.374195 0.0547168 0.373242 0.0594727 0.373516 0.0637207 0.374781 0.0660205 0.376238 0.0654102 0.376625 0.0629785 0.377113 0.0601855 0.378961 0.0584863 0.382363 0.0569043 0.388098 0.0564209 0.392277 0.0553271 0.395094 0.053623 0.400926 0.0535059 0.408023 0.052168 0.415797 0.0504687 0.421727 0.0468213 0.427172 0.0432959 0.428531 0.0414746 0.428629 0.0401367 0.429602 0.03771 0.436406 0.0322412 0.440293 0.0296875 0.444668 0.0259229 0.446418 0.0224023 0.445152 0.018877 0.443793 0.0168115 0.440586 0.017417 0.433977 0.0213086 0.424645 0.0249512 0.415895 0.0283545 0.410938 0.0311475
1 0.300352 0.223779 0.296586 0.220747 0.293277 0.218047 0.291453 0.21644 0.289699 0.216865 0.289023 0.219058 0.288215 0.22125 0.287406 0.223613 0.288687 0.227915 0.290441 0.230449 0.294625 0.232388 0.297461 0.23627 0.30191 0.246396 0.305023 0.252725 0.309004 0.2577 0.314203 0.262344 0.31973 0.265801 0.321965 0.271152 0.323113 0.277056 0.324059 0.281191 0.325473 0.285918 0.326621 0.288784 0.328105 0.289629 0.329188 0.288872 0.329188 0.28752 0.328309 0.285327 0.328309 0.281953 0.329863 0.274272 0.331078 0.263896 0.330133 0.259341 0.327027 0.255122 0.32291 0.251069 0.317375 0.244067 0.31427 0.239424 0.309613 0.234614 0.307184 0.232339 0.302863 0.226685
1 0.268133 0.202231 0.26823 0.206484 0.266965 0.212197 0.264828 0.2173 0.263465 0.222886 0.262398 0.227139 0.262105 0.232974 0.26259 0.237954 0.264535 0.240503 0.265898 0.242329 0.266965 0.247065 0.267355 0.25314 0.269883 0.258003 0.27134 0.260796 0.274449 0.263345 0.275617 0.264077 0.276977 0.260918 0.27659 0.256177 0.275617 0.251685 0.274645 0.247188 0.274938 0.244028 0.276004 0.240991 0.278824 0.235522 0.280867 0.229814 0.280867 0.221431 0.279602 0.213652 0.276879 0.204541 0.276492 0.199194 0.275035 0.194575 0.272699 0.192148 0.271047 0.191299 0.270367 0.189111 0.269395 0.187896 0.266965 0.190083 0.265898 0.193604 0.266188 0.197251 0.267937 0.200044
1 0.241594 0.3479 0.236867 0.346719 0.231469 0.345449 0.228633 0.346294 0.22843 0.3479 0.229105 0.349502 0.230793 0.351357 0.23707 0.354312 0.241727 0.355576 0.247871 0.358105 0.25057 0.362578 0.252934 0.367725 0.254281 0.373462 0.255633 0.379116 0.260629 0.386118 0.26407 0.38958 0.271426 0.392109 0.274668 0.391016 0.278176 0.390762 0.282023 0.39186 0.283238 0.393462 0.285129 0.392446 0.285469 0.390171 0.285266 0.386206 0.28398 0.384097 0.280539 0.380469 0.275273 0.378271 0.272441 0.37625 0.27082 0.373042 0.269609 0.365869 0.266484 0.358691 0.261758 0.353711 0.257461 0.351514 0.254215 0.351104 0.248613 0.349585 0.244629 0.348657
1 0.302746 0.328408 0.298563 0.325791 0.295523 0.323516 0.292621 0.321489 0.289449 0.320815 0.286613 0.321152 0.283848 0.321489 0.281215 0.320645 0.279797 0.31938 0.27784 0.318872 0.27541 0.319551 0.27507 0.32208 0.275949 0.3252 0.277637 0.328574 0.280676 0.330347 0.283508 0.331782 0.28675 0.335156 0.289383 0.338784 0.292691 0.344185 0.294039 0.348237 0.297211 0.354819 0.300586 0.35895 0.304301 0.361904 0.306594 0.365024 0.307879 0.368315 0.308891 0.372031 0.310645 0.373379 0.31375 0.373125 0.316719 0.373125 0.319148 0.370088 0.318812 0.366968 0.316922 0.362158 0.314426 0.354902 0.311758 0.347607 0.309922 0.340918 0.308633 0.33623 0.305664 0.331885
1 0.187293 0.352412 0.183449 0.356294 0.180746 0.360259 0.178316 0.364985 0.176969 0.368779 0.175414 0.371904 0.173996 0.373589 0.171027 0.373589 0.167652 0.371733 0.163129 0.368359 0.161914 0.366333 0.161309 0.36625 0.161172 0.367598 0.160969 0.369624 0.161309 0.371479 0.162859 0.373843 0.164547 0.376377 0.167246 0.380254 0.169746 0.384136 0.173324 0.386499 0.175684 0.387515 0.179398 0.387764 0.182504 0.385405 0.184121 0.381523 0.185609 0.376714 0.188914 0.373926 0.195059 0.369961 0.201469 0.369707 0.206195 0.369624 0.213484 0.370469 0.218277 0.37165 0.220371 0.371313 0.220574 0.368867 0.218953 0.36667 0.215914 0.363296 0.211121 0.360513 0.207746 0.357051 0.204172 0.354014 0.200594 0.350977 0.197891 0.349292 0.193641 0.348955 0.190266 0.349795
1 0.127219 0.320688 0.125129 0.322627 0.123508 0.323892 0.123441 0.325581 0.125129 0.327861 0.128434 0.331401 0.13316 0.334355 0.136469 0.338408 0.140922 0.348364 0.143891 0.355957 0.144566 0.35916 0.145984 0.362959 0.150441 0.36625 0.155367 0.371143 0.156516 0.373926 0.157121 0.376797 0.156379 0.378232 0.154762 0.379077 0.152129 0.379077 0.145781 0.37688 0.143422 0.373926 0.142273 0.36937 0.140246 0.365151 0.137277 0.361777 0.134441 0.359502 0.130527 0.356631 0.125668 0.351992 0.122293 0.346846 0.118242 0.339839 0.114867 0.336719 0.112234 0.3298 0.113988 0.323301 0.116285 0.318325 0.119121 0.313345 0.122293 0.311914 0.125801 0.31166 0.127895 0.312671 0.129109 0.315034 0.129109 0.318242
1 0.134711 0.403613 0.127289 0.408335 0.122832 0.411206 0.118164 0.413818 0.113719 0.414663 0.10832 0.416182 0.102313 0.419136 0.0987344 0.420488 0.0975859 0.422344 0.0982617 0.424199 0.103863 0.424619 0.113383 0.424873 0.123777 0.424028 0.133699 0.423018 0.138695 0.422935 0.148012 0.420991 0.153816 0.418716 0.156988 0.416182 0.161645 0.418125 0.165086 0.418291 0.165359 0.415508 0.162859 0.410698 0.160969 0.407153 0.158879 0.403188 0.157121 0.400742 0.152531 0.399141 0.143352 0.399985 0.138359 0.40125
1 0.0535234 0.359541 0.052957 0.363477 0.0527148 0.369453 0.0538477 0.376045 0.0559531 0.380698 0.0575742 0.387383 0.0597617 0.39375 0.0648633 0.399834 0.0709414 0.405093 0.0769336 0.409658 0.0805781 0.41563 0.0825234 0.41957 0.0844688 0.424033 0.0871406 0.428896 0.0910273 0.431323 0.0924062 0.430112 0.0924062 0.427266 0.0913516 0.422607 0.0869766 0.414102 0.0845469 0.407632 0.0845469 0.402471 0.0830898 0.395474 0.0794453 0.390713 0.0770156 0.387676 0.0745859 0.381704 0.073207 0.379072 0.0694805 0.376641 0.0654336 0.375122 0.0620313 0.36936 0.0614648 0.367627 0.060168 0.361855 0.0599258 0.356895 0.0594375 0.351235 0.0574141 0.351133 0.0554687 0.352744 0.0544961 0.354883
1 0.0584531 0.000805664 0.0549531 0.00387207 0.0527383 0.00562012 0.0513398 0.00605469 0.0492383 0.00474609 0.0469062 0.00518066 0.0459727 0.00780762 0.0478398 0.0113037 0.0523867 0.0129102 0.0565859 0.0129102 0.0631172 0.00970215 0.0737344 0.00882812 0.0838789 0.0092627 0.0900625 0.00999512 0.0927461 0.0110156 0.0964766 0.0121826 0.0993945 0.0127637 0.102777 0.0127637 0.106391 0.0114502 0.109891 0.0117432 0.112223 0.0134912 0.115605 0.0148047 0.116891 0.0143652 0.118406 0.0126172 0.117941 0.00882812 0.113742 0.00416016 0.109773 0.000952148 0.107777 0 0.0592969 0
1 0.0541367 0.237588 0.0539023 0.24269 0.0548359 0.249253 0.0569375 0.253042 0.0600859 0.255083 0.0623008 0.257417 0.0640508 0.261792 0.0652188 0.264268 0.0722148 0.268643 0.077582 0.27564 0.0824805 0.281475 0.0859805 0.285991 0.0894805 0.289492 0.0937969 0.292407 0.099043 0.295322 0.105461 0.295908 0.114324 0.294014 0.120039 0.295181 0.120504 0.293135 0.119223 0.29168 0.11409 0.290073 0.107559 0.285991 0.101262 0.278701 0.0935625 0.270391 0.0883125 0.261934 0.0833984 0.257422 0.0779336 0.25479 0.0739648 0.254063 0.0691836 0.253916 0.064168 0.250127 0.0612539 0.241963 0.0612539 0.238315 0.0603203 0.23438 0.0574023 0.231753 0.0553047 0.233213
1 0.137418 0.196909 0.132984 0.204492 0.129254 0.214697 0.12727 0.22126 0.125055 0.22811 0.124355 0.235547 0.12459 0.239629 0.124937 0.244004 0.124238 0.249106 0.121438 0.250854 0.120391 0.250854 0.118523 0.25377 0.118523 0.257998 0.118758 0.26106 0.119805 0.263687 0.12307 0.263247 0.12552 0.262227 0.132984 0.256543 0.136254 0.251582 0.136836 0.246191 0.136836 0.24021 0.139168 0.234087 0.142316 0.230005 0.144066 0.224175 0.144648 0.213677 0.142434 0.206968 0.142086 0.203472 0.142902 0.200117 0.144648 0.19647 0.148734 0.191367 0.150715 0.188452 0.152348 0.183643 0.152348 0.182036 0.150016 0.181309 0.146516 0.18437 0.142668 0.189912
1 0.0470234 0.180581 0.0455078 0.188599 0.0451562 0.195015 0.0436406 0.203179 0.0408398 0.209302 0.0390898 0.212949 0.0378086 0.216885 0.0373398 0.222134 0.0372266 0.226797 0.0394414 0.22811 0.0408398 0.226509 0.0435234 0.222715 0.0453906 0.219072 0.0466719 0.214404 0.0483047 0.210322 0.0511055 0.205947 0.0557695 0.201865 0.0595039 0.197637 0.0627695 0.1902 0.0649844 0.177808 0.0645195 0.16877 0.0658008 0.158271 0.065918 0.151567 0.0662695 0.147339 0.0667344 0.143398 0.0652188 0.141797 0.0628867 0.141069 0.0614844 0.141797 0.0603203 0.144712 0.0600859 0.147192 0.0583359 0.154629 0.0557695 0.159731 0.0534375 0.16396 0.0507539 0.16877 0.0492383 0.173145
1 0.0352422 0.133193 0.0382734 0.139316 0.0406055 0.145151 0.040957 0.15623 0.0408398 0.162207 0.040375 0.168042 0.0417734 0.172417 0.0445742 0.17752 0.0451562 0.180142 0.0451562 0.183203 0.0450391 0.185537 0.0437578 0.187432 0.0410742 0.186851 0.0402578 0.183789 0.036875 0.179121 0.0324414 0.173872 0.0311602 0.167168 0.0287109 0.157837 0.0262617 0.151421 0.0225273 0.146318 0.0186797 0.137275 0.0182109 0.124883 0.0186797 0.119927 0.0224102 0.113218 0.0252109 0.108989 0.0280117 0.106514 0.0294102 0.108848 0.0289414 0.113076 0.028125 0.117012 0.0285938 0.121387 0.0315078 0.125757 0.0338437 0.129839
1 0.013082 0.0509619 0.0121484 0.0550439 0.0110977 0.0586914 0.00841406 0.0617529 0.00480078 0.0624805 1.5625e-05 0.0637939 0 0.0640723 -0 0.0855566 0.00223437 0.0853711 0.00538281 0.0831836 0.0105156 0.078374 0.0144805 0.073418 0.0183281 0.066709 0.0212461 0.053877 0.0212461 0.0492139 0.0194961 0.0457129 0.0168125 0.0457129 0.0148281 0.0471729
1 0.0366406 0.0527148 0.0315078 0.06146 0.0274258 0.069043 0.0248594 0.078667 0.0227617 0.085957 0.0193789 0.0931006 0.0164609 0.0976172 0.0123789 0.100825 0.00864844 0.103013 0.00689844 0.105493 0.00759766 0.109429 0.0112148 0.11249 0.0157617 0.112056 0.0238125 0.107241 0.0318594 0.100679 0.0382813 0.0904785 0.0406055 0.0831836 0.0417734 0.0744385 0.044457 0.0651074 0.0460898 0.0559229 0.0484219 0.0473193 0.0516875 0.0420703 0.0560039 0.0391553 0.0596211 0.0395898 0.0604375 0.0371143 0.0581016 0.0359473 0.0519219 0.0371143 0.0471406 0.0388623 0.0407227 0.0451318
1 0.116422 0.0506738 0.111875 0.0407568 0.109074 0.0356543 0.104293 0.0302588 0.0995117 0.0266162 0.0929805 0.0220947 0.0880781 0.0210742 0.0831797 0.0222412 0.0813164 0.0251563 0.0844648 0.0286572 0.0869141 0.0305518 0.0878477 0.0360938 0.0877305 0.0410498 0.0886641 0.0449854 0.0925117 0.0495068 0.0996289 0.0546094 0.110242 0.061167 0.120504 0.0681689 0.126922 0.0712305 0.133336 0.0732715 0.136367 0.071084 0.134969 0.0681689 0.122723 0.0617529 0.120156 0.0575244 0.118172 0.0535889
1 0.160637 0 0.163895 0.00547363 0.168094 0.0124707 0.174043 0.0194727 0.180227 0.0253027 0.183258 0.0336133 0.185941 0.0433838 0.190258 0.0525684 0.193172 0.0578174 0.196672 0.0566504 0.197953 0.0496533 0.194922 0.0426514 0.191305 0.0344873 0.189207 0.0212207 0.186875 0.0124707 0.183375 0.00664062 0.179758 0.00183105 0.177953 0
1 0.21625 0.0384277 0.208203 0.0400391 0.200977 0.0446777 0.197031 0.0500977 0.194805 0.0554687 0.193398 0.0610352 0.193988 0.0656885 0.196914 0.0709473 0.202152 0.071958 0.209504 0.0688965 0.216852 0.0627734 0.22373 0.0559229 0.232012 0.0500879 0.24216 0.0462988 0.24741 0.0435254 0.247645 0.0406104 0.244844 0.0362354 0.237027 0.0362354 0.226414 0.0362354
1 0.159582 0.0512549 0.151766 0.0516943 0.145934 0.0531494 0.141617 0.0556299 0.13952 0.0578174 0.134969 0.0624805 0.132871 0.0648145 0.130887 0.068457 0.129371 0.0732715 0.128438 0.078374 0.129137 0.079834 0.131937 0.0796875 0.133219 0.077207 0.135668 0.0738525 0.138352 0.0723975 0.144766 0.0723975 0.151883 0.0723975 0.159113 0.069917 0.163547 0.0668555 0.165527 0.062334 0.166113 0.0565039 0.168793 0.0446924 0.170426 0.0384229 0.171828 0.0341943 0.170543 0.0318652 0.16716 0.0330322 0.164594 0.0403223 0.162848 0.0458594 0.161914 0.0486328
1 0.201105 0.101704 0.194105 0.0912061 0.188508 0.0846436 0.183957 0.0821631 0.181742 0.0831836 0.180574 0.0856641 0.181273 0.0890186 0.184191 0.0923682 0.18734 0.0968896 0.18909 0.101992 0.19084 0.109868 0.195273 0.11876 0.200289 0.125903 0.205535 0.133779 0.211484 0.14063 0.213699 0.145151 0.215336 0.147773 0.219531 0.147192 0.220234 0.144712 0.21825 0.139756 0.215703 0.130859 0.211719 0.118604 0.206586 0.109868 0.202738 0.10418
1 0.161914 0.0828955 0.154797 0.0758936 0.152 0.0729785 0.147215 0.071084 0.14325 0.0723975 0.141617 0.076626 0.144066 0.079541 0.148965 0.0812891 0.153633 0.0860986 0.156199 0.0929541 0.159695 0.100098 0.165527 0.107388 0.170895 0.110889 0.178941 0.114531 0.185359 0.118906 0.190141 0.124448 0.194223 0.129551 0.199121 0.134507 0.202035 0.136841 0.204488 0.135234 0.20332 0.132173 0.196906 0.122261 0.189688 0.108691 0.185707 0.0977637 0.182793 0.0938281 0.176492 0.0893066 0.173695 0.0877051 0.164945 0.08479
1 0.134617 0.0844971 0.120039 0.0869775 0.117008 0.0890186 0.114789 0.0926611 0.114672 0.0971826 0.117707 0.0983496 0.121672 0.0971826 0.128789 0.0957227 0.133219 0.0964551 0.137652 0.100244 0.143719 0.105928 0.150949 0.113076 0.157832 0.118179 0.163312 0.122549 0.167746 0.126489 0.173695 0.12707 0.173809 0.124155 0.171242 0.118467 0.166813 0.110449 0.162961 0.102432 0.157945 0.0957227 0.151531 0.0885791 0.147566 0.085957 0.143719 0.0849365 0.139063 0.084375
1 0.121555 0.115698 0.115023 0.12124 0.112691 0.123428 0.110125 0.128677 0.108609 0.133779 0.106859 0.141504 0.106977 0.149961 0.106977 0.157544 0.10884 0.165269 0.111059 0.170371 0.115141 0.171831 0.117941 0.168916 0.117941 0.164541 0.115605 0.160752 0.115605 0.155649 0.118172 0.145586 0.121555 0.138296 0.125637 0.130859 0.129836 0.123716 0.133102 0.114238 0.135203 0.107388 0.136602 0.100972 0.13602 0.0980566 0.132285 0.0987842 0.130305 0.104473 0.126805 0.110156
1 0.145234 0.114678 0.139984 0.109575 0.138 0.104907 0.134734 0.101265 0.129254 0.0992236 0.125406 0.0992236 0.121789 0.102432 0.12132 0.104907 0.12307 0.109282 0.126336 0.110015 0.13077 0.111763 0.135203 0.117012 0.137535 0.123428 0.13952 0.127798 0.143367 0.135088 0.148848 0.14063 0.159582 0.145151 0.164363 0.146753 0.166695 0.148066 0.16693 0.150107 0.165063 0.154189 0.163777 0.157104 0.162145 0.1625 0.159812 0.167021 0.156199 0.170957 0.155266 0.17125 0.150832 0.174458 0.150598 0.179268 0.155266 0.180869 0.160863 0.178828 0.166113 0.172852 0.171242 0.163667 0.174277 0.151709 0.174742 0.143257 0.170777 0.132173 0.164945 0.124736 0.155848 0.119927 0.149316 0.116719
1 0.175211 0.165562 0.169844 0.164834 0.166344 0.165708 0.160512 0.167603 0.157129 0.170518 0.154566 0.171396 0.150133 0.170083 0.147918 0.165562 0.145465 0.162061 0.143602 0.159731 0.14127 0.159878 0.143133 0.16396 0.144883 0.169644 0.147566 0.174019 0.150133 0.176934 0.155965 0.179268 0.158762 0.179849 0.164711 0.180869 0.169961 0.183496 0.173344 0.185391 0.180227 0.187139 0.188391 0.185244 0.194457 0.183643 0.198887 0.179414 0.203785 0.173726 0.209969 0.168188 0.215336 0.162793 0.214414 0.160303 0.211836 0.160303 0.203086 0.166729 0.197723 0.168623 0.192707 0.169209 0.186875 0.169209 0.180809 0.166875
1 0.178477 0.119487 0.173109 0.117886 0.166578 0.117886 0.164363 0.11876 0.163777 0.121387 0.165645 0.124302 0.169609 0.129102 0.174961 0.137549 0.182344 0.144434 0.186172 0.148633 0.192109 0.152588 0.198887 0.155503 0.209852 0.157104 0.219066 0.15667 0.223266 0.154917 0.226531 0.152148 0.226297 0.14894 0.222215 0.146318 0.214285 0.14646 0.204488 0.142671 0.198656 0.136548 0.19457 0.129985 0.192238 0.127798 0.186059 0.123569 0.181859 0.120947
1 0.767961 0.0914844 0.773738 0.0895752 0.780363 0.0876611 0.783254 0.087876 0.7875 0.094248 0.7875 0.094248 0.78648 0.0984961 0.780363 0.100405 0.777305 0.100405 0.773059 0.100405 0.76898 0.0974316 0.768469 0.0946729 0.765922 0.092334
1 0.792121 0.094668 0.796031 0.0914844 0.79909 0.092124 0.804187 0.092124 0.805887 0.092334 0.807414 0.0929736 0.813531 0.0980713 0.817102 0.0999805 0.818969 0.10168 0.821688 0.103164 0.824234 0.104863 0.824746 0.110176 0.821516 0.113999 0.817441 0.112725 0.812512 0.109961 0.808434 0.106777 0.803676 0.104863 0.800277 0.103589 0.798238 0.102954 0.792121 0.100405 0.788895 0.0980713
1 0.91616 0.00270508 0.912762 0.00695313 0.91123 0.00822754 0.910723 0.0103516 0.910723 0.0129004 0.908684 0.016084 0.907492 0.0145996 0.908172 0.0126855 0.909703 0.00971191 0.908004 0.0177832 0.908004 0.0190576 0.907664 0.020332 0.907492 0.0216064 0.909703 0.0205469 0.91327 0.0165088 0.91225 0.0186328 0.915141 0.0171484 0.918879 0.0133252 0.922445 0.00844238 0.926355 0.00631836 0.927371 0.00525391 0.928562 0.00376953 0.929582 0.0012207
1 0.897809 0.00249512 0.89577 0.00589355 0.89543 0.00716797 0.894238 0.0122607 0.892371 0.0154492 0.892199 0.016084 0.889145 0.0216064 0.888633 0.0243701 0.888633 0.0294678 0.887273 0.0294678 0.887105 0.0326514 0.887613 0.0358398 0.890164 0.0337158 0.892371 0.0301025 0.893391 0.0279785 0.89577 0.0237305 0.896957 0.0211816 0.899336 0.015874 0.900867 0.00971191 0.902055 0.00907715 0.904434 0.0044043 0.904434 0.0044043 0.905113 0.000795898
1 0.886766 0.00652832 0.884047 0.0107764 0.882008 0.0165088 0.881156 0.0192725 0.880137 0.0228809 0.879629 0.0260693 0.879457 0.0279785 0.878949 0.0292529 0.878438 0.0320166 0.87793 0.0358398 0.877418 0.0396631 0.877078 0.0422119 0.878098 0.0413623 0.879117 0.0375391 0.880137 0.035625 0.882516 0.031377 0.883707 0.0273438 0.885746 0.0235205 0.887613 0.0192725 0.889652 0.0126855 0.889824 0.00652832 0.89084 0.00844238
1 0.881156 0.00334473 0.87759 0.00567871 0.876059 0.00759277 0.87402 0.00971191 0.87232 0.0126855 0.871813 0.0135352 0.869262 0.0165088 0.868754 0.0171484 0.866883 0.0192725 0.866203 0.0222461 0.864676 0.0241553 0.863656 0.0260693 0.863656 0.0288281 0.864676 0.0298926 0.867734 0.0305273 0.871301 0.0260693 0.874531 0.0218213 0.87657 0.0167236 0.880477 0.0126855 0.880477 0.0109863 0.883027 0.00525391 0.883195 0.00312988
1 0.865863 0.00716797 0.859746 0.00759277 0.85652 0.00822754 0.851422 0.0101367 0.849895 0.0129004 0.849383 0.01396 0.846496 0.0190576 0.846324 0.0205469 0.845816 0.0230957 0.845816 0.0260693 0.849043 0.0273438 0.849895 0.0269189 0.857027 0.0247949 0.858559 0.0235205 0.861785 0.0199072 0.864336 0.0154492 0.865863 0.0114111 0.867223 0.00759277
1 0.858559 0.0141748 0.859238 0.011626 0.862297 0.00907715 0.865184 0.00695313 0.867734 0.00652832 0.868922 0.00631836 0.868922 0.0107764 0.868414 0.01396 0.867902 0.0165088 0.867223 0.0192725 0.866715 0.0224561 0.862637 0.0260693 0.858559 0.0279785 0.85652 0.0288281 0.851594 0.0279785 0.85448 0.0230957 0.85618 0.017998 0.857199 0.015874
