1 0.320703 0.496582 0.320312 0.502441 0.321875 0.507812 0.326562 0.513672 0.332813 0.51709 0.340625 0.516113 0.344141 0.513672 0.347266 0.509766 0.346875 0.504883 0.339453 0.500488 0.333984 0.5 0.325 0.496094
1 0.380469 0.463379 0.376172 0.458496 0.368359 0.458496 0.361719 0.462891 0.352344 0.473633 0.352734 0.479004 0.357422 0.484375 0.365625 0.48291 0.380078 0.471191
1 0.382812 0.399414 0.384766 0.404785 0.393359 0.40918 0.405078 0.407715 0.414062 0.404297 0.416406 0.401367 0.415234 0.396973 0.412109 0.393555 0.408984 0.391602 0.403906 0.390625 0.391797 0.391602 0.384375 0.395996
1 0.353516 0.338379 0.353125 0.342773 0.357031 0.349121 0.361328 0.353516 0.368359 0.358398 0.372266 0.359863 0.376563 0.359863 0.378125 0.358887 0.379297 0.35498 0.378125 0.349121 0.369922 0.337891 0.364844 0.334961 0.357812 0.334473
1 0.337891 0.289551 0.333594 0.290039 0.329297 0.29541 0.325781 0.306641 0.325781 0.321777 0.326953 0.325195 0.330078 0.328125 0.334766 0.327637 0.339453 0.318848 0.341406 0.312012 0.342187 0.296387 0.341406 0.292969
1 0.303906 0.259766 0.303906 0.26416 0.30625 0.271484 0.309766 0.277832 0.315234 0.285645 0.317969 0.287109 0.321484 0.286133 0.323047 0.28418 0.322656 0.275391 0.31875 0.265137 0.314453 0.259277 0.310547 0.256348 0.30625 0.256348
1 0.326172 0.200195 0.331641 0.233887 0.335547 0.244629 0.341797 0.252441 0.348828 0.250488 0.35 0.248047 0.35 0.243164 0.346094 0.222656 0.342578 0.213867 0.336328 0.20752 0.334766 0.20459 0.329688 0.201172
1 0.414453 0.284668 0.413281 0.287598 0.414062 0.29541 0.419531 0.307129 0.422656 0.311523 0.429688 0.316406 0.431641 0.318848 0.434375 0.319824 0.435156 0.321289 0.436328 0.321777 0.439453 0.318848 0.439063 0.310547 0.433984 0.297852 0.428516 0.291016 0.420703 0.284668
1 0.435156 0.199219 0.43125 0.199707 0.424609 0.209473 0.423047 0.213867 0.421875 0.220215 0.421484 0.231445 0.422266 0.240234 0.424219 0.245117 0.428906 0.245605 0.432031 0.242676 0.435156 0.236816 0.437891 0.224121 0.438281 0.208496 0.437109 0.202637
1 0.464453 0.15625 0.462109 0.160156 0.462109 0.163086 0.469922 0.176758 0.478516 0.184082 0.483203 0.184082 0.484375 0.182617 0.485156 0.176758 0.482031 0.16748 0.474609 0.15918 0.467578 0.155762
1 0.573438 0.129395 0.573438 0.131348 0.575 0.133789 0.579688 0.138184 0.583594 0.140137 0.591016 0.141602 0.596094 0.141602 0.603906 0.13916 0.607812 0.135742 0.610156 0.131836 0.609375 0.128418 0.605469 0.125488 0.595703 0.123047 0.588281 0.123047 0.575781 0.125
1 0.677344 0.148926 0.678516 0.15332 0.68125 0.155762 0.694141 0.156738 0.702734 0.154785 0.707812 0.151367 0.708984 0.148438 0.708984 0.144531 0.708203 0.14209 0.703125 0.13916 0.690234 0.137695 0.68125 0.141602 0.678516 0.14502
1 0.68125 0.202637 0.680078 0.205078 0.680078 0.210449 0.684766 0.220215 0.692578 0.228516 0.698047 0.22998 0.699609 0.227051 0.699609 0.220215 0.698047 0.215332 0.690234 0.205566 0.685937 0.203125
1 0.704297 0.271484 0.704297 0.276367 0.705469 0.278809 0.708203 0.281738 0.716797 0.287109 0.721094 0.288086 0.726562 0.287598 0.73125 0.28418 0.729688 0.278809 0.726172 0.274414 0.717187 0.269043 0.708594 0.268066
1 0.746875 0.274902 0.746484 0.279297 0.75 0.287109 0.756641 0.294434 0.767578 0.300781 0.771094 0.300781 0.773047 0.299316 0.773438 0.29541 0.772266 0.290039 0.760547 0.274902 0.755859 0.272461 0.751563 0.272461
1 0.667305 0.305518 0.669219 0.308008 0.671797 0.311914 0.670703 0.319824 0.654687 0.339355 0.651172 0.341797 0.648047 0.34082 0.646484 0.336914 0.648438 0.324219 0.652734 0.313477 0.658203 0.305664 0.662852 0.303467 0.667109 0.307031
1 0.624609 0.379883 0.623437 0.376465 0.619531 0.374512 0.609766 0.374023 0.602734 0.375 0.59375 0.379395 0.591016 0.385254 0.592578 0.38916 0.596094 0.392578 0.606641 0.393555 0.615234 0.391113 0.620703 0.388184 0.623437 0.385254
1 0.882031 0.32666 0.878906 0.32373 0.874609 0.323242 0.86875 0.325195 0.864453 0.328613 0.860938 0.333008 0.858203 0.338867 0.855469 0.348633 0.85625 0.354004 0.860156 0.356445 0.866016 0.354492 0.873437 0.345703 0.882422 0.331055
1 0.531641 0.410645 0.525391 0.409668 0.521094 0.412598 0.516797 0.41748 0.512891 0.428223 0.512109 0.433594 0.512109 0.444336 0.514062 0.450684 0.517578 0.450195 0.522266 0.444336 0.528516 0.433105 0.533984 0.416504 0.533594 0.412598
1 0.567187 0.422363 0.565234 0.42041 0.560547 0.419922 0.551953 0.424316 0.544141 0.432617 0.540234 0.439453 0.539453 0.443848 0.542578 0.445801 0.548438 0.445801 0.553125 0.444824 0.558203 0.441406 0.565234 0.432617 0.567187 0.427246
1 0.717187 0.446777 0.713281 0.444336 0.711328 0.446289 0.698047 0.452148 0.692969 0.459473 0.68125 0.470215 0.680859 0.475098 0.685547 0.475586 0.692969 0.481445 0.698047 0.480957 0.705859 0.476074 0.710547 0.471191 0.715234 0.462402 0.717578 0.451172
1 0.618359 0.547852 0.616406 0.551758 0.616797 0.560059 0.619141 0.566895 0.626563 0.577637 0.634375 0.581543 0.640234 0.581055 0.641406 0.578613 0.641016 0.572266 0.6375 0.564941 0.622656 0.548828
1 0.552734 0.564941 0.544531 0.5625 0.539453 0.563965 0.533594 0.568359 0.529297 0.572754 0.525 0.580566 0.524609 0.587402 0.527344 0.591797 0.529687 0.592285 0.542188 0.583984 0.549609 0.576172 0.553125 0.568359
1 0.490625 0.54834 0.49375 0.554688 0.501563 0.561523 0.505469 0.562988 0.513281 0.5625 0.514844 0.560059 0.515234 0.556641 0.513672 0.551758 0.50625 0.544434 0.502734 0.54248 0.496875 0.541992 0.49375 0.542969 0.492188 0.546875
1 0.420703 0.592285 0.417187 0.592285 0.415234 0.59375 0.408203 0.604004 0.402734 0.619629 0.402734 0.624023 0.403906 0.628906 0.406641 0.631348 0.408984 0.631348 0.4125 0.628906 0.417969 0.62207 0.421484 0.615234 0.423438 0.596191
1 0.379688 0.615723 0.376953 0.61377 0.368359 0.61377 0.3625 0.615234 0.35625 0.618652 0.348438 0.627441 0.347266 0.630371 0.348438 0.636719 0.352344 0.639648 0.359766 0.639648 0.365625 0.636719 0.378516 0.622559 0.380469 0.619141
1 0.4 0.652832 0.395703 0.657227 0.395313 0.663086 0.397656 0.673828 0.399219 0.677734 0.404297 0.68457 0.408984 0.685547 0.411328 0.681152 0.411328 0.67334 0.409375 0.668945 0.408203 0.661133 0.403906 0.65332
1 0.414844 0.656738 0.414453 0.661133 0.415234 0.664062 0.419922 0.668945 0.425391 0.669922 0.430859 0.669434 0.436328 0.666992 0.440625 0.658691 0.440234 0.655762 0.438281 0.652832 0.435156 0.650879 0.430469 0.649902 0.425391 0.649902 0.420312 0.651367 0.416797 0.653809
1 0.502344 0.65332 0.501172 0.650391 0.498437 0.647461 0.492969 0.645996 0.485156 0.645996 0.478516 0.647461 0.472266 0.650879 0.469922 0.654297 0.469531 0.65918 0.471875 0.663086 0.474219 0.664551 0.483984 0.665039 0.491406 0.663086 0.500391 0.657715 0.502344 0.655273
1 0.521875 0.641113 0.513281 0.649902 0.508594 0.657227 0.507031 0.666016 0.507812 0.676758 0.509766 0.679199 0.514453 0.678711 0.518359 0.674316 0.522266 0.666992 0.523828 0.661133 0.523828 0.650879
1 0.4625 0.666016 0.460938 0.669922 0.460547 0.683594 0.4625 0.693359 0.465625 0.698242 0.467187 0.69873 0.471094 0.693359 0.472656 0.688477 0.472266 0.67334 0.469141 0.666992 0.467187 0.665039
1 0.483203 0.69043 0.477344 0.691895 0.472656 0.697754 0.469922 0.703613 0.46875 0.71582 0.469922 0.721191 0.471875 0.724121 0.475391 0.724609 0.478125 0.723145 0.483203 0.71582 0.486719 0.702148 0.486719 0.695801 0.485547 0.692871
1 0.494141 0.733398 0.485938 0.736816 0.477344 0.745605 0.473828 0.751465 0.472656 0.755371 0.473047 0.760254 0.474219 0.761719 0.479687 0.762695 0.483203 0.76123 0.4875 0.756836 0.49375 0.745117 0.494922 0.740723 0.494922 0.735352
1 0.421484 0.721191 0.421484 0.724121 0.423047 0.729004 0.426563 0.732422 0.43125 0.734863 0.4375 0.735352 0.442969 0.733887 0.445312 0.731934 0.446875 0.728516 0.446484 0.724609 0.444141 0.720215 0.435156 0.716797 0.426563 0.716309 0.423438 0.717773
1 0.413281 0.743652 0.411719 0.742188 0.407813 0.741211 0.400391 0.745117 0.391797 0.754395 0.389062 0.759277 0.389453 0.76416 0.391797 0.767578 0.39375 0.768555 0.398438 0.768555 0.403906 0.765137 0.4125 0.752441 0.413672 0.749023
1 0.427734 0.774414 0.423047 0.774902 0.414844 0.785156 0.410156 0.80127 0.410547 0.807617 0.413672 0.811035 0.416797 0.811523 0.419531 0.810059 0.424219 0.803223 0.428516 0.793945 0.429688 0.787598 0.429688 0.779297 0.428906 0.775391
1 0.175 0.552246 0.173437 0.550293 0.16875 0.54834 0.158594 0.549805 0.144531 0.555176 0.141406 0.558594 0.141406 0.561035 0.144141 0.564941 0.149219 0.567383 0.160938 0.567871 0.16875 0.564941 0.174609 0.560059
1 0.133984 0.477051 0.13125 0.479492 0.130078 0.483398 0.130469 0.495117 0.133984 0.506836 0.135937 0.508301 0.138672 0.508301 0.140234 0.505859 0.142187 0.499023 0.142187 0.486328 0.139063 0.477539
1 0.110156 0.475586 0.107031 0.474609 0.103125 0.476562 0.0960938 0.488281 0.0910156 0.502441 0.0910156 0.506348 0.0929688 0.510254 0.0957031 0.51123 0.0996094 0.508789 0.107813 0.499023 0.111328 0.48584 0.111328 0.478027
1 0.0765625 0.527832 0.0753906 0.525391 0.0734375 0.524414 0.0621094 0.525391 0.05625 0.52832 0.0519531 0.532227 0.0503906 0.536133 0.0503906 0.538574 0.0523438 0.541992 0.0550781 0.543457 0.0632812 0.54248 0.0746094 0.534668 0.0761719 0.531738
1 0.0511719 0.594238 0.0472656 0.587402 0.0402344 0.586914 0.0359375 0.587891 0.0222656 0.595215 0.0183594 0.600586 0.0199219 0.605957 0.0214844 0.607422 0.0242188 0.608398 0.034375 0.60791 0.0378906 0.606934 0.0445313 0.602539 0.0492187 0.59668 0.0511719 0.595703
1 0.0609375 0.697266 0.0585938 0.701172 0.0585938 0.706055 0.0636719 0.717773 0.071875 0.725098 0.0773438 0.725586 0.0792969 0.724609 0.0800781 0.720703 0.0796875 0.71582 0.0742188 0.701172 0.0683594 0.696289 0.0628906 0.696289
1 0.110156 0.731445 0.110156 0.73584 0.111719 0.739746 0.115625 0.744629 0.124609 0.749512 0.132812 0.751953 0.139063 0.752441 0.142969 0.75 0.146484 0.744629 0.144531 0.739746 0.141406 0.735352 0.129688 0.727539 0.117969 0.725586 0.112891 0.727539
1 0.0800781 0.792969 0.0714844 0.794434 0.0652344 0.796875 0.0632812 0.798828 0.0578125 0.807129 0.0542969 0.814453 0.053125 0.821777 0.05625 0.827148 0.0613281 0.827637 0.0695313 0.820801 0.0765625 0.808594 0.0785156 0.798828 0.0808594 0.79541
1 0.0371094 0.837402 0.034375 0.836426 0.0292969 0.836914 0.0238281 0.84082 0.0191406 0.84668 0.0160156 0.853516 0.0148437 0.863281 0.0132812 0.868164 0.0132812 0.871094 0.0140625 0.87207 0.0222656 0.869141 0.0300781 0.86084 0.0375 0.84668 0.0378906 0.839844
1 0.0824219 0.887207 0.0808594 0.890137 0.0808594 0.896484 0.0828125 0.904297 0.0875 0.916016 0.0925781 0.921875 0.0972656 0.922363 0.0988281 0.921387 0.100781 0.916992 0.100781 0.907715 0.0984375 0.899902 0.0960938 0.89502 0.0902344 0.888672 0.0847656 0.886719
1 0.110156 0.334473 0.109766 0.339355 0.110547 0.342773 0.119531 0.354004 0.126172 0.358887 0.132031 0.358887 0.134375 0.357422 0.136328 0.354004 0.1375 0.34668 0.136719 0.342773 0.123047 0.333984 0.114453 0.332031 0.111328 0.333008
1 0.113672 0.306152 0.117969 0.311523 0.126953 0.313477 0.145703 0.312988 0.148047 0.310547 0.148828 0.307617 0.147656 0.302246 0.144531 0.298828 0.139063 0.294922 0.132812 0.293457 0.125781 0.293945 0.117969 0.297852 0.114844 0.302246
1 0.103516 0.273926 0.103516 0.276855 0.105078 0.279785 0.115234 0.284668 0.129297 0.286133 0.132812 0.285156 0.135937 0.282715 0.135547 0.27832 0.133203 0.274414 0.122266 0.268555 0.108594 0.268555 0.105859 0.270508
1 0.154688 0.236816 0.153906 0.244141 0.157031 0.25 0.166016 0.256348 0.174219 0.257812 0.176953 0.259277 0.178516 0.258789 0.180078 0.255859 0.180078 0.251465 0.176563 0.244629 0.170703 0.23877 0.162891 0.235352 0.157031 0.235352
1 0.183203 0.195312 0.181641 0.197754 0.18125 0.202148 0.185547 0.214355 0.193359 0.226562 0.197266 0.229492 0.200781 0.228516 0.201953 0.225586 0.201953 0.217773 0.200781 0.211914 0.197656 0.204102 0.193359 0.19873 0.189453 0.195801 0.185938 0.194336
1 0.103906 0.18457 0.105469 0.19043 0.108203 0.194336 0.118359 0.200195 0.130859 0.201172 0.134375 0.199219 0.135937 0.196777 0.135937 0.191895 0.133984 0.188477 0.123438 0.182129 0.116797 0.180664 0.110547 0.180664 0.106641 0.181641
1 0.0859375 0.212891 0.0855469 0.217773 0.0875 0.222168 0.0957031 0.231934 0.0992187 0.233398 0.107422 0.233887 0.110937 0.23291 0.113281 0.229492 0.1125 0.224609 0.110156 0.220703 0.0992187 0.212891 0.0925781 0.210938 0.0882813 0.211426
1 0.0238281 0.223633 0.0207031 0.227539 0.0203125 0.233887 0.0246094 0.244141 0.0359375 0.25293 0.0398437 0.251953 0.0421875 0.248535 0.0417969 0.244629 0.034375 0.227051 0.0300781 0.223145
1 0.0265625 0.263184 0.0246094 0.263672 0.0175781 0.270996 0.0160156 0.274414 0.0144531 0.282715 0.0148437 0.291016 0.0164063 0.296387 0.0199219 0.30127 0.025 0.304199 0.0265625 0.303711 0.0277344 0.300293 0.0296875 0.282715 0.0296875 0.27002 0.0285156 0.26416
1 0 0.317871 0 0.336426 0.00859375 0.339355 0.01875 0.340332 0.0203125 0.338867 0.0144531 0.327148 0.00976562 0.321777 0.00390625 0.318359
1 0 0.355957 0 0.374512 0.00195312 0.375 0.00429688 0.379395 0.0101563 0.38623 0.0175781 0.390137 0.0261719 0.390625 0.0269531 0.388184 0.0144531 0.364746 0.00664062 0.356934
1 0.172656 0.104004 0.172266 0.107422 0.174609 0.111816 0.18125 0.116699 0.191797 0.119629 0.195703 0.119141 0.198828 0.116699 0.200391 0.112793 0.200391 0.110352 0.197656 0.105957 0.194141 0.102539 0.187109 0.0991211 0.183984 0.0986328 0.176563 0.100098
1 0.304883 0.143506 0.30125 0.134229 0.29832 0.141016 0.305039 0.143848 0.305078 0.16748 0.300391 0.17627 0.299219 0.181152 0.298047 0.181641 0.291406 0.169922 0.290234 0.155762 0.290234 0.138672 0.291406 0.132812 0.294531 0.125977 0.299219 0.128418 0.301953 0.126953 0.301055 0.136523
1 0.317969 0.112305 0.315234 0.115723 0.314453 0.118652 0.314063 0.128418 0.314844 0.133789 0.317969 0.141602 0.321875 0.145996 0.323828 0.145996 0.326953 0.143066 0.328125 0.140137 0.327344 0.127441 0.324609 0.117188 0.322266 0.114258
2 0.196484 0.0180664 0.195312 0.0219727 0.196875 0.0292969 0.199609 0.0317383 0.201953 0.0366211 0.203906 0.0454102 0.207422 0.0483398 0.211328 0.0600586 0.21875 0.0644531 0.220703 0.0761719 0.223828 0.0776367 0.225 0.0771484 0.225391 0.0712891 0.223438 0.0649414 0.219531 0.0620117 0.216797 0.0488281 0.214453 0.0463867 0.210938 0.0375977 0.209766 0.0317383 0.207422 0.0292969 0.201172 0.0180664
2 0.693359 0.200684 0.693359 0.202148 0.695703 0.203613 0.699219 0.208984 0.727734 0.233398 0.742969 0.238281 0.756641 0.238281 0.758594 0.239258 0.763672 0.239258 0.766797 0.240723 0.771094 0.240723 0.767578 0.23584 0.760547 0.233887 0.755469 0.233887 0.743359 0.22998 0.735547 0.225098 0.730859 0.220215 0.723047 0.214844 0.715625 0.208008 0.706641 0.204102 0.702734 0.203613 0.698438 0.200684
2 0.177734 0.313965 0.178125 0.318848 0.183203 0.32666 0.185938 0.337891 0.188281 0.343262 0.194141 0.350098 0.199609 0.359375 0.207813 0.376465 0.209375 0.378418 0.2125 0.378906 0.212891 0.376465 0.211328 0.373535 0.209766 0.366211 0.194141 0.325195 0.186328 0.316406
2 0.0578125 0 0.0550781 0 0.0550781 0.00146484 0.0507812 0.00683594 0.0484375 0.0141602 0.0464844 0.0170898 0.04375 0.0283203 0.0410156 0.0327148 0.0394531 0.0395508 0.0394531 0.0727539 0.0453125 0.0908203 0.0484375 0.0878906 0.046875 0.0776367 0.0464844 0.0566406 0.0507812 0.0322266 0.0585938 0.00585938
1 0.401172 0.0410156 0.399219 0.0380859 0.393359 0.0361328 0.385156 0.0361328 0.377734 0.0375977 0.368359 0.0419922 0.367188 0.0439453 0.366797 0.0493164 0.36875 0.0537109 0.372266 0.0556641 0.379688 0.0571289 0.387891 0.0561523 0.393359 0.0532227 0.397266 0.0493164 0.400781 0.0444336
1 0.349609 0.0249023 0.344922 0.0239258 0.338281 0.0268555 0.331641 0.0322266 0.328906 0.0361328 0.325 0.050293 0.325 0.0571289 0.326562 0.0595703 0.328906 0.0615234 0.333984 0.0605469 0.342187 0.0527344 0.35 0.0366211 0.351172 0.0288086
1 0.342578 0 0.336719 0 0.335547 0.00244141 0.330859 0.00537109 0.321875 0.0185547 0.320312 0.0249023 0.321875 0.0307617 0.326172 0.0307617 0.333984 0.0258789 0.341797 0.0175781 0.344531 0.00878906 0.344531 0.00488281
1 0.760156 0.0678711 0.762891 0.0727539 0.769922 0.0766602 0.776563 0.0761719 0.779687 0.0722656 0.778125 0.0673828 0.776172 0.0649414 0.771484 0.0629883 0.763672 0.0634766
1 0.761328 0.0131836 0.766016 0.0170898 0.773438 0.0200195 0.787109 0.0209961 0.792188 0.019043 0.797656 0.0151367 0.801172 0.0102539 0.801172 0.00878906 0.797266 0.00439453 0.792578 0.00195312 0.791797 0 0.772656 0 0.772266 0.00146484 0.767578 0.00341797 0.761719 0.0078125
1 0.887109 0.00976562 0.885156 0.00732422 0.880469 0.00439453 0.868359 0.00537109 0.862891 0.00878906 0.860547 0.0117188 0.858203 0.0180664 0.857812 0.0249023 0.859375 0.0273438 0.869922 0.0273438 0.878125 0.0249023 0.883203 0.0219727 0.887109 0.0175781 0.887891 0.0146484
1 0.802344 0.371094 0.798047 0.371094 0.794141 0.376465 0.792188 0.384277 0.792578 0.400879 0.794531 0.407715 0.797266 0.409668 0.802344 0.408691 0.805078 0.404785 0.807422 0.397461 0.807422 0.383301 0.804297 0.373535
1 0.861328 0.411133 0.858594 0.416504 0.858203 0.422852 0.861719 0.432617 0.865625 0.4375 0.874609 0.443848 0.881641 0.445312 0.882812 0.442383 0.882812 0.438477 0.88125 0.431641 0.872656 0.416504 0.865234 0.411133
1 0.856641 0.431641 0.853516 0.433105 0.852344 0.435059 0.851953 0.44873 0.852734 0.453125 0.857031 0.463379 0.860547 0.468262 0.865625 0.47168 0.869141 0.462891 0.868359 0.451172 0.864844 0.439941 0.859766 0.433105
1 0.841797 0.448242 0.838672 0.45166 0.8375 0.455078 0.836719 0.461914 0.837109 0.470703 0.842578 0.484863 0.846484 0.489746 0.849609 0.48877 0.850781 0.486816 0.851562 0.47998 0.851172 0.466309 0.848437 0.455566
1 0.813672 0.493164 0.810156 0.493164 0.805859 0.49707 0.800391 0.508789 0.799219 0.516602 0.799219 0.525879 0.800781 0.533691 0.801953 0.536621 0.804297 0.538574 0.809766 0.537598 0.812891 0.529785 0.814063 0.522461 0.813672 0.501465 0.816016 0.495117
1 0.897656 0.487793 0.895703 0.487793 0.891797 0.490723 0.888281 0.498535 0.887109 0.505859 0.887109 0.51416 0.888672 0.521973 0.891797 0.526855 0.895703 0.528809 0.897656 0.527832 0.901172 0.52002 0.901953 0.512695 0.900781 0.493652
1 0.830078 0.563477 0.826953 0.566406 0.825391 0.570312 0.824609 0.576172 0.825391 0.584961 0.829297 0.592773 0.833203 0.595215 0.8375 0.594727 0.839453 0.592773 0.840234 0.588867 0.837891 0.572266 0.834375 0.564941
1 0.103516 0.0966797 0.103125 0.101074 0.105078 0.106934 0.111719 0.112793 0.117969 0.115234 0.123438 0.115723 0.127344 0.114746 0.130469 0.111816 0.130469 0.108398 0.128906 0.104492 0.121875 0.0961914 0.107422 0.09375 0.104297 0.0952148
1 0.123438 0.0537109 0.120703 0.0561523 0.11875 0.0610352 0.119531 0.0722656 0.121875 0.081543 0.125781 0.0888672 0.130078 0.0922852 0.132031 0.0922852 0.136328 0.0883789 0.137891 0.0830078 0.137891 0.0737305 0.135937 0.0634766 0.130469 0.0546875 0.126953 0.0532227
1 0.141406 0.00537109 0.137891 0.00488281 0.134766 0.00634766 0.127734 0.0131836 0.125 0.0180664 0.122266 0.0292969 0.122266 0.0385742 0.123047 0.0410156 0.126562 0.0444336 0.131641 0.043457 0.139453 0.0307617 0.142578 0.0107422
1 0.16875 0.0351562 0.166406 0.0332031 0.162109 0.0341797 0.157422 0.0385742 0.15 0.0493164 0.149219 0.0527344 0.15 0.0610352 0.153125 0.0625 0.160938 0.0620117 0.162891 0.0610352 0.167578 0.0551758 0.170703 0.046875 0.170703 0.0400391
1 0.170313 0.0688477 0.167969 0.0664062 0.164453 0.0654297 0.157812 0.065918 0.152344 0.0683594 0.149219 0.0712891 0.145703 0.0786133 0.145313 0.0844727 0.146094 0.0869141 0.149609 0.0893555 0.153125 0.0893555 0.162109 0.0839844 0.169531 0.0771484 0.170703 0.0742188
1 0.199609 0.0595703 0.198437 0.0639648 0.198828 0.0688477 0.203125 0.0791016 0.212109 0.0869141 0.216406 0.0883789 0.220312 0.0869141 0.221875 0.0839844 0.221875 0.0791016 0.217578 0.0688477 0.214062 0.0649414 0.208594 0.0615234 0.202344 0.059082
1 0.0046875 0.0742188 0.00546875 0.0810547 0.0128906 0.0883789 0.0164063 0.0893555 0.0253906 0.0893555 0.0277344 0.0874023 0.0285156 0.0844727 0.028125 0.0800781 0.0226562 0.0751953 0.0105469 0.0722656 0.00585938 0.0722656
1 0.841406 0.614258 0.838672 0.612793 0.833203 0.612305 0.830078 0.61377 0.825391 0.619141 0.821875 0.626465 0.819922 0.634277 0.819141 0.642578 0.821094 0.645508 0.824609 0.644043 0.839453 0.623535 0.841406 0.619141
1 0.853906 0.632812 0.848828 0.632324 0.845703 0.633301 0.835547 0.64209 0.830469 0.650391 0.828125 0.662109 0.826172 0.665039 0.826172 0.66748 0.828906 0.671387 0.831641 0.671387 0.835156 0.668945 0.836719 0.665527 0.842969 0.659668 0.850781 0.649414 0.855078 0.638672 0.855078 0.634766
1 0.865625 0.657227 0.862891 0.655273 0.857812 0.655273 0.846875 0.658203 0.837109 0.669434 0.837109 0.67334 0.840625 0.675781 0.849219 0.675781 0.856641 0.672852 0.862891 0.665527 0.865234 0.661133
1 0.865625 0.679688 0.862891 0.677246 0.860547 0.676758 0.849219 0.681152 0.845313 0.685547 0.84375 0.688965 0.843359 0.693848 0.844531 0.697266 0.848047 0.699219 0.853125 0.699219 0.857812 0.696777 0.864844 0.687988 0.866016 0.68457
1 0.890234 0.702637 0.888281 0.702148 0.875 0.719238 0.871484 0.728027 0.869141 0.73877 0.869531 0.741699 0.872266 0.745605 0.877344 0.745117 0.880469 0.743164 0.887891 0.731934 0.889453 0.728027 0.891016 0.715332 0.891016 0.704102
1 0.912891 0.753906 0.909766 0.757812 0.908203 0.762695 0.908203 0.770508 0.910937 0.77832 0.915234 0.783691 0.921484 0.788086 0.925781 0.789551 0.928906 0.789551 0.93125 0.788086 0.930469 0.77832 0.927734 0.77002 0.917969 0.753906 0.916016 0.75293
1 0.994531 0.784668 0.992969 0.784668 0.986328 0.791992 0.981641 0.807617 0.981641 0.821777 0.986328 0.83252 0.989844 0.831543 0.995703 0.819336 0.997266 0.811523 0.997266 0.791992
1 0.966016 0.87207 0.964063 0.871094 0.959375 0.871582 0.952344 0.87793 0.949219 0.883789 0.946094 0.893066 0.945703 0.901367 0.946875 0.90332 0.949219 0.904297 0.954297 0.90332 0.958984 0.899414 0.963281 0.893555 0.967187 0.882812 0.967187 0.875
1 0.755078 0.710938 0.751172 0.716309 0.751172 0.726074 0.752344 0.732422 0.758203 0.746094 0.760156 0.747559 0.763672 0.74707 0.765234 0.745117 0.766016 0.737305 0.764453 0.718262 0.763281 0.715332 0.760547 0.712402
1 0.774219 0.752441 0.772266 0.755371 0.769922 0.762695 0.770312 0.774902 0.774219 0.789062 0.778906 0.791992 0.780078 0.791016 0.782422 0.783691 0.783203 0.770508 0.779297 0.755371 0.776172 0.752441
1 0.585156 0.784668 0.584766 0.790527 0.586328 0.793945 0.591406 0.798828 0.596484 0.801758 0.601562 0.803223 0.612109 0.803223 0.616797 0.800293 0.617578 0.79834 0.617578 0.794434 0.616016 0.790527 0.607031 0.783691 0.590234 0.781738 0.587109 0.782227
1 0.644922 0.800293 0.638672 0.797363 0.635156 0.797363 0.630078 0.799316 0.621875 0.805664 0.61875 0.811035 0.619141 0.817871 0.621484 0.820312 0.625 0.821777 0.628125 0.821777 0.632812 0.819824 0.637891 0.81543 0.642578 0.809082 0.645312 0.803223
1 0.69375 0.852539 0.694141 0.855957 0.696094 0.858887 0.702344 0.862305 0.708203 0.86377 0.719141 0.862793 0.723047 0.86084 0.726172 0.857422 0.726172 0.854004 0.725 0.852051 0.717187 0.846191 0.713281 0.845215 0.704688 0.845215 0.697656 0.84668 0.694531 0.849609
1 0.775781 0.826172 0.770312 0.826172 0.764062 0.829102 0.759375 0.833008 0.753906 0.841797 0.753125 0.84668 0.754687 0.850586 0.755859 0.851562 0.762891 0.850586 0.772266 0.842773 0.777734 0.833984 0.778125 0.829102
1 0.826562 0.861816 0.821484 0.861328 0.813281 0.869629 0.805469 0.884766 0.805469 0.892578 0.808594 0.89502 0.814453 0.894043 0.819141 0.890137 0.823438 0.884277 0.826172 0.878906 0.828125 0.871094 0.828125 0.865234
1 0.762891 0.899414 0.762891 0.900879 0.764844 0.902832 0.76875 0.911621 0.775391 0.919922 0.785547 0.924805 0.788672 0.924805 0.790625 0.92334 0.790625 0.916504 0.788672 0.911133 0.786719 0.908203 0.782422 0.905273 0.778906 0.900391 0.772266 0.897949 0.764062 0.898438
1 0.750391 0.904297 0.749219 0.907715 0.749609 0.912598 0.752344 0.918945 0.754687 0.921875 0.766406 0.929199 0.771094 0.930176 0.773438 0.928711 0.774219 0.924316 0.771484 0.916504 0.767578 0.913086 0.764453 0.907227 0.755859 0.90332 0.751563 0.90332
1 0.337109 0.927246 0.337109 0.932617 0.342578 0.937012 0.346875 0.937988 0.358594 0.937012 0.362891 0.93457 0.365625 0.931641 0.365625 0.927246 0.362109 0.922852 0.358203 0.920898 0.345703 0.921387 0.339453 0.924316
1 0.283203 0.923828 0.283203 0.932129 0.286719 0.938965 0.290625 0.943848 0.294141 0.943359 0.297656 0.937988 0.301953 0.936523 0.300391 0.932129 0.29375 0.924316 0.287891 0.922363
1 0.326172 0.941406 0.323828 0.946289 0.323828 0.955566 0.325391 0.962891 0.328125 0.968262 0.332813 0.973145 0.337891 0.976074 0.341797 0.976074 0.342969 0.972168 0.342969 0.967285 0.339453 0.95459 0.332813 0.942383 0.329688 0.940918
1 0.632031 0.950195 0.63125 0.946777 0.623828 0.942871 0.613281 0.942871 0.601953 0.946289 0.6 0.950684 0.6 0.955078 0.602344 0.958496 0.607422 0.960938 0.614453 0.961914 0.621094 0.961426 0.628125 0.95752 0.630469 0.95459
1 0.66875 0.923828 0.66875 0.935059 0.673047 0.949707 0.680469 0.959473 0.684766 0.960938 0.686328 0.960449 0.6875 0.958496 0.687891 0.95166 0.685156 0.94043 0.677734 0.929199 0.671875 0.92627 0.670312 0.923828
1 0.740625 0.927734 0.7375 0.924805 0.732812 0.924805 0.721484 0.929199 0.717578 0.931641 0.711719 0.937988 0.710938 0.944336 0.7125 0.946777 0.716406 0.94873 0.723437 0.947754 0.732422 0.944336 0.736719 0.94043 0.739453 0.936035 0.740625 0.932617
1 0.755078 0.964355 0.751172 0.966309 0.749609 0.970215 0.748828 0.986328 0.750781 0.99707 0.753125 1 0.758594 1 0.762109 0.995605 0.764062 0.986816 0.764062 0.977539 0.762891 0.971191 0.760938 0.966309 0.758594 0.964355
1 0.864062 0.939453 0.863672 0.942871 0.865625 0.946777 0.869531 0.952148 0.877344 0.959961 0.883594 0.963379 0.891406 0.96582 0.896484 0.96582 0.899609 0.963867 0.9 0.957031 0.898047 0.951172 0.895312 0.947266 0.889062 0.942383 0.878516 0.938477 0.865234 0.938477
1 0.567187 0.972168 0.564063 0.974609 0.561328 0.981934 0.558984 0.992188 0.559766 1 0.575 1 0.575781 0.996582 0.575781 0.986328 0.574219 0.978027 0.569922 0.972656
1 0.11875 0.964355 0.1125 0.97168 0.109375 0.979492 0.110156 0.982422 0.112891 0.986328 0.116016 0.995605 0.11875 0.998535 0.11875 1 0.125781 1 0.129688 0.994141 0.130469 0.987793 0.130078 0.978516 0.126562 0.968262 0.123438 0.964355
1 0.1 0.997559 0.1 1 0.117188 1 0.115625 0.993164 0.112109 0.987305 0.108984 0.984863 0.107031 0.984863 0.103125 0.988281
1 0 0.770996 0 0.788086 0.00507813 0.789551 0.0128906 0.789062 0.021875 0.785645 0.0257812 0.781738 0.0257812 0.77832 0.0230469 0.774414 0.0121094 0.770508 0.00507813 0.77002
1 0.728906 0.376953 0.727344 0.378906 0.725781 0.384277 0.725781 0.390625 0.727734 0.396484 0.731641 0.400391 0.740625 0.405273 0.748047 0.405273 0.750391 0.401855 0.750781 0.395508 0.749219 0.38916 0.746484 0.384277 0.740234 0.376465 0.734375 0.375
1 1 0.321777 0.997656 0.321777 0.986328 0.32959 0.983984 0.333008 0.983594 0.337891 0.989844 0.341797 1 0.342285
1 0.767961 0.0914844 0.773738 0.0895752 0.780363 0.0876611 0.783254 0.087876 0.7875 0.094248 0.7875 0.094248 0.78648 0.0984961 0.780363 0.100405 0.777305 0.100405 0.773059 0.100405 0.76898 0.0974316 0.768469 0.0946729 0.765922 0.092334
1 0.792121 0.094668 0.796031 0.0914844 0.79909 0.092124 0.804187 0.092124 0.805887 0.092334 0.807414 0.0929736 0.813531 0.0980713 0.817102 0.0999805 0.818969 0.10168 0.821688 0.103164 0.824234 0.104863 0.824746 0.110176 0.821516 0.113999 0.817441 0.112725 0.812512 0.109961 0.808434 0.106777 0.803676 0.104863 0.800277 0.103589 0.798238 0.102954 0.792121 0.100405 0.788895 0.0980713
1 0.91616 0.00270508 0.912762 0.00695313 0.91123 0.00822754 0.910723 0.0103516 0.910723 0.0129004 0.908684 0.016084 0.907492 0.0145996 0.908172 0.0126855 0.909703 0.00971191 0.908004 0.0177832 0.908004 0.0190576 0.907664 0.020332 0.907492 0.0216064 0.909703 0.0205469 0.91327 0.0165088 0.91225 0.0186328 0.915141 0.0171484 0.918879 0.0133252 0.922445 0.00844238 0.926355 0.00631836 0.927371 0.00525391 0.928562 0.00376953 0.929582 0.0012207
1 0.897809 0.00249512 0.89577 0.00589355 0.89543 0.00716797 0.894238 0.0122607 0.892371 0.0154492 0.892199 0.016084 0.889145 0.0216064 0.888633 0.0243701 0.888633 0.0294678 0.887273 0.0294678 0.887105 0.0326514 0.887613 0.0358398 0.890164 0.0337158 0.892371 0.0301025 0.893391 0.0279785 0.89577 0.0237305 0.896957 0.0211816 0.899336 0.015874 0.900867 0.00971191 0.902055 0.00907715 0.904434 0.0044043 0.904434 0.0044043 0.905113 0.000795898
1 0.886766 0.00652832 0.884047 0.0107764 0.882008 0.0165088 0.881156 0.0192725 0.880137 0.0228809 0.879629 0.0260693 0.879457 0.0279785 0.878949 0.0292529 0.878438 0.0320166 0.87793 0.0358398 0.877418 0.0396631 0.877078 0.0422119 0.878098 0.0413623 0.879117 0.0375391 0.880137 0.035625 0.882516 0.031377 0.883707 0.0273438 0.885746 0.0235205 0.887613 0.0192725 0.889652 0.0126855 0.889824 0.00652832 0.89084 0.00844238
1 0.881156 0.00334473 0.87759 0.00567871 0.876059 0.00759277 0.87402 0.00971191 0.87232 0.0126855 0.871813 0.0135352 0.869262 0.0165088 0.868754 0.0171484 0.866883 0.0192725 0.866203 0.0222461 0.864676 0.0241553 0.863656 0.0260693 0.863656 0.0288281 0.864676 0.0298926 0.867734 0.0305273 0.871301 0.0260693 0.874531 0.0218213 0.87657 0.0167236 0.880477 0.0126855 0.880477 0.0109863 0.883027 0.00525391 0.883195 0.00312988
1 0.865863 0.00716797 0.859746 0.00759277 0.85652 0.00822754 0.851422 0.0101367 0.849895 0.0129004 0.849383 0.01396 0.846496 0.0190576 0.846324 0.0205469 0.845816 0.0230957 0.845816 0.0260693 0.849043 0.0273438 0.849895 0.0269189 0.857027 0.0247949 0.858559 0.0235205 0.861785 0.0199072 0.864336 0.0154492 0.865863 0.0114111 0.867223 0.00759277
1 0.858559 0.0141748 0.859238 0.011626 0.862297 0.00907715 0.865184 0.00695313 0.867734 0.00652832 0.868922 0.00631836 0.868922 0.0107764 0.868414 0.01396 0.867902 0.0165088 0.867223 0.0192725 0.866715 0.0224561 0.862637 0.0260693 0.858559 0.0279785 0.85652 0.0288281 0.851594 0.0279785 0.85448 0.0230957 0.85618 0.017998 0.857199 0.015874
