2 0.446875 0.841309 0.444531 0.839844 0.441797 0.839844 0.440625 0.840332 0.436719 0.844727 0.434375 0.846191 0.433203 0.847656 0.432031 0.848145 0.429297 0.852051 0.428125 0.85498 0.426563 0.857422 0.425781 0.860352 0.425781 0.862793 0.426563 0.865723 0.430469 0.869141 0.432812 0.870117 0.436328 0.870117 0.439844 0.867676 0.444141 0.862305 0.448047 0.852051 0.448828 0.849121 0.448828 0.844727 0.448047 0.842773
2 0.557422 0.901855 0.55625 0.90332 0.555859 0.904785 0.555859 0.908691 0.557031 0.912598 0.557813 0.913574 0.558984 0.916992 0.561328 0.920898 0.5625 0.924805 0.563672 0.92627 0.564453 0.928223 0.567969 0.931152 0.572266 0.931152 0.573828 0.930176 0.574609 0.928711 0.574609 0.924805 0.574219 0.92334 0.570312 0.917969 0.569141 0.915039 0.566797 0.912109 0.566406 0.910645 0.565625 0.909668 0.565625 0.908691 0.564063 0.90625 0.5625 0.902344 0.561328 0.900879 0.560156 0.900391
2 0.540625 0.961426 0.539844 0.960449 0.5375 0.959473 0.532813 0.961914 0.529297 0.967285 0.526953 0.969238 0.525391 0.969727 0.523828 0.97168 0.523047 0.973633 0.523047 0.975098 0.524609 0.976562 0.529687 0.976074 0.536719 0.972168 0.539844 0.967285 0.539844 0.966309 0.541016 0.963379
2 0.459766 0.434082 0.458984 0.433105 0.454688 0.433105 0.448437 0.439453 0.448047 0.443359 0.449609 0.444336 0.451953 0.444336 0.454297 0.441406 0.455859 0.44043 0.459766 0.436035
2 0.592578 0.548828 0.591797 0.547852 0.5875 0.547852 0.585938 0.548828 0.585156 0.549805 0.582031 0.551758 0.58125 0.553711 0.58125 0.556641 0.582812 0.557617 0.584375 0.557617 0.585938 0.556152 0.591016 0.553223 0.592578 0.550293
2 0.638945 0.646875 0.637148 0.646777 0.636328 0.647705 0.636992 0.648877 0.637344 0.651172 0.635352 0.653467 0.634297 0.655957 0.634375 0.661133 0.634805 0.666943 0.634648 0.669922 0.634375 0.67334 0.634375 0.676758 0.633125 0.681836 0.63168 0.683057 0.630039 0.681836 0.628125 0.677734 0.626523 0.677686 0.625547 0.679688 0.624922 0.682666 0.627344 0.6875 0.629687 0.688965 0.630859 0.688965 0.633203 0.686035 0.634375 0.685547 0.637617 0.683691 0.638516 0.68208 0.637539 0.677588 0.636602 0.671436 0.637266 0.668359 0.6375 0.666748 0.637852 0.665674 0.638828 0.664111 0.639844 0.661035 0.640508 0.658643 0.640937 0.656152 0.640898 0.651318 0.639922 0.648828
2 0.900781 0.98291 0.901563 0.987793 0.903516 0.990723 0.905469 0.992188 0.907422 0.995117 0.908984 0.995605 0.909375 0.995117 0.910547 0.995117 0.911328 0.994141 0.910547 0.989258 0.907031 0.984863 0.903906 0.981934
1 0.632031 0.394482 0.633984 0.396338 0.637109 0.399902 0.639062 0.403809 0.639453 0.405762 0.640625 0.408203 0.641172 0.409668 0.641016 0.411621 0.641445 0.416699 0.641055 0.421826 0.640234 0.423828 0.639453 0.42627 0.63793 0.429541 0.637109 0.434082 0.636406 0.436035 0.635703 0.437305 0.633242 0.437744 0.63125 0.437305 0.630469 0.435059 0.630078 0.431641 0.629844 0.429932 0.629687 0.427734 0.629297 0.424512 0.629453 0.417529 0.629687 0.411621 0.630234 0.408203 0.630859 0.404785 0.629883 0.39707 0.630156 0.394141
1 0.578516 0.365723 0.578516 0.367676 0.578125 0.368164 0.578516 0.369629 0.580078 0.371094 0.587891 0.381348 0.590625 0.382812 0.591797 0.384277 0.595703 0.38623 0.598047 0.38623 0.598437 0.386719 0.604688 0.386719 0.607031 0.385254 0.607031 0.383789 0.60625 0.381836 0.601953 0.376465 0.598437 0.374023 0.596484 0.37207 0.595313 0.371582 0.592187 0.368164 0.589844 0.367676 0.586719 0.366211 0.585547 0.366211 0.585156 0.365723 0.583984 0.365723 0.583594 0.365234 0.58125 0.365234 0.580078 0.364746
1 0.583984 0.352051 0.583984 0.354004 0.586328 0.35791 0.589453 0.359375 0.596094 0.360352 0.598437 0.361328 0.600391 0.361328 0.600781 0.36084 0.603516 0.360352 0.606641 0.358887 0.608203 0.356934 0.609375 0.354004 0.609375 0.351074 0.608203 0.348145 0.604297 0.345703 0.601562 0.345215 0.601172 0.344727 0.599609 0.344727 0.599219 0.344238 0.594531 0.344238 0.594141 0.344727 0.591016 0.344727 0.590625 0.345215 0.587891 0.345703 0.584766 0.349121
1 0.233984 0.491699 0.233984 0.494629 0.234766 0.496094 0.235156 0.498047 0.236328 0.499512 0.238672 0.500488 0.239844 0.500488 0.240234 0.500977 0.248828 0.501953 0.249219 0.501465 0.252344 0.500977 0.255859 0.499023 0.257812 0.495117 0.258594 0.489746 0.257812 0.487793 0.256641 0.486328 0.240625 0.486328 0.240234 0.486816 0.237891 0.486816 0.235547 0.487793 0.234375 0.489746 0.234375 0.491211
1 0.258203 0.447754 0.256641 0.450195 0.256641 0.452637 0.257422 0.455078 0.262109 0.460938 0.262891 0.462891 0.265234 0.46582 0.266016 0.467773 0.269922 0.472656 0.272266 0.474609 0.274609 0.477539 0.276953 0.478516 0.278906 0.478516 0.279687 0.476074 0.279687 0.474121 0.277734 0.468262 0.277734 0.466309 0.277344 0.46582 0.276953 0.462402 0.274219 0.456055 0.270703 0.45166 0.268359 0.449707 0.267578 0.449707 0.264453 0.447754 0.2625 0.447754 0.262109 0.447266 0.259375 0.447266
1 0.392188 0.436035 0.388281 0.436035 0.387109 0.437012 0.383594 0.438477 0.38125 0.440918 0.378125 0.446777 0.377734 0.452637 0.378125 0.453125 0.378125 0.45459 0.378906 0.456543 0.379297 0.459473 0.381641 0.462891 0.383203 0.463867 0.385937 0.463867 0.387891 0.461426 0.388672 0.459473 0.389453 0.454102 0.391016 0.450195 0.391016 0.44873 0.392188 0.446289 0.392969 0.443359 0.392969 0.441895 0.393359 0.441406 0.393359 0.437988
1 0.282422 0.369141 0.281641 0.370117 0.280859 0.372559 0.280859 0.377441 0.28125 0.37793 0.28125 0.381348 0.281641 0.381836 0.28125 0.399414 0.281641 0.400879 0.282813 0.402344 0.284375 0.402344 0.2875 0.400879 0.291797 0.393555 0.291797 0.392578 0.292969 0.389648 0.292969 0.383789 0.290625 0.377441 0.288672 0.375 0.287891 0.373047 0.284375 0.369141
1 0.223438 0.308594 0.221875 0.311035 0.221484 0.319336 0.221094 0.319824 0.221094 0.321777 0.220703 0.322266 0.220312 0.326172 0.219922 0.32666 0.219531 0.330566 0.219141 0.331055 0.219141 0.337402 0.219531 0.337891 0.219922 0.342285 0.220703 0.343262 0.224219 0.344727 0.227734 0.344727 0.228906 0.344238 0.230078 0.342773 0.230078 0.339355 0.229687 0.338867 0.229687 0.335938 0.229297 0.335449 0.229297 0.321777 0.228906 0.321289 0.227734 0.313965 0.226953 0.312988 0.225391 0.309082
1 0.166523 0.667725 0.168789 0.665234 0.169297 0.662939 0.167383 0.66084 0.164688 0.659375 0.161406 0.658545 0.158672 0.658447 0.156367 0.658496 0.154062 0.658887 0.152422 0.659863 0.150938 0.660937 0.147383 0.664502 0.143516 0.669043 0.141406 0.67041 0.137891 0.672363 0.137305 0.674268 0.138281 0.676562 0.142578 0.678223 0.144844 0.678223 0.146484 0.678711 0.147578 0.67876 0.149141 0.67832 0.152227 0.676562 0.156289 0.672168 0.159297 0.669727 0.161328 0.668701 0.163789 0.669727
1 0.224609 0.682129 0.223047 0.681152 0.217578 0.681152 0.217188 0.681641 0.213281 0.682129 0.205078 0.688477 0.204297 0.689453 0.203125 0.693848 0.201563 0.696777 0.201172 0.69873 0.200391 0.700195 0.200391 0.702637 0.2 0.703125 0.200391 0.708496 0.201563 0.709961 0.205078 0.708496 0.206641 0.706055 0.216406 0.696777 0.21875 0.693359 0.219922 0.69043 0.222656 0.687012 0.224219 0.686035 0.224609 0.685059
1 0.0675781 0.822754 0.0636719 0.822266 0.0613281 0.823242 0.0570312 0.826172 0.0550781 0.828613 0.0507812 0.837891 0.05 0.84082 0.05 0.842285 0.0492187 0.844238 0.0492187 0.848145 0.0488281 0.849121 0.05 0.852051 0.0515625 0.853027 0.0535156 0.853027 0.0558594 0.850586 0.0578125 0.84668 0.0613281 0.842285 0.0632812 0.837402 0.0648438 0.834961 0.0660156 0.831543 0.0667969 0.830566 0.0667969 0.82959 0.0679687 0.827148 0.0679687 0.82373
1 0.0136719 0.799316 0.0128906 0.800781 0.0128906 0.802734 0.0125 0.803223 0.0125 0.804688 0.0128906 0.805176 0.0125 0.806641 0.0125 0.811035 0.0113281 0.814941 0.0113281 0.820801 0.0117188 0.821289 0.0117188 0.823242 0.0121094 0.82373 0.0125 0.82666 0.0144531 0.82959 0.0164063 0.833984 0.0175781 0.834961 0.0203125 0.834961 0.0214844 0.834473 0.0226562 0.833008 0.025 0.826172 0.025 0.817383 0.0246094 0.816895 0.0246094 0.814941 0.0238281 0.812988 0.0234375 0.810059 0.021875 0.806152 0.0195312 0.803223 0.0183594 0.800781 0.0171875 0.799805
1 0.0554687 0.783203 0.0554687 0.788086 0.0558594 0.789062 0.0578125 0.791504 0.0589844 0.791992 0.0636719 0.795898 0.0667969 0.796387 0.0671875 0.796875 0.0726563 0.797363 0.0730469 0.797852 0.0742188 0.797852 0.0753906 0.798828 0.0765625 0.798828 0.0792969 0.796875 0.0804688 0.79541 0.0816406 0.79248 0.0816406 0.786621 0.0808594 0.783691 0.0792969 0.781738 0.0761719 0.779785 0.0703125 0.779785 0.0699219 0.780273 0.0648438 0.780762 0.0613281 0.782227 0.05625 0.782227
1 0.158984 0.765625 0.158203 0.764648 0.153516 0.764648 0.152344 0.765625 0.150391 0.766113 0.147656 0.769043 0.141797 0.773438 0.139063 0.777344 0.134766 0.781738 0.133984 0.783203 0.133984 0.788086 0.134766 0.789062 0.135937 0.789062 0.136328 0.789551 0.139453 0.789551 0.139844 0.789062 0.142578 0.788574 0.146484 0.786621 0.148828 0.78418 0.153906 0.780273 0.155469 0.77832 0.158984 0.769531
2 0.161328 0.743164 0.159766 0.744141 0.159375 0.748535 0.160156 0.751465 0.160156 0.757812 0.160547 0.759277 0.161328 0.760254 0.1625 0.760254 0.164062 0.756836 0.164453 0.754395 0.165234 0.75293 0.165234 0.75 0.164844 0.749512 0.164844 0.748047 0.162891 0.744141
1 0.25 0.85498 0.248438 0.850098 0.246875 0.848633 0.246094 0.848633 0.24375 0.847168 0.242188 0.847168 0.241797 0.84668 0.235156 0.84668 0.234766 0.847168 0.232813 0.847168 0.232422 0.847656 0.228906 0.848145 0.221094 0.852539 0.220312 0.853516 0.219531 0.855957 0.219531 0.86084 0.220312 0.862305 0.222656 0.86377 0.225391 0.864258 0.225781 0.864746 0.232422 0.864746 0.232813 0.864258 0.239063 0.863281 0.239453 0.862793 0.246484 0.862305 0.246875 0.861816 0.248438 0.861816 0.249609 0.860352 0.25 0.858887
1 0.225391 0.895996 0.223828 0.896484 0.221484 0.900391 0.221094 0.90332 0.219922 0.905762 0.219141 0.908691 0.21875 0.919434 0.218359 0.919922 0.218359 0.922363 0.217969 0.922852 0.217969 0.928223 0.217188 0.931152 0.217578 0.935059 0.219141 0.936523 0.221875 0.936523 0.224609 0.935059 0.226562 0.932129 0.227344 0.929688 0.229297 0.927246 0.230859 0.92334 0.230859 0.922363 0.232031 0.92041 0.232031 0.917969 0.232422 0.91748 0.232031 0.908691 0.230078 0.904785 0.230078 0.903809 0.228516 0.899414
1 0.192188 0.916016 0.191797 0.91748 0.191797 0.921875 0.192578 0.924805 0.19375 0.92627 0.194531 0.928223 0.197656 0.932129 0.199609 0.933105 0.200391 0.934082 0.20625 0.936523 0.207422 0.936523 0.207813 0.937012 0.2125 0.9375 0.213672 0.937012 0.214453 0.936035 0.214453 0.93457 0.213281 0.930664 0.208594 0.924316 0.20625 0.922363 0.203516 0.920898 0.202344 0.919434 0.200391 0.918457 0.196875 0.915527 0.192969 0.915039
1 0.263672 0.895996 0.263281 0.896484 0.263281 0.900879 0.266016 0.907227 0.267188 0.912109 0.271875 0.922363 0.272266 0.924805 0.273438 0.927734 0.274609 0.929199 0.276172 0.929199 0.277734 0.928223 0.279297 0.92627 0.280859 0.92041 0.280469 0.910645 0.279297 0.906738 0.275781 0.902344 0.274219 0.901367 0.273047 0.899902 0.269531 0.898438 0.267578 0.896973
1 0.0925781 0.947266 0.0910156 0.946777 0.0871094 0.94873 0.0828125 0.955566 0.0820312 0.958008 0.0800781 0.960938 0.078125 0.968262 0.0769531 0.970215 0.0769531 0.974609 0.0777344 0.975586 0.0800781 0.976562 0.0839844 0.976074 0.0863281 0.974609 0.0898438 0.970703 0.0917969 0.966309 0.0925781 0.963379 0.0929688 0.958984 0.0933594 0.958496 0.09375 0.950684
2 0.728906 0.986328 0.727734 0.988281 0.727812 0.993115 0.727734 0.995605 0.727734 0.99707 0.727812 0.998535 0.728867 1 0.731055 1 0.731289 0.9979 0.73125 0.996582 0.731133 0.992432 0.731094 0.989697 0.731367 0.988037 0.73082 0.986035
2 0.60082 0.0953613 0.600742 0.0984375 0.604688 0.10498 0.608984 0.108398 0.613359 0.111377 0.618125 0.118848 0.620742 0.118799 0.621992 0.117285 0.622734 0.114795 0.62168 0.112891 0.619297 0.110205 0.615625 0.104004 0.613281 0.102539 0.606328 0.0981445 0.604688 0.0965332 0.603125 0.094043
1 0.00507813 0.458496 0.00507813 0.460449 0.00585938 0.461914 0.00585938 0.462891 0.0078125 0.46582 0.0101563 0.47168 0.0140625 0.475586 0.0148437 0.475586 0.0171875 0.477051 0.0191406 0.477051 0.0195312 0.477539 0.0292969 0.477539 0.0296875 0.477051 0.0359375 0.475586 0.0367188 0.474609 0.0367188 0.473633 0.0359375 0.472168 0.0335937 0.470215 0.0324219 0.470215 0.0300781 0.469238 0.0289063 0.468262 0.0269531 0.467773 0.0257812 0.466797 0.0210938 0.464844 0.0199219 0.464844 0.0175781 0.463379 0.0144531 0.462891 0.0109375 0.460938 0.00859375 0.460449 0.00625 0.458008
1 0.0164063 0.376465 0.0152344 0.375977 0.0109375 0.375977 0.0105469 0.376465 0.009375 0.376465 0.00859375 0.376953 0.00351563 0.383789 0.00273437 0.388672 0.00234375 0.38916 0.00234375 0.391602 0.00195312 0.39209 0.00195312 0.399902 0.003125 0.403809 0.00429688 0.405273 0.00507813 0.405762 0.00859375 0.405762 0.00898437 0.405273 0.0101563 0.405273 0.0132812 0.401855 0.0148437 0.396973 0.015625 0.390137 0.0160156 0.389648 0.0167969 0.383301 0.0171875 0.382812 0.0171875 0.377441
1 0.059375 0.415039 0.059375 0.416504 0.0625 0.42041 0.0636719 0.422852 0.0652344 0.424805 0.0667969 0.425293 0.0710937 0.428223 0.0734375 0.429199 0.0746094 0.429199 0.0761719 0.430176 0.0777344 0.430176 0.08125 0.432129 0.0851563 0.432617 0.0855469 0.433105 0.0886719 0.433105 0.0898438 0.432617 0.090625 0.431641 0.090625 0.430664 0.0894531 0.427734 0.0855469 0.422852 0.0855469 0.422363 0.0828125 0.418945 0.0765625 0.414062 0.0710937 0.412598 0.0707031 0.412109 0.0695313 0.412109 0.0691406 0.411621 0.0640625 0.411133 0.0605469 0.412598
1 0.0949219 0.421875 0.0941406 0.42334 0.0941406 0.430176 0.0945312 0.430664 0.0949219 0.434082 0.0964844 0.437988 0.0992187 0.442871 0.101172 0.445312 0.102734 0.448242 0.105859 0.450684 0.110547 0.453613 0.114844 0.454102 0.116016 0.452637 0.116016 0.445801 0.115234 0.442871 0.113281 0.438477 0.109766 0.433594 0.108594 0.430664 0.106641 0.428711 0.105469 0.428223 0.1 0.421875 0.0992187 0.421387 0.0957031 0.421387
1 0.104297 0.336914 0.102734 0.335449 0.0984375 0.334961 0.096875 0.335938 0.0957031 0.335938 0.0875 0.339355 0.0828125 0.344238 0.0808594 0.349121 0.08125 0.354004 0.0828125 0.35791 0.0847656 0.359375 0.0886719 0.359375 0.0898438 0.358398 0.0925781 0.35498 0.0941406 0.351562 0.103125 0.34082 0.104297 0.338867
1 0.1 0.304688 0.0976562 0.304688 0.0964844 0.305176 0.0949219 0.307129 0.09375 0.311523 0.0921875 0.313477 0.0898438 0.319336 0.0882813 0.321777 0.0851563 0.33252 0.0851563 0.334961 0.0867187 0.336426 0.090625 0.336426 0.0910156 0.335938 0.0921875 0.335938 0.0976562 0.332031 0.1 0.328613 0.100781 0.326172 0.101172 0.321289 0.101562 0.320801 0.101562 0.310547 0.101172 0.310059 0.100781 0.306152
1 0.0746094 0.26709 0.0746094 0.270508 0.0753906 0.273438 0.078125 0.27832 0.0804688 0.28125 0.0816406 0.281738 0.0835937 0.283691 0.0859375 0.28418 0.0871094 0.285156 0.0926172 0.285303 0.0935156 0.288574 0.0964844 0.289062 0.096875 0.288574 0.0992187 0.288574 0.0996094 0.288086 0.1 0.283203 0.0992187 0.280273 0.0976562 0.277344 0.0957031 0.274902 0.0945312 0.274414 0.0907813 0.271777 0.0863281 0.269238 0.0842578 0.268848 0.081875 0.268164 0.0798438 0.267188 0.0792969 0.265625 0.0778906 0.264355 0.0769922 0.26377 0.0757812 0.265137
1 0.0296875 0.189941 0.0257812 0.190918 0.0242188 0.192871 0.0242188 0.194336 0.0207031 0.206055 0.0207031 0.208496 0.0199219 0.210938 0.0199219 0.217285 0.0203125 0.21875 0.021875 0.221191 0.0234375 0.22168 0.0246094 0.222656 0.0289063 0.222168 0.0300781 0.221191 0.03125 0.21875 0.0339844 0.214844 0.0339844 0.213867 0.0347656 0.212402 0.0367188 0.205078 0.0367188 0.202637 0.0371094 0.202148 0.0371094 0.196777 0.0359375 0.195801 0.0332031 0.191895
1 0 0.178711 0.00195312 0.178711 0.00390625 0.180176 0.00625 0.181152 0.0078125 0.181152 0.00820313 0.181641 0.0136719 0.181152 0.0179687 0.178223 0.0210938 0.174316 0.0230469 0.169922 0.0230469 0.168457 0.021875 0.166504 0.0164063 0.166016 0.0140625 0.165039 0.0105469 0.165039 0.0101563 0.164551 0 0.165039
1 0.0652344 0.169434 0.0636719 0.168457 0.0597656 0.168457 0.05625 0.17041 0.0488281 0.176758 0.0449219 0.182617 0.0410156 0.189941 0.0414062 0.190918 0.0414062 0.192871 0.0421875 0.193848 0.0441406 0.194824 0.0464844 0.194336 0.0476562 0.193359 0.0523438 0.191895 0.0601563 0.186523 0.0617188 0.18457 0.0628906 0.181152 0.0648438 0.177246 0.065625 0.174316
1 0.09375 0.211914 0.0933594 0.212891 0.0933594 0.217773 0.0949219 0.222656 0.096875 0.225098 0.0980469 0.225586 0.0988281 0.226562 0.103906 0.22998 0.105859 0.22998 0.10625 0.230469 0.108203 0.230469 0.108594 0.230957 0.115625 0.231445 0.117969 0.229492 0.117969 0.226074 0.116016 0.221191 0.110156 0.216309 0.107422 0.212891 0.105078 0.211426 0.102734 0.210449 0.100781 0.210449 0.100391 0.209961 0.0957031 0.210449
1 0.123047 0.230469 0.121875 0.230469 0.120313 0.231445 0.11875 0.233398 0.117773 0.237939 0.115312 0.240479 0.113008 0.245654 0.110469 0.245361 0.107422 0.244629 0.105859 0.245605 0.105078 0.247559 0.111602 0.253369 0.114844 0.258301 0.11875 0.257324 0.121758 0.252393 0.124609 0.251465 0.124609 0.250488 0.125781 0.248047 0.126172 0.239746 0.125391 0.237793 0.124609 0.23291 0.123828 0.230957
1 0.180859 0.188965 0.180859 0.193848 0.18125 0.194336 0.18125 0.196777 0.182031 0.199707 0.182812 0.200684 0.184375 0.205078 0.186328 0.207031 0.187891 0.209473 0.196484 0.214844 0.198828 0.215332 0.200391 0.216309 0.203516 0.216797 0.203906 0.217285 0.209375 0.217285 0.210156 0.216797 0.210547 0.21582 0.210547 0.212402 0.209375 0.210938 0.208203 0.210449 0.204687 0.20752 0.201563 0.204102 0.197266 0.20166 0.192578 0.197754 0.188672 0.195801 0.182422 0.188477
1 0.209297 0.254932 0.209258 0.258057 0.212148 0.259521 0.214453 0.26123 0.216797 0.262695 0.218359 0.264648 0.221484 0.26709 0.223828 0.268066 0.225391 0.268066 0.225781 0.268555 0.228125 0.268555 0.228906 0.269043 0.229297 0.268555 0.233203 0.268066 0.234375 0.26709 0.236328 0.266602 0.238281 0.265137 0.239844 0.264648 0.240625 0.263672 0.241016 0.262207 0.241016 0.259277 0.239844 0.258301 0.235937 0.257812 0.23332 0.257666 0.229297 0.254883 0.225742 0.251904 0.22 0.252197 0.216797 0.255762 0.209922 0.253467
1 0.262461 0.197803 0.262188 0.200195 0.260937 0.208984 0.260156 0.209961 0.259375 0.212891 0.259375 0.215332 0.258555 0.219873 0.259375 0.224023 0.261992 0.227295 0.26418 0.231445 0.264883 0.236816 0.266875 0.2396 0.268984 0.239697 0.270352 0.238086 0.271563 0.235205 0.272266 0.224609 0.271094 0.220703 0.26875 0.217285 0.26875 0.216309 0.264883 0.208301 0.264609 0.198291 0.263672 0.196924
1 0.00195312 0.265625 0.0015625 0.266113 0 0.266113 0 0.30127 0.00195312 0.30127 0.0046875 0.302734 0.00664062 0.302734 0.009375 0.299805 0.0105469 0.29541 0.0105469 0.293457 0.0109375 0.292969 0.0109375 0.288086 0.0105469 0.287598 0.0109375 0.282715 0.0101563 0.279785 0.0101563 0.274902 0.00859375 0.269043 0.00742187 0.266602 0.00585938 0.265625
1 0.171875 0.462402 0.169531 0.459961 0.1625 0.459961 0.162109 0.460449 0.160156 0.460449 0.159766 0.459961 0.154688 0.459961 0.154297 0.460449 0.152344 0.460449 0.151953 0.460938 0.149609 0.461426 0.147656 0.463379 0.142969 0.46582 0.140234 0.46875 0.138281 0.470215 0.138281 0.47168 0.139453 0.473145 0.141797 0.473633 0.142187 0.474121 0.144531 0.474121 0.144922 0.474609 0.148438 0.474609 0.148828 0.475098 0.151953 0.475098 0.152344 0.475586 0.158984 0.475586 0.159375 0.475098 0.161719 0.475098 0.164062 0.473145 0.169531 0.470215 0.171875 0.466797
1 0.0771484 0.509961 0.0722656 0.507324 0.0690625 0.506982 0.0672266 0.507275 0.0648438 0.508301 0.0632812 0.509277 0.0614453 0.511475 0.05875 0.516113 0.0589063 0.520117 0.0597266 0.523535 0.0625 0.530518 0.0609375 0.534668 0.0617188 0.536621 0.0636719 0.537598 0.065625 0.537109 0.06875 0.533691 0.0707422 0.526563 0.0709375 0.521973 0.0691406 0.517432 0.0690234 0.515137 0.0720313 0.517725 0.0751172 0.517334 0.0776953 0.513086
1 0.0410156 0.690918 0.0371094 0.690918 0.0332031 0.692871 0.0300781 0.696777 0.0257812 0.705078 0.0257812 0.708496 0.0253906 0.708984 0.0253906 0.721191 0.0265625 0.725586 0.028125 0.727051 0.0292969 0.727051 0.0300781 0.726074 0.0316406 0.720703 0.0351562 0.716797 0.0367188 0.712402 0.0386719 0.708496 0.0386719 0.707031 0.0390625 0.706543 0.0390625 0.705078 0.0398437 0.702148 0.0417969 0.698242 0.0421875 0.694824 0.0425781 0.694336 0.0425781 0.692871 0.0417969 0.691406
2 0.071875 0.696777 0.0683594 0.695312 0.0648438 0.695312 0.0636719 0.695801 0.0613281 0.698242 0.0589844 0.704102 0.0570312 0.707031 0.0558594 0.711426 0.0554687 0.715332 0.0550781 0.71582 0.0550781 0.72168 0.05625 0.723145 0.0582031 0.723145 0.0585938 0.722656 0.0601563 0.722656 0.0621094 0.72168 0.0664062 0.717773 0.0683594 0.715332 0.0691406 0.713867 0.0695313 0.711426 0.0710937 0.70752 0.0726563 0.705078 0.0734375 0.702637 0.0734375 0.699219
1 0.113281 0.649902 0.113359 0.647461 0.112461 0.644873 0.110312 0.641309 0.107734 0.639307 0.106016 0.639209 0.103398 0.639404 0.100391 0.64209 0.0976562 0.645508 0.0963281 0.64873 0.0944531 0.650977 0.0911719 0.651904 0.0885937 0.654492 0.0885547 0.657617 0.0901563 0.65957 0.0917969 0.660156 0.096875 0.659668 0.100391 0.658203 0.10332 0.656494 0.105195 0.653516 0.10707 0.651953 0.108594 0.651953 0.110156 0.655762 0.110547 0.658203 0.110937 0.658691 0.112109 0.658691 0.1125 0.658203 0.11332 0.654736 0.113281 0.651855
1 0.148047 0.966309 0.147266 0.964355 0.146094 0.962891 0.144922 0.962891 0.144531 0.962402 0.142969 0.962402 0.142578 0.961914 0.135156 0.961914 0.134766 0.962402 0.133594 0.962402 0.130469 0.964355 0.127344 0.965332 0.123828 0.969238 0.120703 0.971191 0.119141 0.973633 0.119141 0.976562 0.119922 0.978516 0.125781 0.981445 0.129688 0.981445 0.130078 0.980957 0.13125 0.980957 0.136328 0.977539 0.137109 0.977539 0.139453 0.976074 0.142187 0.973145 0.146094 0.971191 0.147266 0.969727 0.148047 0.967773
1 0.228516 0.980469 0.227734 0.981934 0.227734 0.98291 0.228906 0.984375 0.233594 0.987305 0.235547 0.990234 0.237891 0.992676 0.239063 0.996094 0.242188 0.999023 0.242188 1 0.245703 1 0.245703 0.999023 0.248047 0.996582 0.248828 0.993652 0.248828 0.98584 0.247656 0.982422 0.244531 0.979004 0.240625 0.977051 0.235547 0.976562 0.235156 0.977051 0.232031 0.977539
1 0.271094 0.967773 0.269531 0.970215 0.269141 0.975586 0.268359 0.978027 0.268359 0.981445 0.267188 0.98584 0.267188 0.989258 0.266797 0.989746 0.266797 0.993164 0.266406 0.993652 0.266406 0.995117 0.266797 0.995605 0.266797 1 0.276172 1 0.276172 0.998047 0.276953 0.996094 0.276953 0.983398 0.276562 0.98291 0.276562 0.977051 0.276172 0.976562 0.275781 0.972656 0.275 0.969727 0.272656 0.967773
1 0.299219 0.666504 0.298438 0.666016 0.296094 0.666016 0.295703 0.665527 0.290234 0.666992 0.282813 0.67334 0.279297 0.685547 0.278906 0.69043 0.279687 0.691895 0.282813 0.692383 0.285938 0.69043 0.296094 0.677734 0.296875 0.675293 0.299609 0.670898 0.299609 0.66748
1 0.358594 0.642578 0.358984 0.646484 0.361719 0.650879 0.362891 0.651367 0.366797 0.655273 0.371094 0.657715 0.373437 0.659668 0.376172 0.663086 0.378516 0.664551 0.383984 0.669922 0.385156 0.669922 0.385937 0.668945 0.386719 0.665527 0.385547 0.661133 0.385547 0.658691 0.383594 0.655273 0.381641 0.650391 0.377734 0.645996 0.372656 0.64209 0.371484 0.64209 0.369531 0.641113 0.366797 0.641113 0.366406 0.640625 0.360547 0.640625
1 0.342695 0.691113 0.337109 0.693359 0.333984 0.695312 0.332422 0.697754 0.331641 0.699023 0.33125 0.701855 0.331367 0.704736 0.332031 0.708496 0.333477 0.713135 0.333867 0.715332 0.332305 0.719189 0.330898 0.721191 0.331406 0.723242 0.333711 0.723389 0.336094 0.72251 0.3375 0.721191 0.338672 0.720215 0.341406 0.714844 0.341797 0.710938 0.342266 0.705127 0.342344 0.700928 0.347266 0.698779 0.347266 0.695508 0.346133 0.692187 0.344609 0.690869
1 0.521875 0.577148 0.519531 0.580566 0.517969 0.586426 0.517969 0.593262 0.518359 0.59375 0.518359 0.595703 0.51875 0.596191 0.51875 0.598145 0.519141 0.598633 0.519531 0.602051 0.520312 0.604004 0.520703 0.60791 0.521484 0.609375 0.521875 0.611816 0.523438 0.614746 0.524609 0.615723 0.525781 0.615723 0.526953 0.614258 0.527734 0.612305 0.527734 0.600586 0.527344 0.600098 0.527344 0.595703 0.526563 0.593262 0.526172 0.580566 0.525 0.577637
1 0.555469 0.498047 0.553906 0.500488 0.553125 0.505371 0.551562 0.508789 0.551172 0.512695 0.550781 0.513184 0.550781 0.516113 0.550391 0.516602 0.550391 0.519531 0.550781 0.52002 0.550781 0.524902 0.551172 0.525391 0.551172 0.527344 0.551953 0.529785 0.554297 0.531738 0.557422 0.532227 0.560156 0.530273 0.561328 0.527832 0.561328 0.526855 0.562891 0.522461 0.562891 0.520996 0.563281 0.520508 0.563281 0.508789 0.562891 0.508301 0.562891 0.504883 0.5625 0.504395 0.562109 0.501465 0.561328 0.500488 0.557422 0.498047
1 0.498437 0.474121 0.498047 0.474609 0.498047 0.479492 0.498828 0.480957 0.498828 0.481934 0.5 0.484375 0.5 0.485352 0.501563 0.489746 0.502734 0.491211 0.505469 0.496582 0.508203 0.5 0.510938 0.502441 0.513281 0.503906 0.517188 0.504395 0.518359 0.50293 0.518359 0.500488 0.517578 0.498535 0.517188 0.495117 0.516016 0.492188 0.514844 0.486816 0.513281 0.483887 0.512891 0.483887 0.508984 0.479004 0.506641 0.477051 0.505859 0.477051 0.501563 0.474609 0.499219 0.474609
1 0.490625 0.466797 0.489844 0.467773 0.489453 0.469238 0.489453 0.477051 0.489063 0.477539 0.489063 0.480469 0.4875 0.485352 0.4875 0.494141 0.487891 0.494629 0.487891 0.49707 0.489453 0.501953 0.492969 0.506348 0.49375 0.506836 0.495312 0.506836 0.496484 0.505371 0.497266 0.50293 0.497266 0.5 0.496875 0.499512 0.497266 0.48584 0.496875 0.485352 0.496094 0.478516 0.494922 0.475098 0.494531 0.47168 0.49375 0.469727 0.492578 0.469238 0.491406 0.467285
1 0.470313 0.38916 0.467187 0.38916 0.465234 0.391602 0.464062 0.394531 0.464062 0.395508 0.462109 0.399414 0.461719 0.404297 0.461328 0.404785 0.460938 0.409668 0.460547 0.410156 0.460156 0.424805 0.459375 0.426758 0.459375 0.429688 0.458984 0.430176 0.459375 0.431641 0.460938 0.430664 0.4625 0.430664 0.463281 0.430176 0.466016 0.426758 0.468359 0.422363 0.470703 0.419434 0.473047 0.412109 0.473047 0.403809 0.472656 0.40332 0.472266 0.39502 0.471875 0.394531 0.471484 0.390625
1 0.478516 0.369629 0.478125 0.371094 0.478125 0.374512 0.481641 0.380371 0.486328 0.385254 0.489844 0.387207 0.491406 0.388672 0.497656 0.391113 0.501953 0.394043 0.505078 0.394043 0.505859 0.393555 0.50625 0.39209 0.505469 0.390625 0.505078 0.388672 0.502734 0.384277 0.501172 0.382324 0.498828 0.376465 0.497656 0.375 0.496875 0.375 0.491797 0.37207 0.489453 0.371094 0.488281 0.371094 0.483203 0.368652 0.480859 0.368652
1 0.473047 0.287109 0.471875 0.288086 0.471094 0.288086 0.469531 0.290527 0.468359 0.296387 0.464844 0.305664 0.464453 0.311035 0.464844 0.311523 0.464844 0.312988 0.465625 0.315918 0.470313 0.32373 0.474219 0.327148 0.477344 0.327148 0.478125 0.327637 0.479297 0.32666 0.479297 0.323242 0.477344 0.317871 0.477344 0.307129 0.477734 0.306641 0.477734 0.304688 0.478516 0.302246 0.478516 0.294434 0.477344 0.290039 0.475 0.287109
1 0.530469 0.319336 0.527734 0.319336 0.524219 0.320801 0.519141 0.325684 0.516016 0.330078 0.516016 0.331055 0.513672 0.337402 0.513672 0.339355 0.513281 0.339844 0.513281 0.34668 0.515234 0.354004 0.517578 0.356445 0.521094 0.355957 0.522266 0.354492 0.522656 0.352539 0.523828 0.350098 0.523828 0.349121 0.528516 0.337402 0.528906 0.334473 0.529297 0.333984 0.529297 0.332031 0.529687 0.331543 0.529687 0.32959 0.530078 0.329102 0.530078 0.327148 0.53125 0.32373 0.532031 0.322754 0.532031 0.321289
1 0.558594 0.261719 0.557031 0.26123 0.555859 0.262207 0.554688 0.264648 0.551953 0.267578 0.550781 0.270508 0.549219 0.271973 0.547266 0.276367 0.546875 0.279297 0.544922 0.286133 0.544922 0.290527 0.545312 0.291992 0.547656 0.293945 0.549609 0.293945 0.552734 0.291992 0.557422 0.286621 0.560547 0.28125 0.560937 0.27832 0.561328 0.277832 0.561328 0.270996 0.560937 0.270508 0.560156 0.26416
1 0.641406 0.243164 0.639844 0.242188 0.6375 0.242188 0.635938 0.243164 0.634766 0.244629 0.633594 0.249023 0.632812 0.250488 0.632812 0.251465 0.632031 0.25293 0.632031 0.253906 0.630469 0.256836 0.628906 0.26123 0.627344 0.263672 0.626953 0.265625 0.626172 0.266602 0.626172 0.268555 0.627344 0.269531 0.631641 0.269531 0.633203 0.268555 0.634375 0.268555 0.636719 0.267578 0.638672 0.266113 0.640234 0.26416 0.642188 0.259766 0.642578 0.253906 0.642969 0.253418 0.642969 0.250977 0.642188 0.248047 0.642188 0.244629
2 0.287109 0.333496 0.285938 0.332031 0.284766 0.331543 0.282031 0.331543 0.278711 0.334863 0.275859 0.335986 0.273945 0.335938 0.272383 0.336328 0.270703 0.335938 0.269141 0.335938 0.267461 0.336426 0.26582 0.337305 0.263281 0.339844 0.259375 0.342285 0.257422 0.344727 0.257031 0.34668 0.258203 0.349121 0.26332 0.347266 0.262813 0.351709 0.262695 0.35708 0.265625 0.356836 0.271094 0.352881 0.274062 0.353271 0.275586 0.353125 0.278047 0.353271 0.280977 0.352539 0.283203 0.351074 0.285156 0.348633 0.286523 0.344238 0.286602 0.341553 0.287383 0.3396 0.2875 0.334961
1 0.741016 0.758301 0.738281 0.758301 0.737891 0.758789 0.735156 0.759277 0.732031 0.76123 0.727734 0.766113 0.726953 0.768066 0.726953 0.77002 0.726562 0.770508 0.726562 0.772461 0.725781 0.774902 0.725391 0.778809 0.723828 0.783203 0.723828 0.788086 0.725 0.789062 0.729297 0.789062 0.732812 0.785645 0.734375 0.781738 0.736719 0.778809 0.741016 0.762695 0.741016 0.76123 0.741406 0.760742
1 0.688672 0.19873 0.686719 0.200684 0.684766 0.205078 0.684375 0.211914 0.683984 0.212402 0.683984 0.214355 0.684375 0.214844 0.684375 0.224609 0.684766 0.225098 0.684766 0.227051 0.685937 0.231445 0.687109 0.233887 0.688672 0.239746 0.689844 0.241699 0.692578 0.243652 0.693359 0.243652 0.694922 0.241211 0.695312 0.234863 0.696094 0.231934 0.696094 0.223145 0.695703 0.222656 0.695312 0.215332 0.694922 0.214844 0.694922 0.212402 0.694531 0.211914 0.694141 0.20752 0.692969 0.20459 0.692969 0.203613 0.691797 0.200684 0.690234 0.19873
1 0.720703 0.251953 0.718359 0.25293 0.716016 0.255859 0.716016 0.256348 0.713672 0.259277 0.712109 0.260254 0.711328 0.261719 0.708594 0.272949 0.707812 0.274414 0.705469 0.276367 0.704297 0.27832 0.704297 0.283203 0.705469 0.284668 0.708984 0.286621 0.715625 0.286621 0.725781 0.280273 0.727734 0.277832 0.728516 0.275879 0.728516 0.273438 0.728125 0.272949 0.727734 0.267578 0.727344 0.26709 0.727344 0.265625 0.726562 0.262695 0.725781 0.26123 0.725391 0.259277 0.721484 0.252441
1 0.458594 0.911621 0.457031 0.915527 0.457031 0.918945 0.455859 0.922852 0.455859 0.930664 0.45625 0.931152 0.45625 0.933105 0.456641 0.933594 0.456641 0.935059 0.457422 0.937012 0.457422 0.938477 0.458203 0.941406 0.4625 0.953613 0.463281 0.955078 0.464062 0.955566 0.466797 0.956055 0.467578 0.95459 0.467578 0.953125 0.467969 0.952637 0.467969 0.941895 0.467578 0.941406 0.467578 0.934082 0.467187 0.933594 0.466797 0.927246 0.466406 0.926758 0.466016 0.923828 0.464453 0.920898 0.464453 0.919922 0.4625 0.914551 0.459766 0.911621
1 0.677344 0.251953 0.675 0.250488 0.670703 0.250488 0.666016 0.25293 0.662109 0.257324 0.660156 0.258789 0.657422 0.262207 0.655547 0.267725 0.654844 0.270801 0.655117 0.272803 0.658008 0.271973 0.660039 0.270361 0.66207 0.269434 0.666563 0.268457 0.670781 0.265381 0.676562 0.256836 0.677344 0.254395
1 0.576562 0.93457 0.575391 0.93457 0.572656 0.937012 0.571875 0.938477 0.570312 0.945312 0.569531 0.946777 0.569531 0.948242 0.568359 0.952637 0.567187 0.955566 0.566797 0.959961 0.566758 0.961914 0.567422 0.964893 0.569141 0.968555 0.571719 0.973535 0.573086 0.972754 0.573047 0.969238 0.57543 0.963965 0.578672 0.959033 0.579336 0.952979 0.579297 0.95166 0.579297 0.941406 0.578906 0.940918 0.578906 0.938477 0.578125 0.936523
1 0.649609 0.239746 0.649219 0.240234 0.646875 0.240234 0.646094 0.240723 0.644141 0.244141 0.644141 0.247559 0.64375 0.248047 0.64375 0.251465 0.643359 0.251953 0.643359 0.261719 0.64375 0.262207 0.64375 0.264648 0.644141 0.265137 0.644531 0.269043 0.646875 0.275879 0.649609 0.279248 0.652813 0.283057 0.654297 0.282031 0.653398 0.276318 0.653398 0.270166 0.654922 0.265283 0.655078 0.25293 0.654297 0.25 0.653906 0.244629 0.653125 0.242676 0.651172 0.240234
1 0.783984 0.785645 0.783203 0.785156 0.780859 0.785156 0.780469 0.785645 0.777344 0.786133 0.771094 0.790039 0.770312 0.790039 0.766797 0.793457 0.764844 0.79834 0.765234 0.807617 0.766797 0.811523 0.768359 0.812012 0.769531 0.811035 0.770312 0.811035 0.775 0.807129 0.778906 0.804688 0.783203 0.798828 0.785156 0.79541 0.785547 0.79248 0.785937 0.791992 0.785547 0.788086
1 0.502383 0.0357422 0.501172 0.0375977 0.498437 0.0407715 0.49375 0.0410156 0.48918 0.0423828 0.485938 0.0439453 0.482422 0.0463867 0.477852 0.048291 0.471875 0.0527344 0.470703 0.0551758 0.470703 0.0576172 0.471094 0.0585938 0.472266 0.0600586 0.474609 0.0615234 0.481641 0.0610352 0.483867 0.0598145 0.487734 0.0577637 0.492383 0.0559082 0.496875 0.0537109 0.498867 0.0519043 0.500391 0.0498047 0.502344 0.0449219 0.503711 0.0401855 0.503828 0.0361816
1 0.489609 0.112402 0.487578 0.111328 0.483203 0.113135 0.482031 0.117773 0.478555 0.122852 0.476562 0.125 0.472656 0.130859 0.471094 0.134766 0.470703 0.141748 0.469531 0.143018 0.467852 0.145117 0.467891 0.148535 0.469336 0.149902 0.47125 0.149365 0.473438 0.147949 0.475781 0.146973 0.482031 0.141113 0.483984 0.138184 0.483984 0.137207 0.4875 0.129395 0.488711 0.125977 0.488594 0.119727 0.490195 0.116553
1 0.532422 0.653809 0.53125 0.650879 0.528906 0.649414 0.524219 0.648926 0.523828 0.648438 0.520703 0.648438 0.520312 0.647949 0.5125 0.648438 0.512109 0.648926 0.508984 0.649414 0.503516 0.654785 0.498437 0.657715 0.496953 0.659033 0.496992 0.66084 0.498437 0.661621 0.500391 0.661621 0.505195 0.661816 0.509141 0.661816 0.510547 0.661621 0.512109 0.661621 0.513828 0.661084 0.515625 0.660645 0.520352 0.660254 0.521602 0.65957 0.524727 0.659033 0.529297 0.659668 0.531641 0.657227
1 0.508594 0.665527 0.508594 0.669434 0.508984 0.670898 0.511719 0.674316 0.514062 0.675781 0.514844 0.675781 0.518203 0.676562 0.522344 0.67666 0.523828 0.676562 0.524492 0.679785 0.525078 0.680957 0.528047 0.68208 0.529414 0.681641 0.530078 0.680176 0.53125 0.677734 0.53125 0.675781 0.531641 0.675293 0.532422 0.671387 0.532109 0.669141 0.528906 0.665625 0.526094 0.661963 0.520078 0.660254 0.516328 0.660547 0.512617 0.661914 0.509297 0.662891
1 0.510156 0.691895 0.510508 0.697363 0.513672 0.705078 0.514922 0.707227 0.517188 0.709961 0.519531 0.711426 0.523281 0.712598 0.523906 0.716553 0.523477 0.721533 0.525742 0.721533 0.526836 0.718896 0.527891 0.714502 0.528906 0.706543 0.528086 0.703174 0.525781 0.701172 0.523047 0.699219 0.521406 0.697949 0.516563 0.695166 0.512969 0.689014 0.510781 0.690039
1 0.53832 0.772363 0.535391 0.770996 0.531875 0.77002 0.529766 0.770361 0.528125 0.770215 0.526641 0.770508 0.523945 0.772559 0.521055 0.776172 0.516797 0.782227 0.514609 0.788721 0.512109 0.791016 0.509961 0.793652 0.509297 0.795898 0.51043 0.797607 0.5125 0.797852 0.515625 0.797852 0.522695 0.794287 0.529492 0.786035 0.532031 0.780029 0.535078 0.775732 0.538125 0.775146
1 0.557422 0.769043 0.555469 0.769043 0.554297 0.77002 0.553516 0.77002 0.55 0.772949 0.548828 0.773438 0.546875 0.775879 0.545312 0.780273 0.544141 0.782227 0.54375 0.785156 0.542188 0.790527 0.542188 0.792969 0.541797 0.793457 0.541797 0.800293 0.542578 0.803223 0.54375 0.804688 0.545703 0.804688 0.548438 0.80127 0.55 0.797852 0.552344 0.794922 0.553125 0.792969 0.553516 0.790527 0.555078 0.786621 0.555078 0.785156 0.555469 0.784668 0.555469 0.783203 0.55625 0.780273 0.557422 0.77832 0.557422 0.777344 0.558203 0.775879 0.558594 0.770996
1 0.795703 0.243164 0.794922 0.241699 0.794141 0.241211 0.789062 0.241211 0.788672 0.241699 0.784375 0.242188 0.783984 0.242676 0.78125 0.243164 0.774219 0.24707 0.771484 0.251367 0.767852 0.253516 0.766094 0.255811 0.765742 0.258154 0.766719 0.258594 0.771484 0.258301 0.774609 0.258789 0.779687 0.258789 0.780078 0.258301 0.782031 0.258301 0.782422 0.257812 0.786719 0.256836 0.788281 0.255859 0.789453 0.254395 0.791797 0.25293 0.792578 0.25293 0.795312 0.25 0.796094 0.247559 0.795703 0.246094
1 0.777344 0.313965 0.777344 0.314941 0.778516 0.316895 0.780078 0.318359 0.783594 0.323242 0.784375 0.323242 0.786328 0.324707 0.788672 0.325684 0.792969 0.326172 0.793359 0.32666 0.802734 0.327148 0.804297 0.326172 0.805859 0.323242 0.805469 0.318848 0.803125 0.31543 0.8 0.313477 0.797656 0.312988 0.794922 0.311523 0.791406 0.311035 0.791016 0.310547 0.789062 0.310547 0.788672 0.310059 0.784375 0.310059 0.783984 0.310547 0.782422 0.310547 0.778516 0.3125
1 0.783984 0.331055 0.783594 0.332031 0.783594 0.334961 0.786328 0.339355 0.790234 0.343262 0.795312 0.34668 0.798828 0.350586 0.800781 0.351562 0.801562 0.352539 0.803906 0.353027 0.804297 0.352539 0.805469 0.352539 0.806641 0.351562 0.807031 0.350586 0.807031 0.347656 0.806641 0.347168 0.806641 0.345703 0.805078 0.339844 0.802734 0.333984 0.799609 0.330078 0.796094 0.328125 0.790234 0.327637 0.789844 0.328125 0.788281 0.328125 0.787891 0.328613 0.785547 0.329102
1 0.762266 0.39707 0.761797 0.398535 0.763086 0.402441 0.762813 0.406494 0.761328 0.410156 0.758984 0.416016 0.758594 0.420898 0.758203 0.421387 0.757422 0.426758 0.755859 0.432129 0.755859 0.435059 0.75625 0.436035 0.758594 0.4375 0.760938 0.4375 0.762109 0.437012 0.764453 0.434082 0.765625 0.431152 0.769141 0.424805 0.770312 0.421387 0.771484 0.419434 0.771484 0.417969 0.771875 0.41748 0.771875 0.413574 0.772266 0.413086 0.772266 0.411621 0.771875 0.411133 0.771875 0.408691 0.771094 0.406738 0.767188 0.401367 0.763945 0.3979
1 0.721484 0.450195 0.721484 0.452148 0.722656 0.455078 0.724609 0.45752 0.727734 0.460449 0.730078 0.461426 0.73125 0.461426 0.732812 0.462402 0.741016 0.462891 0.741406 0.462402 0.744531 0.461914 0.749219 0.458984 0.75 0.456543 0.75 0.45459 0.749609 0.453613 0.745703 0.449219 0.742969 0.447754 0.737891 0.446777 0.7375 0.446289 0.733203 0.446289 0.732812 0.446777 0.732422 0.446289 0.726562 0.446289 0.723437 0.447754
1 0.666914 0.473389 0.664648 0.470996 0.662969 0.470264 0.661133 0.472607 0.658867 0.479687 0.652578 0.483496 0.649219 0.486328 0.646875 0.494141 0.646875 0.49707 0.646484 0.497559 0.646875 0.503906 0.646367 0.509326 0.650273 0.505469 0.652891 0.502441 0.655469 0.500732 0.657031 0.499023 0.658594 0.498047 0.660937 0.495117 0.661328 0.495117 0.663672 0.491699 0.665234 0.489551 0.666016 0.486816 0.666523 0.484766 0.666797 0.483398 0.666797 0.477539
1 0.651172 0.564941 0.648828 0.564941 0.648438 0.56543 0.646094 0.565918 0.642578 0.569824 0.641406 0.572754 0.641406 0.575195 0.641016 0.575684 0.641016 0.583008 0.641406 0.583496 0.641797 0.59082 0.644141 0.599609 0.646094 0.602539 0.648438 0.602539 0.649609 0.602051 0.651172 0.599609 0.651172 0.589844 0.651563 0.589355 0.651563 0.586914 0.651953 0.586426 0.651953 0.583984 0.652344 0.583496 0.652734 0.57959 0.653906 0.577148 0.653906 0.575684 0.654687 0.573242 0.654687 0.568359 0.654297 0.567383
1 0.686328 0.608398 0.685156 0.60791 0.683984 0.608887 0.681641 0.609375 0.679297 0.61084 0.677734 0.612793 0.674219 0.615234 0.670703 0.619629 0.670703 0.620117 0.666016 0.626465 0.666016 0.629395 0.665625 0.630859 0.666016 0.631348 0.666016 0.632812 0.667188 0.634766 0.669141 0.635742 0.670703 0.635742 0.675781 0.632324 0.677734 0.631836 0.680469 0.628906 0.682422 0.62793 0.683984 0.625977 0.685547 0.622559 0.685547 0.621094 0.686328 0.618652 0.686328 0.616699 0.686719 0.616211 0.687109 0.61084
1 0.760938 0.620117 0.759766 0.620117 0.754687 0.626953 0.754687 0.62793 0.752344 0.633789 0.752344 0.63916 0.751953 0.639648 0.752344 0.649902 0.752734 0.650391 0.753125 0.654785 0.753516 0.655273 0.754687 0.662109 0.75625 0.663574 0.759375 0.662598 0.760156 0.661621 0.761328 0.658691 0.761719 0.65625 0.7625 0.654785 0.7625 0.652832 0.762891 0.652344 0.763281 0.641113 0.762891 0.640625 0.762891 0.634766 0.7625 0.634277 0.7625 0.631836 0.762109 0.631348 0.762109 0.622559
1 0.770703 0.580078 0.767578 0.577148 0.764062 0.57666 0.763672 0.576172 0.751172 0.57666 0.750781 0.577148 0.748828 0.577148 0.748437 0.577637 0.744141 0.577148 0.742812 0.574268 0.740508 0.573828 0.738594 0.577002 0.739062 0.582031 0.739844 0.584473 0.742969 0.588379 0.744531 0.589355 0.748437 0.589844 0.748828 0.590332 0.754687 0.590332 0.755078 0.589844 0.757422 0.589844 0.757812 0.589355 0.759766 0.589355 0.760156 0.588867 0.762891 0.588379 0.769922 0.584473 0.770703 0.581543
1 0.772266 0.630859 0.772656 0.635254 0.774219 0.638672 0.783594 0.649414 0.790625 0.65332 0.795312 0.65332 0.79957 0.652539 0.799648 0.648828 0.798398 0.647363 0.795234 0.644629 0.792578 0.63916 0.788672 0.63623 0.7875 0.634766 0.783984 0.633301 0.782813 0.632324 0.782031 0.632324 0.78125 0.631348 0.777344 0.629395 0.773438 0.629395
1 0.845313 0.617188 0.844141 0.617188 0.84375 0.616699 0.841797 0.616699 0.841016 0.617188 0.839844 0.619141 0.839063 0.62207 0.836719 0.626465 0.836328 0.62793 0.836328 0.631348 0.835938 0.631836 0.835938 0.635254 0.835547 0.635742 0.835156 0.644043 0.834766 0.644531 0.834766 0.646484 0.835938 0.647949 0.838281 0.648438 0.840625 0.646973 0.841406 0.646973 0.84375 0.644531 0.846094 0.640137 0.846484 0.637207 0.846875 0.636719 0.846875 0.632812 0.847266 0.632324 0.847266 0.625977 0.846875 0.625488 0.846484 0.619629
1 0.846875 0.594238 0.846875 0.59668 0.847656 0.598145 0.848047 0.600586 0.849609 0.603516 0.851953 0.610352 0.853906 0.613281 0.858984 0.618164 0.861719 0.620117 0.863672 0.620605 0.864844 0.621582 0.868359 0.623047 0.872656 0.623047 0.873828 0.622559 0.875 0.620117 0.875 0.618164 0.872656 0.614746 0.871875 0.614746 0.869531 0.613281 0.865625 0.609375 0.859766 0.602051 0.858594 0.599609 0.85625 0.59668 0.850781 0.593262 0.85 0.592285 0.848047 0.592285
1 0.688594 0.119238 0.68668 0.117676 0.684766 0.118945 0.68125 0.123535 0.676953 0.128418 0.675781 0.130859 0.673047 0.134766 0.671875 0.140625 0.670703 0.143066 0.669141 0.148926 0.669141 0.151367 0.670312 0.154297 0.672266 0.156738 0.675391 0.158691 0.677344 0.15918 0.678906 0.158203 0.68125 0.153809 0.68207 0.150684 0.682383 0.148389 0.682578 0.147412 0.684375 0.141113 0.684766 0.140625 0.684766 0.138184 0.684805 0.136426 0.684805 0.132959 0.684375 0.127637 0.686445 0.124609 0.688398 0.121826
1 0.701953 0.0776367 0.698047 0.0776367 0.692969 0.0805664 0.689844 0.081543 0.686719 0.0849609 0.683203 0.0878906 0.682031 0.0883789 0.680078 0.0908203 0.679297 0.0927734 0.679297 0.0942383 0.678906 0.0947266 0.678906 0.0976562 0.679297 0.0991211 0.680469 0.100586 0.681641 0.101074 0.686328 0.101074 0.687891 0.100098 0.690234 0.097168 0.69375 0.0952148 0.698047 0.0893555 0.702344 0.0854492 0.703125 0.0834961 0.703125 0.0795898
1 0.710547 0.0795898 0.708984 0.0795898 0.705469 0.0859375 0.704688 0.0878906 0.704297 0.0917969 0.703125 0.0957031 0.702734 0.112305 0.703125 0.112793 0.703125 0.115234 0.703906 0.118164 0.705078 0.120117 0.708594 0.120117 0.709375 0.119629 0.711719 0.114258 0.7125 0.11084 0.714063 0.107422 0.714063 0.105957 0.714844 0.103516 0.714844 0.101562 0.715234 0.101074 0.715625 0.0942383 0.714844 0.0917969 0.714453 0.0878906 0.712891 0.0834961 0.7125 0.0810547
1 0.709375 0.0678711 0.708984 0.0688477 0.708984 0.0722656 0.712891 0.0761719 0.713477 0.0814453 0.71543 0.0854492 0.716953 0.0890625 0.718008 0.0916016 0.721133 0.0948242 0.724336 0.100928 0.72668 0.101514 0.728047 0.100146 0.728516 0.0981934 0.72832 0.0966797 0.727344 0.0943848 0.726562 0.090332 0.726094 0.0871582 0.725195 0.0839355 0.72457 0.0803711 0.723828 0.076123 0.721484 0.0712891 0.717187 0.0664062 0.7125 0.0664062
1 0.741406 0.0131836 0.740234 0.012207 0.735547 0.0102539 0.733984 0.0102539 0.733594 0.00976562 0.729688 0.00976562 0.729297 0.0102539 0.728125 0.0102539 0.723828 0.0131836 0.722656 0.0146484 0.719922 0.0166016 0.719141 0.0180664 0.718359 0.0214844 0.716797 0.0244141 0.716016 0.0273438 0.712891 0.0317383 0.712109 0.0336914 0.711719 0.0375977 0.712891 0.0385742 0.713672 0.0385742 0.714844 0.0375977 0.716406 0.0371094 0.719922 0.0322266 0.725 0.0297852 0.727734 0.0263672 0.728906 0.0258789 0.729688 0.0249023 0.733594 0.0229492 0.735938 0.0205078 0.7375 0.0195312 0.739453 0.019043 0.741016 0.0175781 0.741406 0.0161133
1 0.751172 0.799805 0.747266 0.804688 0.746094 0.807129 0.745703 0.80957 0.744141 0.813477 0.744141 0.819824 0.744531 0.820312 0.744922 0.82373 0.747656 0.830078 0.75 0.832031 0.751953 0.834473 0.754297 0.835449 0.75625 0.835449 0.757422 0.833984 0.757422 0.818848 0.757031 0.818359 0.757031 0.813965 0.756641 0.813477 0.756641 0.811523 0.755859 0.808594 0.755859 0.805176 0.755078 0.802246 0.753516 0.800293 0.752734 0.799805
1 0.752227 0.00883789 0.750898 0.00922852 0.749766 0.0115723 0.745313 0.0166016 0.744141 0.0170898 0.739844 0.0224609 0.738672 0.0253906 0.738672 0.0273438 0.737891 0.0297852 0.737891 0.0356445 0.738281 0.0361328 0.738672 0.0405273 0.741797 0.0493164 0.743359 0.0507812 0.745313 0.0507812 0.746484 0.0493164 0.746484 0.0458984 0.747656 0.0415039 0.747656 0.0390625 0.748047 0.0385742 0.748047 0.0366211 0.748828 0.0341797 0.749336 0.0327637 0.749531 0.0315918 0.749883 0.0297363 0.750039 0.0280273 0.750039 0.0266113 0.75 0.0234375 0.751211 0.0155762 0.752383 0.0118652 0.753047 0.00952148
1 0.789453 0.103027 0.786328 0.0996094 0.783984 0.0986328 0.782813 0.0986328 0.780859 0.0976562 0.775781 0.0976562 0.772266 0.0996094 0.767969 0.103516 0.765625 0.109375 0.764453 0.11084 0.762891 0.114258 0.762891 0.119629 0.763281 0.120117 0.767578 0.119629 0.772656 0.116211 0.774609 0.114258 0.778125 0.112305 0.778906 0.112305 0.782422 0.109863 0.7875 0.109863 0.790625 0.10791 0.790625 0.106445 0.789844 0.10498
1 0.786719 0.148926 0.784375 0.147949 0.783203 0.147949 0.780078 0.149414 0.778125 0.149414 0.777734 0.149902 0.774609 0.150391 0.773047 0.152344 0.771875 0.152832 0.76875 0.155762 0.766406 0.157227 0.764844 0.160156 0.760156 0.165527 0.760156 0.167969 0.760938 0.169434 0.762891 0.17041 0.765234 0.17041 0.765625 0.169922 0.767578 0.169922 0.767969 0.169434 0.770312 0.169434 0.774219 0.166992 0.775781 0.166504 0.777734 0.164551 0.778906 0.164062 0.780078 0.162598 0.782031 0.157227 0.783594 0.155762 0.786719 0.151367
1 0.817578 0.147461 0.816016 0.148438 0.814844 0.149902 0.814844 0.151367 0.814453 0.151855 0.814453 0.160645 0.815234 0.163574 0.818359 0.170898 0.824219 0.180176 0.826172 0.182617 0.829297 0.18457 0.830859 0.18457 0.832812 0.183105 0.833594 0.181641 0.833594 0.17627 0.833203 0.175781 0.832812 0.172852 0.830859 0.167969 0.830859 0.166992 0.830078 0.165039 0.828906 0.163574 0.826562 0.157227 0.824609 0.155762 0.821484 0.151855 0.821094 0.150391 0.81875 0.147461
1 0.8 0.18457 0.8 0.187012 0.800781 0.188965 0.802344 0.190918 0.803906 0.191895 0.807422 0.196777 0.810937 0.200195 0.813672 0.206055 0.815234 0.20752 0.818359 0.209473 0.819531 0.209473 0.821094 0.210449 0.827344 0.210449 0.830469 0.208008 0.830859 0.205078 0.828516 0.202148 0.826562 0.198242 0.822656 0.193359 0.81875 0.189453 0.815625 0.187988 0.813281 0.1875 0.811328 0.186035 0.807813 0.18457 0.80625 0.18457 0.804297 0.183594 0.801562 0.183594
1 0.991016 0.179199 0.990234 0.178223 0.983984 0.178711 0.983594 0.179199 0.979688 0.179199 0.979297 0.179688 0.977344 0.179688 0.976953 0.180176 0.971094 0.181641 0.969141 0.184082 0.967969 0.1875 0.966797 0.189453 0.966797 0.191406 0.966406 0.191895 0.966406 0.197266 0.968359 0.199219 0.971484 0.199707 0.973828 0.198242 0.974609 0.198242 0.977344 0.196289 0.98125 0.195312 0.983984 0.193848 0.987891 0.189941 0.989844 0.187012 0.991016 0.183594
1 0.942578 0.269043 0.941797 0.270508 0.942187 0.274414 0.946094 0.279785 0.949219 0.281738 0.955469 0.288086 0.957812 0.289062 0.960156 0.289062 0.962109 0.287598 0.9625 0.286621 0.9625 0.278809 0.961328 0.275879 0.961328 0.274902 0.958594 0.270996 0.954297 0.268066 0.953125 0.268066 0.951562 0.26709 0.945703 0.26709 0.945312 0.267578 0.944141 0.267578
1 0.905078 0.32373 0.903516 0.32373 0.901563 0.325195 0.898047 0.330078 0.897266 0.332031 0.89375 0.336426 0.893359 0.336426 0.891797 0.338867 0.890625 0.34375 0.886719 0.353027 0.886719 0.355957 0.8875 0.357422 0.889453 0.357422 0.891016 0.355957 0.894922 0.354004 0.9 0.349609 0.902734 0.346191 0.903125 0.346191 0.904687 0.34375 0.905859 0.340332 0.90625 0.336426 0.907031 0.333984 0.906641 0.327148
1 0.85625 0.400391 0.854297 0.402832 0.853516 0.405762 0.853516 0.407227 0.853125 0.407715 0.853516 0.411621 0.853906 0.412109 0.853906 0.414551 0.854297 0.415039 0.854297 0.416504 0.855469 0.420898 0.857422 0.425293 0.860547 0.430176 0.861719 0.431152 0.862891 0.431152 0.863281 0.431641 0.865625 0.431641 0.867188 0.427734 0.867188 0.424316 0.866797 0.423828 0.866406 0.415527 0.866016 0.415039 0.866016 0.413086 0.865625 0.412598 0.865625 0.411133 0.864844 0.408203 0.860938 0.401855 0.858594 0.400391
1 0.957812 0.378418 0.95625 0.380371 0.956641 0.384766 0.9625 0.399902 0.966797 0.405273 0.968359 0.40625 0.970703 0.40918 0.972266 0.409668 0.973437 0.410645 0.975391 0.410645 0.976953 0.407715 0.977344 0.40332 0.976953 0.402832 0.976172 0.397461 0.974609 0.393066 0.971875 0.389648 0.967578 0.382812 0.964453 0.380859 0.963672 0.379883 0.960156 0.378418
1 0.994531 0.393555 0.992188 0.393555 0.989453 0.395508 0.987891 0.398926 0.985938 0.401855 0.985156 0.404785 0.983203 0.407715 0.982422 0.409668 0.982422 0.410645 0.981641 0.412109 0.981641 0.414062 0.98125 0.414551 0.98125 0.42041 0.982812 0.424316 0.983984 0.424805 0.986719 0.424805 0.988672 0.422363 0.990625 0.420898 0.991406 0.419922 0.992969 0.415527 0.994531 0.413574 0.996094 0.408691 0.996094 0.406738 0.996484 0.40625 0.996484 0.398926 0.996094 0.398438 0.996094 0.396484
1 0.993359 0.453125 0.991406 0.45459 0.990234 0.458008 0.990234 0.459961 0.989844 0.460449 0.989844 0.468262 0.991797 0.475586 0.993359 0.479492 0.997266 0.484375 0.998047 0.486328 1 0.486328 1 0.45752 0.998437 0.45752 0.995703 0.453613 0.994922 0.453125
1 0.945312 0.446777 0.944141 0.445312 0.942969 0.444824 0.942187 0.445312 0.939063 0.445312 0.938672 0.445801 0.937109 0.445801 0.934766 0.446777 0.931641 0.446777 0.93125 0.447266 0.928906 0.447754 0.925781 0.449707 0.925 0.449707 0.923438 0.450684 0.920312 0.454102 0.916797 0.456055 0.914844 0.458008 0.914062 0.460449 0.914062 0.463867 0.916016 0.465332 0.923047 0.46582 0.923438 0.465332 0.927344 0.464844 0.930859 0.462891 0.931641 0.462891 0.932813 0.461914 0.935547 0.460938 0.939063 0.456055 0.944141 0.45166
1 0.898828 0.44873 0.900391 0.451172 0.903125 0.45166 0.903516 0.452148 0.9125 0.452148 0.914844 0.451172 0.919531 0.450684 0.923828 0.447754 0.924609 0.447754 0.926172 0.445801 0.926562 0.444824 0.926562 0.442871 0.924219 0.44043 0.919922 0.438477 0.917969 0.438477 0.917578 0.437988 0.907422 0.437988 0.905078 0.438965 0.901563 0.441406 0.9 0.443359 0.898828 0.446289
1 0.91875 0.486328 0.917969 0.486816 0.917578 0.487793 0.917578 0.492676 0.917969 0.493164 0.917969 0.496094 0.918359 0.496582 0.91875 0.506836 0.919141 0.507324 0.919531 0.512695 0.921484 0.52002 0.922266 0.521484 0.922266 0.522461 0.923828 0.524414 0.927344 0.524414 0.928125 0.523438 0.928906 0.520996 0.929297 0.512695 0.929688 0.512207 0.929688 0.506348 0.929297 0.505859 0.928906 0.499023 0.927344 0.494629 0.923438 0.489258 0.921875 0.488281 0.920312 0.486328
1 0.948828 0.557617 0.946484 0.557617 0.945703 0.558105 0.942578 0.562988 0.941797 0.56543 0.941406 0.569336 0.941016 0.569824 0.941016 0.572754 0.940625 0.573242 0.940625 0.583496 0.941406 0.585938 0.942187 0.586914 0.944141 0.586914 0.944922 0.586426 0.947266 0.583496 0.951172 0.57666 0.951953 0.574219 0.951953 0.572266 0.952734 0.569336 0.952734 0.563965 0.950781 0.559082
1 1 0.837402 0.998437 0.837402 0.998047 0.836914 0.992188 0.836914 0.991797 0.837402 0.989453 0.837891 0.986328 0.839844 0.983203 0.84375 0.98125 0.845215 0.978125 0.850098 0.976953 0.853027 0.977344 0.857422 0.978125 0.858398 0.983203 0.858398 0.984375 0.856934 0.986719 0.855469 0.989453 0.85498 0.998437 0.849121 1 0.849121
1 1 0.855957 0.992969 0.855957 0.989844 0.857422 0.986328 0.85791 0.982031 0.860352 0.98125 0.860352 0.978516 0.862305 0.976953 0.864746 0.976953 0.865723 0.973047 0.874512 0.972656 0.875977 0.972656 0.878418 0.973828 0.880371 0.975391 0.880371 0.976953 0.878906 0.979688 0.878418 0.982031 0.877441 0.984766 0.875488 0.987891 0.874512 0.991406 0.87207 0.992969 0.870117 0.994141 0.869629 0.998047 0.865723 1 0.865723
1 0.939063 0.852539 0.939063 0.855957 0.939453 0.857422 0.941016 0.860352 0.943359 0.863281 0.94375 0.863281 0.946484 0.866699 0.954688 0.871582 0.957812 0.87207 0.958203 0.872559 0.965234 0.873047 0.965625 0.872559 0.967969 0.872559 0.970313 0.871582 0.972266 0.870117 0.973047 0.868652 0.973437 0.864746 0.971875 0.862305 0.96875 0.860352 0.965625 0.859375 0.959375 0.855469 0.957422 0.85498 0.955078 0.853516 0.953906 0.853516 0.953516 0.853027 0.952344 0.853027 0.948828 0.851562 0.947266 0.851562 0.946875 0.851074 0.944922 0.851074 0.944531 0.850586 0.940625 0.851074
1 0.866406 0.867188 0.866406 0.870117 0.86875 0.874023 0.870703 0.875 0.876563 0.880859 0.879687 0.882324 0.880859 0.882324 0.88125 0.882812 0.886328 0.882812 0.886719 0.882324 0.888672 0.882324 0.892188 0.880371 0.896484 0.878906 0.897656 0.876953 0.896875 0.874512 0.895703 0.873047 0.891016 0.870605 0.889062 0.868652 0.885547 0.867188 0.884375 0.867188 0.880859 0.865723 0.879297 0.865723 0.878906 0.865234 0.877344 0.865234 0.876953 0.864746 0.874219 0.864746 0.873828 0.864258 0.86875 0.864258 0.867188 0.865234
1 0.846875 0.838379 0.84375 0.838867 0.842187 0.839844 0.839453 0.842773 0.838281 0.843262 0.835547 0.84668 0.832031 0.853516 0.831641 0.856445 0.83125 0.856934 0.832031 0.864746 0.833984 0.870605 0.835547 0.872559 0.838672 0.873047 0.841406 0.869629 0.843359 0.865234 0.843359 0.86377 0.844922 0.859375 0.846875 0.856445 0.848437 0.852051 0.849609 0.850098 0.849609 0.848633 0.850391 0.846191 0.850391 0.841309 0.849609 0.839844
1 0.803906 0.894531 0.801562 0.894531 0.798438 0.896484 0.795312 0.900879 0.792969 0.907715 0.792969 0.911133 0.792578 0.911621 0.792969 0.927246 0.793359 0.927734 0.79375 0.931152 0.794922 0.933105 0.798047 0.933105 0.800391 0.930664 0.801953 0.927734 0.801953 0.926758 0.802734 0.925293 0.804297 0.919434 0.804688 0.915527 0.805469 0.913086 0.805469 0.90918 0.805859 0.908691 0.805859 0.897949 0.805078 0.895508
1 0.839453 0.753418 0.837109 0.753418 0.833203 0.757324 0.830078 0.76123 0.828516 0.765625 0.826562 0.768555 0.825391 0.771973 0.823047 0.775879 0.821875 0.778809 0.821094 0.781738 0.821094 0.78418 0.821484 0.785156 0.822266 0.785645 0.826562 0.785156 0.832812 0.781738 0.834766 0.779785 0.837109 0.773926 0.837109 0.772949 0.837891 0.771973 0.838281 0.77002 0.839453 0.768066 0.840625 0.763672 0.840625 0.762207 0.841016 0.761719 0.841016 0.755371
1 0.763789 0.890332 0.762539 0.889502 0.755469 0.89209 0.751563 0.894043 0.75 0.895996 0.749219 0.897949 0.748047 0.899414 0.747266 0.902832 0.74375 0.910645 0.743359 0.913086 0.741406 0.917969 0.740234 0.919922 0.739844 0.924805 0.741016 0.92627 0.742188 0.926758 0.745703 0.926758 0.746094 0.92627 0.747266 0.92627 0.748828 0.925293 0.751953 0.921387 0.752344 0.921387 0.755078 0.91748 0.75625 0.914551 0.756641 0.911621 0.757031 0.911133 0.756367 0.901855 0.75668 0.898242 0.758516 0.895947 0.762266 0.894238 0.763984 0.892188
1 0.721094 0.872559 0.719922 0.875977 0.720313 0.878418 0.722656 0.881836 0.723047 0.881836 0.727734 0.887207 0.733203 0.890625 0.734375 0.890625 0.739922 0.893896 0.741484 0.894287 0.742578 0.891602 0.744609 0.889893 0.742188 0.885254 0.740234 0.880859 0.736328 0.875977 0.734375 0.875 0.732422 0.872559 0.728906 0.870605 0.724219 0.870605
1 0.699961 0.937695 0.698125 0.939111 0.697266 0.942871 0.696094 0.946777 0.696094 0.949219 0.696172 0.950928 0.696055 0.95542 0.69375 0.959961 0.692578 0.962402 0.691406 0.969238 0.691016 0.969727 0.691016 0.971191 0.692578 0.973145 0.694531 0.973145 0.696094 0.972168 0.697266 0.972168 0.700391 0.970215 0.701953 0.96875 0.703516 0.966309 0.703516 0.965332 0.704688 0.962402 0.704688 0.960449 0.705078 0.959961 0.705078 0.953613 0.704688 0.953125 0.704688 0.950684 0.704297 0.950195 0.704063 0.94873 0.703906 0.946826 0.70375 0.943945 0.702344 0.939746
1 0.662109 0.980957 0.662109 0.983398 0.664453 0.986816 0.666406 0.987793 0.669531 0.987793 0.669922 0.988281 0.671875 0.988281 0.672266 0.98877 0.679688 0.98877 0.680078 0.988281 0.682422 0.988281 0.682813 0.987793 0.685156 0.987305 0.686328 0.98584 0.685937 0.984863 0.685937 0.981934 0.683984 0.978516 0.68125 0.976562 0.678906 0.975586 0.677734 0.975586 0.677344 0.975098 0.675391 0.975098 0.675 0.974609 0.669141 0.974609 0.66875 0.975098 0.666016 0.975586 0.664453 0.976562 0.6625 0.979004 0.6625 0.980469
1 0.685547 0.92041 0.683984 0.918945 0.680859 0.918457 0.680469 0.918945 0.678906 0.918945 0.678516 0.919434 0.674609 0.92041 0.671094 0.922852 0.666797 0.927246 0.663672 0.931641 0.662109 0.935547 0.662891 0.938965 0.664453 0.939941 0.667969 0.939941 0.676953 0.936035 0.680078 0.932129 0.680078 0.931641 0.685156 0.925781 0.685937 0.923828
1 0.630469 0.884277 0.630078 0.885254 0.630078 0.888672 0.630859 0.891602 0.634375 0.899414 0.636719 0.901855 0.637891 0.903809 0.645703 0.90918 0.648438 0.909668 0.65 0.910645 0.652344 0.910156 0.653906 0.908691 0.653125 0.903809 0.651563 0.898926 0.650391 0.897461 0.648438 0.893555 0.646484 0.891113 0.645312 0.890625 0.642969 0.888184 0.641797 0.887695 0.639453 0.885254 0.637109 0.883789 0.633984 0.882812
1 0.627773 0.851221 0.629687 0.853516 0.633594 0.856934 0.640625 0.859863 0.641797 0.86084 0.644141 0.861328 0.644531 0.861816 0.646094 0.861816 0.646484 0.862305 0.653906 0.862305 0.655078 0.861816 0.658203 0.858887 0.661328 0.857422 0.663281 0.854492 0.665586 0.853955 0.665703 0.85166 0.661523 0.849365 0.659727 0.849805 0.657813 0.849707 0.654297 0.848633 0.650781 0.848633 0.650391 0.848145 0.647656 0.848145 0.647266 0.847656 0.6375 0.847656 0.637109 0.847168 0.632422 0.847168 0.629609 0.846338 0.627578 0.846729 0.627539 0.84873
1 0.844141 0.768506 0.842617 0.769434 0.842227 0.773291 0.841797 0.77793 0.840078 0.782568 0.83957 0.784619 0.840664 0.788379 0.840977 0.789893 0.840938 0.791309 0.841406 0.794092 0.842305 0.797266 0.844922 0.803223 0.846719 0.805908 0.847734 0.808252 0.849062 0.80835 0.850078 0.806592 0.849844 0.80459 0.84957 0.800488 0.849531 0.798096 0.849766 0.796338 0.850195 0.791309 0.850391 0.788867 0.850391 0.787598 0.850391 0.783447 0.849609 0.780957 0.849609 0.778809 0.848828 0.775879 0.849023 0.770752 0.847148 0.768701
1 0.836562 0.776123 0.835625 0.777979 0.83457 0.779785 0.835 0.78125 0.835664 0.783105 0.836992 0.784277 0.838125 0.787549 0.841289 0.795996 0.842852 0.801123 0.85 0.808398 0.854766 0.808984 0.857031 0.805664 0.858203 0.804199 0.859609 0.802197 0.859648 0.794873 0.859688 0.792725 0.858203 0.790039 0.857031 0.787598 0.853906 0.783203 0.852344 0.781396 0.851094 0.779297 0.848437 0.777783 0.845313 0.776758 0.84375 0.776416 0.841016 0.776318 0.838008 0.776123
1 0.765781 0.982861 0.762461 0.984033 0.760352 0.985547 0.758828 0.988525 0.758633 0.992773 0.759609 0.995996 0.76082 1 0.774414 1 0.773047 0.994434 0.769453 0.989014 0.768477 0.986475 0.77043 0.985156 0.769961 0.983398 0.76875 0.982422
1 0.748359 0.989404 0.747031 0.987988 0.746445 0.985547 0.745703 0.984766 0.744531 0.984766 0.743203 0.988721 0.741055 0.992188 0.738281 0.994922 0.736914 0.997754 0.736719 1 0.750781 1 0.750391 0.993164
1 0.865625 0.990234 0.863672 0.988281 0.8625 0.988281 0.862109 0.987793 0.860156 0.988281 0.854688 0.994141 0.853125 0.997559 0.853125 1 0.866406 1 0.866406 0.992676
1 0.789844 0.993652 0.787891 0.991211 0.785156 0.991211 0.782031 0.992676 0.780859 0.994629 0.780078 0.997559 0.780078 1 0.789844 1
1 0.606445 0.729785 0.606523 0.734033 0.60793 0.736914 0.612812 0.739795 0.616016 0.741602 0.618242 0.743213 0.620234 0.744482 0.622852 0.745703 0.624219 0.746094 0.626406 0.746387 0.631094 0.746973 0.634336 0.747461 0.640898 0.746826 0.641719 0.745215 0.641055 0.743652 0.63793 0.742285 0.635547 0.740234 0.632031 0.735352 0.625 0.731445 0.622656 0.730469 0.619922 0.730469 0.619531 0.72998 0.613672 0.72998 0.613281 0.729492 0.610547 0.729492 0.607812 0.728662
1 0.767961 0.0914844 0.773738 0.0895752 0.780363 0.0876611 0.783254 0.087876 0.7875 0.094248 0.7875 0.094248 0.78648 0.0984961 0.780363 0.100405 0.777305 0.100405 0.773059 0.100405 0.76898 0.0974316 0.768469 0.0946729 0.765922 0.092334
1 0.792121 0.094668 0.796031 0.0914844 0.79909 0.092124 0.804187 0.092124 0.805887 0.092334 0.807414 0.0929736 0.813531 0.0980713 0.817102 0.0999805 0.818969 0.10168 0.821688 0.103164 0.824234 0.104863 0.824746 0.110176 0.821516 0.113999 0.817441 0.112725 0.812512 0.109961 0.808434 0.106777 0.803676 0.104863 0.800277 0.103589 0.798238 0.102954 0.792121 0.100405 0.788895 0.0980713
1 0.91616 0.00270508 0.912762 0.00695313 0.91123 0.00822754 0.910723 0.0103516 0.910723 0.0129004 0.908684 0.016084 0.907492 0.0145996 0.908172 0.0126855 0.909703 0.00971191 0.908004 0.0177832 0.908004 0.0190576 0.907664 0.020332 0.907492 0.0216064 0.909703 0.0205469 0.91327 0.0165088 0.91225 0.0186328 0.915141 0.0171484 0.918879 0.0133252 0.922445 0.00844238 0.926355 0.00631836 0.927371 0.00525391 0.928562 0.00376953 0.929582 0.0012207
1 0.897809 0.00249512 0.89577 0.00589355 0.89543 0.00716797 0.894238 0.0122607 0.892371 0.0154492 0.892199 0.016084 0.889145 0.0216064 0.888633 0.0243701 0.888633 0.0294678 0.887273 0.0294678 0.887105 0.0326514 0.887613 0.0358398 0.890164 0.0337158 0.892371 0.0301025 0.893391 0.0279785 0.89577 0.0237305 0.896957 0.0211816 0.899336 0.015874 0.900867 0.00971191 0.902055 0.00907715 0.904434 0.0044043 0.904434 0.0044043 0.905113 0.000795898
1 0.886766 0.00652832 0.884047 0.0107764 0.882008 0.0165088 0.881156 0.0192725 0.880137 0.0228809 0.879629 0.0260693 0.879457 0.0279785 0.878949 0.0292529 0.878438 0.0320166 0.87793 0.0358398 0.877418 0.0396631 0.877078 0.0422119 0.878098 0.0413623 0.879117 0.0375391 0.880137 0.035625 0.882516 0.031377 0.883707 0.0273438 0.885746 0.0235205 0.887613 0.0192725 0.889652 0.0126855 0.889824 0.00652832 0.89084 0.00844238
1 0.881156 0.00334473 0.87759 0.00567871 0.876059 0.00759277 0.87402 0.00971191 0.87232 0.0126855 0.871813 0.0135352 0.869262 0.0165088 0.868754 0.0171484 0.866883 0.0192725 0.866203 0.0222461 0.864676 0.0241553 0.863656 0.0260693 0.863656 0.0288281 0.864676 0.0298926 0.867734 0.0305273 0.871301 0.0260693 0.874531 0.0218213 0.87657 0.0167236 0.880477 0.0126855 0.880477 0.0109863 0.883027 0.00525391 0.883195 0.00312988
1 0.865863 0.00716797 0.859746 0.00759277 0.85652 0.00822754 0.851422 0.0101367 0.849895 0.0129004 0.849383 0.01396 0.846496 0.0190576 0.846324 0.0205469 0.845816 0.0230957 0.845816 0.0260693 0.849043 0.0273438 0.849895 0.0269189 0.857027 0.0247949 0.858559 0.0235205 0.861785 0.0199072 0.864336 0.0154492 0.865863 0.0114111 0.867223 0.00759277
1 0.858559 0.0141748 0.859238 0.011626 0.862297 0.00907715 0.865184 0.00695313 0.867734 0.00652832 0.868922 0.00631836 0.868922 0.0107764 0.868414 0.01396 0.867902 0.0165088 0.867223 0.0192725 0.866715 0.0224561 0.862637 0.0260693 0.858559 0.0279785 0.85652 0.0288281 0.851594 0.0279785 0.85448 0.0230957 0.85618 0.017998 0.857199 0.015874
