1 0.333164 0.469678 0.321875 0.484863 0.316406 0.491699 0.312227 0.495654 0.312188 0.502051 0.319141 0.500977 0.326953 0.497559 0.334414 0.486719
1 0.255859 0.499512 0.251172 0.500977 0.24375 0.518555 0.243359 0.526367 0.247656 0.533203 0.251953 0.529297 0.25625 0.515625 0.257031 0.502441
1 0.568203 0.756689 0.560547 0.760254 0.556641 0.760254 0.549609 0.764648 0.54375 0.775391 0.54375 0.782715 0.548438 0.783691 0.558203 0.777344 0.562109 0.770996
1 0.152305 0.0634766 0.164453 0.0585938 0.170703 0.0581055 0.179688 0.0625 0.181641 0.0649414 0.186172 0.0685547 0.177734 0.0742188 0.169141 0.074707 0.159375 0.0693359
1 0.130859 0.114258 0.130078 0.119629 0.134375 0.127441 0.141406 0.134766 0.146875 0.135254 0.148438 0.132324 0.147656 0.125 0.139844 0.116699 0.135547 0.114258
1 0.222266 0.115234 0.223047 0.123047 0.228125 0.129395 0.234766 0.132812 0.239844 0.131836 0.240234 0.125977 0.232422 0.114258 0.226953 0.112793
1 0.237109 0.0351562 0.235156 0.0336914 0.229297 0.0336914 0.219531 0.0390625 0.212891 0.0483398 0.209375 0.0615234 0.213672 0.0610352 0.221484 0.0566406 0.233203 0.0463867 0.237109 0.0405273
1 0.251563 0.129883 0.251172 0.135742 0.252344 0.13916 0.258594 0.145996 0.267188 0.147949 0.272656 0.144043 0.273047 0.140625 0.271094 0.135254 0.264453 0.128906 0.255078 0.126953
1 0.235937 0.161621 0.236719 0.167969 0.243359 0.17334 0.248438 0.173828 0.252734 0.168945 0.251563 0.165039 0.241797 0.160156
1 0.310547 0.200195 0.305078 0.200195 0.297656 0.203613 0.292578 0.212891 0.292187 0.218262 0.294141 0.225586 0.302344 0.221191 0.310547 0.213379 0.312109 0.208496
1 0.389844 0.198242 0.385156 0.201172 0.378906 0.211426 0.378125 0.21875 0.380195 0.229395 0.383984 0.225098 0.390234 0.216797 0.393359 0.209473 0.395625 0.197021
1 0.422031 0.139746 0.416406 0.147461 0.411328 0.15918 0.410547 0.168457 0.412227 0.181299 0.416406 0.174316 0.421484 0.165527 0.423438 0.149414
1 0.310391 0.213135 0.314063 0.226074 0.319141 0.232422 0.329297 0.23877 0.333984 0.237305 0.333984 0.23291 0.332031 0.228027 0.326172 0.219727 0.318359 0.214844
1 0.328125 0 0.316797 0 0.316016 0.0117188 0.31875 0.0209961 0.321875 0.0209961 0.326172 0.012207
1 0.367188 0 0.364453 0.00878906 0.364453 0.0131836 0.369531 0.0224609 0.373047 0.0229492 0.375781 0.0175781 0.375781 0.00488281 0.374219 0
2 0.211523 0.108203 0.202734 0.10791 0.19375 0.111328 0.186719 0.119141 0.182773 0.126318 0.190234 0.125488 0.196875 0.122559 0.208984 0.111816
2 0.263281 0.111328 0.2625 0.116699 0.266797 0.128418 0.271875 0.131836 0.281133 0.138672 0.275781 0.126465 0.267969 0.114258
2 0.268828 0.108691 0.271484 0.112305 0.280078 0.124512 0.286328 0.128418 0.289453 0.127441 0.2875 0.119629 0.280078 0.11084 0.276172 0.108887
2 0.303906 0.0913086 0.302344 0.0913086 0.298828 0.0961914 0.297266 0.103516 0.297266 0.114258 0.3 0.118164 0.303906 0.116699 0.306641 0.104492 0.306641 0.0952148
2 0.329688 0.15625 0.325391 0.15625 0.321484 0.158691 0.312891 0.17334 0.313281 0.178223 0.319531 0.175781 0.326172 0.168457 0.330078 0.158691
2 0.009375 0.187988 0.0109375 0.192871 0.0210938 0.20459 0.0292969 0.210449 0.0339844 0.210449 0.0355469 0.208496 0.0363281 0.204102 0.0265625 0.193359 0.0183594 0.188477
2 0.243594 0.26499 0.246875 0.269531 0.251563 0.279297 0.258594 0.28418 0.268359 0.282715 0.267578 0.27832 0.255859 0.268066 0.246133 0.262744
2 0.107031 0.247559 0.103516 0.253418 0.0988281 0.283203 0.107031 0.276367 0.109375 0.271484 0.110547 0.254883 0.109766 0.250977
2 0.113281 0.356934 0.112891 0.361816 0.11875 0.370117 0.125781 0.375 0.13125 0.374023 0.130859 0.369141 0.122656 0.358398 0.116797 0.355957
2 0.167578 0.399902 0.168359 0.402832 0.171875 0.405273 0.180469 0.406738 0.185547 0.405273 0.184766 0.399902 0.178906 0.395996 0.172656 0.395996
2 0.296094 0.368652 0.294531 0.368652 0.275391 0.390625 0.273828 0.395508 0.275 0.399414 0.279297 0.398926 0.287109 0.393555 0.292187 0.387207 0.297266 0.373047
2 0.310547 0.36377 0.306641 0.368164 0.304688 0.376953 0.305078 0.39209 0.30625 0.395996 0.309766 0.399414 0.311328 0.397461 0.313672 0.380371 0.312891 0.368164
1 0.0391016 0.220947 0.0253906 0.219727 0.0191406 0.220215 0.0136719 0.224609 0.00585938 0.231104 0.0164063 0.233398 0.021875 0.234863 0.0269531 0.23291 0.0292969 0.22998
1 0 0.208496 0.00546875 0.214355 0.00976562 0.217285 0.0144531 0.217773 0.0210938 0.212891 0.0203125 0.208008 0.0152344 0.204102 0.00585938 0.20459
1 0.078125 0.253906 0.071875 0.252441 0.06875 0.254883 0.0648438 0.260742 0.065625 0.26709 0.0679687 0.269531 0.0757812 0.268066 0.0796875 0.26123
2 0.402422 0.302441 0.398047 0.299316 0.392578 0.297852 0.384766 0.298828 0.376172 0.302246 0.373047 0.305664 0.373047 0.308594 0.376953 0.312012 0.387891 0.311035 0.397266 0.306152
1 0.253047 0.387891 0.246094 0.391602 0.242188 0.395508 0.236719 0.407715 0.236797 0.416357 0.241797 0.414062 0.25 0.404785 0.252344 0.397461
1 0.311836 0.399219 0.305859 0.398926 0.298438 0.402344 0.288281 0.416016 0.286328 0.42041 0.286328 0.424316 0.294922 0.421875 0.301563 0.41748 0.310156 0.405762
1 0.336289 0.456787 0.334375 0.46582 0.330469 0.473145 0.318359 0.47998 0.31332 0.481689 0.316406 0.474609 0.325781 0.461426 0.330469 0.458496
1 0.253164 0.426221 0.255469 0.442383 0.258984 0.451172 0.264062 0.458496 0.268437 0.462744 0.269141 0.45459 0.267578 0.443848 0.262891 0.435547
1 0.250781 0.446289 0.249609 0.447754 0.249609 0.448242 0.249219 0.44873 0.249219 0.452637 0.249609 0.453125 0.249609 0.453613 0.250391 0.45459 0.250391 0.455078 0.250781 0.455566 0.250781 0.456055 0.251172 0.456543 0.251172 0.458008 0.251563 0.458496 0.251563 0.458984 0.252344 0.459961 0.252344 0.461426 0.253906 0.463379 0.253906 0.463867 0.255078 0.465332 0.255078 0.46582 0.25625 0.467285 0.25625 0.468262 0.256641 0.46875 0.256641 0.469238 0.257422 0.470215 0.257422 0.471191 0.257812 0.47168 0.257812 0.472656 0.258594 0.473633 0.258594 0.474121 0.259375 0.475098 0.259375 0.476074 0.259766 0.476562 0.259766 0.477539 0.260156 0.478027 0.260156 0.478516 0.260547 0.479004 0.260547 0.479492 0.261719 0.480957 0.264453 0.480957 0.265625 0.479492 0.265625 0.47168 0.265234 0.471191 0.265234 0.468262 0.264844 0.467773 0.264844 0.464355 0.264453 0.463867 0.264453 0.462891 0.263672 0.461914 0.263672 0.460938 0.262891 0.459961 0.262891 0.459473 0.2625 0.458984 0.2625 0.458008 0.261719 0.457031 0.261719 0.456543 0.261328 0.456055 0.261328 0.455566 0.260547 0.45459 0.260547 0.454102 0.260156 0.453613 0.260156 0.453125 0.258203 0.450684 0.258203 0.450195 0.257031 0.44873 0.256641 0.44873 0.255469 0.447266 0.255078 0.447266 0.254688 0.446777 0.254297 0.446777 0.253906 0.446289
1 0.308477 0.559912 0.297656 0.563965 0.291797 0.572266 0.289062 0.580566 0.288906 0.589893 0.295703 0.584961 0.302344 0.577148 0.307422 0.564941
1 0.360117 0.630078 0.3625 0.635254 0.364453 0.637695 0.372656 0.641602 0.38125 0.640625 0.389258 0.636865 0.38125 0.630371 0.376563 0.627441 0.368359 0.626953
1 0.471094 0.585449 0.466016 0.585449 0.460938 0.591309 0.460938 0.602051 0.463281 0.607422 0.467578 0.606445 0.473438 0.59668 0.473828 0.588867
1 0.473008 0.628955 0.467187 0.633789 0.462891 0.642578 0.462109 0.652344 0.462148 0.666748 0.467578 0.655762 0.470703 0.650391 0.473438 0.635742
1 0.330078 0.555664 0.328516 0.558105 0.329297 0.568359 0.333203 0.585938 0.334766 0.587402 0.337891 0.584473 0.340234 0.579102 0.340234 0.566406 0.339453 0.562988 0.334766 0.556152
1 0.394922 0.587402 0.392188 0.58252 0.384375 0.582031 0.375 0.586914 0.371875 0.592285 0.374219 0.594727 0.378906 0.595703 0.388672 0.594727 0.393359 0.592285
1 0.387109 0.517578 0.386328 0.521973 0.389844 0.528809 0.4 0.537598 0.40625 0.540039 0.4125 0.540039 0.414453 0.537598 0.412109 0.532715 0.406641 0.529785 0.397266 0.52002 0.392578 0.51709
1 0.3875 0.604004 0.385547 0.608398 0.396875 0.634277 0.400391 0.634766 0.402344 0.62793 0.401562 0.616211 0.394141 0.606934
1 0.342187 0.643066 0.341797 0.646973 0.346484 0.65918 0.352734 0.668457 0.358203 0.671875 0.359766 0.669922 0.358203 0.658691 0.353906 0.650391 0.346875 0.643066
1 0.296484 0.674316 0.296875 0.679199 0.301953 0.685059 0.30625 0.687012 0.311328 0.687012 0.313672 0.685059 0.314453 0.681641 0.310937 0.673828 0.301953 0.671387 0.298828 0.671875
1 0.467461 0.669531 0.457422 0.671387 0.45 0.674316 0.442578 0.68457 0.442188 0.69043 0.448047 0.692871 0.458984 0.685547 0.461328 0.680176
1 0.494062 0.664111 0.480859 0.666016 0.474609 0.66748 0.469531 0.671875 0.466836 0.683008 0.473828 0.682617 0.482031 0.680176 0.489453 0.67334 0.491016 0.67041
1 0.476992 0.629443 0.480859 0.641602 0.484766 0.648438 0.500938 0.653857 0.492578 0.646484 0.491016 0.634277 0.477109 0.619775
1 0.490977 0.626807 0.49375 0.640137 0.498437 0.647461 0.505469 0.648926 0.514883 0.649463 0.510156 0.642578 0.505078 0.635254 0.498828 0.632324
1 0.503594 0.602783 0.492578 0.605957 0.483594 0.609863 0.475234 0.617627 0.479492 0.622119 0.484375 0.62207 0.490625 0.621094 0.496484 0.614746
1 0.49375 0.572754 0.493359 0.578613 0.497266 0.59082 0.502734 0.596191 0.511797 0.598975 0.506641 0.586914 0.503906 0.580566 0.497656 0.57373
1 0.544141 0.614746 0.539844 0.627441 0.539062 0.639648 0.542578 0.653809 0.545312 0.65625 0.549609 0.643555 0.55 0.631348 0.549219 0.626953
1 0.574375 0.586768 0.571875 0.592773 0.56875 0.59668 0.567187 0.601562 0.567969 0.61084 0.571484 0.615234 0.576562 0.613281 0.578906 0.60791 0.578906 0.598633
1 0.515234 0.535156 0.5125 0.537109 0.511719 0.540039 0.512109 0.552246 0.514062 0.559082 0.51875 0.562012 0.522656 0.558594 0.523438 0.547852 0.520703 0.539062 0.517969 0.535645
1 0.525391 0.56123 0.520703 0.567383 0.5125 0.587402 0.513281 0.592773 0.518359 0.592773 0.521484 0.59082 0.526172 0.584473 0.528125 0.575684
1 0.502656 0.524658 0.522656 0.526367 0.530469 0.522949 0.532813 0.517578 0.525781 0.513672 0.514062 0.51416 0.508984 0.516113 0.505078 0.520996
1 0.579297 0.535156 0.574844 0.536328 0.584766 0.541992 0.591797 0.545898 0.600391 0.544434 0.607578 0.538965 0.600391 0.533203 0.594531 0.53125 0.581641 0.532715
1 0.588281 0.626953 0.586328 0.632324 0.586719 0.644531 0.592578 0.654785 0.596484 0.655273 0.597266 0.645508 0.596094 0.638672 0.592578 0.629883
1 0.573828 0.669434 0.575781 0.675293 0.585938 0.680176 0.595703 0.679688 0.598828 0.675293 0.598437 0.67334 0.592969 0.668945 0.583203 0.666504
1 0.659727 0.673926 0.659375 0.687988 0.660156 0.706543 0.663281 0.71582 0.666797 0.717773 0.66875 0.713867 0.670312 0.704102 0.670312 0.690918 0.666797 0.682617
1 0.640234 0.719727 0.639844 0.725098 0.644141 0.732422 0.649609 0.734863 0.654687 0.733398 0.655469 0.726074 0.653516 0.720703 0.647266 0.717285 0.642969 0.717285
1 0.592344 0.706396 0.587812 0.704346 0.575391 0.711426 0.569102 0.720264 0.568711 0.727344 0.572461 0.729688 0.576953 0.729492 0.588281 0.717285 0.591094 0.713281
1 0.572578 0.734717 0.563281 0.736328 0.555859 0.739258 0.54918 0.743164 0.548164 0.749023 0.55625 0.750977 0.564844 0.748047 0.568359 0.743164
1 0.508359 0.698975 0.512109 0.707031 0.515625 0.716797 0.524609 0.727051 0.530078 0.727051 0.531641 0.718262 0.529297 0.709961 0.524609 0.70459 0.517969 0.702148
1 0.730273 0.72085 0.716016 0.729004 0.712109 0.733398 0.706328 0.742969 0.714453 0.741211 0.721484 0.738281 0.725 0.73291
1 0.729297 0.682568 0.724219 0.691406 0.722656 0.699707 0.724219 0.709961 0.729258 0.724316 0.732422 0.713379 0.734766 0.706543 0.733594 0.690918 0.732422 0.688477
1 0.605273 0.750049 0.609375 0.757324 0.626953 0.771484 0.634375 0.771484 0.634375 0.76709 0.623047 0.755371 0.614844 0.751953
1 0.648398 0.769189 0.643359 0.78125 0.638672 0.786133 0.632031 0.789062 0.626953 0.788086 0.627344 0.785156 0.634375 0.776367 0.642188 0.772949
1 0.742344 0.801953 0.732422 0.808594 0.727734 0.812988 0.721094 0.829102 0.722266 0.834473 0.725781 0.834961 0.734766 0.825684 0.739844 0.810547
1 0.932813 0.617676 0.925781 0.618164 0.921875 0.622559 0.91875 0.637207 0.920312 0.644531 0.924219 0.644531 0.929688 0.637207 0.933594 0.626953 0.933984 0.619629
1 0.491953 0.79043 0.485547 0.798828 0.482031 0.807617 0.48125 0.81543 0.483594 0.818359 0.487109 0.818848 0.489844 0.816895 0.49375 0.810059 0.494531 0.80127 0.49375 0.797852
1 0.479297 0.759619 0.475 0.767578 0.471094 0.775879 0.471094 0.793945 0.473828 0.80127 0.476953 0.800293 0.479297 0.797363 0.482031 0.788086 0.482031 0.773926
1 0.464453 0.724609 0.465625 0.72998 0.469922 0.737305 0.477344 0.746094 0.482031 0.748535 0.486719 0.747559 0.487109 0.740234 0.481641 0.732422 0.470313 0.724121 0.466016 0.723145
1 0.560547 0.80957 0.557422 0.810059 0.554688 0.812988 0.549219 0.829102 0.549609 0.840332 0.551953 0.849609 0.553516 0.849609 0.557422 0.84082 0.560156 0.830566 0.561328 0.820312
1 0.688047 0.876123 0.689063 0.881348 0.688672 0.885742 0.685156 0.89502 0.674609 0.905273 0.671875 0.904785 0.671484 0.901367 0.675 0.894043 0.675781 0.888672 0.680859 0.880371 0.683984 0.878418
1 0.705859 0.850098 0.701953 0.853027 0.698438 0.861816 0.698047 0.870605 0.701172 0.875488 0.707031 0.873047 0.710547 0.86377 0.709766 0.854492
1 0.509766 0.919922 0.503516 0.924316 0.501172 0.931152 0.500781 0.945801 0.501953 0.951172 0.50625 0.947754 0.508984 0.939453 0.510938 0.924805
1 0.376563 0.953613 0.372656 0.953613 0.360938 0.968262 0.356641 0.979492 0.357422 0.985352 0.363281 0.983398 0.371484 0.972656 0.375 0.96582 0.376953 0.95752
2 0.212891 0.955078 0.208594 0.958008 0.207422 0.962891 0.207031 0.986816 0.208203 0.991699 0.209766 0.991699 0.213672 0.986816 0.216797 0.977051 0.216406 0.960449
2 0.208594 0.917969 0.203906 0.918945 0.201563 0.927734 0.202734 0.948242 0.205078 0.958008 0.209766 0.955078 0.210938 0.948242 0.210938 0.929199
2 0.228516 0.878906 0.224219 0.879883 0.216016 0.891602 0.214453 0.898438 0.216016 0.908203 0.222266 0.902344 0.226562 0.88916 0.229297 0.885742 0.229687 0.880859
2 0.263281 0.92334 0.260937 0.927734 0.263281 0.939453 0.267188 0.948242 0.271094 0.94873 0.272656 0.945312 0.272266 0.9375 0.267578 0.927246
1 0.622266 0.947266 0.623828 0.95166 0.629687 0.953613 0.640625 0.95166 0.645703 0.947754 0.642578 0.942383 0.637891 0.938965 0.627344 0.940918
1 0.662891 0.943359 0.658984 0.940918 0.653516 0.941895 0.644922 0.945801 0.64375 0.951172 0.647656 0.957031 0.655078 0.958008 0.662109 0.951172
1 0.700391 0.971191 0.69375 0.967773 0.689063 0.967285 0.678906 0.971191 0.675391 0.974609 0.674219 0.978027 0.678906 0.981445 0.686719 0.982422 0.699219 0.975586
1 0.728906 0.957129 0.720898 0.957715 0.727734 0.966797 0.73125 0.970215 0.7375 0.972656 0.745703 0.972656 0.748437 0.971191 0.749609 0.962402 0.741172 0.96167 0.733633 0.957129
1 0.726953 0.937988 0.725781 0.939453 0.725781 0.941406 0.726562 0.942383 0.726562 0.943848 0.726953 0.944336 0.726953 0.944824 0.727734 0.945801 0.727734 0.946289 0.732812 0.952637 0.733203 0.952637 0.733594 0.953125 0.733984 0.953125 0.734375 0.953613 0.734766 0.953613 0.735547 0.95459 0.736719 0.95459 0.737109 0.955078 0.7375 0.955078 0.737891 0.955566 0.739062 0.955566 0.739844 0.956543 0.740625 0.956543 0.741016 0.957031 0.742188 0.957031 0.742578 0.95752 0.743359 0.95752 0.74375 0.958008 0.745313 0.958008 0.745703 0.958496 0.746094 0.958496 0.746484 0.958984 0.748437 0.958984 0.748828 0.959473 0.749609 0.959473 0.75 0.959961 0.751172 0.959961 0.751563 0.960449 0.752344 0.960449 0.752734 0.960938 0.754687 0.960938 0.755078 0.961426 0.758594 0.961426 0.760156 0.959473 0.760156 0.955078 0.759375 0.954102 0.759375 0.953613 0.758203 0.952148 0.757812 0.952148 0.757422 0.95166 0.757031 0.95166 0.75625 0.950684 0.755859 0.950684 0.755078 0.949707 0.754297 0.949707 0.753906 0.949219 0.753516 0.949219 0.752734 0.948242 0.752344 0.948242 0.751953 0.947754 0.751563 0.947754 0.751172 0.947266 0.750391 0.947266 0.75 0.946777 0.749219 0.946777 0.748828 0.946289 0.748437 0.946289 0.747266 0.944824 0.746875 0.944824 0.746484 0.944336 0.746094 0.944336 0.745703 0.943848 0.745313 0.943848 0.744922 0.943359 0.743359 0.943359 0.742969 0.942871 0.742188 0.942871 0.741797 0.942383 0.741016 0.942383 0.740625 0.941895 0.739453 0.941895 0.739062 0.941406 0.738672 0.941406 0.738281 0.940918 0.737891 0.940918 0.7375 0.94043 0.736328 0.94043 0.735547 0.939453 0.734766 0.939453 0.734375 0.938965 0.733984 0.938965 0.733594 0.938477 0.733203 0.938477 0.732812 0.937988 0.730078 0.937988 0.729688 0.938477 0.729297 0.938477 0.728906 0.937988
1 0.810156 0.946289 0.808594 0.949707 0.808594 0.956543 0.812109 0.966797 0.817187 0.969238 0.823828 0.967285 0.825 0.961914 0.822656 0.955566 0.814844 0.946777
1 0.875781 0.918945 0.876172 0.930176 0.879297 0.943359 0.884375 0.950684 0.889062 0.953125 0.892578 0.952637 0.894141 0.947754 0.892969 0.939453 0.889062 0.930176 0.880469 0.919434
1 0.892578 0.893555 0.888281 0.894043 0.878516 0.907227 0.875391 0.915039 0.876953 0.92041 0.881641 0.918945 0.889453 0.913086 0.893359 0.904297 0.89375 0.895996
1 0.916406 0.982422 0.914844 0.987793 0.914844 0.995117 0.917969 1 0.927891 1 0.927617 0.990576 0.926758 0.984229 0.925 0.979004 0.919922 0.979492
1 0.933984 0.97998 0.932813 0.981445 0.932813 0.981934 0.932422 0.982422 0.932422 0.984375 0.932031 0.984863 0.932031 0.98584 0.931641 0.986328 0.931641 0.988281 0.93125 0.98877 0.93125 0.989746 0.930859 0.990234 0.930859 0.990723 0.930469 0.991211 0.930469 0.992188 0.928906 0.994141 0.928906 0.994629 0.927734 0.996094 0.927734 0.999512 0.938672 0.999512 0.939063 0.999023 0.939063 0.987793 0.938672 0.987305 0.938672 0.986328 0.938281 0.98584 0.938281 0.985352 0.937891 0.984863 0.937891 0.984375 0.9375 0.983887 0.9375 0.982422 0.937109 0.981934 0.937109 0.981445 0.935937 0.97998
1 0.913281 0.927246 0.912109 0.928711 0.912109 0.931152 0.911719 0.931641 0.911719 0.936035 0.912109 0.936523 0.912109 0.937012 0.9125 0.9375 0.9125 0.938477 0.912891 0.938965 0.912891 0.94043 0.913281 0.940918 0.913281 0.941895 0.913672 0.942383 0.913281 0.942871 0.913281 0.943848 0.912891 0.944336 0.912891 0.944824 0.912109 0.945801 0.912109 0.959473 0.9125 0.959961 0.9125 0.960449 0.914062 0.962402 0.917188 0.962402 0.917578 0.961914 0.917969 0.961914 0.919141 0.960449 0.919141 0.959961 0.921094 0.95752 0.921094 0.957031 0.921484 0.956543 0.921484 0.956055 0.921875 0.955566 0.921875 0.954102 0.922266 0.953613 0.922266 0.953125 0.922656 0.952637 0.922656 0.944336 0.922266 0.943848 0.922266 0.941895 0.921875 0.941406 0.921875 0.938965 0.921094 0.937988 0.921094 0.936523 0.920703 0.936035 0.920703 0.935547 0.920312 0.935059 0.920312 0.93457 0.91875 0.932617 0.91875 0.932129 0.917578 0.930664 0.917188 0.930664 0.916406 0.929688 0.916406 0.928711 0.915234 0.927246
1 0.933594 0.931641 0.933203 0.932129 0.932813 0.932129 0.932422 0.932617 0.932031 0.932617 0.931641 0.933105 0.930859 0.933105 0.929688 0.93457 0.929297 0.93457 0.927734 0.936523 0.927344 0.936523 0.924219 0.94043 0.924219 0.940918 0.923828 0.941406 0.923438 0.941406 0.921484 0.943848 0.921484 0.945801 0.921875 0.946289 0.921875 0.952148 0.921484 0.952637 0.921484 0.95459 0.921094 0.955078 0.921094 0.961426 0.921484 0.961914 0.921484 0.962402 0.922656 0.963867 0.924609 0.963867 0.925781 0.962402 0.925781 0.961914 0.926562 0.960938 0.926562 0.960449 0.928516 0.958008 0.928516 0.95752 0.929297 0.956543 0.929297 0.956055 0.930859 0.954102 0.930859 0.953613 0.932813 0.951172 0.932813 0.950684 0.934766 0.948242 0.934766 0.947754 0.935156 0.947266 0.935156 0.946777 0.935937 0.945801 0.935937 0.945312 0.937109 0.943848 0.937109 0.943359 0.9375 0.942871 0.9375 0.942383 0.937891 0.941895 0.937891 0.941406 0.938281 0.940918 0.938281 0.93457 0.937891 0.934082 0.937891 0.933105 0.936719 0.931641
2 0.965234 0.944336 0.9625 0.94873 0.964453 0.963379 0.969922 0.970703 0.975 0.971191 0.975781 0.965332 0.973047 0.955078 0.968359 0.946289
1 0.774219 0.864307 0.798047 0.87793 0.805469 0.878906 0.810156 0.881348 0.811328 0.88623 0.810156 0.88916 0.806641 0.891602 0.800391 0.893066 0.794531 0.889648 0.791406 0.885742
2 0.829688 0.845703 0.824609 0.84668 0.821484 0.852051 0.821875 0.861328 0.825391 0.864258 0.828516 0.861816 0.830859 0.853516 0.83125 0.848145
2 0.974219 0.791992 0.96875 0.790527 0.961328 0.793945 0.954688 0.803711 0.954297 0.812012 0.959766 0.811523 0.969531 0.803223 0.974219 0.796875
1 0.734883 0.658691 0.735156 0.666016 0.734766 0.671875 0.736328 0.679688 0.739844 0.683594 0.74832 0.687061 0.748047 0.679688 0.748047 0.671387 0.746484 0.666016 0.741797 0.662598
1 0.733203 0.678223 0.732031 0.679688 0.732031 0.686035 0.732422 0.686523 0.732422 0.687988 0.732812 0.688477 0.732812 0.689941 0.733203 0.69043 0.733203 0.692871 0.733594 0.693359 0.733594 0.696289 0.733984 0.696777 0.733984 0.699219 0.734375 0.699707 0.734375 0.70166 0.734766 0.702148 0.734766 0.703613 0.735938 0.705078 0.735938 0.705566 0.736719 0.706543 0.736719 0.707031 0.7375 0.708008 0.7375 0.708496 0.739453 0.710938 0.742578 0.710938 0.742969 0.710449 0.743359 0.710449 0.746875 0.706055 0.746875 0.705566 0.747266 0.705078 0.747266 0.703613 0.747656 0.703125 0.747656 0.697266 0.747266 0.696777 0.747266 0.696289 0.746875 0.695801 0.746875 0.694336 0.746094 0.693359 0.746094 0.692871 0.744922 0.691406 0.744922 0.690918 0.744531 0.69043 0.744531 0.689941 0.741797 0.686523 0.741406 0.686523 0.734766 0.678223
1 0.733203 0.701172 0.732031 0.702637 0.732031 0.705566 0.731641 0.706055 0.731641 0.708984 0.73125 0.709473 0.73125 0.71875 0.732031 0.719727 0.732031 0.720703 0.736719 0.726562 0.736719 0.727051 0.739062 0.72998 0.739453 0.72998 0.740234 0.730957 0.740625 0.730957 0.741406 0.731934 0.741797 0.731934 0.742188 0.732422 0.742578 0.732422 0.742969 0.73291 0.747656 0.73291 0.748828 0.731445 0.748828 0.730957 0.749219 0.730469 0.749219 0.727539 0.748828 0.727051 0.748828 0.726074 0.748047 0.725098 0.748047 0.723145 0.747656 0.722656 0.747656 0.721191 0.747266 0.720703 0.747266 0.717285 0.746875 0.716797 0.746875 0.715332 0.746484 0.714844 0.746484 0.714355 0.745703 0.713379 0.745703 0.712891 0.745313 0.712402 0.745313 0.711914 0.74375 0.709961 0.74375 0.709473 0.742578 0.708008 0.742188 0.708008 0.738672 0.703613 0.738281 0.703613 0.7375 0.702637 0.735938 0.702637 0.734766 0.701172
1 0.83918 0.673584 0.833594 0.685547 0.832812 0.696289 0.837383 0.707324 0.841406 0.707324 0.84375 0.698242 0.84375 0.686035 0.842578 0.681152
1 0.859375 0.509766 0.855469 0.507324 0.844922 0.506836 0.838281 0.509277 0.830078 0.518066 0.838281 0.522949 0.848047 0.522461 0.859375 0.513672
1 0.994922 0.466797 0.985547 0.472656 0.977734 0.47998 0.972266 0.493164 0.973828 0.496582 0.979297 0.496094 0.989453 0.486328 0.994922 0.475098
1 0.899609 0.427734 0.894531 0.430664 0.89375 0.438477 0.896094 0.442871 0.901172 0.445312 0.904297 0.443359 0.904687 0.432617 0.902734 0.429199
2 0.792578 0.604492 0.793359 0.609375 0.799609 0.615723 0.810937 0.618164 0.813281 0.615234 0.813281 0.610352 0.810547 0.606934 0.798047 0.602539 0.794141 0.602539
2 0.805078 0.466797 0.809766 0.471191 0.830078 0.473633 0.831641 0.47168 0.830078 0.46582 0.821875 0.461914 0.815234 0.462402
2 0.951953 0.436035 0.947656 0.437988 0.944531 0.443848 0.942187 0.454102 0.943359 0.460938 0.946875 0.459961 0.951953 0.451172 0.953516 0.444336 0.953516 0.438965
2 0.958984 0.449219 0.953125 0.452148 0.948438 0.459961 0.946875 0.46875 0.948047 0.472656 0.951953 0.473633 0.959375 0.464844 0.961719 0.459473 0.961719 0.453125
1 0.736797 0.519678 0.721875 0.521484 0.715234 0.525391 0.707422 0.533203 0.707812 0.538574 0.710938 0.541504 0.715234 0.54248 0.725 0.538574 0.732031 0.529785 0.733203 0.526367
1 0.671094 0.438965 0.665234 0.437012 0.658203 0.439453 0.653125 0.446289 0.652734 0.451172 0.65625 0.453613 0.661719 0.453613 0.667188 0.451172 0.670703 0.446289
1 0.586328 0.415527 0.580859 0.410645 0.571875 0.409668 0.563281 0.413574 0.554297 0.423828 0.555859 0.425781 0.56875 0.424316 0.584375 0.419922
1 0.503164 0.471094 0.497266 0.476562 0.493359 0.481934 0.491797 0.48877 0.491797 0.495117 0.495117 0.506689 0.497305 0.498926 0.498828 0.495605 0.503516 0.481934
2 0.488047 0.491211 0.485625 0.499268 0.488281 0.516602 0.49375 0.521484 0.496094 0.520996 0.497656 0.51709 0.495703 0.512207 0.489375 0.501953
2 0.541797 0.489746 0.540234 0.492188 0.540234 0.498047 0.542188 0.504883 0.546484 0.51416 0.552344 0.518555 0.553125 0.509277 0.545703 0.489746
1 0.449883 0.499365 0.453906 0.508789 0.458203 0.512207 0.466797 0.511719 0.47375 0.507031 0.475781 0.503662 0.470313 0.501465
1 0.489844 0.360352 0.489453 0.366699 0.49375 0.385742 0.501172 0.397461 0.50625 0.397461 0.507812 0.39209 0.506641 0.383789 0.503516 0.376465 0.497266 0.366699
2 0.464062 0.354004 0.462109 0.353516 0.450391 0.360352 0.439453 0.371582 0.439063 0.377441 0.444141 0.378418 0.453125 0.374023 0.463672 0.35791
1 0.466797 0.332031 0.467187 0.334961 0.478516 0.339355 0.490625 0.339844 0.498047 0.337891 0.496875 0.333496 0.489844 0.328125 0.482812 0.325195 0.471094 0.32666
1 0.577305 0.302783 0.571484 0.304688 0.569141 0.306152 0.564063 0.313477 0.561328 0.325195 0.561328 0.330078 0.562891 0.332031 0.567578 0.331055 0.573047 0.324219 0.576562 0.310059
1 0.621484 0.286133 0.621094 0.293945 0.626172 0.308105 0.63125 0.311182 0.635586 0.308887 0.635703 0.30376 0.635938 0.29541 0.628125 0.287109 0.623828 0.285156
1 0.692187 0.303223 0.690234 0.305664 0.690234 0.308105 0.696875 0.325684 0.701172 0.330566 0.705859 0.33252 0.707812 0.330078 0.70625 0.313477 0.699219 0.305176
1 0.592969 0.251953 0.594922 0.259766 0.601562 0.266602 0.612109 0.270996 0.619531 0.27002 0.619531 0.266113 0.615234 0.259277 0.611328 0.256348 0.597266 0.250977
1 0.654297 0.250488 0.651563 0.248535 0.641797 0.248535 0.634375 0.250488 0.625391 0.260254 0.625 0.265625 0.626172 0.267578 0.63125 0.267578 0.639453 0.26416 0.653516 0.253418
1 0.661328 0.202148 0.662266 0.209814 0.664062 0.215332 0.666406 0.228516 0.673438 0.237793 0.678125 0.238281 0.679688 0.23291 0.679297 0.220703 0.675117 0.214502 0.671992 0.210889 0.667656 0.205957
1 0.600391 0.143555 0.596094 0.146973 0.5875 0.158203 0.585547 0.172363 0.5875 0.180176 0.591406 0.179199 0.600391 0.166016 0.602344 0.15918 0.602344 0.147949
1 0.555078 0.188477 0.555469 0.193359 0.569531 0.202637 0.573828 0.203125 0.575391 0.20166 0.575781 0.197266 0.573828 0.191895 0.569141 0.187012 0.563281 0.185059
1 0.626953 0.18457 0.620313 0.186523 0.617188 0.190918 0.611719 0.205078 0.610547 0.212402 0.611719 0.217773 0.616016 0.217773 0.625781 0.20166 0.628125 0.19043
1 0.817578 0.216553 0.810937 0.218262 0.798828 0.220215 0.79375 0.227051 0.788945 0.228662 0.798047 0.235352 0.801953 0.236328 0.810937 0.233887 0.814453 0.228516
1 0.840312 0.126025 0.837109 0.128906 0.832422 0.146973 0.832812 0.154785 0.837109 0.16748 0.838672 0.16748 0.840234 0.164551 0.844141 0.147949 0.844531 0.13623 0.84375 0.130371
2 0.809766 0.187988 0.809375 0.193359 0.8125 0.20166 0.81875 0.206055 0.822656 0.200684 0.817578 0.192383
2 0.830469 0.204102 0.827344 0.206055 0.820703 0.220215 0.81875 0.237305 0.819531 0.244629 0.821484 0.247559 0.823828 0.24707 0.825781 0.244141 0.83125 0.216309 0.831641 0.208008
1 0.963281 0.223633 0.965234 0.229004 0.974219 0.237793 0.986719 0.241211 0.990234 0.240234 0.991797 0.237305 0.991016 0.234863 0.982422 0.227539 0.967578 0.222656
1 1 0.274414 0.992578 0.276855 0.985938 0.283691 0.982812 0.293945 0.983203 0.298828 0.988672 0.298828 1 0.290039
1 0.951953 0.16748 0.948828 0.17334 0.950391 0.184082 0.957422 0.190918 0.967969 0.193848 0.969141 0.188965 0.965234 0.179932 0.960195 0.174902
1 0.965234 0.152344 0.964844 0.152832 0.964063 0.152832 0.963672 0.15332 0.963281 0.15332 0.962891 0.153809 0.961719 0.153809 0.961328 0.154297 0.960547 0.154297 0.959766 0.155273 0.958984 0.155273 0.958203 0.15625 0.957812 0.15625 0.957422 0.156738 0.956641 0.156738 0.95625 0.157227 0.955859 0.157227 0.954688 0.158691 0.954297 0.158691 0.953906 0.15918 0.953516 0.15918 0.952734 0.160156 0.951953 0.160156 0.950781 0.161621 0.950781 0.163574 0.950391 0.164062 0.950391 0.167969 0.950781 0.168457 0.950781 0.169922 0.951953 0.171387 0.952344 0.171387 0.953125 0.172363 0.961719 0.172363 0.962109 0.171875 0.9625 0.171875 0.962891 0.171387 0.967187 0.171387 0.967578 0.170898 0.968359 0.170898 0.969531 0.169434 0.969531 0.168457 0.969922 0.167969 0.972266 0.167969 0.973828 0.166016 0.974219 0.166016 0.975391 0.164551 0.975391 0.164062 0.975781 0.163574 0.976172 0.163574 0.977344 0.162109 0.977344 0.161133 0.978125 0.160156 0.978125 0.15918 0.978516 0.158691 0.978516 0.155273 0.976172 0.152344
1 0.876172 0.00732422 0.872656 0.0136719 0.871875 0.0307617 0.875391 0.0390625 0.877422 0.0468262 0.881641 0.0341797 0.883984 0.0185547 0.882031 0.00976562
1 0.82293 0.0127441 0.821484 0.0185547 0.821875 0.0288086 0.826172 0.0400391 0.831172 0.0467285 0.833984 0.0385742 0.833594 0.0249023 0.829297 0.0166016
2 0.791016 0.305176 0.792188 0.310059 0.797656 0.3125 0.805469 0.311523 0.808594 0.307617 0.806641 0.304688 0.795703 0.300781 0.791797 0.302734
2 0.704688 0.36084 0.697656 0.359375 0.689844 0.361816 0.685937 0.365234 0.685547 0.369141 0.688672 0.37207 0.694141 0.37207 0.701953 0.367676 0.703906 0.365234
2 0.935937 0.314453 0.9375 0.318848 0.946484 0.322754 0.959766 0.325195 0.963672 0.324707 0.965234 0.322754 0.963672 0.317871 0.957812 0.313477 0.950781 0.311035 0.941797 0.311523
2 0.911719 0.356934 0.912891 0.361816 0.921484 0.366699 0.928516 0.368164 0.932031 0.365234 0.932031 0.360352 0.930469 0.357422 0.925391 0.353027 0.917188 0.352539
2 0.943047 0.330811 0.938672 0.328125 0.937109 0.333008 0.937109 0.341309 0.941406 0.352539 0.945703 0.357422 0.949219 0.35791 0.947969 0.354004 0.947227 0.348584 0.945352 0.341162 0.945039 0.335889
1 0.677344 0.0957031 0.673438 0.0927734 0.666016 0.0952148 0.661328 0.104492 0.660547 0.111816 0.6625 0.11377 0.670312 0.111816 0.675781 0.10498
1 0.520195 0.117676 0.526172 0.122559 0.536328 0.12793 0.552344 0.126465 0.555078 0.124023 0.553906 0.121094 0.539844 0.114258 0.525781 0.115234
1 0.521484 0.12793 0.517188 0.129883 0.513672 0.140137 0.513672 0.148926 0.516406 0.153809 0.521875 0.151855 0.525781 0.142578 0.525391 0.133789
1 0.488281 0.17334 0.481641 0.170898 0.473047 0.173828 0.466797 0.181641 0.464844 0.188965 0.466016 0.19043 0.471875 0.19043 0.479297 0.186523 0.487109 0.177246
1 0.514062 0.175293 0.511328 0.189453 0.511328 0.199707 0.513281 0.20752 0.51875 0.212891 0.521094 0.205566 0.521484 0.194824 0.517969 0.177734
1 0.475781 0.111328 0.478516 0.116211 0.486719 0.117188 0.492578 0.115234 0.494922 0.112793 0.495312 0.109863 0.491016 0.10498 0.482422 0.104492 0.478125 0.106934
1 0.510547 0.065918 0.508203 0.0644531 0.501172 0.0644531 0.494141 0.0673828 0.489844 0.0717773 0.486875 0.0828125 0.497656 0.081543 0.507031 0.0771484 0.510547 0.0717773
1 0.537891 0.00537109 0.540625 0.00341797 0.545703 0.00341797 0.550781 0.00585938 0.559375 0.0151367 0.562109 0.0224609 0.559375 0.0244141 0.553516 0.0214844 0.547656 0.0219727 0.54375 0.0200195 0.539062 0.0141602 0.5375 0.00976562
1 0.545703 0.0249023 0.536328 0.0214844 0.527734 0.0253906 0.524609 0.0302734 0.532813 0.0336914 0.543359 0.0288086
2 0.479297 0.0585938 0.473438 0.0615234 0.470313 0.0654297 0.466797 0.0849609 0.467187 0.0898438 0.469531 0.0913086 0.472266 0.0898438 0.475391 0.0825195 0.480469 0.0644531
2 0.428125 0.0488281 0.421484 0.0507812 0.416406 0.0566406 0.414453 0.0625 0.415234 0.0693359 0.419531 0.0693359 0.427734 0.059082 0.429688 0.0541992
2 0.369531 0.0415039 0.368359 0.0429688 0.368359 0.0629883 0.36875 0.0634766 0.36875 0.0673828 0.369141 0.0678711 0.369141 0.0742188 0.36875 0.074707 0.36875 0.078125 0.369922 0.0795898 0.373047 0.0795898 0.375391 0.0766602 0.375781 0.0766602 0.378125 0.0737305 0.378125 0.0732422 0.378906 0.0722656 0.378906 0.0712891 0.379297 0.0708008 0.379297 0.0698242 0.379688 0.0693359 0.379688 0.0625 0.379297 0.0620117 0.379297 0.0615234 0.378906 0.0610352 0.378906 0.0585938 0.378125 0.0576172 0.378125 0.0571289 0.376563 0.0551758 0.376563 0.0546875 0.376172 0.0541992 0.376172 0.0532227 0.375781 0.0527344 0.375781 0.0522461 0.375391 0.0517578 0.375391 0.0512695 0.374609 0.050293 0.374609 0.0483398 0.373828 0.0473633 0.373828 0.0458984 0.373437 0.0454102 0.373437 0.0449219 0.372266 0.043457 0.372266 0.0429688 0.371094 0.0415039
2 0.375391 0.0224609 0.373828 0.0244141 0.373828 0.0253906 0.373047 0.0263672 0.373047 0.0268555 0.372656 0.0273438 0.372656 0.0292969 0.372266 0.0297852 0.372266 0.0361328 0.372656 0.0366211 0.372656 0.0385742 0.373047 0.0390625 0.373047 0.0400391 0.373437 0.0405273 0.373437 0.0410156 0.373828 0.0415039 0.373828 0.0419922 0.375 0.043457 0.375 0.0444336 0.375781 0.0454102 0.375781 0.0463867 0.376563 0.0473633 0.376563 0.0483398 0.376953 0.0488281 0.376953 0.0493164 0.377344 0.0498047 0.377344 0.0512695 0.378125 0.0522461 0.378125 0.0532227 0.378516 0.0537109 0.378516 0.0576172 0.378906 0.0581055 0.378906 0.0610352 0.380078 0.0625 0.380078 0.0639648 0.380859 0.0649414 0.380859 0.0654297 0.382031 0.0668945 0.383984 0.0668945 0.385156 0.0654297 0.385156 0.0629883 0.385547 0.0625 0.385547 0.0605469 0.385937 0.0600586 0.385937 0.0595703 0.386328 0.059082 0.386328 0.0493164 0.385547 0.0483398 0.385547 0.0473633 0.385156 0.046875 0.385156 0.0458984 0.384766 0.0454102 0.384766 0.0444336 0.383984 0.043457 0.383984 0.0429688 0.382422 0.0410156 0.382422 0.0405273 0.382031 0.0400391 0.382031 0.0390625 0.38125 0.0380859 0.38125 0.0366211 0.380469 0.0356445 0.380469 0.034668 0.380078 0.0341797 0.380078 0.0336914 0.379688 0.0332031 0.379688 0.0327148 0.379297 0.0322266 0.379297 0.03125 0.378906 0.0307617 0.378906 0.0297852 0.379297 0.0292969 0.379297 0.0273438 0.378125 0.0258789 0.378125 0.0239258 0.376953 0.0224609
1 0.387891 0.186523 0.3875 0.187012 0.385547 0.187012 0.385156 0.1875 0.383203 0.1875 0.382812 0.187988 0.378906 0.187988 0.378516 0.188477 0.377344 0.188477 0.376953 0.188965 0.373828 0.188965 0.373437 0.189453 0.372656 0.189453 0.372266 0.189941 0.369141 0.189941 0.36875 0.19043 0.367969 0.19043 0.367578 0.190918 0.366016 0.190918 0.365625 0.191406 0.363281 0.191406 0.362891 0.190918 0.361328 0.190918 0.360938 0.19043 0.358594 0.19043 0.357422 0.191895 0.357422 0.192383 0.356641 0.193359 0.356641 0.195312 0.357812 0.196777 0.358594 0.196777 0.359375 0.197754 0.359766 0.197754 0.360156 0.198242 0.360938 0.198242 0.361328 0.19873 0.361719 0.19873 0.362109 0.199219 0.362891 0.199219 0.363281 0.199707 0.363672 0.199707 0.364063 0.200195 0.364844 0.200195 0.365234 0.200684 0.365625 0.200684 0.366016 0.201172 0.366406 0.201172 0.367188 0.202148 0.367969 0.202148 0.36875 0.203125 0.377734 0.203125 0.378125 0.202637 0.380078 0.202637 0.380469 0.202148 0.38125 0.202148 0.381641 0.20166 0.382031 0.20166 0.382422 0.201172 0.382812 0.201172 0.383203 0.200684 0.383594 0.200684 0.383984 0.200195 0.384766 0.200195 0.385937 0.19873 0.386328 0.19873 0.386719 0.198242 0.387109 0.198242 0.388281 0.196777 0.388672 0.196777 0.390234 0.194824 0.390625 0.194824 0.392969 0.191895 0.392969 0.188965 0.391016 0.186523
1 0.335547 0.176758 0.334375 0.178223 0.334375 0.181641 0.334766 0.182129 0.334766 0.182617 0.335547 0.183594 0.335547 0.184082 0.336719 0.185547 0.337109 0.185547 0.338672 0.1875 0.339062 0.1875 0.339844 0.188477 0.340234 0.188477 0.341406 0.189941 0.341797 0.189941 0.342578 0.190918 0.343359 0.190918 0.34375 0.191406 0.344141 0.191406 0.344531 0.191895 0.345313 0.191895 0.345703 0.192383 0.346484 0.192383 0.346875 0.192871 0.347656 0.192871 0.348047 0.193359 0.348438 0.193359 0.348828 0.193848 0.349609 0.193848 0.35 0.194336 0.350391 0.194336 0.351172 0.195312 0.351562 0.195312 0.352734 0.196777 0.353125 0.196777 0.357422 0.202148 0.359375 0.202148 0.360547 0.200684 0.360547 0.197754 0.360156 0.197266 0.360156 0.196777 0.359766 0.196289 0.359766 0.195312 0.359375 0.194824 0.359375 0.193359 0.358984 0.192871 0.358984 0.192383 0.358594 0.191895 0.358594 0.19043 0.358203 0.189941 0.358203 0.189453 0.357422 0.188477 0.357422 0.187988 0.355859 0.186035 0.355469 0.186035 0.354687 0.185059 0.353906 0.185059 0.352734 0.183594 0.352344 0.183594 0.351953 0.183105 0.351562 0.183105 0.351172 0.182617 0.350391 0.182617 0.349219 0.181152 0.348828 0.181152 0.348438 0.180664 0.347656 0.180664 0.347266 0.180176 0.346875 0.180176 0.346484 0.179688 0.344922 0.179688 0.344531 0.179199 0.343359 0.179199 0.342969 0.178711 0.341797 0.178711 0.341406 0.178223 0.341016 0.178223 0.340625 0.177734 0.339844 0.177734 0.339453 0.177246 0.337891 0.177246 0.3375 0.176758
1 0.34375 0.168457 0.342578 0.169922 0.342578 0.172363 0.342969 0.172852 0.342969 0.17334 0.344531 0.175293 0.344531 0.175781 0.345703 0.177246 0.345703 0.177734 0.347266 0.179688 0.347266 0.180176 0.349609 0.183105 0.35 0.183105 0.350781 0.184082 0.351172 0.184082 0.352344 0.185547 0.352734 0.185547 0.353125 0.186035 0.353516 0.186035 0.354297 0.187012 0.354687 0.187012 0.355859 0.188477 0.356641 0.188477 0.357031 0.188965 0.358594 0.188965 0.358984 0.189453 0.362109 0.189453 0.3625 0.189941 0.364063 0.189941 0.364453 0.19043 0.374219 0.19043 0.374609 0.189941 0.375781 0.189941 0.377344 0.187988 0.377344 0.185547 0.375781 0.183594 0.375391 0.183594 0.373437 0.181152 0.373047 0.181152 0.372656 0.180664 0.372266 0.180664 0.371875 0.180176 0.371484 0.180176 0.370703 0.179199 0.369531 0.179199 0.369141 0.178711 0.36875 0.178711 0.368359 0.178223 0.367578 0.178223 0.367188 0.177734 0.366797 0.177734 0.366406 0.177246 0.364844 0.177246 0.364453 0.176758 0.363281 0.176758 0.362891 0.17627 0.361328 0.17627 0.360938 0.175781 0.360547 0.175781 0.360156 0.175293 0.359766 0.175293 0.359375 0.174805 0.358203 0.174805 0.357812 0.174316 0.357422 0.174316 0.357031 0.173828 0.356641 0.173828 0.35625 0.17334 0.355859 0.17334 0.355469 0.172852 0.355078 0.172852 0.354687 0.172363 0.354297 0.172363 0.353516 0.171387 0.352734 0.171387 0.351953 0.17041 0.351562 0.17041 0.351172 0.169922 0.350781 0.169922 0.350391 0.169434 0.35 0.169434 0.349219 0.168457
2 0.61875 0.660156 0.617188 0.665527 0.617188 0.677734 0.621875 0.699707 0.623828 0.70166 0.627344 0.697754 0.628516 0.688477 0.622656 0.665039
0 0.59375 0.70459 0.594141 0.709961 0.598828 0.714355 0.612109 0.717773 0.619531 0.716309 0.619922 0.712891 0.616016 0.705078 0.608594 0.699219 0.599609 0.69873 0.595703 0.700684
2 0.162891 0.529297 0.160156 0.526367 0.153906 0.526367 0.1375 0.531738 0.136719 0.533691 0.145703 0.539062 0.151953 0.539062 0.161328 0.533203
0 0.119141 0.257812 0.117578 0.260742 0.119141 0.276855 0.126562 0.287109 0.130859 0.289551 0.137148 0.294531 0.134375 0.280762 0.131641 0.269531 0.123438 0.258301
2 0.650391 0.260254 0.646875 0.26123 0.642188 0.279297 0.637109 0.291992 0.636328 0.306641 0.637109 0.322266 0.643555 0.310693 0.645703 0.29834 0.651563 0.279297 0.652344 0.266113
1 0.655469 0.196289 0.654687 0.197266 0.653516 0.197266 0.653125 0.197754 0.651953 0.197754 0.651563 0.198242 0.650391 0.198242 0.65 0.19873 0.649609 0.19873 0.649219 0.199219 0.645703 0.199219 0.645312 0.199707 0.644922 0.199707 0.644531 0.200195 0.642969 0.200195 0.642188 0.201172 0.641797 0.201172 0.639844 0.203613 0.639844 0.204102 0.639453 0.20459 0.639062 0.20459 0.637891 0.206055 0.637891 0.206543 0.6375 0.207031 0.6375 0.211426 0.639453 0.213867 0.639844 0.213867 0.641016 0.215332 0.641797 0.215332 0.642188 0.21582 0.649219 0.21582 0.649609 0.215332 0.651953 0.215332 0.652734 0.214355 0.654297 0.214355 0.654687 0.213867 0.655078 0.213867 0.655469 0.213379 0.65625 0.213379 0.657031 0.212402 0.657813 0.212402 0.658203 0.211914 0.658594 0.211914 0.658984 0.211426 0.659766 0.211426 0.660937 0.209961 0.661328 0.209961 0.662109 0.208984 0.6625 0.208984 0.662891 0.208496 0.663672 0.208496 0.664453 0.20752 0.664844 0.20752 0.665234 0.207031 0.665625 0.207031 0.666797 0.205566 0.666797 0.204102 0.667188 0.203613 0.667188 0.199707 0.666016 0.198242 0.665234 0.198242 0.664844 0.197754 0.664453 0.197754 0.663672 0.196777 0.662891 0.196777 0.6625 0.196289
2 0.669141 0.196777 0.667969 0.198242 0.667969 0.20166 0.668359 0.202148 0.668359 0.203125 0.669141 0.204102 0.669141 0.20459 0.670703 0.206543 0.670703 0.207031 0.673438 0.210449 0.673438 0.210938 0.673828 0.211426 0.673828 0.211914 0.674609 0.212891 0.674609 0.213379 0.675 0.213867 0.675 0.214844 0.675781 0.21582 0.675781 0.217285 0.676953 0.21875 0.676953 0.219238 0.678125 0.220703 0.678125 0.221191 0.678516 0.22168 0.678516 0.222168 0.679297 0.223145 0.679297 0.223633 0.680469 0.225098 0.680859 0.225098 0.68125 0.225586 0.683984 0.225586 0.685547 0.223633 0.685547 0.222168 0.685937 0.22168 0.685937 0.217285 0.685547 0.216797 0.685547 0.216309 0.685156 0.21582 0.685156 0.215332 0.684766 0.214844 0.684766 0.214355 0.682813 0.211914 0.682813 0.211426 0.682031 0.210449 0.682031 0.209961 0.679297 0.206543 0.679297 0.206055 0.678906 0.205566 0.678906 0.205078 0.677734 0.203613 0.677734 0.202637 0.674609 0.19873 0.674219 0.19873 0.673047 0.197266 0.672656 0.197266 0.672266 0.196777
1 0.735352 0.52041 0.723828 0.521973 0.716016 0.525391 0.708984 0.532715 0.704961 0.538965 0.715234 0.541504 0.724609 0.538086 0.73125 0.529785
1 0.480469 0.653809 0.480078 0.654297 0.477344 0.654297 0.476562 0.655273 0.472266 0.655273 0.471484 0.65625 0.471094 0.65625 0.470703 0.656738 0.470313 0.656738 0.467578 0.660156 0.467187 0.660156 0.466406 0.661133 0.466016 0.661133 0.464453 0.663086 0.464062 0.663086 0.462891 0.664551 0.462891 0.666504 0.464062 0.667969 0.465625 0.667969 0.467187 0.669922 0.46875 0.669922 0.470313 0.667969 0.470703 0.667969 0.471094 0.66748 0.472266 0.66748 0.473047 0.666504 0.473828 0.666504 0.474219 0.666016 0.49375 0.666016 0.494922 0.664551 0.494922 0.662109 0.49375 0.660645 0.49375 0.660156 0.492578 0.658691 0.492188 0.658691 0.490625 0.656738 0.489844 0.656738 0.488672 0.655273 0.488281 0.655273 0.487891 0.654785 0.487109 0.654785 0.486719 0.654297 0.485938 0.654297 0.485547 0.653809
1 0.791406 0.522949 0.789062 0.526367 0.7875 0.533203 0.787891 0.541992 0.790625 0.552734 0.795703 0.556641 0.798828 0.553223 0.8 0.549316 0.800391 0.537109 0.799609 0.533203
1 0.849609 0.544922 0.844922 0.548828 0.839844 0.561523 0.841016 0.57373 0.845313 0.581543 0.849219 0.581055 0.851172 0.572754 0.851562 0.551758
1 0.645703 0.708496 0.641016 0.705566 0.633594 0.706543 0.627734 0.711914 0.627734 0.716797 0.630859 0.720703 0.640234 0.719238 0.646094 0.713867
1 0.466406 0.431641 0.461328 0.428711 0.455469 0.429199 0.451172 0.431641 0.447266 0.438477 0.448047 0.443848 0.450781 0.446777 0.455078 0.446777 0.459766 0.444336 0.466797 0.436035
1 0.463281 0.373047 0.458594 0.37207 0.453125 0.375977 0.450391 0.384277 0.450391 0.392578 0.451953 0.395996 0.455469 0.396484 0.458203 0.394531 0.462891 0.387207 0.464453 0.381836
1 0.543359 0.303223 0.537109 0.30127 0.529297 0.302246 0.521094 0.306641 0.51875 0.310059 0.519141 0.313965 0.524609 0.317383 0.533984 0.31543 0.540625 0.30957
1 0.624062 0.148584 0.627344 0.158203 0.627344 0.165527 0.623828 0.176758 0.616016 0.185547 0.611719 0.18457 0.610547 0.182129 0.610938 0.172852 0.612891 0.16748 0.61875 0.158691 0.623047 0.155762
1 0.527344 0.198242 0.522656 0.200195 0.519141 0.210938 0.520703 0.220215 0.524609 0.222656 0.528906 0.220703 0.53125 0.214844 0.531641 0.205078 0.530078 0.200195
1 0.44375 0.145508 0.438086 0.150684 0.450391 0.155273 0.460547 0.154297 0.464844 0.151367 0.465625 0.147949 0.463672 0.143066 0.457813 0.140625 0.447656 0.141113
2 0.704688 0.0673828 0.700781 0.0683594 0.6875 0.0874023 0.684766 0.0966797 0.692578 0.0957031 0.698438 0.0908203 0.704297 0.0756836 0.705469 0.0693359
0 0.899609 0.165039 0.897266 0.162109 0.894141 0.162109 0.888281 0.166016 0.882422 0.173828 0.882812 0.181152 0.889062 0.182617 0.897266 0.174805
0 0.888672 0.325195 0.883594 0.326172 0.877344 0.333008 0.874609 0.344238 0.873828 0.358398 0.878125 0.358398 0.887891 0.344727 0.890234 0.334961 0.890234 0.328613
1 0.232891 0.265674 0.234375 0.274414 0.235547 0.284668 0.240234 0.292969 0.24875 0.300195 0.247266 0.288574 0.246094 0.277832 0.241016 0.269531
1 0.326172 0.260254 0.320703 0.260742 0.315234 0.268555 0.312109 0.28125 0.313281 0.285645 0.31875 0.28418 0.325781 0.274414 0.327734 0.26709
1 0.354609 0.146045 0.345703 0.146973 0.338672 0.150391 0.332813 0.158203 0.333203 0.166992 0.336719 0.168945 0.342578 0.166992 0.350391 0.155762
1 0.385937 0.32959 0.386328 0.334961 0.388281 0.337402 0.396094 0.341797 0.405469 0.343262 0.410547 0.341309 0.4125 0.338379 0.407813 0.32959 0.401562 0.325195 0.391406 0.324219
0 0.720313 0.318359 0.723828 0.326172 0.732031 0.327148 0.738672 0.322754 0.745039 0.310986 0.724219 0.313477
1 0.778672 0.155811 0.766406 0.159668 0.759375 0.163574 0.754687 0.168945 0.749375 0.177783 0.758203 0.177734 0.764453 0.175781 0.771484 0.167969
1 0.770742 0.143555 0.756641 0.149414 0.750781 0.151367 0.74375 0.157715 0.738086 0.168164 0.74375 0.168945 0.751953 0.168457 0.763281 0.157227
