1 0.538672 0.574219 0.536328 0.57373 0.524609 0.580078 0.509766 0.596191 0.50625 0.605469 0.493359 0.629395 0.492188 0.644043 0.494141 0.652344 0.496484 0.649902 0.497266 0.63916 0.507812 0.623047 0.516406 0.603027 0.523828 0.592773 0.537891 0.581055 0.539453 0.577148
1 0.573438 0.54541 0.566406 0.550293 0.554297 0.564941 0.548047 0.578613 0.548047 0.594238 0.553516 0.627441 0.555859 0.632324 0.558984 0.631836 0.560937 0.627441 0.558984 0.603516 0.55625 0.591309 0.556641 0.584473 0.564063 0.567383 0.573047 0.552734 0.574219 0.549316
1 0.699141 0.515625 0.693359 0.52832 0.679297 0.54502 0.671875 0.550293 0.659883 0.557031 0.636484 0.564648 0.665234 0.543457 0.683984 0.527832 0.697969 0.503174
1 0.705078 0.584473 0.703906 0.586426 0.705078 0.591797 0.711328 0.59668 0.726562 0.61377 0.737109 0.638672 0.738281 0.64502 0.741016 0.646484 0.742969 0.643066 0.742578 0.626465 0.741406 0.618164 0.733203 0.603027 0.726172 0.596191 0.719922 0.593262 0.709766 0.584961
1 0.608984 0.441406 0.6 0.441895 0.592578 0.446289 0.5875 0.455078 0.584766 0.466309 0.583984 0.479492 0.585547 0.487793 0.588281 0.495605 0.596484 0.506836 0.600391 0.506836 0.601562 0.501465 0.592969 0.484375 0.592578 0.471191 0.598047 0.455078 0.603125 0.449219 0.610156 0.444336 0.610938 0.442383
1 0.627109 0.489014 0.610938 0.503418 0.601953 0.515625 0.6 0.521484 0.590234 0.538574 0.579688 0.552246 0.580078 0.554688 0.583984 0.554688 0.590234 0.549805 0.60625 0.527832 0.615234 0.512695 0.62293 0.498242
1 0.624609 0.501465 0.624609 0.513672 0.626172 0.521973 0.629297 0.527832 0.642578 0.541992 0.646875 0.543945 0.651563 0.543457 0.653125 0.541504 0.652734 0.539551 0.637891 0.526855 0.630469 0.51416 0.627344 0.501953
1 0.671875 0.51123 0.671094 0.512207 0.670703 0.512207 0.669922 0.513184 0.669531 0.513184 0.668359 0.514648 0.668359 0.515137 0.667969 0.515625 0.667969 0.516113 0.667578 0.516602 0.667578 0.51709 0.666797 0.518066 0.666797 0.519043 0.666406 0.519531 0.666406 0.520508 0.663672 0.523926 0.663672 0.524414 0.662891 0.525391 0.662891 0.525879 0.658984 0.530762 0.658594 0.530762 0.655859 0.53418 0.655469 0.53418 0.653516 0.536621 0.653125 0.536621 0.652734 0.537109 0.652344 0.537109 0.651563 0.538086 0.650781 0.538086 0.650391 0.538574 0.65 0.538574 0.649609 0.539062 0.648828 0.539062 0.647656 0.540527 0.646875 0.540527 0.645703 0.541992 0.642188 0.541992 0.641797 0.54248 0.641016 0.54248 0.640234 0.543457 0.639453 0.543457 0.638281 0.544922 0.637891 0.544922 0.637109 0.545898 0.636719 0.545898 0.636328 0.546387 0.635938 0.546387 0.633984 0.548828 0.633594 0.548828 0.632812 0.549805 0.632422 0.549805 0.632031 0.550293 0.630859 0.550293 0.630469 0.550781 0.628906 0.550781 0.628516 0.55127 0.626563 0.55127 0.626172 0.551758 0.623828 0.551758 0.623437 0.552246 0.622656 0.552246 0.622266 0.552734 0.616406 0.552734 0.616016 0.553223 0.615234 0.553223 0.614844 0.553711 0.614453 0.553711 0.613281 0.555176 0.613281 0.557129 0.614844 0.559082 0.616797 0.559082 0.617188 0.55957 0.618359 0.55957 0.61875 0.560059 0.621484 0.560059 0.621875 0.560547 0.622656 0.560547 0.623047 0.561035 0.624609 0.561035 0.625 0.561523 0.626563 0.561523 0.626953 0.561035 0.627344 0.561523 0.633594 0.561523 0.633984 0.561035 0.635156 0.561035 0.635547 0.560547 0.635938 0.560547 0.636328 0.560059 0.636719 0.560059 0.637109 0.55957 0.638281 0.55957 0.638672 0.559082 0.639062 0.559082 0.639453 0.558594 0.641406 0.558594 0.641797 0.558105 0.642969 0.558105 0.643359 0.557617 0.645312 0.557617 0.646875 0.555664 0.649609 0.555664 0.65 0.555176 0.650391 0.555176 0.650781 0.554688 0.651172 0.554688 0.651953 0.553711 0.652734 0.553711 0.653125 0.553223 0.653516 0.553223 0.654297 0.552246 0.655469 0.552246 0.656641 0.550781 0.657813 0.550781 0.658984 0.549316 0.659375 0.549316 0.661328 0.546875 0.661719 0.546875 0.663281 0.544922 0.663281 0.544434 0.667188 0.539551 0.667188 0.539062 0.66875 0.537109 0.66875 0.536621 0.669531 0.535645 0.669531 0.535156 0.669922 0.534668 0.669922 0.53418 0.671484 0.532227 0.671484 0.531738 0.671875 0.53125 0.671875 0.530762 0.672266 0.530273 0.672266 0.529785 0.673047 0.528809 0.673047 0.522461 0.673438 0.521973 0.673438 0.52002 0.673828 0.519531 0.673828 0.51709 0.675 0.515625 0.675 0.512695 0.673828 0.51123
2 0.665625 0.557129 0.666406 0.560547 0.678516 0.565918 0.701172 0.587402 0.703516 0.585449 0.703906 0.57959 0.690625 0.564453 0.676953 0.556152 0.667578 0.555664
2 0.590234 0.561035 0.588672 0.562012 0.587891 0.567383 0.587891 0.589355 0.589453 0.604492 0.591016 0.610352 0.597656 0.619092 0.606445 0.629102 0.597656 0.603564 0.59375 0.567383 0.592187 0.562012
1 0.571094 0.606445 0.569922 0.60791 0.569922 0.611328 0.571094 0.612793 0.573047 0.612793 0.573438 0.613281 0.576562 0.613281 0.576953 0.61377 0.578125 0.61377 0.578906 0.614746 0.579688 0.614746 0.580469 0.615723 0.58125 0.615723 0.582031 0.616699 0.582422 0.616699 0.5875 0.623047 0.587891 0.623047 0.590234 0.625977 0.590234 0.626465 0.591406 0.62793 0.591406 0.628418 0.591797 0.628906 0.591797 0.629395 0.592187 0.629883 0.592187 0.630371 0.592578 0.630859 0.592578 0.632812 0.592969 0.633301 0.592969 0.635254 0.593359 0.635742 0.593359 0.637207 0.59375 0.637695 0.59375 0.649902 0.593359 0.650391 0.593359 0.650879 0.592969 0.651367 0.592969 0.658691 0.592578 0.65918 0.592578 0.662109 0.592969 0.662598 0.592969 0.664062 0.593359 0.664551 0.593359 0.665527 0.59375 0.666016 0.59375 0.666992 0.594922 0.668457 0.598047 0.668457 0.599219 0.666992 0.599219 0.666504 0.599609 0.666016 0.599609 0.657715 0.6 0.657227 0.6 0.651367 0.600391 0.650879 0.600391 0.648438 0.600781 0.647949 0.600781 0.645996 0.601172 0.645508 0.601172 0.644531 0.601562 0.644043 0.601562 0.641602 0.601953 0.641113 0.601953 0.640625 0.602344 0.640137 0.602344 0.633789 0.601953 0.633301 0.601953 0.632812 0.601562 0.632324 0.601562 0.631836 0.601172 0.631348 0.601172 0.628906 0.600781 0.628418 0.600781 0.626465 0.600391 0.625977 0.600391 0.625488 0.6 0.625 0.6 0.624512 0.599219 0.623535 0.599219 0.623047 0.598047 0.621582 0.597656 0.621582 0.596875 0.620605 0.596094 0.620605 0.595313 0.619629 0.594922 0.619629 0.59375 0.618164 0.593359 0.618164 0.592578 0.617188 0.592578 0.616699 0.591406 0.615234 0.590625 0.615234 0.589063 0.613281 0.588281 0.613281 0.586719 0.611328 0.585938 0.611328 0.585547 0.61084 0.585156 0.61084 0.584766 0.610352 0.584375 0.610352 0.583203 0.608887 0.582422 0.608887 0.582031 0.608398 0.581641 0.608398 0.58125 0.60791 0.579688 0.60791 0.579297 0.607422 0.578906 0.607422 0.578516 0.606934 0.576172 0.606934 0.575781 0.606445
2 0.576172 0.622559 0.575781 0.623047 0.575391 0.623047 0.574219 0.624512 0.574219 0.626953 0.574609 0.627441 0.574609 0.629395 0.575391 0.630371 0.575391 0.632324 0.575781 0.632812 0.575781 0.635742 0.576172 0.63623 0.576172 0.640137 0.576562 0.640625 0.576562 0.642578 0.576953 0.643066 0.576953 0.64502 0.577344 0.645508 0.577344 0.648438 0.577734 0.648926 0.577734 0.651855 0.578125 0.652344 0.578125 0.65332 0.578906 0.654297 0.578906 0.663086 0.579297 0.663574 0.579297 0.666992 0.578906 0.66748 0.578906 0.67627 0.578516 0.676758 0.578516 0.678711 0.578125 0.679199 0.578125 0.682617 0.577734 0.683105 0.577734 0.6875 0.577344 0.687988 0.577344 0.689453 0.576953 0.689941 0.576953 0.695801 0.577344 0.696289 0.577344 0.697266 0.577734 0.697754 0.577734 0.698242 0.578125 0.69873 0.578125 0.699219 0.579297 0.700684 0.582422 0.700684 0.582812 0.700195 0.583203 0.700195 0.586328 0.696289 0.586328 0.695801 0.5875 0.694336 0.5875 0.693359 0.588281 0.692383 0.588281 0.689941 0.589063 0.688965 0.589063 0.680176 0.588672 0.679688 0.588672 0.668945 0.588281 0.668457 0.588281 0.660645 0.587891 0.660156 0.588281 0.659668 0.588281 0.648438 0.587891 0.647949 0.587891 0.646973 0.5875 0.646484 0.5875 0.645508 0.587109 0.64502 0.587109 0.643555 0.586719 0.643066 0.586719 0.641602 0.586328 0.641113 0.586328 0.63916 0.585156 0.637695 0.585156 0.635254 0.584766 0.634766 0.584766 0.633789 0.584375 0.633301 0.584375 0.632812 0.583984 0.632324 0.583984 0.631836 0.583594 0.631348 0.583594 0.630859 0.58125 0.62793 0.58125 0.627441 0.579297 0.625 0.579297 0.624512 0.577734 0.622559
2 0.557422 0.589355 0.55625 0.59082 0.55625 0.592285 0.555859 0.592773 0.555859 0.59668 0.55625 0.597168 0.55625 0.597656 0.556641 0.598145 0.556641 0.599121 0.557422 0.600098 0.557422 0.600586 0.557813 0.601074 0.557813 0.601562 0.558984 0.603027 0.558984 0.603516 0.559766 0.604492 0.559766 0.60498 0.560547 0.605957 0.560547 0.606445 0.560937 0.606934 0.560937 0.60791 0.561328 0.608398 0.561328 0.609863 0.561719 0.610352 0.561719 0.611328 0.562109 0.611816 0.562109 0.620117 0.5625 0.620605 0.5625 0.62207 0.562891 0.622559 0.562891 0.624023 0.563281 0.624512 0.563281 0.625488 0.563672 0.625977 0.563672 0.626465 0.564453 0.627441 0.564453 0.62793 0.564844 0.628418 0.564844 0.631348 0.565234 0.631836 0.565234 0.632324 0.565625 0.632812 0.565625 0.63623 0.566016 0.636719 0.566016 0.640625 0.566406 0.641113 0.566406 0.660645 0.567578 0.662109 0.569141 0.662109 0.570312 0.660645 0.570312 0.659668 0.570703 0.65918 0.570703 0.658691 0.571094 0.658203 0.571094 0.657715 0.571484 0.657227 0.571484 0.65625 0.572656 0.654785 0.572656 0.653809 0.573047 0.65332 0.573047 0.650879 0.573438 0.650391 0.573438 0.631836 0.573047 0.631348 0.573047 0.625488 0.572656 0.625 0.572656 0.619629 0.571875 0.618652 0.571875 0.616699 0.571484 0.616211 0.571484 0.615234 0.571094 0.614746 0.571094 0.614258 0.570703 0.61377 0.570703 0.611816 0.570312 0.611328 0.570312 0.609863 0.569922 0.609375 0.569922 0.608887 0.569141 0.60791 0.569141 0.606934 0.56875 0.606445 0.56875 0.605469 0.568359 0.60498 0.568359 0.603516 0.567969 0.603027 0.567969 0.602539 0.567187 0.601562 0.567187 0.601074 0.566797 0.600586 0.566797 0.599609 0.566016 0.598633 0.566016 0.597656 0.565234 0.59668 0.565234 0.595703 0.564063 0.594238 0.564063 0.59375 0.563672 0.593262 0.563672 0.592773 0.561719 0.590332 0.561328 0.590332 0.560547 0.589355
1 0.633203 0.567871 0.628906 0.573242 0.628516 0.573242 0.625781 0.57666 0.625391 0.57666 0.624219 0.578125 0.623828 0.578125 0.622656 0.57959 0.621875 0.57959 0.619922 0.582031 0.619531 0.582031 0.61875 0.583008 0.617578 0.583008 0.617188 0.583496 0.616797 0.583496 0.616406 0.583984 0.615625 0.583984 0.614453 0.585449 0.614062 0.585449 0.613672 0.585938 0.613281 0.585938 0.611719 0.587891 0.611328 0.587891 0.610938 0.588379 0.610547 0.588379 0.609375 0.589844 0.609375 0.591309 0.608984 0.591797 0.608594 0.591797 0.608203 0.592285 0.607812 0.592285 0.607422 0.592773 0.607031 0.592773 0.606641 0.593262 0.60625 0.593262 0.605859 0.59375 0.605469 0.59375 0.605078 0.594238 0.604688 0.594238 0.603906 0.595215 0.603516 0.595215 0.602734 0.596191 0.602344 0.596191 0.599219 0.600098 0.598828 0.600098 0.597266 0.602051 0.596875 0.602051 0.596094 0.603027 0.595703 0.603027 0.592969 0.606445 0.592969 0.606934 0.592578 0.607422 0.592578 0.60791 0.592187 0.608398 0.592187 0.608887 0.591797 0.609375 0.591797 0.609863 0.591406 0.610352 0.591406 0.61084 0.590625 0.611816 0.590625 0.613281 0.589844 0.614258 0.589844 0.615723 0.589063 0.616699 0.589063 0.620117 0.588672 0.620605 0.588672 0.624023 0.589844 0.625488 0.591406 0.625488 0.594141 0.62207 0.594531 0.62207 0.594922 0.621582 0.595313 0.621582 0.596094 0.620605 0.596484 0.620605 0.600781 0.615234 0.600781 0.614746 0.601172 0.614258 0.601172 0.61377 0.603125 0.611328 0.603125 0.61084 0.604297 0.609375 0.604297 0.608887 0.607031 0.605469 0.607422 0.605469 0.608984 0.603516 0.609375 0.603516 0.609766 0.603027 0.610156 0.603027 0.610547 0.602539 0.611328 0.602539 0.612891 0.600586 0.613281 0.600586 0.614062 0.599609 0.614844 0.599609 0.615234 0.599121 0.616016 0.599121 0.616406 0.598633 0.616797 0.598633 0.617188 0.598145 0.617578 0.598145 0.61875 0.59668 0.619531 0.59668 0.620703 0.595215 0.621094 0.595215 0.621484 0.594727 0.621875 0.594727 0.623047 0.593262 0.623047 0.592773 0.623828 0.591797 0.624219 0.591797 0.626172 0.589355 0.626172 0.588867 0.628125 0.586426 0.628125 0.585938 0.628906 0.584961 0.628906 0.583984 0.629297 0.583496 0.629297 0.583008 0.629687 0.58252 0.629687 0.582031 0.630078 0.581543 0.630078 0.581055 0.630469 0.580566 0.630469 0.57959 0.632031 0.577637 0.632031 0.577148 0.632422 0.57666 0.632422 0.576172 0.635547 0.572266 0.635547 0.571777 0.635938 0.571289 0.635938 0.569336 0.634766 0.567871
1 0.605469 0.59082 0.605078 0.591309 0.604688 0.591309 0.604297 0.591797 0.603906 0.591797 0.602734 0.593262 0.602344 0.593262 0.601172 0.594727 0.601172 0.595215 0.599609 0.597168 0.599609 0.597656 0.599219 0.598145 0.599219 0.598633 0.598828 0.599121 0.598828 0.603027 0.599219 0.603516 0.599219 0.60498 0.599609 0.605469 0.599609 0.605957 0.601953 0.608887 0.601953 0.609375 0.603906 0.611816 0.603906 0.612305 0.604297 0.612793 0.604297 0.613281 0.605469 0.614746 0.605469 0.615723 0.60625 0.616699 0.60625 0.617676 0.606641 0.618164 0.606641 0.618652 0.607812 0.620117 0.608203 0.620117 0.608984 0.621094 0.609375 0.621094 0.609766 0.621582 0.611719 0.621582 0.612891 0.620117 0.612891 0.618164 0.610938 0.615723 0.610938 0.613281 0.610547 0.612793 0.610547 0.611328 0.609766 0.610352 0.609766 0.609863 0.609375 0.609375 0.609375 0.608398 0.607812 0.606445 0.607812 0.605469 0.607422 0.60498 0.607422 0.604004 0.606641 0.603027 0.606641 0.601562 0.607031 0.601074 0.619141 0.601074 0.619531 0.601562 0.620703 0.601562 0.621094 0.602051 0.621875 0.602051 0.622656 0.603027 0.623828 0.603027 0.624219 0.603516 0.628906 0.603516 0.629297 0.604004 0.634375 0.604004 0.634766 0.603516 0.643359 0.603516 0.64375 0.604004 0.647656 0.604004 0.648047 0.603516 0.65 0.603516 0.651172 0.602051 0.651172 0.597168 0.650391 0.596191 0.650391 0.595703 0.649219 0.594238 0.648047 0.594238 0.647656 0.59375 0.642969 0.59375 0.642578 0.594238 0.632422 0.594238 0.632031 0.59375 0.617969 0.59375 0.617578 0.593262 0.616016 0.593262 0.615625 0.592773 0.615234 0.592773 0.614844 0.592285 0.6125 0.592285 0.612109 0.591797 0.611328 0.591797 0.610938 0.591309 0.609766 0.591309 0.609375 0.59082
1 0.717187 0.608887 0.716016 0.610352 0.716016 0.61084 0.715625 0.611328 0.715625 0.622559 0.716016 0.623047 0.716016 0.62793 0.716406 0.628418 0.716406 0.629883 0.717187 0.630859 0.717187 0.631836 0.717578 0.632324 0.717578 0.632812 0.717969 0.633301 0.717969 0.634277 0.719141 0.635742 0.719141 0.63623 0.719531 0.636719 0.719531 0.637695 0.719922 0.638184 0.719922 0.638672 0.721484 0.640625 0.721484 0.641113 0.722266 0.64209 0.722266 0.642578 0.727344 0.648926 0.728125 0.648926 0.729297 0.650391 0.729688 0.650391 0.730859 0.651855 0.73125 0.651855 0.732812 0.653809 0.733203 0.653809 0.734375 0.655273 0.734766 0.655273 0.735156 0.655762 0.735547 0.655762 0.736328 0.656738 0.737109 0.656738 0.7375 0.657227 0.738281 0.657227 0.739062 0.658203 0.739453 0.658203 0.741016 0.660156 0.741797 0.660156 0.742188 0.660645 0.743359 0.660645 0.74375 0.661133 0.744141 0.661133 0.744922 0.662109 0.745313 0.662109 0.745703 0.662598 0.747266 0.662598 0.747656 0.663086 0.748437 0.663086 0.748828 0.663574 0.752734 0.663574 0.753906 0.662109 0.753906 0.65918 0.752734 0.657715 0.751953 0.657715 0.750391 0.655762 0.75 0.655762 0.749609 0.655273 0.749219 0.655273 0.748437 0.654297 0.747656 0.654297 0.746875 0.65332 0.746094 0.65332 0.744922 0.651855 0.744531 0.651855 0.742578 0.649414 0.742188 0.649414 0.739844 0.646484 0.739453 0.646484 0.738672 0.645508 0.738281 0.645508 0.736719 0.643555 0.736328 0.643555 0.733594 0.640137 0.733203 0.640137 0.730469 0.636719 0.730078 0.636719 0.727734 0.633789 0.727734 0.633301 0.726562 0.631836 0.726172 0.631836 0.725 0.630371 0.725 0.629883 0.724609 0.629395 0.724609 0.628418 0.723828 0.627441 0.723828 0.626953 0.723437 0.626465 0.723437 0.625 0.723047 0.624512 0.723047 0.623047 0.722266 0.62207 0.722266 0.617676 0.721875 0.617188 0.721875 0.613281 0.721484 0.612793 0.721484 0.611816 0.721094 0.611328 0.721094 0.61084 0.719922 0.609375 0.719141 0.609375 0.71875 0.608887
2 0.750391 0.596191 0.75 0.59668 0.749609 0.59668 0.749219 0.597168 0.748047 0.597168 0.747266 0.598145 0.746484 0.598145 0.745703 0.599121 0.744141 0.599121 0.74375 0.599609 0.743359 0.599609 0.742969 0.600098 0.742578 0.599609 0.742188 0.600098 0.741406 0.600098 0.741016 0.600586 0.740625 0.600586 0.740234 0.601074 0.739844 0.601074 0.739453 0.601562 0.739062 0.601562 0.738672 0.602051 0.737891 0.602051 0.7375 0.602539 0.736719 0.602539 0.736328 0.603027 0.735938 0.603027 0.732812 0.606934 0.731641 0.606934 0.73125 0.607422 0.730859 0.607422 0.728516 0.610352 0.728516 0.611328 0.728125 0.611816 0.728125 0.612793 0.726953 0.614258 0.726953 0.615234 0.726172 0.616211 0.726172 0.617188 0.725 0.618652 0.725 0.619141 0.724609 0.619629 0.724609 0.620117 0.723828 0.621094 0.723828 0.621582 0.723047 0.622559 0.723047 0.623047 0.722266 0.624023 0.722266 0.625 0.721875 0.625488 0.721875 0.625977 0.721484 0.626465 0.721484 0.626953 0.720703 0.62793 0.720703 0.628906 0.719922 0.629883 0.719922 0.632324 0.719531 0.632812 0.719531 0.633301 0.719141 0.633789 0.719141 0.638672 0.71875 0.63916 0.71875 0.648926 0.719141 0.649414 0.719141 0.652344 0.719531 0.652832 0.719531 0.655273 0.719922 0.655762 0.719922 0.656738 0.721094 0.658203 0.721094 0.65918 0.721484 0.659668 0.721484 0.660156 0.721875 0.660645 0.721875 0.661133 0.722656 0.662109 0.722656 0.663086 0.723828 0.664551 0.723828 0.665039 0.724219 0.665527 0.724219 0.666016 0.725391 0.66748 0.725391 0.668457 0.728125 0.671875 0.730078 0.671875 0.73125 0.67041 0.73125 0.668457 0.730078 0.666992 0.730078 0.666504 0.729297 0.665527 0.729297 0.662109 0.728906 0.661621 0.728906 0.657715 0.729297 0.657227 0.729297 0.655762 0.730859 0.653809 0.730859 0.65332 0.731641 0.652344 0.731641 0.651855 0.732031 0.651367 0.732031 0.650879 0.732422 0.650391 0.732422 0.649414 0.733203 0.648438 0.733203 0.646973 0.733594 0.646484 0.733594 0.645508 0.734766 0.644043 0.734766 0.643555 0.735156 0.643066 0.735156 0.64209 0.736328 0.640625 0.736328 0.640137 0.737109 0.63916 0.737109 0.638672 0.738281 0.637207 0.738281 0.635742 0.738672 0.635254 0.738672 0.634766 0.739453 0.633789 0.739453 0.633301 0.740234 0.632324 0.740234 0.631836 0.740625 0.631348 0.740625 0.630859 0.741016 0.630371 0.741016 0.629395 0.742578 0.627441 0.742578 0.626953 0.742969 0.626465 0.742969 0.625977 0.744141 0.624512 0.744141 0.624023 0.746094 0.621582 0.746094 0.621094 0.746484 0.620605 0.746875 0.620605 0.748047 0.619141 0.748047 0.618652 0.75 0.616211 0.75 0.615723 0.751172 0.614258 0.751172 0.61377 0.752344 0.612305 0.752344 0.611816 0.752734 0.611328 0.752734 0.61084 0.753125 0.610352 0.753125 0.603516 0.752734 0.603027 0.753516 0.602051 0.753516 0.599121 0.753125 0.598633 0.753125 0.597656 0.751953 0.596191
2 0.794531 0.595215 0.790234 0.595215 0.780078 0.601074 0.759375 0.623047 0.750781 0.635254 0.748047 0.642578 0.747656 0.650391 0.751953 0.651855 0.759375 0.63916 0.787891 0.606934
2 0.814844 0.641602 0.791797 0.664551 0.773828 0.687012 0.758984 0.713379 0.758203 0.72168 0.760547 0.722168 0.764844 0.718262 0.774609 0.70166 0.810937 0.65332
2 0.805859 0.713867 0.805078 0.717773 0.819922 0.736816 0.837109 0.764648 0.841016 0.769043 0.845703 0.769531 0.846875 0.766602 0.844531 0.759766 0.835156 0.743652 0.822266 0.728027 0.809766 0.715332
2 0.744141 0.733887 0.739844 0.734863 0.736328 0.739258 0.721484 0.766602 0.716797 0.783203 0.717187 0.791504 0.721484 0.787598 0.727344 0.773438 0.733203 0.76416 0.733984 0.759766 0.744531 0.739258
2 0.84918 0.774414 0.839453 0.776367 0.814844 0.785645 0.812109 0.791992 0.814063 0.793945 0.834375 0.790039 0.852734 0.782227 0.858203 0.783203 0.869922 0.791992 0.875391 0.791504 0.873437 0.786133 0.866016 0.777832 0.860156 0.773926 0.852734 0.773877
2 0.783203 0.69873 0.782031 0.703125 0.783203 0.716797 0.797266 0.749023 0.814453 0.769531 0.816797 0.768555 0.810156 0.751953 0.792188 0.717773 0.7875 0.700195
2 0.878516 0.817383 0.876953 0.815918 0.872266 0.816895 0.854297 0.833008 0.832031 0.845215 0.830859 0.849121 0.835547 0.850098 0.845313 0.848145 0.860156 0.842285 0.878125 0.822266
2 0.939453 0.817383 0.93125 0.817383 0.911719 0.824219 0.891797 0.825195 0.886328 0.82959 0.885938 0.833984 0.898047 0.836426 0.917578 0.835449 0.927344 0.830566 0.935156 0.82373
2 0.902734 0.884277 0.901172 0.882324 0.892969 0.883789 0.876953 0.893066 0.867969 0.903809 0.865234 0.912109 0.865234 0.916504 0.869922 0.91748 0.878516 0.904785 0.896094 0.893555 0.901563 0.888184
2 0.947656 0.817871 0.946094 0.817871 0.944141 0.820801 0.945312 0.842285 0.944844 0.860889 0.944258 0.875684 0.945508 0.885596 0.946875 0.896533 0.948828 0.900879 0.953125 0.853027 0.953125 0.833496 0.951172 0.822266
1 0.939063 0.716309 0.935547 0.712402 0.926953 0.708496 0.914453 0.707031 0.907813 0.708496 0.887109 0.719727 0.887109 0.722168 0.889062 0.725098 0.895312 0.725098 0.907422 0.71875 0.916406 0.716797 0.925391 0.717285 0.9375 0.721191 0.939063 0.720215
2 0.876563 0.689941 0.873437 0.699707 0.873437 0.707031 0.877344 0.722656 0.883594 0.732422 0.895703 0.746094 0.914375 0.748535 0.901953 0.743652 0.890234 0.728516 0.888672 0.720703 0.884375 0.719238 0.881641 0.715332 0.878516 0.705566 0.878125 0.691406
1 0.724219 0.754883 0.719141 0.75293 0.703906 0.759277 0.684766 0.772461 0.670703 0.779297 0.64793 0.795361 0.673047 0.788086 0.678906 0.788574 0.704688 0.77002 0.718359 0.762695 0.723828 0.757812
1 0.650781 0.782227 0.649609 0.783691 0.649609 0.785156 0.649219 0.785645 0.648828 0.785645 0.648438 0.785156 0.647656 0.785156 0.647266 0.784668 0.645703 0.784668 0.645312 0.785156 0.644922 0.785156 0.64375 0.786621 0.64375 0.788574 0.644922 0.790039 0.646484 0.790039 0.646875 0.790527 0.648047 0.790527 0.648438 0.791016 0.648828 0.791016 0.649219 0.791504 0.649609 0.791504 0.650391 0.79248 0.651563 0.79248 0.651953 0.792969 0.652344 0.792969 0.652734 0.793457 0.653125 0.793457 0.653516 0.793945 0.653906 0.793945 0.655469 0.795898 0.65625 0.795898 0.656641 0.796387 0.657422 0.796387 0.657813 0.796875 0.658203 0.796875 0.658984 0.797852 0.660156 0.797852 0.660937 0.798828 0.661328 0.798828 0.662109 0.799805 0.663281 0.799805 0.663672 0.800293 0.664453 0.800293 0.665625 0.801758 0.666797 0.801758 0.667188 0.802246 0.66875 0.802246 0.669141 0.802734 0.669922 0.802734 0.670312 0.803223 0.671094 0.803223 0.671484 0.803711 0.671875 0.803711 0.672656 0.804688 0.673828 0.804688 0.674219 0.805176 0.675781 0.805176 0.676172 0.805664 0.676953 0.805664 0.677734 0.806641 0.679297 0.806641 0.679688 0.807129 0.680078 0.807129 0.680859 0.808105 0.68125 0.808105 0.681641 0.808594 0.682813 0.808594 0.683203 0.809082 0.683594 0.809082 0.683984 0.80957 0.684375 0.80957 0.685547 0.811035 0.686328 0.811035 0.686719 0.811523 0.6875 0.811523 0.687891 0.812012 0.688672 0.812012 0.689063 0.8125 0.689453 0.8125 0.690234 0.813477 0.691406 0.813477 0.691797 0.813965 0.692187 0.813965 0.692969 0.814941 0.69375 0.814941 0.694141 0.81543 0.696094 0.81543 0.696875 0.816406 0.697266 0.816406 0.697656 0.816895 0.701172 0.816895 0.701562 0.816406 0.702734 0.816406 0.703125 0.815918 0.703906 0.815918 0.705078 0.814453 0.705078 0.811523 0.704688 0.811035 0.704688 0.810547 0.703516 0.809082 0.702734 0.809082 0.700781 0.806641 0.700391 0.806641 0.694922 0.799805 0.694922 0.799316 0.69375 0.797852 0.69375 0.796387 0.689844 0.791504 0.688672 0.791504 0.6875 0.790039 0.685937 0.790039 0.685547 0.789551 0.683984 0.789551 0.683594 0.789062 0.682031 0.789062 0.681641 0.788574 0.68125 0.788574 0.680859 0.788086 0.680078 0.788086 0.679688 0.787598 0.677734 0.787598 0.677344 0.787109 0.676953 0.787109 0.676562 0.786621 0.676172 0.786621 0.675781 0.786133 0.675391 0.786133 0.675 0.785645 0.674609 0.785645 0.674219 0.785156 0.673828 0.785156 0.673438 0.784668 0.671484 0.784668 0.670703 0.783691 0.669922 0.783691 0.669141 0.782715 0.66875 0.782715 0.668359 0.782227 0.657031 0.782227 0.656641 0.782715 0.653516 0.782715 0.653125 0.782227
1 0.625391 0.777832 0.623047 0.777832 0.619141 0.78125 0.601172 0.808105 0.594922 0.814941 0.578516 0.844727 0.575781 0.853027 0.576562 0.859863 0.580859 0.858398 0.587109 0.844238 0.616016 0.803223 0.623828 0.786621
2 0.623125 0.814111 0.603125 0.832031 0.575391 0.861816 0.576562 0.863281 0.583984 0.861816 0.609375 0.842285 0.616406 0.833496 0.619922 0.825684
2 0.633984 0.848633 0.638672 0.853516 0.662891 0.868164 0.671094 0.877441 0.681641 0.895508 0.686328 0.895508 0.687109 0.891602 0.685156 0.884277 0.681641 0.879883 0.675 0.865723 0.670312 0.859863 0.654297 0.850098 0.646484 0.847656 0.6375 0.84668
1 0.517969 0.855469 0.511328 0.876465 0.512109 0.896484 0.521484 0.939453 0.523438 0.944824 0.526172 0.946289 0.527734 0.943848 0.527344 0.931152 0.520703 0.900391 0.51875 0.877441 0.519531 0.856934
1 0.412891 0.875 0.412109 0.878418 0.417187 0.889648 0.429688 0.911133 0.433594 0.925293 0.435156 0.946289 0.439063 0.94873 0.444141 0.947266 0.445703 0.942871 0.444922 0.928711 0.438672 0.906738 0.427344 0.884766 0.423438 0.882812 0.417969 0.875977
1 0.406172 0.895605 0.393672 0.911084 0.432812 0.890625 0.440625 0.886719 0.459375 0.882812 0.462109 0.880371 0.452734 0.876465 0.439063 0.875977 0.430859 0.877441 0.426953 0.879883
2 0.415625 0.734375 0.413281 0.74707 0.414062 0.759766 0.416016 0.768555 0.420703 0.779785 0.432812 0.788086 0.454688 0.794434 0.454688 0.791016 0.425 0.770996 0.421094 0.762695 0.41875 0.751953 0.418359 0.736816 0.416797 0.733887
2 0.421484 0.784668 0.41875 0.783691 0.407813 0.790039 0.396484 0.802246 0.382812 0.810059 0.382031 0.814941 0.384375 0.816406 0.395703 0.814941 0.404687 0.80957 0.420312 0.791504 0.421875 0.787598
2 0.382422 0.836914 0.38125 0.835449 0.376563 0.836914 0.357031 0.858887 0.345313 0.868652 0.328516 0.892578 0.328906 0.899414 0.333594 0.899902 0.339062 0.890137 0.349219 0.87793 0.372656 0.85791 0.381641 0.844238
2 0.416797 0.809082 0.411719 0.808594 0.405469 0.813477 0.400781 0.822266 0.400781 0.82666 0.404297 0.828125 0.411719 0.824219 0.416406 0.814941
2 0.682813 0.918457 0.680859 0.921875 0.674219 0.977539 0.673828 0.994629 0.676953 0.996582 0.679297 0.995117 0.683594 0.97168 0.685156 0.919922
2 0.617969 0.979004 0.617969 0.98291 0.628906 0.996094 0.633984 1 0.659375 1 0.658984 0.997559 0.652344 0.993652 0.644141 0.991211 0.623047 0.979004
1 0.763281 0.921387 0.761328 0.924805 0.754687 0.927246 0.734375 0.92627 0.717969 0.930176 0.709375 0.930176 0.691406 0.920898 0.690625 0.918457 0.692187 0.916992 0.709375 0.917969 0.728125 0.914062 0.740625 0.914062 0.760938 0.916504 0.763281 0.918945
1 0.333984 0.901855 0.330469 0.90332 0.328906 0.907227 0.327344 0.926758 0.320703 0.963867 0.317578 0.991699 0.323047 0.986328 0.326953 0.974121 0.334766 0.922852 0.335547 0.90625
2 0.0695313 0.825684 0.0695313 0.827148 0.0753906 0.831543 0.0929688 0.83252 0.117188 0.842773 0.128125 0.842773 0.132031 0.839355 0.130469 0.834961 0.116016 0.832031 0.0957031 0.823242 0.0789062 0.822754
2 0.0410156 0.92627 0.040625 0.927734 0.0605469 0.952148 0.0628906 0.959473 0.0628906 0.967285 0.0585938 0.97998 0.0605469 0.982422 0.0648438 0.980469 0.0695313 0.971191 0.0710937 0.963867 0.0710937 0.957031 0.0691406 0.950195 0.0648438 0.942383 0.0578125 0.934082 0.0457031 0.926758
2 0.265234 0.361328 0.254297 0.355469 0.243359 0.356445 0.233984 0.360352 0.216406 0.377441 0.212891 0.391113 0.212891 0.401367 0.216406 0.401855 0.223438 0.385254 0.228125 0.378418 0.235937 0.371582 0.248047 0.365723 0.265234 0.365723
2 0.325391 0.405273 0.322656 0.407715 0.315234 0.430664 0.315625 0.439941 0.320703 0.452148 0.328516 0.459961 0.345313 0.47168 0.354297 0.476074 0.355078 0.474121 0.352734 0.469727 0.345313 0.462402 0.330859 0.452148 0.327734 0.447754 0.324219 0.435547 0.326172 0.414062
2 0.399375 0.364209 0.392578 0.370605 0.382812 0.383789 0.366016 0.412598 0.353125 0.430664 0.354687 0.436035 0.358984 0.437012 0.366406 0.428711 0.389453 0.388672
2 0.305078 0.321289 0.307031 0.325195 0.313672 0.331055 0.321875 0.335449 0.333203 0.338379 0.347656 0.335938 0.358203 0.326172 0.357031 0.323242 0.353125 0.323242 0.340625 0.327637 0.329688 0.329102 0.322656 0.327148 0.307422 0.318359
2 0.426953 0.352539 0.426563 0.358398 0.430469 0.366211 0.459375 0.401855 0.466016 0.405762 0.471094 0.40332 0.471484 0.397461 0.458281 0.38667 0.450313 0.379395 0.442734 0.366309 0.435547 0.355469 0.433594 0.351562
1 0.270703 0.269043 0.270703 0.271973 0.275391 0.279297 0.282422 0.28418 0.289844 0.286133 0.311328 0.28418 0.330469 0.279297 0.336328 0.275879 0.336328 0.271973 0.333984 0.270508 0.310547 0.274902 0.294531 0.275391 0.279687 0.272949 0.272266 0.26709
1 0.343359 0.302734 0.346875 0.310059 0.361328 0.317871 0.392578 0.323242 0.408984 0.323242 0.405078 0.317383 0.398438 0.314453 0.369141 0.308594 0.348438 0.30127 0.344531 0.30127
1 0.454688 0.333984 0.452344 0.331055 0.446484 0.330566 0.432031 0.335449 0.427344 0.339355 0.414844 0.340332 0.399609 0.336426 0.36875 0.337402 0.360938 0.339355 0.355078 0.345703 0.362891 0.347656 0.385547 0.345215 0.411328 0.351562 0.420703 0.352051 0.435547 0.349609 0.452344 0.340332
1 0.474219 0.222656 0.469531 0.224121 0.468359 0.245117 0.461719 0.274414 0.4625 0.282227 0.468359 0.279297 0.472656 0.26709 0.475391 0.23584 0.475391 0.224609
1 0.51875 0.168945 0.516406 0.16748 0.510156 0.169922 0.497656 0.178223 0.489453 0.178223 0.479297 0.173828 0.476953 0.174316 0.476172 0.177734 0.477734 0.181641 0.485547 0.189453 0.498047 0.192383 0.511719 0.183594 0.516016 0.178223
1 0.578906 0.138672 0.575781 0.135254 0.566016 0.133301 0.560937 0.134766 0.549609 0.14209 0.535156 0.15918 0.532422 0.166504 0.532813 0.174805 0.5375 0.175781 0.550391 0.157227 0.564063 0.14502 0.567578 0.143555 0.579688 0.144043
2 0.416016 0.197266 0.415625 0.20166 0.421484 0.209473 0.429297 0.224609 0.430469 0.232422 0.430078 0.251953 0.43125 0.253906 0.435156 0.253418 0.437109 0.249023 0.438281 0.226074 0.435547 0.213379 0.426172 0.200684 0.420703 0.197266
2 0.309375 0.151367 0.310547 0.155762 0.314453 0.157227 0.338281 0.157227 0.360938 0.160156 0.378125 0.160156 0.38125 0.158691 0.379688 0.15625 0.366016 0.150391 0.341406 0.147461 0.321875 0.147461 0.310937 0.149414
2 0.526172 0.226074 0.518359 0.228027 0.502344 0.236328 0.498437 0.242188 0.492188 0.246094 0.492578 0.260742 0.494922 0.269043 0.498828 0.269043 0.499219 0.259277 0.497852 0.250928 0.509766 0.241455 0.521602 0.234229 0.527344 0.229004
2 0.569531 0.15918 0.565234 0.15918 0.550781 0.165039 0.540625 0.174316 0.533203 0.188477 0.528516 0.212402 0.529297 0.215332 0.537109 0.205566 0.540234 0.192871 0.546875 0.180176 0.553906 0.172363 0.56875 0.165527 0.570703 0.162598
2 0.614844 0.119629 0.610156 0.121094 0.607031 0.125 0.600781 0.143066 0.594922 0.149414 0.596094 0.155273 0.603125 0.157715 0.607812 0.154785 0.615625 0.123535
2 0.582812 0.106445 0.580078 0.105469 0.576562 0.109863 0.572969 0.114062 0.564805 0.115283 0.559414 0.115869 0.548867 0.116895 0.540234 0.117188 0.539062 0.123047 0.542969 0.124512 0.554688 0.124512 0.568359 0.121094 0.577344 0.116699 0.58125 0.112305
2 0.647266 0.0795898 0.645703 0.0791016 0.6375 0.0908203 0.622266 0.101074 0.6 0.107422 0.588281 0.106934 0.586719 0.111816 0.592969 0.116699 0.601172 0.117188 0.617969 0.114746 0.632422 0.109375 0.640234 0.103516 0.646094 0.0957031 0.647656 0.0864258
2 0.645703 0.0996094 0.644141 0.102539 0.644531 0.107422 0.649609 0.118164 0.665625 0.138184 0.680859 0.151855 0.687109 0.15332 0.688281 0.149902 0.683984 0.142578 0.666406 0.125 0.650781 0.102051
1 0.557031 0.09375 0.549219 0.0957031 0.539453 0.102051 0.522656 0.119629 0.519531 0.12793 0.525391 0.138184 0.529297 0.141113 0.534766 0.138672 0.534375 0.134766 0.530469 0.130371 0.530859 0.126465 0.545312 0.112305 0.553516 0.101562
1 0.700391 0.111328 0.696484 0.118164 0.692187 0.133789 0.691797 0.13916 0.696094 0.15332 0.707422 0.163574 0.729297 0.174805 0.737891 0.177246 0.7375 0.17334 0.703906 0.147461 0.700781 0.137207 0.700781 0.128418 0.703125 0.114746 0.702344 0.111816
2 0.817187 0.0913086 0.816016 0.0888672 0.813672 0.0883789 0.791016 0.0986328 0.7625 0.102051 0.75 0.110352 0.742578 0.119629 0.746094 0.120117 0.758203 0.114258 0.795312 0.108398 0.810156 0.100586 0.815625 0.0952148
2 0.824219 0.196289 0.823047 0.194336 0.80625 0.196289 0.780859 0.203125 0.766797 0.208984 0.757422 0.211426 0.751172 0.210938 0.75 0.213867 0.751172 0.217285 0.755859 0.219238 0.772266 0.217773 0.791016 0.208984 0.817578 0.202148 0.823438 0.19873
2 0.801953 0.246582 0.801172 0.249023 0.805078 0.272461 0.809375 0.287109 0.830859 0.32959 0.838672 0.336914 0.8375 0.325684 0.833594 0.312988 0.830859 0.310059 0.817578 0.282715 0.806641 0.251465
2 0.864844 0.29541 0.860938 0.297852 0.855859 0.308594 0.851953 0.3125 0.844922 0.31543 0.833594 0.313477 0.833594 0.318848 0.842969 0.325195 0.850391 0.325684 0.857031 0.322754 0.863672 0.310547 0.865234 0.303711
2 0.916016 0.324219 0.915625 0.322754 0.9125 0.32373 0.905078 0.329102 0.866797 0.328613 0.864062 0.330078 0.864062 0.334473 0.867188 0.337891 0.873437 0.34082 0.904687 0.341797 0.912891 0.335449
2 0.849609 0.338379 0.848437 0.339844 0.848437 0.341797 0.850391 0.344238 0.850781 0.344238 0.852344 0.346191 0.852734 0.346191 0.853906 0.347656 0.854688 0.347656 0.855469 0.348633 0.855859 0.348633 0.856641 0.349609 0.857031 0.349609 0.858203 0.351074 0.858594 0.351074 0.858984 0.351562 0.859375 0.351562 0.859766 0.352051 0.860156 0.352051 0.860547 0.352539 0.860938 0.352539 0.862109 0.354004 0.8625 0.354004 0.862891 0.354492 0.863672 0.354492 0.864453 0.355469 0.865234 0.355469 0.866406 0.356934 0.867969 0.356934 0.86875 0.35791 0.871094 0.35791 0.871875 0.358887 0.872266 0.358887 0.872656 0.359375 0.873437 0.359375 0.873828 0.359863 0.874609 0.359863 0.875391 0.36084 0.876563 0.36084 0.876953 0.361328 0.877344 0.361328 0.877734 0.361816 0.878906 0.361816 0.879687 0.362793 0.880859 0.362793 0.88125 0.363281 0.882031 0.363281 0.882422 0.36377 0.882812 0.36377 0.883203 0.364258 0.883594 0.364258 0.883984 0.364746 0.885156 0.364746 0.885547 0.365234 0.887891 0.365234 0.888281 0.365723 0.888672 0.365723 0.889062 0.366211 0.894141 0.366211 0.894531 0.365723 0.895312 0.365723 0.895703 0.365234 0.897266 0.365234 0.897656 0.364746 0.898047 0.364746 0.898828 0.36377 0.899219 0.36377 0.899609 0.363281 0.9 0.363281 0.900391 0.362793 0.900781 0.362793 0.901563 0.361816 0.901953 0.361816 0.902344 0.361328 0.903125 0.361328 0.903516 0.36084 0.903906 0.36084 0.905078 0.359375 0.905078 0.355469 0.903906 0.354004 0.903516 0.354004 0.902734 0.353027 0.898828 0.353027 0.897656 0.354492 0.897266 0.354492 0.896875 0.35498 0.896484 0.35498 0.895703 0.355957 0.894531 0.355957 0.894141 0.356445 0.89375 0.356445 0.893359 0.356934 0.890234 0.356934 0.889844 0.356445 0.888281 0.356445 0.887891 0.355957 0.886328 0.355957 0.885938 0.355469 0.885156 0.355469 0.884766 0.35498 0.883203 0.35498 0.882422 0.354004 0.880859 0.354004 0.880078 0.353027 0.876953 0.353027 0.876563 0.352539 0.875391 0.352539 0.875 0.352051 0.874609 0.352051 0.873828 0.351074 0.873047 0.351074 0.872656 0.350586 0.871875 0.350586 0.871484 0.350098 0.870703 0.350098 0.869531 0.348633 0.869141 0.348633 0.868359 0.347656 0.867578 0.347656 0.866797 0.34668 0.866406 0.34668 0.864844 0.344727 0.864062 0.344727 0.863281 0.34375 0.862891 0.34375 0.8625 0.343262 0.862109 0.343262 0.861719 0.342773 0.860547 0.342773 0.860156 0.342285 0.859766 0.342285 0.858984 0.341309 0.858594 0.341309 0.857812 0.340332 0.857031 0.340332 0.85625 0.339355 0.855859 0.339355 0.855078 0.338379 0.853125 0.338379 0.852344 0.339355 0.851953 0.338867 0.851562 0.338867 0.851172 0.338379
2 0.883203 0.360352 0.882031 0.361816 0.881641 0.361816 0.88125 0.362305 0.880859 0.362305 0.880078 0.363281 0.879687 0.363281 0.878125 0.365234 0.876953 0.365234 0.876563 0.365723 0.875781 0.365723 0.875391 0.366211 0.874609 0.366211 0.874219 0.366699 0.873437 0.366699 0.873047 0.367188 0.872656 0.367188 0.872266 0.367676 0.871875 0.367676 0.871484 0.368164 0.871094 0.368164 0.870703 0.368652 0.86875 0.368652 0.868359 0.369141 0.867969 0.369141 0.867578 0.369629 0.866797 0.369629 0.866406 0.370117 0.866016 0.370117 0.865625 0.370605 0.864062 0.370605 0.863281 0.371582 0.862109 0.371582 0.861328 0.372559 0.859766 0.372559 0.859375 0.373047 0.858203 0.373047 0.857812 0.373535 0.85625 0.373535 0.855859 0.374023 0.854688 0.374023 0.854297 0.374512 0.853906 0.374512 0.853516 0.375 0.851562 0.375 0.851172 0.375488 0.849219 0.375488 0.848828 0.375977 0.848047 0.375977 0.847656 0.376465 0.847266 0.376465 0.846875 0.376953 0.845703 0.376953 0.844922 0.37793 0.843359 0.37793 0.842578 0.378906 0.841016 0.378906 0.839844 0.380371 0.838672 0.380371 0.838281 0.380859 0.837109 0.380859 0.836328 0.381836 0.835547 0.381836 0.835156 0.382324 0.834766 0.382324 0.834375 0.382812 0.833984 0.382812 0.832812 0.384277 0.832812 0.384766 0.832422 0.385254 0.832031 0.385254 0.830469 0.387207 0.830469 0.389648 0.831641 0.391113 0.832031 0.391113 0.832812 0.39209 0.836328 0.39209 0.838281 0.389648 0.839453 0.389648 0.840234 0.388672 0.840625 0.388672 0.841016 0.388184 0.842578 0.388184 0.843359 0.387207 0.84375 0.387207 0.844141 0.386719 0.847266 0.386719 0.848047 0.385742 0.848828 0.385742 0.849219 0.385254 0.849609 0.385254 0.85 0.384766 0.851172 0.384766 0.851562 0.384277 0.851953 0.384277 0.852344 0.383789 0.853516 0.383789 0.853906 0.383301 0.854688 0.383301 0.855078 0.382812 0.85625 0.382812 0.856641 0.382324 0.857031 0.382324 0.857422 0.381836 0.859375 0.381836 0.859766 0.381348 0.860547 0.381348 0.860938 0.380859 0.862109 0.380859 0.8625 0.380371 0.863672 0.380371 0.864062 0.379883 0.864453 0.379883 0.864844 0.379395 0.866406 0.379395 0.867188 0.378418 0.868359 0.378418 0.869141 0.377441 0.871094 0.377441 0.871875 0.376465 0.873828 0.376465 0.874219 0.375977 0.875 0.375977 0.875391 0.375488 0.876172 0.375488 0.876953 0.374512 0.877344 0.374512 0.877734 0.374023 0.878125 0.374023 0.878516 0.373535 0.878906 0.373535 0.879297 0.373047 0.879687 0.373047 0.880078 0.372559 0.880469 0.372559 0.880859 0.37207 0.88125 0.37207 0.881641 0.371582 0.882422 0.371582 0.883203 0.370605 0.883594 0.370605 0.883984 0.370117 0.885547 0.370117 0.886328 0.369141 0.886719 0.369141 0.887109 0.368652 0.8875 0.368652 0.887891 0.368164 0.888281 0.368164 0.889844 0.366211 0.889844 0.361816 0.888672 0.360352
2 0.630078 0.280762 0.626953 0.288574 0.626953 0.299805 0.628906 0.30957 0.640625 0.342773 0.648828 0.355957 0.654297 0.359863 0.654687 0.352539 0.642578 0.324707 0.631641 0.280762
2 0.829297 0.467285 0.828906 0.470215 0.847266 0.473633 0.871094 0.483398 0.884766 0.494141 0.888281 0.494141 0.889844 0.491699 0.888281 0.486816 0.88125 0.480957 0.857031 0.467773 0.849219 0.465332
1 0.715625 0.268066 0.712109 0.267578 0.697266 0.274414 0.677734 0.291016 0.665234 0.306152 0.660547 0.316406 0.660156 0.321777 0.6625 0.323242 0.672266 0.312012 0.685156 0.300781 0.687891 0.296387 0.708594 0.278809 0.715234 0.271484
1 0.720703 0.262207 0.716406 0.255859 0.705469 0.255371 0.676172 0.266602 0.665234 0.279297 0.660547 0.29541 0.6625 0.295898 0.673828 0.283203 0.689063 0.272949 0.703125 0.266602 0.717187 0.267578 0.720703 0.264648
1 0.830469 0.394531 0.828125 0.396484 0.828125 0.399902 0.835547 0.405273 0.840234 0.413574 0.853906 0.462402 0.857422 0.465332 0.857031 0.437988 0.848828 0.40918 0.841797 0.398438 0.833984 0.394043
1 0.719141 0.338867 0.719922 0.34375 0.728516 0.355469 0.742969 0.368164 0.760156 0.380859 0.764844 0.381836 0.766797 0.379883 0.767578 0.376465 0.764062 0.371582 0.744141 0.355957 0.733203 0.345215 0.723828 0.338867
1 0.565234 0.372559 0.556641 0.373535 0.548828 0.377441 0.543359 0.383301 0.532422 0.391113 0.521484 0.404785 0.500391 0.41748 0.493359 0.424805 0.496484 0.427734 0.502734 0.427246 0.530039 0.41123 0.545703 0.396973
1 0.591406 0.34082 0.591016 0.342773 0.598437 0.352539 0.608984 0.376953 0.623437 0.398438 0.625781 0.399902 0.630469 0.398926 0.630859 0.391602 0.618359 0.370117 0.607422 0.347168 0.599219 0.341309
1 0.576562 0.371094 0.575781 0.372559 0.580469 0.379395 0.593359 0.38623 0.601172 0.393066 0.605078 0.407715 0.617578 0.4375 0.622656 0.444824 0.626953 0.444336 0.624609 0.430664 0.618359 0.413086 0.617109 0.401465 0.608594 0.384766 0.602344 0.381836 0.599219 0.378418 0.591797 0.375488 0.588281 0.375977 0.582031 0.371582
1 0.654687 0.396484 0.651172 0.39502 0.638672 0.395996 0.606328 0.403418 0.594141 0.415771 0.620313 0.410156 0.639453 0.409668
2 0.551562 0.446777 0.549609 0.444824 0.540234 0.444824 0.526172 0.44873 0.507031 0.450195 0.496875 0.449219 0.494922 0.45166 0.496484 0.455566 0.501563 0.459961 0.522266 0.461426 0.544531 0.455566 0.549609 0.452637
2 0.536562 0.387451 0.531094 0.377783 0.515234 0.432617 0.519141 0.448242 0.521094 0.450684 0.526953 0.45166 0.528906 0.447266 0.526563 0.442871 0.526563 0.418457
2 0.509375 0.105957 0.505859 0.105469 0.482031 0.118164 0.477344 0.123047 0.473828 0.135254 0.473828 0.152344 0.476172 0.162598 0.476562 0.174316 0.482031 0.174316 0.480469 0.145996 0.482031 0.134766 0.484375 0.128418 0.487891 0.124512 0.506641 0.113281 0.509766 0.10791
2 0.552344 0.00634766 0.553906 0.00927734 0.564453 0.0146484 0.589453 0.0229492 0.600391 0.0229492 0.616797 0.0185547 0.620313 0.0151367 0.619141 0.0112305 0.597656 0.012207 0.577344 0.00390625 0.567969 0.00341797
2 0.385937 0.0136719 0.388281 0.0185547 0.401953 0.0166016 0.435156 0.0214844 0.441406 0.0180664 0.437109 0.0146484 0.404297 0.00537109 0.392188 0.00732422
2 0.485547 0.935059 0.484375 0.940918 0.485938 0.962891 0.492578 0.986328 0.497266 0.991699 0.498828 0.991699 0.501563 0.987793 0.500117 0.977002 0.498398 0.970947 0.497266 0.964355 0.487109 0.936035
2 0.36875 0.544922 0.368359 0.549805 0.369922 0.552734 0.376563 0.558105 0.420703 0.584961 0.432031 0.590332 0.435937 0.59082 0.438281 0.589355 0.438281 0.587402 0.408594 0.564941 0.381641 0.54834 0.373047 0.544434
