0 0.266406 0.720215 0.261328 0.728027 0.260547 0.730957 0.260547 0.734863 0.262109 0.744141 0.264062 0.748047 0.264062 0.751465 0.265625 0.757812 0.269922 0.764648 0.270703 0.76709 0.275 0.77002 0.279687 0.770508 0.290625 0.779297 0.295703 0.78125 0.299219 0.784668 0.305078 0.787109 0.307031 0.787109 0.309375 0.782715 0.308203 0.780762 0.307031 0.774414 0.304688 0.768555 0.304297 0.760254 0.305078 0.758301 0.307422 0.756348 0.310156 0.752441 0.310156 0.750977 0.308984 0.749023 0.308594 0.740234 0.304688 0.735352 0.301953 0.733887 0.297656 0.729004 0.297656 0.723145 0.295312 0.719727 0.294531 0.719727 0.291016 0.716309 0.2875 0.716797 0.284375 0.715332 0.273828 0.71582
0 0.394531 0.543945 0.392578 0.541016 0.378125 0.538086 0.372656 0.538086 0.364453 0.541504 0.352344 0.543457 0.348438 0.547363 0.346484 0.547852 0.344922 0.549805 0.344531 0.552246 0.340625 0.555176 0.335547 0.5625 0.324609 0.571289 0.321484 0.575195 0.321484 0.578613 0.322266 0.57959 0.327344 0.580078 0.332813 0.582031 0.342578 0.588379 0.349609 0.591309 0.361719 0.591309 0.366016 0.588867 0.36875 0.588379 0.376953 0.583496 0.38125 0.578125 0.3875 0.563965 0.390234 0.560059 0.394531 0.550781
0 0.758984 0.57959 0.755078 0.582031 0.750781 0.583496 0.747656 0.586914 0.747266 0.604004 0.748437 0.609375 0.750391 0.612305 0.751172 0.615234 0.758984 0.626465 0.765625 0.632324 0.768359 0.633301 0.770703 0.630859 0.770703 0.621582 0.769922 0.614746 0.772656 0.607422 0.773047 0.595215 0.771094 0.588867 0.767578 0.585449 0.763672 0.580078
0 0.813281 0.314941 0.811328 0.319336 0.811328 0.325684 0.808984 0.329102 0.808203 0.33252 0.808984 0.337891 0.810547 0.341309 0.810937 0.353027 0.813281 0.362305 0.815234 0.364746 0.81875 0.366699 0.825 0.366211 0.833984 0.36377 0.842578 0.36377 0.849219 0.361328 0.850781 0.355469 0.851172 0.334473 0.849609 0.330566 0.848828 0.326172 0.844141 0.318359 0.842969 0.314941 0.841797 0.313477 0.833984 0.311523 0.819922 0.311523
0 0.883984 0.185059 0.883984 0.188477 0.88125 0.188477 0.879297 0.191406 0.877344 0.192383 0.876172 0.194824 0.875391 0.199707 0.875781 0.205566 0.874609 0.21582 0.869141 0.224609 0.869922 0.228027 0.869531 0.233398 0.870313 0.23584 0.870313 0.23877 0.872266 0.244141 0.876563 0.249023 0.878906 0.25 0.880859 0.252441 0.882031 0.252441 0.885938 0.255371 0.891797 0.257812 0.901172 0.257324 0.907422 0.25293 0.912109 0.248047 0.912109 0.237793 0.909766 0.231934 0.906641 0.228027 0.905078 0.224609 0.902344 0.211914 0.897266 0.199219 0.895703 0.197266 0.891406 0.194336 0.889453 0.191895 0.889062 0.189453 0.885938 0.187012 0.885547 0.185059
0 0.892578 0.138672 0.891797 0.141113 0.891797 0.144043 0.892578 0.146484 0.896875 0.154785 0.896484 0.158203 0.898828 0.160156 0.902344 0.16748 0.904297 0.169434 0.904297 0.173828 0.908203 0.174316 0.910547 0.177734 0.919531 0.183594 0.924219 0.18457 0.927734 0.186523 0.932422 0.186035 0.936328 0.184082 0.940625 0.176758 0.954688 0.165039 0.957812 0.161621 0.959766 0.158203 0.959375 0.154297 0.951562 0.15332 0.948828 0.151367 0.941797 0.142578 0.939453 0.136719 0.934766 0.132324 0.932031 0.130859 0.917578 0.131348 0.911328 0.133789 0.908203 0.133789 0.903906 0.135742 0.895703 0.137207
0 0.459375 0.185059 0.455078 0.192871 0.45 0.205078 0.45 0.208008 0.448828 0.212402 0.448437 0.216797 0.451953 0.224609 0.451562 0.229004 0.453906 0.235352 0.457422 0.239746 0.466406 0.245605 0.469531 0.246094 0.475391 0.249023 0.482812 0.249512 0.486328 0.24707 0.490625 0.240723 0.491797 0.236816 0.495703 0.232422 0.495312 0.223633 0.492578 0.21875 0.490234 0.216309 0.489844 0.213379 0.487109 0.210938 0.483984 0.203125 0.48125 0.200195 0.478906 0.193359 0.477344 0.191406 0.474219 0.188965 0.472266 0.188965 0.463672 0.183594
0 0.592969 0.653809 0.593359 0.65918 0.594531 0.663574 0.602344 0.671875 0.607031 0.674805 0.611328 0.674805 0.61875 0.678223 0.622656 0.678223 0.627344 0.680176 0.637891 0.682617 0.642969 0.686035 0.654297 0.686523 0.65625 0.6875 0.662109 0.687012 0.669141 0.681641 0.670703 0.679199 0.670703 0.677246 0.666406 0.673828 0.656641 0.670898 0.647266 0.665039 0.645312 0.664551 0.641797 0.661133 0.639844 0.657715 0.637109 0.655273 0.632812 0.649414 0.627734 0.645996 0.623047 0.641602 0.610938 0.640625 0.604688 0.643555 0.600391 0.644531 0.596094 0.647461 0.594141 0.650391
2 0.696484 0.138184 0.696484 0.143555 0.707031 0.154785 0.708203 0.159668 0.710938 0.164062 0.722266 0.175293 0.727344 0.179199 0.732812 0.180176 0.739453 0.178223 0.741797 0.176758 0.744922 0.17334 0.745313 0.171387 0.748047 0.166504 0.749219 0.160645 0.749219 0.147461 0.748437 0.140137 0.746484 0.135742 0.744141 0.132812 0.739844 0.129395 0.736719 0.12793 0.732031 0.127441 0.719141 0.131348 0.710547 0.135742 0.698438 0.136719
2 0.697266 0.249512 0.692969 0.25 0.685547 0.253906 0.678906 0.255859 0.676562 0.255859 0.674609 0.254883 0.669922 0.256348 0.665234 0.26123 0.662891 0.272949 0.663672 0.284668 0.665234 0.292969 0.667969 0.299805 0.670703 0.303223 0.678125 0.307129 0.690234 0.307617 0.692187 0.306641 0.69375 0.303223 0.696875 0.300781 0.698047 0.298828 0.698438 0.295898 0.700781 0.291016 0.700781 0.277832 0.699219 0.270996 0.698047 0.259766 0.698438 0.251465
2 0.60625 0.255859 0.603516 0.259766 0.602734 0.263184 0.603125 0.267578 0.605469 0.276367 0.610547 0.286133 0.615234 0.29248 0.622266 0.299805 0.630859 0.303711 0.637891 0.308105 0.641797 0.3125 0.645703 0.31543 0.648047 0.314941 0.65 0.310059 0.650391 0.304688 0.65 0.29834 0.649219 0.296387 0.647656 0.284668 0.644141 0.273926 0.636328 0.259766 0.630859 0.254395 0.624609 0.251953 0.615234 0.252441
2 0.633984 0.328125 0.630469 0.328613 0.625781 0.331055 0.61875 0.339844 0.616797 0.345215 0.616406 0.35498 0.618359 0.365723 0.622266 0.374023 0.625391 0.377441 0.630859 0.381348 0.633594 0.382324 0.638672 0.381836 0.642969 0.378906 0.644922 0.375977 0.647266 0.370117 0.65 0.366699 0.653906 0.365234 0.662891 0.364258 0.666016 0.361816 0.666016 0.360352 0.659375 0.345215 0.653125 0.336914 0.646484 0.332031
2 0.549609 0.104004 0.542969 0.101562 0.533203 0.102051 0.529687 0.100586 0.525391 0.101074 0.523828 0.103027 0.521875 0.103516 0.517578 0.106445 0.515234 0.109863 0.514453 0.111816 0.514453 0.115723 0.516406 0.119629 0.520703 0.125 0.522266 0.130371 0.522266 0.146973 0.521094 0.154297 0.519531 0.157715 0.519141 0.162109 0.520703 0.165039 0.522266 0.165527 0.528906 0.164551 0.534375 0.161133 0.544531 0.157715 0.549609 0.154785 0.553516 0.150391 0.555078 0.147461 0.558594 0.13623 0.560937 0.12207 0.558594 0.114258 0.554688 0.11084 0.553516 0.10791
2 0.522656 0.182129 0.518359 0.178223 0.513281 0.175781 0.506641 0.174316 0.500391 0.175781 0.497266 0.178223 0.494141 0.178223 0.4875 0.183105 0.484375 0.184082 0.481641 0.186035 0.480078 0.186035 0.476562 0.19043 0.476562 0.195312 0.478516 0.201172 0.483594 0.208984 0.489453 0.21582 0.492969 0.216797 0.501953 0.217285 0.513281 0.216309 0.521875 0.210449 0.525781 0.20459 0.525391 0.188965
2 0.409375 0.102051 0.404297 0.0957031 0.396094 0.0913086 0.389062 0.0917969 0.380469 0.0966797 0.372266 0.104004 0.368359 0.111816 0.362109 0.129395 0.352734 0.141602 0.352734 0.143066 0.356641 0.145996 0.370703 0.147949 0.380859 0.147949 0.39375 0.144531 0.404687 0.137207 0.408984 0.133301 0.411719 0.128418 0.4125 0.125 0.412891 0.115723
2 0.406641 0.0439453 0.395313 0.0356445 0.388281 0.0361328 0.367188 0.0444336 0.359375 0.0493164 0.353516 0.0566406 0.353906 0.0600586 0.357422 0.0644531 0.359766 0.0654297 0.368359 0.0727539 0.372656 0.0742188 0.376172 0.0737305 0.38125 0.0712891 0.394531 0.0610352 0.402734 0.0517578 0.406641 0.0449219
2 0.324609 0.15918 0.322656 0.161621 0.323047 0.169434 0.326562 0.187988 0.329688 0.196777 0.335547 0.20459 0.342187 0.209961 0.35 0.220703 0.353125 0.220703 0.354297 0.214844 0.353906 0.204102 0.353125 0.20166 0.353125 0.197266 0.35 0.186523 0.346875 0.181152 0.333984 0.165527 0.327344 0.15918
2 0.460938 0.305176 0.459375 0.299805 0.45625 0.294434 0.450781 0.289551 0.444531 0.286133 0.432031 0.281738 0.423438 0.281738 0.419141 0.283691 0.411719 0.291504 0.408203 0.293945 0.397656 0.297363 0.392578 0.300781 0.388281 0.306641 0.384766 0.316406 0.379297 0.322266 0.375781 0.324219 0.373047 0.327637 0.372656 0.330566 0.377734 0.334961 0.385156 0.337402 0.394531 0.337402 0.403516 0.335449 0.411719 0.335449 0.427344 0.333008 0.437891 0.327148 0.44375 0.325195 0.448047 0.324707 0.455469 0.321777 0.458203 0.318359 0.459766 0.314941 0.460938 0.310547
2 0.621875 0.432129 0.61875 0.434082 0.615234 0.439453 0.613672 0.443848 0.6125 0.450684 0.613672 0.459473 0.614844 0.462891 0.614844 0.469727 0.615625 0.475586 0.618359 0.482422 0.619531 0.487305 0.623437 0.492188 0.627344 0.495117 0.63125 0.496094 0.636328 0.499023 0.641016 0.504395 0.642969 0.509277 0.646094 0.510742 0.647266 0.506836 0.647266 0.498535 0.644531 0.482422 0.644531 0.479004 0.642188 0.467285 0.639453 0.458984 0.634375 0.447266 0.623437 0.432129
2 0.798828 0.302734 0.796875 0.300293 0.794922 0.29541 0.792188 0.291992 0.789844 0.290527 0.782422 0.290039 0.779297 0.291016 0.76875 0.297363 0.766016 0.299805 0.764844 0.303711 0.763281 0.306152 0.763281 0.307617 0.764453 0.310059 0.763281 0.311523 0.759375 0.312012 0.755078 0.314941 0.75625 0.317871 0.75625 0.322266 0.759766 0.324219 0.764062 0.325195 0.770312 0.32959 0.779687 0.328125 0.782813 0.325195 0.787891 0.323242 0.792188 0.317383 0.796484 0.31543 0.797656 0.313965 0.799609 0.308105
2 0.947656 0.383301 0.946484 0.384766 0.946484 0.388672 0.95 0.396484 0.952344 0.399902 0.955078 0.408203 0.955469 0.412598 0.953516 0.418945 0.953125 0.424316 0.955469 0.432617 0.9625 0.441895 0.967578 0.445801 0.976172 0.446289 0.980469 0.444824 0.993359 0.428711 0.996094 0.424316 0.996875 0.421387 0.997656 0.410645 0.996484 0.405762 0.992188 0.396484 0.986719 0.391602 0.978906 0.38916 0.960156 0.381348 0.953125 0.381348
2 0.541016 0.71875 0.539844 0.722168 0.539062 0.728027 0.539844 0.737793 0.544141 0.749023 0.548438 0.753906 0.552734 0.756836 0.563672 0.760742 0.571094 0.761719 0.584375 0.760742 0.588672 0.761719 0.591406 0.760254 0.591406 0.758789 0.589453 0.755371 0.588672 0.751465 0.5875 0.75 0.584375 0.740723 0.580469 0.733398 0.575391 0.727539 0.56875 0.72168 0.563281 0.71875 0.560156 0.71582 0.552734 0.712891 0.548047 0.712891 0.545312 0.713867 0.542969 0.71582
2 0.615625 0.792969 0.612109 0.786133 0.607422 0.78418 0.600781 0.77832 0.59375 0.774414 0.591406 0.771484 0.587891 0.769531 0.58125 0.767578 0.580469 0.766602 0.580469 0.76416 0.579688 0.763672 0.576172 0.76416 0.572266 0.763184 0.569531 0.765625 0.565234 0.767578 0.559766 0.767578 0.555078 0.769043 0.544141 0.770508 0.533203 0.775391 0.525781 0.78418 0.521484 0.791016 0.520312 0.794434 0.519922 0.803711 0.520703 0.807129 0.524609 0.814453 0.530078 0.818848 0.542188 0.819336 0.544531 0.818359 0.548438 0.818359 0.551953 0.816895 0.558203 0.816895 0.565625 0.819824 0.569141 0.822754 0.580469 0.827148 0.588672 0.828125 0.591406 0.82666 0.596094 0.827148 0.603125 0.82373 0.605078 0.821777 0.609766 0.812012 0.6125 0.808105 0.614844 0.802246 0.615625 0.79834
2 0.771484 0.681152 0.771875 0.69043 0.775391 0.70166 0.778906 0.706055 0.783203 0.708984 0.792188 0.710938 0.798047 0.713867 0.806641 0.713379 0.810937 0.709961 0.812891 0.707031 0.819531 0.702148 0.823047 0.701172 0.827734 0.698242 0.830859 0.694336 0.830859 0.692871 0.827344 0.692383 0.825781 0.689941 0.823047 0.689941 0.820312 0.686523 0.819141 0.686035 0.817578 0.683105 0.815234 0.681152 0.815234 0.677246 0.812109 0.67334 0.806641 0.671387 0.803125 0.671387 0.799219 0.666992 0.795312 0.66748 0.79375 0.668945 0.789453 0.669434 0.7875 0.67041 0.784766 0.669434 0.779687 0.669922 0.774609 0.673828
2 0.884766 0.739258 0.884766 0.741211 0.886328 0.743652 0.887109 0.749023 0.888281 0.750488 0.891406 0.751465 0.892188 0.752441 0.891797 0.755859 0.89375 0.758301 0.898047 0.766602 0.903906 0.773438 0.908203 0.774902 0.911328 0.777832 0.913672 0.778809 0.916016 0.781738 0.918359 0.781738 0.91875 0.782715 0.919922 0.782715 0.918359 0.781738 0.919141 0.779297 0.919922 0.778809 0.921875 0.780273 0.923828 0.780273 0.935156 0.768555 0.938281 0.763672 0.943359 0.760742 0.948047 0.755859 0.948828 0.752441 0.948047 0.748047 0.94375 0.743652 0.941406 0.743164 0.934375 0.739258 0.924609 0.736816 0.920703 0.736816 0.917969 0.73584 0.910547 0.73584 0.891797 0.737793 0.889453 0.73584 0.887891 0.73584 0.885938 0.73877
2 0.788672 0.725098 0.789062 0.728516 0.791406 0.729492 0.797656 0.734375 0.803906 0.741699 0.808203 0.748047 0.809766 0.753906 0.812891 0.760254 0.819141 0.768066 0.825781 0.770996 0.83125 0.771484 0.834766 0.77002 0.8375 0.767578 0.840234 0.759277 0.840625 0.751953 0.834766 0.739746 0.827344 0.731934 0.819922 0.727539 0.809375 0.724609 0.79375 0.723633 0.790234 0.724121
2 0.735156 0.591797 0.732422 0.591309 0.728125 0.594727 0.721875 0.604492 0.71875 0.608398 0.710547 0.614746 0.707422 0.618652 0.704688 0.624023 0.703125 0.633789 0.703125 0.645996 0.703906 0.650879 0.709375 0.65918 0.714063 0.662598 0.716406 0.663574 0.724609 0.664062 0.736719 0.659668 0.745313 0.650391 0.747656 0.643066 0.746875 0.638184 0.747266 0.634277 0.745313 0.623047 0.740234 0.611816 0.737891 0.595703 0.737109 0.59375
2 0.836719 0.836914 0.833203 0.835938 0.830469 0.833496 0.829297 0.833496 0.826562 0.835449 0.823438 0.833984 0.821484 0.833984 0.818359 0.836914 0.814063 0.835449 0.812891 0.837402 0.811328 0.837891 0.806641 0.842285 0.805469 0.845703 0.802344 0.851074 0.800781 0.856445 0.800391 0.861328 0.799219 0.863281 0.798438 0.866699 0.798438 0.876953 0.799609 0.879883 0.803125 0.884766 0.816797 0.891113 0.819531 0.891113 0.822266 0.889648 0.826562 0.885742 0.832812 0.873047 0.833984 0.868652 0.834766 0.86084 0.836328 0.857422 0.836328 0.853027 0.8375 0.849609 0.836719 0.845703 0.838672 0.842773 0.838672 0.839844
2 0.860156 0.82666 0.860547 0.833496 0.864844 0.841309 0.873437 0.850586 0.876953 0.851562 0.879687 0.853516 0.880859 0.855469 0.884375 0.856934 0.885156 0.85791 0.884766 0.861816 0.8875 0.866211 0.888281 0.869141 0.892578 0.870117 0.900391 0.874512 0.905078 0.875488 0.908594 0.874512 0.914844 0.869629 0.916797 0.865723 0.917969 0.861328 0.917969 0.856934 0.919141 0.854004 0.919922 0.84668 0.919922 0.841797 0.919141 0.837891 0.916406 0.833008 0.908984 0.827148 0.903516 0.824219 0.891016 0.822754 0.878516 0.82373 0.869922 0.826172 0.860938 0.825684
2 0.541406 0.881348 0.541406 0.888672 0.542969 0.891113 0.544922 0.896973 0.549219 0.902832 0.55625 0.907715 0.558984 0.908691 0.568359 0.90918 0.572266 0.910645 0.579297 0.910645 0.591406 0.908691 0.592578 0.907715 0.594141 0.903809 0.594141 0.898438 0.590625 0.887695 0.588672 0.884277 0.587891 0.880859 0.584766 0.876953 0.585938 0.873047 0.581641 0.868164 0.580078 0.864258 0.572656 0.857422 0.564844 0.859375 0.559766 0.86377 0.552734 0.865723 0.548438 0.868652 0.545312 0.872559 0.54375 0.877441
2 0.630078 0.846191 0.629297 0.85791 0.627344 0.862305 0.627344 0.865723 0.629297 0.870605 0.631641 0.873047 0.630859 0.876953 0.634766 0.876953 0.637891 0.879883 0.640234 0.879883 0.642578 0.878418 0.644922 0.880371 0.662109 0.879883 0.665625 0.881348 0.674219 0.880859 0.678125 0.878906 0.685547 0.869629 0.686719 0.865723 0.687109 0.857422 0.683203 0.847656 0.680078 0.841797 0.677344 0.838379 0.670312 0.834473 0.641797 0.833984 0.637891 0.835938
2 0.303125 0.869629 0.301953 0.878418 0.302344 0.885254 0.305078 0.89209 0.308203 0.895996 0.310937 0.898438 0.314844 0.899902 0.325781 0.899902 0.342187 0.893066 0.357031 0.892578 0.358984 0.889648 0.358203 0.884277 0.355469 0.880371 0.354297 0.876953 0.345703 0.868164 0.338672 0.864258 0.333984 0.862793 0.328906 0.862305 0.322266 0.859863 0.313672 0.859375 0.310937 0.860352 0.306641 0.86377
2 0.343359 0.772461 0.342187 0.771973 0.338281 0.777344 0.336719 0.78125 0.330859 0.791504 0.325391 0.804199 0.323828 0.80957 0.321094 0.813965 0.317578 0.821777 0.316016 0.828125 0.313672 0.831543 0.312891 0.835449 0.311328 0.837891 0.311328 0.841309 0.309766 0.843262 0.307422 0.844238 0.307422 0.845703 0.314453 0.849609 0.323437 0.851074 0.325391 0.849609 0.328125 0.844238 0.332031 0.84375 0.333984 0.842285 0.337891 0.842285 0.339844 0.838867 0.341406 0.838867 0.342187 0.837891 0.34375 0.828125 0.342578 0.79248 0.342969 0.78418 0.344531 0.774414
2 0.184375 0.743652 0.183594 0.749023 0.184766 0.756348 0.189062 0.767578 0.197266 0.784668 0.204687 0.784668 0.212891 0.780273 0.230078 0.773926 0.245312 0.771484 0.249609 0.771484 0.251172 0.772461 0.259375 0.771973 0.257812 0.769531 0.257422 0.767578 0.253125 0.762695 0.248047 0.754883 0.24375 0.752441 0.239453 0.751953 0.230859 0.749023 0.216406 0.739746 0.199219 0.735352 0.191797 0.735352 0.188672 0.736328 0.185938 0.739746
2 0.372656 0.632324 0.367578 0.630859 0.363672 0.630859 0.353906 0.633301 0.348828 0.637207 0.345313 0.642578 0.343359 0.649902 0.342578 0.662109 0.346094 0.684082 0.346094 0.686523 0.345313 0.688477 0.345313 0.696777 0.346094 0.69873 0.348828 0.70166 0.350781 0.701172 0.365625 0.684082 0.376563 0.678711 0.379688 0.674316 0.379688 0.67041 0.381641 0.666992 0.383203 0.659668 0.383984 0.649414 0.382031 0.643555 0.378125 0.637207
2 0.084375 0.650879 0.0871094 0.658691 0.0929688 0.665527 0.0949219 0.666992 0.0988281 0.66748 0.103125 0.666504 0.112109 0.659668 0.119141 0.649902 0.121484 0.645508 0.13125 0.636719 0.134766 0.635254 0.135547 0.634277 0.135937 0.631348 0.135547 0.630371 0.133594 0.629395 0.126953 0.62793 0.0984375 0.627441 0.0929688 0.628418 0.0894531 0.630859 0.0863281 0.635254 0.0847656 0.63916 0.0839844 0.64502
2 0.166797 0.685059 0.164844 0.684082 0.162891 0.681152 0.159766 0.680664 0.158203 0.677734 0.155859 0.676758 0.153906 0.673828 0.149219 0.674316 0.146875 0.67334 0.145313 0.677246 0.144531 0.691406 0.141797 0.696289 0.136719 0.710938 0.133984 0.716797 0.133984 0.720215 0.139844 0.720703 0.154688 0.713867 0.158984 0.712891 0.162109 0.709473 0.164844 0.708496 0.166797 0.705078 0.166797 0.691895 0.165625 0.689453 0.166797 0.6875
2 0.301172 0.535156 0.301172 0.521484 0.300391 0.519043 0.298438 0.51709 0.295703 0.51709 0.291016 0.515137 0.285938 0.51416 0.282031 0.51416 0.270313 0.51709 0.266797 0.51709 0.258984 0.519531 0.240625 0.522461 0.239453 0.523926 0.239844 0.525879 0.24375 0.527344 0.248047 0.53125 0.258594 0.535645 0.263672 0.538574 0.267188 0.539551 0.269141 0.541016 0.275781 0.542969 0.284766 0.543457 0.292969 0.542969 0.295312 0.541992 0.298438 0.54248 0.3 0.540527
2 0.346484 0.487305 0.339844 0.484863 0.337891 0.48291 0.335547 0.481934 0.326172 0.481445 0.317969 0.486328 0.314844 0.489258 0.309766 0.497559 0.307031 0.510254 0.303516 0.517578 0.303516 0.521484 0.301953 0.524902 0.302734 0.528809 0.302344 0.535156 0.303125 0.536621 0.301563 0.540039 0.301563 0.541504 0.302734 0.54541 0.302734 0.549316 0.303906 0.552734 0.303906 0.557129 0.305469 0.563477 0.305078 0.573242 0.305859 0.576172 0.307422 0.575684 0.309375 0.568359 0.313672 0.562988 0.319141 0.558594 0.326562 0.550293 0.330859 0.543945 0.336328 0.533203 0.336719 0.529297 0.339844 0.525391 0.340234 0.522461 0.342187 0.520508 0.345313 0.520508 0.346875 0.518555 0.347266 0.51416 0.350391 0.509766 0.350391 0.506348 0.351172 0.503418 0.351172 0.494141 0.350391 0.491699
2 0.270313 0.202637 0.266797 0.202637 0.263281 0.204102 0.259375 0.208008 0.257422 0.212402 0.251953 0.219238 0.246094 0.224121 0.242188 0.228516 0.242188 0.237305 0.243359 0.241211 0.247656 0.248047 0.248047 0.252441 0.251953 0.254883 0.258203 0.257324 0.263281 0.258301 0.271484 0.257812 0.276562 0.255859 0.28125 0.25293 0.286719 0.246582 0.2875 0.244629 0.288281 0.238281 0.287891 0.228516 0.285938 0.221191 0.282813 0.213379 0.278516 0.207031
2 0.192188 0.225586 0.190234 0.229492 0.189844 0.233887 0.192578 0.245117 0.195312 0.249512 0.196484 0.25293 0.205078 0.26416 0.2125 0.270996 0.219141 0.275879 0.232813 0.28418 0.247266 0.290039 0.249219 0.288574 0.249219 0.282715 0.246094 0.278809 0.239453 0.266602 0.236719 0.259766 0.236719 0.255371 0.234766 0.252441 0.239844 0.248535 0.240234 0.243652 0.241016 0.241699 0.240625 0.23291 0.237891 0.228516 0.223438 0.219238 0.216406 0.21582 0.213672 0.215332 0.204297 0.216797 0.195703 0.22168
2 0.0457031 0.184082 0.0457031 0.186523 0.046875 0.188965 0.0507812 0.193359 0.0652344 0.20459 0.0703125 0.210449 0.0738281 0.213379 0.0792969 0.216309 0.0859375 0.218262 0.0921875 0.218262 0.0964844 0.217285 0.102734 0.213379 0.105859 0.209473 0.107813 0.205078 0.107813 0.196777 0.105078 0.188477 0.0996094 0.181641 0.0917969 0.17627 0.0855469 0.175293 0.0761719 0.175293 0.0621094 0.176758 0.0488281 0.180664 0.0472656 0.181641
2 0.25 0.0483398 0.247656 0.0483398 0.242578 0.0517578 0.241016 0.0566406 0.240625 0.0605469 0.238281 0.0629883 0.236328 0.0668945 0.236328 0.0688477 0.239063 0.0717773 0.240625 0.0756836 0.239453 0.0786133 0.239453 0.081543 0.241016 0.0834961 0.241016 0.0888672 0.241797 0.090332 0.241797 0.0917969 0.240625 0.0932617 0.238281 0.0942383 0.236328 0.0981445 0.236328 0.101074 0.237109 0.102539 0.236328 0.107422 0.244141 0.116699 0.248047 0.119141 0.255859 0.115234 0.260156 0.110352 0.261719 0.105469 0.264062 0.103027 0.263672 0.0996094 0.266016 0.0981445 0.266406 0.0961914 0.269141 0.0927734 0.269531 0.0825195 0.26875 0.0795898 0.26875 0.0751953 0.267578 0.0717773 0.267578 0.0678711 0.264844 0.0644531 0.264453 0.0605469 0.263281 0.0576172 0.259766 0.0527344 0.256641 0.050293
2 0.228906 0.0439453 0.220312 0.0449219 0.219922 0.0483398 0.218359 0.050293 0.212891 0.0527344 0.208203 0.059082 0.205469 0.0615234 0.201563 0.0722656 0.202344 0.0874023 0.205469 0.0981445 0.212891 0.107422 0.217578 0.110352 0.222656 0.111816 0.227344 0.111816 0.230859 0.11084 0.232813 0.108398 0.237109 0.108398 0.237891 0.106934 0.237891 0.102051 0.237109 0.0981445 0.235156 0.0961914 0.238672 0.09375 0.241406 0.0893555 0.241406 0.0864258 0.238672 0.0791016 0.238672 0.0756836 0.237109 0.0717773 0.236719 0.0688477 0.232813 0.065918 0.232031 0.0639648 0.232031 0.0566406 0.229687 0.0517578 0.226562 0.0488281 0.229297 0.0458984
2 0.880469 0.907715 0.876953 0.900879 0.872656 0.896973 0.871094 0.896484 0.860547 0.896973 0.846094 0.900879 0.842969 0.902832 0.841016 0.905273 0.837891 0.913574 0.829688 0.929199 0.828516 0.932617 0.828516 0.936523 0.829297 0.939453 0.835156 0.944336 0.838281 0.945312 0.842969 0.945312 0.853125 0.941895 0.861328 0.937988 0.869531 0.931641 0.873828 0.926758 0.877344 0.924805 0.881641 0.919434 0.882031 0.913086
2 0.867188 0.645996 0.863281 0.648926 0.858594 0.658203 0.858594 0.660645 0.856641 0.668945 0.854297 0.67334 0.853906 0.678223 0.855078 0.685059 0.858984 0.692871 0.863672 0.697754 0.866016 0.699219 0.86875 0.702637 0.873047 0.709961 0.879687 0.718262 0.880078 0.720703 0.880859 0.72168 0.882422 0.722168 0.884766 0.724609 0.889844 0.723633 0.891797 0.72168 0.893359 0.717773 0.895312 0.70459 0.894922 0.691895 0.893359 0.685059 0.892188 0.674316 0.892188 0.664551 0.893359 0.65918 0.892969 0.654785 0.885547 0.650879 0.879687 0.648926 0.876563 0.646484 0.872656 0.646484 0.869922 0.645508
1 0.115625 0.385254 0.113672 0.388184 0.113281 0.393066 0.111719 0.396484 0.110547 0.404297 0.108203 0.40918 0.10625 0.422363 0.10625 0.433105 0.107031 0.435059 0.107031 0.439453 0.108594 0.444336 0.110156 0.454102 0.114453 0.463867 0.121484 0.47168 0.129688 0.475098 0.135156 0.474121 0.139453 0.471191 0.146875 0.462891 0.151953 0.453125 0.154688 0.449219 0.158203 0.439453 0.157422 0.430664 0.154688 0.422852 0.152344 0.419922 0.141016 0.414551 0.135547 0.408691 0.132031 0.40625 0.127734 0.400391 0.123828 0.391602 0.120313 0.387207
1 0.398828 0.0209961 0.397266 0.0249023 0.397656 0.0297852 0.401172 0.0351562 0.405469 0.0400391 0.411328 0.0444336 0.417578 0.046875 0.419922 0.0488281 0.422266 0.0493164 0.430469 0.0541992 0.433203 0.0541992 0.435547 0.0532227 0.440625 0.0390625 0.444141 0.0332031 0.444141 0.0253906 0.442969 0.0239258 0.442188 0.0239258 0.435547 0.0175781 0.420703 0.012207 0.413281 0.012207 0.407422 0.0136719 0.403125 0.0161133
1 0.821875 0.553223 0.818359 0.556152 0.815625 0.560059 0.813672 0.566406 0.813281 0.581055 0.814844 0.590332 0.817969 0.597168 0.824219 0.606934 0.825391 0.611328 0.828125 0.615723 0.829688 0.620605 0.836719 0.62793 0.838672 0.62793 0.839453 0.626953 0.839063 0.61377 0.839844 0.611328 0.839063 0.60791 0.842969 0.603516 0.845313 0.602539 0.849609 0.59668 0.85 0.592773 0.854297 0.584961 0.854297 0.575684 0.85 0.562988 0.846484 0.558594 0.838281 0.552734 0.833594 0.551758
1 0.497266 0.532227 0.49375 0.537109 0.491797 0.542969 0.492578 0.553711 0.49375 0.557617 0.49375 0.560059 0.495703 0.562988 0.498437 0.571289 0.501172 0.574219 0.501953 0.577148 0.503516 0.57959 0.508984 0.584473 0.516797 0.586914 0.525781 0.591797 0.532031 0.593262 0.536328 0.592285 0.536719 0.587402 0.534766 0.584473 0.532422 0.57666 0.530859 0.57373 0.528906 0.567871 0.528906 0.564941 0.526563 0.560059 0.525781 0.554199 0.522266 0.54541 0.512891 0.536621 0.502734 0.530273 0.500391 0.530273
1 0.446094 0.646973 0.44375 0.643555 0.441406 0.643555 0.436328 0.64502 0.430078 0.64502 0.424609 0.646484 0.421484 0.648438 0.416406 0.649414 0.410156 0.654785 0.407422 0.65625 0.402344 0.663574 0.4 0.665039 0.396484 0.668945 0.388672 0.673828 0.384375 0.678223 0.383594 0.681641 0.3875 0.682129 0.391406 0.679688 0.401562 0.67627 0.411328 0.675781 0.414844 0.674805 0.422656 0.67041 0.426172 0.66748 0.435156 0.664062 0.439063 0.661621 0.44375 0.657227 0.446094 0.651855
1 0.323437 0.692383 0.321875 0.692383 0.319531 0.695801 0.315234 0.699707 0.306641 0.706055 0.302734 0.712402 0.301172 0.717773 0.3 0.73291 0.301563 0.734863 0.303516 0.740234 0.302734 0.745117 0.305859 0.749023 0.308594 0.75 0.309766 0.752441 0.311719 0.752441 0.314063 0.750977 0.316406 0.751953 0.319141 0.751953 0.320703 0.750488 0.323437 0.749512 0.326953 0.743652 0.326562 0.736816 0.327344 0.703613 0.326172 0.695801
1 0.61875 0.878418 0.614844 0.881348 0.6125 0.886719 0.6125 0.907715 0.613672 0.912598 0.614062 0.917969 0.616797 0.927734 0.619531 0.93457 0.621094 0.936523 0.622266 0.94043 0.626563 0.944336 0.631641 0.944336 0.634766 0.942871 0.640625 0.937012 0.642969 0.936035 0.646094 0.931152 0.648047 0.924805 0.648828 0.916016 0.650781 0.912598 0.650781 0.908691 0.654297 0.904297 0.654687 0.900391 0.653516 0.896973 0.651563 0.894531 0.643359 0.887695 0.640625 0.887207 0.638281 0.885254 0.630469 0.885254 0.621875 0.879395
1 0.857031 0.791504 0.853125 0.789062 0.847266 0.787109 0.835938 0.787109 0.833984 0.788086 0.830469 0.788086 0.825781 0.789551 0.823047 0.791504 0.821484 0.793945 0.820312 0.797852 0.819141 0.810059 0.814063 0.82373 0.814453 0.828613 0.817578 0.831543 0.825 0.833008 0.827344 0.834961 0.833984 0.836914 0.840625 0.835449 0.844922 0.832031 0.846875 0.82959 0.848047 0.825195 0.85 0.822754 0.850781 0.819824 0.85625 0.810059 0.858594 0.803711 0.858984 0.796875
