0 0.237109 0.737793 0.234766 0.739258 0.230469 0.748535 0.230078 0.751465 0.227734 0.753906 0.226562 0.757812 0.217969 0.767578 0.215625 0.774414 0.214844 0.78418 0.216797 0.791504 0.213281 0.797852 0.2125 0.802246 0.2125 0.813965 0.214062 0.815918 0.217578 0.816406 0.221094 0.812988 0.225781 0.799805 0.225 0.795898 0.225781 0.791992 0.23125 0.78418 0.232422 0.779297 0.232422 0.768555 0.230469 0.763672 0.230469 0.76123 0.233203 0.755859 0.233594 0.750977 0.235937 0.747559 0.237891 0.741211
2 0.283594 0.652832 0.278125 0.651855 0.275 0.652344 0.271875 0.654297 0.264453 0.661621 0.259766 0.674316 0.258594 0.686035 0.258594 0.697754 0.260937 0.715332 0.265234 0.731934 0.264453 0.73584 0.264844 0.739746 0.263281 0.744141 0.264062 0.750977 0.267188 0.750977 0.277344 0.735352 0.289062 0.721191 0.295703 0.709473 0.3 0.699219 0.301563 0.692383 0.302734 0.675781 0.3 0.666016 0.294922 0.660156
2 0.240625 0.578125 0.239453 0.581543 0.239453 0.586426 0.240625 0.589844 0.244141 0.59375 0.250781 0.597656 0.265625 0.618164 0.278125 0.628418 0.290625 0.632324 0.294531 0.631348 0.296094 0.629395 0.299609 0.618164 0.301172 0.603027 0.298438 0.59082 0.292578 0.583008 0.277344 0.575684 0.269141 0.57373 0.254297 0.573242 0.24375 0.575195
2 0.174219 0.575684 0.170313 0.585449 0.169141 0.598633 0.169531 0.615234 0.171875 0.623047 0.182422 0.634766 0.186328 0.641602 0.189844 0.645508 0.203516 0.645996 0.208594 0.643555 0.217578 0.633301 0.219922 0.626953 0.220312 0.622559 0.212891 0.612793 0.208984 0.609863 0.206641 0.606445 0.1875 0.592773 0.178125 0.57959 0.177344 0.57666
2 0.190625 0.682129 0.190234 0.686035 0.192578 0.688965 0.199219 0.702637 0.205859 0.712891 0.212109 0.719727 0.217969 0.722168 0.227344 0.72168 0.240234 0.724609 0.244531 0.724609 0.248828 0.72168 0.249609 0.717773 0.249609 0.707031 0.248047 0.693359 0.246875 0.688965 0.24375 0.683105 0.2375 0.676758 0.233203 0.675293 0.224219 0.674805 0.198047 0.678711
2 0.109375 0.658203 0.110156 0.663086 0.112891 0.666016 0.114062 0.669922 0.120313 0.680176 0.125391 0.698242 0.130078 0.70459 0.136328 0.709473 0.149219 0.717285 0.158984 0.719238 0.167578 0.715332 0.174609 0.709473 0.176172 0.706543 0.177734 0.695801 0.175781 0.682617 0.174219 0.677734 0.171094 0.674316 0.166016 0.671875 0.159766 0.671387 0.139063 0.665527 0.115625 0.657227 0.110547 0.657227
2 0.212109 0.578125 0.209766 0.585449 0.210156 0.591797 0.2125 0.597168 0.224609 0.615234 0.225 0.619141 0.227734 0.624512 0.232031 0.627441 0.234375 0.627441 0.238281 0.629395 0.242188 0.629395 0.242969 0.630371 0.244531 0.630371 0.246094 0.62793 0.248438 0.62793 0.267188 0.638184 0.269531 0.638184 0.271484 0.636719 0.271875 0.634277 0.268359 0.626953 0.258594 0.611816 0.247656 0.598145 0.240625 0.59375 0.235547 0.587402 0.235156 0.584473 0.230469 0.579102 0.225391 0.575195 0.216406 0.575195
2 0.446875 0.733887 0.432812 0.770508 0.431641 0.77832 0.434766 0.802734 0.4375 0.810547 0.441016 0.81543 0.445703 0.819336 0.453906 0.820312 0.459375 0.818359 0.463672 0.813965 0.465234 0.807129 0.466406 0.779785 0.464453 0.773438 0.460156 0.767578 0.455469 0.757324 0.454297 0.747559 0.451562 0.739746 0.449219 0.735352
2 0.462891 0.70166 0.454688 0.709473 0.450781 0.717773 0.447656 0.730957 0.447656 0.737305 0.450391 0.745117 0.451562 0.746582 0.455078 0.747559 0.457031 0.75293 0.467969 0.760742 0.478516 0.762695 0.486719 0.760254 0.492188 0.754395 0.494922 0.744141 0.494531 0.726074 0.492188 0.71582 0.485938 0.708008 0.477734 0.702148 0.471875 0.700195 0.466797 0.700195
2 0.517969 0.821777 0.517969 0.826172 0.519141 0.830566 0.529297 0.838867 0.5375 0.842773 0.548828 0.846191 0.557031 0.845703 0.564063 0.841797 0.569531 0.835449 0.571484 0.834473 0.573438 0.830078 0.572656 0.818359 0.566797 0.807129 0.560937 0.802734 0.553125 0.800781 0.542188 0.799805 0.537109 0.80127 0.523828 0.812012 0.519531 0.817383
2 0.541797 0.763184 0.53125 0.762695 0.525 0.76416 0.513281 0.77002 0.508203 0.775391 0.504687 0.785645 0.503906 0.799316 0.505859 0.806152 0.513281 0.815918 0.517578 0.817383 0.521094 0.814941 0.523047 0.812012 0.533203 0.803711 0.540234 0.796387 0.542188 0.791504 0.543359 0.779297 0.543359 0.770508
2 0.7 0.773926 0.699609 0.76416 0.698047 0.759766 0.692187 0.754395 0.688281 0.752441 0.68125 0.751953 0.674609 0.753418 0.655078 0.759766 0.647266 0.760742 0.642578 0.763184 0.642578 0.76709 0.644141 0.771973 0.653125 0.78418 0.661328 0.791504 0.671094 0.795898 0.681641 0.796875 0.690625 0.793457 0.698828 0.783203
2 0.709766 0.679199 0.707422 0.678223 0.697266 0.679199 0.692187 0.681641 0.684766 0.682617 0.68125 0.685547 0.678906 0.703125 0.679688 0.725098 0.675391 0.739258 0.675781 0.742676 0.676953 0.744141 0.684375 0.741211 0.691406 0.736816 0.694531 0.731934 0.701953 0.725098 0.705469 0.723145 0.713281 0.710938 0.715625 0.703613 0.716797 0.692871 0.713672 0.683594
2 0.716016 0.655762 0.713672 0.647949 0.709375 0.64209 0.703516 0.637207 0.696094 0.635742 0.688672 0.637207 0.677734 0.643066 0.651172 0.65332 0.644531 0.65918 0.64375 0.662598 0.646484 0.664551 0.651563 0.665527 0.682422 0.680664 0.685547 0.681641 0.694531 0.681152 0.705469 0.679199 0.710156 0.67627 0.715234 0.665527
2 0.739844 0.637207 0.735547 0.640625 0.731641 0.649414 0.730469 0.654297 0.730078 0.662598 0.732812 0.672852 0.741406 0.688477 0.747656 0.706055 0.750781 0.711914 0.752734 0.712891 0.755469 0.705566 0.755469 0.701172 0.761328 0.681641 0.764062 0.666504 0.767578 0.65625 0.767578 0.65332 0.764844 0.649414 0.755078 0.640137 0.747266 0.637207
2 0.752344 0.794922 0.751172 0.793945 0.75 0.79834 0.745313 0.802734 0.740625 0.804199 0.732812 0.803711 0.715234 0.809082 0.710547 0.8125 0.705469 0.820801 0.703516 0.830078 0.704688 0.837891 0.708203 0.844238 0.712109 0.848145 0.717578 0.851074 0.725391 0.851074 0.736719 0.845703 0.744531 0.838867 0.748828 0.833496 0.751563 0.828125 0.755859 0.811523 0.755469 0.806152
2 0.707812 0.729004 0.704297 0.73291 0.702344 0.739258 0.702344 0.743164 0.704297 0.75 0.70625 0.752441 0.708594 0.76123 0.714453 0.770508 0.716406 0.775391 0.727344 0.790527 0.733984 0.797363 0.740625 0.800781 0.751563 0.800293 0.752344 0.799316 0.751953 0.79248 0.746094 0.779297 0.741016 0.756836 0.7375 0.747559 0.734375 0.743164 0.733203 0.739746 0.728125 0.731934 0.720703 0.725098 0.714063 0.725098
1 0.669531 0.804199 0.666406 0.803711 0.660156 0.812988 0.653906 0.816895 0.644141 0.825684 0.641016 0.831543 0.638672 0.841309 0.639062 0.862305 0.641016 0.870117 0.642969 0.873047 0.645312 0.874512 0.653125 0.876465 0.662891 0.874512 0.668359 0.870117 0.675 0.861328 0.680078 0.838867 0.680078 0.825195 0.678516 0.817383 0.675 0.80957
2 0.563672 0.647461 0.559766 0.649902 0.553516 0.657715 0.553906 0.666504 0.555469 0.67334 0.558594 0.679688 0.560547 0.688965 0.563672 0.696289 0.565625 0.69873 0.571875 0.702148 0.579297 0.70166 0.582422 0.697266 0.582812 0.691895 0.582031 0.682129 0.580078 0.674805 0.573047 0.658203 0.569141 0.653809 0.566797 0.649414
2 0.499219 0.561035 0.490234 0.551758 0.483984 0.550293 0.477734 0.550293 0.471094 0.553711 0.467578 0.560059 0.461719 0.566895 0.454297 0.583496 0.450781 0.586914 0.446484 0.597656 0.445312 0.603516 0.446094 0.608887 0.450781 0.612305 0.455859 0.61377 0.4625 0.61377 0.467578 0.611816 0.469922 0.608887 0.483203 0.604492 0.497266 0.592773 0.502734 0.585449 0.504687 0.580566 0.503906 0.571289
2 0.458594 0.525879 0.454688 0.520996 0.452344 0.52002 0.446484 0.519531 0.439844 0.521484 0.433203 0.527832 0.423828 0.541504 0.419141 0.551758 0.419141 0.558105 0.427344 0.564453 0.43125 0.56543 0.448437 0.564941 0.455469 0.567383 0.459766 0.565918 0.465625 0.557617 0.466016 0.552734 0.463672 0.539551
2 0.576172 0.533203 0.572266 0.540039 0.569531 0.549805 0.569922 0.556641 0.574219 0.563965 0.579688 0.568848 0.5875 0.573242 0.6 0.577637 0.605469 0.581055 0.610156 0.580566 0.612109 0.57666 0.612109 0.56543 0.608203 0.557129 0.585547 0.535645 0.580859 0.533203
2 0.692578 0.493652 0.692969 0.498535 0.6875 0.518555 0.683594 0.528809 0.683594 0.538086 0.685156 0.547363 0.689063 0.559082 0.692187 0.562988 0.697266 0.562988 0.701953 0.559082 0.708203 0.557129 0.717187 0.560547 0.728516 0.560547 0.739844 0.553223 0.74375 0.548828 0.744922 0.545898 0.744531 0.543457 0.742188 0.540527 0.735938 0.538086 0.728906 0.538574 0.721094 0.541992 0.715234 0.54248 0.713281 0.539551 0.713281 0.536621 0.711719 0.533203 0.709375 0.520996 0.707422 0.51709 0.704688 0.505859 0.702344 0.501465 0.701953 0.498047 0.697266 0.493652
2 0.252734 0.474609 0.250781 0.480469 0.25 0.493164 0.25 0.510742 0.250781 0.517578 0.257422 0.529297 0.255859 0.532227 0.25625 0.53418 0.258203 0.534668 0.263281 0.541992 0.271484 0.541992 0.275 0.538086 0.276953 0.533691 0.276953 0.528809 0.278125 0.524902 0.278125 0.516602 0.276562 0.509766 0.269141 0.493652 0.260547 0.479004 0.25625 0.474121
2 0.212109 0.490234 0.208594 0.494141 0.201563 0.509766 0.197656 0.520996 0.196875 0.527344 0.200781 0.537598 0.210156 0.549316 0.214453 0.551758 0.219922 0.551758 0.225391 0.549316 0.23125 0.541504 0.233984 0.530273 0.233594 0.520508 0.230078 0.510254 0.220703 0.499023 0.216797 0.492676 0.213672 0.490234
2 0.170313 0.505371 0.167187 0.501953 0.162891 0.5 0.157812 0.495117 0.142578 0.487305 0.139063 0.487305 0.135937 0.485352 0.119141 0.492676 0.1125 0.498047 0.108984 0.502441 0.106641 0.507812 0.105859 0.511719 0.105859 0.526367 0.107813 0.538086 0.110547 0.543457 0.116016 0.550293 0.124219 0.553223 0.127734 0.553223 0.13125 0.551758 0.135156 0.548828 0.146875 0.527832 0.162891 0.513184 0.16875 0.510254 0.169922 0.508789
2 0.0359375 0.564941 0.0335937 0.567383 0.0335937 0.569336 0.0363281 0.577148 0.0386719 0.580078 0.0417969 0.587891 0.0429688 0.59668 0.0394531 0.604004 0.0394531 0.608887 0.0410156 0.614258 0.0445313 0.619141 0.0554687 0.62793 0.0652344 0.628906 0.0679687 0.627441 0.08125 0.611816 0.0851563 0.603516 0.0851563 0.592285 0.0800781 0.57959 0.075 0.57373 0.0539063 0.565918 0.0464844 0.564453
2 0.192578 0.898926 0.189453 0.90332 0.187891 0.915039 0.187891 0.933105 0.189062 0.939453 0.192578 0.946777 0.199219 0.955078 0.200781 0.956055 0.205859 0.956055 0.212109 0.951172 0.217188 0.944336 0.220703 0.9375 0.222266 0.932129 0.221484 0.924316 0.217969 0.916504 0.213281 0.911621 0.204297 0.90918 0.201172 0.907227 0.194141 0.899414
2 0.307031 0.748047 0.301953 0.753418 0.298438 0.765137 0.2875 0.770996 0.283203 0.774902 0.283203 0.776855 0.286328 0.780762 0.291406 0.781738 0.297266 0.784668 0.309766 0.788086 0.313672 0.786621 0.317969 0.787109 0.319531 0.789062 0.323047 0.799805 0.324609 0.810059 0.324609 0.817871 0.325391 0.821777 0.326562 0.821777 0.330859 0.814453 0.341016 0.784668 0.344141 0.771973 0.345313 0.762695 0.344922 0.752441 0.341797 0.749023 0.335156 0.74707 0.310547 0.74707
2 0.36875 0.921875 0.361719 0.916992 0.355469 0.915039 0.350781 0.915039 0.341016 0.917969 0.335156 0.92334 0.332813 0.927246 0.328125 0.939453 0.324219 0.966797 0.316016 0.98584 0.317578 0.98877 0.324219 0.988281 0.333203 0.983398 0.344531 0.979004 0.352734 0.972168 0.361328 0.961914 0.365625 0.954102 0.371094 0.938965 0.371875 0.927246
2 0.303516 0.978027 0.3 0.970703 0.290625 0.958496 0.286328 0.957031 0.276172 0.958984 0.267969 0.964355 0.261719 0.973145 0.258203 0.982422 0.257422 0.995117 0.260156 0.997559 0.266797 0.998535 0.267188 1 0.294922 1 0.295312 0.998535 0.300391 0.99707 0.303125 0.994629 0.304297 0.987793
2 0.0613281 0.833008 0.059375 0.84082 0.0589844 0.848145 0.0601563 0.862793 0.0644531 0.875488 0.06875 0.883789 0.0714844 0.886719 0.0738281 0.89209 0.0792969 0.898438 0.0871094 0.904785 0.101562 0.913574 0.11875 0.919922 0.125781 0.916992 0.126172 0.915039 0.124219 0.911133 0.124219 0.907715 0.122656 0.904297 0.112891 0.898926 0.107422 0.893066 0.104688 0.891602 0.0957031 0.880371 0.0945312 0.875488 0.0902344 0.872559 0.0894531 0.868652 0.0824219 0.856445 0.0816406 0.854004 0.0816406 0.842285 0.0789062 0.837402 0.0796875 0.833984 0.075 0.82666 0.0730469 0.825195 0.06875 0.826172 0.0660156 0.830078
2 0.282422 0.77832 0.275391 0.782227 0.271875 0.788574 0.269531 0.802734 0.269141 0.826172 0.269922 0.831543 0.272266 0.837891 0.283984 0.84082 0.291797 0.838379 0.299609 0.829102 0.304688 0.818848 0.307422 0.808105 0.307422 0.80127 0.30625 0.797852 0.299219 0.789062 0.288672 0.782715 0.284375 0.77832
2 0.446875 0.885742 0.445703 0.887695 0.446875 0.895508 0.450781 0.905273 0.466406 0.92627 0.474219 0.932129 0.478125 0.932617 0.486719 0.930176 0.492969 0.924316 0.495703 0.916504 0.496484 0.898438 0.494922 0.887695 0.490625 0.880859 0.486719 0.878418 0.477344 0.877441 0.464062 0.882324 0.450391 0.883789
2 0.619922 0.788574 0.614062 0.792969 0.610156 0.794434 0.602734 0.802246 0.600781 0.806152 0.601172 0.810059 0.595703 0.817383 0.592187 0.830078 0.591016 0.837402 0.591797 0.84668 0.595703 0.852539 0.603516 0.857422 0.609375 0.85791 0.616406 0.855469 0.620313 0.850098 0.623828 0.841309 0.625781 0.818359 0.625781 0.805176 0.623437 0.793457
2 0.598437 0.77832 0.594141 0.777832 0.591406 0.780273 0.587109 0.78125 0.584766 0.784668 0.577734 0.791016 0.575391 0.796875 0.574609 0.807129 0.576172 0.811035 0.575781 0.814453 0.580078 0.820312 0.583203 0.822754 0.586328 0.821777 0.589063 0.81543 0.595313 0.810547 0.595703 0.806641 0.598828 0.80127 0.605078 0.793945 0.605469 0.790527 0.603906 0.786133 0.600391 0.779785
2 0.599219 0.762207 0.596875 0.758789 0.593359 0.758789 0.573047 0.762695 0.564063 0.77002 0.559766 0.775391 0.557813 0.779297 0.558203 0.783691 0.560156 0.787109 0.563672 0.789062 0.569141 0.789062 0.576172 0.786133 0.59375 0.772949 0.599219 0.764648
2 0.589063 0.735352 0.586328 0.731934 0.585547 0.727051 0.582031 0.722168 0.579688 0.720703 0.578906 0.718262 0.573828 0.716309 0.571094 0.716309 0.56875 0.717773 0.564063 0.71582 0.560547 0.718262 0.555859 0.716797 0.552734 0.71875 0.541406 0.720215 0.525 0.731445 0.523828 0.73291 0.523438 0.737305 0.533203 0.74707 0.541797 0.752441 0.551562 0.754883 0.560156 0.759766 0.567969 0.760254 0.584375 0.746582 0.588281 0.739746
2 0.811328 0.783691 0.806641 0.785156 0.801562 0.794922 0.798047 0.799316 0.79375 0.810059 0.790234 0.81543 0.785156 0.827637 0.783203 0.830078 0.780078 0.839355 0.779687 0.847168 0.784766 0.861816 0.790625 0.866699 0.795703 0.866211 0.802734 0.857422 0.8125 0.833496 0.8125 0.830078 0.814844 0.827148 0.814453 0.821777 0.815625 0.812012 0.815234 0.791016 0.813672 0.786133
2 0.81875 0.792969 0.817578 0.794434 0.817578 0.8125 0.816016 0.834473 0.820312 0.846191 0.827734 0.86084 0.830859 0.862793 0.8375 0.863281 0.841797 0.862305 0.849609 0.85791 0.857812 0.847168 0.860156 0.837891 0.860156 0.833008 0.858203 0.825195 0.852344 0.810547 0.849219 0.805664 0.841016 0.799316 0.826562 0.792969
2 0.810547 0.920898 0.80625 0.916992 0.799609 0.914551 0.794922 0.914551 0.783984 0.906738 0.779297 0.906738 0.770312 0.915527 0.765625 0.922852 0.764453 0.927246 0.765234 0.939453 0.767188 0.944336 0.770312 0.947754 0.775781 0.947754 0.781641 0.941895 0.791016 0.935547 0.809766 0.930176 0.811328 0.928223 0.811328 0.922852
2 0.501172 0.804688 0.494141 0.805664 0.486719 0.810059 0.483203 0.814941 0.482812 0.819824 0.485156 0.829102 0.489063 0.836914 0.493359 0.84082 0.498437 0.84082 0.505469 0.838379 0.512109 0.833984 0.514453 0.831055 0.515625 0.825684 0.513281 0.823242 0.507422 0.80957
2 0.372266 0.512207 0.370703 0.514648 0.369531 0.525391 0.364453 0.541504 0.363281 0.551758 0.363672 0.563477 0.366016 0.568359 0.369141 0.571777 0.375781 0.575195 0.379297 0.575195 0.383984 0.573242 0.392188 0.564941 0.392188 0.54834 0.389453 0.534668 0.385547 0.524414 0.376953 0.513184
2 0.351172 0.387695 0.339844 0.400391 0.3375 0.405273 0.337109 0.413574 0.340625 0.42627 0.346094 0.436035 0.352344 0.44043 0.360938 0.442383 0.368359 0.440918 0.370703 0.438965 0.373047 0.43457 0.377734 0.430664 0.379297 0.427734 0.380078 0.421875 0.378125 0.407715 0.374219 0.399902 0.366406 0.39209 0.358203 0.387207
2 0.212109 0.327637 0.210547 0.330078 0.211328 0.346191 0.209375 0.366211 0.209766 0.373535 0.212109 0.379395 0.219141 0.38916 0.220312 0.393555 0.224609 0.398926 0.228125 0.400879 0.233594 0.399902 0.236719 0.397949 0.240625 0.392578 0.242578 0.384766 0.242578 0.380859 0.239453 0.373535 0.239453 0.368652 0.238281 0.365723 0.238281 0.361816 0.236328 0.353027 0.232422 0.342773 0.219531 0.335449 0.214844 0.32959
2 0.278906 0.384766 0.267578 0.39209 0.259375 0.400879 0.258203 0.404785 0.266406 0.410645 0.274219 0.419922 0.278516 0.429199 0.279297 0.433105 0.282031 0.436523 0.2875 0.4375 0.294531 0.433594 0.298047 0.429199 0.305078 0.423828 0.308984 0.415039 0.310156 0.406738 0.307031 0.397949 0.299609 0.390625 0.285547 0.384766
2 0.223828 0.435059 0.225391 0.439453 0.248828 0.45459 0.257812 0.45752 0.264062 0.456543 0.271094 0.450684 0.276172 0.443359 0.278516 0.435547 0.276953 0.426758 0.274219 0.421387 0.268359 0.415527 0.266406 0.412109 0.259375 0.408203 0.251563 0.40918 0.246094 0.416504 0.241797 0.419434 0.239453 0.422363 0.226562 0.431152
2 0.392578 0.435547 0.386719 0.432617 0.382812 0.432617 0.376953 0.435547 0.363281 0.453613 0.361328 0.45459 0.355859 0.460938 0.353125 0.462402 0.342187 0.477539 0.340234 0.48291 0.3375 0.500488 0.338281 0.509766 0.341016 0.513672 0.346875 0.512695 0.357422 0.503418 0.369922 0.498047 0.386328 0.486816 0.393359 0.478516 0.398828 0.466309 0.4 0.459473 0.4 0.447754 0.397266 0.440918
2 0.54375 0.319336 0.542188 0.325684 0.544531 0.329102 0.546484 0.334961 0.559766 0.349609 0.56875 0.354492 0.583984 0.353516 0.591797 0.349609 0.595313 0.345703 0.600391 0.333984 0.600781 0.322754 0.599219 0.316895 0.595313 0.310547 0.588672 0.306641 0.58125 0.305176 0.571875 0.305664 0.561719 0.312012 0.551172 0.313965
2 0.440234 0.301758 0.443359 0.311523 0.448047 0.316406 0.448828 0.318848 0.45625 0.32959 0.457813 0.333984 0.461328 0.337402 0.472266 0.343262 0.478516 0.345215 0.482422 0.345215 0.486328 0.343262 0.491406 0.337402 0.492969 0.333008 0.492969 0.328125 0.491406 0.32373 0.482812 0.310547 0.46875 0.298828 0.464844 0.294434 0.458203 0.292969 0.448828 0.30127 0.446875 0.301758 0.441797 0.300293
2 0.421094 0.287598 0.415625 0.287109 0.412109 0.290039 0.401562 0.29541 0.400391 0.303711 0.402344 0.310059 0.401562 0.32373 0.402734 0.326172 0.402344 0.330566 0.407422 0.333984 0.414453 0.33252 0.419531 0.324707 0.422656 0.324219 0.426953 0.321289 0.43125 0.316895 0.432422 0.313965 0.432812 0.305176 0.429297 0.294434 0.426563 0.291016
2 0.349609 0.367188 0.349219 0.371094 0.350391 0.376465 0.357031 0.381836 0.361719 0.382812 0.364453 0.384766 0.372266 0.384766 0.383203 0.38916 0.392969 0.388672 0.392969 0.385254 0.387109 0.381348 0.382031 0.372559 0.374609 0.342285 0.372266 0.339355 0.369141 0.339355 0.363672 0.344727 0.356641 0.353516
2 0.4625 0.396484 0.458984 0.394531 0.452344 0.393555 0.443359 0.394043 0.438672 0.395996 0.435547 0.405273 0.431641 0.405273 0.427344 0.408691 0.427344 0.411621 0.424609 0.413086 0.423047 0.419922 0.423438 0.424805 0.422656 0.430176 0.423828 0.431641 0.425 0.441406 0.427734 0.442871 0.429688 0.446289 0.436719 0.449219 0.443359 0.447754 0.446094 0.443848 0.451562 0.438965 0.460547 0.427246 0.464844 0.419922 0.467578 0.412598 0.467578 0.403809 0.466797 0.401367
2 0.634375 0.405762 0.631641 0.408203 0.623047 0.420898 0.621875 0.423828 0.622266 0.428223 0.628906 0.433594 0.637891 0.443848 0.641797 0.445801 0.646484 0.445801 0.650391 0.439941 0.652344 0.433594 0.653906 0.431641 0.655078 0.42627 0.654297 0.416016 0.646484 0.407227 0.641406 0.405762
2 0.317188 0.33252 0.314063 0.333984 0.302344 0.346191 0.300391 0.350586 0.299609 0.358398 0.300391 0.365723 0.303125 0.376953 0.3125 0.387695 0.316016 0.38916 0.319922 0.38916 0.325391 0.38623 0.332813 0.37793 0.335156 0.370605 0.335156 0.366699 0.330859 0.35498 0.327344 0.352539 0.322656 0.344727 0.319531 0.333008
2 0.275781 0.324219 0.271875 0.324707 0.259375 0.331055 0.250391 0.331055 0.24375 0.333984 0.235156 0.342285 0.235937 0.349609 0.238672 0.357422 0.240625 0.37207 0.243359 0.37793 0.243359 0.380859 0.244141 0.381836 0.248828 0.381348 0.255078 0.376465 0.264453 0.362305 0.271094 0.348145 0.275781 0.333984 0.276562 0.329102
2 0.377344 0.23291 0.372656 0.230957 0.366406 0.231445 0.336719 0.241699 0.333203 0.248047 0.332422 0.257812 0.334375 0.265137 0.337109 0.270996 0.349219 0.282715 0.356641 0.286133 0.361328 0.286133 0.365234 0.28418 0.378125 0.273926 0.381641 0.268066 0.382422 0.259766 0.380078 0.249023 0.380859 0.23877
2 0.5 0.239258 0.5 0.249512 0.502344 0.262695 0.505859 0.271973 0.514453 0.286621 0.520703 0.291016 0.528906 0.289551 0.541406 0.290527 0.549219 0.286621 0.551953 0.283691 0.553125 0.280273 0.551953 0.275391 0.547656 0.270508 0.542578 0.258789 0.528906 0.239746 0.522266 0.23584 0.512891 0.234375 0.505469 0.234863 0.501953 0.236816
2 0.457813 0.620117 0.454688 0.617188 0.441406 0.612305 0.437891 0.612305 0.435156 0.61377 0.419141 0.612793 0.407813 0.615234 0.399219 0.622559 0.398438 0.631836 0.400781 0.637207 0.405469 0.640625 0.408594 0.641602 0.412891 0.645508 0.422266 0.658203 0.427734 0.662109 0.43125 0.662598 0.436328 0.65918 0.445703 0.640625 0.457813 0.622559
2 0.247656 0.821777 0.246875 0.826172 0.249219 0.831543 0.250781 0.842285 0.252344 0.844238 0.253516 0.849121 0.258984 0.861328 0.262891 0.868164 0.267188 0.873047 0.275391 0.877441 0.28125 0.879395 0.285938 0.878418 0.286719 0.875977 0.283984 0.869629 0.280859 0.865723 0.278906 0.86084 0.264844 0.837402 0.257812 0.82959 0.253906 0.823242 0.251953 0.821777
2 0.510156 0.928223 0.508203 0.93457 0.508984 0.943848 0.511719 0.947266 0.512891 0.952148 0.516797 0.958984 0.521484 0.963379 0.524219 0.964355 0.537109 0.973633 0.546875 0.983398 0.553125 0.985352 0.555078 0.982422 0.553125 0.974609 0.553125 0.963867 0.549609 0.959961 0.545312 0.947266 0.541406 0.945801 0.539062 0.942871 0.538672 0.938965 0.534766 0.934082 0.531641 0.933594 0.528516 0.931152 0.526953 0.933105 0.523828 0.934082 0.521875 0.936523 0.519922 0.933594 0.516797 0.932617 0.515625 0.931152 0.519531 0.928711 0.519141 0.926758 0.516406 0.92627 0.513281 0.928711
2 0.426953 0.909668 0.424219 0.908691 0.415234 0.909668 0.405078 0.916992 0.399219 0.92334 0.396094 0.931641 0.396484 0.939453 0.399219 0.945312 0.404687 0.952148 0.405859 0.955078 0.413672 0.958008 0.420312 0.95752 0.433203 0.951172 0.444531 0.94043 0.44375 0.935059 0.437891 0.925781 0.435547 0.919434 0.43125 0.912598
2 0.882422 0.880371 0.875781 0.880371 0.867188 0.887207 0.861719 0.893555 0.860156 0.898926 0.859375 0.907227 0.860547 0.916992 0.866406 0.92041 0.873047 0.919922 0.878516 0.916992 0.892578 0.904297 0.89375 0.901367 0.89375 0.898438 0.892188 0.893066 0.889453 0.888184
2 0.197656 0.345215 0.191797 0.346191 0.181641 0.345703 0.174609 0.350098 0.170313 0.356934 0.169531 0.362305 0.170313 0.373047 0.173047 0.382324 0.175 0.393555 0.177734 0.398438 0.182422 0.397461 0.189453 0.38916 0.198437 0.380859 0.201172 0.375977 0.203125 0.366211 0.203516 0.355469 0.201953 0.349121
2 0.494531 0.310547 0.494922 0.314453 0.498437 0.322266 0.508984 0.335449 0.515625 0.34082 0.528906 0.345703 0.535156 0.346191 0.538672 0.345703 0.542578 0.342285 0.54375 0.337402 0.541797 0.328613 0.533984 0.316406 0.524219 0.311523 0.505859 0.309082 0.502734 0.307617 0.498437 0.307617
2 0.471875 0.669922 0.471484 0.679688 0.472656 0.685547 0.475 0.69043 0.477734 0.692871 0.480859 0.693848 0.487891 0.693848 0.500781 0.689941 0.505078 0.686035 0.510938 0.682617 0.5125 0.677246 0.512109 0.672852 0.508594 0.668945 0.501172 0.664551 0.491406 0.661133 0.484375 0.661133 0.478125 0.662598 0.474609 0.665039
2 0.673047 0.575684 0.669141 0.580078 0.666406 0.585938 0.666406 0.595703 0.668359 0.604004 0.671094 0.610352 0.674219 0.61377 0.682031 0.616699 0.691016 0.616211 0.694531 0.614746 0.697266 0.608398 0.696875 0.603516 0.698828 0.600098 0.698828 0.59668 0.705859 0.591797 0.705469 0.587402 0.706641 0.584961 0.705859 0.581543 0.698047 0.575195 0.690234 0.572266 0.683203 0.572266
2 0.435547 0.961914 0.434375 0.967285 0.4375 0.974121 0.451562 0.98584 0.4625 0.990234 0.470703 0.989746 0.473828 0.986328 0.473438 0.98291 0.475 0.978027 0.474609 0.964355 0.470313 0.958008 0.463281 0.951172 0.458594 0.948242 0.451562 0.947266 0.450391 0.950684 0.446484 0.950684 0.441797 0.95459
2 0.476953 0.964844 0.476953 0.98291 0.475781 0.985352 0.476953 0.991699 0.48125 0.996582 0.484375 0.998047 0.485156 1 0.506641 1 0.507812 0.996094 0.506641 0.978027 0.503516 0.97168 0.498437 0.964844 0.486719 0.960449 0.480859 0.960938
1 0.223438 0.860352 0.221875 0.859375 0.216406 0.859375 0.211719 0.86084 0.208594 0.863281 0.204297 0.869141 0.203906 0.87793 0.207422 0.882324 0.210156 0.883301 0.213672 0.883301 0.217969 0.881348 0.222266 0.876465 0.224609 0.871094 0.225 0.863281
1 0.0894531 0.803223 0.0839844 0.808594 0.0804688 0.813477 0.0800781 0.81543 0.0808594 0.826172 0.0832031 0.833496 0.0832031 0.838867 0.0851563 0.844238 0.0917969 0.853516 0.0976562 0.866699 0.0984375 0.870605 0.103125 0.87793 0.10625 0.885742 0.113281 0.894043 0.11875 0.897461 0.121094 0.896973 0.126953 0.89209 0.128516 0.888672 0.131641 0.885254 0.135547 0.875977 0.1375 0.860352 0.137109 0.847656 0.135547 0.84082 0.126953 0.825195 0.117188 0.813477 0.112109 0.810059 0.106641 0.810547 0.100391 0.805664 0.0984375 0.805664 0.0976562 0.808105 0.0953125 0.808594 0.0941406 0.806152 0.0972656 0.804688 0.0976562 0.803223 0.0964844 0.802246
1 0.355859 0.603027 0.353125 0.599609 0.348047 0.597168 0.344141 0.597168 0.337109 0.599609 0.336719 0.601562 0.313281 0.626953 0.3125 0.630859 0.308594 0.63916 0.309375 0.644531 0.312891 0.648926 0.316797 0.650879 0.319531 0.650879 0.332031 0.643555 0.338672 0.635254 0.345703 0.634766 0.355078 0.62793 0.357812 0.627441 0.358203 0.625488 0.357031 0.622559 0.358984 0.620117 0.358984 0.618652 0.35625 0.615723 0.358203 0.612793 0.358203 0.610352
1 0.520312 0.687988 0.521094 0.697266 0.523828 0.703613 0.531641 0.713867 0.539844 0.71875 0.54375 0.720215 0.548438 0.719238 0.553906 0.720215 0.556641 0.71875 0.561328 0.71875 0.567187 0.714355 0.569141 0.714355 0.575391 0.710938 0.575391 0.705566 0.573047 0.699707 0.565234 0.697754 0.564453 0.696777 0.565625 0.693359 0.561328 0.686035 0.558594 0.683594 0.555469 0.682617 0.544922 0.67334 0.535547 0.672852 0.532031 0.673828 0.528906 0.678223 0.525391 0.678223
1 0.578516 0.623047 0.576172 0.618164 0.573047 0.616699 0.558984 0.616699 0.54375 0.612305 0.540625 0.613281 0.536719 0.616699 0.533594 0.616699 0.525 0.62207 0.519141 0.629395 0.511328 0.633789 0.509766 0.63623 0.505469 0.63916 0.498437 0.64209 0.498437 0.646973 0.499219 0.649902 0.508594 0.654297 0.517578 0.65332 0.519531 0.655273 0.519531 0.658203 0.520703 0.65918 0.522266 0.65918 0.524609 0.657227 0.529687 0.658203 0.532031 0.65625 0.538672 0.653809 0.545312 0.65332 0.548438 0.648438 0.553125 0.645508 0.569531 0.643066 0.576562 0.634766 0.578516 0.62793
1 0.747656 0.579102 0.745313 0.575684 0.740625 0.572266 0.734766 0.572266 0.730469 0.574219 0.720703 0.575195 0.717187 0.578613 0.709375 0.581055 0.707031 0.583496 0.706641 0.588379 0.703516 0.596191 0.703516 0.611816 0.705859 0.614746 0.721094 0.615234 0.728516 0.612305 0.733203 0.612305 0.736719 0.608887 0.739844 0.611328 0.745313 0.609375 0.75 0.604492 0.751953 0.598145 0.750781 0.587891
1 0.602344 0.444336 0.596094 0.447266 0.592969 0.451172 0.587109 0.463379 0.586719 0.47168 0.5875 0.478516 0.589063 0.48291 0.588672 0.486328 0.591016 0.496582 0.594141 0.50293 0.595703 0.510254 0.598047 0.513184 0.6 0.518555 0.601953 0.520508 0.603906 0.52832 0.607031 0.53125 0.615234 0.518066 0.617188 0.509277 0.621094 0.502441 0.622266 0.487793 0.621094 0.483887 0.621484 0.478027 0.619922 0.464355 0.616797 0.455078 0.608594 0.446289 0.604688 0.444336
1 0.425391 0.461426 0.421484 0.46582 0.421484 0.470215 0.41875 0.478027 0.41875 0.483398 0.421875 0.499023 0.432812 0.510742 0.438672 0.51416 0.446875 0.513672 0.459375 0.506836 0.46875 0.499023 0.471484 0.495117 0.473047 0.48584 0.467969 0.475098 0.462109 0.470215 0.454297 0.46582 0.450781 0.461914 0.447266 0.460938 0.443359 0.458008 0.4375 0.458008
1 0.331641 0.531738 0.329688 0.525391 0.326172 0.522461 0.321094 0.515625 0.309375 0.511719 0.30625 0.513184 0.30625 0.515137 0.308984 0.51709 0.303125 0.522461 0.298438 0.524414 0.291797 0.531738 0.2875 0.533691 0.284375 0.537598 0.284375 0.541504 0.291016 0.544922 0.299219 0.545898 0.301953 0.548828 0.312891 0.552246 0.319531 0.552246 0.323437 0.550293 0.326562 0.543945 0.330469 0.541504 0.331641 0.536621
1 0.286328 0.451172 0.284766 0.458496 0.284766 0.47168 0.286719 0.479492 0.288281 0.480957 0.290234 0.487305 0.292578 0.490723 0.295312 0.493164 0.304297 0.496582 0.30625 0.498535 0.316016 0.5 0.31875 0.498047 0.322266 0.500977 0.324219 0.500488 0.326172 0.498047 0.329688 0.499023 0.330859 0.488281 0.330078 0.478516 0.327734 0.473633 0.325781 0.463867 0.319141 0.449219 0.311719 0.442871 0.302344 0.440918 0.293359 0.443359
1 0.204687 0.4375 0.197656 0.425781 0.190625 0.417969 0.182812 0.416016 0.178125 0.417969 0.166016 0.428223 0.158984 0.440918 0.154688 0.444336 0.150391 0.449707 0.140234 0.475098 0.1375 0.478027 0.1375 0.480957 0.139453 0.483398 0.144531 0.483398 0.150781 0.479004 0.157812 0.476074 0.170703 0.472168 0.178906 0.47168 0.190625 0.466797 0.197266 0.459961 0.202344 0.452148 0.205078 0.442871
1 0.335938 0.303223 0.335938 0.306641 0.337109 0.310059 0.345703 0.319336 0.363672 0.330566 0.367188 0.330566 0.377734 0.327148 0.382812 0.323242 0.384766 0.320312 0.388281 0.320801 0.389844 0.319336 0.389844 0.306641 0.389062 0.305664 0.384766 0.305664 0.380859 0.300781 0.376172 0.300293 0.367578 0.301758 0.359766 0.298828 0.351953 0.29834 0.338281 0.301758
1 0.419531 0.563477 0.416016 0.561035 0.408203 0.560547 0.398828 0.563965 0.390625 0.568848 0.387109 0.572266 0.380078 0.583984 0.371484 0.594727 0.371094 0.600098 0.372656 0.603516 0.376563 0.606934 0.380078 0.612305 0.384375 0.615723 0.386328 0.615723 0.389844 0.614258 0.398047 0.606934 0.40625 0.604492 0.4125 0.604004 0.419922 0.600586 0.422266 0.597168 0.424609 0.59082 0.424609 0.57373 0.422656 0.567871
1 0.672656 0.27002 0.670312 0.27832 0.671875 0.287109 0.682031 0.302246 0.692187 0.308105 0.699219 0.30957 0.717969 0.307617 0.721875 0.306152 0.721094 0.299316 0.718359 0.29541 0.717187 0.290527 0.713672 0.288086 0.710156 0.281738 0.700781 0.274902 0.691406 0.272949 0.685156 0.26709 0.676562 0.266602
0 0.412891 0.333008 0.412891 0.334961 0.414453 0.337891 0.423438 0.34375 0.432031 0.353516 0.442969 0.36084 0.451953 0.36084 0.458594 0.358887 0.460938 0.35498 0.460547 0.349609 0.456641 0.342773 0.452734 0.330078 0.44375 0.325195 0.439844 0.324219 0.436719 0.321289 0.432422 0.320801 0.421875 0.325195
1 0.841016 0.915039 0.838281 0.918945 0.838672 0.924805 0.837891 0.928711 0.838672 0.931152 0.838281 0.937012 0.840625 0.949219 0.841406 0.962891 0.844141 0.970215 0.850391 0.976562 0.855469 0.97998 0.861719 0.981934 0.864062 0.979492 0.866406 0.971191 0.866406 0.962402 0.864453 0.948242 0.846484 0.922852 0.842578 0.915527
1 0.517188 0.850098 0.511328 0.854004 0.509766 0.855957 0.508594 0.860352 0.507812 0.902832 0.510156 0.908691 0.509375 0.910645 0.510156 0.915039 0.509375 0.921387 0.510156 0.92334 0.513672 0.924805 0.516016 0.929688 0.519141 0.930664 0.520312 0.932617 0.521875 0.932617 0.523047 0.928711 0.526953 0.928223 0.532813 0.922363 0.535937 0.924316 0.538281 0.923828 0.540234 0.91748 0.539844 0.912109 0.540625 0.902832 0.542969 0.893066 0.542969 0.884277 0.540625 0.873535 0.5375 0.866211 0.528906 0.855957 0.526172 0.85498 0.522266 0.850586
1 0.00507813 0.918457 0 0.919434 0 0.966797 0.00273437 0.967773 0.00507813 0.970703 0.00703125 0.970703 0.0132812 0.967285 0.0253906 0.95166 0.03125 0.945312 0.0339844 0.943848 0.0371094 0.939453 0.0351562 0.932129 0.0289063 0.926758 0.0226562 0.924805 0.0132812 0.919922
0 0 0.323242 0 0.353516 0.00195312 0.354004 0.00429688 0.35791 0.00429688 0.362305 0.00898437 0.368164 0.0136719 0.37207 0.0179687 0.372559 0.021875 0.368164 0.0226562 0.365234 0.0261719 0.360352 0.0328125 0.354004 0.0386719 0.350586 0.0464844 0.342285 0.0464844 0.338867 0.0449219 0.336426 0.0359375 0.337402 0.0328125 0.335938 0.0292969 0.33252 0.025 0.331055 0.0210938 0.323242 0.0171875 0.32373 0.0136719 0.321777
