0 0.490625 0.0883789 0.490625 0.0825195 0.491016 0.0820312 0.491016 0.0786133 0.490625 0.078125 0.490625 0.0766602 0.490234 0.0761719 0.490625 0.0756836 0.490625 0.0737305 0.491016 0.0732422 0.491016 0.0722656 0.490625 0.0717773 0.490625 0.0712891 0.488281 0.0683594 0.488281 0.0678711 0.4875 0.0668945 0.4875 0.0664062 0.486719 0.0654297 0.486719 0.0649414 0.486328 0.0644531 0.485938 0.0644531 0.485547 0.0639648 0.485156 0.0639648 0.484766 0.0634766 0.484375 0.0634766 0.483984 0.0629883 0.483203 0.0629883 0.482812 0.0625 0.482422 0.0625 0.482031 0.0620117 0.48125 0.0620117 0.480469 0.0610352 0.480078 0.0610352 0.479297 0.0600586 0.478516 0.0600586 0.478125 0.0595703 0.477344 0.0595703 0.476953 0.059082 0.476562 0.059082 0.476172 0.0585938 0.475781 0.0585938 0.474219 0.0566406 0.473828 0.0566406 0.473438 0.0561523 0.472656 0.0561523 0.472266 0.0556641 0.471484 0.0556641 0.471094 0.0551758 0.469922 0.0551758 0.469531 0.0546875 0.468359 0.0546875 0.467969 0.0541992 0.466797 0.0541992 0.466406 0.0537109 0.464844 0.0537109 0.464453 0.0532227 0.460156 0.0532227 0.459766 0.0537109 0.454688 0.0537109 0.454297 0.0541992 0.453125 0.0541992 0.452734 0.0546875 0.450391 0.0546875 0.45 0.0551758 0.449219 0.0551758 0.448828 0.0556641 0.448437 0.0556641 0.448047 0.0561523 0.447656 0.0561523 0.447266 0.0566406 0.446875 0.0566406 0.446484 0.0571289 0.445703 0.0571289 0.445312 0.0576172 0.444922 0.0576172 0.444531 0.0581055 0.444141 0.0581055 0.44375 0.0585938 0.443359 0.0585938 0.442969 0.059082 0.442578 0.059082 0.442188 0.0595703 0.439063 0.0595703 0.438672 0.0600586 0.436719 0.0600586 0.436328 0.0605469 0.435156 0.0605469 0.434766 0.0610352 0.434375 0.0610352 0.433984 0.0615234 0.433594 0.0615234 0.432812 0.0625 0.432422 0.0625 0.432031 0.0629883 0.431641 0.0629883 0.43125 0.0634766 0.427344 0.0634766 0.426953 0.0639648 0.426172 0.0639648 0.425781 0.0644531 0.425391 0.0644531 0.425 0.0649414 0.424609 0.0649414 0.424219 0.0654297 0.423828 0.0654297 0.423438 0.065918 0.421875 0.065918 0.421484 0.0664062 0.420312 0.0664062 0.419922 0.0668945 0.41875 0.0668945 0.418359 0.0673828 0.417187 0.0673828 0.416797 0.0678711 0.415625 0.0678711 0.415234 0.0683594 0.414844 0.0683594 0.414844 0.0703125 0.415234 0.0708008 0.415234 0.0712891 0.416406 0.0727539 0.416797 0.0727539 0.417187 0.0732422 0.417578 0.0732422 0.417969 0.0737305 0.418359 0.0737305 0.41875 0.0742188 0.419141 0.0742188 0.419531 0.074707 0.420312 0.074707 0.420703 0.0751953 0.421094 0.0751953 0.421484 0.0756836 0.421875 0.0756836 0.422266 0.0761719 0.422656 0.0761719 0.423047 0.0766602 0.423828 0.0766602 0.424219 0.0771484 0.426172 0.0771484 0.426563 0.0776367 0.426953 0.0776367 0.428516 0.0795898 0.428906 0.0795898 0.429297 0.0800781 0.429688 0.0800781 0.430078 0.0805664 0.430469 0.0805664 0.43125 0.081543 0.431641 0.081543 0.432031 0.0820312 0.432422 0.0820312 0.433203 0.0830078 0.433594 0.0830078 0.434766 0.0844727 0.435156 0.0844727 0.435547 0.0849609 0.435937 0.0849609 0.436328 0.0854492 0.4375 0.0854492 0.437891 0.0859375 0.439063 0.0859375 0.439453 0.0864258 0.440234 0.0864258 0.440625 0.0869141 0.441016 0.0869141 0.441406 0.0874023 0.441797 0.0874023 0.442188 0.0878906 0.442578 0.0878906 0.442969 0.0883789 0.444141 0.0883789 0.444531 0.0888672 0.445703 0.0888672 0.446094 0.0893555 0.446875 0.0893555 0.447266 0.0898438 0.447656 0.0898438 0.448047 0.090332 0.449219 0.090332 0.449609 0.0908203 0.450391 0.0908203 0.450781 0.0913086 0.452734 0.0913086 0.453125 0.0917969 0.455078 0.0917969 0.455469 0.0922852 0.45625 0.0922852 0.456641 0.0927734 0.457422 0.0927734 0.457813 0.0932617 0.458203 0.0932617 0.458594 0.09375 0.458984 0.09375 0.459766 0.0947266 0.460156 0.0947266 0.460547 0.0952148 0.460938 0.0952148 0.461328 0.0957031 0.462109 0.0957031 0.4625 0.0961914 0.462891 0.0961914 0.463281 0.0966797 0.463672 0.0966797 0.464062 0.097168 0.464453 0.097168 0.464844 0.0976562 0.465234 0.0976562 0.465625 0.0981445 0.466016 0.0981445 0.466406 0.0986328 0.466797 0.0986328 0.467969 0.100098 0.468359 0.100098 0.46875 0.100586 0.469141 0.100586 0.469531 0.101074 0.469922 0.101074 0.470313 0.101562 0.472266 0.101562 0.472656 0.102051 0.474609 0.102051 0.475 0.102539 0.478516 0.102539 0.478906 0.102051 0.480469 0.102051 0.480859 0.101562 0.481641 0.101562 0.482031 0.101074 0.482812 0.101074 0.483203 0.100586 0.483594 0.100586 0.483984 0.100098 0.484375 0.100098 0.484766 0.0996094 0.485156 0.0996094 0.485547 0.0991211 0.485938 0.0991211 0.487109 0.0976562 0.487109 0.097168 0.487891 0.0961914 0.487891 0.0957031 0.488281 0.0952148 0.488281 0.0942383 0.488672 0.09375 0.488672 0.0927734 0.489063 0.0922852 0.489063 0.0917969 0.489453 0.0913086 0.489453 0.0908203 0.489844 0.090332 0.489844 0.0898438 0.490234 0.0893555 0.490234 0.0888672
1 0.376953 0.317871 0.376953 0.318359 0.376563 0.318848 0.376563 0.319336 0.376172 0.319824 0.376172 0.320801 0.375781 0.321289 0.375781 0.321777 0.375391 0.322266 0.375391 0.322754 0.374609 0.32373 0.374609 0.324219 0.374219 0.324707 0.374219 0.325195 0.373828 0.325684 0.373828 0.326172 0.373437 0.32666 0.373437 0.328125 0.373047 0.328613 0.373047 0.32959 0.372656 0.330078 0.372656 0.331055 0.372266 0.331543 0.372266 0.33252 0.371875 0.333008 0.371875 0.333984 0.371484 0.334473 0.371484 0.335938 0.371094 0.336426 0.371094 0.337891 0.370703 0.338379 0.370703 0.340332 0.370312 0.34082 0.370312 0.342285 0.369922 0.342773 0.369922 0.34668 0.370312 0.347168 0.370312 0.347656 0.370703 0.348145 0.370703 0.348633 0.371875 0.350098 0.372266 0.350098 0.372656 0.350586 0.374609 0.350586 0.375 0.350098 0.377734 0.350098 0.378125 0.349609 0.380078 0.349609 0.380469 0.349121 0.388672 0.349121 0.389062 0.349609 0.390234 0.349609 0.390625 0.350098 0.393359 0.350098 0.39375 0.350586 0.398047 0.350586 0.398438 0.351074 0.401953 0.351074 0.402344 0.350586 0.404297 0.350586 0.404687 0.350098 0.405859 0.350098 0.40625 0.349609 0.407031 0.349609 0.407422 0.349121 0.407813 0.349121 0.408203 0.348633 0.408594 0.348633 0.408984 0.348145 0.408984 0.347656 0.409766 0.34668 0.409766 0.346191 0.410156 0.345703 0.410156 0.344238 0.410547 0.34375 0.410547 0.342285 0.410938 0.341797 0.410938 0.341309 0.412109 0.339844 0.412109 0.339355 0.4125 0.338867 0.4125 0.338379 0.412891 0.337891 0.412891 0.33252 0.413281 0.332031 0.413281 0.328613 0.412891 0.328125 0.412891 0.327148 0.4125 0.32666 0.4125 0.325684 0.412109 0.325195 0.412109 0.322266 0.411719 0.321777 0.411328 0.321777 0.410938 0.321289 0.410547 0.321289 0.408984 0.319336 0.408984 0.318359 0.408203 0.317383 0.407813 0.317383 0.407422 0.316895 0.407031 0.316895 0.406641 0.316406 0.40625 0.316406 0.405469 0.31543 0.405469 0.314941 0.404687 0.313965 0.404297 0.313965 0.403906 0.313477 0.403125 0.313477 0.402734 0.312988 0.402344 0.312988 0.400391 0.310547 0.398047 0.310547 0.397656 0.310059 0.395703 0.310059 0.395313 0.30957 0.392188 0.30957 0.391797 0.309082 0.390234 0.309082 0.389844 0.308594 0.387891 0.308594 0.3875 0.309082 0.385937 0.309082 0.385547 0.30957 0.383984 0.30957 0.381641 0.3125 0.38125 0.3125 0.380859 0.312988 0.380469 0.312988 0.379297 0.314453 0.379297 0.314941 0.378906 0.31543 0.378906 0.315918 0.377734 0.317383 0.377344 0.317383
1 0.733203 0.503418 0.732422 0.504395 0.732031 0.504395 0.730859 0.505859 0.730469 0.505859 0.730078 0.506348 0.729688 0.506348 0.728516 0.507812 0.728125 0.507812 0.727344 0.508789 0.727344 0.509277 0.726172 0.510742 0.726172 0.51123 0.725 0.512695 0.725 0.513184 0.724219 0.51416 0.724219 0.514648 0.723828 0.515137 0.723828 0.515625 0.723437 0.516113 0.723437 0.516602 0.723047 0.51709 0.723047 0.518066 0.722656 0.518555 0.722656 0.519043 0.721094 0.520996 0.721094 0.521484 0.720703 0.521973 0.720703 0.523438 0.720313 0.523926 0.720313 0.524902 0.719922 0.525391 0.719922 0.526855 0.719531 0.527344 0.719531 0.535156 0.719922 0.535645 0.719922 0.538086 0.720313 0.538574 0.720313 0.539062 0.721094 0.540039 0.721094 0.540527 0.721875 0.541504 0.721875 0.54248 0.722266 0.542969 0.722266 0.543457 0.722656 0.543945 0.722656 0.544434 0.723047 0.544922 0.723047 0.546875 0.723437 0.547363 0.723437 0.549316 0.723828 0.549805 0.723828 0.550293 0.724609 0.55127 0.724609 0.551758 0.725391 0.552734 0.725391 0.553223 0.725781 0.553711 0.725781 0.554199 0.726562 0.555176 0.726562 0.555664 0.728516 0.558105 0.728516 0.558594 0.729688 0.560059 0.730078 0.560059 0.730469 0.560547 0.730859 0.560547 0.733203 0.563477 0.733203 0.563965 0.733594 0.563965 0.734375 0.564941 0.734766 0.564941 0.735938 0.566406 0.736328 0.566406 0.737109 0.567383 0.7375 0.567383 0.737891 0.567871 0.738672 0.567871 0.739062 0.568359 0.739453 0.568359 0.739844 0.568848 0.740234 0.568848 0.740625 0.569336 0.741016 0.569336 0.741406 0.569824 0.741797 0.569824 0.742188 0.570312 0.742969 0.570312 0.743359 0.570801 0.744531 0.570801 0.744922 0.571289 0.745703 0.571289 0.746094 0.571777 0.746484 0.571777 0.746875 0.572266 0.747656 0.572266 0.748047 0.572754 0.750391 0.572754 0.750781 0.572266 0.751953 0.572266 0.752344 0.572754 0.752734 0.572754 0.753516 0.57373 0.754297 0.57373 0.754687 0.574219 0.757031 0.574219 0.757422 0.574707 0.757812 0.574707 0.758594 0.575684 0.758594 0.576172 0.758984 0.57666 0.760156 0.57666 0.760547 0.576172 0.760547 0.574707 0.760156 0.574219 0.760156 0.57373 0.759766 0.573242 0.759766 0.564453 0.757422 0.561523 0.757031 0.561523 0.756641 0.561035 0.756641 0.560059 0.758203 0.558105 0.758203 0.557617 0.758594 0.557129 0.758594 0.553223 0.758984 0.552734 0.758984 0.552246 0.759375 0.551758 0.759375 0.55127 0.759766 0.550781 0.759766 0.550293 0.760156 0.549805 0.760156 0.549316 0.760547 0.548828 0.760547 0.545898 0.760156 0.54541 0.760547 0.544922 0.760547 0.543945 0.760938 0.543457 0.760938 0.542969 0.761328 0.54248 0.761328 0.541992 0.761719 0.541504 0.761719 0.540527 0.762109 0.540039 0.762109 0.539062 0.7625 0.538574 0.7625 0.537109 0.762891 0.536621 0.762891 0.536133 0.763281 0.535645 0.763281 0.535156 0.764062 0.53418 0.764062 0.533691 0.764453 0.533203 0.764453 0.532715 0.764844 0.532227 0.764844 0.53125 0.765234 0.530762 0.765234 0.529785 0.765625 0.529297 0.765625 0.527832 0.766016 0.527344 0.766016 0.525391 0.766406 0.524902 0.766406 0.520508 0.766016 0.52002 0.766016 0.519043 0.765625 0.518555 0.765625 0.51709 0.765234 0.516602 0.765234 0.515625 0.764844 0.515137 0.764844 0.51416 0.764453 0.513672 0.764453 0.513184 0.764062 0.512695 0.764062 0.512207 0.763672 0.511719 0.763672 0.51123 0.7625 0.509766 0.762109 0.509766 0.757812 0.504395 0.757422 0.504395 0.756641 0.503418 0.756641 0.50293 0.75625 0.502441 0.755859 0.502441 0.755469 0.501953 0.753906 0.501953 0.753516 0.501465 0.751953 0.501465 0.751563 0.500977 0.748437 0.500977 0.748047 0.500488 0.739844 0.500488 0.739453 0.500977 0.738672 0.500977 0.738281 0.501465 0.7375 0.501465 0.737109 0.501953 0.736719 0.501953 0.736328 0.502441 0.735547 0.502441 0.735156 0.50293 0.734375 0.50293 0.733984 0.503418
1 0.455469 0.53418 0.455078 0.534668 0.455078 0.535156 0.454688 0.535645 0.454688 0.537598 0.455078 0.538086 0.455859 0.538086 0.45625 0.538574 0.457031 0.538574 0.457422 0.539062 0.457422 0.539551 0.457813 0.540039 0.457813 0.541016 0.458203 0.541504 0.458203 0.541992 0.458594 0.541992 0.460156 0.543945 0.460156 0.544434 0.460547 0.544922 0.460547 0.545898 0.460938 0.546387 0.460938 0.546875 0.461328 0.547363 0.461328 0.54834 0.461719 0.548828 0.461719 0.549316 0.462109 0.549805 0.462109 0.55127 0.4625 0.551758 0.4625 0.552734 0.463672 0.554199 0.464062 0.554199 0.465234 0.555664 0.465234 0.557617 0.464844 0.558105 0.464844 0.55957 0.464453 0.560059 0.464453 0.561035 0.464062 0.561523 0.464062 0.5625 0.463672 0.562988 0.463672 0.563965 0.463281 0.564453 0.463281 0.56543 0.462891 0.565918 0.462891 0.567383 0.4625 0.567871 0.4625 0.569336 0.462109 0.569824 0.462109 0.575684 0.4625 0.576172 0.4625 0.586426 0.462109 0.586914 0.462109 0.594727 0.4625 0.595215 0.4625 0.596191 0.462891 0.59668 0.462891 0.597656 0.463281 0.598145 0.463281 0.598633 0.464062 0.599609 0.464453 0.599609 0.465625 0.601074 0.465625 0.601562 0.466016 0.602051 0.466016 0.602539 0.467187 0.604004 0.467969 0.604004 0.468359 0.604492 0.46875 0.604492 0.469531 0.605469 0.469531 0.605957 0.469922 0.606445 0.469922 0.606934 0.470703 0.60791 0.473047 0.60791 0.473438 0.608398 0.474219 0.608398 0.475391 0.609863 0.475781 0.609863 0.476562 0.61084 0.476953 0.61084 0.477344 0.611328 0.477734 0.611328 0.478125 0.611816 0.479687 0.611816 0.480078 0.612305 0.4875 0.612305 0.487891 0.611816 0.489453 0.611816 0.489844 0.611328 0.490234 0.611328 0.490625 0.61084 0.491016 0.61084 0.491016 0.609863 0.491797 0.608887 0.492188 0.608887 0.492578 0.608398 0.49375 0.608398 0.494922 0.606934 0.494922 0.60498 0.495312 0.604492 0.495312 0.604004 0.495703 0.603516 0.495703 0.598145 0.495312 0.597656 0.495312 0.597168 0.494922 0.597168 0.494531 0.59668 0.494141 0.59668 0.49375 0.596191 0.49375 0.595703 0.494141 0.595215 0.494531 0.595215 0.494922 0.594727 0.495312 0.594727 0.495703 0.594238 0.495703 0.590332 0.495312 0.589844 0.495312 0.589355 0.494141 0.587891 0.494141 0.586914 0.494531 0.586426 0.494531 0.582031 0.494141 0.581543 0.494141 0.580566 0.49375 0.580078 0.49375 0.579102 0.493359 0.578613 0.493359 0.577637 0.492578 0.57666 0.492578 0.576172 0.492188 0.575684 0.492188 0.575195 0.491797 0.574707 0.491797 0.572266 0.491406 0.571777 0.491406 0.570801 0.491016 0.570312 0.491016 0.569336 0.490625 0.568848 0.490625 0.567871 0.490234 0.567383 0.490234 0.565918 0.489844 0.56543 0.489844 0.564453 0.489453 0.563965 0.489063 0.563965 0.488281 0.562988 0.488281 0.5625 0.487891 0.562012 0.487891 0.561523 0.4875 0.561035 0.4875 0.560059 0.487109 0.55957 0.487109 0.559082 0.486328 0.558105 0.486328 0.557617 0.484375 0.555176 0.484375 0.554688 0.483594 0.553711 0.483594 0.553223 0.482031 0.55127 0.481641 0.55127 0.48125 0.550781 0.480469 0.550781 0.480078 0.550293 0.479687 0.550293 0.478906 0.549316 0.478516 0.549316 0.476562 0.546875 0.476562 0.546387 0.474219 0.543457 0.473438 0.543457 0.473047 0.542969 0.472266 0.542969 0.471875 0.54248 0.471094 0.54248 0.470703 0.541992 0.470313 0.541992 0.469531 0.541016 0.469141 0.541016 0.468359 0.540039 0.467969 0.540039 0.467187 0.539062 0.466797 0.539062 0.466406 0.538574 0.466016 0.538574 0.465625 0.538086 0.465234 0.538086 0.464062 0.536621 0.463281 0.536621 0.462891 0.536133 0.460156 0.536133 0.458984 0.534668 0.458984 0.533691 0.45625 0.533691 0.455859 0.53418
1 0.430859 0.733398 0.432422 0.735352 0.432812 0.735352 0.433984 0.736816 0.433984 0.737305 0.434375 0.737793 0.434375 0.738281 0.434766 0.73877 0.434766 0.740234 0.435937 0.741699 0.435937 0.742188 0.437109 0.743652 0.437109 0.744141 0.437891 0.745117 0.437891 0.745605 0.438281 0.746094 0.438281 0.74707 0.438672 0.747559 0.438672 0.748047 0.439063 0.748535 0.439453 0.748535 0.439844 0.749023 0.440234 0.749023 0.440625 0.749512 0.441016 0.749512 0.441406 0.75 0.441797 0.75 0.442188 0.750488 0.442188 0.750977 0.443359 0.752441 0.444141 0.752441 0.444531 0.75293 0.445312 0.75293 0.446094 0.753906 0.446484 0.753906 0.447656 0.755371 0.449219 0.755371 0.449609 0.755859 0.450781 0.755859 0.451172 0.756348 0.452344 0.756348 0.452734 0.756836 0.461328 0.756836 0.461719 0.756348 0.463281 0.756348 0.463672 0.755859 0.464062 0.755859 0.464453 0.755371 0.464844 0.755371 0.465234 0.754883 0.465625 0.754883 0.466016 0.754395 0.466797 0.754395 0.467187 0.753906 0.467969 0.753906 0.468359 0.753418 0.46875 0.753418 0.469141 0.75293 0.469922 0.75293 0.470313 0.752441 0.470703 0.752441 0.473438 0.749023 0.473438 0.748535 0.475391 0.746094 0.475391 0.745605 0.475781 0.745117 0.475781 0.744629 0.476172 0.744141 0.476172 0.742676 0.476562 0.742188 0.476562 0.741211 0.477344 0.740234 0.477344 0.739746 0.478125 0.73877 0.478125 0.737793 0.478516 0.737305 0.478516 0.736328 0.478906 0.73584 0.478906 0.73291 0.480078 0.731445 0.480469 0.731445 0.48125 0.730469 0.481641 0.730469 0.483594 0.728027 0.483984 0.728027 0.484375 0.727539 0.484766 0.727539 0.485156 0.727051 0.485547 0.727051 0.485938 0.726562 0.486328 0.726562 0.486719 0.726074 0.487109 0.726074 0.4875 0.725586 0.487891 0.725586 0.489063 0.724121 0.489453 0.724121 0.489844 0.723633 0.490234 0.723633 0.491016 0.722656 0.491406 0.722656 0.491797 0.722168 0.492188 0.722168 0.492578 0.72168 0.492969 0.72168 0.494141 0.720215 0.494531 0.720215 0.496094 0.718262 0.496484 0.718262 0.497266 0.717285 0.498047 0.717285 0.498437 0.716797 0.501953 0.716797 0.501953 0.713379 0.501563 0.712891 0.501172 0.712891 0.500781 0.712402 0.500391 0.712402 0.5 0.711914 0.499219 0.711914 0.498828 0.711426 0.498437 0.711426 0.498047 0.710938 0.497266 0.710938 0.496875 0.710449 0.496484 0.710449 0.496094 0.709961 0.495703 0.709961 0.495312 0.709473 0.494922 0.709473 0.494531 0.708984 0.490234 0.708984 0.489844 0.708496 0.489063 0.708496 0.488672 0.708008 0.4875 0.708008 0.487109 0.70752 0.485156 0.70752 0.484766 0.707031 0.483594 0.707031 0.483203 0.706543 0.482422 0.706543 0.482031 0.706055 0.480469 0.706055 0.480078 0.705566 0.478516 0.705566 0.478125 0.705078 0.477734 0.705078 0.477344 0.70459 0.476562 0.70459 0.476172 0.704102 0.475391 0.704102 0.475 0.703613 0.473828 0.703613 0.473438 0.703125 0.471484 0.703125 0.471094 0.702637 0.468359 0.702637 0.467969 0.702148 0.466016 0.702148 0.465625 0.70166 0.464062 0.70166 0.463672 0.701172 0.454297 0.701172 0.453906 0.70166 0.453125 0.70166 0.452734 0.702148 0.452344 0.702148 0.451953 0.702637 0.450781 0.702637 0.450391 0.703125 0.449609 0.703125 0.449219 0.703613 0.448828 0.703613 0.447656 0.705078 0.446094 0.705078 0.445703 0.705566 0.443359 0.705566 0.442188 0.707031 0.441797 0.707031 0.441406 0.70752 0.441016 0.70752 0.440625 0.708008 0.439453 0.708008 0.439063 0.708496 0.438281 0.708496 0.4375 0.709473 0.4375 0.709961 0.435547 0.712402 0.435547 0.712891 0.435156 0.713379 0.435156 0.714844 0.434766 0.715332 0.434766 0.716797 0.434375 0.717285 0.434375 0.717773 0.433984 0.718262 0.433984 0.719238 0.433594 0.719727 0.433594 0.720703 0.433203 0.721191 0.433203 0.72168 0.432812 0.722168 0.432812 0.722656 0.432031 0.723633 0.432031 0.724121 0.431641 0.724609 0.431641 0.727539 0.43125 0.728027 0.43125 0.729492 0.430859 0.72998
1 0.867578 0.285645 0.866406 0.287109 0.866406 0.289062 0.866797 0.289551 0.866797 0.291016 0.866406 0.291504 0.866406 0.29248 0.866016 0.292969 0.866016 0.296875 0.866406 0.297363 0.866406 0.30127 0.866016 0.301758 0.866016 0.308594 0.866406 0.309082 0.866406 0.315918 0.866797 0.316406 0.866797 0.320312 0.867188 0.320801 0.867188 0.322754 0.867578 0.323242 0.867578 0.32373 0.867969 0.324219 0.867969 0.324707 0.868359 0.325195 0.868359 0.326172 0.86875 0.32666 0.86875 0.327148 0.869141 0.327637 0.869141 0.328125 0.869531 0.328613 0.869531 0.329102 0.869922 0.32959 0.869922 0.330078 0.872266 0.333008 0.872266 0.333496 0.873437 0.334961 0.873437 0.335449 0.874219 0.336426 0.874219 0.336914 0.875 0.337891 0.875 0.338379 0.875391 0.338867 0.875391 0.339355 0.876172 0.340332 0.876172 0.34082 0.877734 0.342773 0.878125 0.342773 0.878906 0.34375 0.879297 0.34375 0.880078 0.344727 0.880469 0.344727 0.88125 0.345703 0.881641 0.345703 0.882031 0.346191 0.882422 0.346191 0.883203 0.347168 0.883594 0.347168 0.883984 0.347656 0.884375 0.347656 0.884766 0.348145 0.885938 0.348145 0.886328 0.348633 0.8875 0.348633 0.887891 0.349121 0.889453 0.349121 0.889844 0.348633 0.891797 0.348633 0.892188 0.348145 0.892578 0.348145 0.892969 0.347656 0.893359 0.347656 0.894531 0.346191 0.894531 0.345703 0.894922 0.345215 0.894922 0.344727 0.895312 0.344238 0.895312 0.34375 0.895703 0.343262 0.895703 0.342773 0.896094 0.342285 0.896094 0.339355 0.896484 0.338867 0.896484 0.332031 0.896094 0.331543 0.896094 0.328613 0.895703 0.328125 0.895703 0.325684 0.895312 0.325195 0.895312 0.321289 0.894922 0.320801 0.894922 0.319336 0.894531 0.318848 0.894531 0.317871 0.894141 0.317383 0.894141 0.316406 0.89375 0.315918 0.89375 0.31543 0.892969 0.314453 0.892969 0.313965 0.892578 0.313477 0.892578 0.311523 0.892188 0.311035 0.892188 0.310547 0.891797 0.310059 0.891797 0.30957 0.891016 0.308594 0.891016 0.308105 0.890625 0.307617 0.890625 0.307129 0.889844 0.306152 0.889844 0.305664 0.889453 0.305664 0.888672 0.304688 0.888281 0.304688 0.887891 0.304199 0.8875 0.304199 0.887109 0.303711 0.886719 0.303711 0.885547 0.302246 0.885156 0.302246 0.884375 0.30127 0.883984 0.30127 0.883203 0.300293 0.882812 0.300293 0.882031 0.299316 0.882031 0.298828 0.881641 0.29834 0.881641 0.297852 0.88125 0.297363 0.88125 0.296875 0.880469 0.295898 0.880469 0.29541 0.878516 0.292969 0.878125 0.292969 0.877734 0.29248 0.877344 0.29248 0.876953 0.291992 0.876563 0.291992 0.876172 0.291504 0.875781 0.291504 0.875 0.290527 0.874609 0.290527 0.873828 0.289551 0.873437 0.289551 0.873047 0.289062 0.872656 0.289062 0.869922 0.285645
1 0.626953 0.0444336 0.626563 0.0449219 0.626172 0.0449219 0.626172 0.0454102 0.628125 0.0478516 0.628125 0.0488281 0.626563 0.0507812 0.626563 0.0512695 0.626172 0.0517578 0.626172 0.0537109 0.626563 0.0541992 0.626563 0.0551758 0.626953 0.0556641 0.626953 0.0576172 0.626563 0.0581055 0.626563 0.0595703 0.626172 0.0600586 0.626172 0.0644531 0.625781 0.0649414 0.625781 0.0683594 0.625391 0.0688477 0.625391 0.0693359 0.623437 0.0717773 0.623437 0.0722656 0.623047 0.0727539 0.623047 0.0737305 0.623437 0.0742188 0.623437 0.0761719 0.622656 0.0771484 0.622266 0.0771484 0.621875 0.0776367 0.621484 0.0776367 0.620313 0.0791016 0.620313 0.0795898 0.619922 0.0800781 0.619922 0.0805664 0.619141 0.081543 0.619141 0.0820312 0.61875 0.0825195 0.61875 0.0830078 0.618359 0.0834961 0.618359 0.0883789 0.61875 0.0888672 0.61875 0.090332 0.619141 0.0908203 0.619141 0.0913086 0.621484 0.0942383 0.621484 0.0947266 0.622656 0.0961914 0.623047 0.0961914 0.625781 0.0996094 0.625781 0.100586 0.626172 0.101074 0.626172 0.101562 0.626563 0.102051 0.626563 0.102539 0.627344 0.103516 0.627344 0.104004 0.628125 0.10498 0.628125 0.105469 0.628516 0.105957 0.628906 0.105957 0.630469 0.10791 0.630469 0.11084 0.630859 0.111328 0.630859 0.111816 0.632031 0.113281 0.632422 0.113281 0.632812 0.11377 0.632812 0.114258 0.633203 0.114746 0.633203 0.115234 0.633594 0.115723 0.633594 0.117676 0.633984 0.118164 0.633984 0.118652 0.634375 0.118652 0.634766 0.119141 0.635156 0.119141 0.635547 0.118652 0.635938 0.118652 0.636328 0.118164 0.636719 0.118164 0.6375 0.117188 0.637891 0.117188 0.638672 0.116211 0.638672 0.115723 0.639844 0.114258 0.640234 0.114258 0.641406 0.112793 0.641797 0.112793 0.642188 0.112305 0.642578 0.112305 0.643359 0.111328 0.643359 0.11084 0.64375 0.110352 0.64375 0.109863 0.644531 0.108887 0.644531 0.108398 0.647656 0.104492 0.647656 0.104004 0.648047 0.103516 0.648047 0.102539 0.648438 0.102051 0.648438 0.101074 0.649219 0.100098 0.649219 0.0996094 0.65 0.0986328 0.65 0.0976562 0.650391 0.097168 0.650391 0.0961914 0.650781 0.0957031 0.650781 0.0932617 0.651172 0.0927734 0.651172 0.0849609 0.650781 0.0844727 0.650781 0.081543 0.650391 0.0810547 0.650391 0.0795898 0.65 0.0791016 0.65 0.078125 0.649609 0.0776367 0.649609 0.0771484 0.649219 0.0766602 0.649219 0.0761719 0.648828 0.0756836 0.648828 0.0742188 0.648438 0.0737305 0.648438 0.0717773 0.648047 0.0712891 0.648047 0.0703125 0.647656 0.0698242 0.647656 0.0688477 0.647266 0.0683594 0.647266 0.0678711 0.645312 0.0654297 0.645312 0.0649414 0.644531 0.0639648 0.644531 0.0634766 0.639844 0.0576172 0.639844 0.0571289 0.639453 0.0566406 0.639453 0.0561523 0.639062 0.0556641 0.638672 0.0556641 0.638281 0.0551758 0.637891 0.0551758 0.6375 0.0546875 0.637109 0.0546875 0.636719 0.0541992 0.636328 0.0541992 0.634375 0.0517578 0.633984 0.0517578 0.633203 0.0507812 0.633203 0.050293 0.632812 0.0498047 0.632812 0.0493164 0.632422 0.0488281 0.632422 0.0483398 0.632031 0.0478516 0.632031 0.0473633 0.631641 0.046875 0.631641 0.0463867 0.63125 0.0458984 0.63125 0.0454102 0.630469 0.0444336
1 0.841406 0.046875 0.840625 0.046875 0.840234 0.0463867 0.839453 0.0463867 0.839063 0.0458984 0.837109 0.0458984 0.835156 0.0483398 0.834766 0.0483398 0.833984 0.0493164 0.833594 0.0493164 0.833203 0.0498047 0.832812 0.0498047 0.832422 0.050293 0.832031 0.050293 0.831641 0.0507812 0.83125 0.0507812 0.830859 0.0512695 0.830078 0.0512695 0.829688 0.0517578 0.829297 0.0517578 0.828516 0.0527344 0.828516 0.0532227 0.826562 0.0556641 0.826562 0.0561523 0.825781 0.0571289 0.825781 0.0576172 0.823438 0.0605469 0.823047 0.0605469 0.822656 0.0610352 0.822656 0.0615234 0.822266 0.0620117 0.822266 0.0625 0.821875 0.0629883 0.821875 0.0634766 0.821484 0.0639648 0.821484 0.0644531 0.820703 0.0654297 0.820703 0.065918 0.819922 0.0668945 0.819922 0.0673828 0.819531 0.0678711 0.819531 0.0683594 0.819141 0.0688477 0.819141 0.0693359 0.81875 0.0698242 0.81875 0.0708008 0.818359 0.0712891 0.818359 0.0717773 0.817969 0.0722656 0.817969 0.0732422 0.817578 0.0737305 0.817578 0.074707 0.817187 0.0751953 0.817187 0.0761719 0.816797 0.0766602 0.816797 0.0776367 0.816406 0.078125 0.816406 0.0791016 0.816016 0.0795898 0.816016 0.0805664 0.815625 0.0810547 0.815625 0.0820312 0.815234 0.0825195 0.815234 0.0834961 0.814844 0.0839844 0.814844 0.0849609 0.814453 0.0854492 0.814453 0.0864258 0.814063 0.0869141 0.814063 0.0878906 0.813672 0.0883789 0.813672 0.0942383 0.813281 0.0947266 0.813281 0.0996094 0.813672 0.100098 0.813672 0.103516 0.814063 0.104004 0.814063 0.104492 0.814844 0.105469 0.814844 0.105957 0.815234 0.106445 0.815625 0.106445 0.816406 0.107422 0.816406 0.10791 0.816797 0.108398 0.816797 0.108887 0.816406 0.109375 0.816406 0.11084 0.817969 0.112793 0.819922 0.112793 0.820312 0.113281 0.827344 0.113281 0.827734 0.112793 0.829297 0.112793 0.829688 0.112305 0.831641 0.112305 0.832031 0.111816 0.833984 0.111816 0.834375 0.111328 0.835156 0.111328 0.836328 0.109863 0.836719 0.109863 0.8375 0.108887 0.837891 0.108887 0.838672 0.10791 0.839063 0.10791 0.840625 0.105957 0.841016 0.105957 0.842578 0.104004 0.842578 0.102539 0.842187 0.102051 0.842187 0.101074 0.841797 0.100586 0.841797 0.0996094 0.842578 0.0986328 0.842578 0.0981445 0.842969 0.0976562 0.842969 0.0966797 0.84375 0.0957031 0.84375 0.0952148 0.844141 0.0947266 0.844531 0.0947266 0.845313 0.09375 0.845703 0.09375 0.846094 0.0932617 0.846484 0.0932617 0.847266 0.0922852 0.847266 0.0917969 0.847656 0.0913086 0.847656 0.0898438 0.848047 0.0893555 0.848047 0.0883789 0.848437 0.0878906 0.848437 0.0864258 0.848828 0.0859375 0.848828 0.0844727 0.849219 0.0839844 0.849219 0.0830078 0.849609 0.0825195 0.849609 0.0820312 0.85 0.081543 0.85 0.0805664 0.850391 0.0800781 0.850391 0.0712891 0.85 0.0708008 0.85 0.0693359 0.849609 0.0688477 0.849609 0.0673828 0.85 0.0668945 0.85 0.065918 0.850391 0.0654297 0.850391 0.0644531 0.85 0.0639648 0.85 0.0634766 0.848828 0.0620117 0.848828 0.0615234 0.848437 0.0610352 0.848437 0.0605469 0.848047 0.0600586 0.848047 0.0595703 0.847656 0.059082 0.847656 0.0581055 0.846484 0.0566406 0.846484 0.0561523 0.846094 0.0556641 0.846094 0.0522461 0.842187 0.0473633 0.841797 0.0473633
2 0.358984 0.450684 0.358594 0.450195 0.358594 0.449219 0.358203 0.44873 0.358203 0.447754 0.357812 0.447266 0.357812 0.446777 0.357031 0.445801 0.357031 0.445312 0.354687 0.442383 0.354687 0.441895 0.351953 0.438477 0.351562 0.438477 0.350781 0.4375 0.350391 0.4375 0.35 0.437012 0.349609 0.437012 0.349219 0.436523 0.348828 0.436523 0.348438 0.436035 0.347656 0.436035 0.347266 0.435547 0.346875 0.435547 0.346484 0.435059 0.345703 0.435059 0.345313 0.43457 0.343359 0.43457 0.342969 0.434082 0.339062 0.434082 0.338672 0.433594 0.336719 0.433594 0.336328 0.434082 0.329297 0.434082 0.328906 0.43457 0.325781 0.43457 0.325391 0.435059 0.322266 0.435059 0.321875 0.435547 0.320703 0.435547 0.320312 0.436035 0.319922 0.436035 0.319531 0.436523 0.31875 0.436523 0.318359 0.437012 0.317188 0.437012 0.316797 0.4375 0.315625 0.4375 0.315234 0.437988 0.314453 0.437988 0.314063 0.438477 0.313281 0.438477 0.312891 0.438965 0.3125 0.438965 0.312109 0.439453 0.311328 0.439453 0.310547 0.44043 0.310156 0.44043 0.309766 0.440918 0.309375 0.440918 0.308984 0.441406 0.308594 0.441406 0.308203 0.441895 0.307422 0.441895 0.307031 0.442383 0.30625 0.442383 0.305859 0.442871 0.305469 0.442871 0.304688 0.443848 0.304297 0.443848 0.303516 0.444824 0.303125 0.444824 0.302734 0.445312 0.302344 0.445312 0.301953 0.445801 0.301563 0.445801 0.301172 0.446289 0.300781 0.446289 0.3 0.447266 0.299609 0.447266 0.299219 0.447754 0.298828 0.447754 0.298438 0.448242 0.298047 0.448242 0.297656 0.44873 0.297266 0.44873 0.296875 0.449219 0.296484 0.449219 0.296094 0.449707 0.295312 0.449707 0.294922 0.450195 0.294531 0.450195 0.294141 0.450684 0.29375 0.450684 0.293359 0.451172 0.292578 0.451172 0.292187 0.45166 0.291406 0.45166 0.291016 0.452148 0.290625 0.452148 0.290234 0.452637 0.289844 0.452637 0.289453 0.453125 0.288672 0.453125 0.288281 0.453613 0.2875 0.453613 0.287109 0.454102 0.286719 0.454102 0.286328 0.45459 0.285938 0.45459 0.285156 0.455566 0.285156 0.456543 0.284766 0.457031 0.284766 0.458984 0.285156 0.459473 0.285156 0.459961 0.285547 0.459961 0.2875 0.462402 0.287891 0.462402 0.288281 0.462891 0.288672 0.462891 0.289062 0.463379 0.289844 0.463379 0.290234 0.463867 0.291016 0.463867 0.291406 0.464355 0.291797 0.464355 0.292187 0.464844 0.292578 0.464844 0.292969 0.465332 0.293359 0.465332 0.29375 0.46582 0.294531 0.46582 0.294922 0.466309 0.295703 0.466309 0.296094 0.466797 0.297266 0.466797 0.297656 0.467285 0.298438 0.467285 0.298828 0.467773 0.299609 0.467773 0.3 0.468262 0.300391 0.468262 0.300781 0.46875 0.301563 0.46875 0.301953 0.469238 0.302344 0.469238 0.302734 0.469727 0.303125 0.469727 0.303516 0.470215 0.303906 0.470215 0.304297 0.470703 0.304688 0.470703 0.305078 0.471191 0.305859 0.471191 0.30625 0.47168 0.307031 0.47168 0.307422 0.472168 0.308203 0.472168 0.308594 0.472656 0.308984 0.472656 0.309375 0.473145 0.309766 0.473145 0.310156 0.473633 0.310547 0.473633 0.310937 0.474121 0.311719 0.474121 0.312109 0.474609 0.313281 0.474609 0.313672 0.475098 0.314453 0.475098 0.314844 0.475586 0.316016 0.475586 0.316406 0.476074 0.317969 0.476074 0.318359 0.476562 0.319922 0.476562 0.320312 0.477051 0.321875 0.477051 0.322266 0.477539 0.323828 0.477539 0.324219 0.478027 0.325781 0.478027 0.326172 0.478516 0.328906 0.478516 0.329297 0.479004 0.330859 0.479004 0.33125 0.479492 0.332813 0.479492 0.333203 0.47998 0.3375 0.47998 0.337891 0.479492 0.342187 0.479492 0.342578 0.479004 0.345313 0.479004 0.345703 0.478516 0.346484 0.478516 0.346875 0.478027 0.347266 0.478027 0.347656 0.477539 0.348438 0.477539 0.348828 0.477051 0.349219 0.477051 0.349609 0.476562 0.35 0.476562 0.350781 0.475586 0.351172 0.475586 0.355078 0.470703 0.355078 0.470215 0.355859 0.469238 0.355859 0.46875 0.356641 0.467773 0.356641 0.467285 0.357031 0.466797 0.357031 0.466309 0.357422 0.46582 0.357422 0.465332 0.357812 0.464844 0.357812 0.464355 0.358203 0.463867 0.358203 0.462402 0.358594 0.461914 0.358594 0.459473 0.358984 0.458984
2 0.286719 0.355469 0.286719 0.358398 0.287891 0.359863 0.287891 0.360352 0.288672 0.361328 0.288672 0.361816 0.291797 0.365723 0.292187 0.365723 0.292969 0.366699 0.293359 0.366699 0.294141 0.367676 0.294531 0.367676 0.294922 0.368164 0.295312 0.368164 0.296094 0.369141 0.296484 0.369141 0.297266 0.370117 0.297656 0.370117 0.298438 0.371094 0.298828 0.371094 0.299609 0.37207 0.3 0.37207 0.301172 0.373535 0.301563 0.373535 0.302734 0.375 0.303125 0.375 0.304297 0.376465 0.304297 0.376953 0.305469 0.378418 0.305469 0.378906 0.30625 0.379883 0.30625 0.380371 0.309375 0.384277 0.309375 0.384766 0.3125 0.388672 0.3125 0.38916 0.312891 0.389648 0.312891 0.390137 0.313281 0.390625 0.313281 0.391602 0.313672 0.39209 0.313672 0.392578 0.314063 0.393066 0.314063 0.393555 0.314844 0.394531 0.314844 0.39502 0.316016 0.396484 0.316016 0.396973 0.316797 0.397949 0.316797 0.398438 0.317578 0.399414 0.317578 0.399902 0.320312 0.40332 0.320312 0.403809 0.322266 0.40625 0.322656 0.40625 0.324609 0.408691 0.325 0.408691 0.325391 0.40918 0.325781 0.40918 0.326172 0.409668 0.326953 0.409668 0.327344 0.410156 0.328125 0.410156 0.328516 0.410645 0.329297 0.410645 0.329688 0.411133 0.338672 0.411133 0.339062 0.410645 0.339844 0.410645 0.340234 0.410156 0.340625 0.410156 0.342969 0.407227 0.342969 0.406738 0.344922 0.404297 0.344922 0.403809 0.345703 0.402832 0.345703 0.402344 0.346484 0.401367 0.346484 0.400879 0.346875 0.400391 0.346875 0.399902 0.347266 0.399414 0.347266 0.398926 0.347656 0.398438 0.347656 0.397949 0.348047 0.397461 0.348047 0.396973 0.348438 0.396484 0.348438 0.395996 0.348828 0.395508 0.348828 0.39502 0.349609 0.394043 0.349609 0.393555 0.35 0.393066 0.35 0.392578 0.350391 0.39209 0.350391 0.391113 0.350781 0.390625 0.350781 0.389648 0.351172 0.38916 0.351172 0.388672 0.351562 0.388184 0.351562 0.387695 0.351953 0.387207 0.351953 0.386719 0.352734 0.385742 0.352734 0.385254 0.353516 0.384277 0.353516 0.383789 0.353906 0.383301 0.353906 0.382812 0.354297 0.382324 0.354297 0.381836 0.354687 0.381348 0.354687 0.380859 0.355078 0.380371 0.355078 0.379395 0.355469 0.378906 0.355469 0.377441 0.355859 0.376953 0.355859 0.373047 0.355469 0.372559 0.355469 0.370117 0.355078 0.369629 0.355078 0.368652 0.354687 0.368164 0.354687 0.367676 0.352734 0.365234 0.352734 0.364746 0.351953 0.36377 0.351953 0.363281 0.351562 0.362793 0.351562 0.362305 0.351172 0.361816 0.351172 0.361328 0.350781 0.36084 0.350781 0.360352 0.349609 0.358887 0.349609 0.358398 0.348438 0.356934 0.348438 0.356445 0.346875 0.354492 0.346875 0.354004 0.346484 0.353516 0.346094 0.353516 0.345313 0.352539 0.344531 0.352539 0.344141 0.352051 0.34375 0.352051 0.343359 0.351562 0.342578 0.351562 0.342187 0.351074 0.340625 0.351074 0.340234 0.350586 0.333203 0.350586 0.332813 0.350098 0.330469 0.350098 0.330078 0.349609 0.327734 0.349609 0.327344 0.350098 0.323828 0.350098 0.323437 0.350586 0.321484 0.350586 0.321094 0.351074 0.320312 0.351074 0.319922 0.351562 0.319141 0.351562 0.31875 0.352051 0.318359 0.352051 0.317969 0.352539 0.317188 0.352539 0.316797 0.353027 0.316016 0.353027 0.315625 0.353516 0.315234 0.353516 0.314844 0.354004 0.314063 0.354004 0.313672 0.354492 0.312891 0.354492 0.3125 0.35498 0.311328 0.35498 0.310937 0.355469 0.309766 0.355469 0.309375 0.355957 0.308203 0.355957 0.307812 0.356445 0.304688 0.356445 0.304297 0.356934 0.301563 0.356934 0.301172 0.356445 0.296484 0.356445 0.296094 0.356934 0.295312 0.356934 0.294922 0.356445 0.29375 0.356445 0.293359 0.355957 0.292578 0.355957 0.292187 0.355469 0.290234 0.355469 0.289844 0.35498 0.287109 0.35498
2 0.623437 0.695312 0.622266 0.693848 0.621875 0.693848 0.621484 0.693359 0.620313 0.693359 0.619922 0.692871 0.61875 0.692871 0.618359 0.692383 0.617578 0.692383 0.617188 0.691895 0.616406 0.691895 0.616016 0.691406 0.615234 0.691406 0.614844 0.690918 0.614062 0.690918 0.613672 0.69043 0.613281 0.69043 0.612891 0.689941 0.612109 0.689941 0.611719 0.689453 0.611328 0.689453 0.610938 0.688965 0.610547 0.688965 0.610156 0.688477 0.609766 0.688477 0.608984 0.6875 0.608594 0.6875 0.607812 0.686523 0.607422 0.686523 0.602734 0.680664 0.602344 0.680664 0.601562 0.679688 0.601172 0.679688 0.600391 0.678711 0.6 0.678711 0.599219 0.677734 0.598437 0.677734 0.598047 0.677246 0.597656 0.677246 0.597266 0.676758 0.596875 0.676758 0.596484 0.67627 0.595703 0.67627 0.595313 0.675781 0.594531 0.675781 0.594141 0.675293 0.593359 0.675293 0.592969 0.674805 0.591016 0.674805 0.590625 0.674316 0.587109 0.674316 0.586719 0.674805 0.583984 0.674805 0.583594 0.675293 0.582422 0.675293 0.582031 0.675781 0.58125 0.675781 0.580859 0.67627 0.579688 0.67627 0.579297 0.676758 0.577344 0.676758 0.576953 0.677246 0.575781 0.677246 0.575391 0.677734 0.575 0.677734 0.574219 0.678711 0.573828 0.678711 0.573438 0.679199 0.573047 0.679199 0.572656 0.679688 0.572266 0.679688 0.571484 0.680664 0.571094 0.680664 0.570703 0.681152 0.570703 0.681641 0.569922 0.682617 0.569922 0.683105 0.569531 0.683594 0.569531 0.684082 0.56875 0.685059 0.56875 0.685547 0.568359 0.686035 0.568359 0.686523 0.567969 0.687012 0.567969 0.6875 0.567578 0.687988 0.567578 0.688477 0.567187 0.688965 0.567187 0.689453 0.566797 0.689941 0.566797 0.69043 0.566406 0.690918 0.566406 0.691895 0.566016 0.692383 0.566016 0.692871 0.565625 0.693359 0.565625 0.694824 0.565234 0.695312 0.565234 0.697266 0.564844 0.697754 0.564844 0.706055 0.565234 0.706543 0.565234 0.708984 0.565625 0.709473 0.565625 0.710449 0.566016 0.710938 0.566016 0.712402 0.566406 0.712891 0.566406 0.713379 0.566797 0.713867 0.566797 0.714355 0.567187 0.714844 0.567187 0.715332 0.567578 0.71582 0.567578 0.716309 0.568359 0.717285 0.568359 0.717773 0.569141 0.71875 0.569141 0.719238 0.569531 0.719727 0.569531 0.720215 0.570312 0.721191 0.570312 0.72168 0.572656 0.724609 0.573047 0.724609 0.573828 0.725586 0.574219 0.725586 0.575 0.726562 0.575391 0.726562 0.575781 0.727051 0.576953 0.727051 0.577344 0.727539 0.582812 0.727539 0.583203 0.727051 0.584766 0.727051 0.585156 0.726562 0.585547 0.726562 0.585938 0.726074 0.586328 0.726074 0.586719 0.725586 0.5875 0.725586 0.587891 0.725098 0.588281 0.725098 0.588672 0.724609 0.589453 0.724609 0.589844 0.724121 0.590234 0.724121 0.590625 0.723633 0.591406 0.723633 0.591797 0.723145 0.592187 0.723145 0.592578 0.722656 0.593359 0.722656 0.59375 0.722168 0.594531 0.722168 0.594922 0.72168 0.595313 0.72168 0.595703 0.721191 0.596094 0.721191 0.596484 0.720703 0.596875 0.720703 0.597266 0.720215 0.597656 0.720215 0.598047 0.719727 0.598828 0.719727 0.599219 0.719238 0.599609 0.719238 0.6 0.71875 0.600391 0.71875 0.600781 0.718262 0.601172 0.718262 0.601562 0.717773 0.601953 0.717773 0.602344 0.717285 0.602734 0.717285 0.603516 0.716309 0.603906 0.716309 0.604297 0.71582 0.604688 0.71582 0.605078 0.715332 0.605469 0.715332 0.605859 0.714844 0.60625 0.714844 0.607031 0.713867 0.607422 0.713867 0.607812 0.713379 0.608203 0.713379 0.608594 0.712891 0.608984 0.712891 0.609766 0.711914 0.610547 0.711914 0.610938 0.711426 0.611328 0.711426 0.611719 0.710938 0.612109 0.710938 0.612891 0.709961 0.613281 0.709961 0.613672 0.709473 0.614062 0.709473 0.614844 0.708496 0.615234 0.708496 0.616016 0.70752 0.616406 0.70752 0.616797 0.707031 0.617188 0.707031 0.617969 0.706055 0.618359 0.706055 0.61875 0.705566 0.619141 0.705566 0.622656 0.701172 0.622656 0.700684 0.623437 0.699707 0.623437 0.699219 0.623828 0.69873 0.623828 0.696289 0.623437 0.695801
2 0.717187 0.688477 0.717187 0.690918 0.717578 0.691406 0.717578 0.691895 0.717969 0.692383 0.717969 0.692871 0.719922 0.695312 0.720313 0.695312 0.722656 0.698242 0.722656 0.69873 0.723047 0.699219 0.723047 0.699707 0.723437 0.700195 0.723437 0.700684 0.726172 0.704102 0.726172 0.70459 0.726953 0.705566 0.726953 0.706055 0.727344 0.706543 0.727344 0.707031 0.727734 0.70752 0.727734 0.708008 0.728516 0.708984 0.728516 0.709473 0.729297 0.710449 0.729297 0.710938 0.729688 0.711426 0.729688 0.711914 0.730469 0.712891 0.730469 0.713379 0.730859 0.713867 0.730859 0.714355 0.73125 0.714844 0.73125 0.715332 0.731641 0.71582 0.731641 0.716309 0.732812 0.717773 0.732812 0.718262 0.733984 0.719727 0.733984 0.720215 0.739062 0.726562 0.739453 0.726562 0.740234 0.727539 0.740625 0.727539 0.741797 0.729004 0.742188 0.729004 0.742578 0.729492 0.742969 0.729492 0.743359 0.72998 0.74375 0.72998 0.744141 0.730469 0.744531 0.730469 0.744922 0.730957 0.745703 0.730957 0.746094 0.731445 0.746875 0.731445 0.747266 0.731934 0.748047 0.731934 0.748437 0.732422 0.749609 0.732422 0.75 0.73291 0.751563 0.73291 0.751953 0.733398 0.755469 0.733398 0.755859 0.73291 0.757422 0.73291 0.757812 0.732422 0.758984 0.732422 0.759375 0.731934 0.760547 0.731934 0.760938 0.731445 0.761328 0.731445 0.761719 0.730957 0.7625 0.730957 0.762891 0.730469 0.763281 0.730469 0.763672 0.72998 0.764062 0.72998 0.764453 0.729492 0.765234 0.729492 0.765625 0.729004 0.766406 0.729004 0.766797 0.728516 0.767188 0.728516 0.767578 0.728027 0.767969 0.728027 0.768359 0.727539 0.76875 0.727539 0.769141 0.727051 0.769531 0.727051 0.770312 0.726074 0.770703 0.726074 0.771094 0.725586 0.771484 0.725586 0.772266 0.724609 0.772656 0.724609 0.773828 0.723145 0.774219 0.723145 0.775 0.722168 0.775391 0.722168 0.777734 0.719238 0.777734 0.71875 0.780078 0.71582 0.780078 0.715332 0.78125 0.713867 0.78125 0.713379 0.781641 0.712891 0.781641 0.712402 0.782031 0.711914 0.782031 0.711426 0.782422 0.710938 0.782422 0.710449 0.782813 0.709961 0.782813 0.703613 0.782422 0.703125 0.782422 0.702148 0.782031 0.70166 0.782031 0.700684 0.781641 0.700195 0.781641 0.699707 0.78125 0.699219 0.78125 0.69873 0.780859 0.698242 0.780859 0.697754 0.780469 0.697266 0.780469 0.696777 0.779687 0.695801 0.779687 0.695312 0.778906 0.694336 0.778906 0.693848 0.777344 0.691895 0.776953 0.691895 0.775391 0.689941 0.775 0.689941 0.774219 0.688965 0.773828 0.688965 0.773438 0.688477 0.773047 0.688477 0.772656 0.687988 0.772266 0.687988 0.771484 0.687012 0.771094 0.687012 0.769531 0.685059 0.769141 0.685059 0.768359 0.684082 0.767969 0.684082 0.767578 0.683594 0.767188 0.683594 0.766797 0.683105 0.766406 0.683105 0.766016 0.682617 0.765625 0.682617 0.765234 0.682129 0.764844 0.682129 0.764453 0.681641 0.764062 0.681641 0.763672 0.681152 0.763281 0.681152 0.762891 0.680664 0.762109 0.680664 0.761719 0.680176 0.761328 0.680176 0.760938 0.679688 0.760156 0.679688 0.759766 0.679199 0.758984 0.679199 0.758594 0.678711 0.757812 0.678711 0.757422 0.678223 0.75625 0.678223 0.755859 0.677734 0.753906 0.677734 0.753516 0.677246 0.749219 0.677246 0.748828 0.677734 0.746875 0.677734 0.746484 0.678223 0.745313 0.678223 0.744922 0.678711 0.744141 0.678711 0.74375 0.679199 0.742969 0.679199 0.742578 0.679688 0.742188 0.679688 0.741797 0.680176 0.741016 0.680176 0.740625 0.680664 0.739844 0.680664 0.739453 0.681152 0.738281 0.681152 0.737891 0.681641 0.737109 0.681641 0.736719 0.682129 0.735156 0.682129 0.734766 0.682617 0.732812 0.682617 0.732422 0.683105 0.73125 0.683105 0.730859 0.683594 0.728906 0.683594 0.728516 0.684082 0.726562 0.684082 0.726172 0.68457 0.724609 0.68457 0.724219 0.685059 0.722656 0.685059 0.722266 0.685547 0.720703 0.685547 0.720313 0.686035 0.719922 0.686035 0.719531 0.686523 0.719141 0.686523 0.717969 0.687988 0.717578 0.687988
2 0.251172 0.767578 0.25 0.767578 0.249609 0.76709 0.246094 0.76709 0.245703 0.767578 0.244141 0.767578 0.24375 0.768066 0.243359 0.768066 0.242969 0.768555 0.242578 0.768555 0.242188 0.769043 0.241797 0.769043 0.241406 0.769531 0.241016 0.769531 0.240625 0.77002 0.240234 0.77002 0.239844 0.770508 0.239453 0.770508 0.239063 0.770996 0.238672 0.770996 0.238281 0.771484 0.237891 0.771484 0.2375 0.771973 0.237109 0.771973 0.236719 0.772461 0.235937 0.772461 0.235547 0.772949 0.235156 0.772949 0.234766 0.773438 0.234375 0.773438 0.233984 0.773926 0.233203 0.773926 0.232813 0.774414 0.232422 0.774414 0.232031 0.774902 0.23125 0.774902 0.230859 0.775391 0.230469 0.775391 0.230078 0.775879 0.228906 0.775879 0.228516 0.776367 0.227734 0.776367 0.227344 0.776855 0.226953 0.776855 0.226562 0.777344 0.225781 0.777344 0.225391 0.777832 0.225 0.777832 0.224609 0.77832 0.223438 0.77832 0.223047 0.778809 0.221875 0.778809 0.221484 0.779297 0.220312 0.779297 0.219922 0.779785 0.219531 0.779785 0.219141 0.780273 0.218359 0.780273 0.217969 0.780762 0.217188 0.780762 0.216797 0.78125 0.216406 0.78125 0.216016 0.781738 0.215625 0.781738 0.214844 0.782715 0.214453 0.782715 0.214062 0.783203 0.213672 0.783203 0.212891 0.78418 0.2125 0.78418 0.210547 0.786621 0.210547 0.787109 0.209375 0.788574 0.209375 0.789062 0.208594 0.790039 0.208594 0.790527 0.208203 0.791016 0.208203 0.791504 0.207813 0.791992 0.207813 0.79248 0.207422 0.792969 0.207422 0.793457 0.207031 0.793945 0.207031 0.794434 0.206641 0.794922 0.206641 0.796387 0.20625 0.796875 0.20625 0.79834 0.205859 0.798828 0.205859 0.800293 0.205469 0.800781 0.205469 0.810059 0.205859 0.810547 0.205859 0.812012 0.20625 0.8125 0.20625 0.814453 0.206641 0.814941 0.206641 0.815918 0.207031 0.816406 0.207031 0.817383 0.207422 0.817871 0.207422 0.818359 0.207813 0.818848 0.207813 0.819336 0.208203 0.819824 0.208203 0.820801 0.208594 0.821289 0.208594 0.821777 0.208984 0.822266 0.208984 0.822754 0.209375 0.823242 0.209375 0.82373 0.210156 0.824707 0.210156 0.825195 0.210938 0.826172 0.210938 0.82666 0.211719 0.827637 0.211719 0.828125 0.212109 0.828613 0.212109 0.829102 0.213672 0.831055 0.214062 0.831055 0.214453 0.831543 0.214844 0.831543 0.215234 0.832031 0.216016 0.832031 0.216406 0.83252 0.223828 0.83252 0.224219 0.832031 0.225 0.832031 0.225391 0.83252 0.230469 0.83252 0.230859 0.832031 0.236719 0.832031 0.237109 0.831543 0.237891 0.831543 0.238281 0.831055 0.239063 0.831055 0.239453 0.830566 0.239844 0.830566 0.242578 0.827148 0.242969 0.827148 0.244922 0.824707 0.244922 0.824219 0.246094 0.822754 0.246094 0.822266 0.246484 0.821777 0.246484 0.821289 0.246875 0.820801 0.246875 0.819824 0.247266 0.819336 0.247266 0.818848 0.247656 0.818359 0.247656 0.816406 0.248047 0.815918 0.248047 0.8125 0.248438 0.812012 0.248438 0.80957 0.248047 0.809082 0.248047 0.79248 0.247656 0.791992 0.247656 0.790039 0.248047 0.789551 0.248047 0.785156 0.248438 0.784668 0.248438 0.783203 0.248828 0.782715 0.248828 0.782227 0.249219 0.781738 0.249219 0.78125 0.25 0.780273 0.25 0.779785 0.250391 0.779297 0.250391 0.77832 0.250781 0.777832 0.250781 0.777344 0.251172 0.776855 0.251172 0.776367 0.251563 0.775879 0.251563 0.775391 0.251953 0.774902 0.251953 0.773926 0.252344 0.773438 0.252344 0.772461 0.252734 0.771973 0.252734 0.770508 0.252344 0.77002 0.252344 0.769043
2 0.369922 0.708496 0.369922 0.716797 0.370312 0.717285 0.370312 0.719238 0.370703 0.719727 0.370703 0.725098 0.371094 0.725586 0.371094 0.728027 0.371484 0.728516 0.371484 0.734375 0.371875 0.734863 0.371875 0.738281 0.372266 0.73877 0.372266 0.740723 0.372656 0.741211 0.372656 0.742188 0.373047 0.742676 0.373047 0.743652 0.373437 0.744141 0.373437 0.745117 0.373828 0.745605 0.373828 0.746582 0.374219 0.74707 0.374219 0.748047 0.374609 0.748535 0.374609 0.749512 0.375 0.75 0.375 0.751465 0.375391 0.751953 0.375391 0.754395 0.375781 0.754883 0.375781 0.758789 0.376172 0.759277 0.376172 0.761719 0.376563 0.762207 0.376563 0.763672 0.376953 0.76416 0.376953 0.765137 0.377344 0.765625 0.377344 0.766113 0.377734 0.766602 0.377734 0.76709 0.380469 0.770508 0.380859 0.770508 0.381641 0.771484 0.382031 0.771484 0.382812 0.772461 0.383594 0.772461 0.383984 0.772949 0.384375 0.772949 0.384766 0.773438 0.385937 0.773438 0.386328 0.773926 0.387109 0.773926 0.3875 0.774414 0.388672 0.774414 0.389062 0.774902 0.390625 0.774902 0.391016 0.775391 0.392969 0.775391 0.393359 0.775879 0.395313 0.775879 0.395703 0.776367 0.398438 0.776367 0.398828 0.776855 0.402734 0.776855 0.403125 0.776367 0.407813 0.776367 0.408203 0.775879 0.409766 0.775879 0.410156 0.775391 0.411328 0.775391 0.411719 0.774902 0.4125 0.774902 0.412891 0.774414 0.413281 0.774414 0.413672 0.773926 0.414062 0.773926 0.414453 0.773438 0.415234 0.773438 0.415625 0.772949 0.416406 0.772949 0.416797 0.772461 0.417187 0.772461 0.417578 0.771973 0.417969 0.771973 0.419531 0.77002 0.419922 0.77002 0.421875 0.767578 0.421875 0.76709 0.423438 0.765137 0.423438 0.764648 0.423828 0.76416 0.423828 0.763672 0.424219 0.763184 0.424219 0.76123 0.424609 0.760742 0.424609 0.756836 0.424219 0.756348 0.424219 0.75293 0.423828 0.752441 0.423828 0.750488 0.423438 0.75 0.423438 0.749023 0.423047 0.748535 0.423047 0.748047 0.422656 0.747559 0.422656 0.74707 0.422266 0.746582 0.422266 0.745605 0.421875 0.745117 0.421875 0.744629 0.421484 0.744141 0.421484 0.743652 0.421094 0.743164 0.421094 0.742188 0.420703 0.741699 0.420703 0.740723 0.41875 0.738281 0.418359 0.738281 0.414453 0.733398 0.414453 0.73291 0.412891 0.730957 0.4125 0.730957 0.411719 0.72998 0.411328 0.72998 0.410938 0.729492 0.410547 0.729492 0.410156 0.729004 0.409766 0.729004 0.409375 0.728516 0.408984 0.728516 0.408594 0.728027 0.408203 0.728027 0.407813 0.727539 0.407422 0.727539 0.40625 0.726074 0.405859 0.726074 0.404687 0.724609 0.403906 0.724609 0.403516 0.724121 0.402734 0.724121 0.402344 0.723633 0.401172 0.723633 0.400781 0.723145 0.4 0.723145 0.399609 0.722656 0.399219 0.722656 0.398828 0.722168 0.398438 0.722168 0.398047 0.72168 0.397656 0.72168 0.397266 0.721191 0.396875 0.721191 0.396484 0.720703 0.396094 0.720703 0.395703 0.720215 0.395313 0.720215 0.394922 0.719727 0.394531 0.719727 0.39375 0.71875 0.393359 0.71875 0.392969 0.718262 0.392578 0.718262 0.391797 0.717285 0.391406 0.717285 0.391016 0.716797 0.390625 0.716797 0.390234 0.716309 0.389844 0.716309 0.389453 0.71582 0.389062 0.71582 0.388672 0.715332 0.387891 0.715332 0.3875 0.714844 0.387109 0.714844 0.386719 0.714355 0.386328 0.714355 0.385937 0.713867 0.385547 0.713867 0.385156 0.713379 0.384375 0.713379 0.383984 0.712891 0.383203 0.712891 0.382812 0.712402 0.382031 0.712402 0.381641 0.711914 0.380859 0.711914 0.380469 0.711426 0.380078 0.711426 0.379297 0.710449 0.378906 0.710449 0.378125 0.709473 0.377734 0.709473 0.377344 0.708984 0.376953 0.708984 0.376563 0.708496 0.375781 0.708496 0.375391 0.708008 0.375 0.708008 0.374609 0.70752 0.374219 0.70752 0.373828 0.707031 0.371875 0.707031 0.371484 0.70752 0.371094 0.70752 0.370312 0.708496
2 0.644922 0.347168 0.644922 0.341309 0.645312 0.34082 0.645312 0.33252 0.644922 0.332031 0.644922 0.328125 0.644531 0.327637 0.644531 0.325684 0.644141 0.325195 0.644141 0.32373 0.64375 0.323242 0.64375 0.321777 0.643359 0.321289 0.643359 0.320801 0.640625 0.317383 0.640234 0.317383 0.639453 0.316406 0.639062 0.316406 0.638281 0.31543 0.637891 0.31543 0.6375 0.314941 0.637109 0.314941 0.636328 0.313965 0.635938 0.313965 0.635156 0.312988 0.634766 0.312988 0.634375 0.3125 0.633984 0.3125 0.633203 0.311523 0.632812 0.311523 0.632031 0.310547 0.631641 0.310547 0.630859 0.30957 0.630469 0.30957 0.630078 0.309082 0.629687 0.309082 0.629297 0.308594 0.628906 0.308594 0.628516 0.308105 0.628125 0.308105 0.627734 0.307617 0.627344 0.307617 0.626953 0.307129 0.626172 0.307129 0.625781 0.306641 0.625391 0.306641 0.625 0.306152 0.624609 0.306152 0.624219 0.305664 0.623437 0.305664 0.623047 0.305176 0.621875 0.305176 0.621484 0.304688 0.618359 0.304688 0.617969 0.305176 0.617188 0.305176 0.616797 0.305664 0.616406 0.305664 0.616016 0.306152 0.615625 0.306152 0.615234 0.306641 0.614844 0.306641 0.614453 0.307129 0.614062 0.307129 0.613672 0.307617 0.613281 0.307617 0.612891 0.308105 0.6125 0.308105 0.612109 0.308594 0.611719 0.308594 0.611328 0.309082 0.610938 0.309082 0.610547 0.30957 0.610156 0.30957 0.609766 0.310059 0.609375 0.310059 0.608594 0.311035 0.608203 0.311035 0.607422 0.312012 0.606641 0.312012 0.60625 0.3125 0.605859 0.3125 0.605469 0.312988 0.604297 0.312988 0.603906 0.313477 0.603125 0.313477 0.602734 0.313965 0.602344 0.313965 0.601953 0.314453 0.601172 0.314453 0.600781 0.314941 0.600391 0.314941 0.6 0.31543 0.599219 0.31543 0.598828 0.315918 0.598437 0.315918 0.598047 0.316406 0.597266 0.316406 0.596875 0.316895 0.596094 0.316895 0.595703 0.317383 0.594922 0.317383 0.594531 0.317871 0.594141 0.317871 0.59375 0.318359 0.592969 0.318359 0.592578 0.318848 0.592187 0.318848 0.591797 0.319336 0.590625 0.319336 0.590234 0.319824 0.589063 0.319824 0.588672 0.320312 0.5875 0.320312 0.587109 0.320801 0.586719 0.320801 0.586328 0.321289 0.585547 0.321289 0.585156 0.321777 0.584766 0.321777 0.584375 0.322266 0.583984 0.322266 0.583594 0.322754 0.582812 0.322754 0.582422 0.323242 0.58125 0.323242 0.580859 0.32373 0.579688 0.32373 0.579297 0.324219 0.578516 0.324219 0.578125 0.324707 0.577734 0.324707 0.577344 0.325195 0.576562 0.325195 0.576172 0.325684 0.575781 0.325684 0.575391 0.326172 0.575 0.326172 0.574609 0.32666 0.574609 0.327148 0.573828 0.328125 0.573828 0.328613 0.573438 0.329102 0.573438 0.331055 0.573828 0.331543 0.573828 0.33252 0.574219 0.333008 0.574219 0.333496 0.574609 0.333984 0.574609 0.334473 0.575781 0.335938 0.576172 0.335938 0.576562 0.336426 0.576953 0.336426 0.577344 0.336914 0.577734 0.336914 0.578516 0.337891 0.578906 0.337891 0.579688 0.338867 0.580469 0.338867 0.580859 0.339355 0.581641 0.339355 0.582031 0.339844 0.582812 0.339844 0.583203 0.340332 0.584375 0.340332 0.584766 0.34082 0.585938 0.34082 0.586328 0.341309 0.5875 0.341309 0.587891 0.341797 0.588672 0.341797 0.589063 0.342285 0.589453 0.342285 0.589844 0.342773 0.590234 0.342773 0.591406 0.344238 0.591797 0.344238 0.592187 0.344727 0.592187 0.345215 0.594531 0.348145 0.594531 0.348633 0.594922 0.349121 0.594922 0.349609 0.595313 0.350098 0.595313 0.350586 0.596094 0.351562 0.596094 0.352051 0.596484 0.352539 0.596484 0.353027 0.596875 0.353516 0.596875 0.354004 0.598047 0.355469 0.598047 0.355957 0.598828 0.356934 0.598828 0.357422 0.600391 0.359375 0.600781 0.359375 0.601953 0.36084 0.602344 0.36084 0.603125 0.361816 0.603516 0.361816 0.603906 0.362305 0.604297 0.362305 0.604688 0.362793 0.605078 0.362793 0.605469 0.363281 0.60625 0.363281 0.606641 0.36377 0.607422 0.36377 0.607812 0.364258 0.610156 0.364258 0.610547 0.364746 0.613281 0.364746 0.613672 0.365234 0.620313 0.365234 0.620703 0.364746 0.622656 0.364746 0.623047 0.364258 0.628906 0.364258 0.629297 0.36377 0.63125 0.36377 0.631641 0.363281 0.632422 0.363281 0.632812 0.362793 0.633984 0.362793 0.634375 0.362305 0.634766 0.362305 0.635156 0.361816 0.635547 0.361816 0.636328 0.36084 0.636719 0.36084 0.638281 0.358887 0.638672 0.358887 0.642578 0.354004 0.642578 0.353516 0.642969 0.353027 0.642969 0.352539 0.643359 0.352051 0.643359 0.351562 0.64375 0.351074 0.64375 0.350586 0.644141 0.350098 0.644141 0.349609 0.644531 0.349121 0.644531 0.347656
2 0.122266 0.208984 0.121875 0.209473 0.120703 0.209473 0.120313 0.209961 0.119922 0.209961 0.117188 0.213379 0.116797 0.213379 0.114844 0.21582 0.114453 0.21582 0.113281 0.217285 0.113281 0.217773 0.112891 0.218262 0.112891 0.21875 0.112109 0.219727 0.112109 0.220215 0.110937 0.22168 0.110547 0.22168 0.107422 0.225586 0.107422 0.226074 0.106641 0.227051 0.106641 0.228027 0.10625 0.228516 0.10625 0.229492 0.105859 0.22998 0.105859 0.230957 0.105469 0.231445 0.105469 0.233887 0.105859 0.234375 0.105859 0.236328 0.10625 0.236816 0.10625 0.239746 0.106641 0.240234 0.106641 0.241699 0.107031 0.242188 0.107031 0.244141 0.109375 0.24707 0.109766 0.24707 0.110937 0.248535 0.110937 0.249023 0.111328 0.249512 0.111328 0.25 0.111719 0.250488 0.111719 0.251465 0.1125 0.252441 0.1125 0.25293 0.113672 0.254395 0.114062 0.254395 0.115625 0.256348 0.115625 0.256836 0.116406 0.257812 0.116406 0.258301 0.116797 0.258789 0.116797 0.259277 0.118359 0.26123 0.118359 0.261719 0.120703 0.264648 0.121094 0.264648 0.121875 0.265625 0.121875 0.266113 0.122656 0.26709 0.122656 0.267578 0.123047 0.267578 0.123828 0.268555 0.124219 0.268555 0.126953 0.271973 0.127734 0.271973 0.128125 0.272461 0.128906 0.272461 0.129297 0.272949 0.132031 0.272949 0.133203 0.271484 0.133203 0.270996 0.133594 0.270508 0.133594 0.269043 0.133984 0.268555 0.133984 0.26709 0.133594 0.266602 0.133594 0.265137 0.133203 0.264648 0.133203 0.263672 0.132812 0.263184 0.132812 0.258301 0.132422 0.257812 0.132422 0.256348 0.132031 0.255859 0.132031 0.24707 0.132422 0.246582 0.132422 0.245605 0.132812 0.245117 0.132812 0.239746 0.133203 0.239258 0.133203 0.237793 0.133594 0.237305 0.133594 0.234863 0.133984 0.234375 0.133984 0.227539 0.133594 0.227051 0.133594 0.225098 0.133203 0.224609 0.133203 0.223145 0.132812 0.222656 0.132812 0.220703 0.132422 0.220215 0.132422 0.219238 0.132031 0.21875 0.132031 0.218262 0.131641 0.217773 0.131641 0.216797 0.130859 0.21582 0.130859 0.215332 0.130078 0.214355 0.129688 0.214355 0.128516 0.212891 0.128125 0.212891 0.127344 0.211914 0.126953 0.211914 0.126172 0.210938 0.125781 0.210938 0.125391 0.210449 0.125 0.210449 0.124219 0.209473 0.123438 0.209473 0.123047 0.208984
2 0.34375 0.141113 0.34375 0.144043 0.344141 0.144531 0.344141 0.145508 0.344531 0.145996 0.344531 0.146484 0.348438 0.151367 0.348828 0.151367 0.349219 0.151855 0.349609 0.151855 0.35 0.152344 0.350391 0.152344 0.350781 0.152832 0.351172 0.152832 0.351953 0.153809 0.352344 0.153809 0.352734 0.154297 0.353125 0.154297 0.353516 0.154785 0.353906 0.154785 0.354297 0.155273 0.354687 0.155273 0.355078 0.155762 0.355469 0.155762 0.355859 0.15625 0.35625 0.15625 0.357031 0.157227 0.357422 0.157227 0.357812 0.157715 0.358594 0.157715 0.358984 0.158203 0.359766 0.158203 0.360156 0.158691 0.360547 0.158691 0.360938 0.15918 0.361719 0.15918 0.362109 0.159668 0.362891 0.159668 0.363281 0.160156 0.364063 0.160156 0.364453 0.160645 0.365234 0.160645 0.365625 0.161133 0.366406 0.161133 0.366797 0.161621 0.367188 0.161621 0.367578 0.162109 0.368359 0.162109 0.36875 0.162598 0.369922 0.162598 0.370312 0.163086 0.371484 0.163086 0.371875 0.163574 0.373047 0.163574 0.373437 0.164062 0.375391 0.164062 0.375781 0.164551 0.377344 0.164551 0.377734 0.165039 0.378906 0.165039 0.379297 0.165527 0.380469 0.165527 0.380859 0.166016 0.38125 0.166016 0.381641 0.166504 0.382422 0.166504 0.382812 0.166992 0.383594 0.166992 0.383984 0.16748 0.388672 0.16748 0.389062 0.167969 0.391797 0.167969 0.392188 0.168457 0.39375 0.168457 0.394141 0.167969 0.397656 0.167969 0.398047 0.16748 0.400391 0.16748 0.400781 0.166992 0.401953 0.166992 0.402344 0.166504 0.402734 0.166504 0.403125 0.166016 0.403906 0.166016 0.404297 0.165527 0.404687 0.165527 0.405078 0.165039 0.405469 0.165039 0.40625 0.164062 0.406641 0.164062 0.407031 0.163574 0.407422 0.163574 0.409375 0.161133 0.409375 0.160645 0.410156 0.159668 0.410156 0.15918 0.410547 0.158691 0.410547 0.157227 0.410938 0.156738 0.410938 0.155273 0.411328 0.154785 0.411328 0.154297 0.411719 0.153809 0.411719 0.152832 0.412109 0.152344 0.412109 0.151855 0.4125 0.151367 0.4125 0.150879 0.412891 0.150391 0.412891 0.149414 0.413281 0.148926 0.413281 0.147949 0.413672 0.147461 0.413672 0.146973 0.414062 0.146484 0.414062 0.145996 0.414453 0.145508 0.414453 0.14502 0.414844 0.144531 0.414844 0.144043 0.415234 0.143555 0.415234 0.143066 0.415625 0.142578 0.415625 0.14209 0.416016 0.141602 0.416016 0.140625 0.416406 0.140137 0.416406 0.139648 0.416797 0.13916 0.416797 0.138672 0.417187 0.138184 0.417187 0.137207 0.417578 0.136719 0.417578 0.135742 0.417969 0.135254 0.417969 0.132812 0.417578 0.132324 0.417578 0.129883 0.417187 0.129395 0.417187 0.127441 0.416797 0.126953 0.416797 0.126465 0.416406 0.125977 0.416406 0.125488 0.410938 0.118652 0.410547 0.118652 0.409766 0.117676 0.409375 0.117676 0.408984 0.117188 0.408594 0.117188 0.408203 0.116699 0.407813 0.116699 0.407422 0.116211 0.407031 0.116211 0.406641 0.115723 0.40625 0.115723 0.405859 0.115234 0.405469 0.115234 0.405078 0.114746 0.404687 0.114746 0.404297 0.114258 0.403516 0.114258 0.403125 0.11377 0.402344 0.11377 0.401953 0.113281 0.400781 0.113281 0.400391 0.112793 0.399609 0.112793 0.399219 0.112305 0.398438 0.112305 0.398047 0.111816 0.397266 0.111816 0.396875 0.111328 0.395313 0.111328 0.394922 0.11084 0.39375 0.11084 0.393359 0.110352 0.392188 0.110352 0.391797 0.109863 0.390234 0.109863 0.389844 0.109375 0.388281 0.109375 0.387891 0.108887 0.383984 0.108887 0.383594 0.109375 0.383203 0.109375 0.382812 0.109863 0.382031 0.109863 0.381641 0.110352 0.38125 0.110352 0.380859 0.11084 0.380469 0.11084 0.380078 0.111328 0.379688 0.111328 0.379297 0.111816 0.378906 0.111816 0.378125 0.112793 0.377734 0.112793 0.377344 0.113281 0.376953 0.113281 0.376563 0.11377 0.376172 0.11377 0.375781 0.114258 0.375391 0.114258 0.375 0.114746 0.374609 0.114746 0.374219 0.115234 0.373828 0.115234 0.373047 0.116211 0.372656 0.116211 0.370312 0.119141 0.369922 0.119141 0.369531 0.119629 0.369531 0.120117 0.368359 0.121582 0.368359 0.12207 0.367969 0.122559 0.367969 0.123047 0.367578 0.123535 0.367578 0.124023 0.367188 0.124512 0.367188 0.125 0.366797 0.125488 0.366797 0.125977 0.366406 0.126465 0.366406 0.127441 0.366016 0.12793 0.366016 0.129883 0.365625 0.130371 0.365625 0.131836 0.366016 0.132324 0.366016 0.134277 0.364453 0.13623 0.363672 0.13623 0.363281 0.136719 0.3625 0.136719 0.362109 0.137207 0.360156 0.137207 0.359766 0.136719 0.355469 0.136719 0.355078 0.137207 0.349219 0.137207 0.348828 0.137695 0.347266 0.137695 0.346875 0.138184 0.345703 0.138184 0.345313 0.138672 0.344922 0.138672 0.344531 0.13916 0.344531 0.139648 0.344141 0.140137 0.344141 0.140625
2 0.576562 0.0874023 0.576172 0.0878906 0.576172 0.0898438 0.576562 0.090332 0.576562 0.0917969 0.576953 0.0922852 0.576953 0.0927734 0.577734 0.09375 0.577734 0.0947266 0.578125 0.0952148 0.578125 0.0957031 0.578516 0.0961914 0.578516 0.097168 0.578906 0.0976562 0.578906 0.0991211 0.579297 0.0996094 0.579297 0.100098 0.579688 0.100586 0.579688 0.101074 0.582031 0.104004 0.582031 0.104492 0.582422 0.10498 0.582422 0.105469 0.582812 0.105957 0.582812 0.106445 0.583203 0.106934 0.583203 0.107422 0.585547 0.110352 0.585547 0.11084 0.586328 0.111816 0.586328 0.112305 0.586719 0.112793 0.586719 0.113281 0.587109 0.11377 0.587109 0.114258 0.5875 0.114746 0.5875 0.115234 0.589063 0.117188 0.589063 0.117676 0.589844 0.118652 0.589844 0.119141 0.590234 0.119629 0.590234 0.120605 0.590625 0.121094 0.590625 0.122559 0.591016 0.123047 0.591016 0.124023 0.591406 0.124512 0.591406 0.126465 0.591797 0.126953 0.591797 0.128418 0.592187 0.128906 0.592187 0.131348 0.592578 0.131836 0.592578 0.134277 0.592969 0.134766 0.592969 0.13623 0.593359 0.136719 0.593359 0.138184 0.59375 0.138672 0.59375 0.140137 0.594141 0.140625 0.594141 0.141602 0.594531 0.14209 0.594531 0.142578 0.594922 0.143066 0.594922 0.143555 0.596875 0.145996 0.597266 0.145996 0.598828 0.147949 0.599219 0.147949 0.6 0.148926 0.600391 0.148926 0.600781 0.149414 0.601172 0.149414 0.601953 0.150391 0.602344 0.150391 0.602734 0.150879 0.603125 0.150879 0.603516 0.151367 0.604297 0.151367 0.604688 0.151855 0.605469 0.151855 0.605859 0.152344 0.607031 0.152344 0.607422 0.152832 0.608203 0.152832 0.608594 0.15332 0.608984 0.15332 0.609375 0.153809 0.610156 0.153809 0.610547 0.154297 0.611719 0.154297 0.612109 0.154785 0.614453 0.154785 0.614844 0.155273 0.623437 0.155273 0.623828 0.154785 0.624219 0.154785 0.624609 0.154297 0.625 0.154297 0.625781 0.15332 0.626172 0.15332 0.628906 0.149902 0.628906 0.149414 0.629687 0.148438 0.629687 0.147949 0.630469 0.146973 0.630469 0.146484 0.630859 0.145996 0.630859 0.145508 0.63125 0.14502 0.63125 0.144043 0.631641 0.143555 0.631641 0.140625 0.632031 0.140137 0.632031 0.131348 0.631641 0.130859 0.631641 0.124023 0.63125 0.123535 0.63125 0.119141 0.630859 0.118652 0.630859 0.118164 0.628906 0.115723 0.628906 0.115234 0.628516 0.114746 0.628516 0.114258 0.628125 0.11377 0.628125 0.113281 0.627344 0.112305 0.627344 0.111816 0.626953 0.111328 0.626953 0.110352 0.626563 0.109863 0.626563 0.10791 0.626172 0.107422 0.626172 0.106934 0.625391 0.105957 0.625391 0.105469 0.625 0.10498 0.625 0.104004 0.624609 0.103516 0.624609 0.103027 0.623437 0.101562 0.623047 0.101562 0.622656 0.101074 0.622266 0.101074 0.621875 0.100586 0.621484 0.100586 0.620703 0.0996094 0.620313 0.0996094 0.619531 0.0986328 0.617969 0.0986328 0.617578 0.0981445 0.616406 0.0981445 0.616016 0.0976562 0.615625 0.0976562 0.615234 0.097168 0.614453 0.097168 0.614062 0.0966797 0.611719 0.0966797 0.611328 0.0961914 0.603906 0.0961914 0.603516 0.0957031 0.602734 0.0957031 0.602344 0.0952148 0.601953 0.0952148 0.601562 0.0947266 0.601172 0.0947266 0.600781 0.0942383 0.6 0.0942383 0.599609 0.09375 0.598828 0.09375 0.598437 0.0932617 0.598047 0.0932617 0.597656 0.0927734 0.596875 0.0927734 0.596484 0.0922852 0.595703 0.0922852 0.595313 0.0917969 0.59375 0.0917969 0.593359 0.0913086 0.592578 0.0913086 0.592187 0.0908203 0.590234 0.0908203 0.589844 0.090332 0.5875 0.090332 0.587109 0.0898438 0.585938 0.0898438 0.585547 0.0893555 0.585156 0.0893555 0.584766 0.0888672 0.584375 0.0888672 0.583984 0.0883789 0.583203 0.0883789 0.582812 0.0878906 0.58125 0.0878906 0.580859 0.0874023
2 0.897266 0.376953 0.897266 0.37793 0.897656 0.378418 0.897656 0.380371 0.898047 0.380859 0.898047 0.381348 0.899219 0.382812 0.899609 0.382812 0.900781 0.384277 0.901172 0.384277 0.910937 0.396484 0.910937 0.396973 0.911719 0.397949 0.912109 0.397949 0.915234 0.401855 0.915625 0.401855 0.916406 0.402832 0.916797 0.402832 0.91875 0.405273 0.91875 0.405762 0.920312 0.407715 0.920703 0.407715 0.921484 0.408691 0.921875 0.408691 0.922266 0.40918 0.922656 0.40918 0.923047 0.409668 0.923438 0.409668 0.923828 0.410156 0.924219 0.410156 0.924609 0.410645 0.925391 0.410645 0.925781 0.411133 0.926172 0.411133 0.926562 0.411621 0.927344 0.411621 0.927734 0.412109 0.928516 0.412109 0.928906 0.412598 0.930078 0.412598 0.930469 0.413086 0.931641 0.413086 0.932031 0.413574 0.934375 0.413574 0.934766 0.414062 0.942187 0.414062 0.942578 0.413574 0.944531 0.413574 0.944922 0.413086 0.946484 0.413086 0.946875 0.412598 0.947656 0.412598 0.948047 0.412109 0.948828 0.412109 0.949219 0.411621 0.949609 0.411621 0.95 0.411133 0.950391 0.411133 0.950781 0.410645 0.951172 0.410645 0.951562 0.410156 0.951953 0.410156 0.952344 0.409668 0.952734 0.409668 0.953125 0.40918 0.953906 0.40918 0.954297 0.408691 0.954688 0.408691 0.955078 0.408203 0.955469 0.408203 0.957031 0.40625 0.957031 0.405762 0.958594 0.403809 0.958594 0.40332 0.958984 0.402832 0.958984 0.402344 0.959375 0.401855 0.959375 0.400879 0.959766 0.400391 0.959766 0.398438 0.959375 0.397949 0.959375 0.395508 0.958984 0.39502 0.958984 0.394531 0.958594 0.394043 0.958594 0.393555 0.958203 0.393066 0.958203 0.392578 0.957812 0.39209 0.957812 0.391602 0.957031 0.390625 0.957031 0.390137 0.956641 0.389648 0.956641 0.38916 0.95625 0.388672 0.95625 0.388184 0.954688 0.38623 0.954297 0.38623 0.953125 0.384766 0.952734 0.384766 0.950391 0.381836 0.95 0.381836 0.948828 0.380371 0.948438 0.380371 0.947656 0.379395 0.947266 0.379395 0.946875 0.378906 0.946094 0.378906 0.945703 0.378418 0.945312 0.378418 0.944922 0.37793 0.944531 0.37793 0.944141 0.377441 0.943359 0.377441 0.942969 0.376953 0.942187 0.376953 0.941797 0.376465 0.940625 0.376465 0.940234 0.375977 0.939453 0.375977 0.939063 0.375488 0.937891 0.375488 0.9375 0.375 0.936719 0.375 0.936328 0.374512 0.934766 0.374512 0.934375 0.374023 0.928516 0.374023 0.928125 0.374512 0.925 0.374512 0.924609 0.375 0.922656 0.375 0.922266 0.375488 0.921094 0.375488 0.920703 0.375977 0.908203 0.375977 0.907813 0.375488 0.899219 0.375488 0.898828 0.375977 0.898438 0.375977 0.898047 0.376465 0.897656 0.376465
2 0.651953 0.790527 0.651172 0.790527 0.650781 0.790039 0.648438 0.790039 0.648047 0.789551 0.644531 0.789551 0.644141 0.790039 0.642578 0.790039 0.641797 0.791016 0.641797 0.791504 0.641016 0.79248 0.641016 0.792969 0.640234 0.793945 0.640234 0.794434 0.639844 0.794922 0.639844 0.79541 0.639453 0.795898 0.639453 0.796387 0.639062 0.796875 0.639062 0.797852 0.638672 0.79834 0.638672 0.799316 0.638281 0.799805 0.638281 0.800293 0.637891 0.800781 0.637891 0.801758 0.6375 0.802246 0.6375 0.804688 0.637109 0.805176 0.637109 0.807617 0.636719 0.808105 0.636719 0.810059 0.636328 0.810547 0.636328 0.813477 0.635938 0.813965 0.635938 0.815918 0.635547 0.816406 0.635547 0.817383 0.635156 0.817871 0.635156 0.819336 0.634766 0.819824 0.634766 0.821289 0.634375 0.821777 0.634375 0.82373 0.633984 0.824219 0.633984 0.82666 0.633594 0.827148 0.633594 0.82959 0.633203 0.830078 0.633203 0.833984 0.632812 0.834473 0.632812 0.835938 0.632422 0.836426 0.632422 0.838379 0.632031 0.838867 0.632031 0.843262 0.631641 0.84375 0.631641 0.848633 0.632031 0.849121 0.632031 0.850098 0.632422 0.850586 0.632422 0.851074 0.632812 0.851074 0.633203 0.851562 0.633594 0.851562 0.633984 0.852051 0.635156 0.852051 0.635547 0.851562 0.635938 0.851562 0.636328 0.851074 0.637109 0.851074 0.6375 0.850586 0.637891 0.850586 0.638281 0.850098 0.638672 0.850098 0.639062 0.849609 0.639453 0.849609 0.639844 0.849121 0.640234 0.849121 0.640625 0.848633 0.641016 0.848633 0.641406 0.848145 0.642188 0.848145 0.642578 0.847656 0.644141 0.847656 0.644531 0.847168 0.646094 0.847168 0.646484 0.84668 0.65 0.84668 0.650391 0.846191 0.655078 0.846191 0.655469 0.845703 0.656641 0.845703 0.657031 0.845215 0.657813 0.845215 0.658203 0.844727 0.658594 0.844727 0.658984 0.844238 0.659375 0.844238 0.660547 0.842773 0.660547 0.842285 0.660937 0.841797 0.660937 0.840332 0.661328 0.839844 0.661328 0.833496 0.660937 0.833008 0.660937 0.826172 0.661328 0.825684 0.661328 0.823242 0.661719 0.822754 0.661719 0.820801 0.662109 0.820312 0.662109 0.817871 0.6625 0.817383 0.6625 0.813965 0.662891 0.813477 0.662891 0.806152 0.6625 0.805664 0.6625 0.804199 0.662109 0.803711 0.662109 0.803223 0.661719 0.802734 0.661719 0.802246 0.661328 0.801758 0.661328 0.80127 0.660547 0.800293 0.660547 0.799805 0.660156 0.799316 0.660156 0.798828 0.659375 0.797852 0.659375 0.797363 0.656641 0.793945 0.65625 0.793945 0.655078 0.79248 0.654687 0.79248 0.653906 0.791504 0.653125 0.791504 0.652734 0.791016 0.652344 0.791016
2 0.58125 0.794922 0.580078 0.793457 0.579688 0.793457 0.579297 0.792969 0.578906 0.792969 0.578516 0.79248 0.578125 0.79248 0.577734 0.791992 0.577344 0.791992 0.576953 0.791504 0.575391 0.791504 0.575 0.791992 0.574609 0.791992 0.574219 0.79248 0.573828 0.79248 0.573438 0.792969 0.572656 0.792969 0.572266 0.793457 0.571875 0.793457 0.571094 0.794434 0.571094 0.794922 0.569531 0.796875 0.569141 0.796875 0.567969 0.79834 0.567578 0.79834 0.567578 0.798828 0.566406 0.800293 0.566016 0.800293 0.565234 0.80127 0.564844 0.80127 0.562891 0.803711 0.562891 0.804199 0.560547 0.807129 0.560547 0.807617 0.560156 0.808105 0.560156 0.808594 0.557422 0.812012 0.557031 0.812012 0.556641 0.8125 0.555859 0.8125 0.555469 0.812988 0.554688 0.812988 0.554297 0.813477 0.547656 0.813477 0.547266 0.813965 0.54375 0.813965 0.543359 0.814453 0.539844 0.814453 0.539453 0.814941 0.5375 0.814941 0.537109 0.81543 0.535547 0.81543 0.535156 0.815918 0.533594 0.815918 0.533203 0.816406 0.532422 0.816406 0.532031 0.816895 0.531641 0.816895 0.530859 0.817871 0.530469 0.817871 0.530078 0.818359 0.529687 0.818359 0.528125 0.820312 0.528125 0.820801 0.524219 0.825684 0.524219 0.826172 0.523828 0.82666 0.523828 0.827637 0.523438 0.828125 0.523438 0.828613 0.523047 0.829102 0.523047 0.830078 0.522656 0.830566 0.522656 0.831543 0.522266 0.832031 0.522266 0.83252 0.521875 0.833008 0.521875 0.834473 0.521484 0.834961 0.521484 0.836914 0.521094 0.837402 0.521094 0.841797 0.521484 0.842285 0.521484 0.844238 0.521875 0.844727 0.521875 0.845703 0.522266 0.846191 0.522266 0.84668 0.523047 0.847656 0.523047 0.848145 0.523438 0.848633 0.523438 0.849121 0.524219 0.850098 0.524219 0.850586 0.525781 0.852539 0.526172 0.852539 0.528516 0.855469 0.528906 0.855469 0.529297 0.855957 0.529687 0.855957 0.530078 0.856445 0.530469 0.856445 0.53125 0.857422 0.531641 0.857422 0.532031 0.85791 0.532422 0.85791 0.532813 0.858398 0.534375 0.858398 0.534766 0.858887 0.535937 0.858887 0.536328 0.859375 0.541016 0.859375 0.541406 0.858887 0.544531 0.858887 0.544922 0.858398 0.545703 0.858398 0.546094 0.85791 0.546484 0.85791 0.546875 0.857422 0.547266 0.857422 0.547656 0.856934 0.548438 0.856934 0.548828 0.856445 0.549219 0.856445 0.549609 0.855957 0.55 0.855957 0.550781 0.85498 0.551172 0.85498 0.551562 0.854492 0.552344 0.854492 0.553125 0.853516 0.553516 0.853516 0.554688 0.852051 0.555078 0.852051 0.555859 0.851074 0.556641 0.851074 0.557031 0.850586 0.557422 0.850586 0.557813 0.850098 0.558203 0.850098 0.558984 0.849121 0.559375 0.849121 0.560156 0.848145 0.560547 0.848145 0.560937 0.847656 0.561328 0.847656 0.561719 0.847168 0.5625 0.847168 0.562891 0.84668 0.563281 0.84668 0.563672 0.846191 0.564453 0.846191 0.564844 0.845703 0.565234 0.845703 0.565625 0.845215 0.566016 0.845215 0.566406 0.844727 0.566797 0.844727 0.567578 0.84375 0.567969 0.84375 0.56875 0.842773 0.569141 0.842773 0.569531 0.842285 0.569922 0.842285 0.572656 0.838867 0.572656 0.838379 0.573438 0.837402 0.573438 0.836426 0.573828 0.835938 0.573828 0.835449 0.574219 0.834961 0.574219 0.834473 0.574609 0.833984 0.574609 0.833496 0.575 0.833008 0.575 0.832031 0.575391 0.831543 0.575391 0.830566 0.575781 0.830078 0.575781 0.829102 0.576172 0.828613 0.576172 0.827637 0.576562 0.827148 0.576562 0.82373 0.576172 0.823242 0.576172 0.822754 0.576562 0.822266 0.576562 0.820801 0.576953 0.820312 0.576953 0.818359 0.577344 0.817871 0.577344 0.81543 0.577734 0.814941 0.577734 0.813477 0.578125 0.812988 0.578125 0.812012 0.578516 0.811523 0.578516 0.810547 0.578906 0.810059 0.578906 0.80957 0.579297 0.809082 0.579297 0.808105 0.579688 0.807617 0.579688 0.807129 0.580078 0.806641 0.580078 0.806152 0.580859 0.805176 0.580859 0.804688 0.58125 0.804199 0.58125 0.803711 0.581641 0.803223 0.581641 0.801758 0.582031 0.80127 0.582031 0.796875 0.581641 0.796387 0.581641 0.795898 0.58125 0.79541
2 0.794922 0.585938 0.794141 0.585938 0.79375 0.585449 0.793359 0.585449 0.792969 0.584961 0.792578 0.584961 0.792188 0.584473 0.791797 0.584473 0.791406 0.583984 0.791016 0.583984 0.790625 0.584473 0.790234 0.584473 0.789453 0.585449 0.789453 0.585938 0.7875 0.588379 0.7875 0.588867 0.787109 0.589355 0.787109 0.589844 0.786328 0.59082 0.786328 0.591797 0.785937 0.592285 0.785937 0.592773 0.785547 0.593262 0.785547 0.594238 0.785156 0.594727 0.785156 0.595215 0.778906 0.603027 0.778516 0.603027 0.777344 0.604492 0.776953 0.604492 0.776172 0.605469 0.775781 0.605469 0.775391 0.605957 0.775 0.605957 0.773047 0.608398 0.773047 0.608887 0.771875 0.610352 0.771875 0.61084 0.771094 0.611816 0.771094 0.612305 0.770312 0.613281 0.770312 0.61377 0.769531 0.614746 0.769531 0.615234 0.769141 0.615723 0.769141 0.616211 0.76875 0.616699 0.76875 0.617188 0.768359 0.617676 0.768359 0.618164 0.767969 0.618652 0.767969 0.620117 0.767578 0.620605 0.767578 0.622559 0.767188 0.623047 0.767188 0.624512 0.766797 0.625 0.766797 0.626953 0.766406 0.627441 0.766406 0.628418 0.766797 0.628906 0.766797 0.631348 0.766406 0.631836 0.766406 0.634766 0.766797 0.635254 0.766797 0.63623 0.767188 0.636719 0.767188 0.637207 0.767578 0.637695 0.767578 0.638672 0.768359 0.639648 0.768359 0.640137 0.769141 0.641113 0.769141 0.641602 0.771094 0.644043 0.771875 0.644043 0.772266 0.644531 0.773047 0.644531 0.773438 0.64502 0.774219 0.64502 0.774609 0.645508 0.779687 0.645508 0.780078 0.645996 0.784375 0.645996 0.784766 0.645508 0.789453 0.645508 0.789844 0.64502 0.792188 0.64502 0.792578 0.644531 0.79375 0.644531 0.794141 0.644043 0.794922 0.644043 0.795312 0.643555 0.796484 0.643555 0.796875 0.643066 0.798047 0.643066 0.798438 0.642578 0.799219 0.642578 0.799609 0.64209 0.8 0.64209 0.800391 0.641602 0.800781 0.641602 0.801172 0.641113 0.801953 0.641113 0.802344 0.640625 0.802734 0.640625 0.803125 0.640137 0.803516 0.640137 0.803906 0.639648 0.804297 0.639648 0.804688 0.63916 0.805078 0.63916 0.805469 0.638672 0.805859 0.638672 0.80625 0.638184 0.806641 0.638184 0.807422 0.637207 0.807813 0.637207 0.808594 0.63623 0.808984 0.63623 0.809766 0.635254 0.810156 0.635254 0.810547 0.634766 0.810547 0.634277 0.814063 0.629883 0.814063 0.629395 0.814453 0.628906 0.814453 0.628418 0.814844 0.62793 0.814844 0.622559 0.814453 0.62207 0.814453 0.620117 0.814063 0.619629 0.814063 0.618164 0.813281 0.617188 0.813281 0.616699 0.812891 0.616211 0.812891 0.615723 0.8125 0.615234 0.8125 0.614746 0.812109 0.614258 0.812109 0.61377 0.811719 0.613281 0.811719 0.612793 0.810937 0.611816 0.810937 0.611328 0.810547 0.61084 0.810547 0.608887 0.810156 0.608398 0.810156 0.607422 0.808203 0.60498 0.808203 0.604492 0.805078 0.600586 0.805078 0.600098 0.803516 0.598145 0.803516 0.597656 0.802344 0.596191 0.802344 0.595703 0.799609 0.592285 0.799609 0.591797 0.798828 0.59082 0.798438 0.59082 0.797266 0.589355 0.797266 0.588867
2 0.869141 0.59082 0.869141 0.591309 0.86875 0.591797 0.86875 0.592285 0.868359 0.592773 0.868359 0.594727 0.867969 0.595215 0.867969 0.59668 0.868359 0.597168 0.868359 0.600098 0.86875 0.600586 0.86875 0.601074 0.869531 0.602051 0.869531 0.602539 0.873047 0.606934 0.873437 0.606934 0.875 0.608887 0.875391 0.608887 0.876563 0.610352 0.876953 0.610352 0.877734 0.611328 0.878125 0.611328 0.878906 0.612305 0.879297 0.612305 0.879687 0.612793 0.880469 0.612793 0.880859 0.613281 0.88125 0.613281 0.881641 0.61377 0.882031 0.61377 0.882422 0.614258 0.883203 0.614258 0.883594 0.614746 0.883984 0.614746 0.884375 0.615234 0.884766 0.615234 0.885156 0.615723 0.885938 0.615723 0.886328 0.616211 0.886719 0.616211 0.887109 0.616699 0.8875 0.616699 0.887891 0.617188 0.888672 0.617188 0.889062 0.617676 0.889453 0.617676 0.889844 0.618164 0.890234 0.618164 0.890625 0.618652 0.891016 0.618652 0.891406 0.619141 0.891797 0.619141 0.892188 0.619629 0.892969 0.619629 0.893359 0.620117 0.894531 0.620117 0.894922 0.620605 0.899219 0.620605 0.899609 0.620117 0.900391 0.620117 0.900781 0.619629 0.901172 0.619629 0.901172 0.619141 0.901953 0.618164 0.901953 0.617676 0.902344 0.617188 0.902344 0.616699 0.902734 0.616211 0.902734 0.615723 0.903125 0.615234 0.903125 0.614746 0.903516 0.614258 0.903516 0.613281 0.903906 0.612793 0.903906 0.607422 0.903516 0.606934 0.903516 0.602539 0.903125 0.602051 0.903125 0.600586 0.902734 0.600098 0.902734 0.598633 0.902344 0.598145 0.902344 0.596191 0.901953 0.595703 0.901953 0.594238 0.901563 0.59375 0.901563 0.591309 0.901172 0.59082 0.901172 0.586914 0.900781 0.586426 0.900781 0.584961 0.900391 0.584473 0.900391 0.583496 0.9 0.583008 0.9 0.58252 0.899609 0.582031 0.899609 0.581543 0.898438 0.580078 0.898438 0.57959 0.898047 0.579102 0.898047 0.578613 0.897656 0.578125 0.897656 0.577637 0.897266 0.577148 0.897266 0.57666 0.896875 0.576172 0.891016 0.576172 0.890625 0.57666 0.889844 0.57666 0.889453 0.577148 0.888672 0.577148 0.888281 0.577637 0.887891 0.577637 0.8875 0.578125 0.887109 0.578125 0.886719 0.578613 0.886328 0.578613 0.885938 0.579102 0.885547 0.579102 0.885156 0.57959 0.884766 0.57959 0.884375 0.580078 0.883984 0.580078 0.883594 0.580566 0.883203 0.580566 0.882812 0.581055 0.882422 0.581055 0.881641 0.582031 0.88125 0.582031 0.880859 0.58252 0.880469 0.58252 0.880078 0.583008 0.879687 0.583008 0.879297 0.583496 0.878906 0.583496 0.878516 0.583984 0.878125 0.583984 0.877734 0.584473 0.877344 0.584473 0.876563 0.585449 0.876172 0.585449 0.875781 0.585938 0.875 0.585938 0.874609 0.586426 0.873437 0.586426 0.873047 0.586914 0.872656 0.586914 0.869531 0.59082
2 0.935156 0.258789 0.935547 0.259277 0.935547 0.260742 0.936328 0.261719 0.936328 0.262207 0.936719 0.262695 0.936719 0.263184 0.937109 0.263672 0.937109 0.265137 0.9375 0.265625 0.9375 0.26709 0.937891 0.267578 0.937891 0.268066 0.940234 0.270996 0.940625 0.270996 0.941406 0.271973 0.941797 0.271973 0.942187 0.272461 0.942578 0.272461 0.94375 0.273926 0.944141 0.273926 0.945312 0.275391 0.945703 0.275391 0.946484 0.276367 0.946875 0.276367 0.947656 0.277344 0.948047 0.277344 0.948438 0.277832 0.948828 0.277832 0.949219 0.27832 0.949609 0.27832 0.95 0.278809 0.950391 0.278809 0.950781 0.279297 0.952734 0.279297 0.953125 0.279785 0.955859 0.279785 0.95625 0.279297 0.957812 0.279297 0.958203 0.278809 0.962109 0.278809 0.9625 0.27832 0.963672 0.27832 0.964063 0.277832 0.964453 0.277832 0.964844 0.277344 0.965625 0.277344 0.966016 0.276855 0.967187 0.276855 0.967578 0.276367 0.969922 0.276367 0.970313 0.275879 0.971484 0.275879 0.971875 0.275391 0.972266 0.275391 0.972656 0.274902 0.973437 0.274902 0.974219 0.273926 0.974609 0.273926 0.975391 0.272949 0.975781 0.272949 0.976172 0.272461 0.976953 0.272461 0.977344 0.271973 0.978125 0.271973 0.978516 0.271484 0.978906 0.271484 0.979297 0.270996 0.979297 0.270508 0.980469 0.269043 0.980859 0.269043 0.98125 0.268555 0.981641 0.268555 0.982031 0.268066 0.982422 0.268066 0.982812 0.267578 0.983594 0.267578 0.983984 0.26709 0.984766 0.26709 0.985156 0.266602 0.985938 0.266602 0.986719 0.265625 0.987109 0.265625 0.987109 0.265137 0.987891 0.26416 0.987891 0.263672 0.990234 0.260742 0.990625 0.260742 0.991406 0.259766 0.991797 0.259766 0.992578 0.258789 0.992969 0.258789 0.993359 0.258301 0.99375 0.258301 0.994141 0.257812 0.994531 0.257812 0.994922 0.257324 0.995313 0.257324 0.996094 0.256348 0.996484 0.256348 0.996484 0.255859 0.998047 0.253906 0.998437 0.253906 0.998828 0.253418 1 0.253418 1 0.243652 0.998828 0.243652 0.998437 0.243164 0.996484 0.243164 0.996094 0.242676 0.995313 0.242676 0.994922 0.242188 0.994531 0.242188 0.994141 0.241699 0.991016 0.241699 0.990625 0.241211 0.990234 0.241211 0.989062 0.239746 0.988672 0.239746 0.988281 0.239258 0.987891 0.239258 0.9875 0.23877 0.987109 0.23877 0.986719 0.238281 0.985938 0.238281 0.985547 0.237793 0.985156 0.237793 0.984766 0.237305 0.983984 0.237305 0.983594 0.236816 0.983203 0.236816 0.982812 0.236328 0.982422 0.236328 0.982031 0.23584 0.981641 0.23584 0.98125 0.235352 0.980859 0.235352 0.980469 0.234863 0.980078 0.234863 0.979297 0.233887 0.978516 0.233887 0.978125 0.233398 0.977734 0.233398 0.977344 0.23291 0.976953 0.23291 0.976562 0.232422 0.976172 0.232422 0.975781 0.231934 0.975 0.231934 0.974609 0.231445 0.973437 0.231445 0.973047 0.230957 0.971875 0.230957 0.971484 0.230469 0.969922 0.230469 0.969531 0.22998 0.968359 0.22998 0.967969 0.229492 0.967578 0.229492 0.966797 0.228516 0.966406 0.228516 0.966016 0.228027 0.965625 0.228027 0.962891 0.224609 0.962109 0.224609 0.961719 0.224121 0.960547 0.224121 0.960156 0.223633 0.958203 0.223633 0.957812 0.224121 0.95625 0.224121 0.955859 0.224609 0.955078 0.224609 0.951953 0.228516 0.951562 0.228516 0.950781 0.229492 0.950781 0.22998 0.950391 0.230469 0.95 0.230469 0.949219 0.231445 0.948828 0.231445 0.947656 0.23291 0.947656 0.236328 0.947266 0.236816 0.946875 0.236816 0.946484 0.237305 0.946094 0.237305 0.945703 0.237793 0.945312 0.237793 0.944922 0.238281 0.944531 0.238281 0.941797 0.241699 0.941406 0.241699 0.940234 0.243164 0.939844 0.243164 0.938672 0.244629 0.938672 0.245117 0.9375 0.246582 0.9375 0.24707 0.937109 0.247559 0.937109 0.248047 0.936719 0.248535 0.936719 0.249023 0.935937 0.25 0.935937 0.250488 0.935547 0.250977 0.935547 0.251953 0.935156 0.252441
2 0.887109 0.270996 0.883984 0.274902 0.883984 0.275391 0.883594 0.275879 0.883594 0.276367 0.883203 0.276855 0.883203 0.277344 0.882812 0.277832 0.882812 0.27832 0.882422 0.278809 0.882422 0.279297 0.882031 0.279785 0.882031 0.280762 0.88125 0.281738 0.88125 0.282227 0.880859 0.282715 0.880859 0.283203 0.880469 0.283691 0.880469 0.285156 0.880078 0.285645 0.880078 0.29248 0.880469 0.292969 0.880469 0.293457 0.88125 0.294434 0.88125 0.294922 0.882031 0.295898 0.882422 0.295898 0.883203 0.296875 0.883984 0.296875 0.884375 0.297363 0.885547 0.297363 0.885938 0.297852 0.886719 0.297852 0.887109 0.29834 0.8875 0.29834 0.889062 0.300293 0.889062 0.300781 0.889453 0.30127 0.889453 0.301758 0.889844 0.302246 0.889844 0.303223 0.890234 0.303711 0.890234 0.304199 0.890625 0.304688 0.890625 0.305176 0.891406 0.306152 0.891406 0.306641 0.892188 0.307617 0.892188 0.308105 0.892969 0.309082 0.892969 0.30957 0.895703 0.312988 0.895703 0.313477 0.896094 0.313965 0.896094 0.314453 0.896875 0.31543 0.897656 0.31543 0.898047 0.315918 0.898438 0.315918 0.899219 0.316895 0.899609 0.316895 0.901953 0.319824 0.901953 0.320312 0.902734 0.321289 0.902734 0.321777 0.903516 0.322754 0.903516 0.323242 0.903906 0.323242 0.904687 0.324219 0.905078 0.324219 0.905469 0.324707 0.905859 0.324707 0.90625 0.325195 0.906641 0.325195 0.907031 0.325684 0.907422 0.325684 0.907813 0.326172 0.908203 0.326172 0.908594 0.32666 0.909375 0.32666 0.909766 0.327148 0.910547 0.327148 0.910937 0.327637 0.911328 0.327637 0.911719 0.328125 0.9125 0.328125 0.912891 0.328613 0.913281 0.328613 0.913672 0.329102 0.914453 0.329102 0.914844 0.32959 0.915625 0.32959 0.916016 0.330078 0.916797 0.330078 0.917188 0.330566 0.917578 0.330566 0.917969 0.331055 0.91875 0.331055 0.919141 0.331543 0.919922 0.331543 0.920312 0.332031 0.920703 0.332031 0.921094 0.33252 0.921484 0.33252 0.921875 0.333008 0.922266 0.333008 0.923047 0.333984 0.923438 0.333984 0.924219 0.334961 0.924609 0.334961 0.926562 0.337402 0.926562 0.337891 0.928125 0.339844 0.928516 0.339844 0.93125 0.343262 0.933984 0.343262 0.934375 0.342773 0.935156 0.342773 0.935937 0.341797 0.935937 0.341309 0.936328 0.34082 0.936328 0.340332 0.936719 0.339844 0.936719 0.339355 0.937109 0.338867 0.937109 0.337891 0.9375 0.337402 0.9375 0.336426 0.937891 0.335938 0.937891 0.334961 0.938281 0.334473 0.938281 0.333008 0.938672 0.33252 0.938672 0.331543 0.939063 0.331055 0.939063 0.328125 0.939453 0.327637 0.939453 0.320801 0.939844 0.320312 0.939844 0.317383 0.939453 0.316895 0.939453 0.313477 0.939063 0.312988 0.939063 0.311035 0.938672 0.310547 0.938672 0.30957 0.938281 0.309082 0.938281 0.307617 0.937891 0.307129 0.937891 0.305176 0.9375 0.304688 0.9375 0.303223 0.937109 0.302734 0.937109 0.301758 0.936719 0.30127 0.936719 0.300293 0.936328 0.299805 0.936328 0.29834 0.935547 0.297363 0.935547 0.296875 0.935156 0.296387 0.935156 0.295898 0.934375 0.294922 0.934375 0.294434 0.933984 0.293945 0.933984 0.293457 0.931641 0.290527 0.931641 0.290039 0.93125 0.289551 0.93125 0.289062 0.930469 0.288086 0.930469 0.287598 0.928125 0.284668 0.928125 0.28418 0.927344 0.283203 0.927344 0.282715 0.926953 0.282227 0.926953 0.281738 0.926562 0.28125 0.926562 0.280273 0.926172 0.279785 0.926172 0.279297 0.925391 0.27832 0.925391 0.277832 0.923438 0.275391 0.923438 0.274902 0.922266 0.273438 0.922266 0.272949 0.920703 0.270996 0.920312 0.270996 0.919531 0.27002 0.919141 0.27002 0.91875 0.269531 0.918359 0.269531 0.917969 0.269043 0.917578 0.269043 0.917188 0.268555 0.916797 0.268555 0.916406 0.268066 0.915234 0.268066 0.914844 0.267578 0.913281 0.267578 0.912891 0.26709 0.907031 0.26709 0.906641 0.267578 0.896484 0.267578 0.896094 0.268066 0.894531 0.268066 0.894141 0.268555 0.892578 0.268555 0.892188 0.269043 0.891016 0.269043 0.890625 0.269531 0.889453 0.269531 0.889062 0.27002 0.888672 0.27002 0.888281 0.270508 0.887891 0.270508 0.8875 0.270996
1 0.893359 0.143018 0.911246 0.147217 0.916559 0.147822 0.934418 0.149634 0.949383 0.149634 0.954695 0.146011 0.963867 0.142993 0.975934 0.134546 0.979313 0.129116 0.978832 0.120669 0.963867 0.117651 0.956141 0.116445 0.944074 0.112822 0.930559 0.109204 0.916559 0.109204 0.896281 0.105581 0.888125 0.108496 0.884805 0.119287 0.885039 0.130859 0.887969 0.138184
1 0.939926 0.0623535 0.945293 0.0598389 0.952668 0.0548096 0.955348 0.0539746 0.96373 0.0539746 0.971438 0.0548096 0.983844 0.0602588 0.987531 0.0627734 0.996918 0.0669629 1 0.0678516 1 0.0719385 0.999266 0.0740869 0.994906 0.080791 0.987867 0.088335 0.98418 0.0937842 0.97848 0.101323 0.975797 0.104678 0.972781 0.108447 0.966746 0.110542 0.956687 0.113896 0.944957 0.114316 0.942273 0.113477 0.936238 0.110542 0.928195 0.108867 0.928195 0.100068 0.92652 0.0929443 0.925848 0.0854004 0.925512 0.0745068 0.928195 0.0715723 0.932551 0.0673828
1 0.929816 0.00702637 0.93223 0.0140625 0.932633 0.0190918 0.931023 0.0266357 0.930621 0.0341797 0.931426 0.0417187 0.929414 0.0573096 0.929816 0.0623389 0.930219 0.0718896 0.926195 0.0789307 0.922574 0.0859717 0.919359 0.0915039 0.913324 0.0930127 0.911715 0.0920068 0.910508 0.083457 0.910105 0.0799365 0.909301 0.0739014 0.909301 0.0663623 0.909301 0.0608301 0.909301 0.0568066 0.909301 0.0507715 0.908094 0.0452393 0.906484 0.0417187 0.903668 0.0387061 0.899242 0.0326709 0.897234 0.024624 0.897234 0.0150684 0.898438 0.00853516 0.90407 0.00350586 0.912117 0.000991211 0.917027 0 0.925672 0 0.927805 0.00300293
1 0.877117 0.0266357 0.879934 0.0261328 0.885566 0.0291504 0.88798 0.031665 0.892406 0.0341797 0.897633 0.0361914 0.905277 0.0387061 0.909301 0.0417187 0.916141 0.0477539 0.918555 0.0522803 0.921371 0.061333 0.921371 0.0648535 0.920969 0.076416 0.920566 0.0804395 0.914934 0.0849658 0.912117 0.0859717 0.907289 0.0874805 0.896832 0.0884863 0.881141 0.0874805 0.876715 0.0814453 0.871891 0.0769189 0.864648 0.0663623 0.861027 0.0568066 0.859418 0.0447363 0.859418 0.0341797 0.862637 0.0306592 0.86827 0.0286475
1 0.939063 0.724087 0.940801 0.729155 0.943117 0.735674 0.947754 0.744365 0.950648 0.750879 0.955281 0.75957 0.959918 0.763916 0.963395 0.768984 0.970344 0.775498 0.974398 0.776226 0.980191 0.776226 0.990621 0.758843 0.992355 0.755225 0.991777 0.750879 0.991199 0.747261 0.987145 0.740742 0.985406 0.736396 0.981352 0.731328 0.977297 0.722642 0.97382 0.721191 0.968605 0.71395 0.963973 0.711777 0.957602 0.706709 0.938484 0.702363 0.938484 0.702363 0.937906 0.713228
1 0.959918 0.685708 0.968027 0.688608 0.973242 0.690054 0.980191 0.692954 0.986563 0.697295 0.993516 0.703091 0.99757 0.710332 0.999309 0.721191 1 0.725083 1 0.748335 0.999887 0.750156 0.995832 0.758843 0.989461 0.762466 0.984828 0.761016 0.98309 0.75812 0.97382 0.745088 0.972082 0.741465 0.965711 0.731328 0.964551 0.723364 0.961656 0.705986 0.959918 0.69585 0.959918 0.688608
2 0.912418 0.740962 0.921684 0.740962 0.925738 0.740962 0.93327 0.743857 0.939063 0.74458 0.945434 0.748926 0.952965 0.753994 0.961074 0.765581 0.966289 0.773545 0.968027 0.784404 0.965133 0.796714 0.962234 0.803232 0.957602 0.809751 0.954125 0.810474 0.947172 0.812646 0.943699 0.812646 0.936168 0.811196 0.932691 0.809751 0.922266 0.805405 0.910098 0.790923 0.907203 0.782231 0.904305 0.772822 0.901988 0.761958 0.900832 0.748203 0.899672 0.742407 0.900832 0.735889
2 0.497445 0.596362 0.499457 0.6029 0.501871 0.606421 0.50348 0.608433 0.505895 0.612959 0.513539 0.621509 0.516758 0.624521 0.51877 0.628545 0.51957 0.632065 0.519973 0.645142 0.52118 0.648159 0.523594 0.651177 0.527617 0.649165 0.531641 0.645645 0.534457 0.641118 0.538078 0.636592 0.54009 0.630054 0.541699 0.622515 0.542906 0.616982 0.543309 0.610444 0.543309 0.605415 0.543309 0.601895 0.543309 0.598877 0.542906 0.592344 0.540492 0.5848 0.53848 0.581279 0.534055 0.577256 0.531641 0.574238 0.529227 0.572227 0.520777 0.569712 0.513137 0.570215 0.511527 0.570215 0.505492 0.572729 0.499859 0.579771 0.497848 0.586309 0.497043 0.593848 0.496238 0.597368
2 0.557387 0.597871 0.564227 0.597871 0.566238 0.600889 0.568246 0.605415 0.571867 0.612959 0.572672 0.618994 0.574281 0.625024 0.574684 0.629048 0.574281 0.633574 0.570258 0.638101 0.567445 0.640112 0.56141 0.64313 0.55618 0.644639 0.552156 0.644639 0.544914 0.644639 0.538078 0.64313 0.535664 0.641621 0.531641 0.639106 0.525605 0.633574 0.521582 0.627539 0.51957 0.623521 0.515953 0.614468 0.514746 0.608936 0.514746 0.605415 0.515148 0.6029 0.515551 0.6029 0.519168 0.6029 0.521984 0.603906 0.525203 0.604912 0.531641 0.604912 0.535262 0.604409 0.544109 0.602397 0.548535 0.600386
2 0.438555 0.640718 0.442172 0.640215 0.454645 0.645239 0.457863 0.647754 0.467516 0.653789 0.467516 0.661333 0.468723 0.662842 0.467516 0.668877 0.462289 0.67541 0.457461 0.679937 0.454242 0.679937 0.451828 0.679937 0.445391 0.680942 0.439762 0.680942 0.432117 0.678428 0.42407 0.677422 0.416828 0.678428 0.406773 0.679434 0.40798 0.674907 0.412004 0.670889 0.41884 0.668877 0.420508 0.66543 0.423266 0.661836 0.428898 0.650269 0.433727 0.644233
2 0.41777 0.686934 0.420113 0.682744 0.425145 0.681489 0.42816 0.681069 0.432855 0.678555 0.438887 0.677715 0.443246 0.679395 0.44727 0.681489 0.451625 0.684839 0.454645 0.688613 0.457324 0.693223 0.459 0.700762 0.460008 0.707051 0.460344 0.713755 0.459336 0.721299 0.457324 0.725908 0.451293 0.733447 0.447605 0.735962 0.442574 0.737642 0.433188 0.739316 0.426148 0.739736 0.423801 0.740156 0.419445 0.737642 0.415758 0.734287 0.413746 0.727163 0.412738 0.720459 0.411398 0.706211 0.41207 0.695737 0.41341 0.691543 0.415086 0.689028
2 0.613102 0.00496094 0.614711 0.00848145 0.61793 0.0130078 0.623965 0.0270898 0.625574 0.0361377 0.625172 0.0446875 0.619539 0.0532373 0.615113 0.0577637 0.607871 0.063291 0.595402 0.0683203 0.593793 0.0658057 0.592988 0.063291 0.591781 0.0592725 0.591379 0.0547461 0.590172 0.048208 0.58977 0.0416699 0.588965 0.0326172 0.588965 0.0235693 0.590172 0.0140137 0.595805 0.0059668 0.603047 0.00043457 0.603395 0 0.60791 0
