0 0.504297 0.102539 0.504297 0.10498 0.505078 0.10791 0.506641 0.11084 0.508203 0.112793 0.510938 0.114746 0.514062 0.118652 0.516797 0.123047 0.517188 0.126465 0.51875 0.131348 0.51875 0.132812 0.519141 0.133301 0.519141 0.134766 0.520312 0.13916 0.520312 0.143555 0.521094 0.146484 0.521094 0.151855 0.521484 0.152344 0.521484 0.155273 0.520703 0.156738 0.520703 0.161133 0.521094 0.161621 0.521094 0.164551 0.520703 0.165039 0.521094 0.174316 0.521484 0.174805 0.521484 0.17627 0.523047 0.182129 0.525 0.186523 0.532422 0.196289 0.540625 0.203125 0.542188 0.203613 0.544922 0.205566 0.546484 0.205566 0.546875 0.206055 0.548438 0.206055 0.548828 0.206543 0.553125 0.20752 0.55625 0.209473 0.560547 0.209961 0.563281 0.211426 0.565625 0.210938 0.56875 0.208984 0.572656 0.20459 0.573828 0.201172 0.576953 0.197266 0.579688 0.191895 0.582031 0.185059 0.582422 0.181152 0.581641 0.178223 0.58125 0.166016 0.578906 0.160645 0.575781 0.156738 0.571875 0.154297 0.56875 0.150391 0.565234 0.148438 0.560156 0.143555 0.555078 0.140625 0.553906 0.140625 0.553516 0.140137 0.552344 0.140137 0.548828 0.138672 0.547266 0.138672 0.542578 0.136719 0.539844 0.134766 0.533594 0.127441 0.532031 0.123535 0.530859 0.12207 0.528906 0.117676 0.526172 0.114258 0.523438 0.108887 0.521094 0.105957 0.519922 0.105469 0.517969 0.103516 0.515625 0.103027 0.515234 0.102539 0.513672 0.102539 0.513281 0.102051 0.511719 0.102051 0.511328 0.101562 0.505469 0.101562
0 0.167969 0.478027 0.167969 0.479004 0.169531 0.480469 0.173047 0.481934 0.176172 0.482422 0.176563 0.48291 0.182422 0.483887 0.185547 0.48584 0.190234 0.487793 0.191797 0.487793 0.192188 0.488281 0.197656 0.488281 0.198047 0.48877 0.203125 0.48877 0.203516 0.489258 0.208203 0.489258 0.208594 0.489746 0.210938 0.489746 0.216094 0.490234 0.218867 0.490527 0.220859 0.491211 0.222109 0.494287 0.222187 0.498535 0.221484 0.501367 0.221172 0.504736 0.222852 0.508643 0.226602 0.509229 0.230117 0.511523 0.23625 0.517139 0.243359 0.522949 0.246875 0.524414 0.249219 0.526367 0.251953 0.527832 0.253516 0.527832 0.253906 0.52832 0.256641 0.528809 0.259766 0.530273 0.263672 0.530762 0.264062 0.53125 0.265234 0.53125 0.269922 0.533203 0.276172 0.533203 0.277734 0.532227 0.278906 0.532227 0.282422 0.529297 0.286328 0.527344 0.288672 0.524414 0.291016 0.518555 0.291016 0.515137 0.290234 0.512695 0.290234 0.510254 0.288281 0.505859 0.285156 0.501953 0.282031 0.499512 0.280078 0.496094 0.277734 0.493164 0.274609 0.491211 0.271875 0.488281 0.266797 0.484863 0.263672 0.480957 0.258594 0.476074 0.25625 0.472656 0.253906 0.470703 0.248047 0.467285 0.236328 0.467285 0.232813 0.46875 0.230859 0.46875 0.230469 0.469238 0.228516 0.469238 0.228125 0.469727 0.225391 0.470215 0.221094 0.472168 0.217578 0.472168 0.217188 0.472656 0.210156 0.473145 0.209766 0.473633 0.203906 0.473633 0.203516 0.473145 0.198437 0.472656 0.198047 0.472168 0.192969 0.472168 0.192578 0.472656 0.189844 0.472656 0.185938 0.474609 0.182812 0.474609 0.182422 0.475098 0.175391 0.475098 0.175 0.474609 0.173828 0.474609 0.173437 0.475098 0.170703 0.475586 0.169141 0.476562
1 0.125781 0.447754 0.123438 0.446289 0.118359 0.446289 0.117969 0.446777 0.110547 0.44873 0.109375 0.449707 0.103516 0.452148 0.0921875 0.459961 0.0898438 0.460938 0.0882813 0.460938 0.0832031 0.463867 0.08125 0.464355 0.0789062 0.46582 0.0765625 0.468262 0.0753906 0.46875 0.071875 0.472656 0.0710937 0.475098 0.0710937 0.477051 0.0707031 0.477539 0.0703125 0.490723 0.0699219 0.491211 0.0695313 0.498047 0.06875 0.500977 0.0671875 0.504395 0.0667969 0.506836 0.0660156 0.508301 0.065625 0.51123 0.0648438 0.513184 0.0648438 0.514648 0.0640625 0.516602 0.0636719 0.52002 0.0632812 0.520508 0.0628906 0.524414 0.0609375 0.529297 0.0609375 0.53125 0.0589844 0.538574 0.0578125 0.541016 0.0570312 0.543945 0.0570312 0.54541 0.0558594 0.548828 0.0558594 0.561035 0.05625 0.561523 0.05625 0.563477 0.0570312 0.564941 0.059375 0.56543 0.0597656 0.565918 0.0613281 0.56543 0.0640625 0.561035 0.0640625 0.560059 0.0652344 0.557129 0.0652344 0.554688 0.065625 0.554199 0.065625 0.552246 0.0667969 0.54834 0.0667969 0.546875 0.0683594 0.543457 0.0699219 0.536133 0.071875 0.532227 0.0757812 0.527344 0.0761719 0.527344 0.078125 0.524414 0.0847656 0.519531 0.0878906 0.519043 0.0882813 0.518555 0.090625 0.518555 0.0910156 0.518066 0.0933594 0.517578 0.0945312 0.516602 0.0964844 0.516113 0.0972656 0.515137 0.1 0.513672 0.103125 0.51123 0.108203 0.510254 0.110547 0.509277 0.114844 0.506348 0.115625 0.505371 0.117969 0.498047 0.117578 0.496582 0.117578 0.490234 0.117969 0.489746 0.117969 0.488281 0.11875 0.485352 0.123438 0.474609 0.123828 0.472168 0.125781 0.467285 0.126953 0.462891 0.127344 0.459473 0.127734 0.458984 0.127734 0.45166 0.127344 0.450195
1 0 0.745605 0.00664062 0.745605 0.00703125 0.745117 0.0101563 0.745117 0.0105469 0.744629 0.0140625 0.744141 0.0189062 0.742725 0.0221484 0.741406 0.0253516 0.739746 0.0307422 0.736328 0.0338672 0.73374 0.0379297 0.728809 0.0413672 0.723242 0.046875 0.718262 0.0503906 0.716797 0.0515625 0.71582 0.0539063 0.714844 0.0554687 0.714844 0.0558594 0.714355 0.0597656 0.713867 0.0601563 0.713379 0.06875 0.713379 0.0691406 0.712891 0.0730469 0.712891 0.0734375 0.712402 0.0753906 0.712402 0.0757812 0.711914 0.0773438 0.711914 0.0777344 0.711426 0.0808594 0.710938 0.08125 0.710449 0.0851563 0.709961 0.0863281 0.708984 0.0871094 0.708984 0.0886719 0.707031 0.0890625 0.70459 0.0882813 0.703613 0.0871094 0.703613 0.0867187 0.703125 0.0792969 0.703125 0.0789062 0.703613 0.0761719 0.703613 0.0757812 0.704102 0.0710937 0.704102 0.06875 0.705078 0.0628906 0.705078 0.0625 0.705566 0.0597656 0.705566 0.059375 0.705078 0.0570312 0.705078 0.0566406 0.70459 0.0519531 0.70459 0.05 0.703613 0.0441406 0.704102 0.0390625 0.701172 0.0339844 0.700195 0.0304687 0.69873 0.0269531 0.69873 0.0265625 0.699219 0.0242188 0.699219 0.021875 0.700195 0.0175781 0.700684 0.0144531 0.703125 0.0121094 0.704102 0.00898437 0.70459 0.0078125 0.705566 0.00351563 0.707031 0.00234375 0.708008 0 0.708008
1 0.0257422 0.570068 0.0234375 0.570068 0.0215625 0.570996 0.0189844 0.572998 0.0171875 0.574707 0.0132812 0.57959 0.0114062 0.584766 0.0109375 0.588379 0.0105469 0.589844 0.0103125 0.59126 0.00992188 0.593213 0.00980469 0.595459 0.00957031 0.597998 0.00921875 0.601221 0.00871094 0.607324 0.00917969 0.611377 0.00902344 0.61582 0.00917969 0.620313 0.009375 0.625 0.009375 0.632324 0.00976562 0.632812 0.00976562 0.63623 0.0101563 0.636719 0.0101563 0.638184 0.0101563 0.639795 0.0105078 0.642334 0.0111719 0.645703 0.0129297 0.651318 0.0145313 0.655371 0.0167578 0.660156 0.0195703 0.664307 0.0217578 0.66709 0.0230078 0.669727 0.0246094 0.67334 0.0277344 0.679199 0.0285156 0.682617 0.0300781 0.685547 0.0304687 0.688477 0.0324219 0.694336 0.0324219 0.695801 0.0335937 0.69873 0.0359375 0.702637 0.0382813 0.705566 0.0394531 0.708496 0.0394531 0.709473 0.0421875 0.716309 0.0426172 0.720068 0.0433594 0.725098 0.0433594 0.726074 0.0445313 0.730127 0.0462891 0.733203 0.0484766 0.736572 0.0504297 0.738037 0.0522656 0.738037 0.053125 0.736328 0.0529687 0.732666 0.0511719 0.726562 0.0502344 0.723291 0.05 0.721191 0.05 0.71875 0.0499219 0.71748 0.0499219 0.715137 0.05 0.714355 0.0496094 0.709961 0.0484375 0.707031 0.0457031 0.702637 0.0441406 0.69873 0.0441406 0.697266 0.0421875 0.693359 0.0410156 0.687988 0.0402344 0.686523 0.0402344 0.68457 0.0404687 0.681543 0.0403125 0.6771 0.040625 0.674805 0.041875 0.668457 0.043125 0.662695 0.0442578 0.658447 0.0448828 0.654053 0.0453906 0.650342 0.0459766 0.646631 0.0464062 0.643018 0.0471875 0.63877 0.0478125 0.636328 0.0479297 0.634033 0.0487891 0.62915 0.0488281 0.625977 0.0484375 0.622559 0.0473828 0.61958 0.0464062 0.614111 0.0444922 0.606396 0.0442578 0.604932 0.0439844 0.601562 0.0439063 0.597314 0.0437891 0.594531 0.0438672 0.592383 0.0433203 0.588184 0.0422266 0.583447 0.0395703 0.579785 0.0359375 0.577002 0.0324609 0.574609 0.0279297 0.571387
1 0 0.935547 0 0.946289 0.00195312 0.946777 0.00507813 0.950684 0.00742187 0.95459 0.0105469 0.956543 0.0125 0.957031 0.0167969 0.959961 0.0175781 0.959961 0.0234375 0.963867 0.0276563 0.96626 0.0308594 0.968262 0.0324219 0.969238 0.0382813 0.97168 0.0394531 0.97168 0.0414062 0.972656 0.0433594 0.972656 0.04375 0.973145 0.0464844 0.973145 0.046875 0.973633 0.0601563 0.973633 0.0605469 0.973145 0.0617188 0.973145 0.0652344 0.97168 0.06875 0.971191 0.0722656 0.971045 0.0743359 0.970898 0.0761719 0.970654 0.0789062 0.969434 0.0824219 0.966553 0.0854297 0.96499 0.0894141 0.963135 0.0943359 0.961182 0.0977734 0.959033 0.100391 0.955566 0.105078 0.949707 0.106641 0.947266 0.108594 0.942871 0.109648 0.938721 0.109766 0.933008 0.108984 0.927734 0.10793 0.924023 0.106406 0.919092 0.105781 0.91582 0.104258 0.914355 0.102344 0.913818 0.100664 0.914551 0.0992578 0.916309 0.09875 0.918604 0.09875 0.92124 0.0991016 0.924365 0.0997266 0.928369 0.1 0.931641 0.1 0.932617 0.1 0.93457 0.0970703 0.939307 0.0959766 0.940186 0.0946094 0.940576 0.0927734 0.940771 0.0909375 0.939844 0.0891016 0.937598 0.0878906 0.936035 0.0846094 0.931543 0.0832031 0.928906 0.0810547 0.92583 0.0782812 0.923242 0.074375 0.920166 0.0712891 0.917822 0.0675 0.91543 0.0636719 0.914062 0.0608984 0.913867 0.0585547 0.91377 0.0552344 0.913867 0.0524219 0.91416 0.0503906 0.914502 0.0484375 0.915039 0.0464844 0.915771 0.0441406 0.916992 0.04375 0.91748 0.0417969 0.91748 0.0414062 0.917969 0.0394531 0.917969 0.0390625 0.918457 0.0371094 0.918457 0.0367188 0.918945 0.0335937 0.918945 0.0321484 0.919092 0.0302734 0.919873 0.0283203 0.920508 0.0268359 0.921777 0.0229297 0.924707 0.0207031 0.926758 0.0175781 0.929688 0.0150781 0.931641 0.0126953 0.933203 0.0115234 0.933936 0.00929687 0.934766 0.00738281 0.935205
1 0.0894531 0.772949 0.0894531 0.767578 0.0875 0.762695 0.0835937 0.756348 0.0769531 0.749512 0.0730469 0.747559 0.0699219 0.74707 0.0695313 0.746582 0.0632812 0.746094 0.0628906 0.746582 0.0550781 0.74707 0.053125 0.748047 0.0492187 0.748535 0.0445313 0.751465 0.0433594 0.751465 0.0410156 0.752441 0.0367188 0.755371 0.0328125 0.756836 0.0308594 0.758301 0.028125 0.758789 0.0277344 0.759277 0.021875 0.759277 0.0214844 0.758789 0.0183594 0.758789 0.0179687 0.758301 0.0132812 0.758301 0.0128906 0.757812 0.0117188 0.757812 0.00976562 0.756836 0.00585938 0.756348 0.00546875 0.755859 0 0.755859 0 0.761719 0.0015625 0.761719 0.00703125 0.768066 0.0160156 0.773926 0.0167969 0.773926 0.0210938 0.776855 0.021875 0.776855 0.0265625 0.780273 0.03125 0.782227 0.0328125 0.782227 0.0332031 0.782715 0.0355469 0.782715 0.0359375 0.783203 0.0476562 0.783203 0.0480469 0.782715 0.053125 0.782715 0.0535156 0.783203 0.0632812 0.783203 0.0636719 0.783691 0.0765625 0.783203 0.0769531 0.782715 0.0808594 0.782227 0.0851563 0.780273 0.0886719 0.775879
1 0.504297 0.648438 0.502344 0.645996 0.498047 0.646484 0.497656 0.646973 0.496484 0.646973 0.494141 0.647949 0.490625 0.650879 0.485156 0.653809 0.483203 0.655762 0.480859 0.657227 0.478516 0.657715 0.475781 0.659668 0.475 0.659668 0.472656 0.661133 0.470313 0.661621 0.466406 0.664062 0.461719 0.665039 0.458594 0.666992 0.454688 0.667969 0.449609 0.671387 0.447656 0.671875 0.445312 0.67334 0.442969 0.675781 0.440625 0.677246 0.439844 0.677246 0.433984 0.684082 0.432422 0.685059 0.423047 0.697266 0.421484 0.701172 0.416016 0.708496 0.412891 0.71582 0.410547 0.719727 0.405078 0.726074 0.404297 0.726562 0.402734 0.726562 0.402344 0.727051 0.394141 0.727051 0.392969 0.726562 0.392578 0.727051 0.389062 0.727539 0.387891 0.729004 0.387891 0.732422 0.388281 0.733398 0.389453 0.734375 0.392188 0.734863 0.392578 0.735352 0.404297 0.735352 0.404687 0.734863 0.408203 0.734375 0.410547 0.733398 0.412891 0.731934 0.414844 0.72998 0.416797 0.729004 0.422266 0.722656 0.427734 0.718262 0.428516 0.718262 0.430859 0.716797 0.432422 0.716797 0.432812 0.716309 0.436328 0.716309 0.439844 0.717773 0.451172 0.71875 0.451562 0.719238 0.453516 0.719238 0.453906 0.719727 0.464453 0.719727 0.464844 0.719238 0.467187 0.719238 0.468359 0.718262 0.471875 0.716797 0.475391 0.713867 0.478516 0.709961 0.480859 0.708008 0.485156 0.702637 0.489453 0.698242 0.492578 0.693359 0.493359 0.691406 0.499219 0.683105 0.502734 0.673828 0.502734 0.672363 0.503906 0.669434 0.505078 0.665039 0.505078 0.663574 0.505469 0.663086 0.505469 0.660156 0.505859 0.659668 0.505859 0.652832
1 0.359766 0.577148 0.358594 0.57959 0.35625 0.588867 0.353906 0.594727 0.353906 0.597656 0.354297 0.598145 0.354297 0.600098 0.355078 0.603027 0.355469 0.611816 0.35625 0.61377 0.35625 0.615234 0.357812 0.618164 0.361328 0.621094 0.366016 0.623047 0.369531 0.623535 0.369922 0.624023 0.371094 0.624023 0.373047 0.625 0.374609 0.625 0.375 0.625488 0.38125 0.625977 0.381641 0.626465 0.394141 0.626465 0.394531 0.625977 0.397266 0.625977 0.401172 0.624023 0.402344 0.624023 0.40625 0.621582 0.408984 0.621094 0.409375 0.620605 0.413281 0.620605 0.413672 0.621094 0.416016 0.621094 0.416406 0.621582 0.418359 0.621582 0.420703 0.622559 0.427344 0.626465 0.428516 0.628418 0.429297 0.631348 0.429297 0.637207 0.429688 0.638672 0.428516 0.643066 0.428516 0.647949 0.428125 0.648438 0.428125 0.654785 0.428906 0.657227 0.430469 0.658691 0.432422 0.658691 0.436328 0.654785 0.437109 0.651855 0.437109 0.650391 0.4375 0.649902 0.4375 0.648438 0.437891 0.647949 0.437891 0.646484 0.438281 0.645996 0.438672 0.633789 0.439063 0.633301 0.439063 0.629883 0.438672 0.629395 0.438672 0.625488 0.438281 0.625 0.438281 0.621094 0.437891 0.620605 0.4375 0.614746 0.437109 0.614258 0.437109 0.612793 0.436328 0.609863 0.433984 0.604492 0.433984 0.603516 0.43125 0.599121 0.427344 0.587402 0.425781 0.585449 0.424609 0.583008 0.421484 0.579102 0.415234 0.575195 0.412891 0.572754 0.410547 0.571289 0.408594 0.570801 0.404297 0.567871 0.396094 0.564453 0.394141 0.564453 0.39375 0.563965 0.392188 0.563965 0.389844 0.562988 0.386328 0.562988 0.385937 0.5625 0.375 0.563477 0.370703 0.566406 0.368359 0.567383
1 0.303516 0.551758 0.301172 0.551758 0.300781 0.552246 0.298047 0.552734 0.295703 0.555176 0.292969 0.559082 0.291406 0.560059 0.286328 0.567383 0.285938 0.567383 0.283594 0.570312 0.282031 0.571289 0.280859 0.572754 0.279297 0.576172 0.274609 0.582031 0.269922 0.591797 0.267188 0.595215 0.266406 0.597168 0.266406 0.598633 0.264844 0.603027 0.264062 0.60791 0.2625 0.61377 0.261719 0.615234 0.260547 0.619629 0.260547 0.621582 0.260156 0.62207 0.260156 0.634277 0.260547 0.634766 0.260156 0.647461 0.259766 0.647949 0.259375 0.655273 0.258984 0.655762 0.258203 0.663574 0.257812 0.664062 0.257422 0.670898 0.257031 0.671387 0.256641 0.676758 0.25625 0.677246 0.257031 0.682617 0.260547 0.686523 0.263281 0.6875 0.264844 0.685059 0.265234 0.682129 0.265625 0.681641 0.265625 0.679199 0.266016 0.678711 0.266406 0.674316 0.268359 0.666992 0.268359 0.665527 0.269141 0.663574 0.269141 0.662109 0.270313 0.657715 0.271875 0.654297 0.273047 0.648926 0.275391 0.644043 0.278125 0.640625 0.280078 0.63916 0.28125 0.63623 0.282422 0.634766 0.285938 0.631836 0.290234 0.626465 0.292578 0.624512 0.295312 0.623047 0.297656 0.620117 0.301172 0.617188 0.303125 0.616211 0.311328 0.606934 0.311328 0.605957 0.312109 0.604492 0.315234 0.592773 0.315234 0.589355 0.315625 0.588867 0.315625 0.57959 0.315234 0.579102 0.315234 0.577148 0.314063 0.57373 0.314063 0.572266 0.312109 0.568359 0.311328 0.564941 0.309766 0.562012 0.307422 0.555176
1 0.266484 0.591748 0.266016 0.589063 0.265391 0.584229 0.264531 0.580859 0.263516 0.578418 0.262109 0.575928 0.261016 0.574707 0.257891 0.572803 0.255977 0.571826 0.251914 0.572021 0.249531 0.573047 0.247187 0.573975 0.244922 0.574707 0.242969 0.575684 0.240234 0.57959 0.236328 0.582031 0.233203 0.586426 0.228906 0.590332 0.223047 0.597168 0.222656 0.598633 0.219531 0.604004 0.21875 0.60791 0.217969 0.609375 0.217969 0.610352 0.217188 0.611816 0.217188 0.612793 0.216406 0.614258 0.214844 0.620117 0.214062 0.625 0.213281 0.626465 0.212891 0.633301 0.2125 0.633789 0.2125 0.644531 0.212109 0.64502 0.212109 0.647949 0.211719 0.648438 0.211719 0.650391 0.211328 0.650879 0.210938 0.654297 0.207813 0.661133 0.20625 0.663574 0.201563 0.666504 0.199609 0.666504 0.199219 0.666992 0.189453 0.666992 0.189062 0.66748 0.185938 0.667969 0.183203 0.669922 0.183203 0.673828 0.184766 0.675293 0.186328 0.675781 0.189062 0.677734 0.193359 0.678223 0.19375 0.678711 0.196484 0.678711 0.196875 0.679199 0.202734 0.679199 0.204687 0.678223 0.208984 0.677734 0.211328 0.675781 0.215625 0.674316 0.217188 0.67334 0.221094 0.668945 0.224219 0.666992 0.229297 0.660156 0.232813 0.657227 0.235156 0.654297 0.235156 0.653809 0.240234 0.647949 0.240625 0.647949 0.243359 0.644043 0.244922 0.643066 0.247656 0.640137 0.248828 0.639648 0.252734 0.633789 0.253906 0.631348 0.257031 0.627441 0.260937 0.618066 0.262617 0.612402 0.26418 0.60752 0.264727 0.604834 0.26543 0.601904 0.265937 0.600049 0.266133 0.598291 0.266016 0.596924 0.266289 0.595947 0.266562 0.594043
1 0.191016 0.459473 0.190234 0.459961 0.189453 0.461426 0.189453 0.465332 0.191406 0.471191 0.189844 0.474609 0.189844 0.475586 0.190625 0.477539 0.190234 0.482422 0.191406 0.484375 0.192969 0.490234 0.193359 0.502441 0.192969 0.50293 0.192969 0.511719 0.192578 0.512207 0.192578 0.515137 0.192188 0.515625 0.191406 0.521973 0.190625 0.524414 0.190625 0.529297 0.189844 0.53125 0.189844 0.539062 0.190234 0.539551 0.190234 0.541016 0.191016 0.54248 0.192578 0.548828 0.19375 0.550781 0.194531 0.553223 0.196094 0.556152 0.198437 0.559082 0.198828 0.559082 0.202734 0.564453 0.204687 0.568848 0.207422 0.573242 0.209766 0.580078 0.214062 0.585938 0.217188 0.588867 0.219922 0.589355 0.223047 0.59082 0.225781 0.59082 0.228125 0.589844 0.238281 0.57959 0.238281 0.576172 0.239063 0.573242 0.239063 0.571777 0.237891 0.567871 0.2375 0.563477 0.236328 0.561035 0.236328 0.556152 0.235937 0.555664 0.235937 0.553223 0.235547 0.552734 0.235547 0.549805 0.233984 0.544434 0.233594 0.541504 0.230469 0.53418 0.230078 0.532227 0.227734 0.528809 0.224219 0.521484 0.220703 0.516602 0.215234 0.51123 0.2125 0.507812 0.210156 0.501953 0.207422 0.497559 0.207422 0.496582 0.205859 0.492676 0.205859 0.491211 0.203906 0.486816 0.203906 0.485352 0.203125 0.48291 0.203125 0.480957 0.202734 0.480469 0.202734 0.477051 0.199219 0.470703 0.199609 0.466797 0.198047 0.462402 0.194141 0.459473
1 0.510156 0.493164 0.505859 0.490234 0.503516 0.489746 0.503125 0.489258 0.501563 0.489258 0.498047 0.492188 0.494531 0.493164 0.490234 0.499512 0.486328 0.50293 0.484766 0.505371 0.477734 0.513672 0.475391 0.518066 0.473438 0.523438 0.472656 0.524414 0.471875 0.527344 0.471484 0.531738 0.471094 0.532227 0.471094 0.535645 0.471484 0.536133 0.471875 0.544922 0.475 0.552734 0.475 0.554199 0.476172 0.557129 0.476562 0.560547 0.478516 0.563965 0.478516 0.565918 0.476562 0.569824 0.474609 0.571289 0.473828 0.571289 0.470313 0.573242 0.465625 0.578613 0.463281 0.57959 0.4625 0.580566 0.461328 0.583496 0.460938 0.586426 0.460547 0.586914 0.460938 0.588867 0.4625 0.590332 0.465625 0.590332 0.466406 0.59082 0.470313 0.588867 0.473828 0.588379 0.476953 0.586426 0.482812 0.584473 0.485547 0.58252 0.490625 0.580566 0.492969 0.577637 0.497656 0.574707 0.501563 0.570801 0.502734 0.570312 0.505859 0.567383 0.508203 0.563477 0.516016 0.553223 0.516406 0.552246 0.516406 0.549316 0.517969 0.54541 0.517969 0.541992 0.519141 0.538086 0.519141 0.53418 0.520703 0.529297 0.520703 0.525391 0.521875 0.521973 0.521875 0.519043 0.522266 0.518555 0.522266 0.512207 0.521094 0.508789 0.517578 0.503906 0.514844 0.498535
1 0.553125 0.442871 0.550391 0.443359 0.547656 0.445312 0.545703 0.447754 0.544141 0.45166 0.543359 0.456543 0.542578 0.458008 0.542578 0.460938 0.542969 0.461426 0.542578 0.470215 0.541016 0.473633 0.539844 0.47998 0.538281 0.484375 0.536719 0.487305 0.536719 0.488281 0.534375 0.494141 0.533594 0.495117 0.533594 0.496094 0.532031 0.5 0.528516 0.503418 0.525781 0.507812 0.524609 0.510742 0.523438 0.517578 0.521875 0.523438 0.521875 0.524902 0.521094 0.526855 0.520312 0.533203 0.519922 0.533691 0.519922 0.535645 0.519531 0.536133 0.519531 0.537598 0.518359 0.541992 0.518359 0.54541 0.517969 0.545898 0.517188 0.553711 0.516797 0.554199 0.516797 0.562012 0.517188 0.5625 0.518359 0.569824 0.521875 0.57959 0.523438 0.582031 0.525 0.585938 0.527734 0.589355 0.530859 0.591309 0.534375 0.591309 0.536719 0.590332 0.538672 0.588867 0.541016 0.585938 0.542969 0.584473 0.548828 0.577637 0.549219 0.577637 0.553516 0.572266 0.55625 0.566895 0.560937 0.561035 0.562109 0.558105 0.5625 0.555664 0.563281 0.554199 0.563281 0.552734 0.563672 0.552246 0.563672 0.550781 0.564063 0.550293 0.564063 0.548828 0.565234 0.544434 0.565234 0.54248 0.566406 0.538086 0.566406 0.536133 0.566797 0.535645 0.566797 0.532227 0.567187 0.531738 0.567187 0.528809 0.567578 0.52832 0.567578 0.525879 0.567969 0.525391 0.567969 0.522949 0.568359 0.522461 0.568359 0.51709 0.56875 0.516602 0.56875 0.503418 0.568359 0.50293 0.568359 0.500977 0.567187 0.498535 0.566797 0.493652 0.565234 0.487793 0.565234 0.486328 0.563281 0.480957 0.560156 0.468262 0.558984 0.46582 0.555469 0.452637 0.555469 0.451172 0.553906 0.446289 0.553906 0.444336
1 0.484766 0.441895 0.485156 0.442383 0.485156 0.444824 0.485938 0.447266 0.491016 0.453125 0.495312 0.454102 0.496875 0.455078 0.498828 0.455078 0.500391 0.454102 0.507422 0.454102 0.509766 0.453125 0.521094 0.452637 0.522266 0.452148 0.525 0.449707 0.527344 0.449219 0.527734 0.44873 0.529687 0.44873 0.532813 0.446777 0.536719 0.446777 0.541016 0.444824 0.546094 0.444824 0.546484 0.444336 0.548438 0.444336 0.553516 0.441895 0.557031 0.436523 0.560937 0.433105 0.5625 0.431152 0.566016 0.429688 0.569922 0.429199 0.570312 0.428711 0.576953 0.428711 0.577344 0.428223 0.587891 0.428223 0.588281 0.428711 0.591406 0.428711 0.59375 0.429688 0.596484 0.431641 0.598867 0.433203 0.602187 0.434375 0.606563 0.434375 0.609531 0.43291 0.611367 0.430811 0.61207 0.42832 0.610352 0.426025 0.607695 0.424414 0.605117 0.422705 0.601562 0.421436 0.597734 0.419971 0.596094 0.41958 0.593633 0.418359 0.591406 0.41748 0.587891 0.416016 0.586719 0.416016 0.585156 0.415039 0.580859 0.414551 0.580469 0.414062 0.575 0.413574 0.573438 0.412598 0.568359 0.412598 0.564844 0.411133 0.560547 0.411133 0.552734 0.40625 0.551953 0.40625 0.549609 0.403809 0.546875 0.402344 0.545703 0.400879 0.544141 0.399902 0.541797 0.399414 0.541406 0.398926 0.539844 0.398926 0.539453 0.398438 0.531641 0.397949 0.53125 0.398438 0.529297 0.398438 0.528906 0.398926 0.525 0.398926 0.524609 0.399414 0.521484 0.399902 0.51875 0.401367 0.517578 0.401367 0.513672 0.403809 0.511719 0.405762 0.510938 0.405762 0.508594 0.407227 0.504297 0.411133 0.502344 0.412109 0.497656 0.417969 0.494141 0.42041 0.486328 0.431152 0.485156 0.435547 0.485156 0.4375 0.484766 0.437988
1 0.555859 0.580078 0.555859 0.586914 0.55625 0.588379 0.561719 0.59668 0.562109 0.59668 0.564453 0.599609 0.566016 0.600586 0.571094 0.605957 0.575781 0.609863 0.579297 0.61377 0.587109 0.617676 0.590625 0.618164 0.592969 0.619141 0.594922 0.619141 0.595313 0.619629 0.606641 0.619629 0.607031 0.619141 0.609375 0.619141 0.611719 0.618164 0.615625 0.618164 0.617188 0.617188 0.621094 0.616699 0.621484 0.616211 0.629297 0.616699 0.629687 0.617188 0.632031 0.617188 0.635547 0.618652 0.640234 0.619141 0.640625 0.619629 0.646484 0.619141 0.648047 0.617676 0.651563 0.615723 0.654687 0.612305 0.65625 0.607422 0.657422 0.605957 0.658984 0.60498 0.662891 0.600098 0.663672 0.597656 0.665234 0.595703 0.668359 0.592773 0.669141 0.592773 0.670703 0.591309 0.672266 0.588379 0.672266 0.587402 0.673438 0.584961 0.673438 0.583496 0.672656 0.583008 0.666406 0.583008 0.665234 0.583496 0.663281 0.585938 0.659766 0.588867 0.658594 0.589355 0.656641 0.591797 0.655078 0.596191 0.653516 0.598145 0.651563 0.599121 0.649609 0.599121 0.646875 0.597168 0.641406 0.589844 0.640625 0.587891 0.639062 0.585938 0.635547 0.583496 0.633594 0.581055 0.631641 0.57666 0.627344 0.573242 0.624609 0.570312 0.615625 0.565918 0.611719 0.56543 0.611328 0.564941 0.607812 0.564941 0.607422 0.564453 0.599609 0.564453 0.599219 0.564941 0.59375 0.564941 0.593359 0.56543 0.589453 0.56543 0.589063 0.565918 0.578906 0.565918 0.578516 0.566406 0.576172 0.566406 0.575781 0.566895 0.573047 0.566895 0.572656 0.567383 0.569531 0.567383 0.569141 0.567871 0.565234 0.568359 0.560547 0.571289 0.558984 0.574219 0.557031 0.57666
1 0.578906 0.502441 0.578906 0.503906 0.578516 0.504395 0.578516 0.514648 0.58125 0.518555 0.582422 0.521973 0.583594 0.523926 0.592187 0.533203 0.600391 0.538574 0.603906 0.54248 0.606641 0.543945 0.609766 0.547363 0.6125 0.54834 0.614062 0.549805 0.614844 0.549805 0.616016 0.550781 0.616797 0.550781 0.617969 0.551758 0.619922 0.552246 0.622266 0.553711 0.623828 0.553711 0.624219 0.554199 0.633203 0.554199 0.633594 0.554688 0.635156 0.554688 0.639453 0.557617 0.642578 0.562012 0.644141 0.562988 0.645703 0.564941 0.646875 0.56543 0.65 0.568359 0.654297 0.570801 0.658594 0.574707 0.659766 0.575195 0.661328 0.577148 0.661719 0.579102 0.662891 0.580566 0.666016 0.58252 0.669141 0.583008 0.673047 0.585938 0.679727 0.587402 0.682422 0.58667 0.683828 0.5854 0.684219 0.582666 0.682305 0.581543 0.678047 0.58042 0.672852 0.575439 0.667227 0.568164 0.6625 0.563965 0.657813 0.561035 0.655859 0.558594 0.654687 0.555664 0.652344 0.551758 0.651563 0.547852 0.65 0.543457 0.648047 0.526367 0.647656 0.525879 0.647656 0.524414 0.647266 0.523926 0.647266 0.522461 0.646484 0.519531 0.645312 0.516602 0.639453 0.508789 0.634766 0.504883 0.63125 0.500488 0.627734 0.498535 0.623437 0.494141 0.619141 0.492188 0.617578 0.492188 0.615625 0.491211 0.613281 0.491211 0.612891 0.490723 0.610156 0.490723 0.609766 0.490234 0.601172 0.490234 0.600781 0.490723 0.598437 0.490723 0.598047 0.491211 0.595313 0.491699 0.594141 0.492676 0.592578 0.493164 0.591016 0.494629 0.588281 0.495605 0.583594 0.498535
1 0.7125 0.412109 0.710938 0.412598 0.709766 0.414062 0.709766 0.418945 0.710156 0.419434 0.710156 0.422363 0.709766 0.42334 0.711719 0.430664 0.711719 0.432129 0.712891 0.435547 0.712891 0.437012 0.714063 0.441406 0.714063 0.443359 0.714453 0.443848 0.714453 0.446777 0.714844 0.447266 0.714844 0.449707 0.715234 0.450195 0.714844 0.456055 0.715234 0.456543 0.715234 0.458984 0.715625 0.459473 0.715625 0.461914 0.716016 0.462402 0.716016 0.467285 0.714453 0.470703 0.714063 0.473633 0.712109 0.478516 0.711328 0.48291 0.708984 0.486328 0.708203 0.489746 0.705078 0.493164 0.704297 0.495117 0.703906 0.498047 0.701953 0.500488 0.700781 0.500977 0.699609 0.502441 0.699609 0.503418 0.698047 0.505859 0.697656 0.508789 0.696484 0.512695 0.696094 0.517578 0.694922 0.521484 0.694922 0.523438 0.694141 0.526367 0.69375 0.534668 0.693359 0.535156 0.693359 0.560547 0.69375 0.561035 0.693359 0.562012 0.693359 0.563965 0.69375 0.564453 0.69375 0.567383 0.694141 0.567871 0.694531 0.571777 0.696094 0.575684 0.696094 0.57666 0.698828 0.581055 0.7 0.583984 0.703516 0.588379 0.704688 0.589355 0.707031 0.589844 0.707422 0.590332 0.710156 0.590332 0.710547 0.589844 0.713281 0.589355 0.717187 0.586914 0.719141 0.584961 0.722266 0.580078 0.723437 0.57666 0.724219 0.575684 0.726953 0.568848 0.727734 0.56543 0.729297 0.5625 0.733203 0.552734 0.733594 0.549805 0.735156 0.544922 0.735547 0.541504 0.736328 0.539551 0.736328 0.538086 0.737109 0.536133 0.737109 0.53418 0.739062 0.52832 0.739062 0.526367 0.740234 0.521973 0.740234 0.514648 0.740625 0.51416 0.740625 0.512695 0.740234 0.512207 0.740234 0.504883 0.739844 0.504395 0.739844 0.502441 0.737109 0.497559 0.735938 0.492188 0.734766 0.489746 0.733594 0.484863 0.732031 0.481445 0.731641 0.478516 0.729688 0.473633 0.729688 0.47168 0.729297 0.471191 0.729297 0.469727 0.728125 0.467285 0.727344 0.460938 0.726953 0.460449 0.726562 0.456543 0.725781 0.454102 0.725391 0.449219 0.724609 0.446777 0.724609 0.444336 0.721875 0.43457 0.721094 0.429199 0.720313 0.427734 0.719922 0.425293 0.716406 0.416992 0.713672 0.413574 0.713672 0.413086
1 0.824609 0.344727 0.824609 0.354492 0.825391 0.356445 0.825391 0.36084 0.827344 0.366211 0.827344 0.369141 0.828516 0.371582 0.828516 0.37793 0.830469 0.382812 0.832031 0.384766 0.832812 0.385254 0.835156 0.385254 0.8375 0.381836 0.839453 0.377441 0.839453 0.375977 0.838281 0.373047 0.838672 0.367676 0.838281 0.365234 0.837578 0.358203 0.838086 0.354248 0.839766 0.351855 0.840742 0.355957 0.842969 0.363281 0.843359 0.366699 0.844141 0.369141 0.847656 0.373047 0.848828 0.375977 0.851953 0.379883 0.852734 0.381836 0.858984 0.38916 0.860156 0.39209 0.861719 0.394043 0.865234 0.396973 0.868359 0.400879 0.871875 0.402344 0.873047 0.402344 0.876172 0.404297 0.878516 0.404297 0.878906 0.404785 0.886719 0.404297 0.887109 0.403809 0.889062 0.403809 0.891016 0.402344 0.895703 0.400391 0.901953 0.393555 0.902734 0.391602 0.902734 0.390137 0.903906 0.3875 0.904727 0.38501 0.904492 0.381543 0.904102 0.373535 0.901055 0.364648 0.898828 0.359863 0.892969 0.354004 0.890234 0.349609 0.880859 0.338379 0.875391 0.334961 0.869141 0.33252 0.866406 0.330566 0.862891 0.329102 0.861328 0.329102 0.860938 0.328613 0.860156 0.329102 0.855859 0.329102 0.855469 0.328613 0.844922 0.328613 0.842578 0.330078 0.8375 0.331055 0.836328 0.332031 0.833594 0.333008 0.830078 0.335938 0.828125 0.336914 0.826562 0.338867
1 0.839844 0.237305 0.839063 0.239746 0.839063 0.244629 0.842187 0.25293 0.843359 0.254395 0.845703 0.260254 0.851562 0.269043 0.853516 0.273438 0.855859 0.276855 0.856641 0.278809 0.858594 0.28125 0.860156 0.28418 0.861328 0.287598 0.866406 0.29541 0.867969 0.299316 0.869922 0.302246 0.871484 0.306152 0.873047 0.308594 0.874219 0.311523 0.874219 0.313965 0.875 0.316406 0.875391 0.320801 0.876172 0.322754 0.876172 0.325684 0.878516 0.331055 0.878516 0.333008 0.879687 0.336914 0.882812 0.342773 0.888672 0.350098 0.888672 0.350586 0.891797 0.354492 0.893359 0.355469 0.9 0.36377 0.902734 0.365723 0.907031 0.371094 0.910547 0.372559 0.911719 0.373535 0.914062 0.374512 0.917188 0.374512 0.917578 0.375 0.924609 0.375 0.925 0.375488 0.928125 0.375488 0.928516 0.375 0.933594 0.375 0.933984 0.374512 0.936328 0.374512 0.942187 0.37207 0.946875 0.368652 0.952344 0.362305 0.955469 0.354492 0.955469 0.34668 0.953906 0.34082 0.951562 0.335449 0.942969 0.324707 0.939453 0.321289 0.933984 0.314453 0.930078 0.311523 0.928516 0.30957 0.922266 0.304688 0.91875 0.30127 0.916797 0.300293 0.912891 0.296875 0.912109 0.296875 0.908594 0.294922 0.907813 0.293945 0.903516 0.291016 0.901172 0.290039 0.9 0.290039 0.899609 0.289551 0.898438 0.289551 0.898047 0.289062 0.896875 0.289062 0.896484 0.288574 0.895312 0.288574 0.894922 0.288086 0.89375 0.288086 0.893359 0.287598 0.883594 0.285645 0.880859 0.28418 0.876953 0.283203 0.871875 0.279785 0.868359 0.276367 0.8625 0.268555 0.859375 0.262695 0.857031 0.256348 0.854688 0.252441 0.851172 0.248535 0.85 0.246094 0.848437 0.244141 0.846484 0.239746 0.842187 0.23584 0.841406 0.23584
1 0.6625 0.196289 0.661328 0.197266 0.660547 0.199219 0.660547 0.202637 0.661328 0.204102 0.662109 0.208984 0.663281 0.212891 0.663281 0.216309 0.663672 0.216797 0.664062 0.222168 0.664453 0.222656 0.664453 0.229492 0.664844 0.22998 0.664844 0.260742 0.665234 0.26123 0.665234 0.264648 0.665625 0.265137 0.666406 0.271973 0.667969 0.277832 0.66875 0.279297 0.669531 0.283203 0.671094 0.287109 0.673047 0.294922 0.676562 0.302246 0.676562 0.303223 0.677344 0.304688 0.677734 0.307129 0.679297 0.310547 0.68125 0.317871 0.682422 0.319824 0.683984 0.324219 0.685937 0.327637 0.686719 0.330078 0.687891 0.331543 0.688672 0.333496 0.693359 0.339355 0.697656 0.342285 0.701172 0.342285 0.701953 0.341797 0.704688 0.337891 0.705469 0.331543 0.705859 0.331055 0.705859 0.32373 0.70625 0.323242 0.705859 0.304199 0.705469 0.303711 0.705078 0.297852 0.703906 0.294922 0.703516 0.291016 0.702344 0.287598 0.701562 0.282715 0.698828 0.27832 0.698438 0.274902 0.697266 0.272949 0.696094 0.27002 0.695703 0.267578 0.694141 0.26416 0.692187 0.26123 0.691406 0.259277 0.688281 0.254883 0.6875 0.252441 0.682813 0.247559 0.679688 0.241211 0.679688 0.240234 0.677734 0.235352 0.677734 0.23291 0.676953 0.22998 0.676172 0.228516 0.676172 0.227051 0.675781 0.226562 0.675781 0.225098 0.674609 0.220703 0.674219 0.216797 0.673047 0.213867 0.671875 0.208008 0.669531 0.202148 0.666797 0.196777 0.666016 0.196289
1 0.791797 0.0292969 0.790625 0.0297852 0.790234 0.0307617 0.789844 0.0356445 0.789453 0.0361328 0.789453 0.0395508 0.789062 0.0400391 0.789453 0.0546875 0.789844 0.0551758 0.789844 0.0688477 0.789453 0.0693359 0.789453 0.0732422 0.789062 0.0737305 0.789062 0.0761719 0.788281 0.0786133 0.788281 0.0805664 0.787891 0.0810547 0.787891 0.0825195 0.786328 0.0883789 0.785156 0.0913086 0.781641 0.0952148 0.780078 0.0986328 0.778125 0.101074 0.775 0.103027 0.773828 0.105469 0.771875 0.10791 0.768359 0.110352 0.766797 0.112305 0.766406 0.11377 0.761328 0.119629 0.758594 0.124023 0.757422 0.126465 0.755859 0.132812 0.753125 0.139648 0.751172 0.143066 0.750781 0.145996 0.749219 0.149902 0.749219 0.151855 0.748437 0.154297 0.748047 0.161621 0.747656 0.162109 0.747266 0.177734 0.747656 0.178223 0.747656 0.181641 0.748047 0.182129 0.748437 0.187012 0.751172 0.197266 0.752734 0.201172 0.753516 0.202148 0.755078 0.206543 0.758203 0.212402 0.759766 0.214355 0.766797 0.217285 0.771484 0.216797 0.773828 0.215332 0.777344 0.211426 0.778125 0.209473 0.780078 0.206543 0.78125 0.202148 0.784375 0.196289 0.784766 0.194336 0.785547 0.192871 0.788281 0.189941 0.788281 0.186523 0.789453 0.183594 0.789453 0.182617 0.790625 0.180664 0.791016 0.178711 0.793359 0.173828 0.793359 0.17041 0.79375 0.169434 0.798438 0.162598 0.799219 0.160156 0.8 0.15918 0.8 0.154297 0.801562 0.149414 0.801562 0.146973 0.801953 0.146484 0.801953 0.142578 0.801562 0.14209 0.801562 0.140625 0.800781 0.13916 0.800781 0.137207 0.801172 0.136719 0.800781 0.125488 0.8 0.123047 0.8 0.119629 0.799609 0.119141 0.799609 0.115723 0.799219 0.115234 0.799219 0.0981445 0.799609 0.0976562 0.8 0.0888672 0.800391 0.0883789 0.800391 0.0678711 0.8 0.0673828 0.8 0.0629883 0.799609 0.0625 0.799219 0.0507812 0.798828 0.050293 0.798828 0.046875 0.798438 0.0463867 0.798047 0.0405273 0.797656 0.0400391 0.797656 0.0385742 0.795703 0.0322266 0.794531 0.0307617
1 0.386719 0.305664 0.386719 0.29834 0.385156 0.29541 0.383984 0.291992 0.380859 0.287109 0.372656 0.280762 0.370312 0.279785 0.369141 0.279785 0.36875 0.279297 0.367578 0.279297 0.366016 0.27832 0.361719 0.277344 0.357812 0.275391 0.354297 0.274902 0.353906 0.274414 0.351172 0.274414 0.350781 0.273926 0.3375 0.273926 0.337109 0.274414 0.335547 0.274414 0.335156 0.274902 0.330859 0.275879 0.329297 0.276855 0.326562 0.280273 0.325 0.28125 0.322656 0.283691 0.318359 0.289551 0.317578 0.290039 0.316016 0.290039 0.315625 0.290527 0.312109 0.290527 0.311719 0.291016 0.309375 0.291016 0.308984 0.290527 0.301563 0.290527 0.301172 0.290039 0.298828 0.290039 0.298438 0.289551 0.295312 0.289551 0.294922 0.289062 0.287109 0.288086 0.285156 0.287109 0.28125 0.286621 0.279297 0.285645 0.274219 0.284668 0.268359 0.282227 0.264062 0.28125 0.260547 0.279297 0.257031 0.279297 0.25625 0.279785 0.255859 0.28125 0.255859 0.283691 0.257031 0.286133 0.258594 0.288086 0.260156 0.289062 0.260937 0.289062 0.263672 0.291016 0.266016 0.291992 0.267188 0.291992 0.274219 0.294922 0.278516 0.295898 0.287109 0.299805 0.288281 0.299805 0.288672 0.300293 0.289844 0.300293 0.293359 0.301758 0.301172 0.306641 0.301953 0.307617 0.304297 0.308594 0.306641 0.310547 0.311328 0.3125 0.314063 0.315918 0.31875 0.318848 0.321094 0.319824 0.322266 0.319824 0.322656 0.320312 0.325391 0.320312 0.325781 0.320801 0.327344 0.320801 0.327734 0.321289 0.33125 0.321777 0.331641 0.322266 0.341797 0.322754 0.344922 0.324707 0.349219 0.325195 0.352734 0.32666 0.355078 0.32666 0.355469 0.327148 0.3625 0.327148 0.362891 0.32666 0.365234 0.32666 0.367578 0.325195 0.370703 0.324219 0.373828 0.322266 0.376563 0.318848 0.380859 0.31543 0.383984 0.311523 0.384766 0.30957 0.385937 0.308105
1 0.4625 0.168945 0.460156 0.167969 0.455859 0.168457 0.453516 0.169922 0.452734 0.169922 0.449609 0.172363 0.446875 0.173828 0.442578 0.178711 0.439453 0.181152 0.436719 0.184082 0.434375 0.186035 0.430469 0.187988 0.428125 0.189941 0.425 0.193848 0.421875 0.196289 0.420312 0.19873 0.418359 0.203613 0.417578 0.208496 0.417187 0.208984 0.417187 0.210938 0.416797 0.211426 0.416406 0.225586 0.416797 0.226074 0.417187 0.231445 0.417578 0.231934 0.417578 0.233398 0.41875 0.237793 0.419141 0.242188 0.419922 0.244629 0.419922 0.24707 0.420312 0.247559 0.420312 0.254883 0.419141 0.259277 0.41875 0.263672 0.416797 0.268066 0.416406 0.271484 0.415234 0.274414 0.414844 0.279785 0.414062 0.281738 0.414062 0.291504 0.414453 0.291992 0.414453 0.305176 0.414062 0.305664 0.414062 0.307129 0.414453 0.307617 0.414453 0.310547 0.415625 0.3125 0.419141 0.3125 0.419922 0.312012 0.421094 0.310547 0.422656 0.306641 0.423828 0.302246 0.423828 0.300781 0.424609 0.298828 0.425 0.29248 0.425391 0.291992 0.425391 0.290039 0.426563 0.286133 0.426563 0.284668 0.429297 0.276855 0.429297 0.275879 0.433203 0.266113 0.435937 0.262207 0.437891 0.258301 0.439844 0.256348 0.444922 0.25293 0.445703 0.25293 0.449219 0.250977 0.451562 0.250488 0.453516 0.249023 0.455859 0.245605 0.458594 0.239258 0.460547 0.228027 0.461719 0.225586 0.4625 0.222168 0.465234 0.21582 0.466016 0.212891 0.466016 0.211426 0.466797 0.209473 0.467187 0.200684 0.467578 0.200195 0.467578 0.197266 0.467969 0.196777 0.467969 0.194824 0.46875 0.192383 0.46875 0.189453 0.469141 0.188965 0.469141 0.180664 0.468359 0.177734 0.465234 0.171875
1 0.00546875 0.312012 0.0046875 0.3125 0.00195312 0.316406 0 0.316895 0 0.36377 0.00117187 0.36377 0.00195312 0.364746 0.00507813 0.373047 0.00859375 0.379883 0.009375 0.382324 0.0132812 0.38916 0.0167969 0.393555 0.0207031 0.397461 0.0257812 0.400391 0.0269531 0.400391 0.0273438 0.400879 0.0320312 0.400879 0.0324219 0.400391 0.0335937 0.400391 0.0375 0.396484 0.0382813 0.393555 0.0402344 0.38916 0.0402344 0.387695 0.0410156 0.385254 0.0414062 0.380371 0.0417969 0.379883 0.0417969 0.370605 0.0421875 0.370117 0.0421875 0.368652 0.0417969 0.368164 0.0414062 0.362793 0.0410156 0.362305 0.0410156 0.36084 0.0394531 0.35498 0.0371094 0.349121 0.0332031 0.34375 0.0308594 0.339844 0.0296875 0.336914 0.0246094 0.331055 0.0226562 0.327148 0.0164063 0.320312 0.0144531 0.315918 0.00976562 0.311523
1 0.147266 0.127441 0.145313 0.124023 0.139453 0.117188 0.1375 0.116211 0.135156 0.11377 0.132031 0.111816 0.128125 0.11084 0.127734 0.110352 0.125 0.110352 0.124609 0.109863 0.121875 0.109863 0.121484 0.109375 0.110547 0.109375 0.106641 0.111328 0.103906 0.111816 0.102344 0.112793 0.101172 0.112793 0.0953125 0.115234 0.0929688 0.117676 0.0878906 0.121582 0.0839844 0.126465 0.0804688 0.132324 0.0800781 0.133789 0.0792969 0.134766 0.0792969 0.135742 0.0785156 0.137207 0.0777344 0.141113 0.0769531 0.142578 0.0757812 0.146973 0.0757812 0.148438 0.075 0.150879 0.075 0.152832 0.0746094 0.15332 0.0746094 0.154785 0.0738281 0.157715 0.0683594 0.165039 0.0648438 0.16748 0.0589844 0.175293 0.0566406 0.176758 0.0539063 0.180176 0.0519531 0.181641 0.0519531 0.182129 0.0496094 0.185059 0.0492187 0.185059 0.0472656 0.187988 0.0441406 0.189941 0.0441406 0.19043 0.0375 0.19873 0.0355469 0.203613 0.0355469 0.206543 0.0363281 0.208496 0.0371094 0.208984 0.0414062 0.208496 0.0453125 0.206543 0.05 0.202148 0.0523438 0.201172 0.0539063 0.199219 0.0574219 0.196777 0.0578125 0.195801 0.0597656 0.194336 0.0632812 0.189941 0.065625 0.187988 0.0722656 0.185059 0.0738281 0.185059 0.0761719 0.184082 0.0773438 0.18457 0.084375 0.18457 0.0847656 0.184082 0.0875 0.184082 0.0878906 0.18457 0.0925781 0.18457 0.0953125 0.186035 0.106641 0.186035 0.107031 0.185547 0.1125 0.185547 0.112891 0.185059 0.114453 0.185059 0.114844 0.18457 0.119141 0.183594 0.125391 0.180176 0.127734 0.177734 0.129297 0.176758 0.138672 0.164551 0.144141 0.154297 0.145703 0.149414 0.147266 0.146973 0.148047 0.143555 0.15 0.13916 0.15 0.133789 0.149219 0.132812
1 0.184734 0.008125 0.175207 0.0194238 0.172973 0.0252539 0.171223 0.0310889 0.169668 0.0366748 0.168211 0.0421436 0.168211 0.0489453 0.168695 0.0528369 0.16957 0.0576953 0.171613 0.060249 0.175113 0.0609766 0.177641 0.0608545 0.183277 0.0572119 0.189594 0.0480957 0.194066 0.0415381 0.198051 0.0330322 0.200871 0.0270801 0.201648 0.0216113 0.20184 0.0135889 0.20184 0.00629883 0.20184 0.000224609 0.201773 0 0.190605 -0 0.189789 0.0015625 0.188332 0.00496582 0.186777 0.00666504
1 0.132777 0 0.134379 0.00547363 0.135082 0.0136963 0.135082 0.018418 0.132562 0.0245459 0.128922 0.0317187 0.124863 0.0390674 0.121082 0.046416 0.117023 0.0535889 0.112266 0.063208 0.108766 0.0714307 0.106527 0.0784326 0.106105 0.0854297 0.105406 0.0915527 0.106668 0.0955762 0.111426 0.0969775 0.114926 0.0934766 0.122063 0.0854297 0.125984 0.0768555 0.129621 0.0646094 0.135082 0.0534131 0.140398 0.0446631 0.147117 0.0413379 0.158176 0.0402881 0.165875 0.0364404 0.172453 0.0325928 0.177211 0.0264697 0.179449 0.0191211 0.180289 0.0107227 0.182391 0.00547363 0.184488 0.00197266 0.185438 0
1 0.0873516 0.0749316 0.0834336 0.0712598 0.0789531 0.0705566 0.0757344 0.0721338 0.0740547 0.0768555 0.0743359 0.0819287 0.0781133 0.0856055 0.0853906 0.0917285 0.0972891 0.0994287 0.105688 0.10415 0.112688 0.108174 0.118703 0.109922 0.126543 0.110625 0.13648 0.110098 0.145297 0.107124 0.153836 0.104678 0.158734 0.100303 0.163914 0.0927783 0.170492 0.0838574 0.17273 0.0779053 0.172871 0.0717822 0.173434 0.0653076 0.174734 0.0600977 0.177758 0.0537988 0.180277 0.0462402 0.180781 0.0319629 0.180781 0.0319629 0.183301 0.0212549 0.181621 0.0109668 0.177758 0.00739746 0.173223 0.015166 0.167176 0.0256641 0.160289 0.0294434 0.149203 0.0309131 0.141309 0.0332227 0.134422 0.0393115 0.127871 0.0454004 0.120984 0.052959 0.116785 0.0588379 0.112586 0.0657666 0.106879 0.0724805 0.10352 0.07521 0.0991523 0.0773096 0.0962969 0.0781494 0.0924336 0.0787793 0.0897461 0.0768896
2 0.0179687 0.834961 0.0148437 0.834473 0.0078125 0.831543 0 0.831055 0 0.874512 0.00234375 0.874512 0.00390625 0.873535 0.00625 0.873047 0.00820313 0.871094 0.0101563 0.870117 0.0148437 0.865723 0.0195312 0.859375 0.0226562 0.851074 0.0226562 0.849609 0.0230469 0.849121 0.0226562 0.848145 0.0226562 0.845215 0.0234375 0.843262 0.0234375 0.841309 0.0203125 0.836914
2 0.337109 0.710938 0.336719 0.711426 0.333984 0.711914 0.331641 0.713379 0.327344 0.717773 0.322266 0.725098 0.31875 0.731934 0.318359 0.733887 0.316406 0.73877 0.316016 0.741211 0.311719 0.752441 0.310937 0.756348 0.309375 0.759766 0.309375 0.76123 0.308203 0.764648 0.307812 0.770508 0.305078 0.776855 0.305078 0.77832 0.304297 0.780762 0.304688 0.789551 0.305078 0.790039 0.305469 0.794434 0.307031 0.799316 0.313281 0.810547 0.315625 0.812012 0.31875 0.814941 0.327344 0.820801 0.330859 0.824219 0.335547 0.831055 0.336719 0.833496 0.3375 0.837402 0.340625 0.844238 0.341016 0.84668 0.342187 0.849121 0.342187 0.850098 0.344531 0.856445 0.344922 0.858887 0.347656 0.865234 0.348828 0.870117 0.353516 0.876465 0.357031 0.876953 0.357422 0.876465 0.357422 0.869629 0.355859 0.866211 0.354687 0.86084 0.353516 0.858398 0.353125 0.854004 0.352734 0.853516 0.352344 0.849121 0.351953 0.848633 0.351953 0.843262 0.352344 0.842773 0.352344 0.839844 0.352734 0.839355 0.352734 0.835938 0.353125 0.835449 0.353125 0.833008 0.354297 0.830566 0.354297 0.825195 0.355078 0.823242 0.354687 0.815918 0.354297 0.814941 0.355469 0.811035 0.35625 0.79834 0.357031 0.795898 0.357031 0.788086 0.35625 0.785156 0.355859 0.773926 0.355078 0.770996 0.355469 0.77002 0.355469 0.76709 0.354687 0.765137 0.354687 0.754883 0.354297 0.754395 0.353906 0.751465 0.350781 0.743164 0.35 0.736816 0.349609 0.736328 0.349609 0.734375 0.349219 0.733887 0.349219 0.730957 0.348828 0.730469 0.348828 0.725586 0.348438 0.725098 0.348438 0.723145 0.348047 0.722656 0.348047 0.721191 0.347266 0.718262 0.345703 0.714844 0.343359 0.712402 0.341797 0.711426
2 0.3375 0.733887 0.336328 0.736328 0.336719 0.738281 0.339453 0.744629 0.343359 0.749512 0.344531 0.752441 0.344531 0.753418 0.345313 0.754395 0.345703 0.755859 0.347266 0.757812 0.349219 0.762695 0.35 0.763672 0.350391 0.766602 0.353125 0.776367 0.353125 0.778809 0.353516 0.779297 0.353516 0.787598 0.355078 0.791504 0.355078 0.792969 0.354687 0.793457 0.354687 0.796875 0.355078 0.79834 0.353906 0.802734 0.354297 0.806641 0.353516 0.80957 0.353516 0.812012 0.353906 0.8125 0.353906 0.814453 0.354297 0.814941 0.354297 0.816895 0.354687 0.817383 0.355469 0.822266 0.358203 0.825684 0.358984 0.827637 0.3625 0.831055 0.365234 0.834473 0.374609 0.841309 0.376172 0.844238 0.380469 0.849609 0.381641 0.851562 0.382422 0.854004 0.383594 0.855469 0.387891 0.85791 0.389062 0.85791 0.390625 0.856934 0.392188 0.854492 0.392578 0.853027 0.392578 0.851074 0.393359 0.848145 0.393359 0.845703 0.394922 0.84082 0.395313 0.837402 0.396484 0.834961 0.396875 0.831055 0.397266 0.830566 0.397266 0.827637 0.397656 0.827148 0.397656 0.816895 0.397266 0.816406 0.397266 0.813965 0.396484 0.812012 0.396484 0.810547 0.395703 0.807617 0.39375 0.803223 0.393359 0.80127 0.390625 0.796387 0.388672 0.791016 0.385937 0.787598 0.382031 0.780762 0.380469 0.778809 0.378906 0.777832 0.376563 0.775391 0.373437 0.770996 0.370703 0.769043 0.368359 0.766602 0.367188 0.766113 0.364844 0.763184 0.363672 0.762695 0.361328 0.760254 0.355078 0.751953 0.353516 0.748535 0.351562 0.745605 0.349219 0.737793 0.346484 0.733887 0.345313 0.73291 0.342969 0.73291 0.342578 0.732422 0.340625 0.732422
2 0.607812 0.741699 0.605469 0.738281 0.604688 0.736328 0.603125 0.734863 0.599219 0.729492 0.596094 0.727539 0.593359 0.727539 0.592969 0.728027 0.589844 0.728516 0.588672 0.729492 0.583984 0.731445 0.58125 0.733398 0.580469 0.733398 0.578516 0.734863 0.577734 0.734863 0.576172 0.736328 0.571875 0.73877 0.565625 0.746094 0.563672 0.747559 0.559375 0.755371 0.558984 0.757324 0.557813 0.759766 0.555859 0.761719 0.555859 0.762207 0.550781 0.769043 0.55 0.770996 0.55 0.778809 0.548047 0.783203 0.547656 0.786133 0.546094 0.789551 0.542969 0.792969 0.541016 0.793945 0.5375 0.797363 0.532422 0.798828 0.528125 0.802734 0.525 0.803711 0.519922 0.806641 0.517578 0.807129 0.514844 0.80957 0.512109 0.812988 0.510156 0.813965 0.508594 0.816406 0.507031 0.817871 0.506641 0.818848 0.506641 0.822266 0.508984 0.823242 0.516406 0.822754 0.516797 0.823242 0.521484 0.82373 0.523438 0.822266 0.527344 0.816406 0.531641 0.813477 0.536719 0.812988 0.539844 0.811523 0.542969 0.811523 0.543359 0.811035 0.546484 0.811035 0.546875 0.810547 0.555469 0.810547 0.555859 0.810059 0.560547 0.810547 0.560937 0.810059 0.566797 0.80957 0.567187 0.809082 0.56875 0.809082 0.570312 0.808105 0.573047 0.807617 0.578516 0.804199 0.579297 0.804199 0.584375 0.800781 0.588281 0.796387 0.589844 0.79541 0.593359 0.791016 0.596484 0.785645 0.601172 0.780273 0.602344 0.777344 0.603516 0.775879 0.605469 0.770996 0.605469 0.77002 0.607812 0.763672 0.608203 0.759766 0.608984 0.757324 0.609375 0.747559
2 0.529687 0.686523 0.525 0.687012 0.522656 0.688477 0.521875 0.688477 0.516797 0.691895 0.513281 0.696289 0.511719 0.700195 0.511719 0.701172 0.509766 0.70459 0.509375 0.708008 0.507812 0.712891 0.507812 0.714355 0.507031 0.717285 0.505469 0.720215 0.504687 0.723145 0.504687 0.725098 0.504297 0.725586 0.504687 0.733398 0.505859 0.736816 0.505859 0.73877 0.507031 0.742676 0.507812 0.748535 0.510938 0.756836 0.514062 0.762695 0.516016 0.765137 0.51875 0.76709 0.523438 0.771973 0.525391 0.777832 0.525391 0.780762 0.524609 0.782715 0.524219 0.786621 0.522656 0.791016 0.522656 0.792969 0.521094 0.798828 0.520703 0.803223 0.517578 0.809082 0.516797 0.811523 0.516797 0.820312 0.517188 0.820801 0.517188 0.822754 0.520703 0.830078 0.521875 0.830078 0.526172 0.822754 0.526563 0.820312 0.528516 0.814941 0.528516 0.813477 0.529297 0.811035 0.529687 0.806152 0.530469 0.803711 0.533594 0.798828 0.538672 0.794922 0.542578 0.786133 0.544141 0.780273 0.546484 0.774414 0.546875 0.770508 0.547266 0.77002 0.547656 0.763184 0.549609 0.758789 0.55 0.756348 0.551172 0.753418 0.553125 0.750488 0.553906 0.748535 0.553906 0.745605 0.554297 0.745117 0.554297 0.736328 0.553906 0.73584 0.553906 0.73291 0.552344 0.727539 0.552344 0.726074 0.550781 0.720215 0.548047 0.713867 0.548047 0.712891 0.547266 0.711914 0.545703 0.708008 0.544922 0.70459 0.542188 0.697754 0.5375 0.691406 0.535937 0.69043 0.534375 0.688477
2 0.710547 0.723633 0.710547 0.725586 0.7125 0.731445 0.715625 0.737305 0.719141 0.742676 0.719922 0.744629 0.723828 0.75 0.726172 0.754395 0.728125 0.759766 0.730469 0.763184 0.734766 0.771484 0.747656 0.788086 0.748828 0.788574 0.751563 0.791016 0.757031 0.793945 0.759375 0.795898 0.760156 0.795898 0.765234 0.799316 0.767578 0.800293 0.769531 0.800293 0.769922 0.800781 0.774219 0.80127 0.774609 0.801758 0.777734 0.801758 0.778125 0.802246 0.779687 0.802246 0.78125 0.803223 0.782422 0.803223 0.782813 0.803711 0.783984 0.803711 0.7875 0.805176 0.790234 0.805176 0.790625 0.805664 0.797266 0.805664 0.797656 0.806152 0.803125 0.806641 0.805469 0.807617 0.809766 0.808105 0.815625 0.810547 0.820312 0.811035 0.820703 0.811523 0.825781 0.811523 0.826172 0.812012 0.827734 0.812012 0.828125 0.811523 0.845313 0.811523 0.845703 0.812012 0.850781 0.812012 0.851172 0.811523 0.853125 0.811523 0.854688 0.810059 0.854688 0.806641 0.850391 0.802246 0.847266 0.800781 0.843359 0.800293 0.842969 0.799805 0.840625 0.799805 0.840234 0.799316 0.830859 0.799316 0.830469 0.798828 0.825781 0.798828 0.825391 0.79834 0.823828 0.79834 0.823438 0.797852 0.821875 0.797852 0.820312 0.796875 0.819141 0.796875 0.813281 0.793457 0.805078 0.785156 0.803906 0.782715 0.800391 0.77832 0.799219 0.775879 0.797656 0.773926 0.794531 0.766602 0.794141 0.766602 0.791016 0.762207 0.787891 0.756348 0.784375 0.751953 0.782422 0.750488 0.780078 0.74707 0.777344 0.745117 0.776172 0.743652 0.772656 0.741699 0.770703 0.739746 0.769531 0.739258 0.764453 0.733887 0.757031 0.727051 0.751563 0.723633 0.748047 0.722168 0.745313 0.722168 0.744922 0.72168 0.737891 0.72168 0.7375 0.721191 0.735547 0.721191 0.735156 0.72168 0.7125 0.721191 0.711719 0.72168
2 0.0832031 0.611328 0.0828125 0.616211 0.0835937 0.619141 0.0871094 0.624023 0.0894531 0.625488 0.0929688 0.629883 0.0957031 0.634766 0.1 0.640137 0.100391 0.641602 0.104297 0.646484 0.110156 0.651367 0.1125 0.652344 0.113672 0.652344 0.114062 0.652832 0.115234 0.652832 0.115625 0.65332 0.121875 0.653809 0.122266 0.654297 0.139453 0.654297 0.139844 0.653809 0.144531 0.653809 0.144922 0.65332 0.15 0.652832 0.150391 0.652344 0.154297 0.651855 0.1625 0.648438 0.165234 0.646484 0.16875 0.64502 0.169922 0.64502 0.171484 0.644043 0.172656 0.644043 0.174219 0.643066 0.180469 0.64209 0.181641 0.641602 0.182812 0.640137 0.182812 0.634277 0.179688 0.629883 0.177344 0.628418 0.176172 0.628418 0.174609 0.627441 0.170703 0.626953 0.170313 0.626465 0.166016 0.625488 0.159766 0.620605 0.157812 0.618652 0.154297 0.61377 0.146094 0.608398 0.141406 0.606445 0.137891 0.604004 0.136719 0.604004 0.134766 0.603027 0.130859 0.602539 0.130469 0.602051 0.127734 0.602051 0.127344 0.601562 0.121094 0.601562 0.120703 0.601074 0.116797 0.601074 0.116406 0.600586 0.112891 0.600586 0.1125 0.600098 0.107813 0.600098 0.107422 0.599609 0.103516 0.599609 0.103125 0.599121 0.0996094 0.599121 0.0992187 0.598633 0.0949219 0.598633 0.0945312 0.599121 0.0914062 0.599609 0.0871094 0.602051 0.0859375 0.603516 0.0855469 0.60498 0.0839844 0.607422 0.0839844 0.608887
2 0.1 0.186523 0.0960938 0.186523 0.0949219 0.187012 0.0921875 0.189941 0.0902344 0.193359 0.0890625 0.196777 0.0863281 0.201172 0.0855469 0.203613 0.0789062 0.213379 0.0773438 0.216797 0.0773438 0.217773 0.0761719 0.220215 0.075 0.224609 0.0746094 0.228516 0.0738281 0.230957 0.0738281 0.233398 0.0734375 0.233887 0.0730469 0.237305 0.0714844 0.243164 0.0714844 0.246582 0.0710937 0.24707 0.0710937 0.254395 0.0707031 0.254883 0.0707031 0.275391 0.0710937 0.275879 0.0714844 0.280273 0.0738281 0.286133 0.0773438 0.291504 0.0792969 0.293457 0.0816406 0.294922 0.0824219 0.294922 0.0835937 0.295898 0.0863281 0.296387 0.0867187 0.296875 0.0902344 0.296875 0.090625 0.296387 0.0917969 0.296387 0.0953125 0.291992 0.0984375 0.283203 0.103125 0.263672 0.10625 0.255371 0.107813 0.249512 0.107813 0.248047 0.108203 0.247559 0.108203 0.244629 0.108594 0.244141 0.108594 0.231445 0.108203 0.230957 0.108203 0.227539 0.107813 0.227051 0.107422 0.222168 0.107031 0.22168 0.107031 0.219727 0.10625 0.217773 0.10625 0.214844 0.105859 0.214355 0.105859 0.201172 0.10625 0.200684 0.105859 0.199707 0.105859 0.191406 0.105078 0.188965 0.104297 0.187988 0.102344 0.187012 0.100391 0.187012
2 0.383203 0.0366211 0.380469 0.0410156 0.377344 0.0488281 0.376172 0.0556641 0.375781 0.0561523 0.375781 0.0576172 0.375391 0.0581055 0.375391 0.0600586 0.373437 0.065918 0.373047 0.0708008 0.372656 0.0712891 0.373437 0.0786133 0.376953 0.0893555 0.380078 0.0947266 0.384375 0.100098 0.392969 0.105957 0.39375 0.105957 0.396484 0.10791 0.401953 0.109863 0.405469 0.112305 0.408203 0.115234 0.409375 0.115723 0.411328 0.117676 0.415625 0.123047 0.416016 0.123047 0.421094 0.129395 0.422656 0.132324 0.425781 0.13623 0.428125 0.137695 0.430469 0.137695 0.431641 0.137207 0.432422 0.13623 0.432422 0.131836 0.432031 0.131348 0.43125 0.126465 0.428125 0.118164 0.425781 0.115234 0.424219 0.111328 0.421484 0.106934 0.419922 0.102051 0.41875 0.100586 0.417578 0.0976562 0.417578 0.0966797 0.414844 0.0908203 0.414844 0.0883789 0.414453 0.0878906 0.414453 0.0864258 0.414062 0.0859375 0.414062 0.0844727 0.412891 0.0800781 0.410938 0.0756836 0.410156 0.0722656 0.408984 0.0703125 0.405078 0.0605469 0.401172 0.0537109 0.398438 0.050293 0.396875 0.046875 0.394141 0.043457 0.393359 0.0415039 0.389453 0.0366211 0.388672 0.0361328 0.386719 0.0361328 0.386328 0.0356445 0.384766 0.0356445
2 0.404297 0.135742 0.401953 0.135254 0.401562 0.134766 0.392578 0.135254 0.389062 0.136719 0.383203 0.137695 0.377344 0.140137 0.373828 0.142578 0.372266 0.144531 0.370312 0.145996 0.366406 0.150879 0.360938 0.159668 0.359375 0.163574 0.357812 0.166016 0.357812 0.166992 0.355469 0.172363 0.355469 0.17334 0.352734 0.179199 0.351953 0.184082 0.351562 0.18457 0.351172 0.188965 0.35 0.193359 0.35 0.207031 0.349609 0.20752 0.349219 0.217773 0.348828 0.218262 0.348828 0.220215 0.348047 0.22168 0.346484 0.227539 0.346484 0.23291 0.345313 0.23584 0.344922 0.245605 0.346094 0.249023 0.346094 0.251465 0.35 0.259277 0.352734 0.262695 0.354687 0.263672 0.356641 0.266113 0.358203 0.26709 0.361328 0.26709 0.363672 0.268066 0.365625 0.268066 0.366797 0.263672 0.366797 0.259277 0.366016 0.257324 0.361328 0.250977 0.359766 0.247559 0.359766 0.244141 0.362109 0.236816 0.362891 0.23584 0.367188 0.23291 0.368359 0.231445 0.373437 0.228516 0.374219 0.227539 0.380078 0.225098 0.384766 0.22168 0.385547 0.22168 0.390234 0.218262 0.393359 0.213867 0.394141 0.211426 0.396484 0.208008 0.398047 0.204102 0.398047 0.203125 0.400781 0.197266 0.400781 0.196289 0.403125 0.189941 0.403516 0.1875 0.404687 0.185059 0.407813 0.171387 0.408984 0.168945 0.409766 0.165039 0.411328 0.161621 0.411719 0.15918 0.4125 0.157715 0.413672 0.15332 0.413672 0.147949 0.4125 0.144043 0.407813 0.138184
2 0.281758 0.0622559 0.275781 0.0673828 0.274219 0.0693359 0.271875 0.0737305 0.271875 0.0751953 0.269922 0.0795898 0.26875 0.0839844 0.26875 0.0854492 0.267969 0.0874023 0.267969 0.0932617 0.267578 0.09375 0.267188 0.115723 0.266797 0.116211 0.266797 0.118652 0.266406 0.119141 0.266016 0.123047 0.264062 0.129395 0.264062 0.131348 0.263281 0.134277 0.263281 0.143066 0.264062 0.145996 0.265625 0.149414 0.266016 0.151855 0.26875 0.158691 0.270703 0.166992 0.273047 0.172363 0.273438 0.174316 0.274609 0.17627 0.282031 0.183594 0.292578 0.189941 0.293359 0.189941 0.298047 0.193359 0.299219 0.193848 0.303906 0.193848 0.308203 0.191895 0.309375 0.190918 0.310156 0.189453 0.310547 0.179688 0.310937 0.179199 0.310937 0.175293 0.311328 0.174805 0.311328 0.17334 0.310937 0.172852 0.310937 0.169922 0.310547 0.169434 0.310547 0.164062 0.310156 0.163574 0.309766 0.158203 0.310391 0.154492 0.309688 0.151172 0.308594 0.148193 0.307578 0.144189 0.306797 0.141211 0.306289 0.138232 0.306094 0.134912 0.305781 0.132471 0.304922 0.129639 0.30332 0.126709 0.300781 0.121289 0.298516 0.118066 0.296406 0.116309 0.291406 0.11377 0.285156 0.106445 0.282813 0.100586 0.282422 0.0952148 0.280859 0.0913086 0.281641 0.0883789 0.281641 0.0830078 0.282422 0.0805664 0.283203 0.0795898 0.283203 0.0771484 0.283594 0.0761719 0.285938 0.0732422 0.286328 0.0732422 0.289844 0.0683594 0.292031 0.0678223 0.292891 0.0662109 0.291875 0.063916 0.288945 0.0614746 0.285703 0.0612793
2 0.288281 0.0688477 0.288281 0.0766602 0.289844 0.0795898 0.291797 0.0810547 0.299609 0.0898438 0.301172 0.0922852 0.303906 0.0986328 0.304688 0.103516 0.305078 0.104004 0.305078 0.105957 0.305469 0.106445 0.305469 0.112793 0.305859 0.113281 0.305859 0.125 0.305469 0.125488 0.305469 0.129883 0.305859 0.130371 0.30625 0.138184 0.307422 0.142578 0.307812 0.146484 0.308594 0.147949 0.309766 0.15332 0.310547 0.154785 0.310547 0.15625 0.314063 0.166992 0.316406 0.170898 0.317188 0.17334 0.321875 0.179199 0.323437 0.180176 0.325 0.182129 0.328125 0.184082 0.330078 0.186035 0.337109 0.19043 0.340625 0.191895 0.341797 0.191895 0.342187 0.192383 0.34375 0.192383 0.344141 0.192871 0.346875 0.192871 0.350391 0.191406 0.352344 0.188965 0.352734 0.186523 0.355469 0.181152 0.355469 0.179688 0.35625 0.176758 0.357422 0.174316 0.357422 0.169434 0.358203 0.166992 0.358203 0.15625 0.357812 0.155762 0.357031 0.149414 0.355859 0.145996 0.355469 0.142578 0.353516 0.138184 0.352734 0.134277 0.351953 0.133301 0.350391 0.128906 0.348828 0.125977 0.346094 0.12207 0.342578 0.11377 0.342578 0.112793 0.341406 0.109863 0.339062 0.105957 0.337891 0.103027 0.335938 0.100098 0.335156 0.0976562 0.333984 0.0957031 0.325781 0.0883789 0.318359 0.0844727 0.317578 0.0834961 0.314453 0.081543 0.311719 0.0786133 0.308984 0.0771484 0.308203 0.0761719 0.305859 0.074707 0.305078 0.074707 0.302734 0.0727539 0.296875 0.0703125 0.294922 0.0678711 0.29375 0.0673828 0.289844 0.0673828
2 0.682422 0.180664 0.680859 0.178711 0.678516 0.178223 0.678125 0.177734 0.673828 0.178223 0.670312 0.180176 0.665625 0.180664 0.660937 0.182617 0.658984 0.182617 0.655078 0.18457 0.649219 0.185059 0.647266 0.186035 0.642188 0.186523 0.639844 0.1875 0.632422 0.188477 0.632031 0.188965 0.627734 0.188965 0.623047 0.186035 0.619922 0.185547 0.619531 0.185059 0.618359 0.185059 0.614844 0.183594 0.611719 0.183594 0.608203 0.181641 0.605469 0.181641 0.605078 0.181152 0.589844 0.181641 0.589453 0.182129 0.586328 0.182617 0.583203 0.18457 0.582031 0.186035 0.579297 0.187988 0.575781 0.193848 0.572266 0.196289 0.56875 0.200195 0.564063 0.202637 0.557422 0.210449 0.555859 0.216309 0.555859 0.224609 0.55625 0.225098 0.55625 0.226562 0.557031 0.229004 0.559375 0.231934 0.559375 0.232422 0.563672 0.236816 0.566016 0.238281 0.566797 0.238281 0.570703 0.241211 0.573438 0.242188 0.575 0.243652 0.580078 0.246582 0.58125 0.246582 0.584766 0.248047 0.587109 0.248047 0.5875 0.248535 0.593359 0.248535 0.59375 0.248047 0.598828 0.24707 0.610938 0.241699 0.614844 0.240723 0.618359 0.238281 0.623047 0.236328 0.629297 0.229004 0.629297 0.228516 0.631641 0.225586 0.633594 0.221191 0.638281 0.215332 0.638672 0.215332 0.642578 0.210449 0.647266 0.205566 0.647266 0.205078 0.65 0.20166 0.652344 0.199707 0.656641 0.197266 0.657422 0.197266 0.660156 0.195312 0.662109 0.194824 0.663281 0.193848 0.664062 0.193848 0.665234 0.192871 0.66875 0.191406 0.669922 0.191406 0.675 0.187988 0.676953 0.1875 0.679297 0.186035 0.682422 0.182129
2 0.547656 0 0.548047 0.00585938 0.55 0.00976562 0.550781 0.0136719 0.553125 0.0195312 0.554297 0.0253906 0.557031 0.0307617 0.559766 0.0410156 0.5625 0.0439453 0.565234 0.0449219 0.567578 0.0463867 0.571875 0.0463867 0.573047 0.0458984 0.575391 0.0439453 0.577344 0.0415039 0.579297 0.0366211 0.584766 0.0268555 0.584766 0.0258789 0.586328 0.0219727 0.591797 0.0126953 0.59375 0.00585938 0.592969 0
2 0.647656 0.0405273 0.65 0.0458984 0.653516 0.0483398 0.660937 0.0483398 0.661328 0.0478516 0.6625 0.0478516 0.666406 0.0458984 0.667578 0.0458984 0.671094 0.0444336 0.674609 0.0424805 0.675781 0.0424805 0.678125 0.0415039 0.682422 0.0380859 0.684766 0.0375977 0.6875 0.034668 0.690234 0.0332031 0.692578 0.03125 0.694922 0.0283203 0.694922 0.027832 0.698438 0.0234375 0.700391 0.0219727 0.703516 0.0170898 0.708984 0.0107422 0.711328 0.00537109 0.710938 0.00439453 0.710938 0 0.659766 0 0.659766 0.000976562 0.658984 0.00195312 0.658203 0.00195312 0.655859 0.00341797 0.654687 0.00488281 0.653125 0.00927734 0.653125 0.0107422 0.652344 0.0136719 0.65 0.0180664 0.648828 0.0234375 0.648047 0.0249023 0.647656 0.0297852 0.646875 0.0322266 0.646875 0.0356445 0.647266 0.0361328
2 0.814453 0.147461 0.8125 0.147461 0.812109 0.146973 0.80625 0.146973 0.803125 0.148438 0.801953 0.149902 0.8 0.15918 0.794141 0.17041 0.794141 0.17334 0.793359 0.17627 0.791016 0.179688 0.790234 0.181641 0.789453 0.192383 0.788281 0.195312 0.7875 0.199219 0.786719 0.201172 0.785547 0.202637 0.785156 0.205566 0.784375 0.20752 0.783984 0.211914 0.783594 0.212402 0.783594 0.214844 0.783203 0.215332 0.783203 0.218262 0.782813 0.21875 0.782813 0.233398 0.783203 0.233887 0.783594 0.241211 0.784375 0.244141 0.784375 0.248047 0.785937 0.251953 0.7875 0.26416 0.787109 0.264648 0.787109 0.268555 0.786719 0.269043 0.786719 0.272461 0.786328 0.272949 0.785937 0.276367 0.78125 0.286133 0.780859 0.289062 0.779687 0.291504 0.779297 0.294922 0.778516 0.296387 0.777734 0.300781 0.775781 0.304688 0.774609 0.308105 0.774219 0.312012 0.774609 0.3125 0.774609 0.31543 0.775781 0.318848 0.779297 0.318359 0.783984 0.312012 0.785547 0.307617 0.790625 0.300293 0.793359 0.293457 0.797266 0.288086 0.798828 0.283691 0.799609 0.282715 0.799609 0.281738 0.801172 0.277344 0.802734 0.274902 0.804297 0.270508 0.806641 0.266602 0.807813 0.262207 0.814844 0.252441 0.816016 0.249512 0.817969 0.247559 0.819531 0.245117 0.820312 0.241211 0.821875 0.239746 0.823438 0.237305 0.824219 0.234375 0.824219 0.23291 0.825391 0.230469 0.826172 0.22998 0.826953 0.228516 0.827344 0.224609 0.828125 0.222168 0.828125 0.216309 0.828906 0.214355 0.828906 0.212891 0.830469 0.207031 0.830078 0.200195 0.830469 0.199707 0.830469 0.197754 0.830859 0.196777 0.830469 0.196289 0.830469 0.193848 0.830078 0.193359 0.830859 0.191406 0.830859 0.186035 0.830469 0.185547 0.830859 0.181641 0.830469 0.181152 0.830469 0.178711 0.830078 0.178223 0.830078 0.174316 0.829688 0.173828 0.829688 0.171875 0.828516 0.168457 0.828125 0.165527 0.826562 0.162598 0.824219 0.159668 0.821875 0.15332 0.821484 0.15332 0.81875 0.149414 0.815625 0.148438
2 0.651172 0.444336 0.649609 0.445312 0.648828 0.446777 0.648047 0.449707 0.648047 0.45166 0.647656 0.452148 0.648047 0.477051 0.648438 0.477539 0.648438 0.491699 0.648047 0.492188 0.648047 0.501465 0.647656 0.501953 0.647656 0.506348 0.647266 0.506836 0.647266 0.513184 0.647656 0.513672 0.647266 0.517578 0.647656 0.518066 0.649219 0.527344 0.650391 0.53125 0.650391 0.533203 0.651563 0.536621 0.651563 0.538086 0.652344 0.541016 0.655859 0.547363 0.658203 0.54834 0.661328 0.55127 0.662891 0.551758 0.664844 0.553223 0.667578 0.553711 0.669141 0.554688 0.674219 0.555176 0.674609 0.555664 0.682031 0.555664 0.682422 0.555176 0.685547 0.554688 0.687891 0.553223 0.691406 0.54834 0.692578 0.544434 0.692578 0.532715 0.693359 0.530273 0.69375 0.518555 0.695312 0.513672 0.695312 0.512207 0.694922 0.511719 0.694922 0.499023 0.694531 0.497559 0.692969 0.495605 0.691016 0.491699 0.684766 0.477051 0.680078 0.471191 0.673828 0.467285 0.66875 0.461426 0.666797 0.459961 0.665234 0.458008 0.6625 0.452148 0.657813 0.445801 0.655859 0.444824 0.655078 0.443848
2 0 0.871343 0.00281641 0.867822 0.00783203 0.864468 0.0144805 0.863447 0.022293 0.863447 0.0264922 0.860386 0.0318594 0.855723 0.0347734 0.852803 0.0366406 0.851782 0.0413086 0.852515 0.046207 0.856743 0.0499375 0.863013 0.0512227 0.86855 0.0521563 0.873799 0.0546055 0.880942 0.0568203 0.88605 0.0582187 0.893335 0.0585703 0.898442 0.0585703 0.905874 0.0569375 0.915352 0.0549531 0.921621 0.0515703 0.927603 0.0476055 0.932705 0.0430586 0.936348 0.0352422 0.940576 0.0255625 0.945098 0.0156445 0.946553 0.00748047 0.947285 0 0.945684
2 0.0323047 0.586523 0.0313711 0.58144 0.0267031 0.56686 0.0188906 0.555054 0.012125 0.54689 0.00396094 0.541929 0 0.542368 0 0.598525 0.00164063 0.600244 0.00582422 0.604331 0.0124727 0.608125 0.0177227 0.610454 0.0236719 0.613228 0.0282187 0.617891 0.0300859 0.621245 0.0317188 0.624307 0.0353359 0.628682 0.041168 0.633203 0.0489805 0.636846 0.0548125 0.636406 0.0577305 0.633491 0.0570312 0.63145 0.0550469 0.627954 0.0511992 0.621973 0.0468828 0.615415 0.0431484 0.608706 0.0402344 0.601855 0.0377852 0.59748 0.0354531 0.593398 0.0337031 0.590483
