0 0.902227 0.551221 0.85625 0.544434 0.852734 0.541016 0.846094 0.540039 0.8375 0.541504 0.818359 0.548828 0.808203 0.558105 0.798828 0.563965 0.796094 0.572266 0.800391 0.577148 0.813281 0.582031 0.824219 0.583008 0.838281 0.581543 0.847656 0.57666 0.85625 0.569336 0.860547 0.561035
0 0.775391 0.557617 0.771875 0.554199 0.767188 0.552734 0.751563 0.554688 0.744141 0.559082 0.732812 0.569824 0.725391 0.571777 0.715625 0.577148 0.703906 0.594238 0.699219 0.610352 0.699219 0.615234 0.695312 0.621582 0.672813 0.631885 0.643516 0.656201 0.688672 0.637207 0.703125 0.63623 0.728125 0.637695 0.741016 0.632812 0.75 0.626953 0.764453 0.60791 0.775781 0.583008 0.778125 0.564453
0 0.832812 0.443848 0.831641 0.456055 0.835547 0.48877 0.837109 0.494141 0.848828 0.513672 0.854688 0.537109 0.858984 0.544922 0.860547 0.554688 0.866406 0.568359 0.866797 0.572266 0.869922 0.574707 0.871484 0.571289 0.866016 0.541016 0.862109 0.529297 0.861719 0.519531 0.859766 0.513184 0.861719 0.51123 0.86875 0.451172 0.867969 0.436523 0.866016 0.427734 0.845625 0.428613
0 0.904687 0.616211 0.904297 0.607422 0.900781 0.601074 0.893359 0.592773 0.889062 0.590332 0.86875 0.590332 0.846484 0.600098 0.828047 0.598096 0.823672 0.595752 0.815859 0.593994 0.826992 0.603223 0.845703 0.619141 0.853906 0.623047 0.89375 0.625 0.900781 0.622559
1 0.668477 0.650879 0.656016 0.656494 0.651289 0.660303 0.648047 0.664062 0.645703 0.668457 0.626172 0.693848 0.621875 0.702148 0.620313 0.711914 0.621875 0.716797 0.633594 0.729492 0.642188 0.729492 0.650781 0.725586 0.658203 0.719727 0.673438 0.700684 0.677734 0.691406 0.679688 0.682129 0.679688 0.674316 0.698008 0.641895 0.689492 0.638525 0.678125 0.653809
1 0.711797 0.509814 0.70625 0.490332 0.694141 0.492578 0.687422 0.499951 0.682773 0.515625 0.678516 0.531738 0.673047 0.540039 0.667969 0.563477 0.667188 0.581543 0.669141 0.616211 0.671094 0.625977 0.673438 0.629395 0.675781 0.627441 0.680078 0.600586 0.682813 0.59668 0.683203 0.592773 0.694531 0.580566 0.701562 0.569336 0.707031 0.557129 0.710547 0.538086 0.712383 0.521484
0 0.821484 0.787598 0.829688 0.796387 0.846094 0.807129 0.85625 0.811523 0.877344 0.811035 0.901172 0.802734 0.905469 0.798828 0.905078 0.791016 0.888672 0.768066 0.869531 0.755371 0.862891 0.755859 0.851562 0.759766 0.849219 0.762207 0.846016 0.764551 0.841406 0.767578 0.834023 0.766699 0.828867 0.772705 0.824844 0.775488 0.822266 0.779785
0 0.498828 0.869141 0.501172 0.877441 0.507422 0.888672 0.516016 0.896973 0.520703 0.898926 0.531641 0.897949 0.538281 0.893555 0.541016 0.889648 0.560156 0.879883 0.571875 0.884277 0.582812 0.881348 0.582422 0.879395 0.576953 0.875488 0.572656 0.874512 0.566797 0.869629 0.539844 0.855469 0.522266 0.858398 0.508203 0.85791 0.502344 0.860352 0.5 0.86377
0 0.560547 0.713379 0.55625 0.723633 0.550781 0.747559 0.551562 0.77832 0.555469 0.799316 0.567187 0.822266 0.575781 0.827637 0.580469 0.827637 0.585938 0.821777 0.59375 0.799316 0.598828 0.775391 0.598828 0.76416 0.596484 0.752441 0.58918 0.743115 0.582617 0.730713 0.56668 0.682861
2 0.778867 0.787793 0.804961 0.797949 0.768359 0.792969 0.713672 0.807129 0.695703 0.807129 0.685937 0.805176 0.678906 0.798828 0.678516 0.791016 0.68125 0.78418 0.688672 0.774902 0.712109 0.759766 0.731641 0.751953 0.743359 0.755371 0.753125 0.769531 0.769922 0.780273
2 0.811719 0.603027 0.807422 0.599609 0.801172 0.600098 0.782422 0.611328 0.770703 0.621582 0.755078 0.648438 0.750781 0.663574 0.742578 0.683594 0.739453 0.686523 0.732422 0.688477 0.725391 0.681152 0.723828 0.681152 0.723828 0.689453 0.728516 0.693848 0.732422 0.692383 0.735938 0.696777 0.745313 0.697754 0.761719 0.686523 0.780078 0.685547 0.786328 0.680664 0.803906 0.661133 0.818359 0.652344 0.822266 0.645508 0.822656 0.638672 0.819531 0.631348 0.813281 0.624023 0.814063 0.611328
2 0.5875 0.673828 0.586328 0.675293 0.586328 0.678711 0.585156 0.680176 0.584375 0.680176 0.582422 0.682617 0.581641 0.682617 0.579688 0.685059 0.579297 0.685059 0.578125 0.686523 0.578125 0.687012 0.577734 0.6875 0.577344 0.6875 0.576953 0.687988 0.576562 0.687988 0.573828 0.691406 0.573438 0.691406 0.572656 0.692383 0.571484 0.692383 0.570312 0.693848 0.570312 0.695801 0.571484 0.697266 0.571875 0.697266 0.572266 0.697754 0.572266 0.703613 0.572656 0.704102 0.572656 0.716309 0.573047 0.716797 0.573047 0.722656 0.573828 0.723633 0.573828 0.724121 0.574219 0.724609 0.574219 0.725098 0.574609 0.725586 0.574609 0.726074 0.575391 0.727051 0.575391 0.727539 0.576172 0.728516 0.576172 0.729492 0.577344 0.730957 0.577734 0.730957 0.58125 0.735352 0.58125 0.73584 0.582812 0.737793 0.582812 0.738281 0.584375 0.740234 0.584375 0.741211 0.585938 0.743164 0.585938 0.745117 0.5875 0.74707 0.5875 0.748047 0.589063 0.75 0.589063 0.750977 0.589453 0.751465 0.589453 0.752441 0.590625 0.753906 0.590625 0.754395 0.591016 0.754883 0.591016 0.755371 0.592578 0.757324 0.592578 0.757812 0.593359 0.758789 0.593359 0.760254 0.594531 0.761719 0.594531 0.762695 0.595703 0.76416 0.595703 0.764648 0.596484 0.765625 0.596484 0.766113 0.597266 0.76709 0.597266 0.768555 0.598437 0.77002 0.598437 0.770508 0.599609 0.771973 0.6 0.771973 0.601953 0.774414 0.601953 0.774902 0.603125 0.776367 0.603516 0.776367 0.606641 0.780273 0.607422 0.780273 0.607812 0.780762 0.608594 0.780762 0.609375 0.781738 0.609766 0.781738 0.610156 0.782227 0.610547 0.782227 0.611328 0.783203 0.6125 0.783203 0.613281 0.78418 0.614062 0.78418 0.614844 0.785156 0.616016 0.785156 0.616406 0.785645 0.618359 0.785645 0.619922 0.787598 0.620313 0.787598 0.620703 0.788086 0.620703 0.790039 0.621094 0.790527 0.621094 0.791504 0.620703 0.791992 0.620703 0.793457 0.620313 0.793945 0.620313 0.795898 0.619531 0.796875 0.619531 0.797852 0.619141 0.79834 0.619141 0.799316 0.61875 0.799805 0.61875 0.800293 0.618359 0.800781 0.618359 0.801758 0.617969 0.802246 0.617969 0.803223 0.617578 0.803711 0.617578 0.804199 0.616406 0.805664 0.616406 0.806152 0.616016 0.806641 0.616016 0.807129 0.615625 0.807617 0.615625 0.809082 0.615234 0.80957 0.615234 0.810059 0.614844 0.810547 0.614844 0.811523 0.614453 0.812012 0.614453 0.812988 0.614062 0.813477 0.614062 0.814453 0.613672 0.814941 0.613672 0.820312 0.614844 0.821777 0.617969 0.821777 0.619531 0.819824 0.619922 0.819824 0.620313 0.819336 0.621484 0.819336 0.622266 0.818359 0.623437 0.818359 0.623828 0.817871 0.625 0.817871 0.625781 0.816895 0.626172 0.816895 0.628125 0.814453 0.628125 0.812988 0.629297 0.811523 0.629297 0.811035 0.629687 0.810547 0.629687 0.809082 0.630078 0.808594 0.630078 0.806641 0.63125 0.805176 0.63125 0.803223 0.631641 0.802734 0.631641 0.801758 0.632031 0.80127 0.632031 0.800781 0.632422 0.800293 0.632422 0.799805 0.632812 0.799316 0.632812 0.798828 0.633203 0.79834 0.633203 0.795898 0.633594 0.79541 0.633594 0.793457 0.634375 0.79248 0.634375 0.788086 0.633984 0.787598 0.633984 0.787109 0.634375 0.786621 0.634375 0.78418 0.633203 0.782715 0.633203 0.78125 0.632422 0.780273 0.632422 0.779785 0.631641 0.778809 0.631641 0.77832 0.63125 0.777832 0.63125 0.777344 0.630078 0.775879 0.630078 0.774414 0.629687 0.773926 0.629687 0.772461 0.629297 0.771973 0.629297 0.770996 0.628906 0.770508 0.628906 0.77002 0.628516 0.769531 0.628516 0.768555 0.628125 0.768066 0.628125 0.76709 0.627344 0.766113 0.627344 0.765625 0.626953 0.765137 0.626953 0.764648 0.626172 0.763672 0.626172 0.760254 0.625781 0.759766 0.625781 0.758789 0.625391 0.758301 0.625391 0.757812 0.624609 0.756836 0.624609 0.753418 0.624219 0.75293 0.624609 0.752441 0.624609 0.744141 0.624219 0.743652 0.624219 0.740723 0.623828 0.740234 0.623828 0.739258 0.623437 0.73877 0.623437 0.736816 0.622656 0.73584 0.622656 0.73291 0.622266 0.732422 0.622266 0.730469 0.621875 0.72998 0.621875 0.729492 0.621484 0.729004 0.621484 0.728516 0.621094 0.728027 0.621094 0.724121 0.619922 0.722656 0.619922 0.722168 0.619531 0.72168 0.619531 0.720703 0.619141 0.720215 0.619141 0.719238 0.618359 0.718262 0.618359 0.716797 0.617578 0.71582 0.617578 0.714355 0.617188 0.713867 0.617188 0.712891 0.616406 0.711914 0.616406 0.709961 0.616016 0.709473 0.616016 0.70752 0.615625 0.707031 0.615625 0.706055 0.615234 0.705566 0.615234 0.705078 0.614453 0.704102 0.614453 0.703613 0.614062 0.703125 0.614062 0.700195 0.613281 0.699219 0.613281 0.69873 0.6125 0.697754 0.6125 0.697266 0.612109 0.696777 0.612109 0.696289 0.611719 0.695801 0.611719 0.695312 0.610938 0.694336 0.610938 0.693848 0.610547 0.693359 0.610547 0.692871 0.610156 0.692383 0.610156 0.691895 0.609375 0.690918 0.609375 0.69043 0.607031 0.6875 0.607031 0.686523 0.603906 0.682617 0.603516 0.682617 0.601172 0.679688 0.600781 0.679688 0.6 0.678711 0.599609 0.678711 0.599219 0.678223 0.597656 0.678223 0.596875 0.677246 0.596094 0.677246 0.595703 0.676758 0.592969 0.676758 0.592578 0.67627 0.592187 0.67627 0.591797 0.675781 0.591406 0.675781 0.589844 0.673828
2 0.847266 0.691895 0.846484 0.692871 0.845313 0.692871 0.844531 0.693848 0.844141 0.693848 0.842969 0.695312 0.842578 0.695312 0.841406 0.696777 0.841016 0.696777 0.840234 0.697754 0.839844 0.697754 0.839453 0.698242 0.839063 0.698242 0.838672 0.697754 0.838672 0.696777 0.8375 0.695312 0.835938 0.695312 0.835547 0.695801 0.835156 0.695801 0.834375 0.696777 0.834375 0.697266 0.832422 0.699707 0.832422 0.700195 0.831641 0.701172 0.831641 0.70166 0.830859 0.702637 0.830859 0.703125 0.828906 0.705566 0.828516 0.705566 0.828516 0.706055 0.827344 0.70752 0.826953 0.70752 0.826172 0.708496 0.825781 0.708496 0.825781 0.708984 0.825391 0.709473 0.824609 0.709473 0.822266 0.712402 0.821875 0.712402 0.821484 0.712891 0.820703 0.712891 0.820312 0.713379 0.819922 0.713379 0.81875 0.714844 0.818359 0.714844 0.817578 0.71582 0.817187 0.71582 0.816406 0.716797 0.814844 0.716797 0.813672 0.718262 0.813281 0.718262 0.812109 0.719727 0.811328 0.719727 0.810937 0.720215 0.810156 0.720215 0.808984 0.72168 0.807813 0.72168 0.807031 0.722656 0.806641 0.722656 0.805859 0.723633 0.805078 0.723633 0.804688 0.724121 0.804297 0.724121 0.803906 0.724609 0.803516 0.724609 0.803125 0.725098 0.802734 0.725098 0.802344 0.725586 0.801562 0.725586 0.801172 0.726074 0.800781 0.726074 0.8 0.727051 0.798438 0.727051 0.797266 0.728516 0.797266 0.730957 0.796875 0.731445 0.796875 0.732422 0.796484 0.73291 0.796484 0.733887 0.795312 0.735352 0.795312 0.736328 0.794922 0.736816 0.794922 0.737305 0.794531 0.737793 0.794531 0.738281 0.794141 0.73877 0.794141 0.739258 0.791406 0.742676 0.791016 0.742676 0.790234 0.743652 0.789453 0.743652 0.787891 0.745605 0.7875 0.745605 0.785547 0.748047 0.785156 0.748047 0.782813 0.750977 0.782422 0.750977 0.782031 0.751465 0.781641 0.751465 0.780469 0.75293 0.780078 0.75293 0.777344 0.756348 0.777344 0.756836 0.776172 0.758301 0.776172 0.758789 0.775391 0.759766 0.775391 0.76123 0.775 0.761719 0.775 0.762207 0.774609 0.762695 0.774609 0.769531 0.775391 0.770508 0.775391 0.770996 0.777344 0.773438 0.778125 0.773438 0.778906 0.774414 0.783594 0.774414 0.784375 0.773438 0.784766 0.773438 0.785156 0.772949 0.785937 0.772949 0.786328 0.772461 0.787109 0.772461 0.7875 0.771973 0.787891 0.771973 0.788281 0.771484 0.789844 0.771484 0.790234 0.770996 0.792188 0.770996 0.792578 0.770508 0.795312 0.770508 0.795703 0.770996 0.796484 0.770996 0.796875 0.771484 0.798047 0.771484 0.798438 0.771973 0.798828 0.771973 0.799219 0.772461 0.800391 0.772461 0.800781 0.772949 0.802344 0.772949 0.802734 0.773438 0.803516 0.773438 0.804297 0.774414 0.804688 0.774414 0.805078 0.774902 0.806641 0.774902 0.807422 0.775879 0.808203 0.775879 0.808594 0.776367 0.8125 0.776367 0.812891 0.775879 0.813281 0.776367 0.813672 0.776367 0.814063 0.776855 0.814453 0.776855 0.814844 0.777344 0.815625 0.777344 0.816016 0.777832 0.816797 0.777832 0.817187 0.77832 0.81875 0.77832 0.819141 0.778809 0.821875 0.778809 0.822266 0.779297 0.823047 0.779297 0.823438 0.779785 0.831641 0.779785 0.832031 0.779297 0.834766 0.779297 0.835156 0.778809 0.8375 0.778809 0.837891 0.77832 0.838672 0.77832 0.839063 0.777832 0.839453 0.777832 0.839844 0.777344 0.841016 0.777344 0.841406 0.776855 0.841797 0.776855 0.842187 0.776367 0.843359 0.776367 0.84375 0.775879 0.844922 0.775879 0.846094 0.774414 0.846875 0.774414 0.847656 0.773438 0.848437 0.773438 0.848828 0.772949 0.849219 0.772949 0.849609 0.772461 0.850391 0.772461 0.851562 0.770996 0.852344 0.770996 0.853516 0.769531 0.853906 0.769531 0.854297 0.769043 0.854688 0.769043 0.855078 0.768555 0.855469 0.768555 0.85625 0.767578 0.856641 0.767578 0.857031 0.76709 0.857422 0.76709 0.860156 0.763672 0.860156 0.763184 0.860547 0.762695 0.860547 0.762207 0.861328 0.76123 0.861328 0.760254 0.8625 0.758789 0.8625 0.753906 0.862891 0.753418 0.862891 0.751953 0.863281 0.751465 0.863281 0.75 0.863672 0.749512 0.863672 0.748047 0.864062 0.747559 0.864062 0.744629 0.864453 0.744141 0.864453 0.738281 0.864844 0.737793 0.864844 0.72998 0.864453 0.729492 0.864453 0.726562 0.864062 0.726074 0.864062 0.724609 0.863672 0.724121 0.863672 0.719238 0.862891 0.718262 0.862891 0.716797 0.862109 0.71582 0.862109 0.714844 0.861719 0.714355 0.861719 0.713379 0.861328 0.712891 0.861328 0.710938 0.860938 0.710449 0.860938 0.708984 0.860156 0.708008 0.860156 0.707031 0.859375 0.706055 0.859375 0.70459 0.858594 0.703613 0.858594 0.702637 0.858203 0.702148 0.858203 0.701172 0.857422 0.700195 0.857422 0.699219 0.857031 0.69873 0.857031 0.698242 0.855859 0.696777 0.855469 0.696777 0.852344 0.692871 0.851172 0.692871 0.850391 0.691895
0 0.815625 0.664551 0.815234 0.665039 0.812109 0.665039 0.811719 0.665527 0.808594 0.665527 0.808203 0.666016 0.807422 0.666016 0.806641 0.666992 0.805469 0.666992 0.805078 0.66748 0.803516 0.66748 0.803125 0.667969 0.802344 0.667969 0.801953 0.668457 0.801562 0.668457 0.801172 0.668945 0.800391 0.668945 0.799609 0.669922 0.799219 0.669922 0.798828 0.67041 0.798438 0.67041 0.797656 0.671387 0.797656 0.672363 0.796875 0.67334 0.796484 0.67334 0.791406 0.679688 0.791406 0.680176 0.790625 0.681152 0.790625 0.682617 0.790234 0.683105 0.790234 0.684082 0.789844 0.68457 0.789844 0.685059 0.789453 0.685547 0.789453 0.686523 0.789062 0.687012 0.789062 0.688477 0.788672 0.688965 0.788672 0.692383 0.788281 0.692871 0.788281 0.696289 0.787891 0.696777 0.787891 0.698242 0.787109 0.699219 0.787109 0.700195 0.786719 0.700684 0.786719 0.701172 0.786328 0.70166 0.786328 0.702637 0.785937 0.703125 0.785937 0.704102 0.785547 0.70459 0.785547 0.706055 0.785156 0.706543 0.785156 0.707031 0.783594 0.708984 0.783594 0.710938 0.783984 0.711426 0.783984 0.714355 0.783594 0.714844 0.783594 0.716797 0.783203 0.717285 0.783203 0.71875 0.782422 0.719727 0.782422 0.722656 0.782031 0.723145 0.782031 0.724609 0.781641 0.725098 0.781641 0.726074 0.78125 0.726562 0.78125 0.727051 0.780859 0.727539 0.780859 0.729492 0.780078 0.730469 0.780078 0.731445 0.779687 0.731934 0.779687 0.732422 0.778906 0.733398 0.778906 0.734863 0.778516 0.735352 0.778516 0.740723 0.778906 0.741211 0.778906 0.743164 0.779297 0.743652 0.779297 0.744629 0.779687 0.745117 0.779687 0.745605 0.780859 0.74707 0.78125 0.74707 0.781641 0.747559 0.785156 0.747559 0.785547 0.74707 0.785937 0.74707 0.786328 0.746582 0.787109 0.746582 0.788281 0.745117 0.788281 0.744629 0.789453 0.743164 0.789453 0.742676 0.790625 0.741211 0.790625 0.740234 0.791797 0.73877 0.791797 0.738281 0.792188 0.737793 0.792188 0.736816 0.792578 0.736328 0.792578 0.735352 0.79375 0.733887 0.79375 0.733398 0.796875 0.729492 0.797656 0.729492 0.798438 0.728516 0.799219 0.728516 0.8 0.727539 0.800391 0.727539 0.801172 0.726562 0.801953 0.726562 0.802344 0.726074 0.803125 0.726074 0.803906 0.725098 0.804297 0.725098 0.805078 0.724121 0.805469 0.724121 0.80625 0.723145 0.806641 0.723145 0.808984 0.720215 0.808984 0.719727 0.809766 0.71875 0.810156 0.71875 0.810547 0.718262 0.810937 0.718262 0.811719 0.717285 0.812109 0.717285 0.813281 0.71582 0.813281 0.715332 0.814063 0.714355 0.814453 0.714355 0.817578 0.710449 0.818359 0.710449 0.81875 0.709961 0.819141 0.709961 0.821484 0.707031 0.821484 0.706543 0.821875 0.706055 0.822266 0.706055 0.822656 0.705566 0.823047 0.705566 0.825391 0.702637 0.825391 0.702148 0.825781 0.70166 0.826172 0.70166 0.826562 0.701172 0.826953 0.701172 0.829297 0.698242 0.829297 0.697754 0.829688 0.697266 0.830078 0.697266 0.832031 0.694824 0.832422 0.694824 0.833984 0.692871 0.834375 0.692871 0.836719 0.689941 0.836719 0.689453 0.838281 0.6875 0.838281 0.687012 0.838672 0.686523 0.838672 0.682129 0.8375 0.680664 0.8375 0.680176 0.837109 0.679688 0.837109 0.679199 0.835547 0.677246 0.835547 0.676758 0.834375 0.675293 0.833984 0.675293 0.83125 0.671875 0.83125 0.669434 0.830078 0.667969 0.829688 0.667969 0.828906 0.666992 0.828125 0.666992 0.827344 0.666016 0.826953 0.666016 0.826562 0.665527 0.825781 0.665527 0.825391 0.665039 0.824219 0.665039 0.823828 0.664551
2 0.750391 0.373047 0.748437 0.368652 0.738281 0.361816 0.717187 0.353027 0.696875 0.352051 0.688281 0.353516 0.673438 0.360352 0.666406 0.366211 0.652734 0.383301 0.63125 0.400879 0.625391 0.408691 0.621484 0.42041 0.623828 0.420898 0.636328 0.40625 0.657813 0.399902 0.671875 0.401855 0.689844 0.410156 0.701953 0.409668 0.717578 0.404785 0.735938 0.396973 0.746875 0.388672 0.750391 0.380371
2 0.907031 0.45459 0.906641 0.459961 0.908203 0.464355 0.914062 0.471191 0.923047 0.486816 0.930469 0.495605 0.935156 0.498535 0.955078 0.500977 0.971484 0.500488 1 0.491699 1 0.479004 0.986328 0.472656 0.967187 0.454102 0.958984 0.450195 0.942969 0.446777 0.916406 0.444336 0.911719 0.446289
0 0.95625 0.29541 0.946094 0.293945 0.908984 0.311035 0.903906 0.31543 0.901172 0.322266 0.897656 0.345703 0.892188 0.361328 0.888672 0.378418 0.885156 0.384766 0.883594 0.394531 0.884766 0.40625 0.888281 0.405762 0.889844 0.403809 0.89375 0.389648 0.899219 0.375488 0.912109 0.36377 0.922656 0.361816 0.931641 0.355957 0.938672 0.354004 0.944531 0.346191 0.946484 0.337402 0.956641 0.313965 0.958594 0.301758
0 0.397422 0.71084 0.403828 0.694092 0.40625 0.744629 0.409766 0.751465 0.415625 0.75293 0.423438 0.750977 0.433203 0.754395 0.444141 0.765137 0.448047 0.773438 0.451953 0.790527 0.453906 0.810547 0.451562 0.83252 0.448047 0.837402 0.435937 0.836914 0.422266 0.820801 0.411719 0.811523 0.407422 0.804688 0.399219 0.778809 0.399609 0.744141 0.398438 0.741699 0.398047 0.723633
0 0.384766 0.622559 0.38125 0.609863 0.374219 0.600586 0.365625 0.595703 0.352734 0.594727 0.338281 0.597656 0.328906 0.603516 0.309766 0.622559 0.30625 0.623535 0.294531 0.638672 0.283203 0.644531 0.275781 0.650391 0.251563 0.659668 0.248438 0.666016 0.285938 0.65918 0.299219 0.65918 0.327734 0.663086 0.335938 0.666504 0.349336 0.65835 0.362031 0.649463 0.373242 0.64165 0.383984 0.63623
1 0.183203 0.68457 0.180859 0.685547 0.173047 0.706055 0.170703 0.718262 0.162891 0.726562 0.157422 0.72998 0.154688 0.734375 0.151562 0.73584 0.140625 0.75 0.134375 0.767578 0.133594 0.784668 0.135156 0.814941 0.139844 0.830078 0.147656 0.839355 0.155469 0.838379 0.162109 0.83252 0.166016 0.82666 0.172266 0.811035 0.178906 0.787109 0.180078 0.761719 0.178906 0.755371 0.172656 0.741211 0.172656 0.736816 0.177734 0.722656 0.179297 0.711426 0.182031 0.706543 0.185156 0.692383 0.185156 0.686035
2 0.146094 0.601562 0.144922 0.60498 0.147656 0.615234 0.146875 0.619629 0.148828 0.620605 0.149219 0.629883 0.146875 0.650391 0.145313 0.655273 0.133984 0.667969 0.126172 0.681152 0.122266 0.693359 0.117969 0.719727 0.118359 0.730957 0.121094 0.743652 0.123438 0.748535 0.130078 0.753418 0.132812 0.75293 0.140234 0.74707 0.155469 0.725098 0.160938 0.705566 0.164453 0.685059 0.164062 0.663574 0.160547 0.653809 0.155078 0.626465 0.150391 0.619141 0.151172 0.614746
2 0.216406 0.552734 0.212891 0.552734 0.197656 0.569824 0.18125 0.594727 0.167969 0.626465 0.166016 0.646973 0.168359 0.655273 0.177734 0.655762 0.190234 0.647949 0.210547 0.625488 0.219141 0.608887 0.221484 0.599609 0.221484 0.59375 0.217578 0.580566 0.219141 0.560059
1 0.237109 0.602539 0.228516 0.606445 0.2125 0.626465 0.208203 0.640137 0.206641 0.65332 0.207422 0.662109 0.211719 0.679688 0.216406 0.6875 0.220312 0.686035 0.220312 0.677246 0.231641 0.665527 0.235547 0.655273 0.235156 0.626465 0.237109 0.611816 0.239063 0.607422
1 0.183203 0.342285 0.183203 0.349609 0.188281 0.359863 0.192969 0.37793 0.196484 0.384277 0.203516 0.390625 0.215234 0.396484 0.221875 0.397461 0.228906 0.395996 0.237109 0.388672 0.238281 0.384766 0.237109 0.378418 0.232813 0.37207 0.225391 0.352051 0.220703 0.344238 0.217188 0.341797 0.201563 0.34375 0.194922 0.336426 0.192188 0.336426
2 0 0.445312 0 0.467285 0.0015625 0.467285 0.00898437 0.475586 0.0191406 0.483398 0.0324219 0.489258 0.0414062 0.490723 0.0582031 0.48877 0.0800781 0.489746 0.0890625 0.486816 0.096875 0.479004 0.0957031 0.469238 0.0871094 0.455078 0.0710937 0.445801 0.0652344 0.438477 0.0527344 0.431152 0.0421875 0.428711 0.0285156 0.429688 0.0101563 0.4375 0.00273437 0.444824
2 0 0.271484 0 0.282715 0.0105469 0.290527 0.0222656 0.295898 0.0316406 0.303223 0.0472656 0.311523 0.0609375 0.312988 0.0648438 0.310059 0.0695313 0.297852 0.0691406 0.290527 0.0652344 0.283203 0.0578125 0.274414 0.0449219 0.26709 0.0296875 0.264648 0.0242188 0.26709 0.0195312 0.273926 0.0152344 0.275879 0.0109375 0.275879
0 0.430469 0.677734 0.430078 0.678223 0.428906 0.678223 0.428516 0.678711 0.424219 0.678711 0.423828 0.679199 0.423047 0.679199 0.422656 0.679688 0.421875 0.679688 0.421484 0.680176 0.420312 0.680176 0.419531 0.681152 0.418359 0.681152 0.417578 0.682129 0.416016 0.682129 0.415234 0.683105 0.414062 0.683105 0.413672 0.683594 0.4125 0.683594 0.411719 0.68457 0.410938 0.68457 0.408203 0.687988 0.407422 0.687988 0.404687 0.691406 0.404297 0.691406 0.402344 0.693848 0.401953 0.693848 0.401172 0.694824 0.400781 0.694824 0.398828 0.697266 0.398438 0.697266 0.398047 0.697754 0.397656 0.697754 0.397266 0.698242 0.396484 0.698242 0.396094 0.69873 0.395313 0.69873 0.394922 0.699219 0.394531 0.699219 0.394141 0.699707 0.393359 0.699707 0.392969 0.700195 0.389844 0.700195 0.389453 0.700684 0.384766 0.700684 0.384375 0.700195 0.377344 0.700195 0.376953 0.699707 0.374219 0.699707 0.373828 0.699219 0.373047 0.699219 0.372266 0.698242 0.371094 0.698242 0.370703 0.697754 0.370312 0.697754 0.369922 0.697266 0.369141 0.697266 0.368359 0.696289 0.367578 0.696289 0.366797 0.695312 0.366406 0.695312 0.365234 0.693848 0.363281 0.693848 0.362109 0.695312 0.362109 0.696777 0.361719 0.697266 0.361719 0.703125 0.365234 0.70752 0.366016 0.70752 0.366797 0.708496 0.367188 0.708496 0.367578 0.708984 0.36875 0.708984 0.369141 0.709473 0.369531 0.709473 0.369922 0.709961 0.370312 0.709961 0.371484 0.711426 0.371484 0.712402 0.372656 0.713867 0.374609 0.713867 0.375391 0.714844 0.376172 0.714844 0.377734 0.716797 0.38125 0.716797 0.381641 0.717285 0.384766 0.717285 0.385156 0.717773 0.387109 0.717773 0.3875 0.718262 0.389062 0.718262 0.389453 0.717773 0.389844 0.718262 0.392188 0.718262 0.392578 0.71875 0.396094 0.71875 0.396484 0.719238 0.402344 0.719238 0.402734 0.71875 0.403125 0.719238 0.406641 0.719238 0.407031 0.719727 0.409766 0.719727 0.410156 0.720215 0.413672 0.720215 0.414062 0.720703 0.414844 0.720703 0.415234 0.721191 0.416016 0.721191 0.416406 0.72168 0.417969 0.72168 0.41875 0.722656 0.419531 0.722656 0.419922 0.723145 0.421094 0.723145 0.421484 0.723633 0.424219 0.723633 0.424609 0.724121 0.428125 0.724121 0.428516 0.723633 0.430469 0.723633 0.430859 0.723145 0.433594 0.723145 0.433984 0.722656 0.441406 0.722656 0.441797 0.722168 0.44375 0.722168 0.444141 0.72168 0.447266 0.72168 0.447656 0.721191 0.45 0.721191 0.450391 0.720703 0.45625 0.720703 0.456641 0.720215 0.459375 0.720215 0.459766 0.719727 0.4625 0.719727 0.462891 0.719238 0.464062 0.719238 0.464453 0.71875 0.465234 0.71875 0.465625 0.718262 0.466406 0.718262 0.466797 0.717773 0.467578 0.717773 0.468359 0.716797 0.469141 0.716797 0.469922 0.71582 0.471094 0.71582 0.471875 0.714844 0.474219 0.714844 0.475 0.713867 0.475781 0.713867 0.476562 0.712891 0.476953 0.712891 0.477344 0.712402 0.477734 0.712402 0.479297 0.710449 0.479297 0.70752 0.478906 0.707031 0.478906 0.706543 0.478516 0.706055 0.478516 0.705566 0.475781 0.702148 0.475391 0.702148 0.474219 0.700684 0.473828 0.700684 0.473438 0.700195 0.472656 0.700195 0.472266 0.699707 0.471094 0.699707 0.470703 0.699219 0.470313 0.699219 0.469922 0.69873 0.469141 0.69873 0.46875 0.698242 0.468359 0.698242 0.467969 0.697754 0.466797 0.697754 0.466406 0.697266 0.465625 0.697266 0.462109 0.692871 0.462109 0.691895 0.461328 0.690918 0.461328 0.69043 0.458984 0.6875 0.458984 0.687012 0.458203 0.686035 0.458203 0.685547 0.455469 0.682129 0.455078 0.682129 0.454297 0.681152 0.453516 0.681152 0.452734 0.680176 0.452344 0.680176 0.451953 0.679688 0.451562 0.679688 0.451172 0.679199 0.450781 0.679199 0.450391 0.678711 0.445703 0.678711 0.445312 0.678223 0.444922 0.678223 0.444531 0.677734
0 0.2875 0.567871 0.287109 0.568359 0.285938 0.568359 0.285547 0.568848 0.280469 0.568848 0.280078 0.569336 0.279687 0.569336 0.279297 0.569824 0.278516 0.569824 0.278125 0.570312 0.277734 0.570312 0.276953 0.571289 0.274609 0.571289 0.274219 0.571777 0.273047 0.571777 0.272656 0.572266 0.271875 0.572266 0.271484 0.572754 0.270703 0.572754 0.270313 0.573242 0.269922 0.573242 0.269531 0.57373 0.268359 0.57373 0.267969 0.574219 0.267578 0.574219 0.267188 0.574707 0.266406 0.574707 0.265625 0.575684 0.264453 0.575684 0.264062 0.576172 0.263672 0.576172 0.263281 0.57666 0.2625 0.57666 0.261328 0.578125 0.260937 0.578125 0.260547 0.578613 0.259766 0.578613 0.258984 0.57959 0.258203 0.57959 0.257422 0.580566 0.257031 0.580566 0.254688 0.583496 0.254297 0.583496 0.251172 0.587402 0.251172 0.587891 0.249609 0.589844 0.249609 0.590332 0.248828 0.591309 0.248828 0.591797 0.246484 0.594727 0.245703 0.594727 0.245312 0.595215 0.244531 0.595215 0.243359 0.59668 0.243359 0.597656 0.241016 0.600586 0.241016 0.601074 0.240625 0.601562 0.240625 0.602051 0.240234 0.602539 0.240234 0.603027 0.239453 0.604004 0.239453 0.604492 0.239063 0.60498 0.239063 0.605957 0.238672 0.606445 0.238672 0.606934 0.238281 0.607422 0.238281 0.608398 0.237891 0.608887 0.237891 0.620117 0.238281 0.620605 0.238281 0.621094 0.238672 0.621582 0.238672 0.622559 0.239453 0.623535 0.239453 0.624512 0.241016 0.626465 0.241406 0.626465 0.244531 0.630371 0.244531 0.630859 0.246094 0.632812 0.246484 0.632812 0.247656 0.634277 0.248438 0.634277 0.248828 0.634766 0.249219 0.634766 0.249609 0.635254 0.251563 0.635254 0.251953 0.635742 0.253516 0.635742 0.253906 0.63623 0.259375 0.63623 0.260156 0.635254 0.269922 0.635254 0.270313 0.634766 0.275 0.634766 0.275391 0.634277 0.276562 0.634277 0.276953 0.633789 0.279297 0.633789 0.279687 0.633301 0.280859 0.633301 0.28125 0.632812 0.281641 0.632812 0.282031 0.632324 0.283594 0.632324 0.283984 0.631836 0.286719 0.631836 0.287109 0.631348 0.288281 0.631348 0.288672 0.630859 0.289453 0.630859 0.290234 0.629883 0.290625 0.629883 0.291016 0.629395 0.292187 0.629395 0.29375 0.627441 0.294531 0.627441 0.294922 0.626953 0.295703 0.626953 0.296094 0.626465 0.296875 0.626465 0.298047 0.625 0.298438 0.625 0.298828 0.624512 0.299219 0.624512 0.299609 0.624023 0.3 0.624023 0.300391 0.623535 0.300781 0.623535 0.301172 0.623047 0.301563 0.623047 0.301953 0.622559 0.302344 0.622559 0.302734 0.62207 0.303125 0.62207 0.303516 0.621582 0.303906 0.621582 0.305469 0.619629 0.30625 0.619629 0.307031 0.618652 0.307422 0.618652 0.307812 0.618164 0.308594 0.618164 0.309766 0.616699 0.309766 0.616211 0.311328 0.614258 0.311328 0.61377 0.3125 0.612305 0.3125 0.611816 0.312891 0.611328 0.312891 0.61084 0.313672 0.609863 0.313672 0.609375 0.314063 0.608887 0.314063 0.608398 0.314453 0.60791 0.314453 0.606445 0.314844 0.605957 0.314844 0.604492 0.315234 0.604004 0.315234 0.602539 0.315625 0.602051 0.315625 0.601074 0.316406 0.600098 0.317188 0.600098 0.317969 0.599121 0.31875 0.599121 0.319141 0.598633 0.319531 0.598633 0.320703 0.597168 0.321094 0.597168 0.321484 0.59668 0.322266 0.59668 0.323828 0.594727 0.325781 0.594727 0.326172 0.594238 0.326953 0.594238 0.327344 0.59375 0.328516 0.59375 0.328906 0.593262 0.332031 0.593262 0.332422 0.592773 0.334766 0.592773 0.335156 0.592285 0.339453 0.592285 0.340234 0.593262 0.342187 0.593262 0.342578 0.59375 0.344531 0.59375 0.344922 0.594238 0.347656 0.594238 0.348047 0.594727 0.360156 0.594727 0.360547 0.594238 0.364453 0.594238 0.365625 0.592773 0.365625 0.590332 0.364063 0.588379 0.363281 0.588379 0.3625 0.587402 0.361328 0.587402 0.360547 0.586426 0.360156 0.586426 0.359766 0.585938 0.359375 0.585938 0.358984 0.585449 0.358203 0.585449 0.357422 0.584473 0.35625 0.584473 0.355859 0.583984 0.354687 0.583984 0.354297 0.583496 0.353906 0.583496 0.353516 0.583008 0.352734 0.583008 0.351953 0.582031 0.351562 0.582031 0.351172 0.581543 0.350391 0.581543 0.349609 0.580566 0.348828 0.580566 0.348438 0.580078 0.347656 0.580078 0.347266 0.57959 0.345313 0.57959 0.344922 0.579102 0.342969 0.579102 0.342578 0.578613 0.340625 0.578613 0.340234 0.578125 0.339844 0.578125 0.339453 0.577637 0.334766 0.577637 0.333984 0.57666 0.333203 0.57666 0.332813 0.576172 0.330078 0.576172 0.329688 0.575684 0.326562 0.575684 0.326172 0.575195 0.325391 0.575195 0.325 0.574707 0.323047 0.574707 0.322656 0.574219 0.319141 0.574219 0.31875 0.57373 0.317188 0.57373 0.316797 0.573242 0.315234 0.573242 0.314844 0.572754 0.312891 0.572754 0.3125 0.572266 0.311328 0.572266 0.310937 0.571777 0.310547 0.571777 0.310156 0.571289 0.307422 0.571289 0.306641 0.570312 0.305859 0.570312 0.305469 0.569824 0.303906 0.569824 0.303516 0.569336 0.302734 0.569336 0.302344 0.568848 0.3 0.568848 0.299609 0.568359 0.296484 0.568359 0.296094 0.567871
0 0.279297 0.500488 0.278906 0.500977 0.277344 0.500977 0.276953 0.501465 0.276172 0.501465 0.275391 0.502441 0.275 0.502441 0.273828 0.503906 0.273047 0.503906 0.271094 0.506348 0.270703 0.506348 0.270703 0.506836 0.269531 0.508301 0.269141 0.508301 0.267969 0.509766 0.267969 0.510254 0.267188 0.51123 0.267188 0.511719 0.266406 0.512695 0.266406 0.513672 0.266016 0.51416 0.266016 0.516602 0.266406 0.51709 0.266406 0.52002 0.266797 0.520508 0.266797 0.520996 0.267578 0.521973 0.267578 0.522949 0.267969 0.523438 0.267969 0.523926 0.268359 0.524414 0.268359 0.524902 0.26875 0.525391 0.26875 0.525879 0.269141 0.526367 0.269141 0.526855 0.269531 0.527344 0.269531 0.527832 0.270313 0.528809 0.270313 0.529785 0.271484 0.53125 0.271484 0.531738 0.273047 0.533691 0.273047 0.53418 0.273438 0.534668 0.273438 0.537109 0.273828 0.537598 0.273828 0.538086 0.274219 0.538574 0.274219 0.540527 0.274609 0.541016 0.274609 0.541992 0.275 0.54248 0.275 0.543457 0.275391 0.543945 0.275391 0.544922 0.275781 0.54541 0.275781 0.545898 0.277734 0.54834 0.277734 0.548828 0.279297 0.550781 0.279687 0.550781 0.280078 0.55127 0.280469 0.55127 0.280859 0.551758 0.28125 0.551758 0.281641 0.552246 0.282031 0.552246 0.282813 0.553223 0.284766 0.553223 0.287109 0.556152 0.2875 0.556152 0.287891 0.556641 0.287891 0.557129 0.288281 0.557617 0.288281 0.558105 0.289453 0.55957 0.290234 0.55957 0.291406 0.561035 0.291797 0.561035 0.292578 0.562012 0.292969 0.562012 0.294141 0.563477 0.294922 0.563477 0.295312 0.563965 0.296094 0.563965 0.296484 0.564453 0.297266 0.564453 0.298047 0.56543 0.298828 0.56543 0.299219 0.565918 0.300391 0.565918 0.300781 0.566406 0.301172 0.566406 0.301563 0.566895 0.302344 0.566895 0.302734 0.567383 0.304297 0.567383 0.304688 0.567871 0.309375 0.567871 0.309766 0.568359 0.311719 0.568359 0.312109 0.568848 0.314453 0.568848 0.314844 0.569336 0.316797 0.569336 0.317188 0.569824 0.319141 0.569824 0.319531 0.570312 0.321484 0.570312 0.321875 0.570801 0.336719 0.570801 0.337109 0.571289 0.344141 0.571289 0.344531 0.570801 0.346875 0.570801 0.347266 0.570312 0.347656 0.570312 0.348047 0.569824 0.349219 0.569824 0.349609 0.569336 0.350391 0.569336 0.351172 0.568359 0.352344 0.568359 0.352734 0.567871 0.353516 0.567871 0.353906 0.567383 0.354687 0.567383 0.355078 0.566895 0.35625 0.566895 0.356641 0.566406 0.357031 0.566406 0.358203 0.564941 0.358203 0.564453 0.358594 0.563965 0.358594 0.562012 0.358203 0.561523 0.358203 0.561035 0.356641 0.559082 0.35625 0.559082 0.355469 0.558105 0.355078 0.558105 0.354687 0.557617 0.354297 0.557617 0.353125 0.556152 0.352344 0.556152 0.351562 0.555176 0.351172 0.555176 0.350391 0.554199 0.35 0.554199 0.349219 0.553223 0.348047 0.553223 0.347656 0.552734 0.347266 0.552734 0.346484 0.551758 0.346094 0.551758 0.344531 0.549805 0.344531 0.549316 0.34375 0.54834 0.34375 0.547852 0.343359 0.547363 0.343359 0.546875 0.342969 0.546387 0.342969 0.545898 0.341406 0.543945 0.341406 0.543457 0.339453 0.541016 0.339062 0.541016 0.336328 0.537598 0.335938 0.537598 0.334375 0.535645 0.334375 0.535156 0.332422 0.532715 0.332422 0.532227 0.331641 0.53125 0.331641 0.530762 0.33125 0.530273 0.33125 0.528809 0.330469 0.527832 0.330469 0.527344 0.330078 0.526855 0.330078 0.526367 0.325391 0.520508 0.325391 0.52002 0.323437 0.517578 0.323437 0.51709 0.319922 0.512695 0.319922 0.512207 0.317578 0.509277 0.317188 0.509277 0.316406 0.508301 0.314844 0.508301 0.314453 0.507812 0.313672 0.507812 0.313281 0.507324 0.3125 0.507324 0.312109 0.506836 0.310937 0.506836 0.310547 0.506348 0.308594 0.506348 0.308203 0.505859 0.307031 0.505859 0.305859 0.504395 0.304688 0.504395 0.304297 0.503906 0.303125 0.503906 0.302734 0.503418 0.301953 0.503418 0.301563 0.50293 0.300781 0.50293 0.300391 0.502441 0.298828 0.502441 0.298438 0.501953 0.297266 0.501953 0.296875 0.501465 0.294531 0.501465 0.294141 0.500977 0.289062 0.500977 0.288672 0.500488
2 0.378867 0.574072 0.363828 0.573926 0.347852 0.574854 0.372969 0.592676 0.386719 0.615723 0.389062 0.619629 0.394922 0.624512 0.415234 0.633789 0.423047 0.632324 0.428516 0.627441 0.43125 0.619629 0.430469 0.60791 0.428516 0.602539 0.420312 0.59082 0.404687 0.57959 0.394531 0.576172 0.386328 0.577148
0 0.105625 0.4271 0.102266 0.450488 0.121484 0.517578 0.130078 0.526367 0.135547 0.527832 0.151562 0.517578 0.159766 0.510254 0.162891 0.500488 0.162891 0.493652 0.153906 0.478027 0.146094 0.473145 0.137891 0.474609 0.113398 0.446143
0 0.150781 0.431152 0.149219 0.433594 0.145703 0.456543 0.145703 0.467285 0.143555 0.483496 0.151914 0.502441 0.169102 0.515137 0.191328 0.579834 0.2 0.505518 0.189453 0.471191 0.189844 0.466309 0.186328 0.459473 0.171094 0.439941 0.155078 0.431152
0 0.156641 0.358789 0.140703 0.353711 0.133711 0.368652 0.145703 0.402344 0.149609 0.414062 0.161328 0.427734 0.171875 0.437012 0.198437 0.445312 0.203867 0.452588 0.208594 0.45166 0.210156 0.446777 0.209414 0.443848 0.208594 0.438965 0.207969 0.435352 0.204297 0.423828 0.203906 0.408691 0.201953 0.397949 0.190234 0.38623 0.183203 0.376465 0.177734 0.37207 0.167187 0.367188
0 0.232813 0.0512695 0.227734 0.0551758 0.226953 0.0600586 0.223828 0.0625 0.200391 0.0947266 0.196484 0.105469 0.194531 0.118164 0.186719 0.135254 0.184766 0.151367 0.189062 0.17334 0.188672 0.181152 0.189844 0.185547 0.195312 0.188477 0.200781 0.187988 0.216406 0.174805 0.225391 0.160645 0.232031 0.121094 0.232031 0.114258 0.226172 0.0908203 0.225781 0.0668945
0 0.103203 0.132227 0.120938 0.126025 0.0945312 0.151855 0.0941406 0.160156 0.0996094 0.17627 0.0996094 0.182617 0.0933594 0.202148 0.0757812 0.222656 0.0679687 0.229492 0.0578125 0.230469 0.0480469 0.225586 0.0441406 0.217773 0.0441406 0.213379 0.0488281 0.193848 0.0507812 0.177246 0.0558594 0.161133 0.0648438 0.147949 0.0726563 0.141602 0.0917969 0.134766
0 0.111133 0.00488281 0.108203 0.0332031 0.107813 0.0454102 0.105078 0.0522461 0.102734 0.0761719 0.1 0.0805664 0.100391 0.0834961 0.100273 0.0878906 0.101172 0.0908203 0.108594 0.10791 0.115234 0.129883 0.119141 0.133789 0.123828 0.134277 0.142187 0.116699 0.148047 0.106445 0.15 0.090332 0.146875 0.0693359 0.14207 0.0643555 0.135469 0.052832 0.130742 0.0465332 0.123438 0.027832
0 0.107969 0.0947754 0.0875 0.0952148 0.0695313 0.0864258 0.0601563 0.0795898 0.0453125 0.0800781 0.0375 0.0830078 0.021875 0.0927734 0.0144531 0.0942383 0.00976562 0.097168 0.0046875 0.106934 0.00390625 0.116699 0.00742187 0.124023 0.0121094 0.125977 0.0617188 0.131836 0.0714844 0.12793 0.0789062 0.12207 0.0882813 0.10791
0 0 0.135254 0 0.214844 0.00507813 0.218262 0.0132812 0.220215 0.0289063 0.21582 0.0363281 0.219727 0.0691797 0.252734 0.0457031 0.192871 0.0457031 0.189453 0.0425781 0.185059 0.0417969 0.180664 0.0339844 0.168457 0.0296875 0.156738 0.0214844 0.144531 0.0144531 0.138672 0.00703125 0.135254
0 0.196875 0.192383 0.192578 0.190918 0.189844 0.193359 0.187109 0.208984 0.179297 0.218262 0.170313 0.222656 0.165234 0.229004 0.157812 0.243164 0.156641 0.250977 0.150781 0.26416 0.149219 0.272949 0.149609 0.281738 0.154297 0.291504 0.1625 0.293945 0.174219 0.289062 0.178516 0.28418 0.194141 0.256348 0.199609 0.23584 0.198828 0.196777
0 0.553125 0 0.528516 0 0.523828 0.00585938 0.519922 0.0244141 0.517969 0.0639648 0.521094 0.0800781 0.525781 0.0893555 0.533594 0.090332 0.537891 0.0874023 0.544531 0.0751953 0.557031 0.0419922 0.558984 0.0322266 0.558594 0.0195312 0.555859 0.00585938
0 0.608203 0.00488281 0.608594 0.00683594 0.614062 0.0102539 0.630469 0.0107422 0.636719 0.0175781 0.641406 0.0458984 0.649219 0.0634766 0.657422 0.0708008 0.677344 0.081543 0.686719 0.090332 0.704297 0.118164 0.709375 0.121094 0.709375 0.111328 0.706641 0.106934 0.70625 0.103027 0.688672 0.0664062 0.683984 0.0415039 0.678906 0.0292969 0.666797 0.0112305 0.662109 0.00878906 0.657813 0.00976562 0.648438 0.00292969 0.646875 0 0.637109 0 0.636328 0.00244141 0.626172 0.00292969 0.623047 0.00585938 0.620313 0.00439453
1 0.770703 0.00537109 0.767188 0.00537109 0.766016 0.0205078 0.758984 0.0400391 0.757031 0.0498047 0.753125 0.0546875 0.744531 0.0566406 0.733984 0.0644531 0.728125 0.0712891 0.722266 0.0859375 0.716797 0.0952148 0.7125 0.106934 0.710547 0.118652 0.711719 0.124023 0.716016 0.130859 0.722656 0.133301 0.735938 0.131836 0.752344 0.124023 0.760938 0.115234 0.771094 0.0981445 0.774609 0.0839844 0.775781 0.0703125
0 0.849961 0.142383 0.840703 0.130469 0.841016 0.166016 0.840625 0.172852 0.837109 0.182617 0.836719 0.193359 0.845313 0.218262 0.854688 0.230469 0.865234 0.233887 0.871484 0.226562 0.873828 0.220703 0.875781 0.208984 0.874609 0.196777 0.866016 0.179199 0.857422 0.166504 0.852344 0.162109 0.850391 0.157715
0 0.878711 0.051416 0.892188 0.0439453 0.896094 0.0429688 0.910547 0.0307617 0.916406 0.0283203 0.928516 0.0283203 0.944922 0.0322266 0.967578 0.0297852 0.983594 0.0146484 0.9875 0.00634766 0.987891 0 0.923047 0 0.918359 0.0078125 0.907422 0.0166016 0.896094 0.0317383 0.892188 0.0341797
2 0.946875 0.0375977 0.948047 0.0449219 0.946875 0.0634766 0.948828 0.0732422 0.948047 0.0883789 0.939063 0.118652 0.936914 0.127148 0.932813 0.135254 0.93125 0.138184 0.923047 0.13916 0.915625 0.132812 0.914453 0.122559 0.913164 0.114355 0.911992 0.106152 0.914453 0.101074 0.915625 0.0834961 0.917969 0.0795898 0.919141 0.0688477 0.922266 0.0639648 0.922656 0.0600586 0.939063 0.0371094
1 0.305078 0 0.304297 0.000976562 0.304297 0.00195312 0.303516 0.00292969 0.303516 0.00341797 0.303125 0.00390625 0.303125 0.00439453 0.302734 0.00488281 0.302734 0.00537109 0.302344 0.00585938 0.302344 0.00634766 0.301953 0.00683594 0.301953 0.00732422 0.301563 0.0078125 0.301563 0.00830078 0.301172 0.00878906 0.301172 0.0102539 0.300781 0.0107422 0.300781 0.0117188 0.300391 0.012207 0.300391 0.0166016 0.3 0.0170898 0.3 0.0185547 0.299609 0.019043 0.299609 0.0214844 0.299219 0.0219727 0.299219 0.0224609 0.298828 0.0229492 0.298828 0.0263672 0.298438 0.0268555 0.298438 0.0302734 0.298047 0.0307617 0.298047 0.034668 0.297266 0.0356445 0.297266 0.0371094 0.296484 0.0380859 0.296484 0.0385742 0.295703 0.0395508 0.295703 0.0400391 0.295312 0.0405273 0.295312 0.0410156 0.294141 0.0424805 0.294141 0.043457 0.29375 0.0439453 0.29375 0.0444336 0.293359 0.0449219 0.293359 0.0454102 0.292578 0.0463867 0.292578 0.046875 0.291797 0.0478516 0.291797 0.0483398 0.290234 0.050293 0.290234 0.0517578 0.289453 0.0527344 0.289453 0.0532227 0.289062 0.0537109 0.289062 0.0541992 0.288672 0.0546875 0.288672 0.0551758 0.2875 0.0566406 0.287109 0.0566406 0.284766 0.0595703 0.283984 0.0595703 0.283203 0.0605469 0.282813 0.0605469 0.282031 0.0615234 0.281641 0.0615234 0.28125 0.0620117 0.280859 0.0620117 0.280078 0.0629883 0.279687 0.0629883 0.279297 0.0634766 0.278906 0.0634766 0.278125 0.0644531 0.277734 0.0644531 0.276953 0.0654297 0.276172 0.0654297 0.275391 0.0664062 0.275 0.0664062 0.273828 0.0678711 0.273828 0.0717773 0.275 0.0732422 0.275391 0.0732422 0.275781 0.0737305 0.276172 0.0737305 0.277344 0.0751953 0.284766 0.0751953 0.285938 0.0737305 0.286328 0.0737305 0.288281 0.0712891 0.289062 0.0712891 0.290234 0.0698242 0.290234 0.0693359 0.291797 0.0673828 0.292187 0.0673828 0.29375 0.0654297 0.294141 0.0654297 0.295312 0.0639648 0.295312 0.0634766 0.295703 0.0629883 0.296094 0.0629883 0.297266 0.0615234 0.297656 0.0615234 0.298438 0.0605469 0.299219 0.0605469 0.301563 0.0576172 0.301953 0.0576172 0.303125 0.0561523 0.303906 0.0561523 0.30625 0.0532227 0.306641 0.0532227 0.309375 0.0498047 0.309766 0.0498047 0.312109 0.046875 0.312891 0.046875 0.314063 0.0454102 0.314063 0.0449219 0.315234 0.043457 0.315625 0.043457 0.318359 0.0400391 0.31875 0.0400391 0.319141 0.0395508 0.319531 0.0395508 0.319922 0.0390625 0.320312 0.0390625 0.320703 0.0385742 0.321484 0.0385742 0.322656 0.0371094 0.323047 0.0371094 0.323437 0.0366211 0.324219 0.0366211 0.324609 0.0361328 0.325391 0.0361328 0.326172 0.0351562 0.326562 0.0351562 0.327344 0.0341797 0.327734 0.0341797 0.328906 0.0327148 0.329297 0.0327148 0.330078 0.0317383 0.330469 0.0317383 0.330859 0.03125 0.33125 0.03125 0.332031 0.0302734 0.332422 0.0302734 0.333203 0.0292969 0.333594 0.0292969 0.334375 0.0283203 0.334766 0.0283203 0.335156 0.027832 0.336328 0.027832 0.337109 0.0268555 0.3375 0.0268555 0.338672 0.0253906 0.339062 0.0253906 0.339453 0.0249023 0.340234 0.0249023 0.341406 0.0234375 0.342578 0.0234375 0.34375 0.0219727 0.344141 0.0219727 0.344922 0.0209961 0.345313 0.0209961 0.345703 0.0205078 0.346094 0.0205078 0.346484 0.0200195 0.346875 0.0200195 0.348438 0.0180664 0.348828 0.0180664 0.35 0.0166016 0.35 0.0161133 0.351562 0.0141602 0.351953 0.0141602 0.352734 0.0131836 0.353125 0.0131836 0.35625 0.00927734 0.35625 0.00878906 0.357031 0.0078125 0.357031 0.00732422 0.357812 0.00634766 0.358203 0.00634766 0.359375 0.00488281 0.359375 0.00390625 0.359766 0.00341797 0.359766 0.00292969 0.360156 0.00244141 0.360156 0
0 0.949609 0.921387 0.949219 0.927246 0.952344 0.936035 0.956641 0.940918 0.974219 0.953613 0.986719 0.955078 1 0.947754 1 0.916016 0.990625 0.910645 0.980469 0.907715 0.966797 0.908691 0.953516 0.915527
2 0.825781 0.378906 0.825 0.379883 0.823438 0.379883 0.823047 0.380371 0.822266 0.380371 0.821875 0.380859 0.821094 0.380859 0.820703 0.381348 0.820312 0.381348 0.819922 0.381836 0.819531 0.381836 0.818359 0.383301 0.817187 0.383301 0.816406 0.384277 0.815234 0.384277 0.814063 0.385742 0.814063 0.389648 0.814453 0.390137 0.814453 0.391113 0.815234 0.39209 0.815234 0.397949 0.814063 0.399414 0.814063 0.401855 0.814453 0.402344 0.814453 0.403809 0.814844 0.404297 0.814844 0.404785 0.815234 0.405273 0.815234 0.405762 0.816016 0.406738 0.816016 0.407715 0.816406 0.408203 0.816406 0.408691 0.817187 0.409668 0.817187 0.410156 0.817578 0.410645 0.817578 0.412598 0.817969 0.413086 0.817969 0.413574 0.818359 0.414062 0.818359 0.414551 0.81875 0.415039 0.81875 0.416016 0.819141 0.416504 0.819141 0.416992 0.819531 0.41748 0.819531 0.417969 0.819922 0.418457 0.819922 0.419922 0.820312 0.42041 0.820312 0.420898 0.820703 0.421387 0.820703 0.422363 0.821094 0.422852 0.821094 0.423828 0.821484 0.424316 0.821484 0.424805 0.822266 0.425781 0.822266 0.426758 0.823438 0.428223 0.823438 0.428711 0.824219 0.429688 0.824219 0.430176 0.825781 0.432129 0.825781 0.432617 0.828125 0.435547 0.828125 0.436035 0.829688 0.437988 0.829688 0.438477 0.833203 0.442871 0.833594 0.442871 0.837891 0.448242 0.838281 0.448242 0.839453 0.449707 0.839844 0.449707 0.840234 0.450195 0.840234 0.450684 0.842187 0.453125 0.842578 0.453125 0.843359 0.454102 0.84375 0.454102 0.844141 0.45459 0.844531 0.45459 0.846094 0.456543 0.846875 0.456543 0.847266 0.457031 0.847656 0.457031 0.848047 0.45752 0.849219 0.45752 0.849609 0.458008 0.850391 0.458008 0.851172 0.458984 0.851562 0.458984 0.852344 0.459961 0.852734 0.459961 0.853125 0.460449 0.853516 0.460449 0.853906 0.460938 0.854297 0.460938 0.854688 0.461426 0.855078 0.461426 0.855859 0.462402 0.85625 0.462402 0.857031 0.463379 0.857422 0.463379 0.858203 0.464355 0.858984 0.464355 0.859766 0.465332 0.860547 0.465332 0.861328 0.466309 0.861719 0.466309 0.862109 0.466797 0.8625 0.466797 0.863281 0.467773 0.864062 0.467773 0.865234 0.469238 0.865625 0.469238 0.866406 0.470215 0.866797 0.470215 0.867188 0.470703 0.867969 0.470703 0.86875 0.47168 0.869531 0.47168 0.869922 0.472168 0.871875 0.472168 0.873047 0.470703 0.873047 0.467773 0.872656 0.467285 0.872656 0.466797 0.872266 0.466309 0.872266 0.46582 0.871484 0.464844 0.871484 0.464355 0.871094 0.463867 0.871094 0.463379 0.869922 0.461914 0.869922 0.461426 0.869531 0.460938 0.869531 0.458984 0.869141 0.458496 0.869141 0.45752 0.86875 0.457031 0.86875 0.450684 0.868359 0.450195 0.868359 0.449219 0.867969 0.44873 0.867969 0.446777 0.867578 0.446289 0.867578 0.444336 0.867188 0.443848 0.867188 0.441895 0.866797 0.441406 0.866797 0.438477 0.866406 0.437988 0.866406 0.4375 0.866016 0.437012 0.866016 0.436523 0.865625 0.436035 0.865625 0.435547 0.865234 0.435059 0.865234 0.434082 0.864453 0.433105 0.864453 0.432617 0.864062 0.432129 0.864062 0.431152 0.863672 0.430664 0.863672 0.430176 0.862109 0.428223 0.862109 0.426758 0.860938 0.425293 0.860938 0.424805 0.860547 0.424316 0.860547 0.42334 0.859375 0.421875 0.859375 0.421387 0.858984 0.420898 0.858984 0.42041 0.858594 0.419922 0.858594 0.419434 0.858203 0.418945 0.858203 0.417969 0.85625 0.415527 0.85625 0.415039 0.855859 0.414551 0.855859 0.413086 0.855078 0.412109 0.855078 0.410645 0.854688 0.410156 0.854688 0.40918 0.854297 0.408691 0.854297 0.407715 0.853516 0.406738 0.853516 0.40625 0.852734 0.405273 0.852734 0.404785 0.852344 0.404297 0.852344 0.403809 0.851953 0.40332 0.851953 0.402832 0.851562 0.402344 0.851562 0.401855 0.850781 0.400879 0.850781 0.400391 0.850391 0.399902 0.850391 0.399414 0.848437 0.396973 0.848437 0.395996 0.846484 0.393555 0.846094 0.393555 0.845313 0.392578 0.845313 0.39209 0.844531 0.391113 0.844141 0.391113 0.842578 0.38916 0.842187 0.38916 0.838672 0.384766 0.838281 0.384766 0.837109 0.383301 0.836719 0.383301 0.836328 0.382812 0.835938 0.382812 0.835156 0.381836 0.834766 0.381836 0.834375 0.381348 0.833984 0.381348 0.833203 0.380371 0.832422 0.380371 0.832031 0.379883 0.830859 0.379883 0.830469 0.379395 0.829688 0.379395 0.829297 0.378906
