1 0.275391 0.216797 0.274609 0.217773 0.274609 0.218262 0.274219 0.21875 0.274219 0.219238 0.273828 0.219727 0.273828 0.221191 0.273438 0.22168 0.273438 0.226074 0.273828 0.226562 0.273828 0.228516 0.274219 0.229004 0.274219 0.22998 0.274609 0.230469 0.274609 0.231445 0.275 0.231934 0.275 0.23291 0.275391 0.233398 0.275391 0.233887 0.275781 0.234375 0.275781 0.234863 0.276172 0.235352 0.276172 0.23584 0.276562 0.236328 0.276562 0.236816 0.277344 0.237793 0.277344 0.238281 0.278516 0.239746 0.278516 0.240234 0.280078 0.242188 0.280078 0.242676 0.28125 0.244141 0.28125 0.244629 0.282422 0.246094 0.282813 0.246094 0.284375 0.248047 0.284766 0.248047 0.285547 0.249023 0.285938 0.249023 0.286719 0.25 0.2875 0.25 0.287891 0.250488 0.288281 0.250488 0.288672 0.250977 0.289062 0.250977 0.290234 0.252441 0.290625 0.252441 0.291406 0.253418 0.291797 0.253418 0.292187 0.253906 0.292578 0.253906 0.292969 0.254395 0.293359 0.254395 0.29375 0.254883 0.294141 0.254883 0.294531 0.255371 0.294922 0.255371 0.295312 0.255859 0.295703 0.255859 0.296094 0.256348 0.296875 0.256348 0.298047 0.257812 0.298438 0.257812 0.298828 0.257324 0.299219 0.257324 0.299219 0.256836 0.299609 0.256348 0.299609 0.251953 0.299219 0.251465 0.299219 0.250977 0.297656 0.249023 0.297656 0.248535 0.296875 0.247559 0.296875 0.246094 0.296484 0.245605 0.296484 0.243652 0.296094 0.243164 0.296094 0.242676 0.295703 0.242188 0.295703 0.241699 0.295312 0.241211 0.295312 0.240723 0.294922 0.240234 0.294922 0.239746 0.294531 0.239258 0.294531 0.238281 0.294141 0.237793 0.294141 0.236816 0.29375 0.236328 0.29375 0.23584 0.292187 0.233887 0.291797 0.233887 0.290234 0.231934 0.290234 0.231445 0.289453 0.230469 0.289453 0.22998 0.286719 0.226562 0.286328 0.226562 0.285156 0.225098 0.284766 0.225098 0.281641 0.221191 0.281641 0.220703 0.280859 0.219727 0.280859 0.219238 0.279687 0.217773 0.279297 0.217773 0.278906 0.217285 0.277734 0.217285 0.277344 0.216797
1 0.176953 0.502441 0.176172 0.501465 0.175781 0.501465 0.175391 0.500977 0.171484 0.500977 0.171094 0.501465 0.169922 0.501465 0.169531 0.501953 0.16875 0.501953 0.168359 0.502441 0.167969 0.502441 0.167578 0.50293 0.166797 0.50293 0.166406 0.503418 0.166016 0.503418 0.165625 0.503906 0.165234 0.503906 0.163672 0.505859 0.163672 0.506348 0.161719 0.508789 0.161719 0.509277 0.161328 0.509766 0.161328 0.512207 0.160938 0.512695 0.160938 0.51416 0.161328 0.514648 0.161328 0.515625 0.162109 0.516602 0.162109 0.51709 0.1625 0.517578 0.162891 0.517578 0.163281 0.518066 0.164062 0.518066 0.164453 0.518555 0.167578 0.518555 0.167969 0.518066 0.169531 0.518066 0.169922 0.517578 0.170313 0.517578 0.171484 0.516113 0.171875 0.516113 0.173047 0.514648 0.173437 0.514648 0.175391 0.512207 0.175391 0.511719 0.176172 0.510742 0.176172 0.509766 0.176563 0.509277 0.176563 0.508301 0.176953 0.507812 0.176953 0.506836 0.177344 0.506348 0.177344 0.503906 0.176953 0.503418
1 0.482031 0.243164 0.482031 0.244629 0.482812 0.245605 0.483203 0.245605 0.483594 0.246094 0.483984 0.246094 0.485547 0.248047 0.485938 0.248047 0.486328 0.248535 0.4875 0.248535 0.487891 0.249023 0.489453 0.249023 0.489844 0.249512 0.490234 0.249512 0.491797 0.251465 0.491797 0.251953 0.492188 0.252441 0.492578 0.252441 0.494141 0.254395 0.494531 0.254395 0.495703 0.255859 0.496094 0.255859 0.500391 0.26123 0.500781 0.26123 0.501563 0.262207 0.501953 0.262207 0.502344 0.262695 0.502734 0.262695 0.503125 0.263184 0.503516 0.263184 0.504687 0.264648 0.504687 0.265137 0.505078 0.265625 0.505078 0.26709 0.505859 0.268066 0.50625 0.268066 0.506641 0.268555 0.508594 0.268555 0.508984 0.269043 0.509375 0.269043 0.510156 0.268066 0.510156 0.266113 0.509766 0.265625 0.509766 0.264648 0.509375 0.26416 0.509375 0.260254 0.508984 0.259766 0.508984 0.257812 0.508594 0.257324 0.508594 0.255371 0.508203 0.254883 0.508203 0.25293 0.507812 0.252441 0.507812 0.251465 0.507031 0.250488 0.507031 0.25 0.506641 0.249512 0.506641 0.249023 0.505859 0.248047 0.505859 0.247559 0.505469 0.247559 0.505078 0.24707 0.504687 0.24707 0.503906 0.246094 0.503516 0.246094 0.502734 0.245117 0.502344 0.245117 0.501563 0.244141 0.500781 0.244141 0.500391 0.243652 0.5 0.243652 0.499609 0.243164 0.499219 0.243164 0.498828 0.242676 0.498047 0.242676 0.497656 0.242188 0.482812 0.242188
1 0.404687 0.0214844 0.404297 0.0219727 0.404297 0.0224609 0.403906 0.0229492 0.403906 0.0336914 0.403516 0.0341797 0.403516 0.0415039 0.403906 0.0419922 0.403906 0.0444336 0.404297 0.0449219 0.404297 0.0458984 0.404687 0.0463867 0.404687 0.0473633 0.405078 0.0478516 0.405078 0.0488281 0.405469 0.0493164 0.405469 0.0498047 0.405859 0.050293 0.405859 0.0507812 0.40625 0.0512695 0.40625 0.0517578 0.406641 0.0522461 0.406641 0.0527344 0.407031 0.0532227 0.407031 0.0537109 0.407422 0.0541992 0.407422 0.0546875 0.408594 0.0561523 0.408594 0.0566406 0.409766 0.0581055 0.409766 0.0585938 0.410156 0.059082 0.410156 0.0595703 0.410547 0.0600586 0.410547 0.0605469 0.410938 0.0610352 0.410938 0.0615234 0.411328 0.0620117 0.411719 0.0620117 0.412109 0.0625 0.412891 0.0625 0.414062 0.0610352 0.414062 0.0605469 0.414453 0.0600586 0.414453 0.0595703 0.414844 0.059082 0.414844 0.0576172 0.415234 0.0571289 0.415234 0.0561523 0.415625 0.0556641 0.415625 0.0541992 0.416016 0.0537109 0.416016 0.0512695 0.416406 0.0507812 0.416406 0.0478516 0.416016 0.0473633 0.416016 0.0454102 0.415625 0.0449219 0.415625 0.0429688 0.415234 0.0424805 0.415234 0.0405273 0.414844 0.0400391 0.414844 0.0395508 0.414453 0.0390625 0.414453 0.0380859 0.414062 0.0375977 0.414062 0.0366211 0.413672 0.0361328 0.413672 0.0351562 0.413281 0.034668 0.413281 0.0336914 0.410156 0.0297852 0.410156 0.0292969 0.409766 0.0288086 0.409766 0.0249023 0.409375 0.0244141 0.409375 0.0239258 0.408984 0.0234375 0.408984 0.0229492 0.408594 0.0224609 0.408594 0.0219727 0.408203 0.0214844
1 0.475781 0.527832 0.475781 0.52832 0.475391 0.528809 0.475391 0.529297 0.475781 0.529785 0.475781 0.530273 0.476172 0.530273 0.477344 0.531738 0.477344 0.532227 0.478125 0.533203 0.478516 0.533203 0.478906 0.533691 0.479297 0.533691 0.479687 0.53418 0.480078 0.53418 0.480469 0.534668 0.480859 0.534668 0.48125 0.535156 0.481641 0.535156 0.484375 0.538574 0.484375 0.539062 0.486719 0.541992 0.487109 0.541992 0.4875 0.54248 0.487891 0.54248 0.488281 0.542969 0.488672 0.542969 0.489453 0.543945 0.489844 0.543945 0.490625 0.544922 0.491016 0.544922 0.491406 0.54541 0.491797 0.54541 0.492188 0.545898 0.492578 0.545898 0.492969 0.546387 0.49375 0.546387 0.494141 0.546875 0.494922 0.546875 0.495312 0.547363 0.496094 0.547363 0.496875 0.54834 0.497266 0.54834 0.497656 0.548828 0.498047 0.548828 0.498437 0.549316 0.499219 0.549316 0.499609 0.549805 0.500391 0.549805 0.500781 0.550293 0.501172 0.550293 0.501563 0.550781 0.505859 0.550781 0.50625 0.550293 0.506641 0.550293 0.506641 0.549805 0.507031 0.549316 0.507031 0.54834 0.503516 0.543945 0.503125 0.543945 0.502344 0.542969 0.501953 0.542969 0.501172 0.541992 0.501172 0.541504 0.500391 0.540527 0.500391 0.540039 0.5 0.539551 0.5 0.539062 0.499609 0.538574 0.499609 0.538086 0.499219 0.537598 0.499219 0.537109 0.498828 0.536621 0.498828 0.536133 0.498047 0.535156 0.498047 0.534668 0.497266 0.533691 0.496875 0.533691 0.495703 0.532227 0.495312 0.532227 0.494922 0.531738 0.494531 0.531738 0.49375 0.530762 0.493359 0.530762 0.492969 0.530273 0.492578 0.530273 0.491797 0.529297 0.491406 0.529297 0.491016 0.528809 0.490625 0.528809 0.490234 0.52832 0.488672 0.52832 0.488281 0.527832 0.482812 0.527832 0.482422 0.527344 0.480859 0.527344 0.480469 0.526855 0.479297 0.526855 0.478906 0.526367 0.478125 0.526367 0.477734 0.526855 0.476953 0.526855 0.476172 0.527832
1 0.580859 0.556641 0.580859 0.558105 0.581641 0.559082 0.582031 0.559082 0.582422 0.55957 0.583203 0.55957 0.583594 0.560059 0.583984 0.560059 0.584375 0.560547 0.584766 0.560547 0.585547 0.561523 0.585938 0.561523 0.586719 0.5625 0.587109 0.5625 0.5875 0.562988 0.587891 0.562988 0.588281 0.563477 0.588672 0.563477 0.589063 0.563965 0.589453 0.563965 0.589844 0.564453 0.590625 0.564453 0.591016 0.564941 0.591406 0.564941 0.591797 0.56543 0.592578 0.56543 0.592969 0.565918 0.59375 0.565918 0.594141 0.566406 0.594922 0.566406 0.595313 0.566895 0.600391 0.566895 0.600781 0.566406 0.601562 0.566406 0.601953 0.565918 0.602344 0.565918 0.602734 0.56543 0.603516 0.56543 0.604297 0.564453 0.604297 0.563965 0.604688 0.563477 0.604688 0.562012 0.605078 0.561523 0.605078 0.560547 0.604688 0.560059 0.604688 0.55957 0.604297 0.55957 0.601172 0.555664 0.600781 0.555664 0.600391 0.555176 0.599609 0.555176 0.599219 0.554688 0.598047 0.554688 0.597656 0.554199 0.596875 0.554199 0.596484 0.553711 0.594531 0.553711 0.594141 0.553223 0.5875 0.553223 0.587109 0.553711 0.586719 0.553711 0.586328 0.554199 0.585547 0.554199 0.585156 0.554688 0.584375 0.554688 0.583984 0.555176 0.583203 0.555176 0.582812 0.555664 0.582031 0.555664 0.581641 0.556152 0.58125 0.556152
1 0.551953 0.63623 0.551172 0.637207 0.551172 0.637695 0.550781 0.638184 0.550781 0.638672 0.550391 0.63916 0.550391 0.640137 0.55 0.640625 0.55 0.649902 0.550391 0.650391 0.550391 0.652344 0.550781 0.652832 0.550781 0.654297 0.551172 0.654785 0.551172 0.655762 0.551562 0.65625 0.551562 0.656738 0.551953 0.657227 0.551953 0.658203 0.552344 0.658691 0.552344 0.660156 0.552734 0.660645 0.552734 0.662109 0.553125 0.662598 0.553125 0.663574 0.553516 0.664062 0.553516 0.664551 0.553906 0.665039 0.553906 0.665527 0.555469 0.66748 0.555859 0.66748 0.55625 0.667969 0.557031 0.667969 0.557422 0.66748 0.557813 0.66748 0.558203 0.666992 0.558594 0.666992 0.559375 0.666016 0.559766 0.666016 0.560156 0.665527 0.560156 0.665039 0.560547 0.664551 0.560547 0.664062 0.560937 0.663574 0.560937 0.663086 0.561328 0.662598 0.561328 0.661621 0.561719 0.661133 0.561719 0.658691 0.562109 0.658203 0.562109 0.65332 0.561719 0.652832 0.561719 0.648926 0.561328 0.648438 0.561328 0.645996 0.560937 0.645508 0.560937 0.644531 0.560547 0.644043 0.560547 0.643066 0.560156 0.642578 0.560156 0.64209 0.559375 0.641113 0.559375 0.640625 0.557031 0.637695 0.556641 0.637695 0.55625 0.637207 0.555859 0.637207 0.555469 0.636719 0.554688 0.636719 0.554297 0.63623
1 0.617578 0.658691 0.617578 0.660156 0.617188 0.660645 0.617188 0.662598 0.617578 0.663086 0.617578 0.663574 0.617969 0.664062 0.617969 0.665039 0.61875 0.666016 0.61875 0.666504 0.619531 0.66748 0.619922 0.66748 0.621094 0.668945 0.621484 0.668945 0.622266 0.669922 0.622656 0.669922 0.623437 0.670898 0.623828 0.670898 0.624219 0.671387 0.625 0.671387 0.625391 0.671875 0.626953 0.671875 0.627344 0.672363 0.632422 0.672363 0.632812 0.671875 0.633984 0.671875 0.634375 0.671387 0.635547 0.671387 0.635938 0.670898 0.636328 0.670898 0.6375 0.669434 0.6375 0.668457 0.637891 0.667969 0.637891 0.66748 0.638281 0.666992 0.638281 0.665527 0.637891 0.665039 0.637891 0.664551 0.6375 0.664062 0.6375 0.663574 0.636719 0.662598 0.636719 0.662109 0.636328 0.662109 0.635156 0.660645 0.634766 0.660645 0.633984 0.659668 0.633594 0.659668 0.633203 0.65918 0.632812 0.65918 0.632422 0.658691 0.632031 0.658691 0.631641 0.658203 0.630469 0.658203 0.630078 0.657715 0.628516 0.657715 0.628125 0.657227 0.624609 0.657227 0.624219 0.656738 0.621094 0.656738 0.620703 0.657227 0.61875 0.657227
1 0.645703 0.740723 0.644922 0.739746 0.644531 0.739746 0.644141 0.739258 0.64375 0.739258 0.643359 0.73877 0.642188 0.73877 0.641797 0.738281 0.635938 0.738281 0.635547 0.73877 0.633984 0.73877 0.633594 0.739258 0.632812 0.739258 0.632422 0.739746 0.632031 0.739746 0.631641 0.740234 0.630859 0.740234 0.630469 0.740723 0.630078 0.740723 0.629687 0.741211 0.629297 0.741211 0.628516 0.742188 0.628125 0.742188 0.626172 0.744629 0.626172 0.745117 0.625391 0.746094 0.625391 0.746582 0.624219 0.748047 0.624219 0.748535 0.623828 0.749023 0.623828 0.75 0.623437 0.750488 0.623437 0.751953 0.625 0.751953 0.625391 0.752441 0.627734 0.752441 0.628125 0.75293 0.630859 0.75293 0.63125 0.753418 0.635156 0.753418 0.635547 0.75293 0.6375 0.75293 0.637891 0.752441 0.639062 0.752441 0.639453 0.751953 0.639844 0.751953 0.640234 0.751465 0.640625 0.751465 0.641016 0.750977 0.641406 0.750977 0.641797 0.750488 0.642188 0.750488 0.642578 0.75 0.642969 0.75 0.64375 0.749023 0.644141 0.749023 0.645312 0.747559 0.645312 0.74707 0.645703 0.746582 0.645703 0.745605 0.646094 0.745117 0.646094 0.742188 0.645703 0.741699
1 0.632422 0.782715 0.632031 0.782227 0.631641 0.782227 0.63125 0.781738 0.629297 0.781738 0.628906 0.78125 0.626172 0.78125 0.625781 0.780762 0.620313 0.780762 0.619922 0.78125 0.618359 0.78125 0.617969 0.781738 0.616406 0.781738 0.616016 0.782227 0.614844 0.782227 0.614453 0.782715 0.613672 0.782715 0.613281 0.783203 0.612891 0.783203 0.6125 0.783691 0.612109 0.783691 0.610156 0.786133 0.609766 0.786133 0.608984 0.787109 0.608594 0.787109 0.607812 0.788086 0.607422 0.788086 0.606641 0.789062 0.60625 0.789062 0.605859 0.789551 0.605469 0.789551 0.605078 0.790039 0.605078 0.791504 0.605469 0.791504 0.605859 0.791992 0.610938 0.791992 0.611328 0.79248 0.612109 0.79248 0.6125 0.792969 0.613281 0.792969 0.613672 0.793457 0.614453 0.793457 0.614844 0.793945 0.620703 0.793945 0.621094 0.793457 0.622656 0.793457 0.623047 0.792969 0.623437 0.792969 0.623828 0.79248 0.624219 0.79248 0.624609 0.791992 0.625 0.791992 0.625391 0.791504 0.625781 0.791504 0.626953 0.790039 0.627344 0.790039 0.628906 0.788086 0.629297 0.788086 0.630469 0.786621 0.630469 0.786133 0.632031 0.78418 0.632422 0.78418
1 0.659375 0.774902 0.657813 0.774902 0.656641 0.776367 0.656641 0.776855 0.65625 0.777344 0.65625 0.777832 0.655859 0.77832 0.655859 0.778809 0.655469 0.779297 0.655469 0.779785 0.653906 0.781738 0.653906 0.782227 0.653125 0.783203 0.653125 0.78418 0.652734 0.784668 0.652734 0.785156 0.652344 0.785645 0.652344 0.786133 0.651953 0.786621 0.651953 0.787109 0.651563 0.787598 0.651563 0.788086 0.651172 0.788574 0.651172 0.789062 0.650781 0.789551 0.650781 0.790039 0.650391 0.790527 0.650391 0.791992 0.65 0.79248 0.65 0.794922 0.649609 0.79541 0.649609 0.796387 0.649219 0.796875 0.649219 0.79834 0.648828 0.798828 0.648828 0.802734 0.648438 0.803223 0.648438 0.805176 0.648047 0.805664 0.648047 0.808105 0.648438 0.808594 0.648438 0.80957 0.648828 0.810059 0.648828 0.810547 0.649219 0.811035 0.649219 0.811523 0.649609 0.812012 0.650781 0.812012 0.652344 0.810059 0.652344 0.80957 0.653125 0.808594 0.653125 0.808105 0.654687 0.806152 0.654687 0.805664 0.655859 0.804199 0.655859 0.803711 0.657031 0.802246 0.657031 0.801758 0.658594 0.799805 0.658594 0.799316 0.659375 0.79834 0.659375 0.797852 0.660547 0.796387 0.660547 0.795898 0.660937 0.79541 0.660937 0.794922 0.661328 0.794434 0.661328 0.79248 0.661719 0.791992 0.661719 0.789551 0.662109 0.789062 0.662109 0.784668 0.661719 0.78418 0.661719 0.780762 0.661328 0.780273 0.661328 0.778809 0.660937 0.77832 0.660937 0.777832 0.660547 0.777344 0.660547 0.776855 0.660156 0.776367 0.660156 0.775879
1 0.328906 0.652344 0.328906 0.652832 0.328516 0.65332 0.328516 0.653809 0.328125 0.654297 0.328125 0.655762 0.327734 0.65625 0.327734 0.660645 0.328125 0.661133 0.328125 0.662109 0.329297 0.663574 0.329688 0.663574 0.330078 0.664062 0.330469 0.664062 0.330859 0.664551 0.33125 0.664551 0.332031 0.665527 0.332422 0.665527 0.332813 0.666016 0.333203 0.666016 0.333594 0.666504 0.333984 0.666504 0.334375 0.666992 0.334766 0.666992 0.335156 0.66748 0.335547 0.66748 0.335938 0.667969 0.336328 0.667969 0.336719 0.668457 0.337109 0.668457 0.3375 0.668945 0.338281 0.668945 0.338672 0.669434 0.339453 0.669434 0.339844 0.669922 0.340625 0.669922 0.341016 0.67041 0.341406 0.67041 0.341797 0.670898 0.342578 0.670898 0.342969 0.671387 0.344141 0.671387 0.344531 0.671875 0.345703 0.671875 0.346094 0.672363 0.347266 0.672363 0.347656 0.672852 0.348047 0.672852 0.348438 0.67334 0.348828 0.67334 0.349219 0.673828 0.35 0.673828 0.350391 0.674316 0.351562 0.674316 0.351953 0.674805 0.354297 0.674805 0.354687 0.674316 0.354687 0.67334 0.354297 0.672852 0.354297 0.672363 0.353125 0.670898 0.353125 0.67041 0.352344 0.669434 0.352344 0.668945 0.351953 0.668457 0.351953 0.66748 0.351562 0.666992 0.351562 0.666016 0.351172 0.665527 0.351172 0.665039 0.349219 0.662598 0.349219 0.662109 0.348438 0.661133 0.348438 0.660645 0.347656 0.659668 0.347656 0.65918 0.345703 0.656738 0.345313 0.656738 0.344531 0.655762 0.344141 0.655762 0.342187 0.65332 0.341797 0.65332 0.341406 0.652832 0.341016 0.652832 0.340625 0.652344 0.340234 0.652344 0.339844 0.651855 0.339062 0.651855 0.338672 0.651367 0.337891 0.651367 0.3375 0.650879 0.336328 0.650879 0.335938 0.650391 0.331641 0.650391 0.33125 0.650879 0.330078 0.650879
1 0.404687 0.704102 0.404687 0.706055 0.405078 0.706543 0.405078 0.707031 0.405469 0.70752 0.405469 0.708496 0.405859 0.708984 0.405859 0.709473 0.40625 0.709961 0.40625 0.710449 0.406641 0.710938 0.406641 0.711426 0.407031 0.711914 0.407031 0.712402 0.407813 0.713379 0.407813 0.713867 0.410156 0.716797 0.410547 0.716797 0.411328 0.717773 0.412109 0.717773 0.4125 0.718262 0.413281 0.718262 0.413672 0.71875 0.414453 0.71875 0.414844 0.719238 0.416016 0.719238 0.416406 0.719727 0.417578 0.719727 0.417969 0.720215 0.419141 0.720215 0.419531 0.720703 0.435547 0.720703 0.435547 0.719238 0.435156 0.71875 0.435156 0.717285 0.434766 0.716797 0.434766 0.716309 0.433594 0.714844 0.433594 0.714355 0.433203 0.713867 0.432812 0.713867 0.431641 0.712402 0.43125 0.712402 0.430469 0.711426 0.430078 0.711426 0.429297 0.710449 0.428906 0.710449 0.428516 0.709961 0.428125 0.709961 0.427344 0.708984 0.426953 0.708984 0.426172 0.708008 0.425781 0.708008 0.425391 0.70752 0.425 0.70752 0.424609 0.707031 0.424219 0.707031 0.423828 0.706543 0.423047 0.706543 0.422656 0.706055 0.422266 0.706055 0.421875 0.705566 0.421094 0.705566 0.420703 0.705078 0.419922 0.705078 0.419531 0.70459 0.418359 0.70459 0.417969 0.704102 0.416016 0.704102 0.415625 0.703613 0.412891 0.703613 0.4125 0.703125 0.406641 0.703125 0.40625 0.703613 0.405078 0.703613
1 0.435156 0.760742 0.435156 0.76123 0.434766 0.761719 0.434766 0.76709 0.435156 0.767578 0.435156 0.769531 0.435547 0.77002 0.435547 0.771973 0.435937 0.772461 0.435937 0.773926 0.436328 0.774414 0.436328 0.775391 0.436719 0.775879 0.436719 0.777344 0.437109 0.777832 0.437109 0.779297 0.4375 0.779785 0.4375 0.780762 0.437891 0.78125 0.437891 0.782715 0.438281 0.783203 0.438281 0.78418 0.438672 0.784668 0.438672 0.785645 0.439063 0.786133 0.439063 0.786621 0.439453 0.787109 0.439453 0.787598 0.441406 0.790039 0.441406 0.790527 0.446094 0.796387 0.446484 0.796387 0.447266 0.797363 0.447656 0.797363 0.448047 0.797852 0.448437 0.797852 0.45 0.799805 0.45 0.800293 0.450391 0.800781 0.450781 0.800781 0.451172 0.800293 0.451562 0.800293 0.451953 0.799805 0.451953 0.793457 0.452344 0.792969 0.452344 0.790039 0.451953 0.789551 0.451953 0.787598 0.451562 0.787109 0.451562 0.785156 0.451172 0.784668 0.451172 0.783203 0.450781 0.782715 0.450781 0.782227 0.449219 0.780273 0.449219 0.779785 0.448437 0.778809 0.448437 0.77832 0.447656 0.777344 0.447656 0.776855 0.446875 0.775879 0.446875 0.775391 0.441797 0.769043 0.441797 0.768555 0.440625 0.76709 0.440625 0.766602 0.439063 0.764648 0.438672 0.764648 0.436719 0.762207 0.436719 0.761719 0.436328 0.76123 0.436328 0.760742
1 0.635547 0.869141 0.633984 0.869141 0.633203 0.870117 0.632812 0.870117 0.632031 0.871094 0.631641 0.871094 0.629687 0.873535 0.629687 0.874023 0.627734 0.876465 0.627344 0.876465 0.627344 0.877441 0.626953 0.87793 0.626953 0.879395 0.626563 0.879883 0.626563 0.882324 0.626172 0.882812 0.626172 0.890137 0.625781 0.890625 0.625781 0.896484 0.626172 0.896973 0.626172 0.897461 0.627344 0.897461 0.628125 0.896484 0.628125 0.895996 0.630078 0.893555 0.630469 0.893555 0.635547 0.887207 0.635547 0.886719 0.636328 0.885742 0.636328 0.885254 0.636719 0.884766 0.636719 0.884277 0.637109 0.883789 0.637109 0.883301 0.6375 0.882812 0.6375 0.882324 0.637891 0.881836 0.637891 0.881348 0.638281 0.880859 0.638281 0.879883 0.638672 0.879395 0.638672 0.872559 0.638281 0.87207 0.638281 0.871582 0.637109 0.870117 0.636719 0.870117 0.636328 0.869629 0.635938 0.869629
1 0.646875 0.890625 0.646875 0.893555 0.647656 0.894531 0.647656 0.89502 0.648047 0.895508 0.648047 0.895996 0.648438 0.896484 0.648438 0.896973 0.65 0.898926 0.650391 0.898926 0.650781 0.899414 0.651172 0.899414 0.651563 0.899902 0.651953 0.899902 0.652344 0.900391 0.652734 0.900391 0.653125 0.900879 0.653906 0.900879 0.654297 0.901367 0.655469 0.901367 0.655859 0.901855 0.658203 0.901855 0.658594 0.902344 0.6625 0.902344 0.662891 0.901855 0.664453 0.901855 0.664844 0.901367 0.666797 0.901367 0.667188 0.900879 0.670703 0.900879 0.671094 0.900391 0.671484 0.900391 0.671875 0.899902 0.672266 0.899902 0.674219 0.897461 0.674219 0.895996 0.673438 0.89502 0.672656 0.89502 0.672266 0.894531 0.671875 0.894531 0.671484 0.894043 0.671094 0.894043 0.670703 0.893555 0.670312 0.893555 0.669922 0.893066 0.669531 0.893066 0.66875 0.89209 0.668359 0.89209 0.667969 0.891602 0.667578 0.891602 0.667188 0.891113 0.666797 0.891113 0.666406 0.890625 0.666016 0.890625 0.664844 0.88916 0.664453 0.88916 0.664062 0.888672 0.663672 0.888672 0.663281 0.888184 0.662891 0.888184 0.6625 0.887695 0.661328 0.887695 0.660937 0.887207 0.658203 0.887207 0.657813 0.886719 0.651172 0.886719 0.650781 0.887207 0.649609 0.887207 0.649219 0.887695 0.648828 0.887695 0.648438 0.888184 0.648047 0.888184 0.647656 0.888672 0.647656 0.88916 0.647266 0.889648 0.647266 0.890137
1 0.729297 0.818359 0.727344 0.818359 0.726562 0.819336 0.726562 0.819824 0.725391 0.821289 0.725391 0.821777 0.725 0.822266 0.725 0.823242 0.724609 0.82373 0.724609 0.824219 0.724219 0.824707 0.724219 0.825684 0.723828 0.826172 0.723828 0.827148 0.723437 0.827637 0.723437 0.828613 0.723047 0.829102 0.723047 0.82959 0.722656 0.830078 0.722656 0.831055 0.722266 0.831543 0.722266 0.832031 0.721875 0.83252 0.721875 0.833496 0.721484 0.833984 0.721484 0.834473 0.721094 0.834961 0.721094 0.835938 0.720703 0.836426 0.720703 0.837891 0.720313 0.838379 0.720313 0.845703 0.720703 0.846191 0.720703 0.847168 0.721094 0.847656 0.721094 0.848633 0.721484 0.849121 0.721484 0.850098 0.721875 0.850586 0.721875 0.851074 0.722266 0.851562 0.722266 0.852051 0.723437 0.853516 0.723437 0.854004 0.723828 0.854492 0.723828 0.855469 0.724219 0.855957 0.725391 0.855957 0.725391 0.855469 0.727344 0.853027 0.727734 0.853027 0.728125 0.852539 0.728516 0.852539 0.730469 0.850098 0.730469 0.849121 0.730859 0.848633 0.730859 0.847656 0.73125 0.847168 0.73125 0.846191 0.731641 0.845703 0.731641 0.84375 0.732031 0.843262 0.732031 0.84082 0.732422 0.840332 0.732422 0.834473 0.732031 0.833984 0.732031 0.830566 0.731641 0.830078 0.731641 0.829102 0.73125 0.828613 0.73125 0.827637 0.730859 0.827148 0.730859 0.826172 0.730469 0.825684 0.730469 0.821289 0.730078 0.820801 0.730078 0.820312 0.729688 0.819824 0.729688 0.819336 0.729297 0.818848
1 0.767188 0.803223 0.766797 0.803711 0.766797 0.804688 0.766406 0.805176 0.766406 0.806641 0.766016 0.807129 0.766016 0.810547 0.765625 0.811035 0.765625 0.818359 0.766016 0.818848 0.766016 0.822266 0.766406 0.822754 0.766406 0.824219 0.766797 0.824707 0.766797 0.826172 0.767188 0.82666 0.767188 0.827148 0.767578 0.827637 0.767578 0.828125 0.768359 0.829102 0.768359 0.82959 0.770312 0.832031 0.770312 0.83252 0.775 0.838379 0.775391 0.838379 0.776563 0.839844 0.776953 0.839844 0.778516 0.841797 0.778906 0.841797 0.779687 0.842773 0.780078 0.842773 0.782422 0.845703 0.783984 0.845703 0.783984 0.845215 0.784375 0.844727 0.784375 0.84375 0.784766 0.843262 0.784766 0.840332 0.784375 0.839844 0.784375 0.838379 0.783984 0.837891 0.783984 0.836914 0.783594 0.836426 0.783594 0.835938 0.783203 0.835449 0.783203 0.834473 0.782813 0.833984 0.782813 0.833496 0.782422 0.833008 0.782422 0.83252 0.782031 0.832031 0.782031 0.831055 0.781641 0.830566 0.781641 0.830078 0.78125 0.82959 0.78125 0.828613 0.780859 0.828125 0.780859 0.827637 0.780469 0.827148 0.780469 0.825684 0.780078 0.825195 0.780078 0.824219 0.779687 0.82373 0.779687 0.822754 0.779297 0.822266 0.779297 0.821289 0.778516 0.820312 0.778516 0.819824 0.776953 0.817871 0.776953 0.817383 0.776172 0.816406 0.776172 0.815918 0.772266 0.811035 0.772266 0.810547 0.771875 0.810059 0.771875 0.80957 0.771484 0.809082 0.771484 0.808594 0.771094 0.808105 0.771094 0.807617 0.769141 0.805176 0.769141 0.804688 0.768359 0.803711 0.768359 0.803223
1 0.555859 0.95752 0.554688 0.958984 0.554688 0.960938 0.554297 0.961426 0.554297 0.963379 0.554688 0.963867 0.554688 0.965332 0.555078 0.96582 0.555078 0.966797 0.555469 0.967285 0.555469 0.967773 0.555859 0.968262 0.555859 0.96875 0.55625 0.969238 0.55625 0.969727 0.558203 0.972168 0.558203 0.972656 0.560156 0.975098 0.560547 0.975098 0.560937 0.975586 0.561328 0.975586 0.561719 0.976074 0.562109 0.976074 0.5625 0.976562 0.562891 0.976562 0.563281 0.977051 0.564063 0.977051 0.564453 0.977539 0.568359 0.977539 0.56875 0.977051 0.569141 0.977051 0.569141 0.976562 0.569922 0.975586 0.569922 0.974609 0.570312 0.974121 0.570312 0.970703 0.569922 0.970215 0.569922 0.969238 0.569531 0.96875 0.569531 0.967773 0.569141 0.967285 0.569141 0.966309 0.56875 0.96582 0.56875 0.965332 0.567969 0.964355 0.567969 0.963867 0.565625 0.960938 0.565234 0.960938 0.564453 0.959961 0.564063 0.959961 0.563281 0.958984 0.562891 0.958984 0.562109 0.958008 0.561719 0.958008 0.561328 0.95752 0.560937 0.95752 0.560547 0.957031 0.556641 0.957031 0.55625 0.95752
1 0.333984 0.847656 0.332422 0.847656 0.332031 0.848145 0.330078 0.848145 0.329688 0.848633 0.329297 0.848633 0.327344 0.851074 0.326953 0.851074 0.324219 0.854492 0.324219 0.85498 0.322266 0.857422 0.322266 0.85791 0.321484 0.858887 0.321484 0.859375 0.320703 0.860352 0.320703 0.861816 0.320312 0.862305 0.320312 0.870605 0.320703 0.871094 0.320703 0.871582 0.321875 0.873047 0.322266 0.873047 0.322656 0.873535 0.325 0.873535 0.325391 0.874023 0.325781 0.874023 0.326172 0.873535 0.326953 0.873535 0.327734 0.872559 0.328125 0.872559 0.330469 0.869629 0.330469 0.869141 0.33125 0.868164 0.33125 0.867676 0.332422 0.866211 0.332422 0.865723 0.333203 0.864746 0.333203 0.864258 0.333594 0.86377 0.333594 0.863281 0.333984 0.862793 0.333984 0.862305 0.334375 0.861816 0.334375 0.86084 0.334766 0.860352 0.334766 0.859375 0.335156 0.858887 0.335156 0.857422 0.335547 0.856934 0.335547 0.850586 0.335156 0.850098 0.335156 0.849121
1 0.880859 0.0473633 0.878516 0.0473633 0.878125 0.0478516 0.876953 0.0478516 0.876563 0.0483398 0.876172 0.0483398 0.875391 0.0493164 0.875391 0.0498047 0.874219 0.0512695 0.874219 0.0517578 0.871484 0.0551758 0.871484 0.0556641 0.870703 0.0566406 0.870703 0.0571289 0.870313 0.0576172 0.870313 0.0581055 0.869531 0.059082 0.869531 0.0595703 0.869141 0.0600586 0.869141 0.0605469 0.868359 0.0615234 0.868359 0.0620117 0.867969 0.0625 0.867969 0.0634766 0.867578 0.0639648 0.867578 0.0649414 0.867188 0.0654297 0.867188 0.0668945 0.866797 0.0673828 0.866797 0.0703125 0.866406 0.0708008 0.866406 0.0732422 0.866797 0.0737305 0.867578 0.0737305 0.867969 0.0742188 0.869141 0.0742188 0.869531 0.0737305 0.869922 0.0737305 0.870313 0.0732422 0.870703 0.0732422 0.871094 0.0727539 0.871484 0.0727539 0.871875 0.0722656 0.872266 0.0722656 0.872656 0.0717773 0.873047 0.0717773 0.874219 0.0703125 0.874609 0.0703125 0.876563 0.0678711 0.876953 0.0678711 0.879297 0.0649414 0.879297 0.0644531 0.880078 0.0634766 0.880078 0.0629883 0.880859 0.0620117 0.880859 0.0615234 0.88125 0.0610352 0.88125 0.0605469 0.881641 0.0600586 0.881641 0.0585938 0.882031 0.0581055 0.882031 0.0556641 0.882422 0.0551758 0.882422 0.0512695 0.882031 0.0507812 0.882031 0.0493164 0.881641 0.0488281 0.881641 0.0483398
1 0.898047 0.00830078 0.898047 0.0102539 0.898438 0.0107422 0.898438 0.0112305 0.898828 0.0117188 0.898828 0.0126953 0.899219 0.0131836 0.899219 0.0136719 0.899609 0.0141602 0.899609 0.0146484 0.9 0.0151367 0.9 0.015625 0.900781 0.0166016 0.900781 0.0170898 0.902344 0.019043 0.902734 0.019043 0.903906 0.0205078 0.904297 0.0205078 0.905078 0.0214844 0.905469 0.0214844 0.90625 0.0224609 0.906641 0.0224609 0.907031 0.0229492 0.907813 0.0229492 0.908203 0.0234375 0.909375 0.0234375 0.909766 0.0239258 0.911328 0.0239258 0.911719 0.0244141 0.912891 0.0244141 0.913281 0.0239258 0.915625 0.0239258 0.916016 0.0234375 0.917188 0.0234375 0.917578 0.0229492 0.917969 0.0229492 0.919141 0.0214844 0.919141 0.0209961 0.919531 0.0205078 0.919531 0.0200195 0.919922 0.0195312 0.919922 0.019043 0.920312 0.0185547 0.920312 0.0175781 0.919922 0.0170898 0.919922 0.0166016 0.917969 0.0141602 0.917578 0.0141602 0.916797 0.0131836 0.916406 0.0131836 0.915625 0.012207 0.915234 0.012207 0.913672 0.0102539 0.913281 0.0102539 0.9125 0.00927734 0.911719 0.00927734 0.911328 0.00878906 0.910156 0.00878906 0.909766 0.00830078 0.908594 0.00830078 0.908203 0.0078125 0.907031 0.0078125 0.906641 0.00732422 0.905859 0.00732422 0.905469 0.00683594 0.904297 0.00683594 0.903906 0.00634766 0.900391 0.00634766 0.9 0.00683594 0.899219 0.00683594
1 0.0347656 0.193359 0.0335937 0.194824 0.0335937 0.195312 0.0324219 0.196777 0.0324219 0.197754 0.0316406 0.19873 0.0316406 0.199219 0.0308594 0.200195 0.0308594 0.200684 0.0304687 0.201172 0.0304687 0.202148 0.0300781 0.202637 0.0300781 0.203125 0.0292969 0.204102 0.0292969 0.20459 0.0289063 0.205078 0.0289063 0.206055 0.028125 0.207031 0.028125 0.20752 0.0261719 0.209961 0.0257812 0.209961 0.0238281 0.212402 0.0238281 0.212891 0.0234375 0.213379 0.0234375 0.213867 0.0226562 0.214844 0.0226562 0.21582 0.0222656 0.216309 0.0222656 0.216797 0.021875 0.217285 0.021875 0.217773 0.0214844 0.218262 0.0214844 0.219727 0.0210938 0.220215 0.0210938 0.22168 0.0203125 0.222656 0.0203125 0.223145 0.0195312 0.224121 0.0195312 0.225098 0.0191406 0.225586 0.0191406 0.226074 0.01875 0.226562 0.01875 0.227051 0.0183594 0.227539 0.0183594 0.228516 0.0179687 0.229004 0.0179687 0.229492 0.0175781 0.22998 0.0175781 0.233398 0.01875 0.234863 0.0207031 0.234863 0.0214844 0.233887 0.021875 0.233887 0.0222656 0.233398 0.0226562 0.233398 0.0230469 0.23291 0.0238281 0.23291 0.0242188 0.232422 0.025 0.232422 0.0253906 0.231934 0.0257812 0.231934 0.0273438 0.22998 0.028125 0.22998 0.0296875 0.228027 0.0300781 0.228027 0.03125 0.226562 0.03125 0.225586 0.0324219 0.224121 0.0324219 0.222656 0.0328125 0.222168 0.0328125 0.22168 0.0332031 0.221191 0.0332031 0.220215 0.0335937 0.219727 0.0335937 0.219238 0.0339844 0.21875 0.0339844 0.218262 0.034375 0.217773 0.034375 0.217285 0.0347656 0.216797 0.0355469 0.217773 0.0359375 0.217773 0.0363281 0.218262 0.0441406 0.218262 0.0445313 0.217773 0.0472656 0.217773 0.0476562 0.217285 0.0488281 0.217285 0.0492187 0.216797 0.0503906 0.216797 0.0507812 0.216309 0.0511719 0.216309 0.0515625 0.21582 0.0527344 0.21582 0.0535156 0.214844 0.0542969 0.214844 0.0546875 0.214355 0.0550781 0.214355 0.0554687 0.213867 0.05625 0.213867 0.0578125 0.211914 0.0578125 0.211426 0.0589844 0.209961 0.0589844 0.209473 0.0605469 0.20752 0.0605469 0.202637 0.059375 0.201172 0.0492187 0.201172 0.0488281 0.20166 0.0460938 0.20166 0.0433594 0.205078 0.0429688 0.205078 0.0425781 0.205566 0.0421875 0.205566 0.0417969 0.206055 0.0410156 0.206055 0.0402344 0.207031 0.0394531 0.207031 0.0378906 0.208984 0.0367188 0.208984 0.0363281 0.208496 0.0367188 0.208008 0.0367188 0.207031 0.0371094 0.206543 0.0371094 0.205078 0.0375 0.20459 0.0375 0.203613 0.0378906 0.203125 0.0378906 0.201172 0.0375 0.200684 0.0375 0.194824 0.0363281 0.193359
1 0.641797 0.700195 0.640625 0.70166 0.639844 0.70166 0.639453 0.701172 0.6375 0.701172 0.635156 0.704102 0.634766 0.704102 0.633984 0.705078 0.633203 0.705078 0.632812 0.705566 0.632031 0.705566 0.63125 0.706543 0.630469 0.706543 0.630078 0.707031 0.628906 0.707031 0.628516 0.70752 0.627344 0.70752 0.626563 0.708496 0.626172 0.708496 0.624609 0.710449 0.624609 0.710938 0.622266 0.713867 0.622266 0.714355 0.619922 0.717285 0.619531 0.717285 0.618359 0.71875 0.618359 0.719238 0.617969 0.719727 0.617969 0.720215 0.617188 0.721191 0.617188 0.723633 0.618359 0.725098 0.621875 0.725098 0.622266 0.724609 0.623437 0.724609 0.624219 0.723633 0.624609 0.723633 0.625391 0.722656 0.626563 0.722656 0.627344 0.72168 0.628516 0.72168 0.628906 0.721191 0.630469 0.721191 0.630859 0.720703 0.631641 0.720703 0.632031 0.720215 0.632422 0.720215 0.632812 0.719727 0.633203 0.719727 0.633984 0.71875 0.634766 0.71875 0.635547 0.717773 0.636328 0.717773 0.6375 0.716309 0.6375 0.71582 0.638281 0.714844 0.638281 0.714355 0.639062 0.713379 0.639062 0.712402 0.640234 0.710938 0.640234 0.710449 0.640625 0.709961 0.640625 0.709473 0.641016 0.708984 0.641406 0.708984 0.645312 0.704102 0.645312 0.70166 0.644141 0.700195
