1 0.120313 0.372559 0.115625 0.37207 0.110547 0.375 0.109375 0.378418 0.109375 0.383789 0.111719 0.388184 0.115625 0.38916 0.119531 0.387207 0.121875 0.384277 0.122656 0.376953
1 0.149219 0.404297 0.146875 0.402344 0.141406 0.402344 0.138281 0.403809 0.133594 0.408203 0.133203 0.413086 0.133984 0.415527 0.1375 0.417969 0.143359 0.416016 0.149609 0.408691
1 0.192188 0.385254 0.189844 0.388184 0.189844 0.393555 0.191016 0.396973 0.193359 0.399902 0.196094 0.401367 0.200781 0.400391 0.202344 0.397461 0.202344 0.392578 0.200781 0.388184 0.197266 0.384766
1 0.308594 0.391602 0.309766 0.395996 0.313672 0.398438 0.316797 0.397949 0.321875 0.39502 0.323828 0.392578 0.323047 0.387695 0.317578 0.385254 0.312891 0.385742 0.309375 0.38916
1 0.334766 0.209961 0.33125 0.209961 0.326172 0.213379 0.323828 0.219727 0.325391 0.225098 0.328906 0.225098 0.333594 0.22168 0.335547 0.214355
1 0.459766 0.210938 0.458594 0.212891 0.458984 0.216797 0.462891 0.222656 0.466797 0.226562 0.469922 0.228027 0.471875 0.227539 0.473438 0.225586 0.473047 0.221191 0.466406 0.212402 0.463281 0.209961
1 0.500781 0.215332 0.499609 0.217285 0.499219 0.220703 0.501563 0.229004 0.505469 0.23291 0.510938 0.231934 0.512109 0.22998 0.512109 0.227539 0.506641 0.216797 0.503516 0.214844
1 0.388672 0.290527 0.389453 0.29541 0.392188 0.29834 0.4 0.30127 0.405078 0.30127 0.407422 0.299316 0.408203 0.296875 0.407422 0.291016 0.404297 0.288086 0.398438 0.286621 0.392578 0.286621 0.390625 0.287598
1 0.466016 0.363281 0.463672 0.365234 0.462109 0.373047 0.464062 0.376953 0.465625 0.385742 0.467578 0.38623 0.471094 0.383789 0.472656 0.380371 0.473047 0.375977 0.470313 0.366211
1 0.457813 0.375488 0.455078 0.376465 0.454297 0.37793 0.454297 0.385254 0.455469 0.38916 0.459375 0.39209 0.463672 0.38916 0.464062 0.384277 0.460938 0.376465
1 0.464844 0.361328 0.4625 0.359375 0.459766 0.358887 0.45625 0.359375 0.452734 0.361328 0.449219 0.368164 0.450391 0.373535 0.451953 0.374512 0.459375 0.371094 0.464062 0.364746
1 0.46875 0.393066 0.467187 0.393555 0.465625 0.395996 0.464844 0.404297 0.467578 0.413086 0.469922 0.416016 0.471875 0.416016 0.475 0.412598 0.475391 0.401367 0.471484 0.393555
1 0.435937 0.395508 0.434375 0.397461 0.432422 0.404297 0.433203 0.40918 0.435547 0.412598 0.438281 0.413574 0.441406 0.413086 0.44375 0.409668 0.44375 0.399414 0.440234 0.395508
1 0.423828 0.390137 0.420703 0.394531 0.420312 0.397461 0.421484 0.403809 0.425781 0.408691 0.430078 0.408691 0.433203 0.40332 0.432812 0.396973 0.428125 0.390625
1 0.387891 0.454102 0.385156 0.45459 0.383594 0.456055 0.382031 0.464355 0.383594 0.470215 0.388281 0.473145 0.392578 0.470215 0.39375 0.465332 0.392188 0.458496 0.389844 0.455078
1 0.373437 0.444824 0.370312 0.44873 0.369531 0.45752 0.371484 0.464355 0.373047 0.466309 0.376563 0.466309 0.379297 0.461426 0.380469 0.451172 0.377734 0.445801
1 0.315234 0.398926 0.316016 0.405273 0.322656 0.412109 0.326953 0.414062 0.330469 0.413086 0.331641 0.411621 0.332422 0.406738 0.326562 0.397461 0.320312 0.395996 0.317969 0.396484
1 0.303125 0.42627 0.298047 0.425293 0.294531 0.427246 0.292187 0.431152 0.292578 0.436523 0.294922 0.438965 0.303516 0.437012 0.305078 0.433105 0.305078 0.430176
1 0.296875 0.446289 0.298438 0.45166 0.301953 0.453613 0.309375 0.455078 0.315234 0.452637 0.316797 0.44873 0.316797 0.446777 0.314063 0.442871 0.308594 0.439941 0.303906 0.439941 0.300391 0.441406
1 0.321484 0.461914 0.321484 0.463379 0.324219 0.466797 0.330078 0.469238 0.335156 0.469238 0.3375 0.46582 0.336719 0.460938 0.333984 0.45752 0.330859 0.455566 0.325391 0.456543
1 0.373828 0.471191 0.368359 0.47168 0.362109 0.478027 0.361719 0.483887 0.363672 0.486816 0.366797 0.487305 0.373437 0.484375 0.375781 0.481934 0.376563 0.475586
1 0.376953 0.484863 0.372656 0.485352 0.369531 0.487793 0.365625 0.49707 0.365625 0.499512 0.366797 0.501953 0.372656 0.501953 0.375781 0.497559 0.378125 0.490723 0.378125 0.487305
1 0.252344 0.453125 0.250781 0.459473 0.253906 0.465332 0.255859 0.466797 0.259375 0.467285 0.264453 0.463867 0.265234 0.458008 0.262891 0.453613 0.256641 0.450684
1 0.18125 0.482422 0.180859 0.486328 0.181641 0.490234 0.185156 0.496094 0.192578 0.498047 0.194922 0.496582 0.196875 0.491211 0.196875 0.488281 0.195703 0.485352 0.189453 0.481445 0.185547 0.480957
1 0.173437 0.485352 0.172266 0.488281 0.172266 0.492676 0.173828 0.497559 0.179688 0.500977 0.183984 0.5 0.185156 0.498535 0.185156 0.494141 0.181641 0.490234 0.180469 0.486816 0.178125 0.484863
1 0.508984 0.463379 0.505859 0.460449 0.498047 0.460449 0.492969 0.463867 0.491797 0.466309 0.492188 0.470215 0.493359 0.47168 0.496484 0.472656 0.502734 0.472168 0.505859 0.470215 0.508594 0.466797
1 0.55625 0.458496 0.555859 0.463867 0.556641 0.466309 0.562109 0.47168 0.565625 0.473633 0.569531 0.474121 0.573438 0.471191 0.572656 0.462891 0.568359 0.458984 0.562109 0.456543 0.557813 0.457031
1 0.597266 0.473145 0.594531 0.473145 0.591406 0.478516 0.589844 0.484863 0.589844 0.489258 0.591797 0.493652 0.595313 0.492676 0.598828 0.486328 0.600391 0.478027 0.599609 0.475098
1 0.572266 0.196777 0.570703 0.198242 0.569141 0.204102 0.569141 0.216309 0.571875 0.223145 0.576172 0.224121 0.579297 0.216797 0.580078 0.205566 0.576953 0.197754
1 0.582031 0.17627 0.580859 0.174805 0.578125 0.174805 0.571875 0.178223 0.569531 0.181152 0.569141 0.187012 0.571094 0.188477 0.576172 0.188477 0.580469 0.186523 0.582812 0.182617
1 0.607812 0.154785 0.603125 0.154785 0.597266 0.158203 0.594531 0.165039 0.595313 0.168945 0.597266 0.170898 0.600391 0.171387 0.60625 0.167969 0.609375 0.162109 0.609375 0.157715
1 0.552734 0.518066 0.555078 0.519531 0.5625 0.52002 0.569922 0.517578 0.573047 0.513184 0.570703 0.509277 0.564063 0.507324 0.559766 0.507324 0.555859 0.508789 0.551953 0.513184
1 0.216016 0.520996 0.216016 0.525391 0.221094 0.537598 0.225 0.541992 0.227344 0.543457 0.230078 0.543457 0.231641 0.541504 0.23125 0.534668 0.229297 0.526367 0.226562 0.520508 0.224219 0.518555 0.219922 0.518555
1 0.540625 0.250049 0.544922 0.251953 0.546875 0.255859 0.547266 0.264648 0.545312 0.269043 0.540625 0.268066 0.538281 0.260254 0.536758 0.25249
1 0.565234 0.251953 0.560547 0.25293 0.555469 0.259277 0.554297 0.263672 0.554297 0.268066 0.555859 0.271484 0.561328 0.271973 0.566406 0.264648 0.567187 0.255371
1 0.569141 0.271484 0.566797 0.271973 0.563672 0.275391 0.560547 0.283691 0.559766 0.289062 0.560547 0.291992 0.565234 0.293457 0.567578 0.291992 0.571094 0.286621 0.571875 0.277832 0.570703 0.273438
1 0.535547 0.29541 0.535156 0.300293 0.536328 0.303223 0.541406 0.306152 0.55 0.306641 0.553516 0.304688 0.554688 0.301758 0.553906 0.295898 0.549219 0.291992 0.546094 0.291016 0.541016 0.291504 0.537109 0.293457
1 0.537891 0.348633 0.537109 0.355957 0.539062 0.362793 0.544141 0.365723 0.548828 0.364258 0.550391 0.362305 0.550391 0.359863 0.544531 0.349609 0.541797 0.347656
1 0.560547 0.395508 0.560547 0.397949 0.562109 0.401367 0.567969 0.403809 0.575391 0.40332 0.58125 0.399902 0.582031 0.398438 0.582031 0.395508 0.576562 0.390625 0.565234 0.391113 0.562109 0.392578
1 0.583984 0.377441 0.582422 0.380859 0.582031 0.387207 0.583203 0.394531 0.586719 0.399414 0.591406 0.399902 0.592969 0.398438 0.594141 0.393555 0.592969 0.384766 0.591406 0.381348 0.588672 0.378418
1 0.607031 0.401367 0.601562 0.402344 0.597656 0.408691 0.597266 0.416016 0.599609 0.420898 0.604297 0.421387 0.607812 0.416992 0.608594 0.404297
1 0.605469 0.289551 0.601172 0.289551 0.597266 0.294434 0.596094 0.29834 0.596094 0.303711 0.598828 0.30957 0.602734 0.308594 0.607422 0.300293 0.607812 0.293457 0.607422 0.291504
1 0.594141 0.255371 0.591797 0.259277 0.592187 0.26416 0.594141 0.268555 0.598828 0.273926 0.604297 0.275879 0.603906 0.266602 0.600391 0.256348 0.597656 0.254883
1 0.553906 0.418945 0.553125 0.423828 0.554688 0.427734 0.556641 0.429199 0.560937 0.430664 0.565234 0.430664 0.569141 0.427734 0.569141 0.422363 0.561719 0.416016 0.556641 0.416016
1 0.523008 0.222363 0.520312 0.23291 0.520312 0.236816 0.523438 0.244629 0.525391 0.24707 0.530078 0.248047 0.534766 0.244141 0.532109 0.237207 0.531328 0.233838 0.529297 0.228027
1 0.539453 0.229492 0.537109 0.231934 0.535937 0.235352 0.536328 0.241699 0.537891 0.245605 0.541797 0.247559 0.545312 0.245605 0.546875 0.240723 0.546875 0.23584 0.544531 0.230957 0.542188 0.229492
1 0.360938 0.539551 0.360156 0.541504 0.360547 0.547363 0.364844 0.553223 0.373047 0.556641 0.376953 0.556152 0.378125 0.554688 0.378125 0.54834 0.373047 0.541504 0.366016 0.537109 0.364063 0.537109
1 0.401172 0.54834 0.392188 0.547852 0.3875 0.556152 0.387109 0.561035 0.388281 0.564453 0.39375 0.564453 0.399219 0.560547 0.401562 0.556152 0.402344 0.552246
1 0.385547 0.522461 0.383594 0.525879 0.383203 0.529785 0.380078 0.532715 0.380469 0.53418 0.383984 0.537109 0.388672 0.537598 0.392969 0.545898 0.394922 0.547852 0.401172 0.549316 0.402344 0.547852 0.403125 0.539551 0.401562 0.531738 0.397656 0.523438 0.393359 0.520508 0.389844 0.520508
1 0.421094 0.53418 0.420703 0.538574 0.421484 0.541016 0.426563 0.545898 0.435156 0.547363 0.439063 0.543945 0.439063 0.539062 0.436719 0.535156 0.43125 0.532227 0.423047 0.532227
1 0.482422 0.57959 0.483594 0.583496 0.488672 0.588379 0.495312 0.589844 0.498047 0.587402 0.498047 0.581055 0.495312 0.578613 0.485547 0.576172
1 0.53125 0.560059 0.536289 0.560107 0.534375 0.569336 0.530078 0.577637 0.525781 0.577148 0.523047 0.573242 0.523438 0.56543 0.524609 0.562988 0.528125 0.560547
1 0.56875 0.586914 0.567969 0.587891 0.567969 0.593262 0.571484 0.603516 0.575391 0.606934 0.579688 0.606934 0.582031 0.601074 0.58125 0.59375 0.575781 0.586914 0.573047 0.585938
1 0.622266 0.491699 0.619141 0.49707 0.619531 0.501953 0.622266 0.507324 0.626953 0.512207 0.631641 0.512207 0.633594 0.510742 0.636328 0.506836 0.635547 0.501465 0.630078 0.494141 0.626953 0.492188
1 0.603906 0.450684 0.601953 0.45459 0.601953 0.461426 0.603125 0.466309 0.606641 0.470215 0.613281 0.469238 0.615234 0.466309 0.615234 0.460449 0.613281 0.45459 0.609375 0.449707 0.60625 0.449219
1 0.657422 0.526367 0.65625 0.52832 0.657422 0.537598 0.663672 0.544922 0.665234 0.545898 0.667969 0.54541 0.669531 0.54248 0.66875 0.533691 0.661719 0.525879
1 0.660937 0.554688 0.660937 0.557617 0.662891 0.560547 0.669531 0.564453 0.675781 0.564453 0.681641 0.560547 0.68125 0.556152 0.674609 0.554199 0.669922 0.55127 0.662891 0.552246
1 0.640625 0.533203 0.640625 0.537598 0.642969 0.541504 0.646875 0.544922 0.651953 0.546875 0.655469 0.546875 0.657422 0.54541 0.657031 0.540527 0.653906 0.532715 0.645312 0.530762
1 0.671094 0.528809 0.672656 0.533691 0.679297 0.53418 0.685937 0.530273 0.686719 0.528809 0.686719 0.524902 0.683203 0.522461 0.677344 0.522461 0.673438 0.524902
1 0.668359 0.481934 0.666016 0.48584 0.666016 0.491699 0.667188 0.495605 0.669531 0.498047 0.673047 0.499023 0.678516 0.496582 0.679688 0.493164 0.679688 0.489746 0.678516 0.486816 0.673438 0.481934
1 0.622266 0.410156 0.624219 0.413086 0.630469 0.415039 0.635547 0.415039 0.638672 0.414062 0.644922 0.408203 0.644922 0.404297 0.638281 0.401855 0.627344 0.402344 0.622266 0.407715
1 0.606641 0.359863 0.604297 0.361816 0.603125 0.364746 0.602344 0.373535 0.604297 0.378906 0.607812 0.382324 0.612109 0.382324 0.613672 0.37793 0.612891 0.367676 0.610938 0.361816
1 0.644531 0.35791 0.644141 0.361328 0.645312 0.364258 0.647266 0.366211 0.653125 0.368652 0.658594 0.368164 0.661719 0.365723 0.6625 0.36084 0.654687 0.353516 0.65 0.354004
1 0.657813 0.349121 0.658984 0.354004 0.664844 0.359375 0.671094 0.358887 0.676172 0.354492 0.676172 0.352539 0.674609 0.350586 0.667969 0.34668 0.661328 0.345703 0.659375 0.34668
1 0.666406 0.296387 0.665234 0.303223 0.667188 0.310547 0.673047 0.317871 0.678125 0.317383 0.679297 0.313965 0.677734 0.309082 0.670703 0.296875
1 0.60625 0.253906 0.603125 0.255859 0.604688 0.268555 0.607031 0.275879 0.610938 0.276367 0.6125 0.272461 0.612109 0.259766 0.610547 0.255859 0.608203 0.253906
1 0.685156 0.367676 0.683594 0.371582 0.684375 0.380859 0.688281 0.388672 0.690234 0.38916 0.692969 0.379883 0.692969 0.374023 0.689453 0.368164
1 0.699609 0.366699 0.696484 0.369141 0.695312 0.37207 0.694922 0.378906 0.696875 0.384277 0.701953 0.385742 0.705859 0.381348 0.70625 0.375 0.704688 0.368652 0.702344 0.366699
1 0.691797 0.259277 0.691406 0.26416 0.694531 0.26709 0.701562 0.26709 0.704297 0.263672 0.704297 0.258789 0.701172 0.256348 0.696484 0.256348
1 0.712109 0.246582 0.709375 0.250977 0.708984 0.255859 0.7125 0.262695 0.717578 0.263672 0.719531 0.258301 0.71875 0.251465 0.716797 0.247559
1 0.763281 0.407227 0.759766 0.406738 0.758203 0.408691 0.755078 0.415527 0.754297 0.422363 0.755078 0.424805 0.759375 0.424316 0.764062 0.421387 0.765234 0.414551
1 0.754297 0.417969 0.751172 0.41748 0.744531 0.420898 0.743359 0.422852 0.744141 0.427734 0.748437 0.430176 0.753477 0.427197 0.755469 0.424805 0.75625 0.422363
1 0.754297 0.404297 0.752344 0.402344 0.750391 0.402344 0.742969 0.40625 0.741016 0.408691 0.740234 0.416504 0.742969 0.418457 0.748828 0.416992 0.755078 0.408691
1 0.729688 0.404785 0.728125 0.405273 0.724609 0.410156 0.723047 0.415039 0.724609 0.424316 0.727734 0.42627 0.730469 0.425293 0.732422 0.422852 0.734375 0.416992 0.734375 0.412109 0.733203 0.407715 0.732031 0.405762
1 0.762109 0.42876 0.758594 0.433105 0.757031 0.44043 0.758594 0.447754 0.761328 0.449707 0.764453 0.449707 0.766797 0.447266 0.767188 0.441895 0.764453 0.432129
1 0.738672 0.321777 0.738281 0.326172 0.743359 0.334473 0.746484 0.335938 0.749609 0.335938 0.752734 0.333496 0.753516 0.329102 0.751563 0.325195 0.747266 0.322266 0.741016 0.320312
1 0.767578 0.290527 0.764062 0.291504 0.7625 0.294922 0.762109 0.307129 0.763281 0.309082 0.768359 0.307617 0.771094 0.301758 0.770703 0.294922
1 0.794141 0.277344 0.791797 0.279297 0.792578 0.291016 0.795312 0.295898 0.799219 0.296387 0.801172 0.293945 0.801953 0.287109 0.798438 0.279785 0.795703 0.277344
1 0.802344 0.268066 0.800781 0.271484 0.800781 0.276367 0.801953 0.279297 0.805469 0.281738 0.810156 0.280273 0.811328 0.277344 0.810547 0.272949
1 0.802734 0.258789 0.802734 0.265625 0.805859 0.268066 0.810937 0.274902 0.814063 0.274414 0.815625 0.270508 0.814453 0.262207 0.810547 0.258301
1 0.821797 0.246143 0.81875 0.250977 0.814453 0.253906 0.803906 0.254883 0.800391 0.25293 0.801562 0.248535 0.807422 0.243164 0.816016 0.243164 0.817969 0.244141
1 0.723828 0.23291 0.722266 0.235352 0.723437 0.244629 0.726562 0.246582 0.732031 0.246094 0.739062 0.236816 0.739062 0.235352 0.736328 0.231934 0.727344 0.231445
1 0.720703 0.226074 0.715234 0.223633 0.710547 0.224609 0.707031 0.228027 0.705859 0.231445 0.705859 0.236328 0.707422 0.238281 0.709766 0.23877 0.716797 0.23584 0.721094 0.229004
1 0.747656 0.212891 0.742969 0.214355 0.739453 0.220703 0.739453 0.231934 0.740234 0.233398 0.744531 0.23291 0.748828 0.227539 0.749609 0.224609 0.749609 0.21582
1 0.830469 0.259277 0.830859 0.26416 0.833984 0.268066 0.837891 0.270508 0.842969 0.270996 0.847656 0.264648 0.846484 0.262207 0.841797 0.258789 0.832422 0.257324
1 0.855078 0.265137 0.851953 0.265137 0.846094 0.271973 0.842969 0.279297 0.844141 0.283203 0.849609 0.28418 0.855469 0.278809 0.856641 0.275391 0.857031 0.269531
1 0.845313 0.289551 0.841016 0.288574 0.836328 0.292969 0.832812 0.298828 0.832031 0.304199 0.832812 0.307617 0.835938 0.307617 0.842578 0.303223 0.844531 0.297363 0.846484 0.294922 0.846484 0.291992
1 0.830859 0.293945 0.829688 0.292969 0.825391 0.292969 0.820312 0.296387 0.816797 0.30127 0.817187 0.306152 0.821875 0.309082 0.826953 0.308594 0.830078 0.307129 0.831641 0.300781
1 0.841797 0.309082 0.840625 0.310547 0.840234 0.314941 0.842187 0.321777 0.845313 0.32666 0.849609 0.329102 0.852344 0.328613 0.853516 0.325195 0.853516 0.320801 0.852344 0.316895 0.846484 0.30957
1 0.865234 0.319336 0.862109 0.318359 0.857812 0.319336 0.855469 0.321289 0.852734 0.32666 0.856641 0.331055 0.862109 0.331055 0.865625 0.326172 0.866016 0.320801
1 0.866016 0.282227 0.861328 0.281738 0.858984 0.283203 0.855469 0.294434 0.857031 0.299316 0.862109 0.299805 0.864453 0.297852 0.867578 0.290039 0.867578 0.286133
1 0.873437 0.334473 0.872266 0.333008 0.869141 0.332031 0.865234 0.332031 0.860938 0.333984 0.857812 0.338379 0.857812 0.344727 0.859375 0.346191 0.863281 0.346191 0.871484 0.342285 0.873437 0.338867
1 0.823047 0.344727 0.823828 0.351074 0.825391 0.353027 0.828516 0.354004 0.834766 0.351562 0.838281 0.346191 0.8375 0.34375 0.835547 0.341797 0.831641 0.34082 0.825781 0.341309
1 0.805859 0.34375 0.805859 0.350098 0.814453 0.360352 0.81875 0.361816 0.823047 0.35791 0.822656 0.353516 0.815234 0.345215 0.810547 0.342285 0.808203 0.342285
1 0.826953 0.366699 0.821875 0.366699 0.815234 0.372559 0.810547 0.379883 0.810937 0.382812 0.813281 0.385254 0.817578 0.38623 0.823047 0.383789 0.825781 0.380371 0.828125 0.373535 0.828125 0.369629
1 0.784766 0.387695 0.779297 0.384277 0.775391 0.384277 0.769141 0.387695 0.766797 0.391113 0.766406 0.393555 0.76875 0.397461 0.771094 0.398926 0.778906 0.398438 0.784375 0.392578
1 0.770703 0.37207 0.770703 0.375 0.771875 0.37793 0.778906 0.383789 0.787109 0.384766 0.789844 0.380859 0.788672 0.375488 0.780469 0.370605 0.774219 0.369629
1 0.778516 0.361328 0.777734 0.365723 0.78125 0.369629 0.785156 0.371582 0.788672 0.371094 0.792969 0.365723 0.792578 0.36084 0.787891 0.35791 0.783203 0.358398
1 0.758594 0.349609 0.758203 0.354004 0.758984 0.357422 0.762891 0.361328 0.767188 0.363281 0.771875 0.36377 0.774609 0.366211 0.776953 0.365723 0.778125 0.362305 0.777734 0.360352 0.771094 0.354004 0.767578 0.3521 0.764062 0.348633
1 0.735156 0.369141 0.735156 0.373535 0.736719 0.376465 0.74375 0.381348 0.748828 0.380371 0.753125 0.376465 0.752734 0.37207 0.747266 0.368164 0.741797 0.366211 0.738672 0.366211
1 0.752734 0.343262 0.748828 0.344727 0.743359 0.353516 0.743359 0.361328 0.747656 0.366699 0.752344 0.36377 0.755859 0.354004 0.755469 0.345215
1 0.812891 0.438965 0.809375 0.438477 0.805859 0.44043 0.803516 0.446289 0.803516 0.451172 0.804688 0.452637 0.809375 0.453125 0.8125 0.450684 0.813672 0.447266 0.813672 0.439941
1 0.81875 0.433105 0.815234 0.436523 0.814453 0.447754 0.816016 0.451172 0.817969 0.452637 0.821875 0.452148 0.823047 0.450195 0.823828 0.435547 0.822656 0.434082
1 0.826562 0.438965 0.826953 0.443848 0.825781 0.446777 0.825781 0.455566 0.828906 0.461914 0.830859 0.462891 0.833594 0.460938 0.834766 0.45752 0.835547 0.446289 0.833594 0.44043
1 0.809766 0.494141 0.808984 0.498535 0.809375 0.501953 0.814453 0.507324 0.818359 0.508301 0.825 0.505859 0.826562 0.503418 0.826172 0.498535 0.821094 0.493652 0.813281 0.491699
1 0.81875 0.512695 0.815234 0.510742 0.809375 0.511719 0.807031 0.513184 0.805078 0.516113 0.804688 0.521484 0.807813 0.522949 0.814844 0.520996 0.81875 0.518066
1 0.777734 0.510742 0.776172 0.513184 0.776172 0.516113 0.779297 0.525391 0.783203 0.529297 0.7875 0.528809 0.789453 0.525879 0.789453 0.520508 0.787891 0.516602 0.783203 0.511719 0.780078 0.510254
1 0.746875 0.573242 0.744141 0.575195 0.742188 0.57959 0.741797 0.588867 0.744141 0.594727 0.748437 0.595703 0.752734 0.592285 0.753906 0.586914 0.753125 0.58252 0.750391 0.576172 0.748437 0.573242
1 0.832422 0.602539 0.832422 0.60498 0.834375 0.608398 0.840625 0.612305 0.846875 0.61377 0.85 0.611816 0.849219 0.604004 0.842578 0.599609 0.837109 0.599121 0.833984 0.600586
1 0.889062 0.484863 0.8875 0.489258 0.888281 0.495605 0.892578 0.499023 0.896875 0.499023 0.898438 0.498047 0.9 0.493652 0.898047 0.487793 0.896484 0.48584 0.893359 0.484375
1 0.857031 0.416504 0.854688 0.419434 0.857812 0.434082 0.860547 0.438477 0.865234 0.44043 0.866797 0.437012 0.866406 0.426758 0.862891 0.418457
1 0.844922 0.419922 0.84375 0.424316 0.846875 0.43457 0.848828 0.437012 0.853516 0.436035 0.855078 0.432617 0.853516 0.421387 0.850781 0.418945
1 0.823047 0.422852 0.823828 0.42627 0.829688 0.431152 0.837891 0.431641 0.841797 0.430176 0.842969 0.428223 0.841797 0.421387 0.840234 0.419922 0.827734 0.418945 0.825 0.419922
1 0.908984 0.305664 0.907031 0.302246 0.902344 0.30127 0.895312 0.303711 0.892188 0.307617 0.892578 0.310547 0.896094 0.313477 0.902344 0.313477 0.906641 0.311035 0.908594 0.308105
1 0.785156 0.669922 0.784766 0.674805 0.789062 0.678711 0.795703 0.679688 0.800391 0.677246 0.800391 0.671387 0.794922 0.666504 0.789453 0.666992
1 0.811719 0.656738 0.807813 0.65332 0.799219 0.65332 0.793359 0.658203 0.792188 0.661133 0.792188 0.664062 0.792969 0.666016 0.799219 0.668945 0.802734 0.668457 0.811328 0.662598
1 0.639062 0.666504 0.636719 0.669922 0.635547 0.674316 0.635547 0.682617 0.636719 0.686523 0.639062 0.689941 0.642969 0.691406 0.645312 0.687988 0.645312 0.675293 0.643359 0.66748 0.642578 0.666504
1 0.801172 0.693359 0.8 0.696777 0.801172 0.700195 0.805859 0.705566 0.810156 0.705566 0.811719 0.702148 0.811719 0.696289 0.810547 0.693848 0.806641 0.692383
1 0.903906 0.648438 0.900781 0.646484 0.888672 0.647949 0.885547 0.650391 0.885156 0.654297 0.889844 0.659668 0.896484 0.660645 0.902734 0.654785 0.903906 0.651855
1 0.920312 0.569824 0.91875 0.568848 0.914453 0.568848 0.908594 0.571289 0.905859 0.576172 0.905469 0.580078 0.908594 0.58252 0.914062 0.58252 0.919531 0.580078 0.921094 0.577148 0.921094 0.571777
1 0.921484 0.583008 0.920312 0.587891 0.922656 0.592773 0.928516 0.599121 0.930859 0.600586 0.934375 0.600098 0.935547 0.597168 0.934375 0.59082 0.926562 0.583008
1 0.950391 0.583496 0.947656 0.580566 0.944531 0.580078 0.939063 0.582031 0.936328 0.587891 0.936719 0.595703 0.937891 0.59668 0.941016 0.59668 0.94375 0.595215 0.948828 0.589844
1 0.959766 0.559082 0.955078 0.560059 0.952734 0.564453 0.951953 0.573242 0.953125 0.57666 0.954688 0.578125 0.959375 0.576172 0.962109 0.569824 0.962891 0.564453 0.961328 0.560547
1 0.916016 0.524902 0.912109 0.524902 0.909375 0.528809 0.908594 0.538086 0.911328 0.541504 0.913281 0.541504 0.916016 0.539551 0.91875 0.53418 0.918359 0.52832
1 0.93125 0.51709 0.928516 0.515625 0.923047 0.516602 0.919922 0.521973 0.919922 0.526367 0.923438 0.52832 0.928125 0.527344 0.931641 0.521973
1 0.944141 0.526855 0.940625 0.527832 0.936328 0.535156 0.935547 0.541992 0.938281 0.544922 0.944141 0.543457 0.947656 0.538086 0.948047 0.532227
1 0.941797 0.487305 0.940234 0.486328 0.935937 0.486816 0.93125 0.490723 0.929297 0.496094 0.929297 0.5 0.930859 0.50293 0.935937 0.503418 0.941406 0.498047 0.943359 0.492188
1 0.943359 0.491699 0.942969 0.494141 0.945703 0.497559 0.953906 0.501953 0.958594 0.50293 0.959766 0.502441 0.960938 0.499023 0.959766 0.494141 0.955859 0.490723 0.945312 0.48877
1 0.869531 0.621094 0.866016 0.618652 0.861328 0.620117 0.859766 0.62207 0.855859 0.632812 0.855859 0.636719 0.857422 0.639648 0.869531 0.63916 0.871094 0.634766 0.871875 0.62793
1 0.646094 0.714844 0.642578 0.715332 0.641406 0.716797 0.634766 0.731934 0.636328 0.73584 0.635938 0.740723 0.6375 0.742188 0.643359 0.73877 0.646875 0.73291 0.648438 0.725098 0.648438 0.719238 0.647656 0.716309
1 0.630469 0.730469 0.628516 0.734863 0.628516 0.741699 0.629687 0.748047 0.632812 0.752441 0.635938 0.75293 0.637109 0.750977 0.638281 0.739258 0.635156 0.731445
1 0.711328 0.79834 0.711719 0.803711 0.714453 0.80957 0.717187 0.8125 0.721484 0.812012 0.723437 0.808105 0.721875 0.799805 0.717578 0.795898 0.713281 0.795898
1 0.919531 0.813965 0.915234 0.813965 0.912891 0.816895 0.910547 0.822266 0.910547 0.830078 0.9125 0.833008 0.916406 0.833984 0.920312 0.831543 0.921875 0.82666 0.921875 0.817383
1 0.935156 0.814941 0.932422 0.818359 0.933203 0.829102 0.935937 0.834961 0.940234 0.835938 0.942969 0.831543 0.942969 0.822266 0.939844 0.815918
1 0.94375 0.776855 0.940234 0.77832 0.9375 0.784668 0.936719 0.795898 0.938672 0.798828 0.943359 0.795898 0.945312 0.791992 0.946484 0.780762
1 0.939844 0.739746 0.938672 0.740723 0.9375 0.744629 0.938672 0.755859 0.940234 0.759277 0.94375 0.760254 0.945703 0.756836 0.947266 0.74707 0.945312 0.744629 0.94375 0.740234
1 0.947656 0.735352 0.946094 0.736816 0.945703 0.741211 0.945742 0.744141 0.946875 0.747559 0.947266 0.750488 0.948828 0.751953 0.951172 0.751953 0.954297 0.744141 0.954297 0.740234 0.951172 0.735352
1 0.957812 0.731934 0.958984 0.736816 0.9625 0.739258 0.966797 0.739746 0.971875 0.737305 0.977227 0.734863 0.972656 0.731445 0.966016 0.729004 0.960547 0.729492
1 0.965234 0.713867 0.964063 0.717773 0.966016 0.72168 0.973828 0.728516 0.978516 0.729004 0.98125 0.726074 0.981641 0.720703 0.975 0.712891 0.968359 0.711914
1 0.98125 0.666504 0.977344 0.665527 0.971484 0.668945 0.968359 0.673828 0.968359 0.677734 0.970703 0.682129 0.973437 0.683105 0.976562 0.682617 0.983203 0.674805 0.983203 0.669434
1 0.985156 0.677246 0.983203 0.681152 0.983203 0.689453 0.986719 0.695801 0.989062 0.697754 0.991016 0.697754 0.991797 0.695801 0.991797 0.685547 0.991016 0.682617 0.987109 0.677246
1 0.977344 0.630859 0.977734 0.635254 0.982422 0.638672 0.990625 0.638184 0.994141 0.634766 0.994531 0.630859 0.992578 0.628418 0.9875 0.626465 0.980078 0.62793
1 0.760547 0.776855 0.755078 0.77832 0.750391 0.782715 0.745703 0.791016 0.745313 0.79541 0.747266 0.797363 0.751953 0.796387 0.755859 0.793457 0.760156 0.788086 0.761719 0.783691 0.761719 0.778809
1 0.780078 0.73291 0.778516 0.732422 0.774609 0.734863 0.767578 0.743652 0.76875 0.748535 0.770703 0.749512 0.774609 0.748535 0.778906 0.744141 0.780859 0.740234
1 0.521875 0.728027 0.525 0.731934 0.53125 0.731934 0.536719 0.728516 0.539844 0.724609 0.540234 0.721191 0.535547 0.719238 0.525 0.720215 0.522266 0.723633
1 0.521484 0.916504 0.519531 0.915039 0.516016 0.914551 0.507812 0.916992 0.505078 0.922363 0.505859 0.928223 0.511719 0.929688 0.517188 0.927734 0.520703 0.923828 0.521875 0.920898
1 0.698828 0.910645 0.698438 0.916992 0.700391 0.92041 0.70625 0.921875 0.710156 0.920898 0.713672 0.916504 0.713281 0.911133 0.709766 0.907715 0.701953 0.907715
1 0.747656 0.919434 0.742578 0.919434 0.740234 0.92041 0.738281 0.922852 0.737109 0.927734 0.7375 0.932617 0.739844 0.936035 0.744922 0.936523 0.748828 0.933105 0.750391 0.927734 0.750391 0.923828
1 0.607031 0.934082 0.603125 0.931641 0.594922 0.936035 0.591797 0.939453 0.591406 0.947754 0.594141 0.949219 0.600391 0.948242 0.606641 0.94043
1 0.576562 0.930176 0.575781 0.936035 0.579297 0.944336 0.584375 0.950684 0.588281 0.951172 0.589453 0.946777 0.587891 0.936035 0.583984 0.930176 0.580859 0.928223
1 0.423828 0.862305 0.419922 0.862305 0.416797 0.864746 0.410547 0.875488 0.410938 0.881348 0.415625 0.885742 0.417187 0.885742 0.420703 0.882812 0.425391 0.873047 0.425781 0.865234
1 0.385937 0.736328 0.387109 0.740723 0.389062 0.743164 0.395703 0.748047 0.400781 0.748535 0.404687 0.745605 0.404687 0.742188 0.403516 0.73877 0.400781 0.734863 0.397656 0.73291 0.394141 0.731934 0.389062 0.732422
1 0.385937 0.744141 0.383984 0.745605 0.382812 0.748535 0.383203 0.758789 0.385156 0.762207 0.389453 0.762207 0.393359 0.757812 0.394922 0.750977 0.390234 0.744629
1 0.354687 0.990723 0.353906 0.996094 0.355469 1 0.367188 1 0.367578 0.994629 0.364453 0.989258 0.362109 0.987793 0.357422 0.987793
1 0.295703 0.899414 0.290234 0.900391 0.283594 0.907715 0.282813 0.916016 0.286328 0.920898 0.291016 0.921875 0.294141 0.919922 0.295312 0.917969 0.297266 0.911621 0.298047 0.905273 0.297656 0.902344
1 0.607812 0.985352 0.606641 0.986816 0.605078 0.993164 0.605859 1 0.615234 1 0.615234 0.993652 0.6125 0.987305 0.610938 0.98584
1 0.815234 0.939453 0.812109 0.9375 0.801953 0.938965 0.798828 0.940918 0.795312 0.946289 0.795312 0.951172 0.798438 0.953613 0.804297 0.953613 0.810156 0.952148 0.814453 0.947754 0.815625 0.944336
1 0.869531 0.989258 0.867969 0.993164 0.868359 1 0.880078 1 0.880859 0.993652 0.876953 0.987305 0.873437 0.986328
1 0.752344 0.998535 0.752344 1 0.762109 1 0.762109 0.998535 0.760547 0.996582 0.757422 0.994629 0.755078 0.994629
1 0.981641 0.942383 0.980469 0.945312 0.980469 0.94873 0.982422 0.955078 0.986328 0.959961 0.989453 0.961426 0.994141 0.960938 0.995313 0.959473 0.995703 0.955078 0.993359 0.947266 0.989062 0.942383 0.986719 0.941406
1 0.145703 0.806152 0.142578 0.810059 0.142969 0.817871 0.145703 0.82373 0.15 0.829102 0.154297 0.82959 0.158594 0.825684 0.159375 0.822754 0.158594 0.818848 0.153906 0.80957 0.150391 0.806641
1 0.009375 0.724121 0.00507813 0.723145 0.0015625 0.726074 0 0.726074 0 0.744141 0.00585938 0.744141 0.009375 0.739746 0.0113281 0.733398 0.0113281 0.728027
1 0.110547 0.114258 0.109766 0.116699 0.110547 0.123535 0.114453 0.127441 0.120313 0.129395 0.123828 0.128418 0.125 0.126953 0.125391 0.122559 0.123047 0.118164 0.114844 0.113281
1 0.0804688 0.0883789 0.0792969 0.090332 0.0792969 0.0957031 0.0804688 0.0981445 0.0878906 0.106934 0.0910156 0.108887 0.0945312 0.10791 0.0953125 0.103027 0.0929688 0.0947266 0.0902344 0.090332 0.0851563 0.0869141 0.0828125 0.0869141
1 0.0984375 0.0717773 0.0953125 0.0756836 0.0949219 0.0810547 0.0957031 0.0849609 0.0988281 0.0908203 0.103906 0.0917969 0.107031 0.0878906 0.107813 0.0834961 0.107422 0.0751953 0.103906 0.0717773
1 0.0433594 0.0561523 0.0433594 0.0595703 0.0457031 0.0649414 0.05 0.0688477 0.0523438 0.0698242 0.0578125 0.0693359 0.0605469 0.0649414 0.0601563 0.0595703 0.0566406 0.0541992 0.0492187 0.0537109
1 0.0398437 0.0473633 0.0398437 0.0541992 0.0414062 0.0581055 0.046875 0.0585938 0.0539063 0.0546875 0.0554687 0.0522461 0.0550781 0.0483398 0.0523438 0.0439453 0.0445313 0.0429688 0.0414062 0.0444336
1 0.189453 0.0258789 0.185547 0.0229492 0.177734 0.0249023 0.174219 0.0283203 0.173828 0.0341797 0.176563 0.0385742 0.182422 0.0400391 0.185938 0.0390625 0.188672 0.0366211 0.190234 0.0332031
1 0.295312 0.0375977 0.290234 0.0371094 0.283984 0.0410156 0.281641 0.0463867 0.282031 0.0512695 0.286719 0.0551758 0.294141 0.0537109 0.296094 0.0507812 0.296875 0.0463867 0.296484 0.0400391
1 0.278125 0.0595703 0.274219 0.0644531 0.274219 0.0693359 0.275781 0.0756836 0.279297 0.081543 0.285547 0.0805664 0.287109 0.078125 0.287109 0.0722656 0.283203 0.0629883 0.280859 0.0600586
1 0.272656 0.0664062 0.267969 0.0673828 0.265625 0.0717773 0.264453 0.0810547 0.264844 0.0844727 0.266797 0.0878906 0.26875 0.0878906 0.271094 0.0859375 0.275 0.0795898 0.275391 0.0751953 0.274219 0.0688477
1 0.420312 0.0395508 0.419531 0.0405273 0.419141 0.0454102 0.423438 0.0576172 0.427734 0.0610352 0.433594 0.0576172 0.433984 0.0561523 0.432812 0.0537109 0.432422 0.0483398 0.428906 0.0415039 0.425391 0.0390625
1 0.435156 0.0576172 0.430859 0.059082 0.428125 0.0634766 0.429297 0.0717773 0.432031 0.074707 0.435937 0.0742188 0.438672 0.0693359 0.438281 0.0634766
1 0.496094 0.0483398 0.496094 0.0537109 0.497266 0.0566406 0.500781 0.0600586 0.506641 0.0610352 0.510938 0.0585938 0.510938 0.0551758 0.505469 0.0478516 0.501953 0.0458984 0.498047 0.0458984
1 0.524609 0.0756836 0.522656 0.0800781 0.522656 0.0869141 0.524609 0.0922852 0.528906 0.0942383 0.534375 0.09375 0.535156 0.0927734 0.535156 0.0869141 0.532422 0.0805664 0.528906 0.0756836
1 0.641016 0.034668 0.638281 0.0400391 0.639062 0.0488281 0.642188 0.0561523 0.645703 0.0600586 0.650391 0.0605469 0.651563 0.0585938 0.651563 0.0541992 0.647266 0.0390625 0.644531 0.0351562
1 0.648047 0.150391 0.646875 0.148926 0.642969 0.148926 0.638672 0.151855 0.633594 0.157715 0.633594 0.162598 0.637109 0.164551 0.640234 0.164551 0.644141 0.162598 0.648047 0.156738
1 0.668359 0.200195 0.668359 0.203613 0.669531 0.206543 0.676172 0.208984 0.679297 0.208496 0.683594 0.206055 0.685937 0.202148 0.685547 0.197266 0.682031 0.194824 0.673047 0.195312 0.670703 0.196777
1 0.701953 0.130371 0.699219 0.128906 0.692969 0.129883 0.689453 0.133789 0.689063 0.13916 0.692578 0.143066 0.696094 0.142578 0.700391 0.140137 0.702734 0.135742
1 0.756641 0.191895 0.755078 0.191406 0.751172 0.194336 0.749219 0.200684 0.746094 0.20459 0.746094 0.20752 0.747266 0.209473 0.750781 0.208984 0.75625 0.204102 0.757812 0.200195 0.757812 0.194336
1 0.721875 0.20166 0.720703 0.204102 0.720703 0.209473 0.724609 0.212891 0.728125 0.212891 0.730859 0.210449 0.73125 0.205078 0.729297 0.202637 0.725391 0.200684
1 0.73125 0.195312 0.731641 0.198242 0.735938 0.19873 0.741016 0.20166 0.745703 0.197754 0.746094 0.192871 0.744141 0.19043 0.738281 0.189453
1 0.784375 0.17041 0.782422 0.17041 0.780859 0.171875 0.774219 0.183105 0.774219 0.189453 0.776953 0.191895 0.780078 0.192383 0.783203 0.190918 0.7875 0.185059 0.787891 0.177246 0.786328 0.172852
1 0.833594 0.164551 0.829297 0.164062 0.826172 0.166016 0.822266 0.173828 0.822266 0.180664 0.825 0.18457 0.829297 0.18457 0.833203 0.181641 0.835547 0.173828 0.835156 0.167969
1 0.778125 0.11084 0.775 0.106445 0.772266 0.105469 0.767969 0.105957 0.761328 0.111328 0.760547 0.115234 0.7625 0.118164 0.764453 0.119141 0.771094 0.119141 0.775781 0.116211
1 0.758203 0.149414 0.754687 0.153809 0.755078 0.159668 0.758203 0.165527 0.763672 0.166016 0.764844 0.163086 0.766016 0.153809 0.763672 0.149902
1 0.755078 0.152832 0.752734 0.150879 0.751172 0.150879 0.742578 0.15625 0.740625 0.161133 0.741016 0.165527 0.74375 0.16748 0.748437 0.166992 0.75625 0.158691 0.75625 0.155273
1 0.755859 0.166504 0.751172 0.165527 0.746875 0.170898 0.746094 0.173828 0.747266 0.177734 0.752344 0.177734 0.755859 0.174316 0.757031 0.17041
1 0.753516 0.179199 0.753125 0.182617 0.755078 0.1875 0.759766 0.189941 0.764062 0.188477 0.764844 0.186523 0.764844 0.181152 0.762891 0.178223 0.760547 0.176758 0.757422 0.176758
1 0.708203 0.11084 0.703516 0.11084 0.698047 0.115234 0.696094 0.118652 0.695703 0.128418 0.699609 0.132324 0.700391 0.135254 0.701562 0.134766 0.701953 0.131348 0.70625 0.12793 0.709375 0.121582 0.710547 0.114746
1 0.721875 0.105957 0.71875 0.106445 0.715234 0.11084 0.714453 0.118652 0.716406 0.123535 0.720313 0.123047 0.723437 0.119629 0.723828 0.11084 0.723437 0.10791
1 0.728516 0.0981445 0.726172 0.102539 0.726172 0.108887 0.728125 0.114746 0.732031 0.117188 0.735938 0.112793 0.736719 0.10791 0.735938 0.104492 0.732422 0.0981445
1 0.746094 0.0830078 0.74375 0.0825195 0.736719 0.0869141 0.735547 0.0893555 0.734375 0.0961914 0.735547 0.0991211 0.739453 0.103027 0.742578 0.100098 0.746875 0.0864258
1 0.707031 0.0952148 0.706641 0.100586 0.708203 0.103027 0.716797 0.103027 0.71875 0.100098 0.721875 0.0964355 0.721875 0.0927734 0.721875 0.0913086 0.718359 0.0908203 0.716406 0.0917969 0.712109 0.0908203
1 0.826562 0.0844727 0.822266 0.0859375 0.820703 0.0883789 0.820312 0.0952148 0.822656 0.0991211 0.826953 0.0991211 0.83125 0.0927734 0.830859 0.0869141
1 0.928906 0.213379 0.927734 0.211914 0.923828 0.210938 0.916797 0.212402 0.913672 0.216797 0.913281 0.22168 0.916016 0.225586 0.920703 0.225586 0.924609 0.224121 0.928906 0.220703 0.929688 0.218262
1 0.919922 0.281738 0.916406 0.281738 0.912891 0.283203 0.908594 0.289062 0.907813 0.29541 0.911328 0.299316 0.9125 0.299316 0.914062 0.296875 0.916797 0.295898 0.919531 0.292969 0.920703 0.287109 0.920703 0.282715
1 0.952344 0.267578 0.952734 0.272461 0.955859 0.277344 0.958984 0.278809 0.963281 0.278809 0.966406 0.275879 0.966016 0.274414 0.961328 0.270508 0.964102 0.273291 0.959375 0.266113 0.954297 0.265625
1 0.968359 0.264648 0.967578 0.267578 0.970703 0.273926 0.977734 0.274902 0.980469 0.272949 0.980469 0.268066 0.978516 0.265625 0.974219 0.263184 0.969922 0.263184
1 0.741016 0.0200195 0.739453 0.0185547 0.732812 0.0185547 0.729688 0.0205078 0.727344 0.0234375 0.725781 0.027832 0.726562 0.0327148 0.727734 0.0341797 0.73125 0.0341797 0.736719 0.0307617 0.739844 0.0258789 0.741406 0.0219727
1 0.764844 0.0141602 0.759766 0.0136719 0.755469 0.0175781 0.754297 0.0209961 0.755078 0.0292969 0.759766 0.0297852 0.764844 0.0258789 0.767188 0.0185547
1 0.716016 0.0561523 0.712109 0.059082 0.711719 0.0649414 0.716406 0.0712891 0.717969 0.0712891 0.721875 0.0688477 0.722266 0.0639648 0.718359 0.0571289
1 0.706641 0.0678711 0.705078 0.0712891 0.706641 0.0786133 0.711719 0.0839844 0.711719 0.0874023 0.716797 0.0883789 0.717578 0.0771484 0.716797 0.0742188 0.713672 0.0722656 0.710156 0.0673828 0.705469 0.0657715
1 0.70625 0.0795898 0.705078 0.0795898 0.7 0.0874023 0.699609 0.0957031 0.700781 0.097168 0.708984 0.0908203 0.708984 0.0854492 0.707812 0.0810547
1 0.821094 0.0205078 0.820312 0.0273438 0.822266 0.0307617 0.826172 0.0322266 0.829688 0.0322266 0.832422 0.0307617 0.832812 0.0249023 0.830469 0.0205078 0.826953 0.0180664 0.822656 0.019043
1 0.938281 0.0253906 0.936719 0.027832 0.936719 0.0327148 0.938281 0.0380859 0.941797 0.0410156 0.945312 0.0405273 0.947656 0.0380859 0.948047 0.0327148 0.943359 0.0263672
1 0.862109 0.132324 0.858984 0.130371 0.853516 0.130859 0.846875 0.135742 0.846484 0.140625 0.849609 0.144531 0.854297 0.14502 0.858594 0.143555 0.862891 0.138672
1 0.799219 0.0483398 0.796094 0.0522461 0.796094 0.0629883 0.798438 0.0673828 0.803125 0.0683594 0.805078 0.0644531 0.805469 0.0595703 0.803516 0.0517578 0.801562 0.0493164
1 0.807031 0.0439453 0.803906 0.0483398 0.804688 0.0571289 0.80625 0.0615234 0.810547 0.0625 0.814063 0.0566406 0.814063 0.0512695 0.811328 0.0439453
1 0.954297 0.100098 0.950781 0.0991211 0.947266 0.100586 0.942187 0.106934 0.942187 0.111816 0.945312 0.112793 0.951172 0.11084 0.953906 0.106934
1 0.726562 0.306152 0.726562 0.311035 0.728906 0.314453 0.731641 0.315918 0.735938 0.314941 0.735938 0.309082 0.733203 0.305176 0.728125 0.304199
0 0.740625 0.290039 0.735547 0.290039 0.732031 0.294922 0.73125 0.299316 0.735547 0.305176 0.740234 0.304199 0.742188 0.301758 0.742578 0.294434
1 0.958984 0.342285 0.951562 0.341309 0.946094 0.344727 0.945703 0.353516 0.947656 0.35791 0.952344 0.359863 0.957031 0.358398 0.959766 0.355469 0.961328 0.349609 0.961328 0.346191
1 0.955859 0.366211 0.951562 0.367676 0.950391 0.369141 0.948828 0.375 0.948828 0.383301 0.950391 0.388184 0.951562 0.38916 0.957031 0.388184 0.958594 0.38623 0.959766 0.382324 0.959766 0.371582 0.958984 0.369141
1 0.985938 0.342773 0.981641 0.341797 0.976562 0.344727 0.972266 0.351562 0.971875 0.354492 0.972656 0.357422 0.973828 0.358887 0.977734 0.358887 0.98125 0.357422 0.987109 0.34668
1 0.991406 0.397949 0.986719 0.397461 0.982422 0.401367 0.98125 0.40625 0.982422 0.411621 0.9875 0.411621 0.991016 0.409668 0.992188 0.40625 0.994141 0.404297
1 0.978906 0.481934 0.976953 0.484863 0.976172 0.491699 0.977734 0.49707 0.980859 0.497559 0.982422 0.49707 0.983594 0.494629 0.983984 0.486328 0.982031 0.482422
1 0.983203 0.0922852 0.978125 0.0922852 0.973828 0.097168 0.971094 0.102051 0.970313 0.109863 0.972266 0.11377 0.975 0.114258 0.976562 0.113281 0.982422 0.105957 0.984375 0.0976562
1 0.741016 0.00488281 0.741016 0.0078125 0.742188 0.0107422 0.747656 0.0131836 0.754687 0.012207 0.756641 0.0107422 0.757812 0.00683594 0.757422 0.00488281 0.753906 0.00146484 0.753906 0 0.742969 0
1 0.946484 0.160156 0.949219 0.160156 0.949609 0.15625 0.951172 0.154785 0.958594 0.15625 0.960547 0.163574 0.960547 0.169434 0.959766 0.171387 0.957422 0.171875 0.953516 0.169922 0.948438 0.163574 0.946484 0.162598
1 0.938281 0.119629 0.935156 0.122559 0.935156 0.12793 0.937109 0.135254 0.939063 0.137695 0.943359 0.136719 0.944531 0.134766 0.944922 0.125 0.941797 0.120117
1 0.946562 0.142822 0.941406 0.149414 0.942187 0.158691 0.944141 0.161621 0.946875 0.162109 0.946875 0.158691 0.95 0.154785 0.95 0.149902 0.948047 0.145508
1 0.997266 0.188477 0.994531 0.19043 0.992969 0.193359 0.992969 0.200684 0.996094 0.207031 1 0.20752 1 0.188477
1 0.730078 0.448242 0.732812 0.451172 0.737109 0.452148 0.741797 0.450195 0.748047 0.444824 0.746367 0.446045 0.748828 0.443359 0.748828 0.441895 0.749492 0.437744 0.744922 0.44043 0.741797 0.438965 0.736719 0.438965 0.733594 0.439941 0.730078 0.443359
0 0.626953 0.0253906 0.626172 0.0297852 0.629297 0.0332031 0.632812 0.034668 0.638281 0.0336914 0.640625 0.0307617 0.641797 0.0263672 0.641016 0.0244141 0.639062 0.0234375 0.632422 0.0234375
1 0.821094 0.0356445 0.819922 0.0385742 0.819922 0.0424805 0.822266 0.0463867 0.827734 0.0493164 0.833984 0.0488281 0.835938 0.0458984 0.835938 0.0400391 0.833594 0.034668 0.825391 0.0336914
1 0.907422 0.0429688 0.908906 0.0396484 0.914062 0.0463867 0.914062 0.050293 0.912891 0.0537109 0.911328 0.0541992 0.907813 0.0527344 0.905859 0.0473633 0.905859 0.0449219
1 0.974219 0.133301 0.971094 0.130859 0.962891 0.132324 0.955469 0.13916 0.955078 0.145996 0.957422 0.151367 0.959766 0.152344 0.966797 0.147461 0.974219 0.13623
1 0.958594 0.102051 0.955078 0.104004 0.953516 0.108398 0.953242 0.11416 0.952031 0.121094 0.951172 0.12793 0.956641 0.127441 0.960547 0.123047 0.962109 0.116211 0.9625 0.107422
1 0.989844 0.208496 0.986719 0.213867 0.986719 0.220215 0.989844 0.224609 0.994141 0.224609 0.995703 0.221191 0.995703 0.212402
1 0.990234 0.342285 0.989453 0.34668 0.992188 0.354492 0.996875 0.361816 1 0.362305 1 0.34375 0.994141 0.341309
1 0.957422 0.47168 0.957031 0.476074 0.958203 0.478516 0.963672 0.48291 0.966406 0.486816 0.971484 0.48291 0.967969 0.473145 0.966406 0.471191 0.959375 0.470215
1 0.962891 0.492188 0.960547 0.502441 0.963281 0.506348 0.967578 0.507812 0.970977 0.50415 0.971406 0.499902 0.972656 0.496094 0.969531 0.492188 0.967187 0.491211 0.963672 0.491211
1 0.983203 0.515137 0.978906 0.514648 0.975391 0.51709 0.973828 0.52002 0.974219 0.523438 0.976172 0.524902 0.979297 0.524902 0.983984 0.518555
1 0.989844 0.520508 0.986328 0.52002 0.978125 0.529297 0.977734 0.534668 0.978906 0.536621 0.983203 0.536621 0.989844 0.528809
1 0.997266 0.398926 0.993359 0.40332 0.993359 0.408203 0.996094 0.412109 1 0.413574 1 0.398926
1 0.459375 0 0.459375 0.00195312 0.462891 0.00683594 0.465625 0.0078125 0.470703 0.0078125 0.475 0.00244141 0.475 0
1 0.998047 0.696777 0.996094 0.699707 0.995703 0.70459 0.996875 0.706543 1 0.70752 1 0.696777
1 0.319922 0.989258 0.319141 0.995117 0.321875 0.998535 0.321875 1 0.333203 1 0.335156 0.996582 0.335156 0.989746 0.332422 0.986816 0.324609 0.986328
1 0.621875 0.637695 0.618359 0.640137 0.617969 0.645996 0.619141 0.651855 0.623437 0.656738 0.628125 0.652344 0.628906 0.645508 0.627734 0.641602 0.623828 0.637695
1 0.483203 0.455078 0.478125 0.455566 0.473828 0.464355 0.473438 0.471191 0.477344 0.475586 0.482422 0.475586 0.4875 0.468262 0.488281 0.464844 0.4875 0.459473
2 0.677344 0.327637 0.673047 0.327637 0.666406 0.337891 0.665625 0.342773 0.66875 0.34668 0.674609 0.347168 0.677344 0.344727 0.678906 0.338867 0.678906 0.331543
1 0.217188 0.161133 0.212109 0.161621 0.208203 0.166016 0.206641 0.169434 0.205078 0.175781 0.204687 0.182129 0.20625 0.185547 0.208203 0.187012 0.213672 0.186523 0.219141 0.177734 0.221094 0.168945 0.219922 0.164551
1 0.998047 0.280273 0.995313 0.283203 0.994922 0.288574 0.997266 0.29248 1 0.292969 1 0.280273
1 0.998437 0.560059 0.996484 0.563477 0.996094 0.567871 0.997266 0.572754 1 0.57373 1 0.560059
2 0.887109 0.273926 0.884375 0.275391 0.882031 0.27832 0.880859 0.281738 0.880859 0.287598 0.882031 0.291504 0.8875 0.296387 0.890625 0.296387 0.892969 0.294922 0.895312 0.291016 0.894531 0.28125 0.893359 0.276855 0.891797 0.274902
2 0.869922 0.293945 0.868359 0.293945 0.864062 0.299805 0.862109 0.308105 0.862109 0.313965 0.863281 0.31543 0.869531 0.314453 0.871484 0.3125 0.873437 0.308105 0.873047 0.298828 0.872266 0.296387
2 0.758203 0.282715 0.754297 0.286133 0.751953 0.291016 0.751563 0.300781 0.755078 0.307129 0.760547 0.308105 0.761719 0.306641 0.760938 0.302246 0.763281 0.290527 0.760938 0.283691
2 0.801953 0.0727539 0.794531 0.0727539 0.791406 0.0766602 0.791406 0.0795898 0.792969 0.0830078 0.795703 0.0839844 0.8 0.0805664 0.802734 0.0766602
2 0.995313 0.435059 0.991016 0.439941 0.990234 0.444336 0.991016 0.447754 0.996484 0.455078 0.998047 0.458984 0.998437 0.464844 1 0.464844 1 0.435059
2 0.271094 0.489258 0.271094 0.498047 0.275391 0.503906 0.283594 0.503906 0.288281 0.498047 0.288672 0.492676 0.287891 0.490234 0.283203 0.48584 0.275781 0.485352
1 0.988164 0.00996094 0.987461 0.0156738 0.986914 0.0176758 0.989453 0.0239258 0.991406 0.0239258 0.994141 0.0214844 0.995313 0.0175781 0.992969 0.00488281 0.990586 0.00751953
1 0.877344 0.015625 0.877344 0.0214844 0.882422 0.0288086 0.886328 0.0307617 0.889062 0.0307617 0.891016 0.0288086 0.891406 0.0180664 0.889844 0.0151367 0.886328 0.0126953 0.883203 0.0126953
1 0.909375 0.0336914 0.910156 0.0356445 0.910977 0.0374512 0.910664 0.0394043 0.914648 0.0410156 0.916016 0.0429688 0.920312 0.043457 0.923438 0.0405273 0.922656 0.0371094 0.919922 0.0327148 0.912109 0.0307617
1 0.892188 0 0.892188 0.00683594 0.896484 0.00830078 0.903125 0.00683594 0.902734 0
1 0.892281 0.0105762 0.900391 0.0122656 0.907152 0.0190234 0.903094 0.0283203 0.893633 0.0224023 0.893633 0.0156445
1 0.897012 0.0367676 0.902418 0.0435254 0.903094 0.0308545 0.899715 0.0283203 0.896336 0.0249414 0.892281 0.0207129 0.89093 0.0316992 0.894984 0.0342334
1 0.972031 0.00466309 0.980145 0.017334 0.984199 0.0105762 0.981496 0.00128418
