1 0.0457031 0.118164 0.04375 0.118652 0.0410156 0.121582 0.0394531 0.126465 0.0394531 0.138672 0.040625 0.142578 0.041875 0.146436 0.0429688 0.147168 0.0444922 0.146045 0.0474609 0.143604 0.0507812 0.140137 0.0519531 0.137207 0.0526953 0.133887 0.0529297 0.129932 0.0525391 0.125391 0.0509375 0.121533 0.0492187 0.119629
1 0.161328 0.0532227 0.158984 0.0561523 0.158203 0.059082 0.158203 0.0668945 0.158594 0.0673828 0.158594 0.0688477 0.160938 0.074707 0.1625 0.0771484 0.165234 0.0791016 0.169141 0.0791016 0.170313 0.0776367 0.170703 0.0761719 0.170703 0.0639648 0.170313 0.0634766 0.170313 0.0620117 0.169531 0.059082 0.168359 0.0561523 0.166406 0.0537109 0.165625 0.0532227
1 0.201563 0.13623 0.199609 0.138672 0.198047 0.14209 0.198047 0.147461 0.198437 0.147949 0.198828 0.151367 0.200391 0.155273 0.204297 0.160156 0.207422 0.161621 0.209766 0.161621 0.211328 0.159668 0.212891 0.153809 0.212891 0.148926 0.2125 0.148438 0.2125 0.146484 0.212109 0.145996 0.212109 0.144531 0.211328 0.141602 0.208984 0.137695 0.205859 0.135742
1 0.244922 0.115723 0.244531 0.117188 0.244531 0.120117 0.246094 0.124023 0.251172 0.129883 0.253125 0.130859 0.25625 0.131348 0.259766 0.129883 0.262109 0.127441 0.262109 0.12207 0.260547 0.118652 0.257422 0.116699 0.256641 0.115723 0.252344 0.11377 0.247266 0.11377
1 0.271875 0.0727539 0.269531 0.0717773 0.266406 0.0717773 0.265234 0.0727539 0.264453 0.0727539 0.263281 0.0737305 0.258984 0.0795898 0.258594 0.0830078 0.257422 0.0874023 0.257422 0.0952148 0.258086 0.0983887 0.259531 0.0990234 0.263164 0.0967773 0.267188 0.09375 0.269531 0.0922852 0.271875 0.0888672 0.273828 0.0839844 0.273828 0.0810547 0.274219 0.0805664 0.273438 0.0756836
1 0.326562 0.0253906 0.325391 0.0273438 0.325391 0.0288086 0.324219 0.0317383 0.324609 0.0371094 0.326172 0.0410156 0.330078 0.0458984 0.333203 0.0478516 0.335547 0.0488281 0.336719 0.0488281 0.337109 0.0493164 0.341406 0.0493164 0.342578 0.0488281 0.345508 0.0452637 0.346523 0.0412598 0.345117 0.0388184 0.339688 0.0350586 0.334766 0.027832 0.330469 0.0249023
1 0.0910273 0.241226 0.0912578 0.245747 0.0912578 0.250049 0.091543 0.253779 0.0922891 0.256646 0.0944102 0.261167 0.0971094 0.264536 0.100895 0.265898 0.105082 0.266973 0.107438 0.266328 0.107207 0.264395 0.105313 0.262598 0.105027 0.258799 0.104797 0.254497 0.103937 0.249619 0.102445 0.245103 0.0996914 0.240654 0.0968203 0.236353 0.0948711 0.234917 0.0932656 0.235273 0.0921758 0.235991 0.0913711 0.237783 0.0911406 0.239648
1 0.0962891 0.277598 0.0930156 0.276162 0.0904375 0.276519 0.0878555 0.278164 0.0855 0.280464 0.084125 0.282607 0.082918 0.285264 0.0828047 0.286777 0.0834922 0.288491 0.0862461 0.290005 0.0892813 0.291216 0.0939922 0.29437 0.098125 0.296597 0.103289 0.298027 0.1065 0.300107 0.10977 0.302476 0.111605 0.302261 0.11218 0.299678 0.111836 0.296523 0.110746 0.29186 0.108797 0.287988 0.105871 0.284336 0.101453 0.28103 0.0987539 0.279165
1 0.113859 0.412617 0.112664 0.410625 0.110117 0.408184 0.108523 0.40689 0.106211 0.405942 0.104258 0.406289 0.102227 0.408979 0.101508 0.412417 0.101508 0.416353 0.102664 0.421479 0.103859 0.424668 0.104457 0.427358 0.10402 0.429199 0.10366 0.431191 0.103941 0.433384 0.105016 0.43418 0.106531 0.434331 0.108082 0.433384 0.109875 0.432339 0.112227 0.432139 0.113504 0.431045 0.114301 0.428853 0.114457 0.425864 0.1145 0.420684 0.114258 0.41645 0.114059 0.414258
1 0 0.488018 0.000445312 0.488091 0.000445312 0.488091 0.00317187 0.489463 0.00498828 0.491318 0.00666016 0.494307 0.00766406 0.497949 0.00862109 0.502134 0.00857422 0.507153 0.00780859 0.511279 0.00651953 0.515879 0.00532422 0.517134 0.00259766 0.51606 0.00078125 0.515166 0 0.514502
1 -0 0.549268 0.00302734 0.547017 0.00642188 0.543613 0.00910156 0.540088 0.0102969 0.536611 0.0108203 0.532915 0.0110586 0.528374 0.0110117 0.52436 0.0104883 0.521079 0.0108203 0.517915 0.01125 0.51564 0.0107734 0.512412 0.00948437 0.511333 0.00795313 0.512295 0.00541797 0.515693 0.00264453 0.519229 0.000875 0.521797 0 0.522554
1 0.0186133 0.49377 0.0145039 0.491797 0.0114922 0.491377 0.00919531 0.492515 0.00838281 0.495493 0.00905078 0.498311 0.0119688 0.503442 0.0135469 0.507031 0.0149805 0.511997 0.0169414 0.515337 0.0197148 0.518384 0.0223438 0.52 0.027125 0.522158 0.030043 0.524604 0.0323867 0.52646 0.0332461 0.526152 0.0334844 0.524785 0.0331484 0.521919 0.031332 0.518384 0.0295156 0.515103 0.028418 0.510742 0.0274609 0.507207 0.0255937 0.502852 0.0231562 0.499258 0.0217695 0.497412 0.0208125 0.496099
1 0.0565 0.563999 0.0559766 0.568184 0.0559297 0.57332 0.0552578 0.576309 0.0535859 0.579717 0.0524844 0.583481 0.0526758 0.585513 0.053918 0.586172 0.0564063 0.584736 0.0595625 0.580791 0.0622852 0.57834 0.0644375 0.576367 0.0657773 0.573022 0.0667344 0.568662 0.0668281 0.565371 0.0664453 0.562803 0.0641992 0.558677 0.0626211 0.556289 0.0600859 0.553721 0.0565 0.552524 0.0543984 0.553062 0.0540156 0.55563 0.0552109 0.557305 0.0562617 0.559873 0.0566914 0.561729
1 0.0711289 0.556943 0.0695078 0.556108 0.0666367 0.555391 0.0653945 0.556709 0.0660156 0.559395 0.0666367 0.561426 0.0669687 0.564653 0.0669687 0.569438 0.0670195 0.572246 0.0675937 0.575894 0.0684531 0.578701 0.0704102 0.581567 0.0725625 0.582168 0.0742383 0.581689 0.0768203 0.580073 0.0784922 0.577266 0.0800234 0.573081 0.0811719 0.56854 0.0808398 0.564834 0.0792617 0.562026 0.0764375 0.559634 0.0730937 0.557964
1 0.0724648 0.595435 0.0699805 0.597051 0.0686406 0.599438 0.0676836 0.604043 0.0680664 0.606313 0.0695977 0.606851 0.0710313 0.607388 0.0737109 0.609839 0.0767695 0.61187 0.0795898 0.612407 0.0831289 0.612407 0.085375 0.611689 0.0870508 0.609541 0.0875742 0.604341 0.0865703 0.600513 0.085375 0.597168 0.0824102 0.595078 0.0782031 0.594536 0.0746641 0.594536
2 0.0498555 0.629023 0.046125 0.626572 0.0432578 0.626455 0.0404844 0.627646 0.0390039 0.631177 0.0387617 0.636133 0.0389531 0.639121 0.0389531 0.643906 0.0400547 0.648447 0.0433516 0.651973 0.0454102 0.65335 0.0479414 0.653589 0.0500938 0.653169 0.0520078 0.651675 0.0538242 0.648564 0.0544922 0.644502 0.0541602 0.640796 0.0529648 0.636611 0.0516719 0.633208 0.0508203 0.630957
1 0.0308281 0.620117 0.0278125 0.617427 0.0249453 0.616235 0.0219805 0.616411 0.0197344 0.617368 0.0186836 0.618325 0.0183008 0.619697 0.0184922 0.621909 0.0192539 0.6246 0.0213594 0.628364 0.0237969 0.63291 0.0259023 0.63751 0.0268086 0.640439 0.027957 0.642231 0.0290078 0.643008 0.0308281 0.643306 0.031832 0.642173 0.0333125 0.640142 0.0354648 0.637031 0.036707 0.634639 0.0370898 0.631416 0.0370898 0.628726 0.0352266 0.625557 0.033125 0.622803
1 0.0171953 0.642827 0.016668 0.641333 0.0152812 0.639663 0.0138477 0.639482 0.0119336 0.641514 0.0106914 0.645098 0.0100703 0.648506 0.00997656 0.652871 0.0109297 0.657651 0.0111719 0.661895 0.011457 0.664824 0.0138945 0.666855 0.0160938 0.666377 0.0181016 0.664761 0.0203008 0.661772 0.0226445 0.657891 0.0229805 0.655381 0.0226445 0.65311 0.0217383 0.650718 0.0200625 0.648149 0.0184375 0.64564 0.0179102 0.644502
1 0.00716016 0.664824 0.00476953 0.667451 0.003 0.670679 0.00127734 0.67498 0 0.678838 0 0.687119 0.000609375 0.688369 0.00390625 0.68897 0.00605859 0.68897 0.0086875 0.687891 0.0113203 0.685742 0.0134687 0.680659 0.0146172 0.675044 0.0149062 0.670498 0.0153828 0.666855 0.0153828 0.664585 0.0139492 0.662671 0.0113203 0.662612 0.00959766 0.663389
1 0.0266172 0.677495 0.0252266 0.674863 0.0236484 0.67271 0.0209297 0.672173 0.01825 0.673071 0.0151406 0.676475 0.0128984 0.682095 0.011793 0.687114 0.0123242 0.69106 0.0150469 0.695542 0.0188242 0.700024 0.0227891 0.702593 0.0267148 0.70355 0.0300078 0.701758 0.031543 0.699126 0.0321602 0.695781 0.0321602 0.692134 0.0313984 0.688608 0.0297734 0.685859 0.0284375 0.683052 0.0274297 0.680781
1 0 0.705244 0.00189844 0.703311 0.00572656 0.701401 0.00835547 0.700322 0.0120352 0.699844 0.0148086 0.699727 0.0165313 0.700444 0.0175352 0.702593 0.0176797 0.705225 0.0162422 0.709707 0.0144727 0.712275 0.0128008 0.713828 0.00955078 0.715444 0.00558203 0.71646 0.00242578 0.716816 0.000511719 0.717119 -0 0.717197
1 0.0487812 0.658071 0.0472969 0.656035 0.0470586 0.655142 0.0463906 0.654961 0.0442383 0.6552 0.0418477 0.656338 0.0391211 0.659023 0.0379727 0.660879 0.0377813 0.665 0.0400781 0.66853 0.043043 0.671816 0.0467227 0.673608 0.0503086 0.674624 0.0530352 0.67313 0.0548984 0.670801 0.0568125 0.668228 0.058293 0.664702 0.0586758 0.661953 0.0580078 0.659565 0.0563828 0.658784 0.0522695 0.659565 0.050168 0.659146
1 0.0874609 0.63207 0.0849727 0.63165 0.0830547 0.631831 0.081 0.633027 0.0791367 0.634819 0.078418 0.637627 0.0794766 0.641934 0.0818164 0.644502 0.0876055 0.64791 0.093 0.649702 0.0966875 0.650122 0.0998906 0.650122 0.101469 0.647612 0.102137 0.645698 0.102328 0.642349 0.101656 0.639121 0.0996992 0.637031 0.0947773 0.635181 0.0919961 0.633862 0.0896602 0.632847
1 0.12498 0.745903 0.125957 0.742822 0.125613 0.739883 0.123434 0.738447 0.120793 0.737871 0.118152 0.739448 0.114824 0.743252 0.113793 0.74605 0.112762 0.749707 0.112359 0.75272 0.111211 0.755947 0.11018 0.758887 0.110809 0.76082 0.112816 0.761182 0.114941 0.76082 0.117406 0.75939 0.119875 0.757021 0.122227 0.754727 0.123949 0.752358 0.124465 0.75021 0.124695 0.7477
1 0.162562 0.76498 0.159809 0.766919 0.157801 0.769214 0.157227 0.77165 0.158891 0.774595 0.161184 0.775596 0.164914 0.775957 0.169504 0.776675 0.173289 0.777104 0.177422 0.777749 0.180461 0.775957 0.182125 0.773945 0.18293 0.771079 0.182355 0.769141 0.180004 0.768066 0.176734 0.766631 0.174898 0.765557 0.172316 0.763691 0.170898 0.762842 0.168988 0.762256 0.167211 0.762402 0.165199 0.763403 0.163484 0.764409
2 0.186715 0.773013 0.183504 0.774448 0.181727 0.774595 0.180062 0.774736 0.178168 0.775596 0.177422 0.777104 0.178684 0.779756 0.181438 0.78083 0.183789 0.78083 0.186148 0.780332 0.188781 0.780688 0.19125 0.780903 0.193371 0.780474 0.195379 0.778535 0.195781 0.77624 0.194348 0.774595 0.191766 0.774521 0.189645 0.773374 0.188207 0.773013
1 0.21873 0.755732 0.215461 0.755586 0.213566 0.75437 0.210586 0.752861 0.208691 0.752505 0.207602 0.754438 0.207543 0.758096 0.209668 0.762686 0.213914 0.765269 0.219074 0.768638 0.22493 0.769429 0.228887 0.768281 0.232848 0.764839 0.235258 0.762188 0.235656 0.759028 0.23382 0.756665 0.229633 0.754868 0.225156 0.753794 0.22223 0.754438 0.220914 0.755015
1 0.27232 0.803135 0.271059 0.799907 0.269395 0.796108 0.268246 0.795317 0.26659 0.795034 0.265148 0.795967 0.26423 0.79876 0.264172 0.803853 0.263715 0.808228 0.262852 0.812964 0.262453 0.816333 0.262453 0.819419 0.26159 0.822573 0.2605 0.825439 0.260156 0.829028 0.260387 0.832974 0.261648 0.83627 0.263426 0.837632 0.265605 0.837847 0.266297 0.837134 0.266754 0.836055 0.267156 0.832686 0.267559 0.830176 0.268535 0.827236 0.270199 0.825439 0.272035 0.822861 0.272434 0.820493 0.272551 0.816191 0.272723 0.809375 0.272723 0.806006
1 0.239336 0.828525 0.237902 0.830391 0.236813 0.832471 0.235375 0.834189 0.234746 0.836055 0.234746 0.837705 0.236523 0.840718 0.237559 0.841504 0.23882 0.84251 0.242148 0.842437 0.244156 0.840718 0.248 0.836772 0.250926 0.834189 0.253793 0.831035 0.25741 0.828237 0.259074 0.825874 0.260219 0.822788 0.259762 0.821279 0.25798 0.821279 0.254941 0.8225 0.2515 0.823003 0.24932 0.823003 0.24691 0.822861 0.244441 0.823506 0.241055 0.826445
1 0.254539 0.846382 0.252301 0.842871 0.250465 0.840356 0.248859 0.839209 0.247656 0.838926 0.244844 0.839927 0.24318 0.842368 0.24232 0.846455 0.241859 0.851045 0.24318 0.856426 0.244441 0.858286 0.246566 0.861016 0.249434 0.863164 0.252359 0.865176 0.255172 0.865747 0.257465 0.864243 0.259703 0.861733 0.260562 0.858359 0.259762 0.854702 0.257695 0.851475 0.256262 0.848823
1 0.220688 0.818555 0.216613 0.819058 0.214379 0.820205 0.21277 0.82207 0.212484 0.824077 0.213516 0.827378 0.215582 0.830244 0.218449 0.832183 0.222523 0.833257 0.224992 0.833257 0.228547 0.831753 0.231074 0.829814 0.232852 0.829673 0.236238 0.829316 0.23773 0.828022 0.238187 0.827163 0.238129 0.825371 0.236754 0.823936 0.235547 0.822788 0.23182 0.820132 0.229121 0.818916 0.224359 0.818057
1 0.204445 0.838276 0.203184 0.836055 0.202781 0.83376 0.20175 0.831826 0.20043 0.83125 0.199172 0.832324 0.197676 0.835122 0.196414 0.838994 0.195668 0.843945 0.195609 0.846313 0.195723 0.850972 0.197043 0.853628 0.197848 0.855635 0.201004 0.859434 0.204848 0.863164 0.20766 0.864243 0.209723 0.864243 0.212535 0.862593 0.213969 0.859365 0.213914 0.856353 0.212535 0.852407 0.21093 0.848608 0.209324 0.844448 0.207715 0.841792 0.206223 0.839858
1 0.161023 0.89731 0.160449 0.895732 0.159246 0.894658 0.158387 0.894297 0.157293 0.894727 0.155805 0.896592 0.153852 0.898389 0.153277 0.900396 0.152934 0.902905 0.152934 0.906489 0.153277 0.909648 0.154313 0.911582 0.15609 0.915815 0.157582 0.91811 0.159934 0.92019 0.163664 0.920762 0.16682 0.918252 0.168656 0.915957 0.169113 0.914165 0.169113 0.911294 0.168426 0.907852 0.167219 0.904697 0.165957 0.902979 0.164352 0.900684 0.16223 0.89896
1 0.115555 0.889072 0.113375 0.887344 0.11125 0.887275 0.109129 0.88813 0.106258 0.890864 0.105742 0.893437 0.107062 0.898101 0.109758 0.902046 0.11498 0.906069 0.118539 0.907861 0.120547 0.9075 0.121406 0.905986 0.12066 0.90356 0.118711 0.899248 0.118078 0.896309 0.116875 0.891646
2 0.0905977 0.898174 0.088875 0.895454 0.0859492 0.894585 0.0833672 0.894585 0.0804414 0.895303 0.0782617 0.897021 0.0771133 0.900249 0.0771133 0.903838 0.077457 0.907065 0.0784336 0.908936 0.0807266 0.910864 0.0829063 0.913374 0.0845156 0.916963 0.0856055 0.921338 0.0875 0.924204 0.0896797 0.924707 0.0919141 0.923989 0.0939805 0.920405 0.0948438 0.91668 0.094957 0.913813 0.0948438 0.910146 0.0939258 0.9075 0.0925469 0.904556 0.0920312 0.90269 0.0913438 0.900249
1 0.0785469 0.850767 0.0775156 0.848398 0.0763672 0.846675 0.0751055 0.846899 0.0733281 0.847974 0.0720625 0.849331 0.0710313 0.8527 0.070918 0.857007 0.0712031 0.858726 0.0724102 0.864033 0.0736133 0.866255 0.0753359 0.868765 0.0786641 0.871563 0.0826797 0.872856 0.0846875 0.871563 0.0865234 0.869561 0.0876133 0.866904 0.0876719 0.863896 0.0862344 0.859155 0.0848008 0.856216 0.082793 0.854424 0.0799258 0.852344
1 0.0971367 0.863745 0.0936367 0.859517 0.0899648 0.857075 0.0872695 0.855791 0.0850898 0.855859 0.0837109 0.857363 0.0836523 0.860088 0.0850313 0.863677 0.0865234 0.867334 0.0876133 0.87106 0.0883008 0.874585 0.0889883 0.878521 0.0892773 0.882104 0.0911719 0.883901 0.0934648 0.883901 0.0962187 0.883184 0.0980547 0.881748 0.0993164 0.879175 0.0997187 0.875508 0.0993164 0.871206 0.0985703 0.86769 0.0980078 0.865625
1 0.245187 0.999873 0.244855 0.998013 0.244773 0.993574 0.244527 0.987378 0.244527 0.983247 0.244773 0.979839 0.244445 0.976323 0.242707 0.973433 0.240148 0.97147 0.238328 0.971987 0.237918 0.974053 0.236844 0.977051 0.234859 0.979839 0.233371 0.982832 0.232297 0.985825 0.231637 0.987998 0.231223 0.991611 0.231223 0.99729 0.23148 1 0.243312 1
1 0.0953398 0.527969 0.0960859 0.525669 0.0961445 0.523594 0.0959766 0.5223 0.0953398 0.520366 0.0941953 0.518931 0.0921875 0.517422 0.090125 0.516851 0.0885117 0.516851 0.0869141 0.517637 0.0855937 0.520435 0.0844961 0.523735 0.0841016 0.526963 0.0841016 0.530332 0.0850703 0.533706 0.0870234 0.537002 0.0889219 0.539873 0.0915039 0.54145 0.0951172 0.54145 0.0975781 0.540732 0.0985586 0.539009 0.0987266 0.538296 0.0981523 0.536499 0.0966602 0.535425 0.0947656 0.533706 0.094543 0.532627 0.094543 0.530762 0.0949219 0.529541
1 0.0965508 0.53105 0.0976992 0.535928 0.0979297 0.538579 0.0988477 0.542021 0.100281 0.544531 0.101824 0.547544 0.10252 0.549839 0.104527 0.551704 0.10625 0.551919 0.108594 0.551201 0.110316 0.549771 0.111012 0.547188 0.110723 0.541953 0.110258 0.536787 0.109289 0.531191 0.107625 0.526816 0.10584 0.524741 0.10275 0.522446 0.100855 0.52187 0.098957 0.522085 0.0973555 0.522803 0.096375 0.525312 0.0961445 0.528252
1 0.135051 0.530405 0.134477 0.527749 0.132348 0.524741 0.130348 0.522944 0.128445 0.522729 0.126781 0.523521 0.125125 0.525239 0.12334 0.528184 0.122711 0.531694 0.122711 0.534995 0.123281 0.538652 0.124773 0.54145 0.127301 0.544248 0.129199 0.545464 0.132008 0.545537 0.134645 0.543599 0.135969 0.542236 0.136078 0.539941 0.136078 0.53729 0.135625 0.532988
1 0.137453 0.541523 0.135109 0.543599 0.132348 0.546396 0.13052 0.548691 0.129945 0.5502 0.13052 0.551919 0.132582 0.552998 0.136078 0.554146 0.138492 0.55436 0.142508 0.553569 0.145262 0.552349 0.147559 0.550415 0.149676 0.548408 0.151461 0.54647 0.152605 0.544316 0.152832 0.541738 0.152832 0.538726 0.15232 0.538008 0.150715 0.537861 0.147668 0.538008 0.14434 0.538511 0.140898 0.5398
1 0.150191 0.548691 0.145836 0.55063 0.142043 0.552637 0.139871 0.554644 0.137453 0.556797 0.134988 0.558447 0.13373 0.559883 0.13373 0.561602 0.134879 0.562031 0.136996 0.561675 0.140035 0.56103 0.144691 0.560381 0.148242 0.560312 0.150371 0.559595 0.153691 0.557803 0.156969 0.554502 0.157879 0.552349 0.158289 0.550488 0.157938 0.54769 0.15616 0.546973 0.153578 0.546973 0.151684 0.547832
1 0.140898 0.566191 0.140094 0.565117 0.139297 0.565044 0.138602 0.56519 0.138262 0.566406 0.138086 0.567983 0.137168 0.570781 0.136594 0.574438 0.136594 0.577524 0.136937 0.580034 0.138148 0.582617 0.140445 0.584697 0.142043 0.58563 0.144402 0.585913 0.146926 0.585269 0.149492 0.583496 0.150594 0.580391 0.150426 0.577383 0.149617 0.574512 0.148012 0.572144 0.145035 0.569849 0.142969 0.568271 0.141879 0.567554
1 0.155625 0.558447 0.154219 0.55752 0.152188 0.557422 0.150141 0.558735 0.147844 0.560815 0.146234 0.564473 0.145945 0.568057 0.145945 0.571143 0.147094 0.576162 0.149445 0.579175 0.152148 0.581182 0.154551 0.583979 0.15616 0.585913 0.158168 0.586348 0.159434 0.5852 0.160812 0.582544 0.1615 0.579531 0.161961 0.575229 0.161961 0.572861 0.161895 0.57021 0.160926 0.567124 0.158859 0.563252 0.157715 0.560884 0.156836 0.559326
1 0.222664 0.56856 0.220477 0.565117 0.219387 0.562607 0.218703 0.56146 0.21732 0.56146 0.216352 0.562319 0.215605 0.564614 0.214918 0.568345 0.214457 0.573652 0.214223 0.577954 0.214223 0.581108 0.215082 0.584053 0.216695 0.586274 0.217605 0.589214 0.218523 0.592085 0.219277 0.592729 0.220426 0.592012 0.221516 0.591152 0.223121 0.590146 0.225238 0.588711 0.226672 0.585845 0.226961 0.580537 0.227016 0.577021 0.225871 0.573579 0.22427 0.570493
1 0.252039 0.53772 0.247562 0.533418 0.243656 0.529331 0.241539 0.52646 0.239645 0.525527 0.238379 0.525669 0.237695 0.527607 0.237867 0.530405 0.239301 0.534136 0.241992 0.540806 0.24423 0.546685 0.248516 0.554346 0.25341 0.560239 0.256055 0.563755 0.258004 0.567124 0.260586 0.569849 0.263684 0.570278 0.26523 0.569277 0.26523 0.568057 0.264547 0.565903 0.263742 0.562246 0.261102 0.555864 0.258172 0.548262 0.25559 0.542383 0.25341 0.539443
1 0.250254 0.566621 0.24859 0.568057 0.247441 0.570493 0.246703 0.575586 0.247047 0.580679 0.24773 0.584624 0.248422 0.587852 0.24957 0.589858 0.252547 0.590718 0.255766 0.590435 0.258746 0.588208 0.259785 0.586489 0.260242 0.584624 0.260242 0.582759 0.259668 0.580967 0.258922 0.577524 0.258922 0.574155 0.258922 0.571069 0.259383 0.568916 0.259383 0.567271 0.258637 0.565688 0.257145 0.565547 0.25559 0.565547 0.252434 0.565977
1 0.307398 0.539873 0.304301 0.541089 0.301832 0.542813 0.300113 0.545894 0.299254 0.548408 0.299086 0.551704 0.298965 0.553931 0.298449 0.556294 0.298797 0.55895 0.301262 0.559521 0.304191 0.558877 0.307004 0.556509 0.310211 0.554146 0.313602 0.549556 0.316465 0.546826 0.319621 0.544316 0.321691 0.543242 0.323758 0.541592 0.324496 0.5398 0.323922 0.537861 0.322035 0.537363 0.317668 0.537363 0.313652 0.537432
1 0.364207 0.58104 0.362828 0.580107 0.360699 0.580034 0.359102 0.581396 0.357664 0.583188 0.356973 0.585845 0.356973 0.58771 0.357437 0.590361 0.358691 0.592583 0.361273 0.594165 0.364781 0.59481 0.369766 0.595093 0.373437 0.595239 0.376305 0.594448 0.377516 0.593086 0.377684 0.590503 0.377453 0.586777 0.376824 0.583618 0.37602 0.582256 0.373617 0.581753 0.367473 0.581396 0.365926 0.581396
1 0.193285 0.47541 0.192711 0.473257 0.192082 0.472109 0.190129 0.471753 0.188754 0.471753 0.186629 0.474336 0.184965 0.477778 0.184047 0.483945 0.183875 0.487964 0.18468 0.492622 0.186918 0.497212 0.189844 0.500225 0.192254 0.501299 0.195695 0.501875 0.199082 0.500513 0.200457 0.498076 0.201664 0.495063 0.201719 0.492334 0.200402 0.488608 0.198391 0.485381 0.195984 0.481865 0.193801 0.478208
1 0.194203 0.440483 0.19191 0.438047 0.190934 0.436899 0.188812 0.436899 0.187605 0.437617 0.187203 0.439839 0.185883 0.441846 0.184965 0.443926 0.185082 0.44665 0.186688 0.449307 0.189785 0.454897 0.193113 0.459487 0.195352 0.462788 0.196672 0.465586 0.197875 0.466519 0.199137 0.466157 0.200859 0.46415 0.201891 0.462432 0.202582 0.459702 0.202465 0.457695 0.201375 0.454038 0.199426 0.44916 0.19673 0.444287 0.195582 0.441992
1 0.23098 0.464727 0.228227 0.462217 0.225934 0.462144 0.224098 0.462646 0.222316 0.464438 0.220082 0.467666 0.219508 0.472827 0.221801 0.47792 0.224613 0.483086 0.226391 0.487964 0.228398 0.491333 0.232016 0.492622 0.234598 0.491621 0.237293 0.488677 0.238441 0.484878 0.237809 0.48165 0.236949 0.477134 0.235973 0.47376 0.234652 0.470532 0.232645 0.46709
1 0.246988 0.465513 0.24498 0.467881 0.244121 0.470747 0.244352 0.474907 0.246188 0.478638 0.246703 0.483013 0.246988 0.487388 0.248422 0.491333 0.250719 0.49126 0.25227 0.489756 0.253586 0.487676 0.255309 0.482798 0.257086 0.478066 0.258809 0.473975 0.259613 0.470747 0.259324 0.467163 0.258465 0.465156 0.256973 0.462358 0.254965 0.460781 0.25307 0.46085 0.25043 0.462646 0.248477 0.464307
1 0.236832 0.429585 0.233449 0.432378 0.232645 0.434888 0.232875 0.437397 0.23368 0.438262 0.235801 0.438618 0.237523 0.439624 0.239703 0.441343 0.24257 0.441704 0.245555 0.441343 0.249457 0.43998 0.251176 0.438833 0.252727 0.437544 0.255539 0.43582 0.257602 0.434673 0.258406 0.433311 0.258406 0.431304 0.257258 0.427358 0.255996 0.424922 0.25416 0.422695 0.252613 0.421333 0.250949 0.42105 0.248137 0.421406 0.242914 0.424277 0.24068 0.425781 0.238785 0.427432
1 0.312555 0.448452 0.311086 0.443047 0.31034 0.44189 0.308188 0.441533 0.305773 0.445762 0.303418 0.449131 0.303336 0.451069 0.305168 0.451572 0.305973 0.451978 0.305973 0.454844 0.305289 0.457637 0.304969 0.462266 0.30509 0.465713 0.306113 0.469082 0.308188 0.470942 0.310766 0.472451 0.31332 0.472124 0.315473 0.470088 0.317082 0.466992 0.317223 0.462842 0.31682 0.460405 0.315734 0.457461 0.313863 0.453159 0.313039 0.450566
1 0.820828 0.922456 0.820262 0.924785 0.82002 0.92853 0.822691 0.931367 0.826984 0.931772 0.831602 0.929849 0.833223 0.927012 0.833625 0.920937 0.832004 0.913545 0.829172 0.903623 0.827391 0.902104 0.825281 0.901802 0.82334 0.90251 0.821961 0.903926 0.82107 0.907573 0.82107 0.913042 0.821313 0.918911
1 0.321469 0.409521 0.320324 0.408257 0.319719 0.406411 0.319109 0.405479 0.318102 0.405396 0.317156 0.406655 0.316281 0.410449 0.315473 0.415249 0.315066 0.421567 0.315473 0.425781 0.316617 0.42957 0.319109 0.432271 0.323898 0.435132 0.325043 0.43564 0.327062 0.435049 0.328074 0.43311 0.329289 0.429233 0.329691 0.426382 0.329422 0.422832 0.327672 0.416934 0.326727 0.413647 0.325176 0.411626 0.323965 0.410786
1 0.344184 0.455015 0.339398 0.45814 0.3365 0.461514 0.335691 0.462861 0.335488 0.464546 0.33677 0.467832 0.339262 0.470776 0.343039 0.473296 0.344859 0.473643 0.347016 0.472886 0.349711 0.470098 0.352813 0.464873 0.354699 0.460923 0.356383 0.456709 0.35652 0.454014 0.355641 0.451816 0.354227 0.448198 0.353621 0.447856 0.352813 0.447524 0.351801 0.447612 0.349844 0.448613 0.348094 0.450557 0.346543 0.453076
1 0.34434 0.476807 0.34007 0.475107 0.337836 0.475347 0.335215 0.476924 0.333953 0.4802 0.333953 0.483965 0.336285 0.487358 0.339875 0.490273 0.343953 0.492456 0.349773 0.494033 0.355211 0.495122 0.356375 0.494883 0.356762 0.492695 0.356375 0.491851 0.355016 0.490029 0.354727 0.489541 0.354531 0.489302 0.354531 0.489058 0.353754 0.487847 0.352977 0.485542 0.35191 0.483354 0.350648 0.481655 0.347738 0.478501
1 0.421543 0.425747 0.419117 0.424233 0.416422 0.42356 0.414266 0.424819 0.413793 0.427178 0.414398 0.428779 0.415141 0.430044 0.415074 0.431563 0.414469 0.433921 0.414129 0.436445 0.41393 0.439565 0.414199 0.443018 0.41548 0.446895 0.416828 0.449087 0.41932 0.450771 0.420266 0.450601 0.4235 0.448159 0.424914 0.445464 0.425723 0.442598 0.425789 0.439482 0.425789 0.436445 0.424781 0.432573 0.422895 0.427686
1 0.425375 0.450308 0.425172 0.454014 0.425441 0.457036 0.426316 0.459312 0.427598 0.461924 0.428406 0.464536 0.428945 0.467402 0.429215 0.467988 0.430359 0.467832 0.431102 0.466138 0.43191 0.463525 0.43373 0.461177 0.435145 0.459146 0.436293 0.456787 0.436359 0.452065 0.43582 0.44853 0.434137 0.444155 0.432855 0.441621 0.432113 0.439937 0.431305 0.438252 0.430359 0.437915 0.429148 0.438335 0.427867 0.439683 0.426652 0.442041 0.426113 0.444653 0.425574 0.447856
1 0.418902 0.452573 0.416812 0.451309 0.416004 0.450381 0.415129 0.449453 0.413984 0.449878 0.413645 0.452402 0.413125 0.455615 0.413242 0.458721 0.413512 0.462935 0.414453 0.465967 0.415465 0.469673 0.41816 0.473467 0.421531 0.476333 0.423957 0.477847 0.426383 0.476245 0.426723 0.47397 0.426723 0.470776 0.426652 0.465547 0.426047 0.462344 0.424563 0.459058 0.423285 0.456699 0.420855 0.45376
1 0.457582 0.461367 0.455762 0.462041 0.455293 0.463813 0.455223 0.466675 0.454953 0.46895 0.455223 0.471055 0.456031 0.471982 0.457246 0.471982 0.458863 0.472744 0.462234 0.474678 0.46466 0.475942 0.467152 0.476196 0.469852 0.476196 0.472816 0.475269 0.475105 0.473838 0.476051 0.472319 0.475914 0.471055 0.47423 0.468867 0.472613 0.466929 0.469715 0.463979 0.467148 0.462305 0.464375 0.461719 0.460078 0.461621
1 0.462234 0.437104 0.459539 0.43542 0.456504 0.434575 0.454078 0.434746 0.453 0.436514 0.452934 0.438789 0.454145 0.442158 0.455629 0.445444 0.458324 0.453364 0.45927 0.45606 0.46075 0.457578 0.462637 0.458418 0.46493 0.459683 0.465941 0.459683 0.467625 0.458506 0.468637 0.454546 0.468973 0.450249 0.468906 0.447046 0.467152 0.441821 0.464996 0.439297
1 0.399973 0.389263 0.395816 0.393335 0.393512 0.396143 0.392668 0.39958 0.393289 0.403022 0.394859 0.404146 0.395871 0.403652 0.397164 0.402109 0.399523 0.401265 0.404969 0.401196 0.407215 0.400913 0.408902 0.399653 0.410699 0.397686 0.413281 0.393052 0.414461 0.389824 0.415359 0.387573 0.415473 0.384907 0.415305 0.383506 0.414012 0.382729 0.412102 0.382729 0.408566 0.383643 0.406207 0.384907 0.403508 0.38645 0.401656 0.387505
1 0.125293 0.709971 0.123043 0.709194 0.12091 0.709336 0.119676 0.710181 0.120234 0.712217 0.122762 0.714321 0.126469 0.717974 0.129504 0.7198 0.132426 0.720708 0.135063 0.720708 0.141578 0.719165 0.146578 0.716641 0.14798 0.716079 0.149441 0.71418 0.149781 0.710459 0.148543 0.708564 0.145453 0.707441 0.140738 0.707021 0.137141 0.707861 0.134445 0.708496 0.130906 0.709126 0.12782 0.709897
1 0.170395 0.694312 0.169773 0.692134 0.168313 0.691572 0.166348 0.692417 0.16427 0.69375 0.161629 0.696699 0.16073 0.699297 0.16107 0.702524 0.161125 0.705825 0.16152 0.711304 0.162305 0.714951 0.164215 0.719165 0.166125 0.721621 0.169043 0.722676 0.172414 0.721904 0.174492 0.72022 0.174719 0.71811 0.173875 0.714741 0.17382 0.711021 0.173762 0.707793 0.172977 0.704985 0.171684 0.701685 0.170898 0.699087 0.170617 0.696982
1 0.186062 0.704775 0.183816 0.702246 0.182523 0.700142 0.182242 0.697891 0.182242 0.695859 0.181906 0.694312 0.181008 0.693408 0.179941 0.69333 0.178762 0.693892 0.176457 0.696348 0.175 0.698457 0.174098 0.701475 0.173988 0.704429 0.174547 0.708291 0.17584 0.711162 0.179043 0.714604 0.18157 0.716851 0.183816 0.718325 0.185781 0.720571 0.18668 0.722256 0.187691 0.722817 0.190164 0.722046 0.191961 0.719517 0.193363 0.716079 0.193645 0.71397 0.193141 0.711792 0.191734 0.710742 0.188535 0.707583 0.187074 0.706035
1 0.196953 0.679492 0.196004 0.677744 0.19516 0.677109 0.193531 0.677671 0.191117 0.679077 0.18977 0.681045 0.188984 0.683218 0.188816 0.685889 0.190332 0.689116 0.192465 0.692065 0.194711 0.694312 0.197184 0.696206 0.200047 0.697822 0.203195 0.697822 0.206789 0.698525 0.208977 0.698525 0.21173 0.697754 0.213305 0.695718 0.213754 0.69312 0.213359 0.692207 0.211168 0.691572 0.209258 0.690874 0.20752 0.689751 0.205273 0.68708 0.204203 0.684556 0.202914 0.682798 0.200441 0.681396 0.198086 0.680566
1 0.158547 0.626211 0.15602 0.628037 0.15484 0.630703 0.154445 0.634004 0.154336 0.638428 0.155344 0.642988 0.157594 0.647837 0.159445 0.650713 0.16141 0.651206 0.163547 0.650645 0.165906 0.647837 0.167477 0.644746 0.167535 0.640815 0.167984 0.637793 0.169105 0.635195 0.169387 0.633164 0.16832 0.630562 0.167645 0.62916 0.163266 0.625508 0.160512 0.625156
1 0.173879 0.635337 0.170621 0.635688 0.16832 0.636108 0.166074 0.638569 0.165344 0.642148 0.165793 0.645098 0.167309 0.646851 0.169555 0.647134 0.173375 0.647554 0.178262 0.647412 0.181293 0.646079 0.184945 0.644043 0.186688 0.641729 0.186855 0.639692 0.185395 0.636812 0.183766 0.634775 0.179723 0.633794 0.176969 0.633862 0.175789 0.634355
1 0.249508 0.612397 0.249227 0.610078 0.248605 0.608672 0.247145 0.609023 0.245512 0.61022 0.243148 0.613452 0.240113 0.617529 0.237863 0.622031 0.237523 0.623579 0.237523 0.627095 0.23848 0.630049 0.240055 0.632437 0.242082 0.633564 0.245457 0.631875 0.247707 0.630117 0.250633 0.626318 0.251645 0.624209 0.25232 0.621187 0.25277 0.617954 0.252207 0.615283 0.25052 0.613525
1 0.24927 0.641021 0.250395 0.644536 0.25332 0.649458 0.255457 0.651919 0.258383 0.654731 0.262262 0.656914 0.266988 0.657334 0.268168 0.655156 0.268168 0.653047 0.266426 0.649458 0.264965 0.645171 0.263277 0.640532 0.262207 0.63645 0.261082 0.633428 0.258215 0.629634 0.25523 0.628364 0.250168 0.627734 0.247301 0.627734 0.245668 0.629492 0.245387 0.630757 0.246008 0.632866 0.24775 0.634692 0.248594 0.636665 0.248762 0.63856
1 0.273293 0.600283 0.271543 0.598511 0.270465 0.597163 0.26952 0.59708 0.268508 0.598345 0.267832 0.601973 0.267766 0.606021 0.267898 0.609482 0.26898 0.61353 0.271477 0.617075 0.273699 0.619604 0.276129 0.621885 0.281125 0.625093 0.28248 0.62543 0.283687 0.624077 0.284234 0.621885 0.283086 0.618931 0.283086 0.616655 0.283086 0.612603 0.282613 0.609482 0.281332 0.607036 0.279914 0.605347 0.277484 0.603828 0.274516 0.601802
1 0.250688 0.594634 0.247516 0.599946 0.246301 0.602646 0.245559 0.60459 0.246703 0.606528 0.248797 0.606699 0.254199 0.606948 0.257102 0.606865 0.259191 0.606021 0.261285 0.603071 0.264188 0.599609 0.266684 0.596655 0.268777 0.594717 0.269586 0.593198 0.269113 0.590161 0.265738 0.586362 0.263512 0.585015 0.261418 0.584761 0.259801 0.585352 0.258789 0.586025 0.256289 0.587881 0.253793 0.590664 0.251902 0.592861
1 0.32225 0.684146 0.321844 0.682319 0.319898 0.681206 0.317875 0.681309 0.316336 0.68394 0.314555 0.686572 0.313016 0.689712 0.312203 0.692041 0.312125 0.695283 0.312852 0.698726 0.31423 0.701357 0.316418 0.7048 0.318602 0.707939 0.320063 0.710166 0.320871 0.712495 0.32225 0.713911 0.324355 0.714116 0.325246 0.711074 0.325488 0.707026 0.326297 0.700444 0.327352 0.696597 0.32727 0.691841 0.32573 0.689106 0.323949 0.68688 0.323219 0.685562
1 0.354445 0.943926 0.351258 0.94627 0.349336 0.947148 0.347836 0.948086 0.347039 0.949609 0.346852 0.952656 0.348961 0.955059 0.352008 0.957402 0.355055 0.958457 0.358242 0.95875 0.360633 0.958281 0.362789 0.956348 0.364852 0.953945 0.366586 0.951309 0.367898 0.947734 0.368367 0.945273 0.368414 0.94293 0.367852 0.941582 0.366258 0.940703 0.362133 0.940703 0.360023 0.941582 0.357211 0.94252
1 0.359664 0.892217 0.358531 0.891191 0.357477 0.890215 0.356266 0.890215 0.355367 0.891045 0.355172 0.893389 0.355484 0.896074 0.355875 0.89749 0.356109 0.900713 0.356305 0.903691 0.357477 0.906816 0.359977 0.91043 0.362672 0.91292 0.365641 0.913896 0.368727 0.913018 0.370484 0.911455 0.371422 0.909502 0.3715 0.906328 0.371305 0.903447 0.370445 0.900029 0.368492 0.897588 0.365719 0.895732 0.36107 0.893291
1 0.447234 0.876479 0.446289 0.874624 0.446426 0.872261 0.446289 0.870991 0.445074 0.870405 0.443051 0.870825 0.441633 0.871753 0.43927 0.874536 0.438324 0.877329 0.437715 0.88002 0.437785 0.883311 0.43927 0.887119 0.441293 0.890493 0.442711 0.894365 0.443117 0.897319 0.443926 0.901875 0.443926 0.905332 0.443926 0.907021 0.444668 0.90812 0.446355 0.908286 0.447504 0.906768 0.448043 0.904658 0.448582 0.90104 0.449191 0.898584 0.45027 0.896738 0.450812 0.893608 0.450676 0.88981 0.45034 0.885347 0.45007 0.882808 0.449461 0.880781 0.448516 0.878936
1 0.373199 0.773701 0.372637 0.776304 0.372355 0.781157 0.372805 0.785093 0.373312 0.787485 0.374043 0.790015 0.374945 0.791279 0.376238 0.791279 0.377926 0.790649 0.380117 0.788398 0.381523 0.785654 0.38282 0.782563 0.38293 0.778623 0.382258 0.774829 0.381695 0.773071 0.381074 0.771382 0.381188 0.769272 0.381582 0.768076 0.381582 0.767021 0.380961 0.766392 0.379949 0.766392 0.37843 0.767446 0.376461 0.769204 0.374887 0.770962
1 0.315469 0.333643 0.313855 0.329712 0.31318 0.327954 0.312336 0.327183 0.31082 0.327466 0.308961 0.328589 0.307219 0.330488 0.305867 0.334004 0.305082 0.337588 0.305023 0.342158 0.305699 0.345464 0.307219 0.347505 0.309805 0.349751 0.313012 0.350527 0.315148 0.35144 0.316949 0.351582 0.318074 0.350596 0.319988 0.348838 0.320664 0.34687 0.320438 0.344902 0.318516 0.341162 0.316668 0.336885
1 0.215004 0.225327 0.213473 0.220977 0.21225 0.217129 0.210559 0.214697 0.208848 0.214194 0.207238 0.214595 0.206102 0.216519 0.205211 0.219561 0.205211 0.224116 0.205211 0.228369 0.204961 0.233022 0.203988 0.237783 0.203348 0.242847 0.203754 0.248413 0.203836 0.253984 0.20432 0.257529 0.206184 0.259351 0.208766 0.259146 0.209504 0.257832 0.210559 0.2554 0.211531 0.252871 0.21307 0.249731 0.21468 0.246489 0.215336 0.243149 0.215742 0.239102 0.215902 0.232822 0.215508 0.228369
1 0.180344 0.205889 0.176863 0.202041 0.175078 0.201538 0.173621 0.202041 0.172164 0.204878 0.171922 0.208623 0.171516 0.213481 0.172324 0.217231 0.174676 0.221582 0.177266 0.22543 0.178723 0.226445 0.18002 0.226543 0.181398 0.22543 0.18302 0.2229 0.183988 0.220166 0.184477 0.217432 0.184477 0.214292 0.18334 0.211255 0.181641 0.207915
1 0.438234 0.352124 0.434992 0.347163 0.433617 0.346353 0.432402 0.34625 0.430781 0.347061 0.428836 0.349897 0.427621 0.352227 0.427215 0.354453 0.428188 0.356885 0.428918 0.358809 0.429566 0.361743 0.431184 0.365796 0.432969 0.368628 0.435156 0.370957 0.438312 0.37126 0.443012 0.37106 0.444793 0.370352 0.446496 0.369238 0.446496 0.367617 0.445848 0.366909 0.444711 0.365796 0.44366 0.362148 0.442203 0.358809 0.440094 0.355161
1 0.433777 0.294766 0.433703 0.300234 0.433625 0.304282 0.435398 0.308335 0.440664 0.313599 0.442695 0.314209 0.446496 0.314609 0.448277 0.312383 0.448355 0.309956 0.447387 0.306206 0.446746 0.303574 0.446332 0.298818 0.446098 0.295781 0.445926 0.292437 0.447719 0.289297 0.4495 0.287378 0.451598 0.285454 0.451758 0.283628 0.450391 0.282412 0.44698 0.282314 0.441887 0.283628 0.437027 0.285854 0.434832 0.288389 0.433938 0.291626
1 0.450473 0.281807 0.449094 0.283428 0.448277 0.288389 0.448277 0.292539 0.448121 0.29811 0.447719 0.303169 0.447152 0.305903 0.446746 0.309648 0.447719 0.313193 0.448437 0.31522 0.450141 0.315928 0.451363 0.315015 0.452414 0.313091 0.45282 0.309551 0.453621 0.305298 0.455816 0.298311 0.457113 0.293247 0.457996 0.288184 0.45848 0.285249 0.459543 0.283931 0.459375 0.281807 0.457277 0.280186 0.454766 0.279985 0.452496 0.280391
2 0.458086 0.266924 0.456457 0.265303 0.454027 0.263784 0.451273 0.263584 0.447871 0.265103 0.446332 0.266621 0.446746 0.268442 0.447555 0.269556 0.451363 0.272998 0.452496 0.27624 0.454188 0.281606 0.455648 0.283628 0.456945 0.284438 0.458168 0.284541 0.460426 0.284238 0.462539 0.282515 0.46343 0.280391 0.462945 0.276543 0.461723 0.273809 0.460516 0.270972 0.459293 0.26895
1 0.41718 0.233813 0.41718 0.232295 0.415805 0.231182 0.413941 0.231787 0.411746 0.233613 0.409719 0.23604 0.408426 0.238369 0.40802 0.241309 0.408191 0.243638 0.409234 0.246875 0.411258 0.250015 0.414258 0.253052 0.416523 0.255078 0.417578 0.256797 0.419441 0.258521 0.420816 0.258013 0.421555 0.257002 0.421637 0.254673 0.421465 0.251836 0.421555 0.248394 0.422039 0.245254 0.422039 0.242422 0.42098 0.237964 0.419844 0.235942 0.418234 0.234521
1 0.44375 0.218223 0.441887 0.215186 0.441074 0.213564 0.439859 0.211538 0.438566 0.211538 0.437754 0.212856 0.436539 0.215996 0.435648 0.219844 0.435164 0.224194 0.435164 0.229058 0.435324 0.234424 0.436215 0.237153 0.437672 0.240498 0.438887 0.244648 0.439699 0.247886 0.44148 0.251328 0.442289 0.251938 0.44391 0.251938 0.444801 0.25042 0.445934 0.247178 0.447152 0.245864 0.447961 0.24333 0.447797 0.241104 0.447473 0.239482 0.447395 0.235435 0.447395 0.231787 0.447637 0.227842 0.44723 0.224297 0.446422 0.221865 0.445043 0.219844
1 0.421637 0.205464 0.420582 0.207085 0.418953 0.209819 0.417344 0.215283 0.415227 0.221968 0.413453 0.227334 0.413285 0.22936 0.414094 0.230674 0.415551 0.230879 0.418152 0.228853 0.42107 0.225005 0.424148 0.221665 0.427387 0.216499 0.429816 0.211538 0.431914 0.207085 0.434027 0.202427 0.434676 0.19939 0.434676 0.196455 0.434262 0.194731 0.433055 0.193413 0.43168 0.193413 0.429898 0.195239 0.428027 0.197568 0.425758 0.199995 0.4235 0.202529
1 0.449777 0.506553 0.449711 0.505454 0.45052 0.504106 0.450723 0.502671 0.44998 0.501152 0.44809 0.501152 0.446473 0.501997 0.444445 0.504106 0.442961 0.507061 0.44168 0.510518 0.441273 0.513555 0.44134 0.5171 0.442016 0.521235 0.442691 0.5252 0.443703 0.528911 0.444984 0.529419 0.446 0.529419 0.447078 0.529165 0.448227 0.528154 0.449645 0.526045 0.450793 0.523257 0.451668 0.520645 0.451871 0.518281 0.45207 0.514062 0.451406 0.510156 0.45059 0.508154
1 0.545781 0.417441 0.544207 0.420327 0.543645 0.42335 0.543754 0.427285 0.544656 0.430659 0.545723 0.43312 0.548367 0.433545 0.550898 0.432417 0.553148 0.428975 0.556242 0.426865 0.557648 0.424053 0.558437 0.420537 0.558492 0.416948 0.557875 0.413647 0.556805 0.410903 0.555457 0.408374 0.553992 0.40605 0.55343 0.40542 0.552191 0.405771 0.551066 0.407808 0.550563 0.409287 0.549379 0.411045 0.547301 0.415264
1 0.556461 0.448779 0.553355 0.444395 0.551129 0.442622 0.549105 0.442202 0.547687 0.444058 0.546539 0.445576 0.54627 0.448276 0.546336 0.451313 0.547078 0.454688 0.548023 0.456543 0.549172 0.460425 0.550117 0.463545 0.551199 0.468354 0.551738 0.472407 0.552547 0.476289 0.553223 0.477046 0.55491 0.477383 0.55707 0.476455 0.559164 0.474429 0.560984 0.470552 0.562066 0.467173 0.562199 0.46397 0.562133 0.460679 0.560379 0.456797 0.558488 0.452915
1 0.571461 0.469766 0.571797 0.474321 0.572813 0.476514 0.574363 0.478369 0.576996 0.480566 0.579562 0.483013 0.58152 0.484951 0.583543 0.485967 0.585703 0.48605 0.587863 0.484951 0.589012 0.483096 0.589145 0.480649 0.587863 0.477275 0.586242 0.474575 0.583746 0.471367 0.582125 0.467148 0.580371 0.462339 0.57909 0.458545 0.578348 0.455674 0.576187 0.452129 0.573688 0.449937 0.57173 0.449092 0.570246 0.449854 0.570109 0.452217 0.57018 0.45542 0.570383 0.459302 0.571055 0.46293 0.571125 0.466221
1 0.588473 0.464785 0.588539 0.469512 0.588605 0.47373 0.589617 0.47812 0.591848 0.481069 0.594613 0.482588 0.598934 0.483179 0.601973 0.48124 0.604738 0.477695 0.607437 0.473394 0.609195 0.467236 0.609531 0.461074 0.609395 0.454829 0.60825 0.449517 0.607305 0.447407 0.602984 0.447661 0.601836 0.448335 0.599203 0.449937 0.594344 0.453901 0.591914 0.455591 0.589617 0.4577 0.588875 0.459976
1 0.458547 0.612163 0.45709 0.608823 0.456441 0.606494 0.454902 0.603965 0.453039 0.60376 0.451176 0.604976 0.449637 0.607607 0.448016 0.609028 0.447125 0.61105 0.446965 0.614087 0.446965 0.617734 0.448016 0.623506 0.451176 0.628062 0.454984 0.631606 0.457414 0.633022 0.458465 0.632109 0.45952 0.62958 0.46041 0.625532 0.460492 0.620771 0.460168 0.617227
2 0.497207 0.644902 0.495238 0.645879 0.493383 0.647788 0.493328 0.650239 0.495465 0.651934 0.498051 0.652559 0.500863 0.655239 0.503113 0.65748 0.505645 0.658535 0.508402 0.658687 0.51082 0.659028 0.514195 0.660293 0.517008 0.660723 0.518695 0.660859 0.520215 0.659951 0.521113 0.658467 0.521227 0.656787 0.521059 0.654536 0.519316 0.652495 0.515488 0.649678 0.509078 0.645811 0.505926 0.644624 0.50227 0.644482 0.499629 0.644482
1 0.503305 0.696279 0.502574 0.699233 0.502125 0.702959 0.502012 0.707529 0.501508 0.70978 0.501508 0.712241 0.50173 0.714209 0.503195 0.714634 0.505219 0.713506 0.507469 0.7121 0.509887 0.710205 0.512926 0.706123 0.513824 0.703662 0.514836 0.700498 0.516188 0.697197 0.516918 0.692837 0.516918 0.689463 0.516918 0.684541 0.515625 0.682217 0.513883 0.681797 0.512926 0.68208 0.510449 0.684678 0.508988 0.686929 0.507074 0.690093 0.505949 0.692061 0.504531 0.694092
1 0.502086 0.776001 0.500848 0.775581 0.499273 0.775649 0.498934 0.777056 0.499105 0.778604 0.499668 0.781978 0.500398 0.785845 0.501805 0.790205 0.505121 0.793931 0.510074 0.796675 0.512492 0.795195 0.513617 0.793931 0.514402 0.791611 0.514121 0.788726 0.510523 0.783735 0.507711 0.780288 0.50484 0.777827
1 0.493816 0.794565 0.490777 0.798008 0.490273 0.800259 0.490273 0.802651 0.491734 0.803706 0.493535 0.803916 0.495504 0.805464 0.497641 0.806519 0.50141 0.8075 0.505965 0.807993 0.511422 0.807642 0.514516 0.806094 0.515754 0.803491 0.51598 0.800679 0.515246 0.798853 0.513055 0.797026 0.509848 0.79625 0.505684 0.794565 0.501637 0.793789 0.49843 0.793789 0.496516 0.793789
1 0.539277 0.820381 0.539504 0.823545 0.54018 0.827764 0.541809 0.831982 0.54434 0.833882 0.547602 0.835361 0.551148 0.836055 0.554633 0.835361 0.556211 0.833179 0.556379 0.829868 0.55632 0.826772 0.554297 0.820244 0.550305 0.814404 0.54766 0.813062 0.544789 0.812573 0.54243 0.812998 0.541078 0.813701 0.539559 0.81729
1 0.590301 0.799014 0.59002 0.802529 0.590945 0.809688 0.592359 0.814668 0.594859 0.818887 0.59857 0.822598 0.602418 0.822344 0.604848 0.820068 0.60566 0.817114 0.605051 0.812051 0.602555 0.805977 0.599516 0.799058 0.597895 0.794502 0.595262 0.790537 0.593914 0.786484 0.593035 0.782773 0.592699 0.779819 0.591957 0.778472 0.591012 0.778721 0.590809 0.779736 0.590539 0.787246 0.590473 0.791802 0.590336 0.795259
2 0.575617 0.723491 0.573105 0.720859 0.570676 0.718325 0.569785 0.717817 0.568973 0.718022 0.568328 0.719438 0.568488 0.722173 0.568813 0.725718 0.568813 0.728652 0.569945 0.731387 0.572945 0.733208 0.576992 0.735439 0.580395 0.738271 0.582824 0.739082 0.584852 0.737764 0.585094 0.734526 0.584203 0.732095 0.5825 0.730273 0.579344 0.728149 0.577238 0.725615
1 0.676805 0.983564 0.673887 0.986479 0.671555 0.990566 0.670855 0.993628 0.670969 0.996543 0.674586 0.999165 0.677152 0.999165 0.679719 0.997271 0.682867 0.996831 0.686832 0.995669 0.690449 0.992896 0.693133 0.989834 0.696633 0.986045 0.698266 0.982837 0.697797 0.980356 0.693715 0.979775 0.688352 0.98021 0.681934 0.98123
1 0.79507 0.901294 0.792883 0.898154 0.790695 0.896738 0.787375 0.89623 0.785027 0.897344 0.784539 0.900078 0.784945 0.904131 0.786566 0.908179 0.78843 0.91395 0.789562 0.917695 0.79191 0.922256 0.793613 0.923164 0.796691 0.922656 0.799281 0.920332 0.801145 0.91709 0.801145 0.913647 0.79993 0.907773 0.797418 0.903726
2 0.826094 0.887729 0.822285 0.886714 0.819773 0.884995 0.815402 0.882261 0.813941 0.880537 0.812566 0.879727 0.811512 0.880439 0.811594 0.882969 0.812891 0.886816 0.81532 0.890459 0.818156 0.893804 0.822043 0.896333 0.825605 0.897144 0.828945 0.898779 0.830953 0.900688 0.832344 0.90249 0.834355 0.903018 0.836137 0.902002 0.836785 0.899575 0.835164 0.896436 0.831035 0.89188 0.828035 0.888843
1 0.472715 0.0224658 0.471938 0.0210107 0.471547 0.0197949 0.471355 0.015542 0.47048 0.0125049 0.469508 0.0109277 0.468051 0.0114111 0.467367 0.0133545 0.465133 0.0161475 0.462605 0.0196729 0.461344 0.0218604 0.460758 0.024292 0.460953 0.0280566 0.46241 0.0313379 0.464746 0.0342529 0.466883 0.0379004 0.467562 0.0406934 0.468051 0.0439746 0.468535 0.0470117 0.47048 0.0491992 0.471449 0.0498047 0.473105 0.0498047 0.475535 0.0485889 0.477281 0.0453076 0.478062 0.0389941 0.478254 0.0337695 0.477281 0.0292725 0.476312 0.027207 0.474367 0.024292
1 0.515367 0.132622 0.513277 0.131216 0.51159 0.131006 0.509734 0.131919 0.509172 0.133535 0.509172 0.137334 0.509398 0.141553 0.509004 0.145771 0.509004 0.150127 0.511703 0.155684 0.514574 0.159551 0.516992 0.161943 0.518848 0.162573 0.520703 0.162432 0.52273 0.160674 0.523348 0.158213 0.523066 0.155542 0.521777 0.150903 0.52093 0.145981 0.520199 0.142886 0.519922 0.139019 0.519184 0.137051 0.517723 0.134731
1 0.567031 0.158901 0.563789 0.158188 0.560711 0.159204 0.559336 0.160112 0.556742 0.162544 0.554395 0.165581 0.554395 0.166289 0.554961 0.168418 0.558688 0.171353 0.563223 0.172163 0.568164 0.174492 0.575453 0.177529 0.582422 0.179453 0.587363 0.178442 0.590277 0.177832 0.592625 0.177832 0.594488 0.175811 0.594086 0.173379 0.590684 0.170342 0.582582 0.165986 0.576266 0.162847 0.570594 0.160112
1 0.602996 0.164873 0.602348 0.168213 0.601941 0.169531 0.601211 0.172163 0.599836 0.173784 0.598457 0.174595 0.596758 0.175605 0.596758 0.177632 0.598457 0.179858 0.602348 0.18168 0.605668 0.18249 0.608098 0.18229 0.610285 0.179653 0.611742 0.175708 0.613121 0.170542 0.613766 0.163862 0.613766 0.15981 0.613363 0.156167 0.612957 0.154849 0.611582 0.154443 0.609312 0.155356 0.606477 0.157886 0.604453 0.161128
1 0.596434 0.144014 0.596109 0.139663 0.594328 0.137129 0.592625 0.136421 0.591086 0.136826 0.589145 0.13855 0.586227 0.141787 0.584527 0.145127 0.583879 0.148472 0.583879 0.152925 0.584121 0.157886 0.586633 0.161938 0.590762 0.164873 0.591898 0.164062 0.592223 0.162949 0.591898 0.161025 0.592383 0.158696 0.594977 0.154141 0.596027 0.14918
1 0.632941 0.119077 0.629699 0.114321 0.627918 0.11209 0.62727 0.110269 0.626379 0.109258 0.625164 0.109863 0.624031 0.113813 0.623543 0.116646 0.623543 0.120898 0.623543 0.12313 0.623543 0.125454 0.624191 0.132036 0.625812 0.135581 0.63043 0.138823 0.631887 0.140137 0.635371 0.140137 0.637395 0.138315 0.637637 0.136289 0.63707 0.133457 0.636344 0.131431 0.636344 0.127783 0.636098 0.124746 0.635207 0.122417
1 0.556176 0.211274 0.554801 0.20814 0.552855 0.206616 0.550184 0.206313 0.547914 0.207529 0.545078 0.209756 0.543055 0.211177 0.542 0.212695 0.542082 0.215225 0.543297 0.216641 0.544676 0.217251 0.54759 0.220894 0.548887 0.224033 0.549293 0.227578 0.549535 0.23021 0.549941 0.232334 0.551641 0.23436 0.554234 0.236895 0.555449 0.238208 0.5565 0.238311 0.558281 0.237095 0.55966 0.236387 0.561441 0.235273 0.561766 0.232944 0.561281 0.230918 0.561199 0.227173 0.561281 0.224946 0.561281 0.222412 0.560066 0.219072 0.557879 0.214619
1 0.583391 0.247622 0.581449 0.245396 0.578531 0.243979 0.575617 0.244282 0.572945 0.246509 0.572215 0.250259 0.572215 0.255117 0.573672 0.260181 0.575453 0.264028 0.576344 0.26666 0.578453 0.270508 0.580977 0.273242 0.584609 0.275669 0.587441 0.27729 0.590602 0.278403 0.593113 0.276987 0.594328 0.274253 0.593598 0.270303 0.592301 0.26666 0.590684 0.263115 0.588578 0.259473 0.587117 0.255928 0.586309 0.252891 0.585176 0.250356
1 0.700637 0.442378 0.696855 0.438579 0.694426 0.438159 0.692805 0.438159 0.691523 0.438662 0.69132 0.439761 0.69159 0.441616 0.692672 0.443389 0.693074 0.444233 0.693547 0.446851 0.693547 0.449717 0.693547 0.453599 0.693547 0.455791 0.694156 0.460347 0.695504 0.463555 0.697937 0.466509 0.699824 0.467607 0.702254 0.469966 0.704078 0.471909 0.705023 0.470645 0.705562 0.468955 0.706172 0.464907 0.706711 0.459844 0.706711 0.455117 0.704754 0.448706 0.702863 0.445498
1 0.747891 0.0785107 0.746676 0.074458 0.745125 0.0715918 0.743641 0.0701563 0.741816 0.0712549 0.73898 0.074292 0.737023 0.0812939 0.737023 0.0872852 0.737094 0.0935303 0.738914 0.0990967 0.74148 0.105342 0.743234 0.108545 0.745059 0.10939 0.746273 0.109136 0.747824 0.107114 0.748164 0.102388 0.749105 0.0995215 0.750051 0.0971582 0.750457 0.0947119 0.750324 0.0918408 0.749445 0.0895605 0.748297 0.0869482 0.747824 0.0839111
1 0.750664 0.162061 0.751402 0.166514 0.752617 0.170142 0.75552 0.174526 0.760246 0.176636 0.765711 0.176636 0.769355 0.173936 0.770504 0.171577 0.769965 0.170308 0.768141 0.171069 0.765781 0.171152 0.763418 0.171577 0.762137 0.170308 0.761664 0.169043 0.761191 0.164321 0.761121 0.159761 0.760176 0.15605 0.758488 0.153433 0.755387 0.151665 0.753969 0.151494 0.752617 0.151748 0.750863 0.153184 0.750594 0.155122 0.750391 0.157739
1 0.782383 0.142559 0.780441 0.146802 0.780684 0.150747 0.783352 0.155293 0.785617 0.15873 0.788207 0.159946 0.789336 0.158936 0.790309 0.156709 0.79152 0.153779 0.792977 0.151655 0.793383 0.148823 0.793301 0.145791 0.791766 0.14104 0.790551 0.138716 0.789336 0.136289 0.788043 0.135684 0.78668 0.136475 0.784969 0.138916
1 0.898781 0.048335 0.896277 0.0535889 0.895078 0.0566406 0.894656 0.0615771 0.896762 0.0665283 0.899105 0.0689551 0.902586 0.0694629 0.905254 0.0681494 0.908086 0.0643066 0.910187 0.0603613 0.911562 0.0541943 0.911562 0.0482324 0.91043 0.0437842 0.909137 0.0417627 0.907031 0.0411523 0.90509 0.0418604 0.90307 0.0430762 0.900645 0.0455029
1 0.916211 0.125659 0.911605 0.126782 0.909078 0.128257 0.907281 0.129941 0.906887 0.131348 0.907504 0.132612 0.909133 0.132822 0.912953 0.132891 0.916883 0.133945 0.921488 0.136191 0.923906 0.138296 0.927668 0.139771 0.932105 0.140122 0.936262 0.141313 0.938789 0.141948 0.940191 0.141245 0.941148 0.138647 0.941316 0.136543 0.940023 0.134224 0.935867 0.129873 0.932777 0.126782 0.929969 0.125239 0.924973 0.124746 0.920535 0.125029
1 0.748477 0.242412 0.748816 0.239126 0.749555 0.236602 0.749691 0.233481 0.748613 0.231543 0.747129 0.230283 0.745039 0.230029 0.74423 0.230449 0.742953 0.232051 0.742074 0.234243 0.741738 0.236265 0.741672 0.2398 0.741199 0.244604 0.740391 0.248901 0.739379 0.252861 0.73884 0.255723 0.738367 0.260273 0.738773 0.263979 0.741266 0.267773 0.743625 0.267939 0.74659 0.267349 0.747738 0.264233 0.749422 0.258506 0.749895 0.253198 0.749555 0.247974
1 0.719168 0.306274 0.716176 0.303647 0.713992 0.30375 0.712051 0.304458 0.710512 0.304961 0.709461 0.306177 0.709461 0.309409 0.710109 0.314971 0.711078 0.318105 0.713586 0.321948 0.716094 0.325786 0.719168 0.32791 0.722484 0.329531 0.724746 0.330034 0.726687 0.328921 0.727254 0.327104 0.727254 0.325181 0.72491 0.317295 0.72402 0.31376 0.723453 0.311533 0.722078 0.309712 0.720785 0.307793
1 0.741004 0.332969 0.737688 0.330542 0.732187 0.32832 0.729453 0.326709 0.727336 0.326597 0.725961 0.327407 0.725703 0.330225 0.727094 0.332158 0.72968 0.334888 0.732105 0.339136 0.73502 0.343076 0.737203 0.346108 0.739469 0.347324 0.741895 0.348032 0.74448 0.34813 0.746828 0.347725 0.74877 0.346616 0.750145 0.345098 0.750547 0.343584 0.750305 0.342266 0.749578 0.34166 0.747555 0.341157 0.746586 0.340854 0.745695 0.339639 0.743512 0.336304 0.742297 0.334482
1 0.753461 0.350151 0.750547 0.351265 0.745937 0.352681 0.744563 0.353589 0.743914 0.354502 0.743754 0.355308 0.744805 0.356221 0.74691 0.357329 0.750953 0.358442 0.755805 0.358745 0.759445 0.358037 0.763406 0.356221 0.769473 0.354399 0.776023 0.354097 0.779664 0.353691 0.780637 0.352275 0.779824 0.350254 0.78007 0.348232 0.780473 0.347222 0.779664 0.3454 0.776672 0.343379 0.772629 0.342773 0.769797 0.342974 0.766723 0.344087 0.764297 0.345098 0.760898 0.346616 0.757422 0.34793 0.75548 0.34874
1 0.739984 0.305825 0.736684 0.305405 0.732773 0.306587 0.729941 0.308354 0.729203 0.310039 0.730078 0.312734 0.732977 0.315767 0.738168 0.318804 0.740863 0.320151 0.747602 0.321416 0.749961 0.321665 0.752992 0.322847 0.753937 0.321753 0.754344 0.318887 0.752859 0.314507 0.750027 0.309619 0.746055 0.307324 0.743492 0.306416
1 0.780223 0.323101 0.778605 0.320488 0.777594 0.319561 0.774563 0.316865 0.772742 0.315767 0.770855 0.316274 0.769168 0.317456 0.769437 0.319561 0.769977 0.3204 0.770855 0.32293 0.770855 0.324697 0.771059 0.327563 0.772203 0.330767 0.774695 0.334053 0.778605 0.338096 0.781977 0.341885 0.784738 0.345679 0.788379 0.348203 0.790199 0.349302 0.79141 0.34854 0.792086 0.346606 0.792086 0.343149 0.790332 0.337339 0.788379 0.333125 0.786156 0.329585 0.783055 0.325879
2 0.801926 0.346016 0.801656 0.350059 0.802262 0.353428 0.804621 0.356885 0.806645 0.358315 0.808328 0.359155 0.809742 0.358906 0.810352 0.357305 0.810352 0.354185 0.810082 0.35124 0.809258 0.348975 0.807992 0.347192 0.807117 0.346182 0.806441 0.345342 0.805566 0.341299 0.804555 0.337925 0.80334 0.336831 0.802332 0.337002 0.801789 0.338936 0.802059 0.341719 0.802059 0.344414
1 0.824437 0.335649 0.822078 0.337842 0.820797 0.339443 0.819719 0.341045 0.819922 0.343149 0.821742 0.34416 0.825109 0.345425 0.82902 0.346855 0.831852 0.347617 0.835625 0.347783 0.838457 0.346689 0.841758 0.344668 0.844184 0.342139 0.844723 0.339609 0.843512 0.337168 0.840883 0.334136 0.838391 0.33127 0.836164 0.330176 0.832457 0.329922 0.82902 0.33144 0.827 0.333042
1 0.802531 0.309282 0.800441 0.311133 0.799434 0.313071 0.798895 0.316782 0.799297 0.319727 0.801184 0.322256 0.803813 0.323101 0.806711 0.323604 0.810285 0.323013 0.81318 0.320571 0.81507 0.317705 0.816551 0.314927 0.818035 0.312905 0.818238 0.311304 0.817496 0.309956 0.815539 0.308862 0.809543 0.308354 0.806777 0.308354
1 0.836703 0.360928 0.834414 0.36042 0.833535 0.359492 0.83266 0.358232 0.831852 0.358145 0.831582 0.358398 0.831246 0.361094 0.830637 0.363286 0.830977 0.367666 0.83293 0.371963 0.834883 0.375415 0.837648 0.378198 0.841555 0.3798 0.844387 0.379712 0.847891 0.377861 0.84998 0.376343 0.851867 0.373145 0.851195 0.370952 0.849441 0.370024 0.847422 0.367246 0.844117 0.364126 0.840547 0.362021
1 0.892711 0.369858 0.890285 0.371035 0.888195 0.372217 0.886309 0.373984 0.884895 0.376343 0.884289 0.378618 0.884289 0.380977 0.885164 0.383169 0.887387 0.384683 0.890355 0.384854 0.89534 0.384854 0.899316 0.383589 0.90498 0.380474 0.908957 0.376851 0.911922 0.373481 0.913133 0.371206 0.912461 0.370107 0.908484 0.36834 0.902281 0.368257 0.899387 0.368257 0.896488 0.36876 0.894734 0.369268
1 0.926816 0.34332 0.923582 0.341636 0.921695 0.342056 0.920211 0.343149 0.918258 0.345591 0.91718 0.348711 0.917516 0.351997 0.919539 0.355195 0.922906 0.358315 0.928434 0.362949 0.93168 0.365381 0.933828 0.366504 0.935445 0.365308 0.936793 0.362778 0.936926 0.360591 0.93659 0.356377 0.935512 0.352163 0.932344 0.347529 0.929309 0.344751
1 0.887875 0.253794 0.885777 0.255566 0.884707 0.257163 0.884637 0.260029 0.88484 0.262979 0.884504 0.265591 0.883695 0.26812 0.883492 0.270815 0.884301 0.273174 0.885445 0.273848 0.887266 0.274185 0.889148 0.273091 0.890637 0.271655 0.89259 0.270142 0.895691 0.267441 0.897578 0.26416 0.899266 0.260703 0.900402 0.255649 0.899871 0.253628 0.898117 0.251353 0.896629 0.250088 0.894547 0.249834 0.892855 0.250679 0.890496 0.251943
1 0.978168 0.296279 0.975695 0.298032 0.974012 0.300142 0.972832 0.302598 0.972605 0.305054 0.974066 0.30772 0.976762 0.309404 0.979516 0.310317 0.982266 0.310391 0.986086 0.310391 0.989176 0.310317 0.992547 0.309966 0.994961 0.308003 0.995242 0.304985 0.993668 0.302246 0.990578 0.29979 0.986199 0.297402 0.984402 0.296279 0.981199 0.295366
1 0.978953 0.317197 0.977719 0.318887 0.97682 0.321343 0.976426 0.32373 0.976426 0.32668 0.97766 0.329556 0.980469 0.331099 0.982715 0.331313 0.98502 0.33103 0.98732 0.328926 0.989738 0.325342 0.990805 0.321973 0.990523 0.317271 0.990918 0.31355 0.991086 0.310742 0.990578 0.309336 0.989625 0.308984 0.98693 0.310879 0.983223 0.31355 0.981426 0.314883
1 0.990234 0.332837 0.991367 0.330508 0.99282 0.328589 0.993871 0.326465 0.993793 0.324243 0.992496 0.322524 0.991367 0.322017 0.98902 0.323027 0.984812 0.325557 0.981984 0.328389 0.980934 0.331318 0.981254 0.335264 0.983762 0.341934 0.98627 0.345068 0.988211 0.345474 0.990961 0.344258 0.993062 0.341831 0.993469 0.339712 0.992578 0.337588 0.991121 0.335664 0.990312 0.334048
1 1 0.91502 0.999 0.913262 0.995227 0.909556 0.990914 0.906016 0.986734 0.90585 0.983434 0.906606 0.979859 0.909302 0.979187 0.912251 0.979859 0.915454 0.982152 0.916719 0.98532 0.917896 0.990238 0.922866 0.993473 0.927163 0.99698 0.930449 0.999406 0.93188 1 0.932075
1 1 0.893828 0.995293 0.885039 0.991992 0.88125 0.989633 0.879141 0.987273 0.877544 0.985184 0.876865 0.9835 0.877119 0.982488 0.879312 0.982758 0.882515 0.984039 0.886724 0.985859 0.890181 0.98768 0.894727 0.988891 0.898857 0.990578 0.902061 0.994063 0.904834 0.996289 0.905957 0.99832 0.906543 1 0.90606
1 1 0.863242 0.997789 0.867349 0.996574 0.871055 0.995023 0.874844 0.993473 0.878721 0.993742 0.883608 0.995902 0.886221 0.998125 0.886895 0.999742 0.886641 1 0.886421
2 0.885898 0.909692 0.884688 0.906157 0.883066 0.903833 0.88218 0.901909 0.881047 0.899785 0.880238 0.900493 0.879672 0.902314 0.879832 0.905044 0.880641 0.908281 0.881449 0.911719 0.881855 0.914346 0.882582 0.917681 0.883555 0.921221 0.884441 0.921221 0.885656 0.921118 0.886871 0.920005 0.887516 0.918188 0.887758 0.916265 0.887758 0.913638 0.886949 0.911514
1 0.938512 0.863574 0.937027 0.861465 0.935074 0.860791 0.933188 0.861465 0.931297 0.864331 0.931098 0.867954 0.932578 0.872671 0.934465 0.878989 0.937027 0.882358 0.941207 0.885732 0.943633 0.886318 0.946195 0.886318 0.947742 0.885479 0.949766 0.884131 0.951316 0.881855 0.951719 0.87916 0.950641 0.875454 0.946664 0.871323 0.943633 0.868711 0.940871 0.866606
1 0.925234 0.843018 0.921996 0.842764 0.918898 0.842764 0.916672 0.843437 0.916 0.844702 0.916 0.846641 0.918695 0.849756 0.920785 0.853379 0.923008 0.856074 0.925031 0.858857 0.927727 0.860288 0.9315 0.861128 0.935141 0.860288 0.937973 0.858604 0.93959 0.856582 0.939992 0.853799 0.93925 0.850938 0.937297 0.848828 0.933457 0.846641 0.930086 0.844531 0.928129 0.843691
1 0.90407 0.840068 0.902383 0.842256 0.900969 0.844785 0.900227 0.847563 0.900293 0.849502 0.901375 0.85186 0.903395 0.853799 0.905418 0.854727 0.906898 0.85481 0.91 0.853809 0.913164 0.8521 0.916055 0.847754 0.918281 0.844092 0.919766 0.841016 0.919922 0.838281 0.91875 0.835791 0.916016 0.83457 0.912629 0.835264 0.908922 0.837119 0.906563 0.838467
1 0.931703 0.817153 0.92968 0.820269 0.928871 0.823389 0.928871 0.826587 0.930559 0.829033 0.933727 0.830127 0.93541 0.830127 0.939184 0.828779 0.941543 0.826587 0.944375 0.822207 0.944914 0.819004 0.945316 0.815132 0.944848 0.81311 0.94343 0.811675 0.940602 0.811509 0.936555 0.813359 0.934398 0.814961
1 0.84093 0.833691 0.83857 0.836387 0.837629 0.839336 0.837828 0.842705 0.840594 0.845737 0.843828 0.846582 0.847805 0.847085 0.850906 0.847085 0.854273 0.846074 0.856969 0.84439 0.857645 0.842451 0.856699 0.838911 0.854543 0.835796 0.851578 0.832173 0.850098 0.831079 0.848547 0.830405 0.845715 0.830322 0.843559 0.831499
1 0.824754 0.829731 0.824887 0.833604 0.826574 0.836641 0.827586 0.839248 0.828191 0.842534 0.828934 0.84498 0.830617 0.8454 0.831695 0.844219 0.833313 0.841104 0.83527 0.836216 0.836887 0.831919 0.837492 0.828384 0.837492 0.825015 0.837828 0.822905 0.838977 0.821812 0.839715 0.820381 0.839715 0.818018 0.838637 0.816421 0.836145 0.814902 0.833113 0.814648 0.830484 0.81583 0.828664 0.818188 0.827113 0.821055 0.82543 0.82459 0.824754 0.827876
1 0.843961 0.813135 0.841133 0.814058 0.838977 0.815659 0.837695 0.817178 0.837492 0.819536 0.839516 0.822988 0.841941 0.825181 0.84484 0.826445 0.849289 0.827539 0.854883 0.82771 0.859059 0.82771 0.862094 0.827285 0.864766 0.826855 0.866836 0.825195 0.867539 0.821973 0.86543 0.819873 0.860586 0.817383 0.852926 0.814648 0.848883 0.813638 0.84632 0.813301
2 0.834711 0.763433 0.832285 0.766587 0.832961 0.771074 0.838008 0.774106 0.84257 0.773257 0.846551 0.770713 0.851695 0.76792 0.853828 0.766465 0.854605 0.761611 0.852082 0.759912 0.849461 0.759912 0.843348 0.76125 0.838594 0.761978
1 0.931582 0.764395 0.930168 0.761362 0.927539 0.75875 0.925516 0.757573 0.923492 0.75833 0.921945 0.759678 0.920934 0.762119 0.920934 0.765576 0.920934 0.769111 0.920258 0.773579 0.919516 0.777622 0.919516 0.782847 0.921137 0.787227 0.922953 0.788237 0.925988 0.789082 0.927133 0.788745 0.931109 0.785625 0.933336 0.781245 0.933738 0.777202 0.933805 0.772568 0.932863 0.768188
1 0.743391 0.774092 0.742176 0.776113 0.741691 0.779351 0.740883 0.78248 0.740398 0.786123 0.741125 0.788042 0.743227 0.78875 0.746633 0.788145 0.748809 0.786221 0.751883 0.783999 0.755043 0.780762 0.757465 0.777729 0.759727 0.774697 0.762152 0.771768 0.763133 0.769541 0.763133 0.767217 0.761426 0.764385 0.759727 0.763271 0.756016 0.763882 0.751965 0.765396 0.748008 0.768125 0.745656 0.770352
1 0.590957 0.695879 0.588449 0.69689 0.585699 0.699722 0.585781 0.702046 0.587074 0.703462 0.589098 0.705283 0.590875 0.707202 0.592492 0.708315 0.595488 0.709126 0.59848 0.709429 0.600664 0.708618 0.603898 0.707002 0.606164 0.704678 0.608105 0.70397 0.609801 0.702959 0.610289 0.701343 0.609641 0.699521 0.60673 0.699014 0.603816 0.698003 0.602281 0.696387 0.600258 0.694971 0.598723 0.694263 0.595488 0.69416 0.593059 0.694468
1 0.664152 0.737231 0.662375 0.734097 0.660754 0.73187 0.658734 0.731567 0.656469 0.732578 0.655984 0.732983 0.653961 0.7346 0.653152 0.737129 0.652668 0.742485 0.652508 0.745825 0.653559 0.749263 0.655984 0.7529 0.658734 0.756235 0.660836 0.757954 0.662617 0.758965 0.665367 0.757954 0.665609 0.754922 0.665445 0.74835 0.665285 0.742588 0.664879 0.739253
1 0.723453 0.714058 0.721109 0.711328 0.719004 0.709814 0.716902 0.708398 0.715121 0.706777 0.713344 0.705972 0.711402 0.706475 0.709785 0.70769 0.709703 0.710015 0.711402 0.712036 0.711969 0.713555 0.712051 0.716079 0.712371 0.717495 0.714477 0.719111 0.715203 0.72083 0.715445 0.72356 0.715445 0.726089 0.716176 0.729526 0.717063 0.732661 0.719812 0.735591 0.721676 0.736401 0.72418 0.73519 0.724746 0.733066 0.724746 0.730537 0.725477 0.727202 0.726363 0.724673 0.726445 0.72063 0.725152 0.716484
1 0.754914 0.692827 0.753379 0.690703 0.751922 0.689795 0.749656 0.689795 0.74723 0.690503 0.744078 0.692324 0.742379 0.695254 0.74327 0.699199 0.744887 0.701621 0.74602 0.704858 0.74618 0.707588 0.745613 0.709204 0.745047 0.711934 0.745371 0.713755 0.74602 0.714663 0.748121 0.714565 0.750223 0.712544 0.754027 0.708599 0.756371 0.705366 0.757422 0.702734 0.757504 0.700005 0.75734 0.696973 0.756371 0.694751
1 0.710996 0.684536 0.708977 0.686157 0.707117 0.688379 0.704934 0.691919 0.703637 0.694346 0.702504 0.697578 0.702668 0.700513 0.703313 0.702026 0.704043 0.702432 0.70566 0.702432 0.710027 0.699399 0.714395 0.696567 0.71682 0.695254 0.720863 0.691211 0.723859 0.688682 0.724828 0.685449 0.725234 0.67999 0.725234 0.676147 0.725152 0.673516 0.724102 0.672407 0.722887 0.672505 0.721676 0.674126 0.720301 0.676953 0.718035 0.679785 0.715043 0.682012 0.712617 0.683203
1 0.693203 0.678975 0.691344 0.681001 0.689402 0.682515 0.688191 0.684536 0.687785 0.686157 0.68916 0.688379 0.69191 0.690605 0.693691 0.691411 0.696359 0.692021 0.699676 0.691313 0.702992 0.689692 0.705336 0.688887 0.707602 0.688179 0.708652 0.686055 0.709461 0.683325 0.708828 0.681299 0.705578 0.678877 0.701941 0.677563 0.699027 0.677056 0.695781 0.67749
1 0.626223 0.643267 0.625945 0.641299 0.626504 0.639546 0.62673 0.63751 0.62673 0.635049 0.626055 0.633716 0.624934 0.633364 0.623922 0.633364 0.62252 0.634771 0.619992 0.635684 0.617633 0.636875 0.615891 0.638701 0.614824 0.640879 0.614375 0.643613 0.614148 0.646636 0.614766 0.649795 0.616059 0.653022 0.618305 0.656885 0.619598 0.659551 0.620609 0.662148 0.621898 0.664536 0.623246 0.665942 0.625156 0.666714 0.626563 0.666362 0.627742 0.664609 0.628305 0.662148 0.62909 0.658428 0.629707 0.654077 0.629539 0.651128 0.628582 0.64874 0.627066 0.645649
1 0.928012 0.725894 0.923695 0.723452 0.921203 0.72168 0.920125 0.720249 0.918844 0.719912 0.917898 0.721514 0.917832 0.724629 0.917969 0.728589 0.918844 0.735244 0.920055 0.739458 0.923762 0.74502 0.927941 0.750239 0.931785 0.752769 0.934074 0.753525 0.93677 0.752432 0.93677 0.749902 0.936301 0.745605 0.934816 0.740469 0.933672 0.736763 0.932324 0.732129 0.930707 0.728423
1 0.945195 0.706431 0.943645 0.705337 0.941422 0.705254 0.938457 0.706514 0.937109 0.708789 0.936973 0.711992 0.937109 0.71688 0.938996 0.72168 0.94277 0.72522 0.944453 0.727661 0.945398 0.728843 0.94641 0.7296 0.947488 0.73002 0.948969 0.729683 0.949172 0.729683 0.95032 0.727578 0.950789 0.723789 0.950926 0.720166 0.950992 0.717471 0.95059 0.714771 0.949848 0.712749 0.947961 0.709888 0.946813 0.708115
1 0.592617 0.572251 0.591879 0.57041 0.590777 0.569951 0.589234 0.569951 0.587176 0.571514 0.586074 0.573442 0.585191 0.57666 0.584824 0.579966 0.584605 0.584839 0.584824 0.588604 0.586 0.59228 0.588059 0.595679 0.59041 0.598804 0.592617 0.599995 0.594746 0.599995 0.59666 0.599263 0.599086 0.597427 0.599453 0.595127 0.599305 0.590991 0.597246 0.58686 0.595555 0.582998 0.594012 0.579507 0.593793 0.578682 0.593426 0.576382
1 0.604598 0.572983 0.603129 0.569766 0.601949 0.567285 0.601215 0.565908 0.599672 0.566094 0.598645 0.566826 0.597172 0.570596 0.596586 0.573442 0.596586 0.577578 0.596879 0.580425 0.597687 0.585298 0.599379 0.589341 0.600848 0.59145 0.603348 0.593472 0.604672 0.593291 0.606434 0.591729 0.60673 0.5898 0.60673 0.585938 0.607465 0.582446 0.607465 0.579692 0.606434 0.577119
1 0.618418 0.558188 0.61643 0.560029 0.615621 0.562051 0.614961 0.564346 0.614887 0.566919 0.615109 0.570137 0.614961 0.574453 0.614078 0.578037 0.613785 0.583091 0.613711 0.586675 0.61452 0.589063 0.614961 0.589707 0.616578 0.58998 0.617535 0.589248 0.618121 0.588696 0.618785 0.588145 0.619594 0.585571 0.619738 0.584561 0.620254 0.581895 0.621945 0.576841 0.625254 0.569033 0.626941 0.565356 0.628855 0.561221 0.63025 0.55957 0.631059 0.557363 0.631648 0.553687 0.631352 0.552036 0.629883 0.550566 0.62775 0.550654 0.624883 0.552217 0.621504 0.554609
2 0.635324 0.531177 0.632676 0.532554 0.630324 0.534946 0.630105 0.537334 0.631059 0.540459 0.633191 0.542388 0.636133 0.543032 0.641496 0.540459 0.645246 0.537793 0.648996 0.53623 0.652668 0.534575 0.655242 0.53228 0.655316 0.530259 0.653848 0.528423 0.651422 0.527227 0.646422 0.5275 0.640984 0.529521 0.637813 0.530371
1 0.623637 0.525205 0.62202 0.523091 0.620402 0.521621 0.618121 0.52208 0.615402 0.52355 0.613199 0.526216 0.612609 0.5298 0.613492 0.535034 0.615184 0.54 0.616871 0.541929 0.618855 0.542939 0.621578 0.541284 0.623488 0.540366 0.624883 0.538066 0.625105 0.535405 0.625105 0.531362 0.624812 0.528423
1 0.825008 0.676177 0.822008 0.67311 0.819191 0.670278 0.817902 0.669512 0.816555 0.66936 0.815207 0.670278 0.814227 0.671733 0.813309 0.674033 0.813676 0.677095 0.815453 0.681152 0.817168 0.686128 0.819617 0.690952 0.821641 0.693555 0.824398 0.696694 0.826297 0.699297 0.827703 0.701211 0.828809 0.701978 0.829602 0.701978 0.830582 0.700293 0.831133 0.698228 0.831195 0.695088 0.830891 0.690723 0.830277 0.685132 0.829727 0.682837 0.828625 0.680464 0.826848 0.678242
1 0.831195 0.670967 0.829359 0.669746 0.827461 0.669053 0.825988 0.669438 0.825254 0.670815 0.825254 0.6725 0.826297 0.675562 0.828316 0.678242 0.831258 0.682759 0.833277 0.685825 0.835055 0.687891 0.837016 0.689956 0.837996 0.690723 0.839098 0.690879 0.840566 0.691108 0.841855 0.691108 0.844426 0.691182 0.847797 0.690493 0.853187 0.689653 0.855574 0.689424 0.857289 0.689038 0.857781 0.687813 0.857535 0.686743 0.855332 0.685059 0.852574 0.683218 0.849512 0.679849 0.846691 0.677095 0.844609 0.675947 0.840445 0.675869 0.837504 0.675869 0.835055 0.674492 0.833219 0.672959
1 0.868789 0.67334 0.866906 0.677324 0.865621 0.682456 0.864762 0.687124 0.86323 0.690264 0.86109 0.693022 0.860719 0.695088 0.862008 0.696313 0.864703 0.696465 0.867766 0.695088 0.873523 0.689194 0.877625 0.682915 0.879402 0.678091 0.880078 0.671045 0.881059 0.667598 0.88118 0.664995 0.88032 0.661245 0.879953 0.658564 0.879035 0.658027 0.878238 0.658486 0.876586 0.661245 0.87432 0.665381 0.871746 0.669053 0.869969 0.671123
1 0.916523 0.635518 0.914379 0.636665 0.912785 0.637969 0.911867 0.640571 0.91107 0.643633 0.910887 0.647388 0.910645 0.651289 0.910703 0.65688 0.911012 0.658945 0.911809 0.659712 0.913215 0.65918 0.914746 0.657261 0.917074 0.653818 0.919832 0.649683 0.924363 0.644478 0.926691 0.642026 0.928836 0.640264 0.931594 0.637969 0.933246 0.635825 0.934043 0.633755 0.933859 0.63207 0.932816 0.630845 0.930918 0.630615 0.927539 0.631152 0.925273 0.631836 0.921719 0.633203 0.918973 0.634443
1 0.908133 0.610708 0.904395 0.613467 0.901699 0.61561 0.897227 0.620205 0.895758 0.623418 0.895695 0.625869 0.896309 0.628242 0.897656 0.629697 0.89925 0.630234 0.900902 0.629854 0.902434 0.628779 0.904332 0.627017 0.907027 0.624873 0.910094 0.623418 0.91291 0.621274 0.913766 0.620742 0.915664 0.619746 0.918176 0.61875 0.920078 0.617217 0.920629 0.614995 0.91977 0.612319 0.917199 0.61002 0.914504 0.609639 0.911012 0.609639
1 0.861332 0.586362 0.859434 0.587891 0.856984 0.589731 0.855574 0.591108 0.85484 0.592715 0.855086 0.595015 0.856492 0.598613 0.85827 0.601904 0.86109 0.605122 0.863047 0.605884 0.864887 0.605732 0.866723 0.603359 0.869172 0.599912 0.870215 0.596621 0.871316 0.592871 0.871195 0.590112 0.871074 0.586206 0.871074 0.583452 0.870828 0.581689 0.869051 0.581152 0.865559 0.582534 0.863047 0.58498
1 0.905988 0.5748 0.902801 0.573345 0.901395 0.573037 0.899434 0.573267 0.897535 0.574722 0.896434 0.576484 0.894656 0.579395 0.894473 0.582227 0.895391 0.585518 0.897535 0.587358 0.900168 0.589731 0.902863 0.590879 0.90507 0.589731 0.907398 0.587817 0.90948 0.585977 0.911379 0.585137 0.912848 0.583223 0.91291 0.58123 0.911316 0.579165 0.909602 0.577251
1 0.885344 0.542793 0.88357 0.541494 0.881426 0.541416 0.879832 0.542642 0.878484 0.543408 0.87634 0.544399 0.875668 0.546084 0.875605 0.548384 0.875605 0.552749 0.877688 0.556577 0.881242 0.56002 0.884609 0.562393 0.887242 0.564385 0.889328 0.565151 0.891227 0.563926 0.89184 0.56209 0.891777 0.558872 0.891227 0.556421 0.89098 0.552822 0.890246 0.548384 0.889512 0.545854 0.887305 0.54394
1 0.937289 0.559023 0.933551 0.55665 0.929816 0.554663 0.926262 0.552749 0.924363 0.551675 0.923199 0.551597 0.922219 0.55252 0.921977 0.553438 0.921977 0.555811 0.923445 0.558564 0.925527 0.561323 0.930488 0.565762 0.935207 0.569976 0.940598 0.573193 0.942984 0.577173 0.944824 0.581382 0.945926 0.584063 0.948254 0.585747 0.949785 0.585747 0.951254 0.584907 0.952359 0.582915 0.952543 0.579546 0.951867 0.576406 0.950215 0.573804 0.947887 0.570356 0.945129 0.565762 0.943477 0.563774 0.940965 0.561553
1 0.93882 0.533452 0.936063 0.536133 0.934531 0.538506 0.933 0.542256 0.932695 0.546084 0.932758 0.549453 0.934227 0.553052 0.937043 0.554814 0.939125 0.554814 0.941453 0.553438 0.943293 0.550376 0.945742 0.546543 0.947457 0.54333 0.950582 0.538965 0.952727 0.535674 0.954012 0.533145 0.954195 0.53085 0.953031 0.527861 0.951562 0.526636 0.947824 0.526943 0.943781 0.528857 0.94084 0.531538
1 0.959465 0.544937 0.95977 0.541567 0.95977 0.538735 0.957809 0.536284 0.955664 0.535137 0.95291 0.535059 0.950887 0.536284 0.949234 0.539346 0.948684 0.542793 0.948684 0.547158 0.948621 0.552363 0.949234 0.556807 0.951254 0.560176 0.953215 0.56209 0.954441 0.562241 0.956031 0.560708 0.95677 0.558643 0.957461 0.553613 0.958594 0.548242
1 0.934961 0.50313 0.933367 0.507188 0.931898 0.511245 0.930797 0.515 0.930797 0.518906 0.931594 0.521509 0.932758 0.522578 0.934777 0.523115 0.936492 0.523037 0.938883 0.520972 0.941516 0.517603 0.943535 0.513774 0.944762 0.510713 0.945254 0.507036 0.945254 0.502827 0.943719 0.498535 0.941945 0.495859 0.940656 0.495015 0.938574 0.495396 0.936676 0.498613 0.935453 0.501216
1 0.894289 0.507188 0.891898 0.506348 0.890797 0.50543 0.889879 0.504663 0.887855 0.504814 0.887305 0.507036 0.88798 0.509717 0.889695 0.512168 0.890184 0.514463 0.890613 0.516914 0.891043 0.519365 0.892266 0.522349 0.89441 0.524341 0.896801 0.524722 0.899188 0.52457 0.902617 0.523652 0.905191 0.521582 0.907273 0.518599 0.908375 0.515229 0.908746 0.51209 0.908684 0.508184 0.908438 0.5052 0.908559 0.50252 0.908684 0.500908 0.907766 0.498921 0.90568 0.497773 0.902559 0.498535 0.900844 0.500527 0.898391 0.503745 0.896801 0.50604 0.896187 0.506655
1 0.971016 0.556123 0.966422 0.553291 0.963238 0.551069 0.960418 0.550229 0.958766 0.550688 0.957969 0.552446 0.958031 0.555205 0.958887 0.558345 0.961152 0.561865 0.964461 0.565542 0.967035 0.568989 0.969055 0.572358 0.971629 0.574653 0.976527 0.579629 0.980449 0.583916 0.984676 0.588208 0.987187 0.590732 0.990129 0.591113 0.991535 0.589814 0.99166 0.586523 0.989516 0.581699 0.985289 0.574424 0.982043 0.568911 0.97959 0.564546 0.976711 0.560488 0.973344 0.557964
1 0.978867 0.588965 0.977473 0.590288 0.97643 0.59228 0.975758 0.595342 0.975816 0.598252 0.978453 0.600933 0.981762 0.603613 0.98427 0.604839 0.987395 0.60522 0.990703 0.604839 0.992602 0.60231 0.993215 0.599399 0.993215 0.596797 0.992172 0.595264 0.989477 0.594424 0.986844 0.591514 0.984578 0.589521 0.982984 0.588525 0.980719 0.588525
1 0.999824 0.584316 0.997992 0.58332 0.994992 0.58271 0.992113 0.583091 0.990824 0.583857 0.990023 0.585771 0.990215 0.588452 0.991805 0.593047 0.994809 0.596797 0.99848 0.599478 1 0.600107 1 0.588462
1 0.999887 0.553076 0.998109 0.551392 0.996148 0.550093 0.99468 0.549478 0.991859 0.549478 0.990023 0.550625 0.988797 0.553457 0.98984 0.556523 0.992535 0.558511 0.994371 0.560732 0.996824 0.564561 0.998414 0.567319 1 0.569233 1 0.553677
1 0.98059 0.502544 0.980285 0.49894 0.979609 0.494653 0.978813 0.491821 0.97759 0.490981 0.975262 0.491592 0.973422 0.494351 0.972566 0.496797 0.971586 0.500781 0.970852 0.506216 0.970789 0.511655 0.971402 0.516094 0.972934 0.519004 0.97477 0.520767 0.976484 0.520073 0.978324 0.518389 0.980527 0.516475 0.981203 0.513799 0.981262 0.510889 0.980773 0.506523
1 0.982 0.520459 0.979918 0.524595 0.978629 0.530259 0.978508 0.535234 0.979059 0.537764 0.980469 0.542739 0.981203 0.544043 0.982609 0.543125 0.983957 0.542202 0.98641 0.540366 0.989531 0.537993 0.991004 0.535391 0.991492 0.532021 0.992535 0.527197 0.992781 0.523442 0.993086 0.519541 0.992902 0.517012 0.991371 0.516172 0.988184 0.516323 0.985488 0.517319 0.983898 0.518467
1 0.99425 0.514487 0.992289 0.517241 0.990941 0.520459 0.990145 0.524058 0.990023 0.528496 0.992105 0.533936 0.994313 0.537148 0.997008 0.538989 0.999945 0.538833 1 0.538755 1 0.510508 0.998355 0.510352 0.99627 0.511729 0.994984 0.513184
1 1 0.453706 0.999527 0.452681 0.998289 0.451685 0.996969 0.451909 0.995734 0.452681 0.994496 0.454995 0.993617 0.457974 0.992734 0.460728 0.991762 0.463926 0.991586 0.46624 0.99291 0.470874 0.995645 0.473628 0.998203 0.474512 1 0.474868
1 0.89157 0.459971 0.888262 0.458867 0.883633 0.457671 0.8815 0.457671 0.879957 0.458223 0.878855 0.459971 0.879297 0.461621 0.881281 0.465024 0.884 0.467778 0.886793 0.470996 0.890027 0.475039 0.893703 0.479082 0.897012 0.481836 0.901125 0.485698 0.903625 0.485786 0.906785 0.483306 0.90752 0.481191 0.907594 0.479355 0.907008 0.477334 0.904582 0.475405 0.901859 0.47228 0.900172 0.469434 0.898699 0.466675 0.896273 0.462817 0.894656 0.46144
1 0.84357 0.473384 0.84225 0.475771 0.841145 0.478345 0.840559 0.480825 0.84041 0.483765 0.841 0.486064 0.84225 0.486982 0.844305 0.486157 0.846805 0.484409 0.850555 0.482114 0.85423 0.479722 0.857832 0.476509 0.861211 0.472007 0.864227 0.467505 0.866359 0.464287 0.866727 0.462173 0.866652 0.459878 0.865184 0.458589 0.862758 0.45813 0.858418 0.46043 0.853641 0.463369 0.849895 0.466035 0.847027 0.468789 0.845187 0.471177
1 0.828871 0.471548 0.823652 0.475771 0.821594 0.477793 0.819609 0.482573 0.818359 0.4879 0.818211 0.491211 0.819828 0.493599 0.822328 0.494331 0.823137 0.493413 0.824754 0.49084 0.826004 0.48772 0.82784 0.486245 0.82968 0.486157 0.831738 0.485234 0.835926 0.481743 0.838941 0.478896 0.841293 0.475679 0.842027 0.473198 0.841809 0.471177 0.840262 0.469341 0.838207 0.467686 0.836 0.467686 0.832914 0.469341 0.831371 0.4698
1 0.838941 0.454365 0.836223 0.455469 0.833355 0.455098 0.828945 0.455376 0.82718 0.457578 0.826812 0.459141 0.827105 0.462173 0.828063 0.463643 0.831223 0.465483 0.839234 0.466309 0.842176 0.46686 0.844012 0.466953 0.84607 0.46585 0.849156 0.461533 0.850848 0.455098 0.850848 0.453076 0.850262 0.450874 0.849379 0.449404 0.84732 0.449033 0.844012 0.450044 0.841734 0.451426 0.84041 0.452617
1 0.824805 0.49751 0.822 0.499072 0.81898 0.502051 0.816898 0.506094 0.816176 0.510293 0.816004 0.514546 0.816684 0.519385 0.818172 0.522202 0.819238 0.522842 0.819789 0.521938 0.820301 0.520234 0.821961 0.517524 0.824512 0.515186 0.828766 0.514014 0.831316 0.512524 0.834762 0.510132 0.83702 0.508115 0.838125 0.505293 0.838125 0.502529 0.83723 0.498594 0.835316 0.496841 0.832977 0.495991 0.828426 0.496523
1 0.971313 0.720356 0.96784 0.726802 0.965543 0.732925 0.964625 0.738159 0.966004 0.742051 0.968758 0.743262 0.971414 0.742305 0.973609 0.740391 0.976363 0.737012 0.97943 0.734077 0.982746 0.729609 0.984277 0.726802 0.985398 0.722588 0.984941 0.718696 0.983867 0.714932 0.980805 0.712827 0.978457 0.713271 0.974988 0.715825
1 0.976008 0.698975 0.97034 0.701851 0.967941 0.703765 0.96641 0.706572 0.966055 0.709253 0.967688 0.7127 0.97034 0.715508 0.973863 0.716592 0.976418 0.716592 0.979836 0.714233 0.982645 0.711357 0.984891 0.708618 0.987492 0.706768 0.990199 0.706255 0.992188 0.705811 0.993875 0.70415 0.992953 0.7023 0.990656 0.70064 0.987953 0.698789 0.983816 0.697515 0.97948 0.697515
1 0.960031 0.692344 0.957836 0.69458 0.956609 0.697642 0.957121 0.701152 0.958652 0.704341 0.961 0.705298 0.965031 0.705103 0.967891 0.703257 0.970902 0.700322 0.973199 0.695151 0.974527 0.692603 0.975293 0.690752 0.974781 0.689219 0.972641 0.688901 0.969422 0.689404 0.965391 0.690283 0.961918 0.69145
1 0.985195 0.683159 0.982184 0.684434 0.978102 0.686602 0.97652 0.688706 0.975547 0.691323 0.975855 0.694644 0.977539 0.697192 0.980652 0.699043 0.983715 0.699683 0.986473 0.699106 0.989996 0.697705 0.993566 0.694517 0.997805 0.690366 0.999437 0.688706 0.999691 0.686924 0.998723 0.685391 0.994945 0.68373 0.99127 0.682964 0.988309 0.682964
2 0.996156 0.654189 0.994316 0.650054 0.992625 0.647759 0.992113 0.646289 0.992113 0.644634 0.992848 0.642339 0.995125 0.640405 0.998434 0.639028 1 0.64062 1 0.66084 0.999535 0.659976 0.997625 0.657222
1 0.799266 0.618169 0.797992 0.616641 0.795695 0.616128 0.792324 0.615615 0.790488 0.614658 0.788805 0.613574 0.787988 0.61249 0.786965 0.611533 0.785332 0.61147 0.784566 0.611533 0.783188 0.61249 0.782371 0.613765 0.782066 0.616001 0.782066 0.617598 0.783137 0.619639 0.784414 0.621743 0.785484 0.624805 0.786609 0.62793 0.788445 0.631631 0.790742 0.635718 0.79309 0.63916 0.794012 0.640503 0.795336 0.641138 0.797379 0.641396 0.798195 0.640884 0.798656 0.639736 0.799523 0.636738 0.800902 0.634824 0.80177 0.63272 0.802023 0.629912 0.802074 0.626338 0.801258 0.62251 0.800695 0.620596
1 0.817797 0.604961 0.81652 0.602856 0.815551 0.601772 0.813918 0.602153 0.812641 0.60541 0.811418 0.606431 0.810242 0.607515 0.809172 0.608853 0.808457 0.61083 0.808406 0.614214 0.808406 0.618745 0.809477 0.622891 0.811469 0.625444 0.812488 0.627998 0.813816 0.630166 0.815449 0.63061 0.817336 0.629399 0.818867 0.626782 0.820348 0.62334 0.82132 0.620405 0.821473 0.616895 0.821113 0.611152 0.819379 0.607261
1 0.741965 0.555059 0.737828 0.556719 0.735328 0.558823 0.733387 0.560801 0.732469 0.563354 0.732215 0.566162 0.733234 0.568013 0.734867 0.568843 0.736043 0.568774 0.737727 0.568013 0.739359 0.568203 0.740738 0.56916 0.742523 0.569731 0.745844 0.569351 0.749313 0.567754 0.75202 0.565142 0.753754 0.562969 0.755492 0.561504 0.757992 0.560483 0.75927 0.55876 0.75932 0.556655 0.757891 0.553398 0.756613 0.552891 0.753961 0.553784 0.750437 0.555059 0.74809 0.555122 0.744363 0.554932
1 0.770703 0.546382 0.766824 0.546763 0.763352 0.548232 0.761465 0.549063 0.760648 0.550654 0.760543 0.552251 0.761156 0.554482 0.764117 0.557549 0.76759 0.560225 0.770906 0.561821 0.7755 0.562905 0.779277 0.562588 0.784281 0.561948 0.787035 0.561055 0.788977 0.560547 0.791582 0.559268 0.793164 0.556719 0.793215 0.553848 0.792652 0.551294 0.79066 0.54957 0.788262 0.54957 0.78566 0.549697 0.783207 0.549824 0.780094 0.548296 0.777645 0.547148 0.774277 0.546509
1 0.798777 0.518433 0.794848 0.515181 0.792805 0.513584 0.790609 0.5125 0.789488 0.51269 0.78857 0.514351 0.788059 0.516968 0.788211 0.521753 0.78857 0.526538 0.788824 0.529663 0.789945 0.532471 0.791937 0.534194 0.79398 0.534961 0.798266 0.535723 0.800156 0.536616 0.801125 0.536938 0.802094 0.536426 0.802965 0.534702 0.80327 0.531831 0.80327 0.52813 0.801941 0.522578 0.80041 0.520156
1 0.784078 0.49623 0.78127 0.499033 0.779637 0.50248 0.778871 0.505479 0.778664 0.508608 0.779074 0.51167 0.781371 0.514028 0.783566 0.514351 0.785813 0.51333 0.788059 0.511479 0.790152 0.508545 0.792242 0.505674 0.794387 0.501841 0.795305 0.496548 0.795918 0.489209 0.795918 0.486338 0.795305 0.48436 0.794031 0.484233 0.791684 0.486655 0.788875 0.490483 0.786219 0.493291
1 0.77407 0.494121 0.770754 0.496548 0.768969 0.499927 0.767945 0.504844 0.766723 0.511479 0.765852 0.515879 0.765699 0.519326 0.767488 0.521689 0.769477 0.522837 0.771773 0.523027 0.773254 0.522007 0.774582 0.520283 0.774887 0.516968 0.774887 0.514028 0.7755 0.511479 0.777133 0.508862 0.780402 0.505288 0.78275 0.500693 0.784023 0.495078 0.784023 0.490483 0.783566 0.488701 0.781676 0.488701 0.779738 0.490356 0.776523 0.49272
1 0.754879 0.506758 0.750234 0.508862 0.748039 0.51103 0.746406 0.513135 0.745895 0.515498 0.746965 0.519707 0.749109 0.523345 0.751613 0.524941 0.755234 0.525454 0.758043 0.525454 0.761258 0.523218 0.762891 0.520664 0.765445 0.518813 0.766723 0.517925 0.767332 0.515498 0.766414 0.512373 0.765293 0.508223 0.762637 0.506631 0.760188 0.506245 0.757379 0.506372
1 0.781477 0.476797 0.778656 0.478252 0.775473 0.48124 0.773023 0.483535 0.771492 0.485835 0.771184 0.48813 0.771734 0.490122 0.773328 0.49127 0.775043 0.49127 0.777187 0.491426 0.779086 0.491958 0.781168 0.491807 0.78325 0.49127 0.785457 0.489048 0.787969 0.486753 0.790602 0.48438 0.792441 0.482925 0.793422 0.480322 0.792809 0.479097 0.791094 0.477642 0.788336 0.476646 0.785395 0.476265
1 0.76702 0.471821 0.764875 0.474502 0.764078 0.474961 0.763039 0.475879 0.762301 0.477412 0.762242 0.479863 0.765793 0.483613 0.768672 0.484917 0.770387 0.48522 0.77241 0.483994 0.77498 0.482007 0.779883 0.478022 0.782027 0.476494 0.783621 0.475576 0.784598 0.474424 0.784781 0.472666 0.783926 0.470981 0.781414 0.469526 0.77627 0.469448 0.772227 0.46937 0.770449 0.469526 0.768855 0.470293
1 0.773207 0.454517 0.769164 0.455972 0.766773 0.457734 0.764629 0.460645 0.763832 0.46271 0.763895 0.464854 0.765059 0.465928 0.768 0.466616 0.770266 0.468838 0.773145 0.469448 0.776574 0.4696 0.782031 0.468848 0.784414 0.466748 0.785898 0.463721 0.786055 0.460547 0.786055 0.457178 0.784969 0.455591 0.782211 0.454746 0.778719 0.454824 0.77627 0.454517
1 0.799055 0.459878 0.795687 0.457578 0.792684 0.457046 0.788824 0.457046 0.785641 0.457197 0.78466 0.458501 0.784414 0.460874 0.785273 0.464014 0.787109 0.468452 0.789254 0.470522 0.791828 0.47251 0.796113 0.473965 0.80034 0.474653 0.803035 0.473965 0.804324 0.472666 0.805242 0.470522 0.804996 0.468145 0.803035 0.464395 0.800465 0.461333
1 0.796301 0.444946 0.792684 0.444717 0.790969 0.444795 0.789254 0.446021 0.788031 0.447549 0.787539 0.449692 0.787418 0.452759 0.789746 0.455972 0.793605 0.458574 0.797277 0.459419 0.799668 0.459419 0.802609 0.458345 0.808059 0.457734 0.808918 0.457119 0.809039 0.455513 0.808 0.453291 0.804691 0.449849 0.80132 0.447012 0.79875 0.445635
1 0.770941 0.432617 0.769285 0.435068 0.768367 0.437212 0.767633 0.439663 0.767508 0.443262 0.76843 0.446323 0.770082 0.451606 0.771309 0.454214 0.773391 0.456279 0.77584 0.457119 0.777309 0.45666 0.778598 0.455132 0.779516 0.450459 0.779516 0.448086 0.779516 0.445176 0.780004 0.442036 0.781414 0.438896 0.783375 0.43752 0.7865 0.436602 0.788398 0.435835 0.789316 0.434458 0.789254 0.432236 0.787418 0.429863 0.784355 0.429019 0.779148 0.42856 0.774004 0.429478 0.772102 0.431011
1 0.794141 0.423877 0.791277 0.421289 0.7895 0.419526 0.787848 0.41853 0.785336 0.41876 0.783621 0.42083 0.783375 0.422744 0.783375 0.427949 0.784906 0.432466 0.787969 0.436294 0.790113 0.43729 0.79391 0.438286 0.79532 0.441118 0.796422 0.44395 0.798203 0.445703 0.800648 0.445791 0.802242 0.443262 0.804141 0.441655 0.804383 0.439434 0.80316 0.436523 0.801629 0.433999 0.799789 0.429712 0.798625 0.42772 0.797586 0.426416
2 0.690617 0 0.688262 0.00424316 0.68657 0.00929687 0.68657 0.0120557 0.689438 0.0139844 0.690762 0.0160938 0.691641 0.0167383 0.69348 0.0166455 0.694875 0.0153613 0.696863 0.0117773 0.698258 0.0080127 0.698848 0.00350586 0.699441 0
