1 0.196094 0.30957 0.196094 0.311523 0.196484 0.312012 0.196484 0.3125 0.198437 0.314941 0.198828 0.314941 0.199609 0.315918 0.2 0.315918 0.200391 0.316406 0.200781 0.316406 0.201172 0.316895 0.201563 0.316895 0.201953 0.317383 0.202344 0.317383 0.202734 0.317871 0.203125 0.317871 0.203906 0.318848 0.204297 0.318848 0.204687 0.319336 0.205469 0.319336 0.205859 0.319824 0.207031 0.319824 0.207422 0.320312 0.208594 0.320312 0.208984 0.320801 0.214062 0.320801 0.214453 0.320312 0.216406 0.320312 0.216797 0.319824 0.217578 0.319824 0.217969 0.319336 0.21875 0.319336 0.219531 0.318359 0.219922 0.318359 0.221484 0.316406 0.221484 0.315918 0.221875 0.31543 0.221875 0.314941 0.222266 0.314453 0.222266 0.313477 0.221875 0.312988 0.221875 0.311035 0.221484 0.310547 0.221484 0.310059 0.219141 0.307129 0.21875 0.307129 0.217969 0.306152 0.217188 0.306152 0.216797 0.305664 0.215234 0.305664 0.214844 0.305176 0.213281 0.305176 0.212891 0.304688 0.210156 0.304688 0.209766 0.304199 0.201563 0.304199 0.201172 0.304688 0.200391 0.304688 0.2 0.305176 0.199609 0.305176 0.199219 0.305664 0.198828 0.305664 0.196484 0.308594 0.196484 0.309082
1 0.150391 0.341309 0.148047 0.338379 0.147656 0.338379 0.147266 0.337891 0.146875 0.337891 0.146484 0.337402 0.139453 0.337402 0.139063 0.337891 0.137891 0.337891 0.1375 0.338379 0.136719 0.338379 0.136328 0.338867 0.135547 0.338867 0.135156 0.339355 0.134766 0.339355 0.134375 0.339844 0.133984 0.339844 0.133203 0.34082 0.132812 0.34082 0.130859 0.343262 0.130859 0.34375 0.130078 0.344727 0.130078 0.345215 0.129688 0.345703 0.129688 0.347656 0.130078 0.348145 0.130078 0.350098 0.130469 0.350586 0.130469 0.351074 0.13125 0.352051 0.13125 0.352539 0.133594 0.355469 0.133984 0.355469 0.134375 0.355957 0.138672 0.355957 0.139063 0.355469 0.139844 0.355469 0.140234 0.35498 0.141016 0.35498 0.141406 0.354492 0.141797 0.354492 0.142187 0.354004 0.142578 0.354004 0.142969 0.353516 0.143359 0.353516 0.144141 0.352539 0.144531 0.352539 0.144922 0.352051 0.145313 0.352051 0.145703 0.351562 0.146094 0.351562 0.146875 0.350586 0.147266 0.350586 0.150781 0.346191 0.150781 0.342285 0.150391 0.341797
1 0.0832031 0.436523 0.0832031 0.437988 0.0828125 0.438477 0.0828125 0.439453 0.0832031 0.439941 0.0832031 0.440918 0.0835937 0.441406 0.0835937 0.441895 0.0839844 0.442383 0.0839844 0.442871 0.084375 0.443359 0.084375 0.443848 0.0855469 0.445312 0.0855469 0.445801 0.0863281 0.446777 0.0863281 0.447266 0.0875 0.44873 0.0878906 0.44873 0.0882813 0.449219 0.0886719 0.449219 0.0890625 0.449707 0.0894531 0.449707 0.0898438 0.450195 0.0902344 0.450195 0.090625 0.450684 0.0910156 0.450684 0.0914062 0.451172 0.09375 0.451172 0.0941406 0.45166 0.0960938 0.45166 0.0964844 0.451172 0.0976562 0.451172 0.0980469 0.450684 0.0992187 0.450684 0.0996094 0.450195 0.100391 0.450195 0.100781 0.449707 0.101172 0.449707 0.101562 0.449219 0.101953 0.449219 0.102734 0.448242 0.103125 0.448242 0.103516 0.447754 0.103516 0.447266 0.103906 0.446777 0.103906 0.442871 0.103516 0.442383 0.103516 0.441895 0.102344 0.44043 0.102344 0.439941 0.101172 0.438477 0.100781 0.438477 0.1 0.4375 0.0996094 0.4375 0.0992187 0.437012 0.0984375 0.437012 0.0980469 0.436523 0.0976562 0.436523 0.096875 0.435547 0.0964844 0.435547 0.0960938 0.435059 0.0957031 0.435059 0.0953125 0.43457 0.0949219 0.43457 0.0945312 0.434082 0.09375 0.434082 0.0933594 0.433594 0.0929688 0.433594 0.0925781 0.433105 0.0917969 0.433105 0.0914062 0.432617 0.0871094 0.432617 0.0867187 0.433105 0.0863281 0.433105 0.0859375 0.433594 0.0855469 0.433594 0.0851563 0.434082 0.0847656 0.434082 0.0835937 0.435547 0.0835937 0.436035
1 0.147266 0.522461 0.146875 0.521973 0.146875 0.521484 0.146484 0.520996 0.146484 0.520508 0.146094 0.52002 0.145703 0.52002 0.144922 0.519043 0.144531 0.519043 0.14375 0.518066 0.142578 0.518066 0.142187 0.517578 0.141797 0.517578 0.141406 0.518066 0.140234 0.518066 0.139844 0.518555 0.138672 0.518555 0.138281 0.519043 0.1375 0.519043 0.137109 0.519531 0.136719 0.519531 0.136328 0.52002 0.135547 0.52002 0.135156 0.520508 0.134766 0.520508 0.134375 0.520996 0.133984 0.520996 0.133594 0.521484 0.133203 0.521484 0.132812 0.521973 0.132031 0.521973 0.131641 0.522461 0.130859 0.522461 0.130469 0.522949 0.129688 0.522949 0.129297 0.523438 0.128125 0.523438 0.127734 0.523926 0.126953 0.523926 0.126562 0.524414 0.125781 0.524414 0.125 0.525391 0.124609 0.525391 0.122266 0.52832 0.122266 0.530762 0.122656 0.53125 0.122656 0.531738 0.123047 0.532227 0.123047 0.532715 0.124219 0.53418 0.124609 0.53418 0.125391 0.535156 0.125781 0.535156 0.126562 0.536133 0.126953 0.536133 0.127344 0.536621 0.128125 0.536621 0.128516 0.537109 0.129297 0.537109 0.129688 0.537598 0.135937 0.537598 0.136328 0.537109 0.136719 0.537109 0.137109 0.536621 0.137891 0.536621 0.138281 0.536133 0.138672 0.536133 0.139453 0.535156 0.139844 0.535156 0.140234 0.534668 0.140625 0.534668 0.141406 0.533691 0.141797 0.533691 0.142187 0.533203 0.142578 0.533203 0.143359 0.532227 0.14375 0.532227 0.144922 0.530762 0.145313 0.530762 0.146875 0.528809 0.146875 0.52832 0.147266 0.527832 0.147266 0.526367 0.147656 0.525879 0.147656 0.524414 0.147266 0.523926
1 0.376563 0.444824 0.375781 0.443848 0.375781 0.443359 0.375 0.442383 0.374609 0.442383 0.373828 0.441406 0.373437 0.441406 0.373047 0.440918 0.369141 0.440918 0.36875 0.441406 0.367578 0.441406 0.367188 0.441895 0.366797 0.441895 0.366406 0.442383 0.365625 0.442383 0.365234 0.442871 0.364844 0.442871 0.364453 0.443359 0.363672 0.443359 0.363281 0.443848 0.362891 0.443848 0.3625 0.444336 0.361719 0.444336 0.361328 0.444824 0.360938 0.444824 0.360547 0.445312 0.360156 0.445312 0.359375 0.446289 0.358984 0.446289 0.355859 0.450195 0.355859 0.450684 0.355078 0.45166 0.355078 0.452637 0.354687 0.453125 0.354687 0.453613 0.354297 0.454102 0.354297 0.456055 0.354687 0.456543 0.354687 0.45752 0.355078 0.458008 0.355078 0.458496 0.355859 0.459473 0.35625 0.459473 0.356641 0.459961 0.357031 0.459961 0.357422 0.460449 0.358594 0.460449 0.358984 0.460938 0.360938 0.460938 0.361328 0.461426 0.366797 0.461426 0.367188 0.460938 0.369141 0.460938 0.369531 0.460449 0.370312 0.460449 0.370703 0.459961 0.371484 0.459961 0.371875 0.459473 0.372266 0.459473 0.372656 0.458984 0.373047 0.458984 0.374609 0.457031 0.374609 0.456543 0.375781 0.455078 0.375781 0.45459 0.376172 0.454102 0.376172 0.453613 0.376953 0.452637 0.376953 0.452148 0.377344 0.45166 0.377344 0.446777 0.376953 0.446289 0.376953 0.445801 0.376563 0.445312
1 0.188672 0.572754 0.188672 0.574219 0.188281 0.574707 0.188281 0.576172 0.188672 0.57666 0.188672 0.577148 0.189062 0.577148 0.191406 0.580078 0.191797 0.580078 0.192578 0.581055 0.193359 0.581055 0.19375 0.581543 0.194531 0.581543 0.194922 0.582031 0.195312 0.582031 0.196094 0.583008 0.196484 0.583008 0.196875 0.583496 0.197266 0.583496 0.197656 0.583984 0.198047 0.583984 0.198437 0.584473 0.199219 0.584473 0.199609 0.584961 0.200781 0.584961 0.201172 0.585449 0.201953 0.585449 0.202344 0.585938 0.203125 0.585938 0.203516 0.586426 0.203906 0.586426 0.204297 0.586914 0.205078 0.586914 0.205469 0.587402 0.207422 0.587402 0.207813 0.587891 0.208984 0.587891 0.209375 0.587402 0.209766 0.587402 0.210938 0.585938 0.210938 0.585449 0.211328 0.584961 0.211328 0.583984 0.211719 0.583496 0.211719 0.581543 0.211328 0.581055 0.211328 0.57959 0.210938 0.579102 0.210938 0.578613 0.208594 0.575684 0.208203 0.575684 0.207422 0.574707 0.207031 0.574707 0.206641 0.574219 0.20625 0.574219 0.205469 0.573242 0.205078 0.573242 0.204297 0.572266 0.203906 0.572266 0.203516 0.571777 0.203125 0.571777 0.202734 0.571289 0.202344 0.571289 0.201953 0.570801 0.201563 0.570801 0.201172 0.570312 0.2 0.570312 0.199609 0.569824 0.197656 0.569824 0.197266 0.569336 0.192578 0.569336 0.192188 0.569824 0.191406 0.569824 0.191016 0.570312 0.190625 0.570312 0.189844 0.571289 0.189453 0.571289 0.189062 0.571777 0.189062 0.572266
1 0.450781 0.564941 0.450781 0.56543 0.450391 0.565918 0.450391 0.566895 0.45 0.567383 0.45 0.573242 0.450391 0.57373 0.450391 0.574219 0.450781 0.574707 0.450781 0.575195 0.451172 0.575684 0.451172 0.576172 0.451562 0.57666 0.451953 0.57666 0.452734 0.577637 0.453125 0.577637 0.453516 0.578125 0.454297 0.578125 0.454688 0.578613 0.457031 0.578613 0.457422 0.579102 0.459375 0.579102 0.459766 0.578613 0.461328 0.578613 0.461719 0.578125 0.463672 0.578125 0.464062 0.577637 0.465234 0.577637 0.465625 0.577148 0.466797 0.577148 0.467187 0.57666 0.467578 0.57666 0.469141 0.574707 0.469141 0.574219 0.469531 0.57373 0.469531 0.573242 0.469922 0.572754 0.469922 0.570801 0.469531 0.570312 0.469531 0.568359 0.469141 0.567871 0.469141 0.567383 0.468359 0.566406 0.468359 0.565918 0.467187 0.564453 0.466797 0.564453 0.466406 0.563965 0.465625 0.563965 0.465234 0.563477 0.464453 0.563477 0.464062 0.562988 0.460938 0.562988 0.460547 0.5625 0.457813 0.5625 0.457422 0.562988 0.454297 0.562988 0.453906 0.563477 0.452734 0.563477 0.452344 0.563965 0.451562 0.563965
1 0.464062 0.597168 0.462891 0.597168 0.4625 0.597656 0.462109 0.597656 0.461719 0.598145 0.461719 0.598633 0.461328 0.599121 0.461328 0.599609 0.460547 0.600586 0.460547 0.601074 0.459375 0.602539 0.459375 0.603027 0.458594 0.604004 0.458594 0.604492 0.458203 0.60498 0.458203 0.605469 0.457813 0.605957 0.457813 0.606445 0.457031 0.607422 0.457031 0.60791 0.456641 0.608398 0.456641 0.608887 0.455469 0.610352 0.455469 0.611328 0.455078 0.611816 0.455078 0.612793 0.454688 0.613281 0.454688 0.614258 0.454297 0.614746 0.454297 0.616699 0.453906 0.617188 0.453906 0.619141 0.453516 0.619629 0.453516 0.623535 0.453906 0.624023 0.453906 0.625 0.454297 0.625488 0.454297 0.626465 0.455469 0.62793 0.45625 0.62793 0.456641 0.628418 0.457813 0.628418 0.458203 0.628906 0.459375 0.628906 0.459766 0.628418 0.460547 0.628418 0.461328 0.627441 0.461719 0.627441 0.462109 0.626953 0.462109 0.626465 0.463281 0.625 0.463281 0.624512 0.464062 0.623535 0.464062 0.623047 0.464453 0.622559 0.464453 0.62207 0.464844 0.621582 0.464844 0.621094 0.465234 0.620605 0.465234 0.619629 0.465625 0.619141 0.465625 0.617676 0.466016 0.617188 0.466016 0.616211 0.466406 0.615723 0.466406 0.609863 0.466797 0.609375 0.466797 0.604004 0.466406 0.603516 0.466406 0.599609 0.464844 0.597656 0.464453 0.597656
1 0.553906 0.430664 0.553906 0.431152 0.553516 0.431641 0.553516 0.433594 0.553906 0.434082 0.553906 0.436523 0.554297 0.437012 0.554297 0.437988 0.554688 0.438477 0.554688 0.439453 0.555078 0.439941 0.555078 0.44043 0.555469 0.440918 0.555469 0.441406 0.55625 0.442383 0.55625 0.442871 0.557031 0.443848 0.557422 0.443848 0.557813 0.444336 0.558594 0.444336 0.558984 0.444824 0.559375 0.444824 0.559766 0.445312 0.560156 0.445312 0.560547 0.445801 0.561719 0.445801 0.562109 0.446289 0.569141 0.446289 0.569531 0.445801 0.570312 0.445801 0.570703 0.445312 0.571484 0.445312 0.572656 0.443848 0.572656 0.442871 0.573047 0.442383 0.573047 0.438965 0.572656 0.438477 0.572656 0.437988 0.572266 0.4375 0.572266 0.437012 0.571875 0.436523 0.571875 0.436035 0.569141 0.432617 0.569141 0.432129 0.56875 0.432129 0.568359 0.431641 0.567969 0.431641 0.567578 0.431152 0.566797 0.431152 0.566406 0.430664 0.565234 0.430664 0.564844 0.430176 0.563672 0.430176 0.563281 0.429688 0.562109 0.429688 0.561719 0.429199 0.560547 0.429199 0.560156 0.428711 0.556641 0.428711 0.55625 0.429199 0.555469 0.429199 0.554688 0.430176 0.554297 0.430176
1 0.575781 0.394043 0.575391 0.394043 0.575 0.393555 0.574219 0.393555 0.573828 0.393066 0.571875 0.393066 0.571484 0.393555 0.571094 0.393555 0.570312 0.394531 0.569922 0.394531 0.56875 0.395996 0.568359 0.395996 0.566016 0.398926 0.565625 0.398926 0.564453 0.400391 0.564453 0.400879 0.564063 0.401367 0.564063 0.401855 0.563672 0.402344 0.563672 0.402832 0.563281 0.40332 0.563281 0.403809 0.562891 0.404297 0.562891 0.404785 0.5625 0.405273 0.5625 0.405762 0.562109 0.40625 0.562109 0.406738 0.561719 0.407227 0.561719 0.407715 0.560937 0.408691 0.560937 0.409668 0.560547 0.410156 0.560547 0.411133 0.560156 0.411621 0.560156 0.41748 0.560547 0.417969 0.560547 0.418457 0.560937 0.418945 0.560937 0.419434 0.561719 0.42041 0.562109 0.42041 0.5625 0.420898 0.562891 0.420898 0.563281 0.421387 0.566016 0.421387 0.566406 0.420898 0.567969 0.420898 0.568359 0.42041 0.56875 0.42041 0.573047 0.415039 0.573047 0.414551 0.574609 0.412598 0.574609 0.412109 0.575 0.411621 0.575 0.411133 0.575391 0.410645 0.575391 0.409668 0.575781 0.40918 0.575781 0.408691 0.576172 0.408203 0.576172 0.407227 0.576562 0.406738 0.576562 0.405762 0.576953 0.405273 0.576953 0.402344 0.577344 0.401855 0.577344 0.399902 0.576953 0.399414 0.576953 0.395996 0.576562 0.395508 0.576562 0.39502
1 0.590625 0.373535 0.590234 0.374023 0.589063 0.374023 0.588672 0.374512 0.587891 0.374512 0.5875 0.375 0.587109 0.375 0.586328 0.375977 0.586328 0.376465 0.585938 0.376953 0.585938 0.378418 0.585547 0.378906 0.585547 0.39209 0.585938 0.392578 0.585938 0.394043 0.586328 0.394531 0.586328 0.395996 0.586719 0.396484 0.586719 0.397949 0.587109 0.398438 0.587109 0.399902 0.587891 0.400879 0.587891 0.401367 0.588281 0.401855 0.588672 0.401855 0.589453 0.402832 0.589844 0.402832 0.591016 0.404297 0.592969 0.404297 0.593359 0.403809 0.59375 0.403809 0.594141 0.40332 0.594531 0.40332 0.595703 0.401855 0.595703 0.401367 0.596094 0.400879 0.596094 0.399902 0.596484 0.399414 0.596484 0.397949 0.596875 0.397461 0.596875 0.394531 0.597266 0.394043 0.597266 0.384277 0.596875 0.383789 0.596875 0.381348 0.596484 0.380859 0.596484 0.379395 0.596094 0.378906 0.596094 0.37793 0.595703 0.377441 0.595703 0.376953 0.594531 0.375488 0.594141 0.375488 0.593359 0.374512 0.592969 0.374512 0.592578 0.374023 0.592187 0.374023 0.591797 0.373535
1 0.329297 0.337891 0.328906 0.338379 0.328516 0.338379 0.328125 0.338867 0.327734 0.338867 0.326953 0.339844 0.326562 0.339844 0.325781 0.34082 0.325781 0.341309 0.325 0.342285 0.325 0.343262 0.324609 0.34375 0.324609 0.344238 0.324219 0.344727 0.324219 0.345703 0.323828 0.346191 0.323828 0.354492 0.324219 0.35498 0.324219 0.356445 0.324609 0.356934 0.324609 0.35791 0.325 0.358398 0.325 0.358887 0.325781 0.359863 0.325781 0.360352 0.326172 0.36084 0.326172 0.361328 0.326953 0.362305 0.327344 0.362305 0.328516 0.36377 0.328906 0.36377 0.329297 0.364258 0.329688 0.364258 0.330078 0.364746 0.33125 0.364746 0.331641 0.364258 0.333594 0.364258 0.333984 0.36377 0.334375 0.36377 0.334766 0.363281 0.335156 0.363281 0.335938 0.362305 0.335938 0.361816 0.336328 0.361328 0.336328 0.36084 0.336719 0.360352 0.336719 0.359375 0.337109 0.358887 0.337109 0.357422 0.3375 0.356934 0.3375 0.352539 0.337109 0.352051 0.337109 0.350586 0.336719 0.350098 0.336719 0.348633 0.336328 0.348145 0.336328 0.34668 0.335938 0.346191 0.335938 0.345215 0.335547 0.344727 0.335547 0.34375 0.335156 0.343262 0.335156 0.342773 0.334766 0.342285 0.334766 0.341797 0.334375 0.341309 0.334375 0.34082 0.333203 0.339355 0.332813 0.339355 0.332422 0.338867 0.332031 0.338867 0.331641 0.338379 0.33125 0.338379 0.330859 0.337891
1 0.375391 0.137695 0.375 0.138184 0.375 0.138672 0.374609 0.13916 0.374609 0.139648 0.374219 0.140137 0.374219 0.141113 0.373828 0.141602 0.373828 0.143555 0.374219 0.144043 0.374219 0.145508 0.374609 0.145996 0.374609 0.146484 0.375 0.146973 0.375 0.147461 0.375391 0.147949 0.375391 0.148438 0.375781 0.148926 0.375781 0.149902 0.376172 0.150391 0.376172 0.150879 0.376563 0.151367 0.376563 0.151855 0.377344 0.152832 0.377344 0.15332 0.38125 0.158203 0.381641 0.158203 0.382031 0.158691 0.382422 0.158691 0.382812 0.15918 0.383203 0.15918 0.383594 0.159668 0.387109 0.159668 0.3875 0.15918 0.388281 0.15918 0.388672 0.158691 0.389062 0.158691 0.389062 0.158203 0.389453 0.157715 0.389453 0.157227 0.389844 0.156738 0.389844 0.152344 0.389453 0.151855 0.389453 0.150391 0.389062 0.149902 0.389062 0.148926 0.388672 0.148438 0.388672 0.147949 0.388281 0.147461 0.388281 0.146973 0.387891 0.146484 0.387891 0.145996 0.3875 0.145508 0.3875 0.144531 0.387109 0.144043 0.387109 0.143066 0.386719 0.142578 0.386719 0.14209 0.384766 0.139648 0.384375 0.139648 0.383203 0.138184 0.382812 0.138184 0.382031 0.137207 0.381641 0.137207 0.38125 0.136719 0.376953 0.136719 0.376563 0.137207 0.376172 0.137207 0.375781 0.137695
1 0.352734 0.0693359 0.353906 0.0708008 0.354297 0.0708008 0.354687 0.0712891 0.355469 0.0712891 0.355859 0.0717773 0.35625 0.0717773 0.356641 0.0722656 0.363281 0.0722656 0.363672 0.0717773 0.365234 0.0717773 0.365625 0.0712891 0.366406 0.0712891 0.366797 0.0708008 0.367969 0.0708008 0.368359 0.0703125 0.369531 0.0703125 0.369922 0.0698242 0.370703 0.0698242 0.371094 0.0693359 0.371875 0.0693359 0.372266 0.0688477 0.373047 0.0688477 0.373437 0.0683594 0.373828 0.0683594 0.374219 0.0678711 0.374609 0.0678711 0.375 0.0673828 0.375391 0.0673828 0.376172 0.0664062 0.376563 0.0664062 0.377734 0.0649414 0.377734 0.0639648 0.376953 0.0629883 0.376563 0.0629883 0.375781 0.0620117 0.375391 0.0620117 0.374609 0.0610352 0.374219 0.0610352 0.373828 0.0605469 0.373437 0.0605469 0.373047 0.0600586 0.372266 0.0600586 0.371875 0.0595703 0.370703 0.0595703 0.370312 0.059082 0.369141 0.059082 0.36875 0.0585938 0.367969 0.0585938 0.367578 0.0581055 0.366797 0.0581055 0.366406 0.0576172 0.366016 0.0576172 0.365625 0.0571289 0.364063 0.0571289 0.363672 0.0576172 0.3625 0.0576172 0.362109 0.0581055 0.361328 0.0581055 0.360938 0.0585938 0.360547 0.0585938 0.359766 0.0595703 0.359375 0.0595703 0.358594 0.0605469 0.358203 0.0605469 0.357422 0.0615234 0.357031 0.0615234 0.356641 0.0620117 0.35625 0.0620117 0.355469 0.0629883 0.355078 0.0629883 0.354687 0.0634766 0.354297 0.0634766 0.353125 0.0649414 0.353125 0.065918 0.352734 0.0664062
1 0.251563 0.0244141 0.251172 0.0239258 0.251172 0.0234375 0.250781 0.0229492 0.250781 0.0224609 0.250391 0.0219727 0.250391 0.0214844 0.249219 0.0200195 0.248828 0.0200195 0.248438 0.0195312 0.246875 0.0195312 0.246484 0.019043 0.243359 0.019043 0.242969 0.0195312 0.241016 0.0195312 0.240625 0.0200195 0.239453 0.0200195 0.239063 0.0205078 0.238672 0.0205078 0.238281 0.0209961 0.2375 0.0209961 0.237109 0.0214844 0.236719 0.0214844 0.236328 0.0219727 0.235937 0.0219727 0.235156 0.0229492 0.234766 0.0229492 0.233984 0.0239258 0.233594 0.0239258 0.233203 0.0244141 0.232813 0.0244141 0.230859 0.0268555 0.230859 0.0273438 0.228516 0.0302734 0.228516 0.0307617 0.228125 0.03125 0.228125 0.0317383 0.227734 0.0322266 0.227734 0.0341797 0.228125 0.034668 0.228125 0.0351562 0.228906 0.0361328 0.228906 0.0366211 0.229687 0.0366211 0.230078 0.0371094 0.230469 0.0371094 0.230859 0.0375977 0.232031 0.0375977 0.232422 0.0380859 0.2375 0.0380859 0.237891 0.0375977 0.239453 0.0375977 0.239844 0.0371094 0.240625 0.0371094 0.241016 0.0366211 0.241406 0.0366211 0.241797 0.0361328 0.242578 0.0361328 0.242969 0.0356445 0.24375 0.0356445 0.244141 0.0351562 0.244531 0.0351562 0.244922 0.034668 0.245703 0.034668 0.246094 0.0341797 0.246484 0.0341797 0.246875 0.0336914 0.247266 0.0336914 0.247656 0.0332031 0.248047 0.0332031 0.250781 0.0297852 0.250781 0.0292969 0.251172 0.0288086 0.251172 0.0273438 0.251563 0.0268555
1 0.196484 0.0454102 0.196484 0.0463867 0.196094 0.046875 0.196094 0.0473633 0.195703 0.0478516 0.195703 0.050293 0.196094 0.0507812 0.196094 0.0532227 0.196484 0.0537109 0.196484 0.0541992 0.196875 0.0546875 0.196875 0.0551758 0.197266 0.0556641 0.197266 0.0561523 0.199609 0.059082 0.2 0.059082 0.201172 0.0605469 0.201563 0.0605469 0.201953 0.0610352 0.202344 0.0610352 0.202734 0.0615234 0.203125 0.0615234 0.203516 0.0620117 0.204297 0.0620117 0.204687 0.0625 0.205859 0.0625 0.20625 0.0629883 0.207813 0.0629883 0.208203 0.0634766 0.209375 0.0634766 0.209766 0.0639648 0.211719 0.0639648 0.212109 0.0644531 0.214844 0.0644531 0.215234 0.0639648 0.216406 0.0639648 0.216797 0.0634766 0.216797 0.0629883 0.217188 0.0625 0.217188 0.059082 0.216797 0.0585938 0.216797 0.0576172 0.216406 0.0571289 0.216406 0.0566406 0.212891 0.0522461 0.2125 0.0522461 0.209766 0.0488281 0.209375 0.0488281 0.208594 0.0478516 0.207813 0.0478516 0.207422 0.0473633 0.207031 0.0473633 0.206641 0.046875 0.20625 0.046875 0.205859 0.0463867 0.205078 0.0463867 0.204687 0.0458984 0.204297 0.0458984 0.203906 0.0454102 0.203516 0.0454102 0.203125 0.0449219 0.202734 0.0449219 0.202344 0.0444336 0.201172 0.0444336 0.200781 0.0439453 0.2 0.0439453 0.199609 0.0444336 0.197266 0.0444336
1 0.694141 0.0332031 0.692187 0.0332031 0.691406 0.0341797 0.691016 0.0341797 0.688672 0.0371094 0.688672 0.0375977 0.6875 0.0390625 0.6875 0.0395508 0.685937 0.0415039 0.685937 0.0419922 0.685547 0.0424805 0.685547 0.0429688 0.684766 0.0439453 0.684766 0.0444336 0.684375 0.0449219 0.684375 0.0458984 0.683984 0.0463867 0.683984 0.0473633 0.683594 0.0478516 0.683594 0.0556641 0.683984 0.0561523 0.683984 0.0576172 0.684375 0.0581055 0.684375 0.0585938 0.684766 0.059082 0.684766 0.0600586 0.685547 0.0610352 0.685547 0.0615234 0.686328 0.0625 0.686719 0.0625 0.687109 0.0629883 0.6875 0.0629883 0.687891 0.0634766 0.688281 0.0634766 0.688672 0.0639648 0.691797 0.0639648 0.692187 0.0634766 0.693359 0.0634766 0.69375 0.0629883 0.694141 0.0629883 0.694922 0.0620117 0.694922 0.0615234 0.695703 0.0605469 0.695703 0.059082 0.696094 0.0585938 0.696094 0.0473633 0.695703 0.046875 0.695703 0.0424805 0.695312 0.0419922 0.695312 0.0361328 0.694922 0.0356445 0.694922 0.034668 0.694531 0.0341797 0.694531 0.0336914
1 0.768359 0.0966797 0.767969 0.0961914 0.767578 0.0961914 0.767188 0.0957031 0.764844 0.0957031 0.764453 0.0952148 0.764062 0.0952148 0.763672 0.0957031 0.7625 0.0957031 0.762109 0.0961914 0.761328 0.0961914 0.760938 0.0966797 0.760156 0.0966797 0.759766 0.097168 0.759375 0.097168 0.758984 0.0976562 0.758594 0.0976562 0.758203 0.0981445 0.757812 0.0981445 0.757031 0.0991211 0.756641 0.0991211 0.75625 0.0996094 0.755859 0.0996094 0.755078 0.100586 0.754687 0.100586 0.753906 0.101562 0.753516 0.101562 0.753125 0.102051 0.752734 0.102051 0.751172 0.104004 0.751172 0.104492 0.750391 0.105469 0.750391 0.105957 0.75 0.106445 0.75 0.106934 0.749609 0.107422 0.749609 0.10791 0.749219 0.108398 0.749219 0.108887 0.748437 0.109863 0.748437 0.110352 0.748047 0.11084 0.748047 0.113281 0.748437 0.11377 0.748437 0.115234 0.749219 0.116211 0.749609 0.116211 0.75 0.116699 0.750391 0.116699 0.750781 0.117188 0.751563 0.117188 0.751953 0.117676 0.753125 0.117676 0.753516 0.117188 0.755859 0.117188 0.75625 0.116699 0.756641 0.116699 0.757031 0.116211 0.757422 0.116211 0.758203 0.115234 0.758594 0.115234 0.759766 0.11377 0.760156 0.11377 0.760547 0.113281 0.760938 0.113281 0.761719 0.112305 0.762109 0.112305 0.763281 0.11084 0.763672 0.11084 0.763672 0.110352 0.766016 0.107422 0.766016 0.106934 0.766406 0.106445 0.766406 0.105957 0.767188 0.10498 0.767188 0.104492 0.767578 0.104004 0.767578 0.103516 0.767969 0.103027 0.767969 0.102539 0.768359 0.102051 0.768359 0.101074 0.76875 0.100586 0.76875 0.0981445 0.768359 0.0976562
1 0.951562 0.0874023 0.950391 0.0888672 0.950391 0.0893555 0.95 0.0898438 0.95 0.090332 0.949609 0.0908203 0.949609 0.0913086 0.947656 0.09375 0.947656 0.0942383 0.947266 0.0947266 0.947266 0.0957031 0.946875 0.0961914 0.946875 0.0986328 0.946484 0.0991211 0.946484 0.104492 0.946875 0.10498 0.946875 0.106934 0.947266 0.107422 0.947266 0.108398 0.947656 0.108887 0.947656 0.109863 0.948047 0.110352 0.948047 0.111328 0.948438 0.111816 0.948438 0.112305 0.948828 0.112793 0.948828 0.113281 0.949609 0.114258 0.949609 0.114746 0.95 0.115234 0.95 0.115723 0.951172 0.117188 0.951172 0.117676 0.953125 0.120117 0.953516 0.120117 0.954297 0.121094 0.958203 0.121094 0.958594 0.120605 0.958984 0.120605 0.959375 0.120117 0.959766 0.120117 0.959766 0.119629 0.960547 0.118652 0.960547 0.117676 0.960938 0.117188 0.960938 0.116699 0.961328 0.116211 0.961328 0.115234 0.961719 0.114746 0.961719 0.11377 0.962109 0.113281 0.962109 0.111816 0.9625 0.111328 0.9625 0.10498 0.962109 0.104492 0.962109 0.102051 0.961719 0.101562 0.961719 0.100098 0.961328 0.0996094 0.961328 0.0981445 0.960938 0.0976562 0.960938 0.0961914 0.960547 0.0957031 0.960547 0.0947266 0.960156 0.0942383 0.960156 0.0932617 0.959766 0.0927734 0.959766 0.0917969 0.959375 0.0913086 0.959375 0.0908203 0.958984 0.090332 0.958984 0.0898438 0.958594 0.0893555 0.958594 0.0888672 0.957812 0.0888672 0.957422 0.0883789 0.956641 0.0883789 0.95625 0.0878906 0.955469 0.0878906 0.955078 0.0874023
1 0.898047 0.102051 0.897656 0.101562 0.897656 0.101074 0.895312 0.0981445 0.894922 0.0981445 0.894141 0.097168 0.89375 0.097168 0.893359 0.0966797 0.892969 0.0966797 0.892578 0.0961914 0.890625 0.0961914 0.890234 0.0957031 0.887891 0.0957031 0.8875 0.0961914 0.885938 0.0961914 0.885547 0.0966797 0.884766 0.0966797 0.884375 0.097168 0.883984 0.097168 0.883594 0.0976562 0.883203 0.0976562 0.882031 0.0991211 0.881641 0.0991211 0.880469 0.100586 0.880078 0.100586 0.878906 0.102051 0.878516 0.102051 0.876953 0.104004 0.876953 0.104492 0.876563 0.10498 0.876563 0.105469 0.876172 0.105957 0.876172 0.106445 0.875781 0.106934 0.875781 0.107422 0.875391 0.10791 0.875391 0.108887 0.875 0.109375 0.875 0.109863 0.874609 0.110352 0.874609 0.11084 0.874219 0.111328 0.874219 0.11377 0.874609 0.114258 0.874609 0.115234 0.875 0.115723 0.875391 0.115723 0.875781 0.116211 0.882031 0.116211 0.882422 0.115723 0.884766 0.115723 0.885156 0.115234 0.886328 0.115234 0.886719 0.114746 0.887891 0.114746 0.888281 0.114258 0.889062 0.114258 0.889453 0.11377 0.889844 0.11377 0.890234 0.113281 0.890625 0.113281 0.891016 0.112793 0.891406 0.112793 0.891797 0.112305 0.892188 0.112305 0.892578 0.111816 0.892969 0.111816 0.894141 0.110352 0.894531 0.110352 0.895312 0.109375 0.895703 0.109375 0.896484 0.108398 0.896875 0.108398 0.897266 0.10791 0.897266 0.107422 0.897656 0.106934 0.897656 0.106445 0.898047 0.105957 0.898047 0.104492 0.898438 0.104004 0.898438 0.103516 0.898047 0.103027
1 0.910937 0.160645 0.909375 0.158691 0.907031 0.158691 0.906641 0.15918 0.90625 0.15918 0.905859 0.159668 0.905078 0.159668 0.904687 0.160156 0.904297 0.160156 0.903906 0.160645 0.903516 0.160645 0.903125 0.161133 0.902734 0.161133 0.902344 0.161621 0.901953 0.161621 0.901563 0.162109 0.900781 0.162109 0.900391 0.162598 0.9 0.162598 0.899609 0.163086 0.899219 0.163086 0.898828 0.163574 0.898438 0.163574 0.898047 0.164062 0.897656 0.164062 0.897266 0.164551 0.896875 0.164551 0.896484 0.165039 0.896094 0.165039 0.895703 0.165527 0.894922 0.165527 0.894531 0.166016 0.894141 0.166016 0.89375 0.166504 0.893359 0.166504 0.892969 0.166992 0.892578 0.166992 0.892188 0.16748 0.891797 0.16748 0.890234 0.169434 0.889844 0.169434 0.888281 0.171387 0.887891 0.171387 0.8875 0.171875 0.887109 0.171875 0.886719 0.172363 0.886328 0.172363 0.885938 0.172852 0.885547 0.172852 0.885156 0.17334 0.884766 0.17334 0.880859 0.178223 0.880469 0.178223 0.879297 0.179688 0.878906 0.179688 0.877344 0.181641 0.877344 0.182617 0.876953 0.183105 0.876953 0.184082 0.876563 0.18457 0.876563 0.185547 0.876172 0.186035 0.876172 0.186523 0.875781 0.187012 0.875781 0.1875 0.874609 0.188965 0.874609 0.189453 0.873828 0.19043 0.873828 0.190918 0.873437 0.191406 0.873437 0.191895 0.873047 0.192383 0.873047 0.192871 0.872266 0.193848 0.872266 0.194336 0.871484 0.195312 0.871484 0.195801 0.870313 0.197266 0.870313 0.197754 0.869141 0.199219 0.869141 0.199707 0.86875 0.200195 0.86875 0.203125 0.869141 0.203613 0.869141 0.204102 0.869531 0.20459 0.869922 0.20459 0.870313 0.204102 0.872656 0.204102 0.873047 0.203613 0.873437 0.203613 0.873828 0.203125 0.874219 0.203125 0.875 0.202148 0.875391 0.202148 0.875781 0.20166 0.876172 0.20166 0.876563 0.201172 0.876953 0.201172 0.878516 0.199219 0.878906 0.199219 0.880078 0.197754 0.880469 0.197754 0.883203 0.194336 0.883594 0.194336 0.883984 0.193848 0.884375 0.193848 0.885156 0.192871 0.885547 0.192871 0.886328 0.191895 0.886719 0.191895 0.887891 0.19043 0.888281 0.19043 0.889062 0.189453 0.889453 0.189453 0.891797 0.186523 0.892188 0.186523 0.896094 0.181641 0.896094 0.181152 0.898047 0.178711 0.898047 0.178223 0.899219 0.176758 0.899219 0.17627 0.901172 0.173828 0.901563 0.173828 0.902344 0.172852 0.902734 0.172852 0.903516 0.171875 0.903906 0.171875 0.904297 0.171387 0.904687 0.171387 0.907813 0.16748 0.908203 0.16748 0.910156 0.165039 0.910156 0.164551 0.910937 0.163574 0.910937 0.162598 0.911328 0.162109 0.911328 0.161621 0.910937 0.161133
1 0.896094 0.255859 0.895703 0.255371 0.895312 0.255371 0.894922 0.254883 0.894531 0.254883 0.894141 0.254395 0.892969 0.254395 0.892578 0.253906 0.891797 0.253906 0.891406 0.254395 0.888672 0.254395 0.888281 0.254883 0.8875 0.254883 0.887109 0.255371 0.886328 0.255371 0.885938 0.255859 0.885156 0.255859 0.884766 0.256348 0.884375 0.256348 0.883594 0.257324 0.883203 0.257324 0.882422 0.258301 0.882031 0.258301 0.880859 0.259766 0.880469 0.259766 0.880469 0.260254 0.879297 0.261719 0.879297 0.262207 0.878516 0.263184 0.878516 0.263672 0.878125 0.26416 0.878125 0.264648 0.877344 0.265625 0.877344 0.266602 0.876953 0.26709 0.876953 0.271484 0.877344 0.271973 0.877344 0.274902 0.878125 0.275879 0.878516 0.275879 0.878906 0.276367 0.879297 0.276367 0.879687 0.276855 0.882031 0.276855 0.882422 0.276367 0.882812 0.276367 0.883203 0.275879 0.883594 0.275879 0.883984 0.275391 0.884375 0.275391 0.884766 0.274902 0.885156 0.274902 0.885547 0.274414 0.886328 0.274414 0.886719 0.273926 0.887109 0.273926 0.8875 0.273438 0.888281 0.273438 0.888672 0.272949 0.889062 0.272949 0.892188 0.269043 0.892578 0.269043 0.89375 0.267578 0.89375 0.26709 0.894531 0.266113 0.894531 0.265625 0.895703 0.26416 0.895703 0.263672 0.896094 0.263184 0.896094 0.261719 0.896484 0.26123 0.896484 0.257324 0.896094 0.256836
1 0.937109 0.41748 0.936719 0.417969 0.935547 0.417969 0.933984 0.419922 0.933984 0.42041 0.933594 0.420898 0.933594 0.421387 0.933203 0.421875 0.933203 0.422363 0.932813 0.422852 0.932813 0.42334 0.932422 0.423828 0.932422 0.424805 0.932031 0.425293 0.932031 0.426758 0.931641 0.427246 0.931641 0.433594 0.932031 0.434082 0.932031 0.436035 0.932422 0.436523 0.932422 0.438477 0.932813 0.438965 0.932813 0.439941 0.933203 0.44043 0.933203 0.440918 0.933594 0.441406 0.933594 0.442383 0.933984 0.442871 0.933984 0.443359 0.934766 0.444336 0.934766 0.444824 0.935156 0.444824 0.935937 0.445801 0.937109 0.445801 0.9375 0.446289 0.939844 0.446289 0.940234 0.445801 0.940625 0.445801 0.941406 0.444824 0.941797 0.444824 0.942969 0.443359 0.942969 0.442871 0.94375 0.441895 0.94375 0.441406 0.944141 0.440918 0.944141 0.439941 0.944531 0.439453 0.944531 0.4375 0.944922 0.437012 0.944922 0.43457 0.945312 0.434082 0.945312 0.424805 0.944922 0.424316 0.944922 0.42334 0.944531 0.422852 0.944531 0.422363 0.944141 0.421875 0.944141 0.421387 0.94375 0.420898 0.943359 0.420898 0.942187 0.419434 0.941797 0.419434 0.941016 0.418457 0.940625 0.418457 0.939844 0.41748
1 0.79375 0.368164 0.79375 0.370605 0.794141 0.371094 0.794141 0.37207 0.795703 0.374023 0.796094 0.374023 0.796875 0.375 0.797266 0.375 0.798047 0.375977 0.798438 0.375977 0.798828 0.376465 0.799609 0.376465 0.8 0.376953 0.800391 0.376953 0.800781 0.377441 0.801953 0.377441 0.802344 0.37793 0.804688 0.37793 0.805078 0.378418 0.808203 0.378418 0.808594 0.37793 0.810156 0.37793 0.810547 0.377441 0.810937 0.377441 0.811328 0.376953 0.811719 0.376953 0.813281 0.375 0.813672 0.375 0.815234 0.373047 0.815234 0.371094 0.815625 0.370605 0.815625 0.369141 0.815234 0.368652 0.815234 0.368164 0.813281 0.365723 0.812891 0.365723 0.812109 0.364746 0.811719 0.364746 0.811328 0.364258 0.808984 0.364258 0.808594 0.36377 0.802344 0.36377 0.801953 0.364258 0.800391 0.364258 0.8 0.364746 0.798828 0.364746 0.798438 0.365234 0.798047 0.365234 0.797656 0.365723 0.797266 0.365723 0.796875 0.366211 0.796484 0.366211 0.796094 0.366699 0.795312 0.366699 0.794531 0.367676 0.794141 0.367676
1 0.832812 0.354004 0.832812 0.354492 0.832422 0.35498 0.832422 0.355469 0.832031 0.355957 0.832031 0.356445 0.831641 0.356934 0.831641 0.35791 0.832031 0.358398 0.832031 0.358887 0.832422 0.359375 0.832422 0.360352 0.832812 0.36084 0.832812 0.361328 0.833984 0.362793 0.834375 0.362793 0.8375 0.366699 0.837891 0.366699 0.838281 0.367188 0.838672 0.367188 0.839063 0.367676 0.839453 0.367676 0.840234 0.368652 0.840625 0.368652 0.841406 0.369629 0.841797 0.369629 0.842187 0.370117 0.842578 0.370117 0.842969 0.370605 0.843359 0.370605 0.844141 0.371582 0.844531 0.371582 0.844922 0.37207 0.845313 0.37207 0.845703 0.372559 0.846484 0.372559 0.846875 0.373047 0.848047 0.373047 0.848437 0.373535 0.855859 0.373535 0.85625 0.373047 0.857031 0.373047 0.857422 0.372559 0.857812 0.372559 0.858203 0.37207 0.858203 0.371582 0.858594 0.371094 0.858594 0.366699 0.858203 0.366211 0.858203 0.365234 0.857812 0.364746 0.857812 0.364258 0.857422 0.36377 0.857422 0.363281 0.857031 0.362793 0.857031 0.362305 0.85625 0.361328 0.85625 0.36084 0.855859 0.36084 0.854688 0.359375 0.854297 0.359375 0.853906 0.358887 0.853516 0.358887 0.852734 0.35791 0.852344 0.35791 0.851953 0.357422 0.851562 0.357422 0.85 0.355469 0.849609 0.355469 0.849219 0.35498 0.848828 0.35498 0.848437 0.354492 0.848047 0.354492 0.847656 0.354004 0.847266 0.354004 0.846875 0.353516 0.846484 0.353516 0.846094 0.353027 0.845313 0.353027 0.844922 0.352539 0.84375 0.352539 0.843359 0.352051 0.842187 0.352051 0.841797 0.351562 0.837891 0.351562 0.8375 0.352051 0.835938 0.352051 0.835547 0.352539 0.834375 0.352539 0.833984 0.353027 0.833594 0.353027
1 0.721875 0.479492 0.722266 0.47998 0.722266 0.480469 0.722656 0.480957 0.722656 0.481934 0.723437 0.48291 0.723437 0.483398 0.724219 0.484375 0.724609 0.484375 0.726172 0.486328 0.726562 0.486328 0.727344 0.487305 0.727734 0.487305 0.728125 0.487793 0.729297 0.487793 0.729688 0.488281 0.733984 0.488281 0.734375 0.487793 0.735938 0.487793 0.736328 0.487305 0.737109 0.487305 0.7375 0.486816 0.737891 0.486816 0.738281 0.486328 0.738672 0.486328 0.739453 0.485352 0.739844 0.485352 0.740234 0.484863 0.740625 0.484863 0.741406 0.483887 0.741797 0.483887 0.742578 0.48291 0.742969 0.48291 0.744531 0.480957 0.744922 0.480957 0.746875 0.478516 0.746875 0.477539 0.747266 0.477051 0.747266 0.476074 0.747656 0.475586 0.747656 0.474609 0.746875 0.473633 0.746484 0.473633 0.746094 0.473145 0.745703 0.473145 0.745313 0.472656 0.744531 0.472656 0.744141 0.472168 0.724609 0.472168 0.724219 0.472656 0.723828 0.472656 0.723437 0.473145 0.723047 0.473145 0.722266 0.474121 0.722266 0.474609 0.721875 0.475098
1 0.790625 0.527344 0.7875 0.527344 0.787109 0.527832 0.786328 0.527832 0.785156 0.529297 0.784766 0.529297 0.782422 0.532227 0.782422 0.532715 0.782031 0.533203 0.782031 0.53418 0.781641 0.534668 0.781641 0.536133 0.78125 0.536621 0.78125 0.538574 0.780859 0.539062 0.780859 0.540527 0.780469 0.541016 0.780469 0.547852 0.780859 0.54834 0.780859 0.549805 0.78125 0.550293 0.78125 0.550781 0.781641 0.55127 0.781641 0.552246 0.782813 0.553711 0.785937 0.553711 0.786328 0.553223 0.787109 0.553223 0.7875 0.552734 0.787891 0.552734 0.788281 0.552246 0.788281 0.551758 0.789062 0.550781 0.789062 0.550293 0.789453 0.549805 0.789453 0.549316 0.789844 0.548828 0.789844 0.547852 0.790234 0.547363 0.790234 0.546875 0.790625 0.546387 0.790625 0.545898 0.791406 0.544922 0.791406 0.544434 0.791797 0.543945 0.791797 0.543457 0.792188 0.542969 0.792188 0.541992 0.792578 0.541504 0.792578 0.540527 0.792969 0.540039 0.792969 0.538574 0.793359 0.538086 0.793359 0.532227 0.792969 0.531738 0.792969 0.530762 0.792578 0.530273 0.792578 0.529785 0.792188 0.529297 0.792188 0.528809 0.791406 0.527832 0.791016 0.527832
1 0.632812 0.455566 0.632031 0.45459 0.632031 0.454102 0.63125 0.453125 0.630859 0.453125 0.630469 0.452637 0.629297 0.452637 0.628906 0.452148 0.625781 0.452148 0.625391 0.452637 0.623828 0.452637 0.623437 0.453125 0.621094 0.453125 0.620703 0.453613 0.618359 0.453613 0.617969 0.454102 0.617188 0.454102 0.616797 0.45459 0.616016 0.45459 0.615625 0.455078 0.614844 0.455078 0.614453 0.455566 0.614062 0.455566 0.613281 0.456543 0.612891 0.456543 0.612109 0.45752 0.611719 0.45752 0.610938 0.458496 0.610938 0.458984 0.610547 0.459473 0.610547 0.460449 0.610156 0.460938 0.610156 0.461914 0.609766 0.462402 0.609766 0.464844 0.610156 0.465332 0.610156 0.466797 0.610547 0.467285 0.610547 0.467773 0.611719 0.469238 0.612109 0.469238 0.612891 0.470215 0.613281 0.470215 0.614062 0.471191 0.614453 0.471191 0.614844 0.47168 0.615625 0.47168 0.616016 0.472168 0.616797 0.472168 0.617188 0.472656 0.617969 0.472656 0.618359 0.473145 0.619531 0.473145 0.619922 0.473633 0.626172 0.473633 0.626563 0.473145 0.627734 0.473145 0.628125 0.472656 0.628906 0.472656 0.629297 0.472168 0.629687 0.472168 0.630078 0.47168 0.630859 0.47168 0.63125 0.471191 0.631641 0.471191 0.632422 0.470215 0.632422 0.469727 0.633203 0.46875 0.633203 0.468262 0.633984 0.467285 0.633984 0.460938 0.633594 0.460449 0.633594 0.458496 0.633203 0.458008 0.633203 0.457031 0.632812 0.456543
1 0.639844 0.455078 0.639844 0.456543 0.640234 0.457031 0.640234 0.459473 0.641797 0.461426 0.642188 0.461426 0.642578 0.461914 0.642969 0.461914 0.643359 0.462402 0.64375 0.462402 0.644141 0.462891 0.644922 0.462891 0.645312 0.463379 0.646094 0.463379 0.646484 0.463867 0.653906 0.463867 0.654297 0.463379 0.655078 0.463379 0.655859 0.462402 0.65625 0.462402 0.657031 0.461426 0.657422 0.461426 0.658594 0.459961 0.658984 0.459961 0.658984 0.459473 0.660156 0.458008 0.660156 0.45752 0.660547 0.457031 0.660547 0.456543 0.660937 0.456055 0.660937 0.455566 0.661328 0.455078 0.661328 0.454102 0.660937 0.453613 0.660937 0.452148 0.660547 0.45166 0.660547 0.451172 0.658984 0.449219 0.658594 0.449219 0.658203 0.44873 0.657813 0.44873 0.657422 0.448242 0.656641 0.448242 0.65625 0.447754 0.655469 0.447754 0.655078 0.447266 0.648828 0.447266 0.648438 0.447754 0.647266 0.447754 0.646875 0.448242 0.646094 0.448242 0.645703 0.44873 0.645312 0.44873 0.644922 0.449219 0.644141 0.449219 0.64375 0.449707 0.643359 0.449707 0.642969 0.450195 0.642578 0.450195 0.641016 0.452148 0.641016 0.452637 0.640625 0.453125 0.640625 0.453613 0.640234 0.454102 0.640234 0.45459
1 0.916406 0.893066 0.916406 0.897461 0.917188 0.898438 0.917188 0.898926 0.917578 0.899414 0.917578 0.899902 0.918359 0.900879 0.91875 0.900879 0.919141 0.901367 0.919531 0.901367 0.919922 0.901855 0.920312 0.901855 0.920703 0.902344 0.921484 0.902344 0.921875 0.902832 0.922266 0.902832 0.922656 0.90332 0.923438 0.90332 0.923828 0.903809 0.925 0.903809 0.925391 0.904297 0.931641 0.904297 0.932031 0.903809 0.932813 0.903809 0.933203 0.90332 0.933594 0.90332 0.933984 0.902832 0.934375 0.902832 0.934766 0.902344 0.935156 0.902344 0.935937 0.901367 0.935937 0.900879 0.936328 0.900391 0.936328 0.898926 0.936719 0.898438 0.936719 0.895508 0.936328 0.89502 0.936328 0.894043 0.935937 0.893555 0.935937 0.893066 0.935156 0.89209 0.934766 0.89209 0.934375 0.891602 0.933984 0.891602 0.933594 0.891113 0.932813 0.891113 0.932422 0.890625 0.931641 0.890625 0.93125 0.890137 0.929297 0.890137 0.928906 0.889648 0.926953 0.889648 0.926562 0.88916 0.921875 0.88916 0.921484 0.889648 0.919922 0.889648 0.919531 0.890137 0.91875 0.890137 0.917969 0.891113 0.917578 0.891113 0.916797 0.89209 0.916797 0.892578
1 0.900781 0.856934 0.900391 0.856934 0.899609 0.855957 0.899219 0.855957 0.898828 0.855469 0.898047 0.855469 0.897656 0.85498 0.896484 0.85498 0.896094 0.854492 0.895703 0.854492 0.895312 0.85498 0.892969 0.85498 0.892578 0.855469 0.891797 0.855469 0.891016 0.856445 0.890625 0.856445 0.889844 0.857422 0.889453 0.857422 0.888281 0.858887 0.887891 0.858887 0.886719 0.860352 0.886719 0.86084 0.886328 0.861328 0.886328 0.861816 0.885938 0.862305 0.885938 0.862793 0.885547 0.863281 0.885547 0.86377 0.885156 0.864258 0.885156 0.864746 0.884766 0.865234 0.884766 0.866211 0.884375 0.866699 0.884375 0.867676 0.883984 0.868164 0.883984 0.87207 0.884375 0.872559 0.884375 0.873535 0.887109 0.876953 0.8875 0.876953 0.887891 0.877441 0.890234 0.877441 0.890625 0.876953 0.891406 0.876953 0.891797 0.876465 0.892188 0.876465 0.892578 0.875977 0.892969 0.875977 0.89375 0.875 0.894141 0.875 0.894531 0.874512 0.894922 0.874512 0.895703 0.873535 0.896094 0.873535 0.896875 0.872559 0.897266 0.872559 0.901172 0.867676 0.901172 0.867188 0.901563 0.866699 0.901563 0.866211 0.901953 0.865723 0.901953 0.864746 0.902344 0.864258 0.902344 0.860352 0.901953 0.859863 0.901953 0.859375 0.901563 0.858887 0.901563 0.858398 0.901172 0.85791 0.901172 0.857422
1 0.864062 0.806641 0.863672 0.806152 0.863281 0.806152 0.862891 0.805664 0.8625 0.805664 0.862109 0.805176 0.855469 0.805176 0.855078 0.805664 0.853906 0.805664 0.853516 0.806152 0.852734 0.806152 0.849609 0.810059 0.849609 0.810547 0.848828 0.811523 0.848437 0.811523 0.845313 0.81543 0.845313 0.815918 0.844922 0.816406 0.844922 0.816895 0.844531 0.817383 0.844531 0.818359 0.844141 0.818848 0.844141 0.820801 0.84375 0.821289 0.84375 0.822266 0.844141 0.822754 0.844141 0.823242 0.845703 0.825195 0.846094 0.825195 0.846484 0.825684 0.847266 0.825684 0.847656 0.826172 0.848437 0.826172 0.848828 0.82666 0.850391 0.82666 0.850781 0.826172 0.852344 0.826172 0.852734 0.825684 0.853516 0.825684 0.853906 0.825195 0.854688 0.825195 0.855078 0.824707 0.855859 0.824707 0.85625 0.824219 0.856641 0.824219 0.857031 0.82373 0.857422 0.82373 0.857812 0.823242 0.858203 0.823242 0.860156 0.820801 0.860547 0.820801 0.861719 0.819336 0.861719 0.818848 0.8625 0.817871 0.8625 0.817383 0.863281 0.816406 0.863281 0.815918 0.863672 0.81543 0.863672 0.814941 0.864062 0.814453 0.864062 0.813477 0.864453 0.812988 0.864453 0.812012 0.864844 0.811523 0.864844 0.809082 0.864453 0.808594 0.864453 0.807617 0.864062 0.807129
1 0.834375 0.853027 0.833984 0.853516 0.832812 0.853516 0.832422 0.854004 0.832031 0.854004 0.830859 0.855469 0.830469 0.855469 0.830469 0.855957 0.829688 0.856934 0.829688 0.85791 0.829297 0.858398 0.829297 0.859863 0.828906 0.860352 0.828906 0.866211 0.829297 0.866699 0.829297 0.870117 0.829688 0.870605 0.829688 0.871094 0.830078 0.871582 0.830078 0.87207 0.830469 0.872559 0.830469 0.873047 0.831641 0.874512 0.832031 0.874512 0.832812 0.875488 0.832812 0.875977 0.833594 0.876953 0.833984 0.876953 0.834375 0.877441 0.834766 0.877441 0.835156 0.87793 0.835938 0.87793 0.836328 0.878418 0.838281 0.878418 0.839453 0.876953 0.839453 0.876465 0.839844 0.875977 0.839844 0.874023 0.840234 0.873535 0.840234 0.871582 0.840625 0.871094 0.840625 0.861328 0.840234 0.86084 0.840234 0.859863 0.839844 0.859375 0.839844 0.858398 0.839453 0.85791 0.839453 0.856934 0.839063 0.856445 0.839063 0.855957 0.8375 0.854004 0.837109 0.854004 0.836719 0.853516 0.835156 0.853516 0.834766 0.853027
1 0.826562 0.805664 0.822266 0.805664 0.821875 0.806152 0.821484 0.806152 0.819531 0.808594 0.819531 0.809082 0.81875 0.810059 0.81875 0.810547 0.817969 0.811523 0.817969 0.812012 0.817578 0.8125 0.817578 0.812988 0.817187 0.813477 0.817187 0.813965 0.816797 0.814453 0.816797 0.815918 0.816406 0.816406 0.816406 0.818848 0.816016 0.819336 0.816016 0.823242 0.816406 0.82373 0.816406 0.824219 0.816797 0.824707 0.816797 0.825684 0.817187 0.826172 0.817187 0.82666 0.817969 0.827637 0.818359 0.827637 0.81875 0.828125 0.819141 0.828125 0.819531 0.828613 0.819922 0.828613 0.820312 0.829102 0.820703 0.829102 0.821094 0.82959 0.823828 0.82959 0.824219 0.829102 0.824609 0.829102 0.825 0.828613 0.825391 0.828613 0.826562 0.827148 0.826562 0.82666 0.826953 0.826172 0.826953 0.825195 0.827344 0.824707 0.827344 0.82373 0.827734 0.823242 0.827734 0.822266 0.828125 0.821777 0.828125 0.820312 0.828516 0.819824 0.828516 0.819336 0.828906 0.818848 0.828906 0.817383 0.829297 0.816895 0.829297 0.81543 0.829688 0.814941 0.829688 0.8125 0.829297 0.812012 0.829297 0.810059 0.828906 0.80957 0.828906 0.809082 0.828125 0.808105 0.828125 0.807617 0.827734 0.807129 0.827734 0.806641 0.827344 0.806152 0.826953 0.806152
1 0.791406 0.726074 0.791016 0.726074 0.790625 0.725586 0.790234 0.725586 0.789844 0.725098 0.789453 0.725098 0.789062 0.724609 0.788281 0.724609 0.787891 0.724121 0.787109 0.724121 0.786719 0.724609 0.786328 0.724609 0.785547 0.725586 0.785156 0.725586 0.784375 0.726562 0.783984 0.726562 0.783203 0.727539 0.782813 0.727539 0.780859 0.72998 0.780469 0.72998 0.779297 0.731445 0.778906 0.731445 0.777734 0.73291 0.777734 0.733398 0.776172 0.735352 0.776172 0.73584 0.775781 0.736328 0.775781 0.740723 0.776172 0.741211 0.776172 0.741699 0.776953 0.742676 0.776953 0.743164 0.777344 0.743652 0.777344 0.744141 0.778906 0.746094 0.779297 0.746094 0.779687 0.746582 0.78125 0.746582 0.781641 0.74707 0.783594 0.74707 0.783984 0.746582 0.784766 0.746582 0.785156 0.746094 0.785547 0.746094 0.785937 0.745605 0.786719 0.745605 0.788672 0.743164 0.788672 0.742676 0.791797 0.73877 0.791797 0.738281 0.792578 0.737305 0.792578 0.736816 0.792969 0.736328 0.792969 0.729492 0.792578 0.729004 0.792578 0.728027 0.791797 0.727051 0.791797 0.726562
1 0.682031 0.860352 0.681641 0.859863 0.68125 0.859863 0.680859 0.859375 0.679688 0.859375 0.679297 0.858887 0.676562 0.858887 0.676172 0.859375 0.675 0.859375 0.674609 0.859863 0.673438 0.859863 0.673047 0.860352 0.672656 0.860352 0.672266 0.86084 0.671875 0.86084 0.671484 0.861328 0.671094 0.861328 0.670312 0.862305 0.669922 0.862305 0.66875 0.86377 0.668359 0.86377 0.666797 0.865723 0.666406 0.865723 0.665625 0.866699 0.665234 0.866699 0.664453 0.867676 0.664453 0.868164 0.663672 0.869141 0.663672 0.870117 0.663281 0.870605 0.663281 0.87207 0.662891 0.872559 0.662891 0.875488 0.663281 0.875977 0.663281 0.877441 0.663672 0.87793 0.664062 0.87793 0.664453 0.878418 0.664844 0.878418 0.665234 0.878906 0.670312 0.878906 0.670703 0.878418 0.672266 0.878418 0.672656 0.87793 0.673047 0.87793 0.673438 0.877441 0.673828 0.877441 0.674219 0.876953 0.675 0.876953 0.675391 0.876465 0.676172 0.876465 0.676562 0.875977 0.676953 0.875977 0.677344 0.875488 0.677734 0.875488 0.678125 0.875 0.678516 0.875 0.679297 0.874023 0.679297 0.873535 0.680078 0.872559 0.680078 0.87207 0.680859 0.871094 0.680859 0.870605 0.681641 0.869629 0.681641 0.869141 0.682031 0.868652 0.682031 0.867676 0.682422 0.867188 0.682422 0.861328 0.682031 0.86084
1 0.682813 0.874512 0.680469 0.874512 0.680078 0.875 0.679688 0.875 0.679297 0.875488 0.678906 0.875488 0.678516 0.875977 0.678125 0.875977 0.677734 0.876465 0.677344 0.876465 0.676953 0.876953 0.676562 0.876953 0.673438 0.880859 0.673438 0.881348 0.673047 0.881836 0.673047 0.882324 0.672656 0.882812 0.672656 0.883301 0.672266 0.883789 0.672266 0.885254 0.671875 0.885742 0.671875 0.887207 0.671484 0.887695 0.671484 0.890625 0.671094 0.891113 0.671094 0.895508 0.670703 0.895996 0.670703 0.897949 0.670312 0.898438 0.670312 0.901367 0.670703 0.901855 0.670703 0.902344 0.671484 0.90332 0.671484 0.903809 0.671875 0.903809 0.672656 0.904785 0.675781 0.904785 0.676172 0.904297 0.676953 0.904297 0.677344 0.903809 0.677734 0.903809 0.678906 0.902344 0.678906 0.901855 0.679688 0.900879 0.679688 0.900391 0.680078 0.899902 0.680078 0.898926 0.680469 0.898438 0.680469 0.897949 0.682422 0.895508 0.682422 0.89502 0.682813 0.894531 0.682813 0.894043 0.683203 0.893555 0.683203 0.893066 0.683594 0.892578 0.683594 0.891602 0.683984 0.891113 0.683984 0.890625 0.684375 0.890137 0.684375 0.889648 0.684766 0.88916 0.684766 0.888672 0.685156 0.888184 0.685156 0.88623 0.685547 0.885742 0.685547 0.882324 0.685937 0.881836 0.685937 0.880371 0.685547 0.879883 0.685547 0.87793 0.685156 0.877441 0.685156 0.876465 0.684766 0.875977 0.684375 0.875977 0.683594 0.875 0.683203 0.875
1 0.713672 0.891602 0.713281 0.891113 0.713281 0.890625 0.711719 0.888672 0.711328 0.888672 0.709766 0.886719 0.708984 0.886719 0.708594 0.88623 0.707812 0.88623 0.707422 0.886719 0.704297 0.886719 0.703906 0.887207 0.701953 0.887207 0.701562 0.887695 0.7 0.887695 0.699609 0.888184 0.698047 0.888184 0.697656 0.888672 0.696875 0.888672 0.696484 0.88916 0.696094 0.88916 0.695703 0.889648 0.695312 0.889648 0.694922 0.890137 0.694531 0.890137 0.69375 0.891113 0.693359 0.891113 0.692578 0.89209 0.692578 0.892578 0.692187 0.893066 0.692187 0.89502 0.691797 0.895508 0.691797 0.899414 0.692187 0.899902 0.692187 0.901367 0.69375 0.90332 0.694141 0.90332 0.694531 0.903809 0.695312 0.903809 0.695703 0.904297 0.699219 0.904297 0.699609 0.904785 0.701953 0.904785 0.702344 0.904297 0.705078 0.904297 0.705469 0.903809 0.708203 0.903809 0.708594 0.90332 0.709375 0.90332 0.709766 0.902832 0.710156 0.902832 0.710547 0.902344 0.710938 0.902344 0.712109 0.900879 0.712109 0.900391 0.7125 0.899902 0.7125 0.899414 0.712891 0.898926 0.712891 0.898438 0.713281 0.897949 0.713281 0.896973 0.713672 0.896484
1 0.728125 0.88916 0.728125 0.889648 0.728516 0.890137 0.728516 0.89209 0.728906 0.892578 0.728906 0.893555 0.729688 0.894531 0.729688 0.89502 0.730078 0.895508 0.730078 0.895996 0.732031 0.898438 0.732422 0.898438 0.733203 0.899414 0.733594 0.899414 0.734766 0.900879 0.735156 0.900879 0.735547 0.901367 0.735938 0.901367 0.736328 0.901855 0.7375 0.901855 0.737891 0.902344 0.739062 0.902344 0.739453 0.902832 0.742188 0.902832 0.742578 0.90332 0.746094 0.90332 0.746484 0.902832 0.750391 0.902832 0.750781 0.902344 0.752344 0.902344 0.753125 0.901367 0.753516 0.901367 0.753906 0.900879 0.753906 0.900391 0.754297 0.899902 0.754297 0.898438 0.754687 0.897949 0.754687 0.893066 0.754297 0.892578 0.754297 0.891602 0.753906 0.891113 0.753906 0.890625 0.753516 0.890137 0.753516 0.889648 0.752734 0.888672 0.752734 0.888184 0.751953 0.887207 0.751563 0.887207 0.749609 0.884766 0.749219 0.884766 0.748437 0.883789 0.747656 0.883789 0.747266 0.883301 0.746094 0.883301 0.745703 0.882812 0.744531 0.882812 0.744141 0.882324 0.7375 0.882324 0.737109 0.882812 0.735547 0.882812 0.735156 0.883301 0.734375 0.883301 0.733984 0.883789 0.733594 0.883789 0.733203 0.884277 0.732812 0.884277 0.732422 0.884766 0.732031 0.884766 0.730469 0.886719 0.730078 0.886719 0.729297 0.887695 0.728906 0.887695 0.728516 0.888184 0.728516 0.888672
1 0.735938 0.872559 0.735938 0.876465 0.736328 0.876953 0.736328 0.877441 0.736719 0.87793 0.736719 0.878418 0.7375 0.879395 0.737891 0.879395 0.738281 0.879883 0.738672 0.879883 0.739062 0.880371 0.739844 0.880371 0.740234 0.880859 0.740625 0.880859 0.741016 0.881348 0.742188 0.881348 0.742578 0.881836 0.744141 0.881836 0.744531 0.882324 0.746875 0.882324 0.747266 0.882812 0.751563 0.882812 0.751953 0.882324 0.755469 0.882324 0.755859 0.881836 0.756641 0.881836 0.757031 0.881348 0.757422 0.881348 0.757812 0.880859 0.758594 0.880859 0.758984 0.880371 0.759375 0.880371 0.759766 0.879883 0.760156 0.879883 0.762109 0.877441 0.762109 0.875 0.761719 0.874512 0.761719 0.873047 0.761328 0.872559 0.761328 0.87207 0.760547 0.871094 0.760547 0.870605 0.759375 0.869141 0.758984 0.869141 0.758594 0.868652 0.758203 0.868652 0.757812 0.868164 0.757422 0.868164 0.757031 0.867676 0.75625 0.867676 0.755859 0.867188 0.755078 0.867188 0.754687 0.866699 0.753516 0.866699 0.753125 0.866211 0.752734 0.866211 0.752344 0.865723 0.750391 0.865723 0.75 0.865234 0.747266 0.865234 0.746875 0.865723 0.745703 0.865723 0.745313 0.866211 0.744141 0.866211 0.74375 0.866699 0.742969 0.866699 0.742578 0.867188 0.741797 0.867188 0.741406 0.867676 0.740625 0.867676 0.740234 0.868164 0.739453 0.868164 0.739062 0.868652 0.738672 0.868652 0.736719 0.871094 0.736719 0.871582
1 0.803906 0.830078 0.803516 0.830078 0.803125 0.82959 0.802344 0.82959 0.801953 0.829102 0.796875 0.829102 0.796484 0.82959 0.795312 0.82959 0.794922 0.830078 0.794141 0.830078 0.79375 0.830566 0.792969 0.830566 0.792578 0.831055 0.792188 0.831055 0.791797 0.831543 0.791406 0.831543 0.790625 0.83252 0.790234 0.83252 0.788672 0.834473 0.788672 0.834961 0.786328 0.837891 0.786328 0.838379 0.785937 0.838867 0.785937 0.839355 0.785547 0.839844 0.785547 0.840332 0.785156 0.84082 0.785156 0.841309 0.784766 0.841797 0.784766 0.842285 0.784375 0.842773 0.784375 0.84375 0.783984 0.844238 0.783984 0.844727 0.783594 0.845215 0.783594 0.84668 0.783203 0.847168 0.783203 0.850098 0.783594 0.850586 0.783594 0.851074 0.784766 0.852539 0.785156 0.852539 0.785547 0.853027 0.788281 0.853027 0.788672 0.852539 0.789062 0.852539 0.789453 0.852051 0.790234 0.852051 0.790625 0.851562 0.791406 0.851562 0.791797 0.851074 0.792188 0.851074 0.792578 0.850586 0.792969 0.850586 0.793359 0.850098 0.79375 0.850098 0.794531 0.849121 0.794922 0.849121 0.796875 0.84668 0.797266 0.84668 0.798828 0.844727 0.799219 0.844727 0.8 0.84375 0.800391 0.84375 0.800781 0.843262 0.801172 0.843262 0.801953 0.842285 0.802344 0.842285 0.803125 0.841309 0.803125 0.84082 0.803516 0.840332 0.803516 0.839844 0.803906 0.839355 0.803906 0.838867 0.804297 0.838379 0.804297 0.837402 0.804688 0.836914 0.804688 0.835449 0.805078 0.834961 0.805078 0.833008 0.804688 0.83252 0.804688 0.832031 0.804297 0.831543 0.804297 0.831055 0.803906 0.830566
1 0.58125 0.768066 0.579688 0.768066 0.579297 0.768555 0.578906 0.768555 0.577734 0.77002 0.577344 0.77002 0.576172 0.771484 0.575781 0.771484 0.573828 0.773926 0.573828 0.774414 0.573047 0.775391 0.573047 0.775879 0.572656 0.776367 0.572656 0.777344 0.572266 0.777832 0.572266 0.77832 0.571875 0.778809 0.571875 0.780273 0.571484 0.780762 0.571484 0.782227 0.571094 0.782715 0.571094 0.785645 0.570703 0.786133 0.570703 0.787109 0.571094 0.787598 0.571094 0.788086 0.571484 0.788574 0.571484 0.789062 0.572266 0.790039 0.572656 0.790039 0.574219 0.791992 0.574609 0.791992 0.575 0.79248 0.575391 0.79248 0.575781 0.792969 0.580469 0.792969 0.580859 0.79248 0.58125 0.79248 0.581641 0.791992 0.582031 0.791992 0.583203 0.790527 0.583594 0.790527 0.584375 0.789551 0.584375 0.789062 0.585156 0.788086 0.585156 0.787598 0.585547 0.787109 0.585547 0.786133 0.585938 0.785645 0.585938 0.785156 0.586328 0.784668 0.586328 0.776367 0.585938 0.775879 0.585938 0.774414 0.585547 0.773926 0.585547 0.772949 0.585156 0.772461 0.585156 0.771973 0.584766 0.771484 0.584766 0.770996 0.583203 0.769043 0.582422 0.769043 0.582031 0.768555 0.581641 0.768555
1 0.507812 0.901367 0.507812 0.904785 0.508203 0.905273 0.508203 0.905762 0.508594 0.90625 0.508594 0.906738 0.508984 0.907227 0.509375 0.907227 0.509766 0.907715 0.510547 0.907715 0.510938 0.908203 0.513281 0.908203 0.513672 0.908691 0.514453 0.908691 0.514844 0.908203 0.522656 0.908203 0.523047 0.907715 0.525781 0.907715 0.526172 0.907227 0.529297 0.907227 0.529687 0.906738 0.530469 0.906738 0.530859 0.90625 0.531641 0.90625 0.532031 0.905762 0.532422 0.905762 0.532813 0.905273 0.533203 0.905273 0.533984 0.904297 0.533984 0.901855 0.533594 0.901367 0.533594 0.899902 0.532031 0.897949 0.532031 0.897461 0.530469 0.895508 0.530469 0.89502 0.530078 0.894531 0.529687 0.894531 0.528906 0.893555 0.528125 0.893555 0.527734 0.893066 0.526953 0.893066 0.526563 0.892578 0.515625 0.892578 0.515234 0.893066 0.514062 0.893066 0.513672 0.893555 0.513281 0.893555 0.512891 0.894043 0.5125 0.894043 0.511719 0.89502 0.511328 0.89502 0.510547 0.895996 0.510156 0.895996 0.509375 0.896973 0.509375 0.897461 0.508984 0.897949 0.508984 0.898438 0.508594 0.898926 0.508594 0.899414 0.508203 0.899902 0.508203 0.900879
1 0.476562 0.845703 0.476562 0.84668 0.476953 0.847168 0.476953 0.850098 0.477344 0.850586 0.477344 0.851074 0.478516 0.852539 0.478906 0.852539 0.479297 0.853027 0.480078 0.853027 0.480469 0.853516 0.480859 0.853516 0.48125 0.854004 0.482031 0.854004 0.482422 0.854492 0.484375 0.854492 0.484766 0.85498 0.488672 0.85498 0.489063 0.854492 0.491016 0.854492 0.49375 0.851074 0.49375 0.850098 0.494141 0.849609 0.494141 0.848633 0.49375 0.848145 0.49375 0.846191 0.493359 0.845703 0.493359 0.845215 0.492578 0.844238 0.492188 0.844238 0.490625 0.842285 0.490234 0.842285 0.489844 0.841797 0.489063 0.841797 0.488672 0.841309 0.487891 0.841309 0.4875 0.84082 0.481641 0.84082 0.48125 0.841309 0.480469 0.841309 0.480078 0.841797 0.479687 0.841797 0.479297 0.842285 0.478906 0.842285 0.478125 0.843262 0.477734 0.843262 0.477734 0.84375 0.476953 0.844727 0.476953 0.845215
1 0.441797 0.822754 0.441406 0.822754 0.441016 0.822266 0.440625 0.822266 0.440234 0.821777 0.439453 0.821777 0.439063 0.821289 0.434375 0.821289 0.433984 0.821777 0.432812 0.821777 0.432422 0.822266 0.431641 0.822266 0.43125 0.822754 0.430469 0.822754 0.429688 0.82373 0.429297 0.82373 0.428906 0.824219 0.428906 0.824707 0.428516 0.825195 0.428516 0.825684 0.426953 0.827637 0.426563 0.827637 0.426172 0.828125 0.426172 0.828613 0.425781 0.829102 0.425781 0.830078 0.425391 0.830566 0.425391 0.832031 0.425 0.83252 0.425 0.834473 0.424609 0.834961 0.424609 0.837891 0.425 0.838379 0.425 0.839355 0.425391 0.839844 0.425391 0.840332 0.425781 0.84082 0.425781 0.841309 0.426953 0.842773 0.427344 0.842773 0.427734 0.843262 0.43125 0.843262 0.431641 0.842773 0.432812 0.842773 0.433203 0.842285 0.433594 0.842285 0.433984 0.841797 0.434375 0.841797 0.435156 0.84082 0.435547 0.84082 0.437109 0.838867 0.437109 0.838379 0.438281 0.836914 0.438281 0.836426 0.441016 0.833008 0.441016 0.83252 0.441797 0.831543 0.441797 0.831055 0.442188 0.830566 0.442188 0.830078 0.442578 0.82959 0.442578 0.829102 0.442969 0.828613 0.442969 0.827637 0.443359 0.827148 0.443359 0.825684 0.442969 0.825195 0.442969 0.824707 0.441797 0.823242
1 0.431641 0.791504 0.430859 0.791504 0.430469 0.791992 0.428125 0.791992 0.427734 0.79248 0.426953 0.79248 0.426563 0.792969 0.426172 0.792969 0.425781 0.793457 0.425391 0.793457 0.425 0.793945 0.424609 0.793945 0.422266 0.796875 0.422266 0.797363 0.421484 0.79834 0.421484 0.799316 0.421094 0.799805 0.421094 0.800781 0.420703 0.80127 0.420703 0.802246 0.420312 0.802734 0.420312 0.803711 0.419922 0.804199 0.419922 0.805664 0.419531 0.806152 0.419531 0.809082 0.419141 0.80957 0.419141 0.811523 0.419531 0.812012 0.419531 0.81543 0.419922 0.815918 0.419922 0.817871 0.420312 0.818359 0.420312 0.819336 0.420703 0.819824 0.420703 0.820312 0.421094 0.820801 0.421094 0.821289 0.423047 0.82373 0.423438 0.82373 0.423828 0.824219 0.424609 0.824219 0.425 0.82373 0.425781 0.82373 0.426172 0.823242 0.426953 0.823242 0.427344 0.822754 0.427734 0.822754 0.428516 0.821777 0.428516 0.821289 0.428906 0.820801 0.428906 0.820312 0.429297 0.819824 0.429297 0.818848 0.429688 0.818359 0.429688 0.817871 0.430078 0.817383 0.430078 0.816895 0.430859 0.815918 0.430859 0.81543 0.43125 0.814941 0.43125 0.813965 0.431641 0.813477 0.431641 0.812988 0.432031 0.8125 0.432031 0.811523 0.432422 0.811035 0.432422 0.810547 0.432812 0.810059 0.432812 0.809082 0.433203 0.808594 0.433203 0.808105 0.433594 0.807617 0.433594 0.806641 0.433984 0.806152 0.433984 0.805664 0.434375 0.805176 0.434375 0.804688 0.434766 0.804199 0.434766 0.803711 0.435156 0.803223 0.435156 0.80127 0.435547 0.800781 0.435547 0.794434 0.434375 0.792969 0.433984 0.792969 0.433594 0.79248 0.433203 0.79248 0.432812 0.791992 0.432031 0.791992
1 0.467187 0.736328 0.466797 0.736816 0.466016 0.736816 0.465625 0.737305 0.465625 0.737793 0.464844 0.73877 0.464844 0.739258 0.464453 0.739746 0.464453 0.746094 0.464844 0.746582 0.464844 0.75293 0.465234 0.753418 0.465234 0.755371 0.465625 0.755859 0.465625 0.757324 0.466016 0.757812 0.466016 0.759277 0.466406 0.759766 0.466406 0.760254 0.467969 0.762207 0.468359 0.762207 0.46875 0.762695 0.469141 0.762695 0.469531 0.763184 0.471875 0.763184 0.472266 0.762695 0.472656 0.762695 0.473047 0.762207 0.473438 0.762207 0.473828 0.761719 0.474219 0.761719 0.474609 0.76123 0.475 0.76123 0.475391 0.760742 0.475391 0.760254 0.475781 0.759766 0.475781 0.759277 0.476172 0.758789 0.476172 0.758301 0.476562 0.757812 0.476562 0.757324 0.476953 0.756836 0.476953 0.756348 0.477344 0.755859 0.477344 0.754883 0.477734 0.754395 0.477734 0.753418 0.478125 0.75293 0.478125 0.750488 0.477734 0.75 0.477734 0.748535 0.477344 0.748047 0.477344 0.746582 0.476953 0.746094 0.476953 0.744629 0.476562 0.744141 0.476562 0.743164 0.475781 0.742188 0.475781 0.741699 0.475391 0.741211 0.475391 0.740723 0.474219 0.739258 0.473828 0.739258 0.473047 0.738281 0.472656 0.738281 0.471875 0.737305 0.471484 0.737305 0.471094 0.736816 0.469141 0.736816 0.46875 0.736328
1 0.387109 0.74707 0.385547 0.745117 0.385156 0.745117 0.384766 0.744629 0.383594 0.744629 0.383203 0.745117 0.381641 0.745117 0.38125 0.745605 0.380078 0.745605 0.379688 0.746094 0.378906 0.746094 0.378516 0.746582 0.377344 0.746582 0.376953 0.74707 0.376172 0.74707 0.375391 0.748047 0.375 0.748047 0.374609 0.748535 0.374219 0.748535 0.373828 0.749023 0.373437 0.749023 0.373047 0.749512 0.372656 0.749512 0.371875 0.750488 0.371484 0.750488 0.370312 0.751953 0.370312 0.752441 0.369922 0.75293 0.369922 0.753418 0.369531 0.753906 0.369531 0.754395 0.369141 0.754883 0.369141 0.756348 0.36875 0.756836 0.36875 0.757812 0.368359 0.758301 0.368359 0.76123 0.36875 0.761719 0.36875 0.762207 0.369141 0.762695 0.369141 0.763184 0.369531 0.763672 0.369922 0.763672 0.370312 0.76416 0.371094 0.76416 0.371484 0.764648 0.375 0.764648 0.375391 0.76416 0.376563 0.76416 0.376953 0.763672 0.378125 0.763672 0.378516 0.763184 0.378906 0.763184 0.379297 0.762695 0.380078 0.762695 0.380469 0.762207 0.380859 0.762207 0.38125 0.761719 0.381641 0.761719 0.385547 0.756836 0.385547 0.756348 0.385937 0.755859 0.385937 0.755371 0.386328 0.754883 0.386328 0.754395 0.386719 0.753906 0.386719 0.753418 0.387109 0.75293
1 0.439063 0.65332 0.435547 0.657715 0.435547 0.658203 0.435156 0.658691 0.435156 0.659668 0.434766 0.660156 0.434766 0.662109 0.434375 0.662598 0.434375 0.671875 0.434766 0.672363 0.434766 0.674805 0.435156 0.675293 0.435156 0.675781 0.435547 0.67627 0.435547 0.676758 0.435937 0.677246 0.435937 0.677734 0.436328 0.678223 0.436328 0.678711 0.436719 0.679199 0.436719 0.679688 0.4375 0.680664 0.4375 0.681152 0.437891 0.681641 0.437891 0.682129 0.439453 0.684082 0.440234 0.684082 0.440625 0.68457 0.44375 0.68457 0.444141 0.684082 0.444141 0.683594 0.444531 0.683105 0.444531 0.682617 0.444922 0.682129 0.444922 0.680176 0.445312 0.679688 0.445312 0.677734 0.445703 0.677246 0.445703 0.675293 0.446094 0.674805 0.446094 0.672852 0.446484 0.672363 0.446484 0.67041 0.446875 0.669922 0.446875 0.667969 0.447266 0.66748 0.447266 0.660645 0.446875 0.660156 0.446875 0.658203 0.446094 0.657227 0.446094 0.656738 0.444922 0.655273 0.444922 0.654785 0.444141 0.653809 0.44375 0.653809 0.443359 0.65332
1 0.476562 0.684082 0.476562 0.687012 0.476953 0.6875 0.476953 0.688477 0.477344 0.688965 0.477344 0.689453 0.477734 0.689941 0.477734 0.69043 0.478125 0.69043 0.478906 0.691406 0.479297 0.691406 0.480078 0.692383 0.480469 0.692383 0.480859 0.692871 0.48125 0.692871 0.481641 0.693359 0.482031 0.693359 0.482422 0.693848 0.483203 0.693848 0.483594 0.694336 0.485156 0.694336 0.485547 0.694824 0.491016 0.694824 0.491406 0.694336 0.492188 0.694336 0.492578 0.693848 0.492969 0.693848 0.493359 0.693359 0.49375 0.693359 0.494141 0.692871 0.494531 0.692871 0.494922 0.692383 0.495312 0.692383 0.496094 0.691406 0.496484 0.691406 0.498047 0.689453 0.498047 0.688965 0.498437 0.688477 0.498437 0.687012 0.498828 0.686523 0.498828 0.68457 0.498437 0.684082 0.498437 0.683105 0.498047 0.682617 0.498047 0.682129 0.497656 0.681641 0.497656 0.681152 0.497266 0.681152 0.496484 0.680176 0.496094 0.680176 0.495703 0.679688 0.495312 0.679688 0.494922 0.679199 0.494531 0.679199 0.494141 0.678711 0.49375 0.678711 0.493359 0.678223 0.492578 0.678223 0.492188 0.677734 0.491797 0.677734 0.491406 0.677246 0.490625 0.677246 0.490234 0.676758 0.484375 0.676758 0.483984 0.677246 0.482812 0.677246 0.482422 0.677734 0.482031 0.677734 0.481641 0.678223 0.48125 0.678223 0.480859 0.678711 0.480078 0.678711 0.479687 0.679199 0.479297 0.679199 0.478906 0.679688 0.478516 0.679688 0.477344 0.681152 0.477344 0.681641 0.476953 0.682129 0.476953 0.683594
1 0.345313 0.851074 0.344531 0.852051 0.344141 0.852051 0.343359 0.853027 0.343359 0.853516 0.342969 0.854004 0.342969 0.85498 0.342578 0.855469 0.342578 0.856445 0.342187 0.856934 0.342187 0.858887 0.342578 0.859375 0.342578 0.862305 0.342969 0.862793 0.342969 0.864258 0.343359 0.864746 0.343359 0.865723 0.34375 0.866211 0.34375 0.866699 0.344141 0.867188 0.344141 0.867676 0.344531 0.868164 0.344531 0.868652 0.344922 0.869141 0.344922 0.869629 0.346094 0.871094 0.346094 0.871582 0.347656 0.873535 0.348047 0.873535 0.348828 0.874512 0.349219 0.874512 0.349609 0.875 0.35 0.875 0.350391 0.875488 0.350781 0.875488 0.351172 0.875977 0.351562 0.875977 0.352344 0.876953 0.352734 0.876953 0.353125 0.877441 0.355078 0.877441 0.355469 0.87793 0.357031 0.87793 0.357422 0.877441 0.357812 0.877441 0.358594 0.876465 0.358594 0.875488 0.358984 0.875 0.358984 0.874512 0.359375 0.874023 0.359375 0.864746 0.358984 0.864258 0.358984 0.863281 0.358594 0.862793 0.358594 0.861816 0.358203 0.861328 0.358203 0.860352 0.354687 0.855957 0.354297 0.855957 0.353125 0.854492 0.352734 0.854492 0.351562 0.853027 0.351172 0.853027 0.350391 0.852051 0.349609 0.852051 0.349219 0.851562 0.347266 0.851562 0.346875 0.851074
1 0.315234 0.817871 0.314453 0.817871 0.314063 0.818359 0.313672 0.818359 0.312891 0.819336 0.3125 0.819336 0.311719 0.820312 0.311328 0.820312 0.309375 0.822754 0.309375 0.823242 0.308984 0.82373 0.308984 0.824219 0.308594 0.824707 0.308594 0.825195 0.308203 0.825684 0.308203 0.826172 0.307812 0.82666 0.307812 0.827637 0.307422 0.828125 0.307422 0.829102 0.307031 0.82959 0.307031 0.835449 0.306641 0.835938 0.306641 0.839844 0.307031 0.840332 0.307031 0.842285 0.307422 0.842773 0.307422 0.843262 0.308594 0.844727 0.308984 0.844727 0.309375 0.845215 0.311328 0.845215 0.3125 0.84375 0.312891 0.84375 0.313281 0.843262 0.313672 0.843262 0.314063 0.842773 0.314453 0.842773 0.316016 0.84082 0.316016 0.840332 0.316797 0.839355 0.316797 0.838867 0.317188 0.838379 0.317188 0.837891 0.317578 0.837402 0.317578 0.835938 0.317969 0.835449 0.317969 0.833984 0.318359 0.833496 0.318359 0.828125 0.317969 0.827637 0.317969 0.82373 0.318359 0.823242 0.318359 0.822754 0.317969 0.822266 0.317969 0.820312 0.316406 0.818359 0.315625 0.818359
1 0.307422 0.868652 0.307031 0.868652 0.306641 0.868164 0.305859 0.868164 0.305469 0.867676 0.304688 0.867676 0.304297 0.867188 0.299219 0.867188 0.298828 0.867676 0.298047 0.867676 0.297656 0.868164 0.297266 0.868164 0.294141 0.87207 0.294141 0.872559 0.293359 0.873535 0.293359 0.874023 0.291797 0.875977 0.291406 0.875977 0.290625 0.876953 0.290625 0.877441 0.290234 0.87793 0.290234 0.878418 0.289844 0.878906 0.289844 0.879883 0.289453 0.880371 0.289453 0.881836 0.289844 0.882324 0.289844 0.883789 0.290234 0.884277 0.290234 0.884766 0.291016 0.885742 0.291016 0.88623 0.292187 0.887695 0.292187 0.888184 0.292578 0.888672 0.292969 0.888672 0.294531 0.890625 0.296484 0.890625 0.296875 0.891113 0.298438 0.891113 0.298828 0.890625 0.3 0.890625 0.300391 0.890137 0.301172 0.890137 0.301563 0.889648 0.302344 0.889648 0.302734 0.88916 0.303125 0.88916 0.304297 0.887695 0.304297 0.887207 0.305859 0.885254 0.305859 0.884766 0.307812 0.882324 0.307812 0.881836 0.308594 0.880859 0.308594 0.880371 0.308984 0.879883 0.308984 0.878906 0.309375 0.878418 0.309375 0.877441 0.309766 0.876953 0.309766 0.875 0.309375 0.874512 0.309375 0.872559 0.308984 0.87207 0.308984 0.871582 0.308594 0.871094 0.308594 0.870605 0.307422 0.869141
1 0.247656 0.878906 0.246875 0.878906 0.246484 0.878418 0.243359 0.878418 0.242969 0.878906 0.242578 0.878906 0.242188 0.879395 0.241797 0.879395 0.241016 0.880371 0.240625 0.880371 0.238672 0.882812 0.238281 0.882812 0.235547 0.88623 0.235547 0.886719 0.235156 0.887207 0.235156 0.888184 0.234766 0.888672 0.234766 0.889648 0.234375 0.890137 0.234375 0.891113 0.233984 0.891602 0.233984 0.895996 0.234375 0.896484 0.234375 0.897461 0.234766 0.897949 0.234766 0.898438 0.235156 0.898926 0.235156 0.899414 0.236328 0.900879 0.236719 0.900879 0.237109 0.901367 0.237891 0.901367 0.238281 0.901855 0.239063 0.901855 0.239453 0.902344 0.239844 0.902344 0.240234 0.901855 0.241016 0.901855 0.241797 0.900879 0.241797 0.900391 0.242188 0.899902 0.242188 0.899414 0.242578 0.898926 0.242578 0.898438 0.24375 0.896973 0.24375 0.896484 0.245312 0.894531 0.245312 0.894043 0.246094 0.893066 0.246094 0.892578 0.246484 0.89209 0.246484 0.891602 0.247266 0.890625 0.247266 0.890137 0.247656 0.889648 0.247656 0.88916 0.248047 0.888672 0.248047 0.888184 0.248438 0.887695 0.248438 0.886719 0.248828 0.88623 0.248828 0.880371
1 0.228906 0.881348 0.227344 0.881348 0.226562 0.882324 0.226172 0.882324 0.225391 0.883301 0.225 0.883301 0.224219 0.884277 0.224219 0.884766 0.223828 0.885254 0.223828 0.885742 0.221484 0.888672 0.221094 0.888672 0.221094 0.88916 0.219922 0.890625 0.219922 0.891113 0.219531 0.891602 0.219531 0.89209 0.219141 0.892578 0.219141 0.894043 0.21875 0.894531 0.21875 0.896484 0.218359 0.896973 0.218359 0.901367 0.21875 0.901855 0.21875 0.902344 0.219531 0.90332 0.219531 0.903809 0.220312 0.904785 0.220703 0.904785 0.221094 0.905273 0.221875 0.905273 0.222266 0.905762 0.223438 0.905762 0.223828 0.90625 0.225391 0.90625 0.225781 0.905762 0.227344 0.905762 0.227734 0.905273 0.228516 0.905273 0.228906 0.904785 0.229297 0.904785 0.229687 0.904297 0.229687 0.903809 0.230078 0.90332 0.230078 0.902832 0.230469 0.902344 0.230469 0.901855 0.230859 0.901367 0.230859 0.900879 0.23125 0.900391 0.23125 0.898926 0.231641 0.898438 0.231641 0.897461 0.232031 0.896973 0.232031 0.891113 0.232422 0.890625 0.232422 0.888184 0.232031 0.887695 0.232031 0.887207 0.231641 0.886719 0.231641 0.885742 0.23125 0.885254 0.23125 0.884766 0.230859 0.884277 0.230859 0.883789
1 0.279687 0.883789 0.278516 0.885254 0.278516 0.885742 0.278125 0.88623 0.278125 0.886719 0.277734 0.887207 0.277734 0.887695 0.277344 0.888184 0.277344 0.894043 0.277734 0.894531 0.277734 0.895996 0.278125 0.896484 0.278125 0.897461 0.278516 0.897949 0.278516 0.898926 0.278906 0.899414 0.278906 0.899902 0.279297 0.900391 0.279297 0.900879 0.280859 0.902832 0.280859 0.90332 0.282422 0.905273 0.283203 0.905273 0.283594 0.905762 0.285547 0.905762 0.285938 0.90625 0.289062 0.90625 0.289453 0.905762 0.291797 0.905762 0.292187 0.905273 0.292578 0.905273 0.292969 0.904785 0.293359 0.904785 0.294922 0.902832 0.294922 0.902344 0.295312 0.901855 0.295312 0.900879 0.295703 0.900391 0.295703 0.89502 0.295312 0.894531 0.295312 0.893066 0.294922 0.892578 0.294922 0.89209 0.294531 0.891602 0.294531 0.891113 0.292578 0.888672 0.292578 0.888184 0.292187 0.887695 0.291797 0.887695 0.288672 0.883789 0.288281 0.883789 0.287891 0.883301 0.2875 0.883301 0.287109 0.882812 0.286328 0.882812 0.285938 0.882324 0.284766 0.882324 0.284375 0.881836 0.282813 0.881836 0.282422 0.882324 0.282031 0.882324 0.281641 0.882812 0.28125 0.882812 0.280859 0.883301 0.280469 0.883301 0.280078 0.883789
1 0.26875 0.657715 0.26875 0.658691 0.268359 0.65918 0.268359 0.662598 0.26875 0.663086 0.26875 0.665039 0.269141 0.665527 0.269141 0.666992 0.269531 0.66748 0.269531 0.668945 0.269922 0.669434 0.269922 0.67041 0.270313 0.670898 0.270313 0.671875 0.270703 0.672363 0.270703 0.672852 0.271094 0.67334 0.271094 0.673828 0.273047 0.67627 0.273047 0.676758 0.275 0.679199 0.275391 0.679199 0.275781 0.679688 0.276562 0.679688 0.276953 0.680176 0.277734 0.680176 0.278125 0.680664 0.278906 0.680664 0.279297 0.681152 0.280859 0.681152 0.28125 0.680664 0.283203 0.680664 0.283594 0.680176 0.283984 0.680176 0.285547 0.678223 0.285547 0.676758 0.285938 0.67627 0.285938 0.672852 0.285547 0.672363 0.285547 0.671387 0.285156 0.670898 0.285156 0.67041 0.284766 0.669922 0.284766 0.668945 0.284375 0.668457 0.284375 0.66748 0.283984 0.666992 0.283984 0.666504 0.283594 0.666016 0.283594 0.665527 0.281641 0.663086 0.281641 0.662598 0.280859 0.661621 0.280859 0.661133 0.278906 0.658691 0.278516 0.658691 0.278125 0.658203 0.277344 0.658203 0.276953 0.657715 0.276562 0.657715 0.276172 0.657227 0.274219 0.657227 0.273828 0.656738 0.270313 0.656738 0.269922 0.657227 0.269531 0.657227 0.269141 0.657715
1 0.316406 0.556641 0.316016 0.556152 0.316016 0.555176 0.315234 0.554199 0.315234 0.553711 0.314063 0.552246 0.313672 0.552246 0.312891 0.55127 0.3125 0.55127 0.312109 0.550781 0.311328 0.550781 0.310937 0.550293 0.308984 0.550293 0.308594 0.550781 0.30625 0.550781 0.305859 0.55127 0.304688 0.55127 0.304297 0.551758 0.303516 0.551758 0.303125 0.552246 0.302344 0.552246 0.301953 0.552734 0.300781 0.552734 0.300391 0.553223 0.299609 0.553223 0.299219 0.553711 0.298438 0.553711 0.298047 0.554199 0.297656 0.554199 0.297266 0.554688 0.296875 0.554688 0.296484 0.555176 0.296094 0.555176 0.295703 0.555664 0.294922 0.555664 0.292969 0.558105 0.292969 0.558594 0.291797 0.560059 0.291797 0.561523 0.291406 0.562012 0.291406 0.56543 0.292969 0.567383 0.293359 0.567383 0.294141 0.568359 0.294922 0.568359 0.295312 0.568848 0.297656 0.568848 0.298047 0.569336 0.304688 0.569336 0.305078 0.568848 0.306641 0.568848 0.307031 0.568359 0.307812 0.568359 0.308203 0.567871 0.308984 0.567871 0.309375 0.567383 0.309766 0.567383 0.310156 0.566895 0.310547 0.566895 0.310937 0.566406 0.311328 0.566406 0.315625 0.561035 0.315625 0.560547 0.316016 0.560059 0.316016 0.558105 0.316406 0.557617
1 0.0171875 0.76123 0.0164063 0.762207 0.0164063 0.762695 0.015625 0.763672 0.015625 0.764648 0.0152344 0.765137 0.0152344 0.765625 0.0148437 0.766113 0.0148437 0.76709 0.0144531 0.767578 0.0144531 0.772461 0.0148437 0.772949 0.0148437 0.773926 0.0152344 0.774414 0.0152344 0.775391 0.015625 0.775879 0.015625 0.776367 0.0167969 0.777832 0.0167969 0.77832 0.0171875 0.778809 0.0175781 0.778809 0.0179687 0.779297 0.0183594 0.779297 0.01875 0.779785 0.0195312 0.779785 0.0199219 0.780273 0.0207031 0.780273 0.0210938 0.780762 0.0230469 0.780762 0.0234375 0.78125 0.028125 0.78125 0.0285156 0.781738 0.0289063 0.781738 0.0292969 0.78125 0.0300781 0.78125 0.0304687 0.780762 0.0308594 0.780762 0.0316406 0.779785 0.0316406 0.775391 0.03125 0.774902 0.03125 0.773926 0.0308594 0.773438 0.0308594 0.772461 0.0304687 0.771973 0.0304687 0.770996 0.0300781 0.770508 0.0300781 0.769531 0.0296875 0.769043 0.0296875 0.768066 0.0292969 0.767578 0.0292969 0.76709 0.0257812 0.762695 0.0253906 0.762695 0.0246094 0.761719 0.0242188 0.761719 0.0234375 0.760742 0.0230469 0.760742 0.0222656 0.759766 0.0199219 0.759766 0.0195312 0.760254 0.01875 0.760254 0.0183594 0.760742 0.0179687 0.760742 0.0175781 0.76123
1 0.229687 0.864258 0.229687 0.867676 0.230078 0.868164 0.230078 0.869629 0.230859 0.870605 0.230859 0.871094 0.232813 0.873535 0.233203 0.873535 0.233594 0.874023 0.234375 0.874023 0.234766 0.874512 0.236328 0.874512 0.236719 0.875 0.239063 0.875 0.239453 0.875488 0.241016 0.875488 0.241406 0.875 0.242578 0.875 0.242969 0.874512 0.244531 0.874512 0.244922 0.874023 0.246484 0.874023 0.246875 0.873535 0.247656 0.873535 0.248047 0.873047 0.248438 0.873047 0.249219 0.87207 0.249609 0.87207 0.251953 0.869141 0.251953 0.868164 0.252344 0.867676 0.252344 0.866699 0.252734 0.866211 0.252734 0.86377 0.252344 0.863281 0.252344 0.861328 0.251953 0.86084 0.251953 0.860352 0.251172 0.859375 0.250781 0.859375 0.248828 0.856934 0.248047 0.856934 0.247656 0.856445 0.239453 0.856445 0.239063 0.856934 0.237109 0.856934 0.236719 0.857422 0.235937 0.857422 0.235547 0.85791 0.235156 0.85791 0.234766 0.858398 0.234375 0.858398 0.233984 0.858887 0.233203 0.858887 0.232813 0.859375 0.232422 0.859375 0.230859 0.861328 0.230859 0.861816 0.230469 0.862305 0.230469 0.862793 0.230078 0.863281 0.230078 0.86377
1 0.664844 0.727539 0.664453 0.728027 0.664062 0.728027 0.663672 0.728516 0.663281 0.728516 0.6625 0.729492 0.6625 0.72998 0.662109 0.730469 0.662109 0.730957 0.661719 0.731445 0.661719 0.731934 0.661328 0.732422 0.661328 0.733887 0.660937 0.734375 0.660937 0.737793 0.661328 0.738281 0.661328 0.739746 0.661719 0.740234 0.661719 0.741211 0.6625 0.742188 0.6625 0.742676 0.662891 0.743164 0.662891 0.743652 0.663281 0.744141 0.663281 0.744629 0.663672 0.745117 0.663672 0.745605 0.664062 0.746094 0.664062 0.746582 0.664453 0.74707 0.664453 0.747559 0.664844 0.748047 0.664844 0.748535 0.665625 0.749512 0.665625 0.75 0.666406 0.750977 0.666797 0.750977 0.668359 0.75293 0.66875 0.75293 0.669141 0.753418 0.669531 0.753418 0.669922 0.753906 0.672656 0.753906 0.673047 0.753418 0.674219 0.753418 0.674609 0.75293 0.675 0.75293 0.675391 0.752441 0.675391 0.751953 0.675781 0.751465 0.675781 0.75 0.676172 0.749512 0.676172 0.748047 0.676562 0.747559 0.676562 0.743164 0.676172 0.742676 0.676172 0.740723 0.675781 0.740234 0.675781 0.739258 0.675391 0.73877 0.675391 0.738281 0.675 0.737793 0.675 0.736816 0.674609 0.736328 0.674609 0.73584 0.673438 0.734375 0.673047 0.734375 0.671875 0.73291 0.671875 0.732422 0.669531 0.729492 0.669141 0.729492 0.668359 0.728516 0.667969 0.728516 0.667578 0.728027 0.667188 0.728027 0.666797 0.727539
1 0.736719 0.404785 0.736719 0.405273 0.736328 0.405762 0.736328 0.40625 0.735938 0.406738 0.735938 0.412598 0.736328 0.413086 0.736328 0.413574 0.738281 0.416016 0.738672 0.416016 0.739453 0.416992 0.739844 0.416992 0.740234 0.41748 0.741016 0.41748 0.741406 0.417969 0.741797 0.417969 0.742188 0.418457 0.742969 0.418457 0.743359 0.418945 0.74375 0.418945 0.744141 0.419434 0.746094 0.419434 0.746484 0.419922 0.748828 0.419922 0.749219 0.419434 0.75 0.419434 0.750391 0.418945 0.750781 0.418945 0.752344 0.416992 0.752344 0.416504 0.752734 0.416016 0.752734 0.415039 0.753125 0.414551 0.753125 0.412598 0.753516 0.412109 0.753516 0.411133 0.753125 0.410645 0.753125 0.408203 0.752734 0.407715 0.752734 0.407227 0.750781 0.404785 0.750391 0.404785 0.748828 0.402832 0.748437 0.402832 0.748047 0.402344 0.747656 0.402344 0.747266 0.401855 0.746094 0.401855 0.745703 0.401367 0.740625 0.401367 0.740234 0.401855 0.739453 0.401855 0.738672 0.402832 0.738281 0.402832
1 0.653906 0.353516 0.650391 0.353516 0.65 0.354004 0.649219 0.354004 0.648438 0.35498 0.648047 0.35498 0.647656 0.355469 0.647266 0.355469 0.646094 0.356934 0.645703 0.356934 0.644141 0.358887 0.644141 0.359375 0.642969 0.36084 0.642969 0.36377 0.642578 0.364258 0.642578 0.365234 0.642969 0.365723 0.642969 0.368164 0.643359 0.368652 0.643359 0.369629 0.644141 0.370605 0.644141 0.371094 0.645703 0.373047 0.646094 0.373047 0.646484 0.373535 0.647266 0.373535 0.647656 0.374023 0.652734 0.374023 0.653125 0.373535 0.653906 0.373535 0.654297 0.373047 0.654687 0.373047 0.655859 0.371582 0.655859 0.371094 0.656641 0.370117 0.656641 0.369629 0.657031 0.369141 0.657031 0.368164 0.657813 0.367188 0.657813 0.366699 0.658203 0.366211 0.658203 0.364258 0.658594 0.36377 0.658594 0.36084 0.658203 0.360352 0.658203 0.359863 0.657813 0.359375 0.657813 0.358398 0.657422 0.35791 0.657422 0.357422 0.654687 0.354004 0.654297 0.354004
1 0.235547 0.0649414 0.235547 0.065918 0.235156 0.0664062 0.235156 0.0683594 0.234766 0.0688477 0.234766 0.0703125 0.235156 0.0708008 0.235156 0.0732422 0.235547 0.0737305 0.235547 0.074707 0.235937 0.0751953 0.235937 0.0756836 0.237109 0.0771484 0.2375 0.0771484 0.237891 0.0776367 0.238281 0.0776367 0.238672 0.078125 0.239063 0.078125 0.239453 0.0786133 0.240234 0.0786133 0.240625 0.0791016 0.242188 0.0791016 0.242578 0.0795898 0.24375 0.0795898 0.244141 0.0800781 0.245312 0.0800781 0.245703 0.0805664 0.251563 0.0805664 0.251953 0.0800781 0.252344 0.0800781 0.252734 0.0795898 0.253125 0.0795898 0.254297 0.078125 0.254688 0.078125 0.25625 0.0761719 0.25625 0.0756836 0.256641 0.0751953 0.256641 0.0737305 0.257031 0.0732422 0.257031 0.0712891 0.256641 0.0708008 0.256641 0.0698242 0.25625 0.0693359 0.25625 0.0688477 0.255469 0.0678711 0.255469 0.0673828 0.255078 0.0673828 0.254688 0.0668945 0.254297 0.0668945 0.253516 0.065918 0.253125 0.065918 0.252344 0.0649414 0.251563 0.0649414 0.251172 0.0644531 0.25 0.0644531 0.249609 0.0639648 0.247656 0.0639648 0.247266 0.0634766 0.238281 0.0634766 0.237891 0.0639648 0.236328 0.0639648
1 0.412891 0.286621 0.4125 0.286621 0.412109 0.286133 0.409766 0.286133 0.409375 0.285645 0.408594 0.285645 0.408203 0.286133 0.407031 0.286133 0.406641 0.286621 0.405859 0.286621 0.405469 0.287109 0.404687 0.287109 0.404297 0.287598 0.403516 0.287598 0.403125 0.288086 0.402734 0.288086 0.402344 0.288574 0.401562 0.288574 0.401172 0.289062 0.400391 0.289062 0.4 0.289551 0.399609 0.289551 0.398828 0.290527 0.398828 0.291016 0.398438 0.291504 0.398438 0.291992 0.398047 0.29248 0.398047 0.292969 0.397656 0.293457 0.397656 0.293945 0.397266 0.294434 0.397266 0.29541 0.396875 0.295898 0.396875 0.296875 0.396484 0.297363 0.396484 0.303223 0.396875 0.303711 0.396875 0.304199 0.397656 0.305176 0.397656 0.305664 0.398438 0.306641 0.398828 0.306641 0.399219 0.307129 0.4 0.307129 0.400391 0.307617 0.404297 0.307617 0.404687 0.307129 0.405859 0.307129 0.40625 0.306641 0.406641 0.306641 0.407031 0.306152 0.407813 0.306152 0.408594 0.305176 0.408984 0.305176 0.409766 0.304199 0.410156 0.304199 0.4125 0.30127 0.4125 0.300781 0.413281 0.299805 0.413281 0.298828 0.413672 0.29834 0.413672 0.296875 0.414062 0.296387 0.414062 0.294922 0.414453 0.294434 0.414453 0.289551 0.414062 0.289062 0.414062 0.288574 0.413281 0.287598 0.413281 0.287109
1 0.473828 0.162598 0.473047 0.163574 0.472656 0.163574 0.472266 0.164062 0.471875 0.164062 0.471484 0.164551 0.471094 0.164551 0.469922 0.166016 0.469922 0.166504 0.469531 0.166992 0.469531 0.167969 0.469141 0.168457 0.469141 0.168945 0.46875 0.169434 0.46875 0.17041 0.468359 0.170898 0.468359 0.172363 0.467969 0.172852 0.467969 0.182129 0.468359 0.182617 0.468359 0.183594 0.46875 0.184082 0.46875 0.185059 0.469141 0.185547 0.469141 0.186035 0.470703 0.187988 0.471094 0.187988 0.471484 0.188477 0.471875 0.188477 0.472266 0.188965 0.473047 0.188965 0.473438 0.189453 0.476562 0.189453 0.476953 0.188965 0.478125 0.188965 0.478516 0.188477 0.478906 0.188477 0.479297 0.187988 0.479687 0.187988 0.48125 0.186035 0.48125 0.185547 0.481641 0.185059 0.481641 0.18457 0.482031 0.184082 0.482031 0.183105 0.482422 0.182617 0.482422 0.181641 0.482812 0.181152 0.482812 0.178711 0.483203 0.178223 0.483203 0.17041 0.482812 0.169922 0.482812 0.168457 0.482422 0.167969 0.482422 0.166504 0.480469 0.164062 0.480078 0.164062 0.479687 0.163574 0.479297 0.163574 0.478906 0.163086 0.478516 0.163086 0.478125 0.162598
1 0.0777344 0.806641 0.0773438 0.806641 0.0769531 0.806152 0.0765625 0.806152 0.0761719 0.805664 0.0730469 0.805664 0.0726563 0.806152 0.0714844 0.806152 0.0710937 0.806641 0.0707031 0.806641 0.06875 0.809082 0.0683594 0.809082 0.0640625 0.814453 0.0640625 0.814941 0.0636719 0.81543 0.0636719 0.816406 0.0632812 0.816895 0.0632812 0.817871 0.0628906 0.818359 0.0628906 0.819336 0.0625 0.819824 0.0625 0.820312 0.0621094 0.820801 0.0621094 0.821289 0.0617188 0.821777 0.0617188 0.82373 0.0613281 0.824219 0.0613281 0.827637 0.0617188 0.828125 0.0617188 0.828613 0.0625 0.82959 0.0628906 0.82959 0.0632812 0.830078 0.06875 0.830078 0.0691406 0.82959 0.0703125 0.82959 0.0707031 0.829102 0.071875 0.829102 0.0722656 0.828613 0.0730469 0.828613 0.0734375 0.828125 0.0738281 0.828125 0.0742188 0.827637 0.0746094 0.827637 0.075 0.827148 0.0753906 0.827148 0.0765625 0.825684 0.0765625 0.825195 0.0769531 0.824707 0.0769531 0.824219 0.0773438 0.82373 0.0773438 0.823242 0.0777344 0.822754 0.0777344 0.821289 0.078125 0.820801 0.078125 0.819824 0.0785156 0.819336 0.0785156 0.817871 0.0789062 0.817383 0.0789062 0.813477 0.0792969 0.812988 0.0792969 0.810547 0.0789062 0.810059 0.0789062 0.809082 0.078125 0.808105 0.078125 0.807617 0.0777344 0.807129
1 0.721875 0.87207 0.717187 0.87207 0.716797 0.872559 0.716406 0.872559 0.716016 0.873047 0.715625 0.873047 0.715234 0.873535 0.714844 0.873535 0.714453 0.874023 0.714063 0.874023 0.713672 0.874512 0.713281 0.874512 0.711719 0.876465 0.711719 0.877441 0.711328 0.87793 0.711328 0.882324 0.711719 0.882812 0.711719 0.884277 0.712109 0.884766 0.712109 0.885254 0.7125 0.885742 0.712891 0.885742 0.713672 0.886719 0.714063 0.886719 0.714453 0.887207 0.714844 0.887207 0.715234 0.887695 0.715625 0.887695 0.716016 0.888184 0.71875 0.888184 0.719141 0.887695 0.720703 0.887695 0.721094 0.887207 0.721484 0.887207 0.723437 0.884766 0.723437 0.884277 0.723828 0.883789 0.723828 0.883301 0.724219 0.882812 0.724219 0.882324 0.724609 0.881836 0.724609 0.880371 0.725 0.879883 0.725 0.876465 0.724609 0.875977 0.724609 0.875488 0.724219 0.875 0.724219 0.874512 0.723047 0.873047 0.722656 0.873047
1 0.730078 0.797852 0.730078 0.80127 0.730469 0.801758 0.730469 0.803223 0.731641 0.804688 0.732031 0.804688 0.732812 0.805664 0.733203 0.805664 0.733594 0.806152 0.733984 0.806152 0.734375 0.806641 0.734766 0.806641 0.735156 0.807129 0.735547 0.807129 0.735938 0.807617 0.736719 0.807617 0.737109 0.808105 0.737891 0.808105 0.738281 0.808594 0.739062 0.808594 0.739453 0.809082 0.745313 0.809082 0.745703 0.808594 0.746875 0.808594 0.747266 0.808105 0.748047 0.808105 0.748437 0.807617 0.748828 0.807617 0.752344 0.803223 0.752344 0.802734 0.752734 0.802246 0.752734 0.800293 0.753125 0.799805 0.753125 0.798828 0.752734 0.79834 0.752734 0.797363 0.751563 0.795898 0.751563 0.79541 0.749609 0.792969 0.749219 0.792969 0.748437 0.791992 0.748047 0.791992 0.747656 0.791504 0.747266 0.791504 0.746875 0.791016 0.746094 0.791016 0.745703 0.790527 0.738281 0.790527 0.737891 0.791016 0.736328 0.791016 0.735938 0.791504 0.735547 0.791504 0.735156 0.791992 0.734766 0.791992 0.734375 0.79248 0.733984 0.79248 0.733594 0.792969 0.733203 0.792969 0.732812 0.793457 0.732422 0.793457 0.730859 0.79541 0.730859 0.796387 0.730469 0.796875 0.730469 0.797363
1 0.810156 0.691895 0.809375 0.691895 0.808984 0.691406 0.808203 0.691406 0.807813 0.690918 0.80625 0.690918 0.805859 0.69043 0.801953 0.69043 0.801562 0.690918 0.800781 0.690918 0.800391 0.691406 0.799219 0.691406 0.798828 0.691895 0.798438 0.691895 0.797656 0.692871 0.797656 0.693359 0.797266 0.693848 0.797266 0.694336 0.796875 0.694824 0.796875 0.695312 0.796484 0.695801 0.796484 0.696289 0.796094 0.696777 0.796094 0.697266 0.795703 0.697754 0.795703 0.69873 0.795312 0.699219 0.795312 0.700195 0.794922 0.700684 0.794922 0.702148 0.794531 0.702637 0.794531 0.70459 0.794141 0.705078 0.794141 0.708984 0.794531 0.709473 0.794531 0.710449 0.794922 0.710938 0.794922 0.711426 0.795703 0.712402 0.796094 0.712402 0.796484 0.712891 0.797266 0.712891 0.797656 0.713379 0.799219 0.713379 0.799609 0.712891 0.8 0.712891 0.800781 0.711914 0.801172 0.711914 0.801562 0.711426 0.801953 0.711426 0.802734 0.710449 0.803125 0.710449 0.810937 0.700684 0.810937 0.700195 0.811328 0.699707 0.811328 0.69873 0.811719 0.698242 0.811719 0.695312 0.811328 0.694824 0.811328 0.693359
1 0.476172 0.87793 0.474609 0.879883 0.474609 0.880371 0.474219 0.880859 0.474219 0.882324 0.473828 0.882812 0.473828 0.887695 0.474219 0.888184 0.474219 0.889648 0.474609 0.890137 0.474609 0.891113 0.475 0.891602 0.475 0.89209 0.475391 0.892578 0.475391 0.893066 0.475781 0.893555 0.475781 0.894043 0.476172 0.894531 0.476172 0.89502 0.476562 0.895508 0.476562 0.895996 0.476953 0.896484 0.476953 0.896973 0.478125 0.898438 0.478516 0.898438 0.478906 0.898926 0.479297 0.898926 0.479687 0.899414 0.480078 0.899414 0.480469 0.899902 0.480859 0.899902 0.48125 0.900391 0.482031 0.900391 0.482422 0.900879 0.483594 0.900879 0.483984 0.900391 0.486328 0.900391 0.486719 0.899902 0.487109 0.899902 0.4875 0.899414 0.487891 0.899414 0.488672 0.898438 0.488672 0.897949 0.489063 0.897461 0.489063 0.896484 0.489453 0.895996 0.489453 0.891602 0.489063 0.891113 0.489063 0.890137 0.488672 0.889648 0.488672 0.888672 0.488281 0.888184 0.488281 0.886719 0.487891 0.88623 0.487891 0.884766 0.487109 0.883789 0.487109 0.883301 0.483203 0.878418 0.482812 0.878418 0.482422 0.87793 0.482031 0.87793 0.481641 0.877441 0.480078 0.877441 0.479687 0.876953 0.477734 0.876953 0.477344 0.877441 0.476953 0.877441 0.476562 0.87793
2 0.826562 0.307129 0.825781 0.308105 0.825781 0.308594 0.825391 0.309082 0.825391 0.30957 0.825 0.310059 0.825 0.312012 0.824609 0.3125 0.824609 0.318359 0.825 0.318848 0.825 0.321289 0.825391 0.321777 0.825391 0.323242 0.825781 0.32373 0.825781 0.324707 0.826172 0.325195 0.826172 0.325684 0.826562 0.326172 0.826562 0.32666 0.830078 0.331055 0.830469 0.331055 0.830859 0.331543 0.831641 0.331543 0.832031 0.332031 0.832812 0.332031 0.833203 0.33252 0.833984 0.33252 0.834375 0.333008 0.835938 0.333008 0.836328 0.333496 0.839063 0.333496 0.839453 0.333008 0.839844 0.333008 0.841797 0.330566 0.841797 0.328613 0.841406 0.328125 0.841406 0.326172 0.841016 0.325684 0.841016 0.324219 0.840625 0.32373 0.840625 0.322266 0.840234 0.321777 0.840234 0.321289 0.839844 0.320801 0.839844 0.320312 0.839063 0.319336 0.839063 0.318848 0.838672 0.318359 0.838672 0.317871 0.838281 0.317383 0.838281 0.316895 0.837891 0.316406 0.837891 0.315918 0.8375 0.31543 0.8375 0.314941 0.837109 0.314453 0.837109 0.313965 0.836328 0.312988 0.836328 0.3125 0.835547 0.311523 0.835547 0.311035 0.835156 0.310547 0.835156 0.310059 0.834375 0.309082 0.834375 0.308594 0.833984 0.308105 0.833594 0.308105 0.833203 0.307617 0.832812 0.307617 0.832422 0.307129 0.831641 0.307129 0.83125 0.306641 0.828516 0.306641 0.828125 0.307129
2 0.776563 0.677734 0.776172 0.677246 0.776172 0.676758 0.775781 0.676758 0.775 0.675781 0.774609 0.675781 0.774219 0.675293 0.773828 0.675293 0.773438 0.674805 0.773047 0.674805 0.772656 0.674316 0.771875 0.674316 0.771484 0.673828 0.766406 0.673828 0.766016 0.674316 0.765234 0.674316 0.764844 0.674805 0.764453 0.674805 0.764062 0.675293 0.763672 0.675293 0.763281 0.675781 0.762891 0.675781 0.762109 0.676758 0.761719 0.676758 0.761328 0.677246 0.760938 0.677246 0.760547 0.677734 0.760156 0.677734 0.759375 0.678711 0.758984 0.678711 0.758203 0.679688 0.757812 0.679688 0.757422 0.680176 0.757031 0.680176 0.75625 0.681152 0.755859 0.681152 0.755859 0.681641 0.755469 0.682129 0.755469 0.683594 0.755078 0.684082 0.755078 0.686035 0.756641 0.687988 0.757422 0.687988 0.757812 0.688477 0.7625 0.688477 0.762891 0.687988 0.764453 0.687988 0.764844 0.6875 0.766797 0.6875 0.767188 0.687012 0.769922 0.687012 0.770312 0.686523 0.772266 0.686523 0.772656 0.686035 0.773047 0.686035 0.773438 0.685547 0.773828 0.685547 0.775 0.684082 0.775391 0.684082 0.776563 0.682617
2 0.455469 0.86377 0.455078 0.86377 0.454688 0.863281 0.454297 0.863281 0.453906 0.862793 0.453516 0.862793 0.453125 0.862305 0.452734 0.862305 0.452344 0.861816 0.447656 0.861816 0.447266 0.862305 0.446484 0.862305 0.445703 0.863281 0.445312 0.863281 0.444531 0.864258 0.444141 0.864258 0.44375 0.864746 0.443359 0.864746 0.442188 0.866211 0.441797 0.866211 0.441016 0.867188 0.440625 0.867188 0.440234 0.867676 0.439844 0.867676 0.4375 0.870605 0.4375 0.871094 0.435937 0.873047 0.435937 0.873535 0.435547 0.874023 0.435547 0.874512 0.435156 0.875 0.435156 0.875977 0.434766 0.876465 0.434766 0.878418 0.435156 0.878906 0.435156 0.880859 0.435547 0.881348 0.435547 0.881836 0.437109 0.883789 0.437109 0.884277 0.438672 0.88623 0.439063 0.88623 0.439844 0.887207 0.440234 0.887207 0.440625 0.887695 0.441016 0.887695 0.441406 0.888184 0.441797 0.888184 0.442188 0.888672 0.442969 0.888672 0.443359 0.88916 0.444141 0.88916 0.444531 0.888672 0.445703 0.888672 0.446094 0.888184 0.446875 0.888184 0.447266 0.887695 0.448047 0.887695 0.448437 0.887207 0.448828 0.887207 0.449219 0.886719 0.449609 0.886719 0.45 0.88623 0.450391 0.88623 0.450781 0.885742 0.451172 0.885742 0.453125 0.883301 0.453516 0.883301 0.455078 0.881348 0.455469 0.881348 0.458203 0.87793 0.458594 0.87793 0.458984 0.877441 0.458984 0.875977 0.458594 0.875488 0.458594 0.875 0.457813 0.874023 0.457813 0.873535 0.457422 0.873047 0.457422 0.872559 0.457031 0.87207 0.457031 0.870605 0.456641 0.870117 0.456641 0.865723 0.45625 0.865234 0.45625 0.864746
2 0.55 0.83252 0.549609 0.833008 0.548828 0.833008 0.548438 0.833496 0.548047 0.833496 0.546875 0.834961 0.546484 0.834961 0.545312 0.836426 0.544922 0.836426 0.544141 0.837402 0.544141 0.837891 0.54375 0.838379 0.54375 0.838867 0.542969 0.839844 0.542969 0.840332 0.541797 0.841797 0.541797 0.842285 0.541406 0.842773 0.541406 0.843262 0.541016 0.84375 0.541016 0.844238 0.540625 0.844727 0.540625 0.847168 0.541016 0.847656 0.541016 0.848145 0.541797 0.849121 0.542188 0.849121 0.542578 0.849609 0.542969 0.849609 0.543359 0.850098 0.544141 0.850098 0.544531 0.850586 0.545703 0.850586 0.546094 0.851074 0.546875 0.851074 0.547266 0.851562 0.548047 0.851562 0.548438 0.852051 0.548828 0.852051 0.549609 0.853027 0.55 0.853027 0.550391 0.853516 0.550781 0.853516 0.551172 0.854004 0.553125 0.854004 0.553906 0.853027 0.553906 0.852539 0.555469 0.850586 0.555469 0.850098 0.556641 0.848633 0.556641 0.848145 0.557813 0.84668 0.557813 0.845703 0.558203 0.845215 0.558203 0.843262 0.558594 0.842773 0.558594 0.837402 0.558203 0.836914 0.558203 0.836426 0.55625 0.833984 0.555859 0.833984 0.555469 0.833496 0.554688 0.833496 0.554297 0.833008 0.553906 0.833008 0.553516 0.83252
2 0.791016 0.869629 0.790625 0.870117 0.790625 0.870605 0.790234 0.871094 0.790234 0.875 0.790625 0.875488 0.790625 0.876465 0.791016 0.876953 0.791016 0.877441 0.792188 0.878906 0.792188 0.879395 0.794531 0.882324 0.794922 0.882324 0.795703 0.883301 0.796094 0.883301 0.797266 0.884766 0.797656 0.884766 0.798438 0.885742 0.798828 0.885742 0.799219 0.88623 0.8 0.88623 0.800391 0.886719 0.801172 0.886719 0.801562 0.887207 0.803516 0.887207 0.804688 0.885742 0.804688 0.883301 0.804297 0.882812 0.804297 0.881836 0.803906 0.881348 0.803906 0.880859 0.803516 0.880371 0.803516 0.879883 0.801172 0.876953 0.800781 0.876953 0.800391 0.876465 0.8 0.876465 0.799609 0.875977 0.799219 0.875977 0.798828 0.875488 0.798438 0.875488 0.798047 0.875 0.797656 0.875 0.797266 0.874512 0.796875 0.874512 0.795703 0.873047 0.795703 0.872559 0.794922 0.871582 0.794531 0.871582 0.794141 0.871094 0.79375 0.871094 0.793359 0.870605 0.792969 0.870605 0.792578 0.870117 0.792188 0.870117 0.791797 0.869629
