2 0.604297 0.134766 0.602344 0.134766 0.600391 0.13623 0.598047 0.13916 0.596484 0.142578 0.594531 0.150391 0.593359 0.161133 0.591797 0.16748 0.591016 0.17334 0.591406 0.180176 0.59375 0.187012 0.596094 0.189453 0.600391 0.189453 0.605078 0.18457 0.607812 0.178223 0.609375 0.170898 0.609766 0.153809 0.607031 0.139648
2 0.725 0.589355 0.720313 0.590332 0.715234 0.594727 0.711328 0.603027 0.708203 0.61377 0.708203 0.620605 0.710156 0.623535 0.712109 0.629883 0.714453 0.631836 0.717187 0.631836 0.720313 0.628906 0.725391 0.620117 0.729297 0.600586 0.729297 0.594238 0.727344 0.59082
2 0.887891 0.0131836 0.886719 0.0141602 0.884766 0.019043 0.884375 0.0224609 0.885156 0.0273438 0.888281 0.0336914 0.892188 0.0380859 0.896484 0.0380859 0.897266 0.0366211 0.897656 0.0332031 0.894531 0.0195312 0.892188 0.0151367 0.889844 0.0131836
2 0.508594 0.183105 0.507812 0.185547 0.508984 0.188477 0.521875 0.205078 0.528906 0.210938 0.531641 0.211914 0.542578 0.211914 0.542969 0.20752 0.542188 0.20459 0.536328 0.196777 0.528906 0.189941 0.522266 0.185059 0.517578 0.182617 0.514453 0.181641 0.510156 0.181641
2 0.0765625 0.0947266 0.0769531 0.097168 0.0800781 0.100586 0.0878906 0.104004 0.0949219 0.105957 0.1 0.104492 0.103516 0.100098 0.104688 0.0966797 0.104688 0.0952148 0.102734 0.0927734 0.100391 0.0913086 0.0949219 0.0893555 0.0886719 0.0883789 0.0796875 0.0898438 0.0773438 0.0922852
2 0.0289063 0.358398 0.0265625 0.357422 0.0242188 0.35791 0.0179687 0.365723 0.0164063 0.369629 0.0152344 0.376465 0.015625 0.381348 0.0167969 0.383789 0.0183594 0.384277 0.021875 0.380371 0.0242188 0.374512 0.0269531 0.370117 0.0296875 0.362793 0.0296875 0.360352
1 0.707422 0.0532227 0.703906 0.0537109 0.701562 0.0571289 0.698438 0.0693359 0.698438 0.0830078 0.7 0.0917969 0.701562 0.0952148 0.703906 0.0961914 0.70625 0.0957031 0.708594 0.0927734 0.710156 0.0883789 0.711328 0.0810547 0.710938 0.0595703 0.709766 0.0551758
1 0.616797 0.0834961 0.615234 0.0805664 0.613281 0.0795898 0.611719 0.0776367 0.603516 0.078125 0.599219 0.081543 0.595703 0.0830078 0.593359 0.0859375 0.586328 0.0908203 0.582812 0.0961914 0.582812 0.100098 0.584375 0.102539 0.586719 0.104004 0.592969 0.104004 0.598828 0.101562 0.603125 0.0976562 0.607812 0.0947266 0.614062 0.0888672
1 0.974219 0.265137 0.971094 0.26709 0.969531 0.27002 0.968359 0.274414 0.968359 0.282715 0.969922 0.294922 0.971484 0.30127 0.973828 0.305176 0.975781 0.305664 0.979297 0.304688 0.982031 0.299805 0.982422 0.286621 0.980078 0.268066 0.978516 0.265625
1 0.654687 0.577637 0.650391 0.577637 0.647266 0.580078 0.642188 0.588379 0.640625 0.600586 0.640625 0.606445 0.642188 0.609375 0.647266 0.609375 0.651172 0.606934 0.655078 0.601074 0.657031 0.59082 0.657422 0.582031 0.657031 0.580078
1 0.561328 0.470703 0.560547 0.470703 0.558594 0.474121 0.55625 0.483398 0.553906 0.49707 0.553516 0.513672 0.553906 0.51709 0.555859 0.519043 0.560547 0.517578 0.563281 0.513672 0.566797 0.501465 0.566797 0.493652 0.564453 0.474609
1 0.567578 0.664551 0.567578 0.669922 0.568359 0.670898 0.581641 0.67627 0.593359 0.674805 0.598828 0.671387 0.601172 0.66748 0.601172 0.665039 0.599219 0.661621 0.591797 0.65625 0.586719 0.654785 0.571484 0.655762 0.569531 0.657715
1 0.601953 0.728027 0.601953 0.729004 0.603516 0.730957 0.612109 0.736328 0.617578 0.737793 0.623828 0.737793 0.629687 0.736328 0.632812 0.73291 0.633594 0.730469 0.633594 0.727539 0.632031 0.725586 0.628516 0.723633 0.622656 0.722168 0.614062 0.722656 0.603906 0.726074
1 0.469141 0.907715 0.467187 0.905273 0.464062 0.903809 0.457031 0.903809 0.447266 0.906738 0.445703 0.907715 0.443359 0.911133 0.442578 0.913574 0.442578 0.917969 0.443359 0.92041 0.447266 0.925293 0.454297 0.924805 0.462891 0.920898 0.466797 0.917969 0.469531 0.912598
1 0.469922 0.95459 0.469141 0.958008 0.469531 0.963867 0.473047 0.96875 0.477734 0.972656 0.484375 0.975586 0.487891 0.975586 0.491016 0.974121 0.492578 0.972168 0.49375 0.967285 0.492969 0.962891 0.489063 0.95752 0.485938 0.95459 0.482031 0.952637 0.476562 0.951172 0.473828 0.951172
1 0.380078 0.770508 0.377344 0.773438 0.375781 0.776855 0.374219 0.782227 0.373437 0.792969 0.376953 0.813477 0.380078 0.819824 0.38125 0.820312 0.382031 0.819336 0.383984 0.811035 0.3875 0.804199 0.3875 0.791016 0.385937 0.783691 0.383203 0.777832 0.382422 0.773926 0.38125 0.770996
1 0.208594 0.945312 0.208203 0.950195 0.210156 0.956543 0.2125 0.961914 0.217188 0.967773 0.221484 0.970703 0.227344 0.972656 0.233984 0.972168 0.237891 0.970215 0.238672 0.966309 0.2375 0.963867 0.232031 0.95752 0.226172 0.952637 0.222266 0.948242 0.216797 0.944336 0.214062 0.943359 0.211719 0.943359
1 0.294531 0.451172 0.291016 0.450684 0.283203 0.456055 0.279687 0.459961 0.275781 0.462402 0.269141 0.470215 0.267188 0.473633 0.266406 0.477051 0.264062 0.481934 0.263672 0.487793 0.264453 0.489746 0.268359 0.490234 0.271875 0.487793 0.287891 0.47168 0.294922 0.459473 0.295312 0.452637
1 0.246094 0.278809 0.246484 0.289062 0.248438 0.306152 0.250781 0.3125 0.254297 0.317871 0.255078 0.322266 0.255859 0.323242 0.257031 0.323242 0.259375 0.321289 0.260937 0.31543 0.260937 0.305176 0.260156 0.297852 0.256641 0.286133 0.248438 0.27832
1 0.157422 0.122559 0.156641 0.125488 0.157422 0.132324 0.165625 0.14209 0.173828 0.150391 0.181641 0.15332 0.190234 0.15332 0.191797 0.151367 0.191797 0.149414 0.185938 0.139648 0.184375 0.134766 0.181641 0.132812 0.179297 0.129883 0.166406 0.121094 0.161719 0.120605
1 0.609766 0.0732422 0.619141 0.0732422 0.623047 0.074707 0.627734 0.0717773 0.641797 0.0693359 0.645703 0.0654297 0.645703 0.0639648 0.643359 0.0605469 0.6375 0.0581055 0.636719 0.0571289 0.63125 0.0556641 0.625781 0.0556641 0.618359 0.0595703 0.614062 0.0634766 0.610547 0.0678711
1 0.492188 0.212402 0.493359 0.216797 0.498828 0.222656 0.502734 0.230957 0.506641 0.234375 0.510156 0.23584 0.514844 0.236328 0.521875 0.234375 0.525 0.231934 0.524609 0.227051 0.520703 0.222656 0.516406 0.219727 0.5125 0.218262 0.505469 0.213867 0.499219 0.211914 0.493359 0.211426
1 0.547266 0.375977 0.547266 0.379883 0.548828 0.384277 0.555469 0.39209 0.562109 0.396484 0.570312 0.396484 0.575 0.393555 0.577344 0.389648 0.577344 0.38623 0.576172 0.383789 0.567187 0.377441 0.553516 0.373047 0.548828 0.373535
1 0.523828 0.508789 0.523438 0.51123 0.524609 0.516113 0.530078 0.521973 0.533594 0.527344 0.536328 0.529785 0.540234 0.530762 0.544531 0.530273 0.548438 0.526367 0.549609 0.522461 0.549219 0.520508 0.545703 0.51709 0.539844 0.513672 0.535547 0.509766 0.529297 0.506348 0.526172 0.506348
1 0.8 0.764648 0.798047 0.765137 0.796484 0.767578 0.795703 0.771484 0.792969 0.778809 0.791797 0.791992 0.792969 0.799316 0.794531 0.80127 0.795703 0.80127 0.798438 0.799316 0.803125 0.792969 0.80625 0.787109 0.808203 0.780273 0.808203 0.775391 0.807422 0.772461 0.802734 0.765625
1 0.782422 0.73877 0.779687 0.742676 0.778125 0.747559 0.778906 0.760742 0.781641 0.771484 0.786328 0.776367 0.788281 0.776367 0.791797 0.772949 0.793359 0.768066 0.792578 0.763672 0.792578 0.758789 0.790625 0.751465 0.789062 0.748047 0.787891 0.741211 0.786328 0.739258
1 0.375781 0.958496 0.373437 0.955078 0.370703 0.954102 0.360938 0.95459 0.357812 0.956055 0.352734 0.956543 0.345703 0.959473 0.343359 0.962891 0.342969 0.966797 0.34375 0.969727 0.345313 0.97168 0.349219 0.972656 0.352734 0.974609 0.362109 0.976074 0.368359 0.975586 0.373437 0.97168 0.375391 0.966309
1 0.819141 0.315918 0.817969 0.315918 0.814453 0.318848 0.812109 0.328613 0.811328 0.334961 0.811719 0.341797 0.814063 0.345215 0.817187 0.346191 0.81875 0.345703 0.826172 0.335449 0.827344 0.330566 0.827344 0.325195 0.826562 0.321289 0.823438 0.317871
1 0.954688 0.736328 0.955078 0.740234 0.9625 0.745605 0.966797 0.746582 0.975391 0.74707 0.980859 0.746094 0.983594 0.744629 0.985938 0.741211 0.985938 0.739258 0.983594 0.735352 0.970703 0.730469 0.961328 0.730469 0.957812 0.732422
1 0.50625 0.69873 0.501953 0.699219 0.494922 0.704102 0.487891 0.712891 0.484375 0.722656 0.483984 0.725586 0.485156 0.72998 0.488672 0.732422 0.491406 0.732422 0.498828 0.726074 0.504297 0.717773 0.506641 0.712891 0.507812 0.707031 0.507812 0.70166
1 0.493359 0.59668 0.490234 0.597656 0.486328 0.604004 0.484766 0.610352 0.484766 0.623535 0.486328 0.631836 0.489063 0.637695 0.493359 0.643066 0.498047 0.644043 0.498828 0.643555 0.499219 0.641113 0.497656 0.631348 0.497656 0.615234 0.496484 0.604492 0.496484 0.598633 0.495312 0.597168
1 0.343359 0.47998 0.341406 0.482422 0.340234 0.48584 0.340234 0.491699 0.341406 0.495117 0.344922 0.5 0.35 0.503418 0.352344 0.504395 0.355859 0.504395 0.358203 0.503418 0.360547 0.49707 0.360156 0.493652 0.357422 0.487305 0.349609 0.479004 0.345313 0.478516
1 0.119531 0.0957031 0.117969 0.0981445 0.117969 0.104004 0.119141 0.10791 0.125 0.116699 0.126562 0.120117 0.132422 0.126465 0.135547 0.131836 0.138672 0.134766 0.142578 0.134277 0.14375 0.131836 0.14375 0.125 0.140625 0.116699 0.139063 0.110352 0.137109 0.106445 0.134375 0.102539 0.13125 0.0996094 0.123438 0.0952148
0 0.142187 0.00439453 0.141016 0.00585938 0.138672 0.0107422 0.138281 0.0214844 0.139063 0.0258789 0.141797 0.0307617 0.146094 0.0307617 0.149219 0.027832 0.151172 0.0229492 0.151562 0.012207 0.15 0.0078125 0.146875 0.00390625
0 0.232031 0.0356445 0.228516 0.0351562 0.221875 0.0405273 0.219922 0.0429688 0.215234 0.0522461 0.212109 0.0566406 0.208984 0.0634766 0.208594 0.0683594 0.209375 0.0693359 0.215625 0.0688477 0.221094 0.065918 0.226953 0.0605469 0.23125 0.0527344 0.233203 0.0473633 0.233594 0.0400391
0 0.185938 0.11377 0.184375 0.117676 0.182812 0.125 0.182812 0.132324 0.183594 0.13623 0.188672 0.148438 0.191797 0.15332 0.195703 0.15625 0.198828 0.15625 0.200781 0.154297 0.201563 0.151367 0.201172 0.14209 0.199609 0.137695 0.199219 0.134277 0.197266 0.130371 0.194531 0.12207 0.189062 0.113281
0 0.224609 0.125488 0.221094 0.125488 0.219531 0.126465 0.213281 0.133789 0.211719 0.136719 0.210156 0.142578 0.209766 0.154297 0.210547 0.157715 0.2125 0.161621 0.216406 0.165527 0.21875 0.165527 0.220703 0.164551 0.224219 0.158203 0.225781 0.147949 0.225781 0.12793
0 0.227734 0.15332 0.227734 0.156738 0.229297 0.161621 0.235937 0.168945 0.246875 0.173828 0.248828 0.173828 0.251563 0.170898 0.251563 0.168945 0.248828 0.162598 0.244531 0.157227 0.242578 0.156738 0.240625 0.154785 0.233594 0.150879 0.230859 0.150879
0 0.274609 0.163086 0.278516 0.166992 0.286719 0.17041 0.298438 0.170898 0.302734 0.169922 0.311719 0.165527 0.315625 0.162109 0.317188 0.157715 0.314063 0.153809 0.310547 0.151855 0.305078 0.150879 0.294922 0.150879 0.290234 0.152344 0.286328 0.155273 0.279687 0.157715 0.274609 0.161133
0 0.313672 0.122559 0.313281 0.126953 0.314844 0.130371 0.321484 0.135254 0.328906 0.136719 0.335547 0.13623 0.339062 0.135254 0.341016 0.131836 0.341016 0.126953 0.340234 0.125977 0.324219 0.118652 0.317969 0.118652
0 0.408203 0.0395508 0.404297 0.0375977 0.400781 0.0385742 0.392578 0.0454102 0.389844 0.0488281 0.387109 0.0571289 0.3875 0.0620117 0.388281 0.0644531 0.391797 0.0688477 0.395313 0.0688477 0.397266 0.0678711 0.405469 0.0581055 0.408594 0.0507812 0.409375 0.046875 0.409375 0.043457
0 0.349609 0.00390625 0.344141 0.00390625 0.342969 0.00537109 0.339844 0.0136719 0.339844 0.019043 0.338672 0.0209961 0.339062 0.0258789 0.337109 0.0292969 0.337109 0.0375977 0.341797 0.0478516 0.346094 0.0463867 0.349219 0.0415039 0.350391 0.0371094 0.350391 0.0341797 0.351562 0.0297852 0.351172 0.00976562 0.350781 0.00634766
0 0.334375 0 0.333594 0.00195312 0.330078 0.00390625 0.328906 0.00537109 0.327344 0.0102539 0.326953 0.0151367 0.328516 0.0273438 0.329688 0.03125 0.333594 0.0356445 0.335938 0.0356445 0.3375 0.0341797 0.338672 0.0292969 0.339453 0.0214844 0.340625 0.0180664 0.341797 0.00537109 0.337891 0.00195312 0.335156 0.00146484
0 0.495703 0.0361328 0.493359 0.0336914 0.486328 0.0332031 0.478906 0.0351562 0.471875 0.0395508 0.469922 0.0419922 0.467187 0.0488281 0.467187 0.0566406 0.469141 0.0576172 0.472266 0.0576172 0.483203 0.0546875 0.490234 0.050293 0.494922 0.0439453 0.495703 0.0419922
0 0.6125 0.0180664 0.611719 0.0170898 0.606641 0.015625 0.594922 0.0170898 0.5875 0.0224609 0.579688 0.0336914 0.579297 0.0375977 0.592187 0.0375977 0.605469 0.0307617 0.608203 0.0288086 0.612891 0.0224609
0 0.625 0.0732422 0.624219 0.0800781 0.626563 0.0849609 0.638281 0.0893555 0.642188 0.0922852 0.644531 0.0917969 0.646875 0.0893555 0.647266 0.0805664 0.64375 0.074707 0.640625 0.0712891 0.6375 0.0703125 0.633594 0.0703125 0.631641 0.0712891 0.626563 0.0717773
0 0.700781 0.115723 0.698828 0.113281 0.695703 0.112305 0.693359 0.112305 0.689063 0.114746 0.686719 0.119629 0.685937 0.123047 0.680859 0.128906 0.680078 0.134766 0.680859 0.135742 0.685937 0.136719 0.688281 0.138184 0.69375 0.137695 0.695312 0.134766 0.695703 0.132324 0.700391 0.123047 0.701172 0.120605
0 0.673438 0.138672 0.674219 0.144043 0.678906 0.149902 0.682031 0.152344 0.684375 0.152832 0.688281 0.155273 0.692187 0.155762 0.698438 0.158203 0.701172 0.158203 0.703516 0.155273 0.703516 0.15332 0.702344 0.149902 0.69375 0.140137 0.691016 0.13916 0.685156 0.13916 0.678906 0.13623 0.677344 0.13623
0 0.557813 0.175293 0.555469 0.175781 0.55 0.181641 0.547266 0.188965 0.546484 0.195312 0.546484 0.203125 0.548047 0.210449 0.551172 0.212402 0.553125 0.212402 0.557422 0.207031 0.560156 0.200684 0.561719 0.193848 0.562109 0.185059 0.560547 0.177734
0 0.525781 0.217285 0.526172 0.221191 0.528125 0.226074 0.532031 0.229492 0.540625 0.23291 0.544141 0.23291 0.549609 0.230957 0.555078 0.225098 0.555859 0.222168 0.555859 0.220215 0.553906 0.218262 0.548828 0.216309 0.545312 0.213379 0.541797 0.212402 0.533594 0.211914 0.529687 0.212891 0.528125 0.213867
0 0.466797 0.192871 0.467578 0.197266 0.469531 0.199219 0.474609 0.20166 0.48125 0.202148 0.490625 0.200684 0.494141 0.198242 0.495312 0.196777 0.495703 0.192871 0.493359 0.188477 0.489063 0.185059 0.484766 0.183594 0.480469 0.183594 0.477344 0.18457 0.475 0.186523 0.469531 0.188965
0 0.521875 0.141602 0.519922 0.14209 0.513281 0.148438 0.509766 0.150391 0.501563 0.159668 0.500391 0.163086 0.498047 0.166504 0.497656 0.17041 0.498828 0.172852 0.501172 0.174316 0.50625 0.174805 0.509375 0.172363 0.514453 0.17041 0.517969 0.166504 0.521094 0.158691 0.522656 0.146484 0.522656 0.143066
0 0.532031 0.11084 0.530469 0.109863 0.525781 0.11084 0.517188 0.118652 0.516406 0.123047 0.516797 0.129395 0.517969 0.132812 0.520312 0.135254 0.522656 0.135742 0.528906 0.131348 0.533594 0.120117 0.533984 0.115234
0 0.484375 0.123047 0.483984 0.12793 0.485156 0.131836 0.485547 0.138672 0.487891 0.147461 0.490625 0.151367 0.493359 0.152832 0.497656 0.150879 0.499219 0.148438 0.500391 0.142578 0.500391 0.137695 0.498047 0.128418 0.495312 0.125488 0.490234 0.123047
0 0.467187 0.119141 0.466016 0.120605 0.465234 0.123535 0.466797 0.130371 0.468359 0.133301 0.469922 0.13916 0.473828 0.144043 0.477734 0.146973 0.482812 0.149414 0.485938 0.149414 0.487109 0.147461 0.487109 0.142578 0.485547 0.138184 0.483203 0.127441 0.481641 0.125488 0.478125 0.124023 0.473828 0.120605 0.469922 0.119141
0 0.459375 0.143066 0.458594 0.146973 0.460156 0.150879 0.463281 0.154785 0.466797 0.154785 0.467578 0.157227 0.470703 0.160645 0.474609 0.160156 0.476172 0.162598 0.476172 0.166016 0.478125 0.167969 0.480859 0.168945 0.486719 0.168457 0.489063 0.166504 0.489063 0.164551 0.487109 0.158203 0.482031 0.150391 0.471484 0.145508 0.467187 0.14502 0.463281 0.142578
0 0.483594 0.152832 0.479687 0.149414 0.475 0.147461 0.470703 0.147461 0.466797 0.150391 0.465625 0.154785 0.463672 0.15625 0.459375 0.162598 0.455469 0.165039 0.453125 0.168457 0.453125 0.170898 0.455469 0.174316 0.464453 0.174805 0.475 0.171875 0.484375 0.166504 0.485547 0.161621 0.485547 0.158691
0 0.406641 0.150391 0.406641 0.154785 0.408984 0.158691 0.423047 0.17041 0.426172 0.171387 0.430859 0.174805 0.434766 0.175781 0.439063 0.175293 0.440234 0.173828 0.439063 0.169922 0.435156 0.165039 0.433594 0.164062 0.427734 0.15625 0.420703 0.150391 0.412109 0.147949 0.408594 0.148438
0 0.709766 0.200684 0.709375 0.205566 0.716016 0.210938 0.721484 0.216309 0.725 0.218262 0.731641 0.218262 0.733203 0.217285 0.736328 0.209961 0.736328 0.205566 0.732812 0.202637 0.721094 0.197266 0.714063 0.197266
0 0.755859 0.216797 0.755078 0.21582 0.747656 0.215332 0.743359 0.216309 0.736328 0.219727 0.731641 0.227539 0.728516 0.23584 0.727734 0.240234 0.728125 0.245605 0.729688 0.24707 0.732422 0.247559 0.736719 0.242676 0.748437 0.233887 0.751563 0.227539 0.755859 0.221191
0 0.810156 0.102051 0.807813 0.114258 0.807813 0.121094 0.808984 0.125 0.814844 0.131836 0.821094 0.132324 0.825 0.130859 0.828125 0.127441 0.827734 0.125 0.821484 0.117676 0.815234 0.104004 0.811719 0.101562
0 0.762891 0.10791 0.762891 0.112305 0.763672 0.115234 0.766016 0.118164 0.771094 0.121582 0.776953 0.123535 0.784375 0.124023 0.7875 0.123047 0.790625 0.120117 0.790625 0.118164 0.785547 0.11084 0.782813 0.109863 0.778516 0.106445 0.773047 0.10498 0.768359 0.10498 0.764453 0.105957
0 0.750781 0.0483398 0.748047 0.0517578 0.747656 0.0581055 0.751563 0.0668945 0.755469 0.0717773 0.758984 0.0742188 0.764062 0.0737305 0.765234 0.0717773 0.765625 0.0678711 0.763281 0.0561523 0.761328 0.0527344 0.757422 0.0488281 0.755469 0.0478516
0 0.807422 0.059082 0.803125 0.0551758 0.799219 0.0551758 0.795703 0.0571289 0.789844 0.0639648 0.786328 0.0737305 0.785547 0.0791016 0.785937 0.0805664 0.788672 0.081543 0.794922 0.0810547 0.803125 0.0776367 0.804688 0.0756836 0.805078 0.0732422 0.807422 0.0678711 0.808203 0.0620117
0 0.756641 0.145508 0.755078 0.14209 0.748828 0.139648 0.7375 0.141113 0.734375 0.14209 0.723047 0.149414 0.722266 0.150391 0.721484 0.154297 0.723828 0.157227 0.730078 0.15918 0.742188 0.15918 0.747266 0.157715 0.749609 0.15625 0.755859 0.148438
0 0.835156 0.0336914 0.83125 0.03125 0.827344 0.0302734 0.822266 0.0307617 0.817969 0.0336914 0.813281 0.0410156 0.8125 0.0444336 0.8125 0.0498047 0.813281 0.0527344 0.814453 0.0541992 0.816797 0.0551758 0.826172 0.0546875 0.827734 0.0537109 0.832422 0.0478516 0.834766 0.043457 0.835938 0.0390625 0.835938 0.0356445
0 0.852344 0.0385742 0.848437 0.0419922 0.844531 0.0493164 0.84375 0.0546875 0.84375 0.0634766 0.844531 0.065918 0.847266 0.0693359 0.850781 0.0717773 0.854297 0.0727539 0.856641 0.0712891 0.857422 0.0683594 0.857812 0.0532227 0.85625 0.0405273 0.854688 0.0385742
0 0.883984 0.0874023 0.88125 0.0844727 0.877734 0.0839844 0.86875 0.0864258 0.863672 0.0908203 0.860547 0.0947266 0.860156 0.100586 0.861719 0.103516 0.863672 0.104492 0.869531 0.104492 0.880078 0.101074 0.882031 0.0996094 0.884375 0.0952148 0.884766 0.0908203
0 0.842187 0.0717773 0.837109 0.0712891 0.829688 0.0756836 0.821875 0.0839844 0.820312 0.0888672 0.820312 0.0932617 0.822656 0.0961914 0.822266 0.100098 0.823438 0.0996094 0.823438 0.0961914 0.826953 0.0961914 0.828516 0.097168 0.829688 0.0991211 0.831641 0.0957031 0.833594 0.0952148 0.841797 0.0864258 0.842969 0.0834961 0.84375 0.0771484
0 0.821484 0.0898438 0.820312 0.0927734 0.820703 0.104004 0.821875 0.107422 0.826172 0.112793 0.829297 0.114258 0.833594 0.113281 0.834375 0.111816 0.834375 0.109863 0.831641 0.0976562 0.830078 0.0957031 0.825781 0.0952148 0.824609 0.09375 0.823438 0.0898438
1 0.80625 0.182617 0.802734 0.183594 0.798438 0.188477 0.796094 0.19873 0.796094 0.20752 0.797266 0.21582 0.798047 0.217773 0.801172 0.220703 0.803516 0.220703 0.80625 0.218262 0.810156 0.212891 0.811328 0.209473 0.810937 0.193848 0.808203 0.185059
1 0.828906 0.0566406 0.827344 0.0551758 0.821875 0.0551758 0.813281 0.0595703 0.808203 0.0708008 0.807422 0.0766602 0.810156 0.0786133 0.815234 0.0786133 0.81875 0.0771484 0.826562 0.0673828 0.829297 0.0600586
0 0.948047 0.0561523 0.943359 0.0571289 0.939844 0.0600586 0.933984 0.0693359 0.93125 0.0722656 0.926953 0.0878906 0.926953 0.0957031 0.928516 0.0961914 0.936328 0.0927734 0.943359 0.0839844 0.948047 0.0693359 0.949609 0.0620117 0.949609 0.059082
0 0.925391 0.0112305 0.922266 0.0126953 0.918359 0.0175781 0.917188 0.0219727 0.917188 0.0283203 0.91875 0.0351562 0.921094 0.0400391 0.924219 0.0429688 0.927734 0.0444336 0.93125 0.0410156 0.932422 0.0375977 0.933203 0.0322266 0.933203 0.0234375 0.931641 0.0175781 0.929297 0.012207 0.928125 0.0112305
0 0.958203 0.00537109 0.955078 0.00292969 0.95 0.00146484 0.949609 0 0.946875 0 0.946094 0.00195312 0.939453 0.00488281 0.934375 0.0107422 0.932813 0.0141602 0.933203 0.0219727 0.934766 0.0244141 0.936328 0.0244141 0.953516 0.0141602 0.958203 0.0102539
0 0.994922 0.148438 0.992578 0.147949 0.986328 0.149902 0.977734 0.158691 0.973437 0.168945 0.973437 0.174805 0.974219 0.175781 0.978906 0.175781 0.982031 0.173828 0.988672 0.167969 0.991406 0.164551 0.994922 0.158203 0.995703 0.155273 0.996094 0.150391
0 0.959375 0.232422 0.961328 0.233887 0.983984 0.23291 0.987109 0.231934 0.989062 0.229492 0.989062 0.227539 0.9875 0.224121 0.983594 0.219238 0.975781 0.21582 0.969531 0.21582 0.962109 0.220703 0.959766 0.227539
0 0.890234 0.251465 0.889453 0.25 0.885938 0.248047 0.883984 0.244629 0.883594 0.242188 0.88125 0.23877 0.876953 0.238281 0.872656 0.241211 0.869141 0.242188 0.867188 0.243652 0.859766 0.251465 0.859766 0.253418 0.860547 0.255859 0.864844 0.258301 0.871484 0.259766 0.878906 0.259766 0.888281 0.256348 0.889453 0.254883
0 0.899609 0.249512 0.898047 0.252441 0.898438 0.263672 0.899609 0.269531 0.90625 0.283691 0.908594 0.286133 0.9125 0.286621 0.914453 0.283203 0.915625 0.277344 0.915625 0.272949 0.914062 0.265137 0.912109 0.260254 0.904297 0.250977 0.901563 0.249512
0 0.757422 0.352539 0.755078 0.349609 0.751563 0.349121 0.749609 0.350586 0.744922 0.351562 0.739844 0.354004 0.732031 0.359863 0.727734 0.364258 0.725781 0.368652 0.726172 0.373047 0.731641 0.376953 0.733203 0.376953 0.736328 0.375 0.740234 0.374512 0.748437 0.370117 0.754687 0.364746 0.757031 0.361816 0.758203 0.358398
0 0.736328 0.412598 0.735156 0.414062 0.733984 0.418457 0.733594 0.432129 0.734375 0.436035 0.738672 0.443848 0.743359 0.44873 0.745313 0.449219 0.747656 0.448242 0.750391 0.443359 0.75 0.43457 0.747656 0.423828 0.74375 0.415527 0.740234 0.412598
0 0.735938 0.380371 0.733203 0.376465 0.729297 0.374512 0.722266 0.374512 0.716406 0.376465 0.712109 0.378906 0.704297 0.385254 0.701953 0.39209 0.702344 0.395996 0.704297 0.398438 0.710156 0.398438 0.715625 0.397461 0.724609 0.394043 0.732422 0.38916 0.734766 0.385742
0 0.687891 0.391602 0.686328 0.390137 0.684766 0.390137 0.68125 0.391602 0.673438 0.396973 0.665625 0.408203 0.664453 0.416016 0.667578 0.418457 0.670703 0.418457 0.674609 0.416504 0.677734 0.413574 0.685547 0.403809 0.687891 0.396484
0 0.647656 0.432129 0.645703 0.432129 0.641797 0.435059 0.639453 0.439941 0.637891 0.446289 0.638281 0.458984 0.639844 0.462891 0.642188 0.464844 0.646484 0.463379 0.651563 0.45752 0.653125 0.453613 0.653906 0.439453 0.651563 0.435059
0 0.69375 0.430176 0.690625 0.428711 0.685937 0.428711 0.681641 0.430664 0.680078 0.432617 0.678906 0.436523 0.676953 0.439453 0.675781 0.445312 0.675781 0.448242 0.676953 0.450684 0.68125 0.452637 0.685937 0.452637 0.689063 0.451172 0.691797 0.447754 0.694141 0.442871 0.694531 0.432129
0 0.56875 0.327637 0.568359 0.334473 0.569531 0.339355 0.570703 0.352051 0.572656 0.358398 0.575781 0.364746 0.580078 0.370605 0.583984 0.374023 0.588672 0.374023 0.591016 0.368164 0.591016 0.36084 0.589063 0.357422 0.584766 0.345215 0.573828 0.329102 0.572266 0.327637
0 0.583984 0.513184 0.584375 0.517578 0.586328 0.522949 0.591406 0.529785 0.603125 0.54248 0.606641 0.543945 0.608203 0.543945 0.609375 0.542969 0.610156 0.541016 0.609375 0.528809 0.608203 0.524414 0.605469 0.520508 0.602344 0.517578 0.594531 0.514648 0.591797 0.512695 0.585547 0.512207
0 0.591406 0.563477 0.592969 0.567871 0.594922 0.570312 0.600391 0.572266 0.605469 0.571777 0.611719 0.569336 0.615625 0.564941 0.615625 0.562012 0.614453 0.558594 0.608594 0.555176 0.604688 0.554688 0.597266 0.555664 0.594141 0.557129 0.592969 0.558594
0 0.716016 0.572754 0.713281 0.569824 0.708984 0.567383 0.700391 0.567871 0.697656 0.568848 0.692578 0.572266 0.687891 0.579102 0.6875 0.582031 0.687891 0.583496 0.689844 0.584961 0.700781 0.584473 0.705859 0.582031 0.710156 0.581055 0.715234 0.578125 0.716406 0.576172
1 0.716797 0.418945 0.712891 0.419434 0.710938 0.420898 0.708203 0.424316 0.705469 0.430664 0.703906 0.438477 0.703516 0.444824 0.702734 0.446777 0.703125 0.45459 0.704297 0.455566 0.705859 0.455566 0.708984 0.453125 0.715625 0.442383 0.717187 0.43457 0.717969 0.425293 0.717578 0.419922
1 0.930469 0.469727 0.928516 0.466309 0.924609 0.464844 0.917188 0.464844 0.908203 0.468262 0.905078 0.470703 0.899609 0.477539 0.899219 0.48291 0.903906 0.48584 0.912109 0.48584 0.922266 0.48291 0.925781 0.480469 0.928906 0.477051 0.930469 0.474121
1 0.132812 0.98584 0.131641 0.981934 0.127344 0.979492 0.119531 0.97998 0.111719 0.983398 0.109766 0.986328 0.109766 0.991211 0.111328 0.993652 0.115625 0.996094 0.124219 0.996094 0.127734 0.995117 0.130469 0.993164 0.132031 0.990234
1 0.0453125 0.581543 0.0441406 0.583008 0.0441406 0.585938 0.0476562 0.59668 0.0496094 0.601074 0.0554687 0.609863 0.0578125 0.612305 0.0640625 0.616211 0.0671875 0.616211 0.0695313 0.615234 0.0707031 0.611816 0.0667969 0.600586 0.0660156 0.596191 0.0613281 0.586914 0.0578125 0.583496 0.0527344 0.580566 0.0472656 0.580566
0 0.105078 0.0253906 0.104297 0.0292969 0.108984 0.0356445 0.110547 0.0390625 0.114062 0.0429688 0.11875 0.0512695 0.126562 0.0581055 0.131641 0.0585938 0.133203 0.0571289 0.131641 0.0483398 0.128906 0.0439453 0.124609 0.0327148 0.123438 0.03125 0.117578 0.0283203 0.114453 0.0258789 0.108594 0.0244141 0.106641 0.0244141
0 0.114844 0.0683594 0.115234 0.0717773 0.117969 0.0742188 0.124609 0.0776367 0.130078 0.0791016 0.139063 0.0791016 0.142969 0.078125 0.144922 0.0766602 0.145703 0.0732422 0.144141 0.0693359 0.139453 0.0639648 0.132812 0.0615234 0.125 0.0610352 0.119141 0.0629883
0 0.122266 0.18457 0.122266 0.1875 0.124219 0.19043 0.135156 0.194336 0.146094 0.195312 0.150781 0.193848 0.151953 0.190918 0.151953 0.188477 0.147266 0.182129 0.138672 0.176758 0.135156 0.175781 0.130469 0.17627 0.127344 0.177734 0.123047 0.182617
0 0.0949219 0.149902 0.0933594 0.147461 0.0914062 0.146484 0.0671875 0.149414 0.0640625 0.150391 0.059375 0.153809 0.0589844 0.158203 0.0636719 0.162598 0.0683594 0.165039 0.0839844 0.164551 0.0886719 0.162109 0.0917969 0.158691 0.0945312 0.15332
0 0.119531 0.203613 0.116797 0.203125 0.110547 0.20459 0.0992187 0.212402 0.096875 0.216309 0.0953125 0.220703 0.0957031 0.226562 0.0992187 0.228516 0.116406 0.219238 0.120313 0.213867 0.120703 0.208496
0 0.130859 0.220703 0.130078 0.220215 0.126562 0.221191 0.120313 0.21875 0.118359 0.21875 0.114062 0.221191 0.109766 0.222168 0.106641 0.224609 0.103906 0.225586 0.100391 0.229004 0.0980469 0.234863 0.0972656 0.23877 0.0980469 0.243164 0.100391 0.244629 0.103125 0.243164 0.108203 0.242188 0.120703 0.23584 0.124219 0.232422 0.125391 0.229492 0.130469 0.222656
0 0.0859375 0.166992 0.0847656 0.165527 0.0792969 0.165039 0.0761719 0.165527 0.0714844 0.167969 0.0648438 0.175293 0.0617188 0.181152 0.0613281 0.185059 0.0628906 0.188965 0.0648438 0.19043 0.0691406 0.19043 0.0757812 0.187988 0.0796875 0.185059 0.0851563 0.177734 0.0863281 0.172363
0 0.235156 0.232422 0.232813 0.234375 0.231641 0.23877 0.231641 0.246094 0.233203 0.250977 0.235547 0.255859 0.238281 0.258789 0.241797 0.265625 0.246094 0.268555 0.248438 0.269043 0.249609 0.268066 0.250391 0.265625 0.25 0.250977 0.248828 0.244629 0.247266 0.241699 0.240625 0.234863 0.237109 0.232422
0 0.219922 0.245605 0.217188 0.251465 0.218359 0.255859 0.227734 0.266113 0.235547 0.271484 0.237109 0.271973 0.238672 0.270996 0.240234 0.269043 0.240625 0.26709 0.237109 0.259766 0.234766 0.256836 0.232813 0.251465 0.229297 0.24707 0.223828 0.244141
0 0.24375 0.312012 0.241016 0.314941 0.239844 0.318359 0.238672 0.324219 0.238672 0.333984 0.239453 0.337402 0.243359 0.346191 0.246875 0.348633 0.248828 0.348633 0.251563 0.345215 0.252734 0.342285 0.253906 0.332031 0.253906 0.324707 0.25 0.313477 0.248047 0.312012
0 0.285156 0.364258 0.284766 0.369141 0.286719 0.373047 0.292969 0.375488 0.298828 0.378906 0.301953 0.379883 0.30625 0.379883 0.307812 0.378906 0.310156 0.375488 0.310156 0.368164 0.308984 0.365234 0.304688 0.36084 0.299609 0.358887 0.291016 0.358887 0.2875 0.360352
0 0.327734 0.364746 0.325781 0.36377 0.321094 0.364258 0.316797 0.367676 0.313281 0.37207 0.309375 0.379395 0.305859 0.384277 0.302734 0.39209 0.303516 0.39502 0.304688 0.396484 0.306641 0.397461 0.310937 0.396973 0.315625 0.394043 0.321484 0.388184 0.326562 0.380859 0.327734 0.375488 0.328906 0.373047 0.329297 0.367676
0 0.401953 0.363281 0.400781 0.361328 0.394531 0.36084 0.383594 0.36377 0.377344 0.369141 0.376172 0.373047 0.375781 0.377441 0.377344 0.379395 0.382422 0.380859 0.389844 0.380859 0.396484 0.378906 0.398828 0.376465 0.401562 0.371582
0 0.373047 0.381348 0.371484 0.384766 0.371094 0.388672 0.372656 0.396973 0.376172 0.406738 0.382812 0.413086 0.385156 0.414062 0.392188 0.413574 0.392969 0.412598 0.392969 0.410156 0.390234 0.397461 0.388672 0.393066 0.380859 0.383789 0.377344 0.380859
0 0.432812 0.320801 0.427734 0.320312 0.423438 0.321289 0.415625 0.327148 0.407813 0.337402 0.406641 0.341309 0.40625 0.348633 0.405469 0.351562 0.405469 0.354492 0.406641 0.356445 0.408984 0.356934 0.420312 0.350586 0.425781 0.342285 0.429297 0.333496 0.433203 0.32666 0.433984 0.322266
0 0.186719 0.439453 0.186328 0.444336 0.189062 0.44873 0.198047 0.45459 0.203906 0.459961 0.212891 0.464355 0.221094 0.464844 0.222266 0.463867 0.222656 0.462402 0.216797 0.450195 0.214062 0.446777 0.204687 0.44043 0.198437 0.438477 0.189453 0.437988
0 0.160547 0.40332 0.160938 0.407715 0.164844 0.414551 0.170703 0.419922 0.173828 0.421387 0.179688 0.421387 0.183984 0.419434 0.186328 0.416992 0.189844 0.40918 0.189453 0.404297 0.185156 0.402344 0.173828 0.402832 0.166797 0.401367 0.1625 0.401367
0 0.232813 0.372559 0.230469 0.369141 0.223828 0.364746 0.21875 0.364258 0.212891 0.366211 0.208984 0.368652 0.202344 0.374512 0.196875 0.377441 0.195312 0.379395 0.194922 0.381348 0.196875 0.382812 0.208984 0.385254 0.216797 0.384277 0.221484 0.382324 0.225 0.379883 0.232031 0.377441
0 0.003125 0.478516 0.00273437 0.481934 0.00507813 0.486328 0.0105469 0.490234 0.0207031 0.491699 0.0296875 0.491699 0.0332031 0.490234 0.034375 0.487305 0.0339844 0.485352 0.0277344 0.479004 0.0210938 0.476074 0.0175781 0.475098 0.00976562 0.475098 0.00546875 0.476562
0 0.0613281 0.521973 0.0605469 0.519531 0.0585938 0.51709 0.05625 0.516113 0.0414062 0.516113 0.0359375 0.517578 0.0320312 0.519531 0.0289063 0.523926 0.0285156 0.527344 0.0296875 0.529785 0.0332031 0.53125 0.0421875 0.532227 0.053125 0.531738 0.059375 0.528809 0.0609375 0.526367
0 0.065625 0.533691 0.0660156 0.537598 0.0675781 0.541016 0.0707031 0.543945 0.0746094 0.54541 0.084375 0.54541 0.0902344 0.544434 0.096875 0.541016 0.0980469 0.538086 0.0980469 0.536621 0.0960938 0.534668 0.0886719 0.531738 0.08125 0.530273 0.0691406 0.530273 0.0671875 0.53125
0 0.119922 0.540527 0.117578 0.541016 0.111719 0.548828 0.110547 0.551758 0.109375 0.558105 0.109375 0.564941 0.110547 0.573242 0.111719 0.57666 0.114844 0.57959 0.118359 0.578125 0.121094 0.573242 0.123828 0.556641 0.123828 0.545898 0.123047 0.543945
0 0.107031 0.585938 0.103906 0.589355 0.102734 0.593262 0.103125 0.611328 0.106641 0.621094 0.107813 0.622559 0.110937 0.624023 0.1125 0.622559 0.114844 0.615234 0.116016 0.60791 0.116016 0.600098 0.114844 0.59375 0.1125 0.587402 0.109766 0.585938
0 0.210156 0.748047 0.207031 0.747559 0.202344 0.75 0.196875 0.751465 0.189453 0.757324 0.184375 0.765625 0.181641 0.771973 0.18125 0.776367 0.182031 0.777832 0.185547 0.780762 0.188672 0.780762 0.191016 0.779785 0.194141 0.776855 0.205469 0.763184 0.209766 0.753906
0 0.0996094 0.794922 0.0964844 0.79248 0.09375 0.79248 0.0882813 0.794434 0.0832031 0.797852 0.0789062 0.802734 0.0753906 0.809082 0.075 0.811035 0.0761719 0.813965 0.0785156 0.815918 0.0835937 0.816895 0.0886719 0.816406 0.0921875 0.814941 0.0964844 0.811035 0.0988281 0.808105 0.100391 0.804688 0.100781 0.797852
0 0.1 0.905762 0.0964844 0.907227 0.0953125 0.90918 0.09375 0.91748 0.0917969 0.92334 0.090625 0.930664 0.0910156 0.937012 0.0949219 0.944824 0.0960938 0.945312 0.0992187 0.944336 0.100781 0.941895 0.103906 0.933105 0.104688 0.928711 0.104688 0.915527 0.102344 0.908203
0 0.107422 0.958008 0.103125 0.953125 0.1 0.95166 0.0957031 0.951172 0.0914062 0.95459 0.0859375 0.956543 0.0796875 0.959961 0.0769531 0.962402 0.075 0.966797 0.075 0.970703 0.0769531 0.973145 0.0828125 0.975586 0.0914062 0.976074 0.0949219 0.975098 0.100391 0.972168 0.105469 0.967285 0.107422 0.962891
0 0.303125 0.797852 0.299609 0.802734 0.298047 0.808594 0.298438 0.814453 0.300391 0.818848 0.305859 0.82666 0.314453 0.831055 0.319141 0.830566 0.319141 0.82373 0.316016 0.814453 0.312891 0.807617 0.311328 0.79834 0.308203 0.796387 0.305859 0.796387
0 0.317188 0.797852 0.317188 0.802246 0.319141 0.805176 0.321875 0.807129 0.327734 0.809082 0.340234 0.809082 0.342969 0.808105 0.347266 0.804688 0.349219 0.799805 0.349219 0.797852 0.346875 0.794434 0.342969 0.79248 0.335938 0.791016 0.325781 0.791016 0.321875 0.791992 0.320312 0.792969
0 0.348047 0.775879 0.347266 0.778809 0.348047 0.783203 0.349609 0.785156 0.353906 0.788086 0.364844 0.789062 0.367969 0.787598 0.371094 0.783203 0.371094 0.77832 0.369922 0.775879 0.365234 0.772461 0.360938 0.770508 0.357031 0.77002 0.353516 0.770996
0 0.257812 0.719727 0.259766 0.724609 0.266406 0.72998 0.271875 0.732422 0.284375 0.732422 0.290625 0.72998 0.292187 0.728027 0.291406 0.724121 0.287109 0.717773 0.284375 0.71582 0.276562 0.712891 0.271094 0.712891 0.263672 0.716309 0.260156 0.716797
0 0.173047 0.807129 0.170703 0.808594 0.169141 0.811035 0.169141 0.818359 0.174219 0.83252 0.177344 0.836426 0.178906 0.836426 0.182031 0.834961 0.184766 0.830078 0.185156 0.820312 0.182422 0.812988 0.178516 0.808594 0.175391 0.807129
0 0.122266 0.915527 0.122266 0.919434 0.126172 0.924805 0.133594 0.932129 0.141797 0.936523 0.144531 0.936035 0.145703 0.935059 0.146484 0.930664 0.144922 0.92334 0.143359 0.919434 0.139453 0.914062 0.134766 0.911133 0.129297 0.910645 0.126172 0.911621
0 0.141406 0.629883 0.139063 0.626953 0.133984 0.626465 0.116016 0.630371 0.111719 0.631836 0.108594 0.634277 0.107813 0.638672 0.111719 0.643555 0.119141 0.647461 0.126172 0.646973 0.131641 0.644043 0.137891 0.638672 0.140234 0.635254 0.141406 0.631836
0 0.404297 0.769531 0.400781 0.773926 0.399609 0.779297 0.401562 0.793945 0.403906 0.800781 0.40625 0.804199 0.408203 0.805176 0.411719 0.804688 0.413281 0.802734 0.414453 0.796875 0.414453 0.784668 0.413672 0.779297 0.412109 0.774902 0.409766 0.772461 0.408984 0.770508
0 0.409375 0.810547 0.405078 0.807129 0.401172 0.805664 0.391406 0.805664 0.389453 0.806641 0.385156 0.811523 0.383594 0.815918 0.383594 0.820312 0.384766 0.822754 0.3875 0.824219 0.397266 0.824219 0.401562 0.822754 0.405078 0.820801 0.407813 0.817871 0.409375 0.814941
0 0.378906 0.926758 0.375391 0.924316 0.371094 0.923828 0.36875 0.924316 0.359375 0.930664 0.35625 0.938965 0.357812 0.945312 0.359766 0.946777 0.364844 0.946777 0.366406 0.944824 0.369531 0.943359 0.372656 0.94043 0.378516 0.932129 0.379297 0.928711
0 0.458594 0.969727 0.454297 0.967285 0.450781 0.966797 0.439453 0.967285 0.436328 0.96875 0.430469 0.969727 0.427734 0.971191 0.426953 0.973145 0.426953 0.975586 0.428125 0.978516 0.429297 0.979492 0.433594 0.980957 0.451562 0.980469 0.455859 0.978027 0.457813 0.974609
0 0.466016 0.882812 0.466016 0.887207 0.467969 0.893066 0.470703 0.896973 0.477734 0.899902 0.486328 0.900391 0.489844 0.899414 0.491797 0.896973 0.491406 0.891113 0.489844 0.887695 0.486719 0.883789 0.472266 0.879883 0.467578 0.880371
0 0.407031 0.71582 0.407031 0.71875 0.407813 0.720703 0.414844 0.725586 0.419531 0.726562 0.425 0.726562 0.428516 0.725586 0.429688 0.724121 0.429688 0.720703 0.426953 0.716309 0.419922 0.712402 0.410547 0.712402 0.408594 0.713379
0 0.417578 0.638672 0.414453 0.638184 0.412109 0.63916 0.408203 0.643066 0.405078 0.657227 0.40625 0.659668 0.407813 0.660645 0.411719 0.660156 0.417969 0.654297 0.419531 0.647949 0.419531 0.642578
0 0.464062 0.649414 0.461719 0.649414 0.459375 0.650879 0.454297 0.657227 0.448437 0.679688 0.448437 0.682129 0.450391 0.68457 0.454688 0.684082 0.457422 0.682129 0.460938 0.677734 0.466406 0.666504 0.467969 0.658691 0.467578 0.654297 0.466797 0.652344
0 0.426953 0.617676 0.424219 0.62207 0.424219 0.624023 0.425391 0.626953 0.425781 0.630371 0.428125 0.634277 0.430078 0.640137 0.433203 0.643555 0.434375 0.646973 0.439063 0.653809 0.443359 0.654297 0.445312 0.651367 0.446484 0.644531 0.446484 0.641113 0.444141 0.632812 0.441016 0.62793 0.435547 0.62207 0.430469 0.618164
0 0.436328 0.603516 0.436328 0.60791 0.439453 0.615234 0.447266 0.624023 0.451562 0.62793 0.454297 0.629395 0.456641 0.629395 0.460156 0.62793 0.461719 0.622559 0.460547 0.615723 0.458594 0.611816 0.455469 0.609375 0.451562 0.604004 0.448047 0.601562 0.444141 0.600098 0.439453 0.600098
0 0.451562 0.595703 0.451172 0.599609 0.455469 0.607422 0.458203 0.609863 0.4625 0.611816 0.467969 0.611816 0.474609 0.609375 0.475781 0.608398 0.478125 0.603027 0.478125 0.598145 0.477344 0.596191 0.475 0.594238 0.463672 0.591797 0.457031 0.591797 0.454297 0.592773
0 0.473828 0.583008 0.473828 0.585449 0.475781 0.588867 0.478906 0.592285 0.482031 0.59375 0.4875 0.594727 0.490234 0.596191 0.497266 0.59668 0.501172 0.598633 0.50625 0.598633 0.507812 0.595703 0.505469 0.589844 0.502344 0.587402 0.498437 0.58252 0.49375 0.57959 0.490234 0.578613 0.482031 0.578613 0.477734 0.57959
0 0.423828 0.572754 0.423438 0.578125 0.424219 0.580566 0.426563 0.584961 0.429297 0.587891 0.43125 0.591309 0.435937 0.596191 0.438672 0.597656 0.445703 0.598145 0.447656 0.597656 0.451172 0.594238 0.451953 0.592285 0.451953 0.587891 0.44375 0.57959 0.440625 0.578125 0.435547 0.57373 0.430469 0.571289 0.426172 0.570801
0 0.379688 0.522949 0.378906 0.526855 0.376953 0.529297 0.376953 0.541992 0.379688 0.549316 0.383984 0.555664 0.391406 0.5625 0.395703 0.564941 0.397656 0.564941 0.4 0.563477 0.401562 0.560059 0.401562 0.555176 0.396875 0.541504 0.393359 0.537598 0.390625 0.532715 0.386719 0.528809 0.385156 0.525879 0.38125 0.522949
0 0.357031 0.521484 0.358203 0.529785 0.360547 0.533691 0.362891 0.533691 0.368359 0.53125 0.374609 0.530273 0.379297 0.525879 0.380078 0.522949 0.380078 0.520996 0.378516 0.51709 0.372656 0.515137 0.361328 0.515137 0.359375 0.516113 0.357812 0.518066
0 0.335938 0.450684 0.335938 0.454102 0.3375 0.458984 0.344141 0.467773 0.346875 0.469238 0.357812 0.469238 0.366016 0.463867 0.367578 0.460938 0.367578 0.458496 0.365234 0.455566 0.361719 0.453613 0.342187 0.447754 0.338281 0.448242
0 0.608984 0.622559 0.607422 0.621094 0.602344 0.621094 0.594141 0.625977 0.590234 0.634277 0.590625 0.640625 0.592187 0.64209 0.596484 0.642578 0.603516 0.638672 0.607422 0.634277 0.609375 0.630371 0.609766 0.625
0 0.564844 0.67334 0.563281 0.675293 0.562109 0.679199 0.562109 0.683594 0.564063 0.69043 0.571094 0.69873 0.576953 0.702148 0.582031 0.702637 0.586719 0.693359 0.585938 0.686035 0.579688 0.677246 0.575781 0.673828 0.569922 0.671875 0.567578 0.671875
0 0.603906 0.680664 0.598047 0.680176 0.594141 0.682129 0.588281 0.687012 0.582812 0.702148 0.583203 0.708984 0.583984 0.709961 0.588281 0.709473 0.592578 0.705566 0.6 0.693848 0.602344 0.6875 0.604297 0.685059
0 0.605469 0.704102 0.605469 0.706055 0.606641 0.708984 0.614844 0.717773 0.61875 0.719727 0.626953 0.722168 0.631641 0.722168 0.632812 0.721191 0.632812 0.71582 0.631641 0.711426 0.629297 0.708496 0.628906 0.707031 0.622266 0.699707 0.616016 0.697266 0.611719 0.697266 0.609766 0.698242
0 0.623828 0.686523 0.623437 0.689941 0.626953 0.69873 0.630469 0.703125 0.635547 0.706543 0.640625 0.707031 0.646094 0.706055 0.647656 0.70459 0.648047 0.69873 0.647266 0.695801 0.640234 0.688477 0.629687 0.68457 0.626172 0.68457
0 0.628906 0.669434 0.628906 0.674805 0.629687 0.677734 0.633984 0.683105 0.639844 0.686523 0.645312 0.687988 0.647656 0.687988 0.65 0.685547 0.650391 0.680664 0.648047 0.673828 0.64375 0.668945 0.638281 0.665039 0.633594 0.665039 0.630859 0.666016
0 0.666797 0.692871 0.661328 0.692871 0.656641 0.697754 0.655078 0.702148 0.653516 0.704102 0.649219 0.712891 0.648438 0.718262 0.647266 0.720703 0.647266 0.724121 0.648438 0.726562 0.651953 0.727051 0.654297 0.726074 0.663672 0.717773 0.667188 0.711914 0.669531 0.706055 0.669922 0.698242 0.669141 0.695801
0 0.661328 0.664062 0.661328 0.666504 0.662891 0.66748 0.665234 0.670898 0.673828 0.67627 0.679688 0.677734 0.686328 0.677734 0.691016 0.675293 0.692187 0.673828 0.691016 0.67041 0.6875 0.665039 0.684375 0.662109 0.678906 0.660645 0.670312 0.660645 0.663281 0.662109
0 0.702734 0.640137 0.701172 0.637207 0.694141 0.634766 0.688672 0.635254 0.681641 0.637207 0.673047 0.64209 0.669531 0.649414 0.669531 0.651367 0.671094 0.653809 0.673438 0.655273 0.686328 0.654785 0.691406 0.652344 0.699609 0.646484 0.702344 0.643555
0 0.701953 0.688477 0.7 0.689941 0.696484 0.698242 0.695703 0.704102 0.696484 0.713867 0.698047 0.717285 0.701953 0.721191 0.706641 0.723633 0.710547 0.723633 0.7125 0.721191 0.7125 0.711914 0.709766 0.693359 0.707031 0.688965
0 0.675391 0.736328 0.669922 0.73584 0.666016 0.737793 0.664062 0.740234 0.656641 0.752441 0.65625 0.756348 0.655078 0.758789 0.655078 0.762207 0.656641 0.764648 0.658984 0.765137 0.662109 0.76416 0.670703 0.755859 0.671875 0.752441 0.674609 0.748535 0.675781 0.744629 0.676562 0.73877
0 0.675 0.779297 0.672656 0.779297 0.669922 0.78125 0.665625 0.787109 0.664453 0.790039 0.661719 0.806641 0.661719 0.811035 0.664453 0.813477 0.669922 0.813477 0.673047 0.811035 0.676562 0.802246 0.678906 0.791504 0.678906 0.783203 0.678125 0.78125
0 0.697266 0.798828 0.696875 0.802734 0.699219 0.806641 0.703906 0.8125 0.712109 0.818848 0.716406 0.820312 0.726172 0.820312 0.73125 0.819336 0.732812 0.817383 0.733203 0.813965 0.732031 0.812012 0.724609 0.806152 0.720703 0.804688 0.716797 0.801758 0.709766 0.799316 0.704688 0.798828 0.702344 0.797852 0.699609 0.797852
0 0.737891 0.751953 0.737891 0.757324 0.739062 0.760742 0.741797 0.76416 0.751563 0.77002 0.75625 0.77002 0.757812 0.768066 0.757812 0.76416 0.756641 0.759766 0.748828 0.751953 0.744141 0.750488 0.739062 0.750488
0 0.771094 0.716309 0.771094 0.720703 0.775 0.725098 0.784375 0.727051 0.790234 0.725586 0.792188 0.723633 0.792188 0.719727 0.787891 0.715332 0.787891 0.713867 0.786719 0.712402 0.783594 0.712402 0.780078 0.710449 0.776563 0.710938 0.773047 0.712891
0 0.788281 0.70166 0.787109 0.704102 0.787109 0.708496 0.789453 0.713867 0.795703 0.724609 0.8 0.727051 0.806641 0.73291 0.810156 0.733887 0.814844 0.73291 0.814453 0.728516 0.812891 0.726074 0.810937 0.720215 0.808203 0.716797 0.803125 0.70752 0.799609 0.703613 0.794531 0.700195 0.790234 0.700195
0 0.764844 0.649414 0.764453 0.653809 0.766797 0.661133 0.767969 0.663086 0.778125 0.670898 0.785937 0.674316 0.791797 0.674316 0.792578 0.67334 0.792578 0.666504 0.7875 0.656738 0.785547 0.655762 0.779297 0.649902 0.771875 0.647461 0.766797 0.647461
0 0.763281 0.629883 0.762109 0.627441 0.757812 0.625977 0.750781 0.625977 0.745703 0.627441 0.734375 0.634277 0.733984 0.63916 0.735547 0.641602 0.739844 0.643555 0.751953 0.643555 0.758203 0.63916 0.761719 0.634766 0.763281 0.631348
0 0.941797 0.842285 0.940234 0.840332 0.935937 0.839844 0.923828 0.842773 0.921094 0.844727 0.914062 0.852539 0.914062 0.856445 0.916016 0.858398 0.919141 0.859375 0.928516 0.859375 0.934766 0.857422 0.936719 0.855957 0.941406 0.849609 0.942187 0.84668
0 0.861719 0.907715 0.862891 0.911133 0.869531 0.917969 0.874609 0.921387 0.880859 0.92334 0.889453 0.922852 0.893359 0.92041 0.896875 0.916016 0.898047 0.913086 0.898047 0.911133 0.896094 0.908203 0.886719 0.905273 0.864844 0.903809 0.862891 0.904785
0 0.838281 0.779785 0.837109 0.779297 0.835547 0.780273 0.829297 0.780762 0.827344 0.782227 0.823047 0.783691 0.820703 0.785156 0.81875 0.787598 0.814453 0.790039 0.812891 0.79541 0.812891 0.800293 0.814453 0.807617 0.816016 0.810547 0.817969 0.812012 0.826562 0.810547 0.834766 0.801758 0.838672 0.794434 0.840234 0.787598 0.839844 0.782715
0 0.949609 0.651367 0.946484 0.651367 0.944531 0.652832 0.942187 0.657227 0.941406 0.661621 0.941797 0.681152 0.942969 0.685547 0.946094 0.688477 0.948047 0.688477 0.950781 0.685547 0.953125 0.677246 0.954297 0.669922 0.953906 0.658691 0.951953 0.652832
