1 0.205469 0.646973 0.203516 0.651855 0.203516 0.655273 0.205469 0.662109 0.212109 0.669434 0.214844 0.668945 0.216406 0.666992 0.216406 0.660156 0.214453 0.652832 0.209766 0.646484
1 0.187109 0.600098 0.184766 0.599609 0.180078 0.604004 0.176563 0.614258 0.176563 0.618164 0.177734 0.620605 0.182031 0.621094 0.186328 0.616211 0.188281 0.60791 0.188281 0.603027
1 0.403516 0.696289 0.401562 0.694824 0.392188 0.695801 0.387891 0.69873 0.383594 0.70459 0.383984 0.708496 0.3875 0.710938 0.392578 0.710938 0.396875 0.709473 0.403516 0.701172
1 0.104297 0.729492 0.101562 0.729004 0.0980469 0.72998 0.0875 0.737305 0.0851563 0.740723 0.084375 0.744629 0.0871094 0.747559 0.090625 0.748535 0.0988281 0.745117 0.102344 0.740723 0.104688 0.734863 0.105078 0.731445
1 0.0726563 0.723633 0.0714844 0.723145 0.0652344 0.725098 0.0613281 0.729492 0.059375 0.737305 0.0601563 0.744629 0.0617188 0.744629 0.0691406 0.739746 0.071875 0.730469
1 0.146484 0.835449 0.141797 0.845703 0.141797 0.854492 0.146094 0.862305 0.151172 0.863281 0.153906 0.860352 0.155078 0.856445 0.155078 0.847168 0.151953 0.837402 0.150391 0.835449
1 0.204687 0.878418 0.199609 0.878906 0.196484 0.880371 0.192578 0.885254 0.189062 0.893555 0.188672 0.902832 0.189844 0.904785 0.194531 0.905273 0.196875 0.903809 0.202734 0.896973 0.208203 0.88623 0.208594 0.880859
1 0.108203 0.859863 0.106641 0.860352 0.103516 0.864258 0.101562 0.871582 0.102344 0.881348 0.103906 0.883789 0.107813 0.884277 0.111328 0.879883 0.112891 0.875 0.112109 0.86377
1 0.05625 0.895996 0.0542969 0.899414 0.053125 0.911621 0.0546875 0.920898 0.0566406 0.923828 0.0597656 0.92334 0.0613281 0.92041 0.0621094 0.910156 0.0601563 0.898438
1 0.55625 0.985352 0.553125 0.982422 0.545312 0.984375 0.540625 0.989746 0.540234 0.994141 0.541406 0.996094 0.544531 0.998047 0.552734 0.99707 0.554297 0.995605 0.55625 0.990723
1 0.815234 0.735352 0.810937 0.736328 0.809375 0.738281 0.807422 0.744141 0.807422 0.752441 0.808984 0.755859 0.810937 0.757324 0.814063 0.754395 0.816016 0.74707 0.816797 0.739258 0.816406 0.736328
1 0.983984 0.58252 0.98125 0.582031 0.978906 0.583496 0.976562 0.586914 0.973828 0.594238 0.973828 0.599609 0.974609 0.600586 0.978906 0.601074 0.982812 0.597168 0.985156 0.588867
1 0.873828 0.451172 0.871094 0.44873 0.864453 0.448242 0.856641 0.453613 0.855469 0.455566 0.855078 0.459473 0.859766 0.462402 0.865625 0.462402 0.869922 0.460938 0.873828 0.457031
1 0.911328 0.225098 0.908594 0.229004 0.907813 0.237305 0.909375 0.245605 0.911719 0.249023 0.916406 0.247559 0.918359 0.244629 0.919531 0.239746 0.919531 0.234863 0.916797 0.227539
1 0.838281 0.0537109 0.835938 0.0571289 0.835547 0.0654297 0.837109 0.0693359 0.840234 0.0727539 0.845703 0.0742188 0.847656 0.0722656 0.848047 0.0683594 0.847266 0.0644531 0.841406 0.0546875
1 0.828906 0.00537109 0.825391 0.0078125 0.824609 0.0166016 0.827344 0.0263672 0.828906 0.027832 0.83125 0.027832 0.833594 0.0253906 0.834766 0.0161133 0.832812 0.0078125 0.83125 0.00585938
1 0.801172 0.00976562 0.798828 0.0078125 0.794531 0.00683594 0.786328 0.00878906 0.783594 0.0117188 0.782813 0.0175781 0.786719 0.0209961 0.793359 0.0209961 0.798828 0.019043 0.801172 0.0166016 0.801953 0.0141602
1 0.761719 0 0.753906 0 0.751563 0.00439453 0.750781 0.0107422 0.752344 0.012207 0.756641 0.012207 0.760156 0.00976562 0.762109 0.00683594
1 0.928906 0.0532227 0.928906 0.0576172 0.930859 0.0605469 0.938672 0.0644531 0.943359 0.0649414 0.946875 0.0615234 0.947266 0.059082 0.946094 0.0546875 0.940625 0.050293 0.933594 0.0498047 0.930859 0.0507812
1 0.741016 0.012207 0.738672 0.0126953 0.734375 0.0175781 0.733203 0.0273438 0.733984 0.0302734 0.735938 0.0322266 0.741016 0.0302734 0.743359 0.0244141 0.744141 0.0166016
1 0.485938 0.0908203 0.482031 0.0893555 0.476953 0.0947266 0.475391 0.0996094 0.475391 0.105957 0.476562 0.108398 0.480078 0.108887 0.483594 0.106445 0.486328 0.097168
1 0.153516 0.419434 0.151172 0.41748 0.149219 0.41748 0.142187 0.420898 0.140234 0.42334 0.137891 0.429688 0.138672 0.435547 0.142969 0.437012 0.146875 0.435059 0.152344 0.427246
1 0.149609 0.251953 0.149609 0.257324 0.154688 0.261719 0.158984 0.262207 0.1625 0.26123 0.164844 0.256836 0.164062 0.25293 0.1625 0.251465 0.153516 0.250488
1 0.397266 0.54541 0.392578 0.541504 0.383984 0.540527 0.376172 0.543945 0.373047 0.547852 0.372266 0.552734 0.376172 0.556641 0.385547 0.556641 0.390625 0.554688 0.395313 0.55127 0.397266 0.548828
1 0.170703 0.59375 0.165625 0.592285 0.158203 0.594727 0.154297 0.602539 0.154688 0.607422 0.157422 0.609863 0.161328 0.609863 0.167578 0.605957 0.170313 0.602539 0.171484 0.599121
1 0.145703 0.539062 0.14375 0.540527 0.142187 0.544922 0.142969 0.552734 0.144141 0.556152 0.147266 0.561035 0.149609 0.5625 0.153906 0.561523 0.155078 0.557129 0.153906 0.547852 0.15 0.540527
1 0.119141 0.537109 0.114453 0.537598 0.111328 0.541016 0.109766 0.544922 0.108984 0.557129 0.110547 0.564453 0.111719 0.56543 0.115234 0.56543 0.119531 0.558105 0.121094 0.552246 0.122266 0.540039
1 0.117969 0.510254 0.116016 0.512695 0.114062 0.519531 0.114453 0.53418 0.117188 0.539551 0.122656 0.541016 0.125391 0.533203 0.125 0.521973 0.122656 0.513672 0.119922 0.510254
1 0.703906 0.97168 0.701172 0.975098 0.701562 0.982422 0.705469 0.991211 0.709766 0.992188 0.712109 0.988281 0.711328 0.978516 0.708203 0.973145
1 0.825 0.408203 0.825391 0.411621 0.826562 0.413574 0.833203 0.416016 0.836328 0.416016 0.842969 0.413574 0.846094 0.40918 0.846094 0.40625 0.844922 0.403809 0.842187 0.402344 0.830859 0.401367 0.827344 0.40332
1 0.568359 0.304199 0.564063 0.303223 0.559766 0.307129 0.555859 0.316406 0.555469 0.321777 0.55625 0.324219 0.560156 0.325684 0.564844 0.321777 0.566797 0.318848 0.569141 0.310059 0.569141 0.305664
1 0.852344 0.134766 0.850391 0.133301 0.844141 0.133301 0.841797 0.134277 0.835938 0.141602 0.835938 0.146973 0.8375 0.149414 0.839844 0.150391 0.842578 0.150391 0.849219 0.146973 0.851953 0.144043 0.853516 0.139648
1 0.645703 0.0712891 0.646484 0.0766602 0.651172 0.0839844 0.657031 0.0883789 0.6625 0.0878906 0.663281 0.0849609 0.662891 0.0791016 0.659375 0.0727539 0.654297 0.0693359 0.648828 0.0693359
0 0.685547 0.0244141 0.680078 0.0253906 0.673828 0.0327148 0.672266 0.0419922 0.673828 0.0444336 0.678906 0.0439453 0.684375 0.0375977 0.686719 0.0297852
0 0.732031 0.00439453 0.728125 0.00439453 0.725781 0.0117188 0.725391 0.0214844 0.728516 0.0253906 0.732812 0.0214844 0.733984 0.0180664 0.734375 0.00927734
0 0.777344 0.126953 0.777734 0.132324 0.781641 0.135254 0.787891 0.134766 0.791797 0.131836 0.793359 0.12793 0.791797 0.124512 0.7875 0.122559 0.782422 0.123047
0 0.807031 0.166504 0.803125 0.167969 0.8 0.17334 0.799219 0.181641 0.800391 0.186035 0.802344 0.188477 0.807422 0.186035 0.810156 0.178711 0.810156 0.169922
0 0.224609 0.229004 0.221875 0.233398 0.221484 0.243652 0.223438 0.250977 0.226172 0.251953 0.228906 0.250977 0.230859 0.248535 0.232422 0.238281 0.231641 0.23291 0.230078 0.230469 0.227344 0.229004
0 0.189062 0.228516 0.185547 0.235352 0.185156 0.244629 0.187109 0.25 0.190234 0.251953 0.192969 0.249512 0.194141 0.246582 0.194531 0.234375 0.192969 0.22998
0 0.341406 0.312988 0.338281 0.310059 0.333203 0.310059 0.325391 0.313965 0.322266 0.318848 0.325 0.324219 0.33125 0.325195 0.341016 0.319336 0.341797 0.316895
0 0.189453 0.353027 0.182031 0.356445 0.176563 0.362793 0.173828 0.369141 0.175 0.374023 0.177344 0.375977 0.179297 0.375977 0.184766 0.373535 0.186719 0.371094 0.190234 0.361328 0.190234 0.354004
0 0.220312 0.400391 0.220703 0.405273 0.226953 0.409668 0.233594 0.410156 0.236328 0.407715 0.236328 0.403809 0.232813 0.399414 0.223828 0.397949
0 0.198047 0.63623 0.194141 0.633789 0.191016 0.634277 0.182422 0.641602 0.176172 0.653809 0.176953 0.656738 0.186328 0.655273 0.193359 0.649902 0.198437 0.643066 0.198828 0.638184
0 0.170703 0.618164 0.165625 0.619141 0.160938 0.626465 0.159766 0.631836 0.159766 0.637207 0.161719 0.641602 0.166797 0.640625 0.171094 0.634766 0.173047 0.627441 0.173047 0.623535
0 0.146484 0.653809 0.145313 0.65625 0.145313 0.660645 0.148438 0.666992 0.154297 0.672852 0.157031 0.673828 0.160547 0.672852 0.162109 0.67041 0.162109 0.665039 0.158594 0.65918 0.153125 0.653809
0 0.142969 0.669922 0.141797 0.671875 0.141797 0.680176 0.142578 0.683105 0.146484 0.689453 0.150391 0.689453 0.152734 0.685547 0.152344 0.679199 0.151172 0.67627 0.147266 0.671387
1 0.629687 0.892578 0.625781 0.890625 0.618359 0.893066 0.612891 0.900391 0.6125 0.904297 0.614844 0.908691 0.619141 0.908691 0.626172 0.904297 0.630078 0.896973
0 0.817578 0.430664 0.817578 0.436035 0.827344 0.443359 0.830469 0.443848 0.833594 0.439941 0.830859 0.433105 0.826172 0.429199 0.820703 0.428711
0 0.810937 0.443359 0.810547 0.447754 0.814844 0.452637 0.81875 0.45459 0.822266 0.45459 0.825391 0.452148 0.825781 0.447266 0.825 0.445312 0.819141 0.439941 0.814063 0.439941
0 0.803516 0.462891 0.803125 0.468262 0.805469 0.475098 0.810547 0.479492 0.812891 0.479004 0.814063 0.477539 0.814453 0.474609 0.810937 0.46582 0.807031 0.462402
0 0.862891 0.439941 0.860156 0.4375 0.853906 0.437012 0.848828 0.438965 0.846484 0.441895 0.846094 0.444336 0.847266 0.447266 0.849609 0.449219 0.855469 0.449707 0.858594 0.448242 0.8625 0.444336
