0 0.475312 0.50918 0.470703 0.510791 0.466016 0.521484 0.464844 0.529297 0.465859 0.542236 0.472031 0.537256 0.475391 0.529785 0.477734 0.516064
0 0.525391 0.497119 0.523828 0.503418 0.524609 0.51709 0.528906 0.523438 0.532305 0.528369 0.53625 0.526611 0.536328 0.518555 0.535156 0.51123 0.529297 0.501953
0 0.583984 0.51416 0.583203 0.515137 0.581641 0.515137 0.577344 0.520508 0.576953 0.520508 0.575 0.522949 0.574219 0.522949 0.573438 0.523926 0.573047 0.523926 0.571484 0.525879 0.571094 0.525879 0.566797 0.53125 0.566797 0.531738 0.564844 0.53418 0.564844 0.535156 0.564453 0.535645 0.564453 0.536133 0.564063 0.536621 0.564063 0.537109 0.562891 0.538574 0.562891 0.540039 0.562109 0.541016 0.562109 0.541504 0.561719 0.541992 0.561719 0.54248 0.561328 0.542969 0.561328 0.544922 0.560937 0.54541 0.560937 0.550293 0.562109 0.551758 0.565625 0.551758 0.566016 0.55127 0.566797 0.55127 0.567187 0.550781 0.567578 0.550781 0.567969 0.550293 0.568359 0.550293 0.569141 0.549316 0.569531 0.549316 0.570312 0.54834 0.570703 0.54834 0.573047 0.54541 0.573438 0.54541 0.574609 0.543945 0.575 0.543945 0.576562 0.541992 0.577734 0.541992 0.578906 0.540527 0.579688 0.540527 0.58125 0.538574 0.581641 0.538574 0.583203 0.536621 0.583203 0.536133 0.584375 0.534668 0.584375 0.533203 0.584766 0.532715 0.584766 0.532227 0.585156 0.531738 0.585156 0.53125 0.585938 0.530273 0.585938 0.529785 0.587109 0.52832 0.587109 0.527832 0.5875 0.527344 0.5875 0.526855 0.588281 0.525879 0.588281 0.524902 0.588672 0.524414 0.588672 0.523438 0.589453 0.522461 0.589453 0.521973 0.589844 0.521484 0.589844 0.520996 0.591016 0.519531 0.591016 0.516113 0.589844 0.514648 0.589063 0.514648 0.588672 0.51416
0 0.580078 0.538086 0.579297 0.539062 0.578516 0.539062 0.578125 0.539551 0.576562 0.539551 0.573828 0.542969 0.573438 0.542969 0.573047 0.543457 0.572656 0.543457 0.571875 0.544434 0.571484 0.544434 0.569141 0.547363 0.568359 0.547363 0.567969 0.547852 0.567187 0.547852 0.566406 0.548828 0.566016 0.548828 0.564844 0.550293 0.564453 0.550293 0.563672 0.55127 0.5625 0.55127 0.561719 0.552246 0.561328 0.552246 0.560547 0.553223 0.560156 0.553223 0.560156 0.553711 0.559375 0.554688 0.558984 0.554688 0.558203 0.555664 0.557813 0.555664 0.556641 0.557129 0.556641 0.557617 0.555859 0.558594 0.555859 0.562012 0.557813 0.564453 0.558984 0.564453 0.559375 0.564941 0.559766 0.564941 0.560156 0.56543 0.566797 0.56543 0.567187 0.564941 0.568359 0.564941 0.56875 0.564453 0.570312 0.564453 0.571094 0.563477 0.571484 0.563477 0.572266 0.5625 0.573047 0.5625 0.573828 0.561523 0.574609 0.561523 0.575391 0.560547 0.575781 0.560547 0.576172 0.560059 0.576562 0.560059 0.576953 0.55957 0.577344 0.55957 0.577734 0.559082 0.578125 0.559082 0.579297 0.557617 0.579688 0.557617 0.580078 0.557129 0.580469 0.557129 0.581641 0.555664 0.582031 0.555664 0.585938 0.550781 0.585938 0.550293 0.588281 0.547363 0.588281 0.546875 0.589453 0.54541 0.589453 0.540527 0.5875 0.538086
0 0.6125 0.504883 0.612109 0.505371 0.611719 0.505371 0.610547 0.506836 0.610547 0.509277 0.610156 0.509766 0.610156 0.525879 0.610547 0.526367 0.610547 0.530762 0.611719 0.532227 0.611719 0.532715 0.6125 0.533691 0.6125 0.53418 0.613281 0.535156 0.613281 0.536133 0.613672 0.536621 0.613672 0.538574 0.616406 0.541992 0.616797 0.541992 0.617188 0.54248 0.617578 0.54248 0.617969 0.542969 0.619141 0.542969 0.619531 0.543457 0.623437 0.543457 0.624609 0.541992 0.624609 0.537598 0.624219 0.537109 0.624219 0.535645 0.623828 0.535156 0.623828 0.524414 0.623047 0.523438 0.623047 0.521484 0.622656 0.520996 0.622656 0.520508 0.621875 0.519531 0.621875 0.518555 0.621484 0.518066 0.621484 0.51709 0.621094 0.516602 0.621094 0.515625 0.620703 0.515137 0.620703 0.51416 0.619922 0.513184 0.619922 0.512695 0.619531 0.512207 0.619531 0.511719 0.618359 0.510254 0.618359 0.509766 0.617969 0.509277 0.617969 0.508789 0.614844 0.504883
0 0.625 0.509277 0.623828 0.510742 0.623828 0.511719 0.623437 0.512207 0.623437 0.516113 0.623828 0.516602 0.623828 0.518066 0.624609 0.519043 0.624609 0.519531 0.625391 0.520508 0.625391 0.530273 0.625781 0.530762 0.625781 0.533691 0.628906 0.537598 0.628906 0.538574 0.629297 0.539062 0.629297 0.540039 0.629687 0.540527 0.629297 0.541016 0.629297 0.542969 0.630078 0.543945 0.630078 0.54541 0.630469 0.545898 0.630469 0.546875 0.631641 0.54834 0.633203 0.54834 0.634375 0.546875 0.634375 0.543945 0.633984 0.543457 0.633984 0.541504 0.636328 0.538574 0.636328 0.537598 0.637109 0.536621 0.637109 0.533203 0.635938 0.531738 0.635938 0.528809 0.6375 0.526855 0.6375 0.525879 0.637891 0.525391 0.637891 0.521484 0.6375 0.520996 0.6375 0.520508 0.636719 0.519531 0.636719 0.519043 0.635547 0.517578 0.635547 0.51709 0.634375 0.515625 0.633594 0.515625 0.633203 0.515137 0.632812 0.515137 0.632031 0.51416 0.632031 0.513184 0.631641 0.512695 0.631641 0.512207 0.629297 0.509277
0 0.646875 0.402832 0.644531 0.40332 0.641406 0.407715 0.640625 0.412109 0.634766 0.424316 0.631406 0.436865 0.630078 0.439941 0.629687 0.443848 0.634102 0.440381 0.640234 0.436035 0.644141 0.432129 0.648047 0.418457 0.648438 0.407227
0 0.669531 0.433105 0.666016 0.433594 0.661328 0.440918 0.660156 0.455566 0.662109 0.458496 0.666406 0.45752 0.670703 0.451172 0.671875 0.438477
0 0.567187 0.431152 0.564453 0.427246 0.559766 0.428223 0.551562 0.43457 0.548047 0.439941 0.553906 0.443848 0.560156 0.443359 0.566406 0.435547
0 0.500391 0.426758 0.498047 0.426758 0.494531 0.432129 0.488672 0.446777 0.489063 0.456055 0.49375 0.473145 0.494922 0.472656 0.498828 0.457031 0.499609 0.438477 0.501563 0.428223
0 0.486797 0.360156 0.489453 0.378906 0.491797 0.38623 0.494531 0.390625 0.498437 0.393066 0.500391 0.392578 0.500781 0.386719 0.498828 0.376465 0.494531 0.371094
0 0.796406 0.366797 0.782031 0.368652 0.774219 0.37207 0.765 0.378467 0.761758 0.386768 0.775781 0.385742 0.783984 0.380371 0.792109 0.374365
0 0.755859 0.313281 0.751953 0.317383 0.746875 0.323242 0.742227 0.329785 0.744609 0.337793 0.751953 0.333496 0.75625 0.329102 0.757422 0.319824
0 0.718789 0.316748 0.723437 0.325684 0.728516 0.330566 0.733984 0.332031 0.7375 0.330078 0.738281 0.326172 0.732422 0.318848 0.724023 0.314258
0 0.747656 0.29248 0.743359 0.291992 0.739453 0.298828 0.738672 0.312012 0.740625 0.317383 0.745703 0.316895 0.748828 0.312012 0.75 0.29834
0 0.719141 0.263672 0.719922 0.270996 0.723828 0.275391 0.730391 0.287988 0.736992 0.293701 0.74082 0.28916 0.738477 0.278223 0.725391 0.266602 0.720703 0.263184
0 0.769922 0.348633 0.770703 0.354004 0.774219 0.356445 0.782031 0.355957 0.784766 0.354492 0.785937 0.351562 0.785156 0.34668 0.782813 0.345215 0.773828 0.345215
0 0.731133 0.421387 0.735547 0.416992 0.741406 0.415039 0.748047 0.415527 0.756406 0.42168 0.749219 0.42627 0.745313 0.428711 0.736719 0.427246 0.728828 0.426074
0 0.911328 0.367676 0.909766 0.370605 0.909375 0.378906 0.914453 0.39209 0.922266 0.397461 0.935039 0.403662 0.928125 0.39209 0.922656 0.376465 0.914844 0.368652
0 0.956992 0.430225 0.948438 0.432617 0.939453 0.437988 0.933203 0.450684 0.92707 0.457422 0.942187 0.453613 0.948828 0.449707 0.954688 0.440918
0 0.953086 0.262305 0.946875 0.266113 0.94375 0.268066 0.938672 0.274902 0.9375 0.279297 0.938672 0.287598 0.944141 0.288086 0.950391 0.279785 0.951953 0.273438
0 0.929688 0.274512 0.930859 0.287598 0.927734 0.306152 0.924609 0.310059 0.919141 0.314893 0.917578 0.304688 0.919141 0.289551 0.926953 0.278809
0 0.907344 0.321387 0.898047 0.32959 0.891406 0.337402 0.890234 0.346191 0.889141 0.355859 0.897266 0.350586 0.903906 0.341797 0.908516 0.328711
0 0.896875 0.361426 0.892188 0.366211 0.888672 0.374512 0.888672 0.383789 0.891797 0.387207 0.894141 0.385254 0.897656 0.377441 0.898047 0.369629
0 0.981641 0.390137 0.98125 0.390625 0.978516 0.390625 0.978125 0.391113 0.976953 0.391113 0.976562 0.391602 0.975391 0.391602 0.974609 0.392578 0.973828 0.392578 0.972656 0.394043 0.972266 0.394043 0.970313 0.396484 0.970313 0.396973 0.969922 0.397461 0.969922 0.397949 0.969531 0.398438 0.969531 0.398926 0.96875 0.399902 0.96875 0.400391 0.968359 0.400879 0.968359 0.40332 0.969141 0.404297 0.969141 0.404785 0.970313 0.40625 0.975781 0.40625 0.976172 0.405762 0.979688 0.405762 0.980078 0.405273 0.983984 0.405273 0.984375 0.404785 0.984766 0.404785 0.985156 0.404297 0.985938 0.404297 0.986328 0.403809 0.986719 0.403809 0.9875 0.402832 0.988672 0.402832 0.991406 0.399414 0.991406 0.398926 0.991797 0.398438 0.991797 0.39502 0.991406 0.394531 0.991406 0.394043 0.989844 0.39209 0.989062 0.39209 0.988672 0.391602 0.988281 0.391602 0.987891 0.391113 0.987109 0.391113 0.986719 0.390625 0.985547 0.390625 0.985156 0.390137
0 0.982422 0.402344 0.982031 0.402832 0.980078 0.402832 0.979297 0.403809 0.978516 0.403809 0.977344 0.405273 0.977344 0.408691 0.977734 0.40918 0.977734 0.410156 0.978125 0.410645 0.978125 0.411133 0.980078 0.413574 0.980469 0.413574 0.980859 0.414062 0.981641 0.414062 0.982031 0.414551 0.983984 0.414551 0.984375 0.415039 0.992188 0.415039 0.992578 0.414551 0.992969 0.414551 0.993359 0.414062 0.995313 0.414062 0.996484 0.412598 0.996484 0.409668 0.995703 0.408691 0.995703 0.407227 0.995313 0.406738 0.995313 0.40625 0.99375 0.404297 0.993359 0.404297 0.992578 0.40332 0.991797 0.40332 0.991406 0.402832 0.988672 0.402832 0.988281 0.402344
0 0.966797 0.575684 0.966797 0.580566 0.971484 0.591797 0.983984 0.598145 0.989453 0.604492 0.992188 0.603516 0.9875 0.586914 0.983203 0.57959 0.972266 0.57373
0 0.871953 0.537988 0.881641 0.544922 0.887891 0.550293 0.896094 0.550293 0.904023 0.549121 0.897266 0.540039 0.888672 0.535156 0.883984 0.536133
0 0.935781 0.587549 0.932031 0.591797 0.929688 0.595703 0.928516 0.606934 0.930859 0.609863 0.935937 0.608398 0.9375 0.60498 0.938281 0.594727
1 0.923086 0.512695 0.926562 0.518066 0.933594 0.521973 0.940625 0.521484 0.955664 0.521387 0.945703 0.513184 0.940234 0.509277 0.932031 0.509766
1 0.859727 0.453809 0.853125 0.463867 0.848828 0.469727 0.848437 0.476074 0.849219 0.482373 0.853906 0.479492 0.858594 0.474609 0.86168 0.462012
1 0.832031 0.595215 0.830469 0.597656 0.831641 0.607422 0.836719 0.61377 0.841797 0.61377 0.843359 0.607422 0.841406 0.599121 0.838281 0.595703
0 0.834375 0.455762 0.833594 0.474121 0.836719 0.483398 0.841406 0.487305 0.848789 0.491602 0.846875 0.479492 0.84375 0.469727 0.838281 0.460547
0 0.869453 0.46499 0.860938 0.475098 0.85625 0.485352 0.852422 0.490723 0.855117 0.49751 0.861719 0.494141 0.867188 0.48584 0.874102 0.465967
0 0.863945 0.430371 0.852344 0.439941 0.846094 0.447266 0.838438 0.461719 0.848437 0.457031 0.857422 0.452637 0.859375 0.444824
0 0.868047 0.733447 0.862617 0.734473 0.86875 0.749023 0.873437 0.759277 0.87582 0.766455 0.879687 0.753418 0.878906 0.744141 0.873828 0.73584
0 0.84332 0.746191 0.833984 0.751953 0.830859 0.754395 0.823047 0.766602 0.816563 0.770068 0.826953 0.773438 0.834375 0.77002 0.839844 0.760742
0 0.899219 0.770996 0.898047 0.776367 0.9 0.78418 0.904297 0.788574 0.908984 0.788086 0.910156 0.781738 0.907422 0.775391 0.903906 0.770996
0 0.979688 0.723633 0.982031 0.728516 0.990234 0.730469 0.996875 0.725586 0.996875 0.720703 0.994141 0.718262 0.987109 0.718262 0.981641 0.719727
1 0.887891 0.736816 0.884766 0.739746 0.884766 0.748535 0.889062 0.756836 0.895664 0.764551 0.896094 0.753418 0.895703 0.748047 0.892188 0.740234
1 0.959297 0.644141 0.950391 0.647949 0.946484 0.650391 0.944141 0.658203 0.942266 0.667432 0.951172 0.666016 0.954688 0.662109 0.957422 0.655762
1 0.752852 0.858496 0.744531 0.856445 0.739453 0.856445 0.732812 0.861328 0.730586 0.866162 0.735547 0.868652 0.741016 0.868652 0.746484 0.865723
0 0.598828 0.731445 0.59375 0.743652 0.594531 0.764648 0.597656 0.775391 0.604297 0.787842 0.607812 0.77002 0.607812 0.753418 0.601172 0.732422
1 0.519141 0.692871 0.516016 0.697266 0.516797 0.703125 0.525781 0.714844 0.529297 0.714844 0.530469 0.704102 0.528906 0.696777 0.521875 0.691895
0 0.465234 0.803564 0.453516 0.812988 0.446875 0.818848 0.44375 0.825684 0.440234 0.842285 0.442578 0.845703 0.457422 0.825684 0.459766 0.819336
0 0.460977 0.787012 0.453906 0.793457 0.446875 0.798828 0.444922 0.805664 0.446484 0.814453 0.451562 0.814941 0.458945 0.807422 0.458203 0.806152
0 0.414141 0.851611 0.407813 0.856445 0.399609 0.862305 0.395703 0.87207 0.393711 0.877002 0.393594 0.883838 0.402344 0.880859 0.409375 0.872559 0.412891 0.862305
0 0.360938 0.726074 0.356641 0.726562 0.351562 0.736328 0.351953 0.745117 0.35625 0.749512 0.361328 0.74707 0.363281 0.740234 0.363672 0.730957
0 0.317617 0.690723 0.319141 0.705078 0.319141 0.714355 0.315234 0.723633 0.311563 0.734961 0.308594 0.717285 0.308984 0.711426 0.313281 0.70166
0 0.325781 0.793945 0.322266 0.793945 0.314844 0.800781 0.309414 0.810303 0.30457 0.822656 0.313398 0.817871 0.325391 0.807617 0.326953 0.804199 0.333672 0.788232
0 0.278555 0.759717 0.282422 0.775879 0.283594 0.783203 0.290234 0.79248 0.295273 0.793994 0.294531 0.782715 0.292969 0.77832 0.287891 0.771973
0 0.275625 0.759717 0.265625 0.759863 0.260234 0.762012 0.254375 0.765479 0.249609 0.767578 0.245898 0.775098 0.25 0.778369 0.254688 0.776416 0.258164 0.773926 0.262695 0.771484 0.267578 0.77002 0.269531 0.76709
0 0.237148 0.779736 0.232891 0.778516 0.232031 0.797852 0.232422 0.806152 0.23582 0.819043 0.241016 0.809082 0.242969 0.800293 0.242969 0.790527
0 0.257109 0.707373 0.246875 0.718262 0.244531 0.724121 0.244531 0.730957 0.243281 0.744922 0.251563 0.734375 0.254297 0.728516 0.255078 0.720215
1 0.330078 0.70459 0.327734 0.708984 0.328516 0.719727 0.333594 0.727051 0.337109 0.726562 0.339062 0.722656 0.338672 0.712402 0.334375 0.705566
1 0.357383 0.755176 0.359375 0.760254 0.364063 0.76416 0.374609 0.765137 0.379297 0.763184 0.381641 0.760254 0.391289 0.753223 0.379297 0.751465 0.366016 0.750488 0.360938 0.752441
1 0.335938 0.738281 0.334766 0.739746 0.334766 0.740723 0.334375 0.741211 0.334375 0.744629 0.334766 0.745117 0.334766 0.746094 0.335156 0.746582 0.335156 0.747559 0.335547 0.748047 0.335547 0.748535 0.337109 0.750488 0.337109 0.750977 0.340234 0.754883 0.340625 0.754883 0.341797 0.756348 0.342187 0.756348 0.342578 0.756836 0.342969 0.756836 0.343359 0.757324 0.34375 0.757324 0.344531 0.758301 0.344922 0.758301 0.346484 0.760254 0.347656 0.760254 0.348047 0.760742 0.348438 0.760742 0.348828 0.76123 0.349219 0.76123 0.349609 0.761719 0.350391 0.761719 0.350781 0.762207 0.357422 0.762207 0.358203 0.76123 0.358984 0.76123 0.360156 0.759766 0.360156 0.753418 0.359375 0.752441 0.359375 0.751465 0.357422 0.749023 0.357031 0.749023 0.355859 0.747559 0.355078 0.747559 0.354687 0.74707 0.354297 0.74707 0.353906 0.746582 0.353125 0.746582 0.352734 0.746094 0.352344 0.746094 0.351953 0.745605 0.351172 0.745605 0.350781 0.745117 0.350391 0.745117 0.35 0.744629 0.349609 0.744629 0.349219 0.744141 0.348828 0.744141 0.348438 0.743652 0.348047 0.743652 0.346484 0.741699 0.346094 0.741699 0.345703 0.741211 0.344922 0.741211 0.344531 0.740723 0.34375 0.740723 0.343359 0.740234 0.341797 0.740234 0.341016 0.739258 0.339844 0.739258 0.339453 0.73877 0.338281 0.73877 0.337891 0.738281
2 0.302734 0.766602 0.298828 0.768066 0.296484 0.775879 0.296094 0.791992 0.298047 0.794922 0.303125 0.793945 0.305469 0.787109 0.30625 0.776367
2 0.341016 0.701172 0.339844 0.702637 0.339844 0.70459 0.340234 0.705078 0.339844 0.705566 0.339844 0.707031 0.339453 0.70752 0.339453 0.711426 0.339844 0.711914 0.339844 0.714844 0.340234 0.715332 0.340234 0.717773 0.340625 0.718262 0.340625 0.719238 0.341406 0.720215 0.341406 0.721191 0.342187 0.722168 0.342187 0.723145 0.342969 0.724121 0.342969 0.724609 0.343359 0.725098 0.343359 0.725586 0.34375 0.726074 0.34375 0.727051 0.344141 0.727539 0.344141 0.728027 0.344531 0.728516 0.344531 0.72998 0.344922 0.730469 0.344922 0.730957 0.345313 0.731445 0.345313 0.731934 0.346094 0.73291 0.346094 0.733398 0.347266 0.734863 0.347656 0.734863 0.348047 0.735352 0.348438 0.735352 0.348828 0.73584 0.349219 0.73584 0.349609 0.736328 0.353906 0.736328 0.355469 0.734375 0.355469 0.729004 0.355078 0.728516 0.355078 0.727539 0.354687 0.727051 0.354687 0.725586 0.354297 0.725098 0.354297 0.724609 0.353906 0.724121 0.353906 0.723633 0.353516 0.723145 0.353516 0.722656 0.352344 0.721191 0.352344 0.720215 0.351953 0.719727 0.351953 0.718262 0.351172 0.717285 0.351172 0.716797 0.350391 0.71582 0.350391 0.714355 0.349609 0.713379 0.349609 0.712891 0.349219 0.712402 0.349219 0.711914 0.348438 0.710938 0.348438 0.709961 0.347656 0.708984 0.347656 0.708008 0.347266 0.70752 0.347266 0.707031 0.346875 0.706543 0.346875 0.706055 0.345703 0.70459 0.345313 0.70459 0.342578 0.701172
0 0.310937 0.821289 0.305859 0.823242 0.302344 0.831543 0.301953 0.836426 0.304063 0.85166 0.307422 0.84082 0.311719 0.833984 0.3125 0.825195
0 0.20625 0.852393 0.196094 0.854492 0.189062 0.85791 0.184766 0.864746 0.181523 0.877197 0.190234 0.874023 0.194141 0.87207 0.200781 0.863281
0 0.307539 0.871191 0.300391 0.870117 0.294141 0.871582 0.288086 0.87915 0.291094 0.881836 0.294531 0.883301 0.302344 0.880859 0.304688 0.876465
0 0.179414 0.795752 0.175 0.813965 0.175391 0.82666 0.182031 0.842285 0.184375 0.845703 0.186328 0.845703 0.187109 0.836426 0.185938 0.813965 0.182422 0.808105
0 0.133984 0.848633 0.125625 0.847705 0.1375 0.85791 0.145313 0.856934 0.159766 0.842627 0.147656 0.845215 0.140234 0.845215
1 0.281562 0.905811 0.272656 0.905762 0.255078 0.907227 0.250781 0.912109 0.25 0.916016 0.257422 0.92041 0.269922 0.92041 0.276172 0.915527
1 0.33082 0.83374 0.333984 0.849121 0.338672 0.85791 0.345703 0.862793 0.353867 0.866895 0.350391 0.853027 0.345313 0.846191 0.339062 0.844238
1 0.440664 0.808252 0.434375 0.806641 0.426172 0.807617 0.413281 0.822266 0.413281 0.825195 0.415625 0.82666 0.428516 0.826172 0.436719 0.818359
0 0.0335937 0.814941 0.028125 0.813965 0.0242188 0.81543 0.0167969 0.823242 0.0140625 0.830078 0.00273437 0.832178 0.0203125 0.836914 0.0261719 0.833496 0.0292969 0.830078 0.0427734 0.810791
0 0.161719 0.681152 0.158203 0.681152 0.145313 0.693359 0.141016 0.70459 0.135156 0.712402 0.136328 0.71582 0.139453 0.716309 0.155078 0.703613 0.159375 0.693848
1 0.259375 0.613281 0.255469 0.617676 0.250391 0.626953 0.246094 0.650391 0.247266 0.657227 0.253125 0.65332 0.260156 0.633789 0.262891 0.614258
1 0.390234 0.562012 0.389453 0.564453 0.393359 0.575684 0.407422 0.583496 0.409766 0.583008 0.410156 0.580078 0.400391 0.564941 0.392969 0.561035
1 0.437852 0.528369 0.429688 0.52832 0.421094 0.532715 0.417187 0.540039 0.417578 0.54541 0.419531 0.547852 0.422656 0.547852 0.428516 0.544922 0.433984 0.537598 0.443984 0.531299
1 0.369531 0.520508 0.364844 0.519531 0.352734 0.526367 0.346094 0.532227 0.34375 0.537109 0.330273 0.541504 0.348047 0.545898 0.354687 0.543945
1 0.276602 0.511768 0.278516 0.518066 0.283984 0.527344 0.291016 0.53125 0.296836 0.531201 0.294531 0.524414 0.290625 0.51709 0.283984 0.512207
1 0.396016 0.401514 0.394922 0.414551 0.39375 0.42627 0.389062 0.432129 0.378672 0.435449 0.383203 0.427246 0.383984 0.415039 0.387891 0.40918
0 0.333359 0.469824 0.319141 0.470215 0.310547 0.470703 0.301563 0.478027 0.291602 0.496338 0.303516 0.486328 0.315234 0.483398 0.319531 0.479492
0 0.29375 0.501465 0.29375 0.506836 0.295703 0.509277 0.302344 0.512207 0.310547 0.511719 0.327109 0.513086 0.315234 0.504883 0.3125 0.500488 0.304688 0.496582 0.298047 0.496582
2 0.341406 0.478516 0.339062 0.477051 0.329297 0.478516 0.325391 0.481934 0.315625 0.48584 0.309375 0.492188 0.308984 0.495117 0.310547 0.49707 0.317969 0.496094 0.338281 0.483398
0 0.309414 0.322998 0.317969 0.330566 0.325 0.338867 0.327734 0.351562 0.326953 0.356445 0.322656 0.35498 0.316406 0.344727 0.313672 0.342773 0.312109 0.335938
0 0.376563 0.282715 0.376953 0.289062 0.383203 0.293945 0.3875 0.302734 0.392969 0.308105 0.402383 0.317969 0.4 0.29834 0.396875 0.290039 0.392188 0.286133 0.384766 0.285156 0.38125 0.282227
0 0.393672 0.258984 0.404297 0.268555 0.409375 0.278809 0.410156 0.285645 0.408125 0.300098 0.403516 0.291016 0.400391 0.284668 0.398828 0.271973
0 0.433594 0.278809 0.438672 0.295898 0.442188 0.299805 0.447656 0.302734 0.453906 0.299805 0.450781 0.290039 0.444922 0.282715 0.436719 0.277832
0 0.501406 0.248633 0.500195 0.262891 0.500781 0.283203 0.504297 0.290527 0.505078 0.295898 0.509375 0.30127 0.507422 0.275879 0.505469 0.269043 0.505117 0.261084
1 0.381641 0.308594 0.378516 0.309082 0.376172 0.311523 0.371484 0.322266 0.373047 0.339355 0.375781 0.342285 0.379688 0.337891 0.383203 0.327637 0.383984 0.314941
1 0.396797 0.342773 0.389062 0.35791 0.388281 0.373047 0.391016 0.382812 0.396172 0.39585 0.398203 0.386279 0.398438 0.381348 0.400391 0.368652 0.396484 0.353516
0 0.580859 0.243457 0.571875 0.256836 0.565625 0.262695 0.550859 0.266162 0.546992 0.264111 0.554688 0.254883 0.557031 0.251465 0.564844 0.248535 0.57457 0.244922
0 0.588672 0.217773 0.587891 0.221191 0.589453 0.224609 0.594531 0.229492 0.6 0.230469 0.601953 0.228516 0.602734 0.223145 0.600781 0.219238 0.594141 0.216309
1 0.531484 0.20918 0.530078 0.214355 0.526563 0.220215 0.526172 0.225586 0.528125 0.228516 0.532422 0.226074 0.535156 0.221191 0.534766 0.216797
1 0.54375 0.225098 0.546172 0.241504 0.547891 0.264014 0.552969 0.254492 0.554688 0.248047 0.553906 0.239258
1 0.558594 0.268066 0.557031 0.269043 0.559375 0.299316 0.560937 0.307617 0.564063 0.309082 0.56875 0.299805 0.569531 0.290039 0.568359 0.28418 0.561328 0.269043
1 0.618359 0.202637 0.617969 0.203125 0.616797 0.203125 0.616406 0.203613 0.614844 0.203613 0.614062 0.20459 0.612891 0.20459 0.6125 0.205078 0.612109 0.205078 0.611719 0.205566 0.610938 0.205566 0.610547 0.206055 0.610156 0.206055 0.609766 0.206543 0.608594 0.206543 0.608203 0.207031 0.605859 0.207031 0.605469 0.20752 0.603906 0.20752 0.600781 0.211426 0.600781 0.211914 0.600391 0.212402 0.600391 0.213379 0.6 0.213867 0.6 0.220215 0.600781 0.221191 0.600781 0.222168 0.601953 0.223633 0.602734 0.223633 0.603125 0.224121 0.607812 0.224121 0.608203 0.223633 0.610156 0.223633 0.610547 0.223145 0.610938 0.223145 0.611328 0.222656 0.612891 0.222656 0.613281 0.222168 0.613672 0.222168 0.614062 0.22168 0.615234 0.22168 0.616016 0.220703 0.616406 0.220703 0.616797 0.220215 0.617188 0.220215 0.617578 0.219727 0.618359 0.219727 0.619922 0.217773 0.620313 0.217773 0.621484 0.216309 0.621484 0.21582 0.621875 0.215332 0.621875 0.214844 0.622656 0.213867 0.622656 0.213379 0.623047 0.212891 0.623047 0.212402 0.623437 0.211914 0.623437 0.210449 0.624609 0.208984 0.624609 0.207031 0.624219 0.206543 0.624219 0.20459 0.623047 0.203125 0.622266 0.203125 0.621875 0.202637
1 0.669141 0.297852 0.670703 0.300781 0.686328 0.303711 0.698477 0.301563 0.697422 0.293701 0.692969 0.290527 0.690625 0.289062 0.680859 0.288086 0.673438 0.290527
1 0.716797 0.273438 0.7125 0.277344 0.708594 0.297363 0.709766 0.306641 0.710195 0.309814 0.711328 0.314941 0.712891 0.323242 0.715234 0.321777 0.716406 0.311035 0.71875 0.307129 0.720313 0.298828 0.719531 0.279297
1 0.697344 0.307471 0.689844 0.310547 0.684766 0.314453 0.682031 0.321289 0.677695 0.331641 0.686328 0.327637 0.691797 0.321777 0.694922 0.31543
1 0.748828 0.347656 0.74375 0.348145 0.737109 0.356445 0.736328 0.362305 0.739453 0.368652 0.744141 0.366211 0.749609 0.358887 0.753555 0.347607
1 0.696484 0.157227 0.696094 0.161621 0.7 0.169922 0.704688 0.175781 0.709766 0.178711 0.716016 0.181738 0.722773 0.179736 0.713672 0.165039 0.705859 0.158203
1 0.713672 0.182617 0.712109 0.182617 0.707812 0.193359 0.697266 0.206055 0.689102 0.225195 0.701562 0.21875 0.707812 0.212891 0.713281 0.196777
1 0.679648 0.139258 0.676953 0.154297 0.671484 0.168457 0.669531 0.169922 0.658008 0.177734 0.661055 0.163867 0.664609 0.154639 0.675859 0.144531
1 0.653906 0.152832 0.652734 0.154297 0.652734 0.154785 0.652344 0.155273 0.652344 0.15625 0.650781 0.158203 0.650781 0.158691 0.650391 0.15918 0.650391 0.159668 0.649219 0.161133 0.648047 0.161133 0.645312 0.164551 0.645312 0.165039 0.64375 0.166992 0.64375 0.16748 0.643359 0.167969 0.643359 0.168457 0.642578 0.169434 0.642578 0.169922 0.642188 0.17041 0.642188 0.171387 0.641797 0.171875 0.641797 0.173828 0.641406 0.174316 0.641406 0.176758 0.641016 0.177246 0.641016 0.178223 0.640625 0.178711 0.640625 0.179199 0.640234 0.179688 0.640234 0.180664 0.639844 0.181152 0.639844 0.186035 0.641016 0.1875 0.646484 0.1875 0.647266 0.186523 0.648828 0.186523 0.649609 0.185547 0.65 0.185547 0.651563 0.183594 0.651563 0.182617 0.652344 0.181641 0.652344 0.180176 0.652734 0.179688 0.652734 0.178711 0.653516 0.177734 0.653516 0.175781 0.654297 0.174805 0.654297 0.173828 0.655469 0.172363 0.655469 0.171875 0.65625 0.170898 0.65625 0.169434 0.656641 0.168945 0.656641 0.168457 0.657422 0.16748 0.657422 0.156738 0.657031 0.15625 0.657031 0.155273 0.656641 0.154785 0.656641 0.154297 0.655469 0.152832
1 0.658984 0.171387 0.658594 0.171875 0.657813 0.171875 0.656641 0.17334 0.656641 0.174316 0.65625 0.174805 0.65625 0.179199 0.658203 0.181641 0.658203 0.182129 0.659375 0.183594 0.659766 0.183594 0.660156 0.184082 0.660937 0.184082 0.661719 0.185059 0.663281 0.185059 0.663672 0.185547 0.669531 0.185547 0.669922 0.185059 0.671875 0.185059 0.673047 0.183594 0.673828 0.183594 0.676953 0.179688 0.676953 0.175781 0.675781 0.174316 0.675391 0.174316 0.675 0.173828 0.674219 0.173828 0.673438 0.172852 0.673047 0.172852 0.672266 0.171875 0.669922 0.171875 0.669531 0.171387
1 0.676953 0.17041 0.674609 0.17334 0.674609 0.174316 0.673438 0.175781 0.673438 0.17627 0.673047 0.176758 0.673047 0.177246 0.672656 0.177734 0.672656 0.178223 0.671875 0.179199 0.671875 0.181641 0.671484 0.182129 0.671484 0.188477 0.671875 0.188965 0.671875 0.19043 0.673047 0.191895 0.677734 0.191895 0.678906 0.19043 0.678906 0.189941 0.680078 0.188477 0.680078 0.1875 0.680469 0.187012 0.680469 0.186523 0.680859 0.186035 0.680859 0.185547 0.68125 0.185059 0.68125 0.184082 0.681641 0.183594 0.681641 0.183105 0.682031 0.182617 0.682031 0.172363 0.680469 0.17041
1 0.679688 0.183105 0.677734 0.185547 0.677734 0.186035 0.676562 0.1875 0.676562 0.189453 0.675781 0.19043 0.675781 0.194336 0.675391 0.194824 0.675391 0.195801 0.675 0.196289 0.675 0.207031 0.675391 0.20752 0.675391 0.208008 0.675781 0.208496 0.675781 0.209961 0.676562 0.210938 0.676562 0.212402 0.676953 0.212891 0.676953 0.214355 0.677734 0.215332 0.677734 0.216797 0.678125 0.217285 0.678125 0.21875 0.678906 0.219727 0.678906 0.220215 0.679688 0.221191 0.679688 0.22168 0.680078 0.222168 0.680078 0.223145 0.68125 0.224609 0.684375 0.224609 0.685937 0.222656 0.686328 0.222656 0.6875 0.221191 0.6875 0.21582 0.687891 0.215332 0.687891 0.211426 0.688281 0.210938 0.688281 0.204102 0.688672 0.203613 0.688672 0.199219 0.688281 0.19873 0.688281 0.194336 0.687891 0.193848 0.687891 0.189941 0.6875 0.189453 0.6875 0.188965 0.685937 0.187012 0.685937 0.185059 0.684375 0.183105
1 0.782031 0.152344 0.780859 0.153809 0.780469 0.153809 0.779687 0.154785 0.779297 0.154785 0.778125 0.15625 0.777734 0.15625 0.776563 0.157715 0.775781 0.157715 0.774609 0.15918 0.774219 0.15918 0.773828 0.159668 0.773438 0.159668 0.773047 0.160156 0.772266 0.160156 0.771484 0.161133 0.771094 0.161133 0.769531 0.163086 0.769531 0.163574 0.76875 0.164551 0.76875 0.16748 0.767578 0.168945 0.767578 0.171387 0.767188 0.171875 0.767188 0.174805 0.766406 0.175781 0.766406 0.177734 0.766016 0.178223 0.766016 0.179688 0.765625 0.180176 0.765625 0.181152 0.765234 0.181641 0.765234 0.186523 0.764844 0.187012 0.764844 0.196777 0.765234 0.197266 0.765234 0.197754 0.766406 0.199219 0.769141 0.199219 0.770703 0.197266 0.770703 0.196777 0.772266 0.194824 0.772266 0.194336 0.772656 0.193848 0.772656 0.191895 0.774219 0.189941 0.774219 0.189453 0.774609 0.188965 0.774609 0.187988 0.775 0.1875 0.775 0.187012 0.775391 0.186523 0.775391 0.185547 0.775781 0.185059 0.775781 0.18457 0.776172 0.184082 0.776172 0.183594 0.776953 0.182617 0.776953 0.181641 0.777734 0.180664 0.777734 0.180176 0.778516 0.179199 0.778516 0.178711 0.779687 0.177246 0.779687 0.176758 0.780078 0.17627 0.780078 0.175781 0.780469 0.175293 0.780469 0.174805 0.78125 0.173828 0.78125 0.171875 0.781641 0.171387 0.781641 0.17041 0.782422 0.169434 0.782422 0.168457 0.783203 0.16748 0.783203 0.165527 0.784375 0.164062 0.784375 0.162598 0.784766 0.162109 0.784766 0.160645 0.785547 0.159668 0.785547 0.158691 0.785937 0.158203 0.785937 0.153809 0.784766 0.152344
0 0.466406 0.135254 0.463281 0.128076 0.455859 0.150879 0.453125 0.16748 0.452773 0.182471 0.463672 0.161621 0.466797 0.154785 0.467578 0.140625
0 0.392656 0.0763184 0.394531 0.0898438 0.396094 0.0986328 0.399609 0.106445 0.406641 0.114258 0.407813 0.119141 0.412891 0.124023 0.414453 0.12207 0.414844 0.116699 0.411328 0.0986328 0.404687 0.0869141 0.400391 0.0839844
0 0.445312 0.0913086 0.448047 0.0932617 0.460156 0.0942383 0.466406 0.0927734 0.476172 0.0834961 0.475781 0.0795898 0.46875 0.0766602 0.462148 0.0769531 0.454023 0.077832
0 0.464141 0.0142578 0.464531 0.0234375 0.471094 0.0307617 0.478906 0.0366211 0.490156 0.0423828 0.486328 0.0332031 0.481641 0.0229492 0.474219 0.0170898
0 0.511797 0.00649414 0.502344 0.00390625 0.497266 0.00488281 0.486367 0.00859375 0.49043 0.0165039 0.496484 0.0205078 0.502734 0.0200195 0.508203 0.0141602
1 0.439063 0.0644531 0.448828 0.0610352 0.458594 0.0629883 0.463672 0.065918 0.468047 0.0716797 0.455859 0.0761719 0.451172 0.0756836 0.445703 0.0727539 0.442578 0.0683594 0.435703 0.069043
1 0.592187 0.0410156 0.591797 0.0415039 0.590625 0.0415039 0.590234 0.0419922 0.588672 0.0419922 0.588281 0.0424805 0.585938 0.0424805 0.585547 0.0429688 0.572266 0.0429688 0.571875 0.0424805 0.569922 0.0424805 0.569531 0.0419922 0.568359 0.0419922 0.567969 0.0415039 0.565625 0.0415039 0.564453 0.0429688 0.564453 0.0473633 0.564844 0.0478516 0.564844 0.0483398 0.566797 0.0507812 0.567187 0.0507812 0.568359 0.0522461 0.56875 0.0522461 0.569922 0.0537109 0.570703 0.0537109 0.571484 0.0546875 0.572656 0.0546875 0.573047 0.0551758 0.575 0.0551758 0.575391 0.0556641 0.575781 0.0556641 0.576172 0.0561523 0.577344 0.0561523 0.577734 0.0566406 0.583203 0.0566406 0.583594 0.0571289 0.5875 0.0571289 0.587891 0.0566406 0.590625 0.0566406 0.591016 0.0561523 0.591797 0.0561523 0.592578 0.0551758 0.592969 0.0551758 0.593359 0.0546875 0.59375 0.0546875 0.594922 0.0532227 0.595313 0.0532227 0.595703 0.0527344 0.596094 0.0527344 0.598047 0.050293 0.598437 0.050293 0.598828 0.0498047 0.599219 0.0498047 0.6 0.0488281 0.600781 0.0488281 0.601172 0.0483398 0.601562 0.0483398 0.603516 0.0458984 0.603516 0.0424805 0.602344 0.0410156
1 0.586719 0.0288086 0.586328 0.0292969 0.585938 0.0292969 0.585547 0.0297852 0.583594 0.0297852 0.583203 0.0302734 0.582422 0.0302734 0.582031 0.0307617 0.58125 0.0307617 0.580469 0.0317383 0.580078 0.0317383 0.579688 0.0322266 0.579297 0.0322266 0.578516 0.0332031 0.578125 0.0332031 0.576953 0.034668 0.576953 0.0351562 0.574609 0.0380859 0.574609 0.0390625 0.574219 0.0395508 0.574219 0.0415039 0.575391 0.0429688 0.576953 0.0429688 0.577344 0.0424805 0.577734 0.0429688 0.578516 0.0429688 0.578906 0.043457 0.591406 0.043457 0.591797 0.0429688 0.596094 0.0429688 0.596484 0.0424805 0.596875 0.0424805 0.597266 0.0419922 0.602344 0.0419922 0.602734 0.0415039 0.603125 0.0415039 0.603516 0.0410156 0.604297 0.0410156 0.605469 0.0395508 0.605469 0.0356445 0.604297 0.0341797 0.603906 0.0341797 0.603516 0.0336914 0.603125 0.0336914 0.602734 0.0332031 0.601562 0.0332031 0.601172 0.0327148 0.600391 0.0327148 0.599609 0.0317383 0.598437 0.0317383 0.598047 0.03125 0.597656 0.03125 0.597266 0.0307617 0.596094 0.0307617 0.595703 0.0302734 0.595313 0.0302734 0.594922 0.0297852 0.592969 0.0297852 0.592578 0.0292969 0.591797 0.0292969 0.591406 0.0288086
0 0.598437 0 0.596875 0.00195312 0.596484 0.00195312 0.594922 0.00390625 0.594141 0.00390625 0.593359 0.00488281 0.591406 0.00488281 0.591016 0.00537109 0.589844 0.00537109 0.589453 0.00585938 0.584375 0.00585938 0.583203 0.00732422 0.583203 0.00927734 0.582422 0.0102539 0.582422 0.012207 0.583984 0.0141602 0.584375 0.0141602 0.584766 0.0146484 0.585547 0.0146484 0.585938 0.0151367 0.588672 0.0151367 0.589063 0.015625 0.598437 0.015625 0.598828 0.0151367 0.600391 0.0151367 0.601172 0.0141602 0.601562 0.0141602 0.601953 0.0136719 0.602734 0.0136719 0.603516 0.0126953 0.604297 0.0126953 0.604688 0.012207 0.605078 0.012207 0.60625 0.0107422 0.606641 0.0107422 0.607812 0.00927734 0.607812 0.0078125 0.608203 0.00732422 0.608203 0.00634766 0.608594 0.00585938 0.608594 0.00195312 0.607812 0.000976562 0.607812 0
0 0.569141 0.00585938 0.568359 0.00683594 0.567969 0.00683594 0.566406 0.00878906 0.566406 0.00927734 0.565625 0.0102539 0.565625 0.0141602 0.567969 0.0170898 0.568359 0.0170898 0.569141 0.0180664 0.569531 0.0180664 0.569922 0.0185547 0.570312 0.0185547 0.570703 0.019043 0.571484 0.019043 0.571875 0.0195312 0.572656 0.0195312 0.573047 0.0200195 0.575391 0.0200195 0.575781 0.0205078 0.582812 0.0205078 0.583203 0.0200195 0.584766 0.0200195 0.585547 0.019043 0.585938 0.019043 0.5875 0.0170898 0.5875 0.0136719 0.587109 0.0131836 0.587109 0.0126953 0.585547 0.0107422 0.585547 0.0102539 0.584375 0.00878906 0.583984 0.00878906 0.583594 0.00830078 0.583203 0.00830078 0.582812 0.0078125 0.582422 0.0078125 0.581641 0.00683594 0.577734 0.00683594 0.576953 0.00585938
1 0.705078 0 0.699219 0 0.689453 0.012207 0.686719 0.0175781 0.686719 0.0209961 0.690234 0.0229492 0.700391 0.0185547 0.705859 0.00927734
1 0.794922 0.00195312 0.791016 0.00244141 0.787891 0.0102539 0.787891 0.0234375 0.791016 0.0288086 0.794922 0.027832 0.796875 0.0219727 0.797656 0.00683594
2 0.927344 0.321289 0.922656 0.324219 0.920312 0.331055 0.917578 0.345215 0.917578 0.350586 0.919141 0.353516 0.923438 0.349121 0.928516 0.339844 0.929297 0.325684
1 0.576562 0.480469 0.576172 0.480957 0.574609 0.480957 0.573438 0.482422 0.573438 0.484375 0.574219 0.485352 0.574219 0.48584 0.575391 0.487305 0.576172 0.487305 0.576953 0.488281 0.577344 0.488281 0.58125 0.493164 0.581641 0.493164 0.582031 0.493652 0.582031 0.494141 0.583203 0.495605 0.583594 0.495605 0.586328 0.499023 0.587109 0.499023 0.5875 0.499512 0.587891 0.499512 0.589063 0.500977 0.589453 0.500977 0.589844 0.501465 0.590625 0.501465 0.591797 0.50293 0.592187 0.50293 0.592969 0.503906 0.593359 0.503906 0.59375 0.504395 0.594141 0.504395 0.594922 0.505371 0.595703 0.505371 0.597266 0.507324 0.597656 0.507324 0.598047 0.507812 0.598437 0.507812 0.598828 0.508301 0.599219 0.508301 0.599609 0.508789 0.6 0.508789 0.600781 0.509766 0.601172 0.509766 0.601562 0.510254 0.601953 0.510254 0.603125 0.511719 0.603516 0.511719 0.603906 0.512207 0.604688 0.512207 0.605078 0.512695 0.605859 0.512695 0.60625 0.513184 0.608984 0.513184 0.610156 0.511719 0.610156 0.503906 0.608984 0.502441 0.608594 0.502441 0.607422 0.500977 0.607422 0.500488 0.60625 0.499023 0.60625 0.498535 0.603516 0.495117 0.603516 0.494629 0.602344 0.493164 0.601562 0.493164 0.601172 0.492676 0.601172 0.492188 0.6 0.490723 0.599609 0.490723 0.599219 0.490234 0.598047 0.490234 0.597656 0.489746 0.597266 0.489746 0.596875 0.489258 0.596484 0.489258 0.596094 0.48877 0.595703 0.48877 0.595313 0.488281 0.594922 0.488281 0.594141 0.487305 0.59375 0.487305 0.592969 0.486328 0.592187 0.486328 0.591016 0.484863 0.589063 0.484863 0.588672 0.484375 0.588672 0.483887 0.5875 0.482422 0.586719 0.482422 0.585547 0.480957 0.584766 0.480957 0.584375 0.480469 0.582812 0.480469 0.582031 0.481445 0.581641 0.481445 0.58125 0.480957 0.580078 0.480957 0.579688 0.480469
1 0.591406 0.512695 0.591016 0.513184 0.585938 0.513184 0.584766 0.514648 0.584766 0.516602 0.585156 0.51709 0.585156 0.52002 0.585547 0.520508 0.585547 0.520996 0.586328 0.521973 0.586328 0.522461 0.5875 0.523926 0.6 0.523926 0.600391 0.523438 0.600781 0.523438 0.601172 0.522949 0.602344 0.522949 0.602734 0.522461 0.603516 0.522461 0.605078 0.520508 0.605859 0.520508 0.607812 0.518066 0.607812 0.517578 0.608203 0.51709 0.608203 0.514648 0.607031 0.513184 0.6 0.513184 0.599609 0.512695
2 0.625391 0.547852 0.613672 0.544434 0.603516 0.54541 0.594141 0.548828 0.592578 0.552246 0.592578 0.557129 0.599219 0.561523 0.608594 0.561035 0.624609 0.550781
0 0.208437 0.347754 0.20168 0.355615 0.219531 0.357422 0.228125 0.356445 0.231641 0.353516 0.239453 0.348584 0.230859 0.346191 0.225391 0.344727 0.216406 0.344727
0 0.0989844 0.343555 0.0957031 0.36084 0.0957031 0.373535 0.0992187 0.380859 0.103906 0.384766 0.106641 0.37793 0.10625 0.36377 0.10375 0.349902
0 0.06375 0.392676 0.0761719 0.389648 0.0871094 0.391113 0.0902344 0.393555 0.10418 0.405664 0.0886719 0.40332 0.0800781 0.402832 0.0730469 0.398926
0 0.0401953 0.297021 0.0425781 0.318359 0.0433594 0.331543 0.0460938 0.337402 0.0474609 0.354834 0.0535156 0.334473 0.0535156 0.321289 0.05 0.313477
1 0.11543 0.323975 0.110547 0.32666 0.105859 0.331055 0.103125 0.337891 0.0983203 0.343896 0.105078 0.345215 0.108203 0.345703 0.1125 0.341797 0.115234 0.333984
1 0.0328125 0.294238 0.0246094 0.297363 0.0203125 0.302246 0.0179687 0.308594 0.0157031 0.321387 0.0230469 0.31543 0.0300781 0.309082 0.03125 0.302246
1 0.0725391 0.25835 0.0609375 0.256348 0.0523438 0.257324 0.0480469 0.260254 0.0480469 0.26416 0.0546875 0.269043 0.0613281 0.269043 0.0660156 0.265137
0 0.0449219 0.223633 0.0453125 0.225586 0.0542969 0.231445 0.0605469 0.233398 0.0691406 0.231934 0.0800781 0.224609 0.0738281 0.219238 0.0648438 0.216309 0.0566406 0.216797
2 0.246484 0.217285 0.248828 0.218262 0.282813 0.212891 0.282813 0.209473 0.261328 0.205078 0.255469 0.205566 0.25 0.209473
1 0.279219 0.102148 0.270703 0.108398 0.267188 0.11377 0.266797 0.125488 0.270313 0.130371 0.277656 0.137988 0.275781 0.123047 0.276562 0.114746
1 0.146484 0.0831543 0.147266 0.0966797 0.149609 0.10498 0.153906 0.109863 0.158984 0.112256 0.159766 0.103027 0.15625 0.0947266 0.151172 0.0893555
2 0.248828 0.0751953 0.241797 0.0795898 0.234766 0.0874023 0.229297 0.0996094 0.228906 0.103516 0.226641 0.106396 0.236328 0.10498 0.240625 0.100586 0.248438 0.0839844
1 0.874766 0.849121 0.882812 0.846191 0.891016 0.84668 0.896484 0.849609 0.898828 0.853027 0.904492 0.858398 0.89375 0.86084 0.884375 0.859375 0.880078 0.85498
0 0.964492 0.894238 0.969531 0.901367 0.974609 0.90625 0.982031 0.906738 0.988633 0.902441 0.985547 0.895508 0.982031 0.89209 0.973437 0.891113
