1 0.695312 0.123047 0.691797 0.120117 0.686719 0.119141 0.677734 0.119629 0.670312 0.123047 0.666016 0.126953 0.664062 0.130371 0.666016 0.134277 0.677734 0.134766 0.685156 0.133301 0.690234 0.130859 0.695312 0.125
1 0.547656 0.363281 0.535937 0.362793 0.525 0.367188 0.516406 0.377441 0.514844 0.382812 0.515234 0.384766 0.517188 0.38623 0.521484 0.385742 0.535547 0.376953 0.541797 0.374512 0.547266 0.369141
1 0.428125 0.280273 0.429297 0.286621 0.432422 0.290527 0.443359 0.298828 0.447656 0.299805 0.453516 0.296875 0.458594 0.296387 0.460156 0.294922 0.458984 0.291016 0.452734 0.288574 0.440234 0.279785 0.43125 0.27832
1 0.342187 0.329102 0.34375 0.334473 0.351172 0.34082 0.357422 0.344238 0.369531 0.348633 0.373437 0.348633 0.374219 0.347656 0.374609 0.34375 0.36875 0.335938 0.360547 0.328125 0.354687 0.326172 0.348438 0.325684 0.344531 0.32666
1 0.362109 0.367188 0.357812 0.368652 0.351562 0.376953 0.350391 0.383301 0.350781 0.388184 0.352344 0.394043 0.354297 0.395508 0.357812 0.396484 0.362109 0.395996 0.365234 0.391602 0.366016 0.385254 0.365625 0.372559 0.364844 0.369629
1 0.477734 0.441406 0.475 0.441406 0.466016 0.45459 0.464844 0.458496 0.464844 0.464844 0.466016 0.47168 0.469531 0.478027 0.473047 0.480469 0.475 0.480469 0.476562 0.478516 0.478125 0.472168 0.476953 0.455078
1 0.4625 0.0708008 0.460156 0.0737305 0.455469 0.0839844 0.454297 0.0888672 0.454297 0.09375 0.456641 0.102051 0.462109 0.11084 0.466406 0.111816 0.467187 0.109863 0.466406 0.104492 0.467578 0.0952148 0.467969 0.0742188 0.466406 0.0712891
1 0.224219 0.230469 0.223438 0.239258 0.224219 0.241699 0.228125 0.246094 0.235156 0.250488 0.239063 0.251465 0.24375 0.250488 0.244922 0.249023 0.245312 0.243652 0.244531 0.241211 0.236719 0.232422 0.229297 0.229004 0.226562 0.229004
1 0.270313 0.390137 0.267969 0.392578 0.266406 0.396973 0.266406 0.408203 0.271094 0.416504 0.276172 0.417969 0.278516 0.416504 0.280078 0.413086 0.280078 0.399902 0.276172 0.39209 0.273047 0.390137
1 0.666406 0.447266 0.660547 0.448242 0.650781 0.455566 0.646875 0.461914 0.646875 0.467285 0.65 0.471191 0.652734 0.472656 0.655078 0.472656 0.659375 0.469727 0.662109 0.46582 0.664062 0.458984 0.667188 0.452637
1 0.642969 0.46875 0.636719 0.476562 0.635938 0.479492 0.635938 0.487305 0.637109 0.491699 0.642188 0.49707 0.647266 0.497559 0.65 0.495117 0.650391 0.489746 0.648438 0.484863 0.648828 0.481445 0.647656 0.47168 0.646094 0.469238
1 0.671875 0.470215 0.670312 0.468262 0.663281 0.467773 0.658984 0.469727 0.652344 0.475098 0.648828 0.480957 0.649219 0.486328 0.653516 0.487793 0.659375 0.487305 0.665625 0.483887 0.670703 0.478027 0.672266 0.472168
1 0.639453 0.449707 0.6375 0.449707 0.633984 0.452148 0.630469 0.456055 0.628125 0.461426 0.628125 0.472168 0.630859 0.478516 0.634375 0.477539 0.641406 0.467285 0.642578 0.462402 0.642578 0.455078 0.641797 0.452148
1 0.624219 0.462891 0.621484 0.462891 0.61875 0.464355 0.616406 0.470703 0.616406 0.485352 0.617969 0.494141 0.617969 0.501465 0.619141 0.50293 0.622266 0.500977 0.628906 0.491211 0.630859 0.48291 0.630469 0.477051 0.628125 0.46875 0.626172 0.464355
1 0.596484 0.493164 0.591797 0.494629 0.5875 0.502441 0.585938 0.516113 0.587891 0.521973 0.593359 0.522461 0.596875 0.519043 0.599219 0.510254 0.599609 0.501953 0.598828 0.496094
1 0.603125 0.522949 0.591797 0.524414 0.587891 0.527832 0.585156 0.53418 0.583984 0.540527 0.583984 0.545898 0.584766 0.547852 0.589063 0.548828 0.598437 0.541504 0.603516 0.529785 0.603906 0.524414
1 0.6 0.537598 0.598437 0.544922 0.602344 0.552734 0.607812 0.558594 0.613281 0.560059 0.616406 0.55957 0.617578 0.557617 0.617969 0.553223 0.616016 0.546875 0.612891 0.542969 0.603516 0.536133
1 0.615625 0.529297 0.614062 0.541016 0.617969 0.553223 0.617578 0.55957 0.61875 0.561035 0.622266 0.561035 0.628125 0.553711 0.628125 0.543457 0.626563 0.539551 0.619922 0.529785
1 0.623047 0.572266 0.619922 0.567383 0.613281 0.568359 0.600781 0.577637 0.598437 0.583496 0.600391 0.585449 0.605078 0.586914 0.616016 0.586914 0.619922 0.583984 0.622656 0.580078 0.623437 0.576172
1 0.583203 0.549805 0.583203 0.554199 0.585547 0.55957 0.594922 0.570801 0.600391 0.570801 0.601953 0.569824 0.606641 0.563965 0.608203 0.560059 0.603516 0.554199 0.595313 0.553711 0.590625 0.550781
1 0.695703 0.464844 0.696484 0.46875 0.7 0.47168 0.710547 0.476562 0.719531 0.477539 0.728516 0.475586 0.729688 0.473145 0.728906 0.470703 0.724609 0.46875 0.720703 0.463867 0.713281 0.460449 0.697656 0.462402
1 0.759375 0.371582 0.755078 0.370605 0.747266 0.378906 0.74375 0.385254 0.737109 0.401855 0.7375 0.404297 0.740625 0.405273 0.745313 0.402832 0.755859 0.392578 0.759766 0.382324 0.760156 0.373047
1 0.778516 0.339355 0.775781 0.340332 0.773828 0.34375 0.774219 0.356934 0.775 0.359863 0.779687 0.367676 0.783203 0.367676 0.789062 0.361328 0.790234 0.35791 0.789062 0.352051 0.785937 0.344238 0.784375 0.342285
1 0.767969 0.324707 0.769922 0.330566 0.779297 0.336914 0.791406 0.337402 0.801562 0.334473 0.801562 0.331543 0.8 0.328613 0.783203 0.320312 0.772266 0.320312 0.769922 0.321777
1 0.146094 0.271484 0.145703 0.270996 0.145703 0.270508 0.145313 0.270508 0.144922 0.27002 0.144531 0.27002 0.14375 0.269043 0.143359 0.269043 0.142969 0.268555 0.142187 0.268555 0.141797 0.268066 0.141016 0.268066 0.140625 0.267578 0.139844 0.267578 0.139453 0.26709 0.136719 0.26709 0.136328 0.266602 0.133984 0.266602 0.133594 0.26709 0.130859 0.26709 0.130469 0.267578 0.130078 0.267578 0.129688 0.268066 0.128906 0.268066 0.128516 0.268555 0.128125 0.268555 0.127734 0.269043 0.126953 0.269043 0.126562 0.269531 0.125781 0.269531 0.125391 0.27002 0.124609 0.27002 0.124219 0.270508 0.123438 0.270508 0.122656 0.271484 0.122266 0.271484 0.119531 0.274902 0.119141 0.274902 0.117188 0.277344 0.117188 0.277832 0.116406 0.278809 0.116406 0.279297 0.116016 0.279785 0.116016 0.280762 0.116406 0.28125 0.116406 0.281738 0.117578 0.283203 0.117969 0.283203 0.118359 0.283691 0.11875 0.283691 0.119141 0.28418 0.119922 0.28418 0.120313 0.284668 0.121094 0.284668 0.121484 0.285156 0.122656 0.285156 0.123047 0.285645 0.125781 0.285645 0.126172 0.286133 0.130859 0.286133 0.13125 0.285645 0.132422 0.285645 0.132812 0.285156 0.133984 0.285156 0.134375 0.284668 0.135156 0.284668 0.135547 0.28418 0.135937 0.28418 0.136719 0.283203 0.137109 0.283203 0.137891 0.282227 0.138281 0.282227 0.139453 0.280762 0.139844 0.280762 0.141016 0.279297 0.141406 0.279297 0.141797 0.278809 0.142187 0.278809 0.142969 0.277832 0.143359 0.277832 0.14375 0.277344 0.144141 0.277344 0.144531 0.276855 0.144922 0.276855 0.145703 0.275879 0.146094 0.275879
1 0.222656 0.206543 0.220703 0.203613 0.217188 0.202148 0.207813 0.202148 0.201563 0.206055 0.196094 0.211914 0.196094 0.217285 0.197266 0.218262 0.207422 0.21875 0.214453 0.217773 0.221484 0.211426 0.222656 0.208984
1 0.053125 0.233398 0.0527344 0.238281 0.0546875 0.244629 0.0609375 0.255371 0.0710937 0.259277 0.0800781 0.259277 0.0800781 0.255371 0.0746094 0.250488 0.0601563 0.233887 0.0578125 0.232422 0.0542969 0.232422
1 0.325 0.494141 0.321484 0.491211 0.314063 0.489746 0.309766 0.489746 0.304297 0.493652 0.301172 0.500977 0.300391 0.504883 0.301172 0.509766 0.303906 0.511719 0.307812 0.511719 0.3125 0.509766 0.317188 0.506348 0.325 0.496582
1 0.139453 0.583008 0.136328 0.57959 0.132812 0.578613 0.127344 0.57959 0.122266 0.582031 0.117188 0.587891 0.115625 0.591309 0.112891 0.602051 0.113672 0.606445 0.116016 0.606934 0.123828 0.601562 0.139063 0.587891
1 0.251953 0.642578 0.248047 0.642578 0.241016 0.646973 0.225781 0.652344 0.221094 0.65625 0.221094 0.661133 0.225391 0.664062 0.2375 0.663574 0.24375 0.658691 0.247656 0.651367 0.251953 0.647461
1 0.284375 0.603516 0.284766 0.608887 0.289062 0.61377 0.295312 0.618652 0.298438 0.619629 0.314453 0.618652 0.314453 0.616699 0.3125 0.615723 0.308594 0.61084 0.298047 0.603516 0.29375 0.602539 0.285547 0.602539
1 0.0808594 0.649414 0.0777344 0.652344 0.0792969 0.657715 0.0789062 0.661621 0.0804688 0.669922 0.0804688 0.67627 0.084375 0.680176 0.0878906 0.680664 0.0917969 0.674805 0.0933594 0.661621 0.0914062 0.65918 0.0890625 0.651367 0.0839844 0.648926
1 0.071875 0.650391 0.0699219 0.652832 0.0710937 0.672363 0.0730469 0.676758 0.0773438 0.677734 0.0808594 0.671875 0.0785156 0.657715 0.0785156 0.652344 0.0765625 0.650391
1 0.0804688 0.78418 0.0789062 0.782715 0.075 0.781738 0.0652344 0.784668 0.0601563 0.790039 0.059375 0.794922 0.0609375 0.796875 0.0667969 0.79834 0.0761719 0.797363 0.0800781 0.792969 0.0808594 0.790039
1 0.126953 0.739258 0.126172 0.739746 0.124609 0.75293 0.125 0.760742 0.130469 0.771484 0.134766 0.775391 0.138281 0.775879 0.140625 0.771484 0.140625 0.766113 0.137891 0.753906 0.133984 0.745117 0.131641 0.742188
1 0.135547 0.745605 0.135547 0.75 0.137891 0.753418 0.143359 0.754395 0.152344 0.758301 0.157422 0.76416 0.159766 0.76416 0.161719 0.762207 0.161719 0.753906 0.159375 0.749023 0.153906 0.743164 0.146094 0.741211 0.139453 0.743164
1 0.235937 0.731445 0.231641 0.731445 0.223828 0.738281 0.216016 0.748047 0.211719 0.758789 0.212109 0.763672 0.213281 0.765137 0.21875 0.765137 0.230078 0.754395 0.235937 0.740234
1 0.330469 0.756348 0.329297 0.754883 0.326953 0.756348 0.314844 0.759277 0.3 0.760742 0.296484 0.763184 0.296484 0.765625 0.298828 0.768555 0.307031 0.774414 0.312109 0.776367 0.315234 0.776367 0.319922 0.773926 0.330469 0.760254
1 0.333594 0.782715 0.330859 0.778809 0.326172 0.775879 0.323047 0.774902 0.319141 0.775391 0.315625 0.777344 0.308203 0.784668 0.306641 0.788086 0.307031 0.79248 0.309375 0.794434 0.31875 0.794922 0.325391 0.787109 0.331641 0.785645 0.333594 0.78418
1 0.220703 0.857422 0.217969 0.85791 0.216406 0.859375 0.2125 0.869141 0.207422 0.890625 0.208594 0.894531 0.213672 0.893555 0.217188 0.891602 0.221875 0.88623 0.224219 0.881836 0.225 0.867188 0.223438 0.86084
1 0.190625 0.887695 0.188672 0.887695 0.18125 0.893066 0.176953 0.898926 0.171875 0.910645 0.171484 0.916016 0.173047 0.918457 0.176563 0.918945 0.180859 0.91748 0.187891 0.911621 0.189453 0.907227 0.191797 0.893066 0.191797 0.889648
1 0.15625 0.837402 0.157031 0.841797 0.159766 0.845215 0.169141 0.849121 0.173828 0.848145 0.182422 0.842773 0.186328 0.838867 0.185938 0.836426 0.174609 0.832031 0.166406 0.832031 0.157812 0.835449
1 0.154688 0.846191 0.152734 0.844238 0.147656 0.842773 0.141016 0.842773 0.134375 0.845215 0.128516 0.851562 0.127344 0.855957 0.127344 0.861328 0.129297 0.86377 0.132812 0.86377 0.142969 0.858887 0.146875 0.858887 0.152344 0.853516 0.154688 0.848633
1 0.134375 0.918945 0.132422 0.916016 0.130469 0.915039 0.125 0.916016 0.115234 0.924805 0.110937 0.930664 0.110156 0.933105 0.110547 0.9375 0.112891 0.938965 0.116016 0.938965 0.131641 0.927734 0.134766 0.921387
1 0.122656 0.938965 0.119141 0.938965 0.113672 0.942871 0.106641 0.95166 0.104297 0.958984 0.100781 0.964844 0.100391 0.96875 0.101172 0.969727 0.104688 0.970215 0.108594 0.96875 0.119531 0.958496 0.123438 0.950195 0.124219 0.946289 0.123828 0.940918
2 0.154688 0.916992 0.153906 0.916016 0.148828 0.916504 0.138281 0.921387 0.132812 0.925293 0.129297 0.932129 0.128906 0.936035 0.129688 0.939453 0.130469 0.94043 0.134766 0.939941 0.139453 0.93457 0.150781 0.926758 0.155078 0.921387
1 0.348828 0.72998 0.345313 0.727539 0.333984 0.727051 0.328906 0.728516 0.325391 0.730469 0.321875 0.734863 0.321875 0.739746 0.327344 0.743652 0.332813 0.743652 0.338281 0.742188 0.347266 0.736328 0.348828 0.734375
1 0.353125 0.733398 0.352734 0.736328 0.358984 0.756348 0.365625 0.761719 0.368359 0.766113 0.372656 0.765137 0.373047 0.762207 0.371875 0.753418 0.369141 0.744629 0.364844 0.738281 0.358594 0.73291 0.355859 0.732422
1 0.371875 0.763184 0.369531 0.76123 0.360547 0.758789 0.354297 0.762207 0.345313 0.763184 0.344141 0.766602 0.344141 0.77002 0.351172 0.776855 0.35625 0.777344 0.369141 0.77002 0.371875 0.765625
1 0.383594 0.686035 0.380469 0.689941 0.380859 0.698242 0.382422 0.706055 0.389844 0.717285 0.393359 0.718262 0.396094 0.71582 0.399219 0.709473 0.399609 0.699707 0.398828 0.695312 0.397266 0.691895 0.392578 0.6875 0.388281 0.685547
1 0.377344 0.683105 0.372266 0.684082 0.36875 0.689941 0.366406 0.708008 0.366406 0.712891 0.368359 0.716309 0.372266 0.716309 0.375 0.714844 0.380859 0.705566 0.380859 0.691895 0.379688 0.686035
1 0.418359 0.712891 0.416797 0.714844 0.416797 0.718262 0.419141 0.733398 0.426953 0.748047 0.428906 0.749023 0.43125 0.746582 0.431641 0.741699 0.433984 0.73584 0.433594 0.723633 0.426953 0.713867 0.424609 0.712402
1 0.448047 0.707031 0.44375 0.70752 0.441016 0.709961 0.435156 0.720215 0.434375 0.726074 0.436719 0.732422 0.438672 0.734375 0.441016 0.732422 0.450391 0.71582 0.450391 0.709961
1 0.446484 0.699707 0.446484 0.706055 0.450781 0.711914 0.459766 0.713867 0.467578 0.717773 0.471484 0.717773 0.472656 0.716309 0.472656 0.711914 0.471094 0.707031 0.464453 0.699219 0.456641 0.696777 0.45 0.696777
1 0.407422 0.70166 0.409766 0.706543 0.415234 0.709961 0.424609 0.710449 0.430859 0.708496 0.432422 0.707031 0.432422 0.70459 0.428125 0.699219 0.420703 0.693359 0.410938 0.693848 0.408203 0.696289
1 0.412109 0.685547 0.412109 0.687012 0.414062 0.688965 0.427344 0.695312 0.435156 0.695801 0.441016 0.693359 0.442578 0.690918 0.442578 0.687988 0.441406 0.685059 0.436328 0.683105 0.433984 0.680664 0.428906 0.678223 0.423828 0.678223 0.414844 0.681641
1 0.380469 0.671387 0.372656 0.670898 0.362891 0.675781 0.357031 0.681641 0.355859 0.685547 0.356641 0.688477 0.360156 0.692383 0.362109 0.692383 0.368359 0.688965 0.372656 0.683105 0.377734 0.680176 0.379688 0.67627
1 0.372656 0.651367 0.369531 0.651367 0.368359 0.652832 0.367188 0.656738 0.361328 0.66748 0.359766 0.672363 0.360547 0.679199 0.369141 0.674805 0.372656 0.674805 0.373828 0.67334
1 0.548828 0.608887 0.540625 0.61084 0.534766 0.617676 0.532422 0.622559 0.529297 0.636719 0.530078 0.639648 0.532422 0.64209 0.537891 0.640625 0.543359 0.634277 0.547266 0.625488 0.549609 0.616699 0.55 0.61084
1 0.504687 0.650879 0.505078 0.654297 0.507812 0.657715 0.5125 0.660156 0.519141 0.660645 0.525781 0.658691 0.530859 0.651855 0.528125 0.645996 0.522656 0.643555 0.514062 0.643555 0.506641 0.646973
1 0.490625 0.631836 0.489063 0.631836 0.485547 0.635254 0.483203 0.642578 0.481641 0.654785 0.481641 0.662598 0.483594 0.664062 0.488281 0.663086 0.492969 0.657715 0.496094 0.647949 0.496484 0.64209
1 0.476562 0.62207 0.475391 0.621094 0.469531 0.621582 0.462891 0.626465 0.451953 0.638184 0.448828 0.646973 0.445703 0.651855 0.446484 0.655273 0.451172 0.655762 0.461719 0.647949 0.469922 0.637695 0.475391 0.628418
1 0.470703 0.597168 0.466406 0.597656 0.462109 0.602051 0.45625 0.612305 0.448828 0.627441 0.448828 0.632324 0.450781 0.634766 0.455859 0.633789 0.464844 0.624023 0.467187 0.617188 0.468359 0.608887 0.470703 0.603027 0.471484 0.599121
1 0.524219 0.67627 0.521875 0.674316 0.516406 0.674316 0.508984 0.677246 0.500781 0.684082 0.495312 0.69043 0.493359 0.693848 0.493359 0.696777 0.497266 0.69873 0.504687 0.69873 0.510938 0.697266 0.519531 0.688477 0.523047 0.681152
1 0.541406 0.685547 0.539062 0.683594 0.535937 0.683594 0.514062 0.696289 0.512109 0.701172 0.514453 0.705078 0.520312 0.70752 0.527734 0.707031 0.534766 0.700195 0.540234 0.69043
1 0.741797 0.190918 0.739844 0.189453 0.734766 0.189453 0.727344 0.192383 0.723047 0.196777 0.716797 0.207031 0.716797 0.212402 0.719922 0.214355 0.725391 0.213867 0.734766 0.208008 0.740625 0.197754 0.742188 0.193848
1 0.1375 0.338867 0.136328 0.340332 0.136328 0.346191 0.138672 0.354492 0.145703 0.364746 0.149609 0.367188 0.152734 0.368164 0.157812 0.367676 0.158984 0.365234 0.158594 0.358887 0.155078 0.352051 0.147656 0.34375 0.139453 0.338867
1 0.0980469 0.0253906 0.096875 0.0273438 0.0976562 0.0444336 0.0996094 0.0527344 0.10625 0.0620117 0.113672 0.065918 0.117969 0.0654297 0.119141 0.0610352 0.116016 0.0566406 0.105859 0.0322266 0.100781 0.0253906
1 0.028125 0.0766602 0.0300781 0.0786133 0.0363281 0.081543 0.053125 0.0805664 0.0609375 0.0776367 0.0621094 0.0756836 0.0621094 0.0712891 0.059375 0.0678711 0.0535156 0.0649414 0.0421875 0.0639648 0.0367188 0.065918 0.0285156 0.0742188
2 0.103516 0.628906 0.102734 0.627441 0.1 0.626953 0.0996094 0.626465 0.0980469 0.626465 0.0976562 0.626953 0.0910156 0.626465 0.090625 0.626953 0.0875 0.626953 0.0835937 0.628906 0.0804688 0.629395 0.0746094 0.635254 0.0738281 0.637207 0.0738281 0.639648 0.075 0.641113 0.0769531 0.641602 0.0789062 0.640625 0.0847656 0.639648 0.0890625 0.637207 0.0921875 0.637207 0.0945312 0.63623 0.1 0.635742 0.101172 0.634766 0.103516 0.631348
2 0.386094 0.749316 0.388672 0.751953 0.392031 0.753857 0.397187 0.756494 0.399453 0.759717 0.402344 0.763184 0.403516 0.76416 0.405078 0.76416 0.405859 0.763184 0.406641 0.76123 0.406641 0.759277 0.406289 0.757324 0.405859 0.755859 0.404414 0.753467 0.402227 0.751465 0.400391 0.749512 0.394531 0.74707 0.387969 0.747266
2 0.477344 0.67334 0.477734 0.674316 0.478516 0.674805 0.482812 0.675293 0.487109 0.67041 0.488281 0.67041 0.490234 0.669434 0.494922 0.669922 0.495312 0.669434 0.498828 0.669434 0.499219 0.668945 0.505078 0.668945 0.505469 0.669434 0.507422 0.669434 0.507812 0.669922 0.512891 0.669922 0.513281 0.669434 0.513672 0.669922 0.515234 0.669922 0.516406 0.670898 0.519141 0.670898 0.519531 0.67041 0.519531 0.668945 0.517969 0.666016 0.515234 0.664062 0.514062 0.662598 0.510547 0.661133 0.508203 0.659668 0.50625 0.657715 0.500781 0.657227 0.500391 0.656738 0.496484 0.656738 0.496094 0.657227 0.493359 0.657715 0.490234 0.660645 0.485938 0.661621 0.483984 0.663574 0.480469 0.665039 0.478125 0.66748 0.477344 0.669434
2 0.4 0.611328 0.398047 0.609375 0.39375 0.609375 0.390625 0.61084 0.389453 0.61084 0.388672 0.611328 0.386719 0.614258 0.386719 0.616211 0.388281 0.619141 0.396094 0.618652 0.399219 0.615234
1 1 0.273438 0.997266 0.273926 0.994531 0.275879 0.992188 0.279785 0.991797 0.28418 0.991406 0.284668 0.991797 0.291992 0.992578 0.293457 0.992578 0.294434 0.994531 0.296387 1 0.296875
1 0.283594 0.358887 0.283203 0.35791 0.28125 0.35791 0.280859 0.358398 0.276562 0.358398 0.272266 0.361328 0.26875 0.366211 0.266797 0.367676 0.260547 0.369141 0.253906 0.37207 0.252344 0.37207 0.248047 0.374512 0.245703 0.374512 0.245312 0.375 0.242969 0.375 0.242578 0.375488 0.239844 0.375977 0.238281 0.376953 0.235937 0.379883 0.235937 0.382324 0.2375 0.384766 0.240625 0.38623 0.244922 0.386719 0.245312 0.387207 0.248828 0.387207 0.251953 0.388672 0.256641 0.388184 0.261328 0.38623 0.263281 0.38623 0.264844 0.385254 0.266406 0.383301 0.26875 0.382324 0.271484 0.380371 0.274609 0.376465 0.277734 0.374512 0.279297 0.372559 0.281641 0.367676 0.283594 0.365234
1 0.812891 0.411133 0.8125 0.412598 0.8125 0.41748 0.813281 0.419434 0.813281 0.421387 0.813672 0.421875 0.813672 0.423828 0.814063 0.424805 0.822656 0.435059 0.825391 0.435547 0.825781 0.436035 0.827344 0.436035 0.827734 0.436523 0.830078 0.436523 0.830469 0.437012 0.833984 0.437012 0.834375 0.436523 0.836719 0.436523 0.837109 0.436035 0.841016 0.435547 0.842187 0.435059 0.844141 0.433105 0.847266 0.428711 0.847266 0.426758 0.844531 0.423828 0.842187 0.422852 0.839453 0.422852 0.839063 0.422363 0.837109 0.422363 0.836719 0.421875 0.833203 0.421387 0.828516 0.418945 0.827344 0.417969 0.826562 0.416504 0.823047 0.415039 0.821875 0.414062 0.821094 0.414062 0.815234 0.410156 0.813672 0.410156
