1 0.459766 0.259277 0.460547 0.262207 0.4625 0.264648 0.464453 0.265137 0.467187 0.26709 0.468359 0.26709 0.470313 0.268066 0.471875 0.268066 0.472266 0.268555 0.477344 0.268555 0.477734 0.269043 0.478906 0.268555 0.483984 0.268555 0.484375 0.268066 0.489453 0.268066 0.489844 0.267578 0.492188 0.267578 0.492578 0.26709 0.494531 0.26709 0.494922 0.266602 0.497266 0.266602 0.498828 0.265625 0.5 0.26416 0.5 0.262207 0.500391 0.261719 0.500391 0.259766 0.499219 0.256836 0.497656 0.254883 0.494922 0.253906 0.490234 0.250977 0.488672 0.250977 0.487109 0.25 0.485547 0.25 0.482031 0.248535 0.476953 0.248535 0.476562 0.249023 0.470703 0.249512 0.466016 0.251465 0.462891 0.253418 0.461328 0.255371
1 0.569141 0.101562 0.567969 0.101074 0.563672 0.101562 0.562891 0.102539 0.561719 0.103027 0.555469 0.11084 0.552344 0.119629 0.551562 0.120605 0.55 0.125 0.548828 0.126953 0.548438 0.130859 0.547461 0.134912 0.547266 0.137207 0.546875 0.139063 0.546602 0.14043 0.546289 0.143311 0.546094 0.145508 0.546289 0.147021 0.546094 0.149219 0.545352 0.152344 0.544531 0.15625 0.545312 0.157715 0.548828 0.157715 0.551953 0.151514 0.554219 0.146777 0.556641 0.144043 0.55875 0.139648 0.560703 0.136475 0.562109 0.133301 0.563281 0.130859 0.564063 0.127441 0.566055 0.119678 0.567266 0.116553 0.56832 0.114551 0.569414 0.112695 0.570312 0.11084 0.570703 0.110352 0.570703 0.104492 0.570312 0.103027
1 0.439063 0.124512 0.4375 0.126465 0.4375 0.12793 0.437109 0.128418 0.437109 0.143555 0.4375 0.144043 0.4375 0.148438 0.437891 0.148926 0.438281 0.153809 0.438672 0.155273 0.440625 0.158691 0.446484 0.165527 0.448047 0.166016 0.45 0.165039 0.450781 0.164062 0.451172 0.162598 0.450586 0.159131 0.450781 0.155762 0.449219 0.151611 0.449219 0.147754 0.448477 0.143311 0.448047 0.139648 0.447656 0.135254 0.444141 0.125977 0.442969 0.125 0.441797 0.125 0.441406 0.124512
1 0.426563 0.0844727 0.425 0.0825195 0.423438 0.081543 0.421484 0.081543 0.421094 0.0810547 0.414062 0.0810547 0.413672 0.081543 0.411328 0.081543 0.410938 0.0820312 0.409375 0.0820312 0.407031 0.0830078 0.401953 0.0874023 0.399609 0.0913086 0.399219 0.0942383 0.398828 0.0947266 0.398828 0.0996094 0.399219 0.100098 0.399609 0.104004 0.403906 0.10498 0.405352 0.103174 0.407461 0.100439 0.410625 0.0993164 0.414453 0.0991211 0.419531 0.097168 0.423047 0.0947266 0.423828 0.0947266 0.426953 0.0917969 0.427734 0.0878906
1 0.275781 0.0205078 0.275 0.0209961 0.274219 0.0239258 0.274219 0.0307617 0.273828 0.03125 0.273828 0.0341797 0.274219 0.034668 0.274219 0.0375977 0.274609 0.0380859 0.274609 0.0429688 0.275 0.043457 0.275 0.050293 0.275391 0.0507812 0.275781 0.0585938 0.276172 0.059082 0.276172 0.0605469 0.277344 0.0649414 0.278125 0.0664062 0.280078 0.0688477 0.281641 0.0698242 0.284375 0.0698242 0.286719 0.0683594 0.288281 0.0664062 0.289844 0.0620117 0.291016 0.0600586 0.291016 0.059082 0.291797 0.0576172 0.292187 0.0527344 0.292578 0.0522461 0.292187 0.0458984 0.290625 0.0405273 0.288281 0.0375977 0.286719 0.0336914 0.282813 0.0283203 0.280078 0.0224609 0.278906 0.0209961
1 0.26207 0.246973 0.259375 0.248047 0.259375 0.249023 0.258984 0.249512 0.258984 0.256836 0.259375 0.257324 0.259375 0.259277 0.259766 0.259766 0.259766 0.26123 0.260156 0.261719 0.260156 0.263184 0.260547 0.263672 0.260547 0.26416 0.260937 0.264648 0.260937 0.265137 0.261328 0.265625 0.261328 0.266602 0.261719 0.26709 0.261719 0.268066 0.262109 0.268555 0.262813 0.269434 0.263477 0.27041 0.264219 0.271191 0.264609 0.272412 0.265352 0.273145 0.265703 0.274072 0.266367 0.275293 0.266914 0.276611 0.267148 0.277344 0.267656 0.278125 0.268242 0.278857 0.268633 0.279639 0.26918 0.280322 0.269922 0.280908 0.27043 0.281348 0.270781 0.281885 0.271094 0.282617 0.271484 0.283447 0.271953 0.284131 0.272344 0.284814 0.272813 0.285498 0.273945 0.286719 0.275156 0.288281 0.275859 0.288916 0.276641 0.289258 0.277891 0.290088 0.279023 0.290625 0.279961 0.290967 0.280859 0.291943 0.281484 0.292969 0.282148 0.293555 0.282617 0.293262 0.283086 0.292969 0.283555 0.29248 0.284062 0.292187 0.284492 0.291748 0.284727 0.290479 0.285156 0.288086 0.285078 0.286963 0.284766 0.285645 0.284766 0.28418 0.284375 0.283691 0.283711 0.283203 0.283203 0.282178 0.282539 0.280762 0.28207 0.27998 0.281836 0.279736 0.281562 0.279199 0.281367 0.27876 0.281055 0.27832 0.280703 0.277734 0.280508 0.277344 0.280313 0.277002 0.280117 0.276318 0.280039 0.275488 0.279961 0.274805 0.279766 0.274365 0.279414 0.273926 0.279102 0.273486 0.278984 0.272949 0.278789 0.27251 0.278594 0.272021 0.278438 0.27168 0.278281 0.271387 0.278047 0.270801 0.277891 0.27041 0.277695 0.269922 0.2775 0.269141 0.27707 0.268408 0.276562 0.267627 0.275938 0.266748 0.27543 0.265332 0.275 0.263574 0.273828 0.261719 0.273828 0.26123 0.273047 0.260254 0.273047 0.259766 0.272266 0.258789 0.270703 0.257227 0.268906 0.255615 0.26707 0.25376 0.266328 0.251123 0.265547 0.248877 0.263672 0.247559
2 0.209375 0.329102 0.207031 0.328125 0.205859 0.328125 0.205469 0.327637 0.201172 0.327637 0.198828 0.329102 0.198047 0.329102 0.196484 0.330566 0.194922 0.334473 0.194922 0.336426 0.194922 0.339746 0.194805 0.343408 0.193359 0.347656 0.19207 0.351416 0.19043 0.355225 0.188555 0.358398 0.186523 0.361816 0.184375 0.365234 0.182812 0.368652 0.182812 0.370117 0.184375 0.37207 0.186719 0.37207 0.188281 0.371094 0.192773 0.367676 0.19625 0.364307 0.19832 0.361377 0.200469 0.356592 0.202227 0.350977 0.203594 0.346729 0.204102 0.342432 0.204102 0.338281 0.205273 0.33584 0.208984 0.336084 0.210938 0.334961 0.210938 0.33252 0.210156 0.330078
1 0.331641 0.374023 0.330859 0.37207 0.329688 0.370605 0.326172 0.368652 0.322734 0.367822 0.319531 0.367676 0.316055 0.367334 0.31 0.367969 0.306914 0.36875 0.30457 0.369922 0.301836 0.372607 0.299687 0.376367 0.297891 0.381055 0.296406 0.38584 0.296563 0.388037 0.297187 0.3896 0.298555 0.390381 0.300156 0.390088 0.301172 0.388184 0.304609 0.385059 0.307031 0.385693 0.308945 0.385498 0.312422 0.385986 0.31543 0.385254 0.317539 0.383887 0.319336 0.383984 0.32207 0.384814 0.326094 0.384717 0.328906 0.384277 0.33125 0.381348 0.331641 0.378418 0.332031 0.37793
1 0.241797 0.383789 0.241797 0.385742 0.242188 0.38623 0.242188 0.388184 0.242578 0.388672 0.242578 0.390137 0.242969 0.390625 0.242969 0.391602 0.243359 0.39209 0.243359 0.392578 0.24375 0.393066 0.24375 0.393555 0.244531 0.394531 0.244531 0.39502 0.246094 0.396973 0.246914 0.397314 0.247852 0.397949 0.248711 0.398535 0.249688 0.398975 0.25043 0.399512 0.251094 0.399707 0.25168 0.399658 0.252461 0.399854 0.253203 0.400146 0.254102 0.400342 0.255117 0.400635 0.256641 0.400928 0.258516 0.401123 0.260781 0.401221 0.262617 0.401465 0.264414 0.401465 0.266484 0.401123 0.26875 0.400977 0.270586 0.400977 0.271992 0.400586 0.273672 0.400586 0.274766 0.400439 0.275625 0.400391 0.276211 0.400439 0.276836 0.400391 0.277734 0.400244 0.278594 0.400098 0.278984 0.399756 0.279766 0.399219 0.280547 0.398291 0.280859 0.397461 0.280859 0.396973 0.28125 0.396484 0.281953 0.393262 0.28168 0.391016 0.280859 0.38916 0.279687 0.387695 0.278906 0.387695 0.278516 0.387207 0.277344 0.387207 0.276953 0.386719 0.275391 0.386719 0.275 0.38623 0.272266 0.38623 0.271875 0.385742 0.270313 0.385742 0.269922 0.385254 0.267969 0.385254 0.267578 0.384766 0.265625 0.384766 0.265234 0.384277 0.262891 0.384277 0.2625 0.383789 0.260547 0.383789 0.260156 0.383301 0.258437 0.383301 0.256875 0.383691 0.255391 0.383691 0.253711 0.384375 0.251758 0.384814 0.250781 0.384473 0.249922 0.383594 0.248945 0.38252 0.248555 0.381201 0.248047 0.379688 0.247891 0.378516 0.246797 0.377588 0.245352 0.377441 0.243906 0.378418 0.243359 0.379883 0.242578 0.380859 0.242578 0.381836 0.242188 0.382324 0.242188 0.383301
1 0.709844 0.247266 0.708203 0.244629 0.706641 0.243164 0.704688 0.242188 0.701172 0.241699 0.700781 0.241211 0.690234 0.241699 0.686719 0.243164 0.685156 0.243164 0.68125 0.245117 0.677344 0.25 0.675391 0.251465 0.673828 0.253418 0.672305 0.255322 0.670742 0.257959 0.669766 0.26123 0.671406 0.264307 0.675508 0.265332 0.681758 0.264941 0.686719 0.265137 0.687109 0.264648 0.688906 0.263965 0.691836 0.262256 0.696094 0.258252 0.700781 0.255859 0.706523 0.254102 0.709414 0.251416
2 0.660937 0.220703 0.656641 0.220215 0.652148 0.223682 0.649961 0.227588 0.64875 0.235107 0.648477 0.24209 0.649609 0.246582 0.652695 0.248486 0.653906 0.244629 0.653555 0.238525 0.658359 0.228174 0.66125 0.22334
1 0.809766 0.22998 0.807031 0.232422 0.80625 0.235352 0.80625 0.236816 0.805859 0.237305 0.805859 0.239258 0.805469 0.239746 0.805469 0.242676 0.805078 0.243164 0.805078 0.254883 0.805469 0.255371 0.805859 0.259766 0.809766 0.26709 0.820312 0.279785 0.825391 0.282715 0.827734 0.282715 0.828906 0.281738 0.829688 0.281738 0.83125 0.279297 0.83125 0.274902 0.828125 0.268555 0.828125 0.267578 0.826172 0.262695 0.825781 0.260254 0.824609 0.259277 0.822266 0.255371 0.820703 0.253906 0.819531 0.250488 0.81875 0.249512 0.817187 0.245605 0.815234 0.236816 0.813672 0.23291 0.811328 0.22998
1 0.833594 0.337891 0.830859 0.333984 0.826172 0.330566 0.81625 0.331836 0.803906 0.337354 0.800938 0.34126 0.799609 0.346191 0.801172 0.350586 0.805469 0.354004 0.814297 0.352686 0.831523 0.345166 0.833203 0.342285
1 0.934766 0.361328 0.935156 0.365723 0.937109 0.369629 0.939453 0.37207 0.944141 0.374512 0.945312 0.374512 0.947266 0.375488 0.950391 0.375488 0.950781 0.375977 0.951953 0.375488 0.954688 0.375488 0.955078 0.375 0.957422 0.375 0.957812 0.374512 0.959766 0.374512 0.961328 0.373535 0.965234 0.372559 0.971484 0.368652 0.975 0.364746 0.975391 0.363281 0.975391 0.36084 0.974609 0.359863 0.971484 0.358398 0.966797 0.35791 0.966406 0.357422 0.952344 0.356934 0.951953 0.356445 0.938281 0.356934 0.935937 0.358398
1 0.595313 0.387891 0.595469 0.390381 0.596406 0.393066 0.599219 0.394531 0.607422 0.393408 0.610469 0.394189 0.613477 0.394775 0.616953 0.393506 0.618359 0.392383 0.621016 0.391504 0.623711 0.391211 0.626992 0.391211 0.629922 0.390625 0.632031 0.387451 0.630664 0.384473 0.628477 0.38252 0.624609 0.379883 0.619922 0.377441 0.614062 0.376953 0.613672 0.376465 0.604688 0.376465 0.604297 0.376953 0.602344 0.376953 0.599219 0.379395 0.596094 0.384277 0.595508 0.386475
1 0.453164 0.37085 0.451289 0.370801 0.450313 0.372998 0.450781 0.376123 0.451211 0.380078 0.450469 0.385986 0.447656 0.390625 0.446836 0.393457 0.446094 0.396973 0.44582 0.400244 0.446055 0.403369 0.448672 0.408594 0.452227 0.413232 0.453086 0.416162 0.453437 0.418945 0.453516 0.421094 0.454922 0.422754 0.456094 0.421094 0.456445 0.418848 0.457422 0.415527 0.457422 0.413086 0.458008 0.410889 0.458125 0.408203 0.458047 0.406006 0.458789 0.404639 0.45918 0.401416 0.459766 0.397949 0.45957 0.393506 0.459023 0.388525 0.459375 0.383789 0.459375 0.382324 0.458203 0.37793 0.455859 0.373535 0.454727 0.371729
1 0.420391 0.410986 0.421484 0.412891 0.423438 0.416016 0.426914 0.420068 0.430234 0.423193 0.433281 0.426025 0.436016 0.42832 0.438438 0.429492 0.441797 0.43042 0.444258 0.431494 0.446602 0.432617 0.447617 0.43418 0.446719 0.437891 0.447266 0.440283 0.450469 0.443506 0.452422 0.442432 0.453594 0.440479 0.454844 0.436572 0.455312 0.432812 0.455859 0.427246 0.454688 0.42334 0.453516 0.421875 0.452344 0.418945 0.45 0.416016 0.446875 0.414551 0.4425 0.412109 0.440586 0.411182 0.439219 0.4104 0.437695 0.410059 0.436016 0.410498 0.434414 0.410596 0.433164 0.410205 0.431484 0.409717 0.430234 0.409277 0.428945 0.409131 0.424805 0.407959 0.422187 0.408594
1 0.445977 0.374658 0.443828 0.374121 0.441797 0.374951 0.440234 0.376465 0.438672 0.377441 0.433594 0.383301 0.431641 0.384766 0.430469 0.386719 0.428516 0.39209 0.426719 0.398145 0.423906 0.400635 0.422773 0.404687 0.423633 0.407324 0.426914 0.408057 0.42918 0.405811 0.432344 0.405762 0.435078 0.403955 0.437734 0.402197 0.440078 0.4 0.443281 0.396484 0.446016 0.390088 0.44707 0.385791 0.448867 0.382617 0.449531 0.379346 0.448867 0.376807 0.447773 0.375439
1 0.00820313 0.86084 0.00859375 0.866211 0.009375 0.867676 0.0113281 0.869629 0.0136719 0.871094 0.015625 0.871582 0.0167969 0.872559 0.0191406 0.873047 0.0207031 0.874023 0.0300781 0.874512 0.0308594 0.874023 0.0324219 0.871582 0.0324219 0.866699 0.0308594 0.862305 0.0308594 0.861328 0.0292969 0.858887 0.0261719 0.856445 0.0222656 0.855469 0.021875 0.85498 0.0148437 0.85498 0.0105469 0.856934 0.00898437 0.858887
2 0.384766 0.439941 0.384375 0.439941 0.383984 0.439453 0.380469 0.439453 0.380078 0.439941 0.378906 0.439941 0.378516 0.44043 0.377734 0.44043 0.377344 0.440918 0.376563 0.440918 0.376172 0.441406 0.375781 0.441406 0.375391 0.441895 0.375 0.441895 0.374609 0.442383 0.373828 0.442383 0.373437 0.442871 0.373047 0.442871 0.372656 0.443359 0.372266 0.443359 0.371875 0.443848 0.371484 0.443848 0.370703 0.444824 0.370312 0.444824 0.369922 0.445312 0.369531 0.445312 0.369141 0.445801 0.36875 0.445801 0.368359 0.446289 0.367969 0.446289 0.366797 0.447754 0.366797 0.448242 0.366406 0.44873 0.366406 0.449219 0.366016 0.449707 0.366016 0.450195 0.365625 0.450684 0.365625 0.451172 0.364844 0.452148 0.364844 0.452637 0.364453 0.453125 0.364453 0.456055 0.366289 0.45625 0.367305 0.455518 0.368477 0.454248 0.369023 0.453467 0.369727 0.452588 0.370391 0.451807 0.371094 0.451465 0.372109 0.451465 0.373555 0.450928 0.37457 0.449902 0.375664 0.448877 0.376602 0.447998 0.377852 0.447803 0.379297 0.447363 0.381094 0.44668 0.381836 0.445654 0.382305 0.444971 0.382734 0.444385 0.38332 0.443555 0.384141 0.44248 0.384727 0.441504
1 0.35375 0.447266 0.352539 0.449707 0.352734 0.452148 0.353711 0.453613 0.355352 0.454199 0.356523 0.456055 0.355273 0.45752 0.353789 0.458984 0.352422 0.461084 0.351055 0.463623 0.350664 0.466064 0.350273 0.469482 0.349414 0.472754 0.348516 0.476562 0.348516 0.480811 0.348438 0.48291 0.349297 0.485498 0.350977 0.48877 0.352148 0.490723 0.354102 0.492041 0.356133 0.490088 0.357227 0.48877 0.357148 0.487061 0.356836 0.485352 0.357812 0.481934 0.359102 0.47998 0.360547 0.478271 0.362109 0.476074 0.362891 0.474609 0.363281 0.470215 0.363789 0.466553 0.364258 0.463379 0.36418 0.459717 0.364453 0.456787 0.363477 0.453369 0.362383 0.451318 0.35957 0.449121 0.35793 0.446777 0.355586 0.446777
1 0.339336 0.446777 0.336211 0.446777 0.333672 0.4479 0.332031 0.449756 0.331172 0.451807 0.331562 0.454736 0.332305 0.457275 0.333594 0.461914 0.33418 0.464746 0.334063 0.47207 0.333984 0.477051 0.335156 0.47998 0.337031 0.481592 0.339922 0.482568 0.341797 0.482666 0.345 0.482666 0.34832 0.482324 0.348242 0.475439 0.346562 0.475488 0.345117 0.474268 0.345039 0.470117 0.345117 0.464404 0.344531 0.460352 0.343945 0.457324 0.343359 0.454004 0.342187 0.451172 0.340625 0.449219
1 0.241875 0.473633 0.24082 0.471582 0.23875 0.470947 0.236992 0.472949 0.23582 0.4771 0.235273 0.481299 0.234609 0.487061 0.232813 0.493164 0.232422 0.493652 0.232031 0.49707 0.230859 0.500488 0.230469 0.503418 0.229687 0.504883 0.229687 0.508789 0.230078 0.509277 0.230469 0.513184 0.23125 0.515137 0.23125 0.517578 0.231641 0.519043 0.232813 0.52002 0.236328 0.519043 0.238281 0.516113 0.240703 0.51123 0.242578 0.507373 0.245234 0.503613 0.246484 0.500488 0.246484 0.495605 0.246094 0.495117 0.246094 0.492188 0.245312 0.489746 0.244922 0.485352 0.244141 0.483887 0.244141 0.48291 0.242969 0.480469 0.242578 0.478027 0.242305 0.475928
1 0.216289 0.489502 0.213828 0.489697 0.212773 0.491895 0.215586 0.495996 0.218125 0.503516 0.21957 0.509424 0.219805 0.51499 0.219883 0.518359 0.220195 0.520312 0.220312 0.522607 0.220312 0.525439 0.220508 0.528271 0.221172 0.530615 0.221875 0.532715 0.222969 0.535303 0.225195 0.540479 0.229297 0.54834 0.230078 0.54834 0.23125 0.549316 0.233203 0.549316 0.233984 0.54834 0.234766 0.54541 0.234766 0.540527 0.234375 0.540039 0.233984 0.536133 0.233594 0.535645 0.233594 0.52832 0.233203 0.527832 0.233203 0.523926 0.232813 0.523438 0.232813 0.521973 0.230664 0.515771 0.229687 0.512207 0.229102 0.509766 0.226172 0.50415 0.224023 0.500098 0.218789 0.491016
1 0.193359 0.530273 0.193359 0.525879 0.192969 0.524902 0.189062 0.520996 0.184961 0.520068 0.18082 0.519775 0.177344 0.519531 0.173125 0.520459 0.170703 0.520508 0.167891 0.521533 0.165234 0.520996 0.161719 0.521484 0.159648 0.522168 0.158086 0.522998 0.157656 0.525 0.158164 0.52793 0.160352 0.529297 0.163867 0.530225 0.167148 0.531201 0.169453 0.53335 0.171875 0.535498 0.174609 0.537109 0.177539 0.5375 0.18125 0.537109 0.18418 0.535889 0.18625 0.535059 0.187891 0.534668 0.190625 0.533691 0.191797 0.532715
1 0.104961 0.415576 0.103125 0.415576 0.102656 0.416504 0.101797 0.416992 0.10082 0.417236 0.100391 0.417969 0.1 0.418457 0.0992187 0.418457 0.0988281 0.418945 0.0984375 0.418945 0.0980469 0.419434 0.0972656 0.419434 0.096875 0.419922 0.0964844 0.419922 0.0960938 0.42041 0.0957031 0.42041 0.0953125 0.420898 0.0949219 0.420898 0.09375 0.422363 0.0933594 0.422363 0.0925781 0.42334 0.0925781 0.423828 0.0894531 0.427734 0.0894531 0.428223 0.0871094 0.431152 0.0871094 0.432129 0.0867187 0.432617 0.0867187 0.434082 0.0863281 0.43457 0.0863281 0.4375 0.0859375 0.437988 0.0859375 0.442871 0.0855469 0.443359 0.0855469 0.444336 0.0859375 0.444824 0.0859375 0.449219 0.0863281 0.449707 0.0863281 0.45166 0.0867187 0.452148 0.0867187 0.452637 0.0871094 0.453125 0.0871094 0.454102 0.0890625 0.456543 0.0894531 0.456543 0.0902344 0.45752 0.090625 0.45752 0.0910156 0.458008 0.0914062 0.458008 0.0917969 0.458496 0.0925781 0.458496 0.0929688 0.458984 0.0933594 0.458984 0.09375 0.459473 0.0945312 0.459473 0.0949219 0.459961 0.0964844 0.459961 0.096875 0.459473 0.0972656 0.459473 0.0976562 0.458984 0.0976562 0.458496 0.0980469 0.458008 0.0980469 0.45752 0.0984375 0.457031 0.0984375 0.456543 0.0988281 0.456055 0.0988281 0.454102 0.0984375 0.453613 0.0984375 0.452148 0.0980469 0.45166 0.0976562 0.451611 0.0974219 0.451318 0.0966406 0.450781 0.0963672 0.450342 0.0958984 0.449658 0.0957812 0.448584 0.0960156 0.4479 0.0966797 0.447461 0.0972656 0.446631 0.0978125 0.446143 0.0982422 0.445508 0.09875 0.444971 0.099375 0.444482 0.0998437 0.443555 0.0998828 0.442725 0.100273 0.441797 0.100469 0.441357 0.100742 0.440967 0.10082 0.440674 0.100977 0.440332 0.101094 0.439746 0.101484 0.439258 0.101719 0.438477 0.101953 0.437939 0.102031 0.437451 0.102266 0.436865 0.102617 0.436377 0.102891 0.435937 0.103164 0.435645 0.103594 0.435059 0.103906 0.43457 0.103984 0.434082 0.104062 0.433643 0.104102 0.433008 0.104023 0.432031 0.103945 0.430762 0.103711 0.429492 0.103438 0.42832 0.10375 0.426563 0.104648 0.424561 0.105859 0.422852 0.106563 0.420752 0.106914 0.419531 0.106953 0.418066 0.106328 0.416455
2 0.0988281 0.458496 0.0988281 0.459961 0.0996094 0.460938 0.1 0.462402 0.103125 0.463867 0.105078 0.466797 0.108008 0.469141 0.111328 0.469385 0.114141 0.468896 0.117656 0.468164 0.119922 0.469727 0.121094 0.467773 0.121094 0.46582 0.120313 0.463867 0.118359 0.461914 0.114453 0.460938 0.111328 0.458984 0.109375 0.458984 0.107031 0.458008 0.0992187 0.458008
1 0.281562 0.607812 0.276484 0.60708 0.273867 0.608643 0.271992 0.61167 0.27168 0.615723 0.26875 0.616211 0.264844 0.616797 0.262109 0.617676 0.260156 0.618164 0.257422 0.620605 0.255469 0.621582 0.251563 0.625488 0.251172 0.62793 0.252812 0.631104 0.255469 0.632812 0.259375 0.633789 0.261836 0.634033 0.263867 0.633936 0.266289 0.63418 0.269805 0.632568 0.273711 0.630273 0.277344 0.627441 0.28125 0.623535 0.283281 0.618896 0.283789 0.61416 0.283984 0.609912
1 0.314453 0.631836 0.312109 0.630859 0.309375 0.630859 0.307031 0.631836 0.305469 0.633301 0.303828 0.636963 0.301563 0.641162 0.300156 0.644775 0.299102 0.648584 0.296875 0.651807 0.295117 0.65376 0.293672 0.655322 0.292891 0.657227 0.292539 0.659131 0.292461 0.66123 0.29375 0.662598 0.294922 0.664062 0.296406 0.663721 0.297969 0.662744 0.299531 0.661865 0.30168 0.661133 0.305508 0.659131 0.309492 0.655322 0.312344 0.648779 0.314258 0.643555 0.315625 0.640625 0.317383 0.637793 0.317227 0.634424 0.316406 0.632373
1 0.318359 0.664551 0.317969 0.664062 0.317578 0.664062 0.316016 0.662109 0.315625 0.662109 0.315234 0.661621 0.313672 0.661621 0.313281 0.662109 0.3125 0.662109 0.312109 0.662598 0.311719 0.662598 0.311328 0.663086 0.310156 0.663086 0.309766 0.663574 0.307422 0.663574 0.307031 0.664062 0.30625 0.664062 0.305859 0.664551 0.305469 0.664551 0.305078 0.665039 0.304688 0.665039 0.304297 0.665527 0.303516 0.665527 0.303125 0.666016 0.302734 0.666895 0.302187 0.667676 0.301563 0.669141 0.300859 0.669971 0.300312 0.671338 0.299336 0.671289 0.299219 0.670068 0.299141 0.668359 0.299063 0.666992 0.299141 0.665625 0.298555 0.664551 0.297227 0.663916 0.295898 0.66416 0.294609 0.664404 0.293906 0.66543 0.291953 0.667188 0.291016 0.669092 0.290937 0.672363 0.291289 0.674316 0.29207 0.675977 0.293281 0.678809 0.293711 0.680176 0.294219 0.682129 0.294766 0.683154 0.295312 0.684131 0.296016 0.68457 0.296914 0.685303 0.297422 0.685742 0.297969 0.686133 0.298945 0.68667 0.299844 0.687256 0.300937 0.687354 0.302344 0.6875 0.302734 0.687012 0.303516 0.687012 0.303906 0.686523 0.304688 0.686523 0.305078 0.686035 0.305859 0.686035 0.30625 0.685547 0.306641 0.685547 0.307031 0.685059 0.307422 0.685059 0.308203 0.684082 0.308594 0.684082 0.309375 0.683105 0.310156 0.681885 0.311719 0.681152 0.311719 0.680664 0.312109 0.680176 0.312109 0.679688 0.313281 0.678223 0.313672 0.678223 0.314453 0.677246 0.314453 0.676758 0.315234 0.675781 0.315234 0.675293 0.316797 0.67334 0.316797 0.672852 0.317188 0.672363 0.317188 0.671875 0.317969 0.670898 0.317969 0.669922 0.318359 0.669434 0.318359 0.667969 0.31875 0.66748 0.31875 0.665527 0.318359 0.665039
2 0.971094 0.547852 0.970703 0.553223 0.973047 0.559082 0.976562 0.564453 0.985547 0.572266 0.989453 0.571777 0.990234 0.569824 0.989844 0.564453 0.9875 0.560547 0.975781 0.547852
2 0.861836 0.693994 0.860703 0.690967 0.858516 0.692334 0.856758 0.697168 0.854336 0.700781 0.853477 0.704199 0.852383 0.70918 0.85125 0.712207 0.849844 0.714795 0.848828 0.717285 0.848437 0.717773 0.848633 0.719678 0.848828 0.722168 0.850781 0.722656 0.851172 0.722168 0.854297 0.72168 0.857383 0.718555 0.859727 0.71499 0.860898 0.710791 0.862109 0.707812 0.8625 0.705566 0.8625 0.703613 0.862891 0.700879 0.861875 0.697412
1 0.612891 0.769043 0.610938 0.768066 0.609766 0.768555 0.604688 0.768555 0.604297 0.769043 0.602344 0.769043 0.601953 0.769531 0.600391 0.769531 0.6 0.77002 0.597266 0.770508 0.591406 0.774414 0.589063 0.777344 0.589063 0.777832 0.588281 0.77832 0.585938 0.783203 0.585938 0.784668 0.585156 0.787109 0.585156 0.789062 0.584766 0.789551 0.584766 0.791504 0.584375 0.791992 0.584375 0.794434 0.583984 0.794922 0.583984 0.799805 0.583594 0.800293 0.583594 0.804199 0.583203 0.804688 0.583203 0.811523 0.582812 0.812012 0.582812 0.820312 0.583984 0.823242 0.587891 0.823242 0.588672 0.822754 0.591797 0.815918 0.591797 0.814941 0.592969 0.8125 0.594141 0.808105 0.596484 0.803711 0.597656 0.798828 0.6 0.793457 0.600391 0.791016 0.602734 0.784668 0.605469 0.78125 0.609375 0.779297 0.6125 0.776855 0.613672 0.775391 0.614453 0.772461 0.614453 0.770996
1 0.760742 0.878906 0.758711 0.881738 0.757617 0.884277 0.758008 0.886475 0.758984 0.888672 0.760273 0.890771 0.761914 0.892725 0.762969 0.896387 0.764062 0.899512 0.765234 0.903809 0.770703 0.910645 0.774609 0.913574 0.778594 0.913574 0.779375 0.909814 0.778125 0.906982 0.776172 0.904053 0.776172 0.899805 0.775195 0.893945 0.774414 0.88916 0.772656 0.884766 0.771094 0.882324 0.767969 0.879883 0.763281 0.878906
1 0.707031 0.974121 0.707422 0.979492 0.708984 0.982422 0.710898 0.983203 0.713164 0.983545 0.71582 0.984277 0.71707 0.985547 0.718086 0.986963 0.719023 0.988965 0.720703 0.989111 0.72293 0.989404 0.725234 0.989502 0.728047 0.989307 0.731445 0.98916 0.734883 0.989453 0.737656 0.9875 0.740078 0.985742 0.741172 0.984521 0.741523 0.982568 0.741797 0.980957 0.741016 0.978027 0.7375 0.974609 0.735547 0.973633 0.734375 0.973633 0.732422 0.972656 0.730859 0.972656 0.730469 0.972168 0.724609 0.97168 0.724219 0.971191 0.710938 0.971191 0.708594 0.972168
1 0.459375 0.970215 0.458594 0.971191 0.457422 0.974609 0.457031 0.98291 0.457422 0.983398 0.457813 0.990234 0.459375 0.996094 0.460156 0.997559 0.460156 1 0.475 1 0.474609 0.993164 0.473047 0.989746 0.472656 0.987305 0.469141 0.978516 0.469141 0.977539 0.467187 0.972168 0.465625 0.970215 0.464062 0.969238 0.461328 0.969238
1 0.423438 0.938965 0.423828 0.943359 0.426953 0.947266 0.429688 0.94873 0.432031 0.950684 0.433984 0.951172 0.435156 0.952148 0.438281 0.952637 0.438672 0.953125 0.441836 0.953125 0.446445 0.952588 0.451328 0.952344 0.455156 0.9521 0.457969 0.951611 0.460352 0.951416 0.462891 0.95166 0.463672 0.950684 0.464453 0.948242 0.464062 0.945801 0.462109 0.943359 0.460938 0.942871 0.460156 0.941895 0.455859 0.939453 0.454688 0.939453 0.451953 0.937988 0.448828 0.9375 0.448437 0.937012 0.445312 0.936523 0.444922 0.936035 0.442969 0.936035 0.442578 0.935547 0.438281 0.935547 0.437891 0.935059 0.428516 0.935059 0.428125 0.935547 0.426953 0.935547 0.426172 0.936523 0.425 0.937012
1 0.353516 0.958496 0.35 0.958008 0.345313 0.960938 0.342578 0.963867 0.338672 0.966797 0.334766 0.970703 0.332813 0.974121 0.330508 0.979248 0.327734 0.984863 0.326953 0.986328 0.326953 0.992188 0.327344 0.992676 0.327344 0.994629 0.329688 0.998047 0.330078 1 0.335547 1 0.335938 0.998047 0.337695 0.99458 0.338867 0.991113 0.340586 0.987988 0.342734 0.985352 0.344727 0.982617 0.348047 0.980469 0.354687 0.96582 0.355078 0.961914 0.354297 0.959473
1 0.225391 0.9375 0.221875 0.9375 0.219922 0.938477 0.218359 0.94043 0.215469 0.947266 0.213164 0.952832 0.21043 0.958984 0.206875 0.963672 0.203516 0.96582 0.201172 0.96875 0.199609 0.969238 0.194844 0.969434 0.193867 0.9729 0.196094 0.975098 0.197266 0.976074 0.200781 0.978027 0.202344 0.978027 0.202734 0.978516 0.204687 0.978516 0.205078 0.979004 0.210156 0.979004 0.2125 0.977539 0.213281 0.977539 0.215469 0.976562 0.216836 0.974316 0.218359 0.971631 0.219961 0.968457 0.222656 0.963037 0.224375 0.958252 0.225781 0.954102 0.226172 0.953613 0.226562 0.949707 0.226953 0.949219 0.227344 0.944336 0.227734 0.943848 0.226953 0.939453
1 0.167578 0.86377 0.167969 0.866699 0.170313 0.870117 0.175391 0.873047 0.179688 0.873535 0.180078 0.874023 0.185156 0.874023 0.186328 0.874512 0.186719 0.874023 0.194531 0.874023 0.194922 0.873535 0.196484 0.873535 0.200391 0.871094 0.201953 0.868164 0.201953 0.863281 0.201563 0.861816 0.198047 0.856934 0.196094 0.855957 0.193359 0.853516 0.186328 0.850586 0.180859 0.850586 0.180469 0.851074 0.179297 0.851074 0.175781 0.852539 0.173437 0.854004 0.16875 0.859375
1 0.114844 0.896484 0.111719 0.896484 0.107813 0.900391 0.103906 0.908203 0.102734 0.912598 0.102734 0.927246 0.107813 0.938477 0.115391 0.923975 0.113906 0.91748 0.11543 0.906055 0.117227 0.898145
1 0 0.793457 0 0.834473 0.00351563 0.834473 0.00703125 0.833008 0.0109375 0.827637 0.0132812 0.821777 0.0132812 0.819336 0.0136719 0.818848 0.0136719 0.813477 0.0113281 0.805176 0.00820313 0.800293 0.00742187 0.79834 0.00234375 0.793457
1 0.115625 0.92334 0.114844 0.924316 0.114453 0.92627 0.113672 0.927734 0.108047 0.938672 0.108281 0.942383 0.110078 0.944043 0.111914 0.943555 0.11332 0.941455 0.115273 0.940674 0.117773 0.940527 0.120547 0.941797 0.122734 0.944287 0.124492 0.946484 0.124609 0.94873 0.124336 0.952393 0.125937 0.956201 0.128906 0.955225 0.131875 0.951953 0.133828 0.948242 0.133594 0.943848 0.133203 0.936035 0.131641 0.931152 0.128906 0.927734 0.127344 0.92627 0.125391 0.925293 0.123438 0.922852 0.117188 0.922852 0.116797 0.92334
1 0.739844 0.709473 0.737109 0.708008 0.735156 0.708008 0.732734 0.708984 0.731953 0.713818 0.728633 0.718799 0.726289 0.724121 0.72418 0.729102 0.721836 0.733301 0.719141 0.737305 0.71875 0.740723 0.717969 0.742676 0.717969 0.745117 0.719531 0.74707 0.722266 0.74707 0.724609 0.746094 0.726484 0.743018 0.729688 0.739551 0.732969 0.736768 0.736406 0.734473 0.739453 0.732422 0.740313 0.728662 0.740859 0.725684 0.741328 0.722119 0.742578 0.720703 0.742539 0.718115 0.742969 0.715332 0.742578 0.714844 0.742578 0.713379
2 0.184727 0.684473 0.183008 0.684131 0.181563 0.685693 0.180039 0.691992 0.177148 0.698389 0.175 0.702051 0.171211 0.703271 0.172031 0.70542 0.176289 0.706494 0.180195 0.703076 0.182617 0.699805 0.183555 0.697217 0.184258 0.695264 0.184922 0.692871 0.185391 0.691016 0.185508 0.687939
1 0.0570312 0.578125 0.0566406 0.578613 0.05625 0.578613 0.0554687 0.57959 0.0553906 0.581152 0.0560547 0.582471 0.0566797 0.583936 0.0577734 0.585156 0.0586328 0.586328 0.0596875 0.587451 0.0604297 0.588965 0.0608984 0.590381 0.0613672 0.59165 0.0619922 0.593164 0.0620703 0.594238 0.0621094 0.594727 0.0621094 0.595215 0.0625 0.595703 0.0625 0.596191 0.0628906 0.59668 0.0628906 0.598145 0.0632812 0.598633 0.0632812 0.600098 0.0636719 0.600586 0.0636719 0.603027 0.0640625 0.603516 0.0640625 0.604492 0.0644531 0.60498 0.0644531 0.605957 0.0648438 0.606445 0.0648438 0.606934 0.0671875 0.609863 0.0691406 0.609863 0.0699219 0.608887 0.0699219 0.608398 0.0707031 0.607422 0.0707031 0.606934 0.0710937 0.606445 0.0710937 0.605957 0.0714844 0.605469 0.0714844 0.604492 0.071875 0.604004 0.071875 0.603516 0.0722656 0.603027 0.0722656 0.601562 0.0726563 0.601074 0.0726563 0.597656 0.0730469 0.597168 0.0730469 0.595703 0.0726563 0.595215 0.0726563 0.593262 0.0722656 0.592773 0.0722656 0.591309 0.071875 0.59082 0.071875 0.589844 0.0714844 0.589355 0.0714844 0.588379 0.0710937 0.587891 0.0710937 0.586914 0.0707031 0.586426 0.0707031 0.585938 0.0703125 0.585449 0.0703125 0.584961 0.0699219 0.584473 0.0699219 0.583984 0.0695313 0.583496 0.0695313 0.583008 0.06875 0.582031 0.06875 0.581543 0.0667969 0.579102 0.0664062 0.579102 0.0660156 0.578613 0.065625 0.578613 0.0652344 0.578125 0.0644531 0.578125 0.0640625 0.577637 0.059375 0.577637 0.0589844 0.578125
2 0.869922 0.0771484 0.869531 0.078125 0.869531 0.0820312 0.869922 0.0834961 0.873437 0.090332 0.876953 0.0947266 0.880078 0.097168 0.882031 0.0976562 0.884375 0.0991211 0.886328 0.0991211 0.888672 0.0976562 0.889062 0.0966797 0.889062 0.0947266 0.887109 0.090332 0.884766 0.0869141 0.882812 0.0854492 0.878125 0.0800781 0.876172 0.0791016 0.873828 0.0766602 0.871875 0.0761719
2 0.266797 0.285645 0.266797 0.288086 0.266406 0.288574 0.266406 0.291504 0.267188 0.294434 0.270703 0.29834 0.273047 0.299316 0.275 0.299316 0.275391 0.299805 0.280469 0.299805 0.282422 0.298828 0.283203 0.297852 0.283984 0.295898 0.283984 0.292969 0.283203 0.291992 0.275781 0.291016 0.271484 0.285156 0.270703 0.284668 0.269141 0.284668 0.26875 0.28418 0.267578 0.28418
2 0.0113281 0.253906 0.009375 0.253906 0.00820313 0.255371 0.00742187 0.257812 0.00625 0.259277 0.00507813 0.263184 0.00429688 0.269043 0.00273437 0.273926 0.00273437 0.276855 0.00234375 0.277344 0.00273437 0.281738 0.003125 0.282715 0.00507813 0.284668 0.00664062 0.283691 0.00976562 0.277344 0.0113281 0.274902 0.0140625 0.271973 0.0144531 0.270508 0.0148437 0.262695 0.0144531 0.262207 0.0144531 0.260742 0.0140625 0.260254 0.0140625 0.258789 0.0132812 0.255859
2 0.357031 0.274902 0.353906 0.274414 0.352344 0.275879 0.350781 0.278809 0.346484 0.290039 0.346094 0.29541 0.344922 0.29834 0.344922 0.304688 0.344531 0.305176 0.344531 0.307129 0.346094 0.310059 0.348438 0.310547 0.348828 0.311035 0.350391 0.310547 0.352734 0.306152 0.353516 0.303223 0.353906 0.299316 0.354297 0.298828 0.354297 0.296875 0.354687 0.296387 0.354687 0.294922 0.355078 0.294434 0.355078 0.292969 0.355469 0.29248 0.355469 0.291016 0.356641 0.286621 0.356641 0.284668 0.358203 0.279785 0.357812 0.275879
2 0.773828 0.991211 0.773438 0.994141 0.774609 1 0.790625 1 0.790625 0.998535 0.7875 0.993652 0.782813 0.990723 0.778516 0.989258 0.775391 0.989746
1 0.555469 0.550293 0.554297 0.549805 0.550781 0.549805 0.550391 0.550293 0.549219 0.550293 0.539844 0.556152 0.537891 0.558105 0.533594 0.560547 0.530469 0.563477 0.529297 0.563965 0.526953 0.566895 0.526563 0.569336 0.527344 0.571777 0.530469 0.574219 0.533203 0.574707 0.533594 0.575195 0.539453 0.575195 0.539844 0.574707 0.542578 0.574707 0.542969 0.574219 0.545703 0.57373 0.548828 0.571777 0.550781 0.569824 0.552344 0.567383 0.555469 0.55957 0.556641 0.555176 0.556641 0.552246
