1 0.100391 0.769531 0.0996094 0.769531 0.0992187 0.77002 0.0988281 0.77002 0.0984375 0.770508 0.0980469 0.770508 0.096875 0.771973 0.0964844 0.771973 0.0945312 0.774414 0.0945312 0.774902 0.0941406 0.775391 0.0941406 0.775879 0.09375 0.776367 0.09375 0.776855 0.0933594 0.777344 0.0933594 0.777832 0.0929688 0.77832 0.0929688 0.778809 0.0921875 0.779785 0.0921875 0.780273 0.0917969 0.780762 0.0917969 0.78125 0.0914062 0.781738 0.0914062 0.782227 0.0910156 0.782715 0.0910156 0.783691 0.090625 0.78418 0.090625 0.785645 0.0902344 0.786133 0.0902344 0.788086 0.0898438 0.788574 0.0898438 0.790527 0.0894531 0.791016 0.0894531 0.80127 0.0898438 0.801758 0.0898438 0.803223 0.0902344 0.803711 0.0902344 0.804199 0.090625 0.804688 0.090625 0.805176 0.0925781 0.807617 0.0933594 0.807617 0.09375 0.808105 0.0941406 0.808105 0.0945312 0.808594 0.096875 0.808594 0.0972656 0.808105 0.0976562 0.808105 0.0980469 0.807617 0.0984375 0.807617 0.0988281 0.807129 0.0992187 0.807129 0.100391 0.805664 0.100391 0.805176 0.101172 0.804199 0.101172 0.803711 0.101562 0.803223 0.101562 0.802734 0.101953 0.802246 0.101953 0.801758 0.102344 0.80127 0.102344 0.800781 0.102734 0.800293 0.102734 0.799805 0.103516 0.798828 0.103516 0.79834 0.103906 0.797852 0.103906 0.797363 0.104688 0.796387 0.104688 0.795898 0.105078 0.79541 0.105078 0.794922 0.105469 0.794434 0.105469 0.793457 0.105859 0.792969 0.105859 0.791504 0.10625 0.791016 0.10625 0.788574 0.106641 0.788086 0.106641 0.781738 0.10625 0.78125 0.10625 0.778809 0.105859 0.77832 0.105859 0.776855 0.105469 0.776367 0.105469 0.774902 0.105078 0.774414 0.105078 0.773926 0.104688 0.773438 0.104688 0.772949 0.103906 0.771973 0.103906 0.771484 0.103516 0.770996 0.103125 0.770996 0.102734 0.770508 0.102344 0.770508 0.101953 0.77002 0.100781 0.77002
1 0.165234 0.623047 0.164844 0.623535 0.163281 0.623535 0.162891 0.624023 0.162109 0.624023 0.161328 0.625 0.161328 0.625488 0.160547 0.626465 0.160547 0.627441 0.160156 0.62793 0.160156 0.629395 0.159766 0.629883 0.159766 0.641602 0.160156 0.64209 0.160156 0.648926 0.160547 0.649414 0.160547 0.65332 0.160938 0.653809 0.160938 0.655273 0.161328 0.655762 0.161328 0.656738 0.161719 0.657227 0.161719 0.657715 0.162109 0.658203 0.162109 0.658691 0.1625 0.65918 0.1625 0.660156 0.162891 0.660645 0.162891 0.661133 0.163281 0.661621 0.163281 0.662109 0.163672 0.662598 0.163672 0.663086 0.164453 0.664062 0.164453 0.664551 0.164844 0.665039 0.164844 0.665527 0.165625 0.666504 0.166797 0.666504 0.167969 0.665039 0.167969 0.664551 0.169531 0.662598 0.169531 0.662109 0.169922 0.661621 0.169922 0.660645 0.170313 0.660156 0.170313 0.659668 0.170703 0.65918 0.170703 0.657715 0.171094 0.657227 0.171094 0.65625 0.171484 0.655762 0.171484 0.654785 0.171875 0.654297 0.171875 0.65332 0.172266 0.652832 0.172266 0.650879 0.172656 0.650391 0.172656 0.649414 0.173047 0.648926 0.173047 0.647949 0.173437 0.647461 0.173437 0.645508 0.173828 0.64502 0.173828 0.638184 0.173437 0.637695 0.173437 0.637207 0.173047 0.636719 0.173047 0.635742 0.172656 0.635254 0.172656 0.634277 0.172266 0.633789 0.172266 0.632812 0.171875 0.632324 0.171875 0.631348 0.171484 0.630859 0.171484 0.630371 0.171094 0.629883 0.171094 0.629395 0.170703 0.628906 0.170703 0.628418 0.16875 0.625977 0.168359 0.625977 0.166406 0.623535 0.166016 0.623535 0.165625 0.623047
1 0.173047 0.602051 0.172656 0.602539 0.172266 0.602539 0.171875 0.603027 0.171484 0.603027 0.171094 0.603516 0.170703 0.603516 0.170313 0.604004 0.169922 0.604004 0.169531 0.604492 0.169531 0.60498 0.16875 0.605957 0.16875 0.606445 0.168359 0.606934 0.168359 0.608887 0.167969 0.609375 0.167969 0.612793 0.167578 0.613281 0.167578 0.623047 0.167969 0.623535 0.167969 0.624023 0.16875 0.625 0.16875 0.625488 0.169141 0.625977 0.169141 0.626465 0.169531 0.626953 0.169531 0.627441 0.169922 0.62793 0.169922 0.628418 0.170313 0.628906 0.170313 0.629395 0.170703 0.629883 0.170703 0.630371 0.171094 0.630859 0.171094 0.631348 0.171484 0.631836 0.171484 0.632324 0.171875 0.632812 0.171875 0.633789 0.172266 0.634277 0.172266 0.635254 0.172656 0.635742 0.172656 0.636719 0.173047 0.637207 0.173047 0.637695 0.173437 0.638184 0.173437 0.638672 0.173828 0.63916 0.173828 0.639648 0.176172 0.642578 0.178516 0.642578 0.180078 0.640625 0.180469 0.640625 0.18125 0.639648 0.181641 0.639648 0.182031 0.63916 0.182031 0.638672 0.182422 0.638184 0.182422 0.637695 0.182812 0.637207 0.182812 0.63623 0.183203 0.635742 0.183203 0.625488 0.182812 0.625 0.182812 0.623535 0.182422 0.623047 0.182422 0.618652 0.182031 0.618164 0.182031 0.617188 0.181641 0.616699 0.181641 0.615723 0.18125 0.615234 0.18125 0.614258 0.180859 0.61377 0.180859 0.612305 0.180469 0.611816 0.180469 0.61084 0.180078 0.610352 0.180078 0.608887 0.179688 0.608398 0.179688 0.607422 0.179297 0.606934 0.179297 0.606445 0.178906 0.605957 0.178906 0.605469 0.178125 0.604492 0.178125 0.604004 0.177734 0.603516 0.177344 0.603516 0.176953 0.603027 0.176172 0.603027 0.175781 0.602539 0.175 0.602539 0.174609 0.602051
1 0.218359 0.513672 0.217578 0.513672 0.217188 0.513184 0.212891 0.513184 0.2125 0.513672 0.212109 0.513672 0.211719 0.51416 0.211719 0.514648 0.210156 0.516602 0.209766 0.516602 0.208203 0.518555 0.208203 0.519043 0.207422 0.52002 0.207422 0.520508 0.20625 0.521973 0.20625 0.522461 0.205078 0.523926 0.205078 0.524414 0.204687 0.524902 0.204687 0.525391 0.204297 0.525879 0.204297 0.526855 0.203906 0.527344 0.203906 0.52832 0.203516 0.528809 0.203516 0.529785 0.203125 0.530273 0.203125 0.53125 0.202734 0.531738 0.202734 0.532227 0.202344 0.532715 0.202344 0.53418 0.201953 0.534668 0.201953 0.535645 0.201563 0.536133 0.201563 0.539062 0.201172 0.539551 0.201172 0.541992 0.201563 0.54248 0.201563 0.544922 0.202344 0.545898 0.202344 0.546387 0.204687 0.549316 0.20625 0.549316 0.206641 0.548828 0.207422 0.548828 0.207813 0.54834 0.208594 0.54834 0.212109 0.543945 0.212109 0.543457 0.213672 0.541504 0.213672 0.541016 0.214062 0.540527 0.214062 0.540039 0.214453 0.539551 0.214453 0.539062 0.215625 0.537598 0.215625 0.537109 0.216016 0.536621 0.216016 0.536133 0.216406 0.535645 0.216406 0.534668 0.216797 0.53418 0.216797 0.533203 0.217188 0.532715 0.217188 0.531738 0.217578 0.53125 0.217578 0.530273 0.217969 0.529785 0.217969 0.52832 0.218359 0.527832 0.218359 0.526367 0.21875 0.525879 0.21875 0.524414 0.219141 0.523926 0.219141 0.522949 0.219531 0.522461 0.219531 0.519531 0.219922 0.519043 0.219922 0.516602 0.219531 0.516113 0.219531 0.515137
1 0.212109 0.484863 0.210156 0.487305 0.210156 0.487793 0.209766 0.488281 0.209766 0.48877 0.209375 0.489258 0.209375 0.492676 0.209766 0.493164 0.209766 0.494141 0.210547 0.495117 0.210547 0.495605 0.210938 0.496094 0.210938 0.496582 0.211328 0.49707 0.211328 0.497559 0.211719 0.498047 0.211719 0.498535 0.212891 0.5 0.213281 0.5 0.214844 0.501953 0.214844 0.502441 0.215234 0.50293 0.215234 0.503906 0.215625 0.504395 0.215625 0.504883 0.216016 0.505371 0.216016 0.506348 0.216406 0.506836 0.216406 0.507812 0.216797 0.508301 0.216797 0.509277 0.217188 0.509766 0.217188 0.510254 0.217969 0.51123 0.217969 0.511719 0.21875 0.512695 0.21875 0.513184 0.219531 0.51416 0.219531 0.514648 0.219922 0.514648 0.220312 0.515137 0.222656 0.515137 0.223047 0.515625 0.224219 0.515625 0.224609 0.515137 0.225 0.515137 0.226953 0.512695 0.226953 0.512207 0.228125 0.510742 0.228125 0.510254 0.228516 0.509766 0.228516 0.508789 0.228906 0.508301 0.228906 0.507812 0.229297 0.507324 0.229297 0.506348 0.229687 0.505859 0.229687 0.504395 0.230078 0.503906 0.230078 0.500977 0.229687 0.500488 0.229687 0.499023 0.229297 0.498535 0.229297 0.497559 0.228906 0.49707 0.228906 0.496582 0.228516 0.496094 0.228516 0.495605 0.228125 0.495117 0.228125 0.494629 0.227344 0.493652 0.227344 0.493164 0.226562 0.492188 0.226562 0.491699 0.226172 0.491211 0.226172 0.490723 0.225781 0.490234 0.225781 0.489746 0.224219 0.487793 0.224219 0.487305 0.223828 0.487305 0.223047 0.486328 0.222656 0.486328 0.222266 0.48584 0.221875 0.48584 0.221484 0.485352 0.220312 0.485352 0.219922 0.484863 0.21875 0.484863 0.218359 0.484375 0.217188 0.484375 0.216797 0.483887 0.215625 0.483887 0.215234 0.484375 0.213281 0.484375 0.212891 0.484863
1 0.373828 0.476562 0.373437 0.476562 0.373047 0.476074 0.371875 0.476074 0.371484 0.476562 0.371094 0.476562 0.370703 0.477051 0.370312 0.477051 0.369922 0.477539 0.369531 0.477539 0.365625 0.482422 0.365234 0.482422 0.364063 0.483887 0.363672 0.483887 0.362891 0.484863 0.362109 0.484863 0.361719 0.485352 0.361328 0.485352 0.360938 0.48584 0.360547 0.48584 0.360156 0.486328 0.359766 0.486328 0.358594 0.487793 0.358203 0.487793 0.357031 0.489258 0.356641 0.489258 0.35625 0.489746 0.35625 0.490234 0.354687 0.492188 0.354297 0.492188 0.352344 0.494629 0.352344 0.495117 0.351562 0.496094 0.351562 0.496582 0.351172 0.49707 0.351172 0.497559 0.350391 0.498535 0.350391 0.499023 0.35 0.499512 0.35 0.5 0.349219 0.500977 0.349219 0.504395 0.349609 0.504883 0.349609 0.506348 0.35 0.506836 0.35 0.507324 0.351172 0.508789 0.351562 0.508789 0.352344 0.509766 0.355859 0.509766 0.35625 0.509277 0.357031 0.509277 0.357422 0.508789 0.357812 0.508789 0.358984 0.507324 0.359375 0.507324 0.359766 0.506836 0.360938 0.506836 0.361328 0.506348 0.361719 0.506348 0.362109 0.505859 0.3625 0.505859 0.364063 0.503906 0.364453 0.503906 0.367969 0.499512 0.368359 0.499512 0.36875 0.499023 0.369141 0.499023 0.369531 0.498535 0.369922 0.498535 0.371094 0.49707 0.371094 0.496582 0.372656 0.494629 0.372656 0.494141 0.373047 0.493652 0.373047 0.492676 0.373437 0.492188 0.373437 0.491699 0.373828 0.491211 0.373828 0.489746 0.374219 0.489258 0.374219 0.486816 0.374609 0.486328 0.374609 0.484375 0.375 0.483887 0.375 0.480957 0.374609 0.480469 0.374609 0.479004 0.374219 0.478516 0.374219 0.477539 0.373828 0.477051
1 0.457031 0.46582 0.456641 0.46582 0.45625 0.465332 0.455469 0.465332 0.455078 0.464844 0.454297 0.464844 0.453906 0.465332 0.452734 0.465332 0.452344 0.46582 0.451562 0.46582 0.451172 0.466309 0.450781 0.466309 0.450391 0.466797 0.45 0.466797 0.449219 0.467773 0.448828 0.467773 0.448047 0.46875 0.447656 0.46875 0.447266 0.469238 0.446875 0.469238 0.444922 0.47168 0.444922 0.472168 0.444141 0.473145 0.444141 0.473633 0.442188 0.476074 0.442188 0.476562 0.440625 0.478516 0.440625 0.479004 0.440234 0.479492 0.440234 0.47998 0.439844 0.480469 0.439844 0.480957 0.439453 0.481445 0.439453 0.482422 0.439063 0.48291 0.439063 0.483398 0.438672 0.483887 0.438672 0.484375 0.438281 0.484863 0.438281 0.48584 0.437891 0.486328 0.437891 0.488281 0.4375 0.48877 0.4375 0.490723 0.437109 0.491211 0.437109 0.492676 0.436719 0.493164 0.436719 0.498047 0.437109 0.498535 0.437109 0.499023 0.437891 0.5 0.437891 0.500488 0.438672 0.501465 0.439453 0.501465 0.439844 0.501953 0.440625 0.501953 0.441016 0.501465 0.44375 0.501465 0.444141 0.500977 0.444531 0.500977 0.445312 0.5 0.445703 0.5 0.446094 0.499512 0.446484 0.499512 0.446875 0.499023 0.447266 0.499023 0.448047 0.498047 0.448437 0.498047 0.451562 0.494141 0.451562 0.493652 0.452344 0.492676 0.452344 0.492188 0.453125 0.491211 0.453125 0.490723 0.453906 0.489746 0.453906 0.48877 0.454688 0.487793 0.454688 0.487305 0.455078 0.486816 0.455078 0.486328 0.455469 0.48584 0.455469 0.485352 0.455859 0.484863 0.455859 0.484375 0.45625 0.483887 0.45625 0.483398 0.456641 0.48291 0.456641 0.482422 0.457031 0.481934 0.457031 0.480469 0.457422 0.47998 0.457422 0.479004 0.457813 0.478516 0.457813 0.477051 0.458203 0.476562 0.458203 0.475098 0.458594 0.474609 0.458594 0.469727 0.458203 0.469238 0.458203 0.467773 0.457813 0.467285 0.457813 0.466797
1 0.5125 0.497559 0.5125 0.498047 0.512109 0.498535 0.512109 0.505859 0.5125 0.506348 0.5125 0.507324 0.512891 0.507812 0.512891 0.508301 0.513281 0.508789 0.513281 0.509277 0.513672 0.509766 0.513672 0.510254 0.515234 0.512207 0.515234 0.512695 0.516016 0.513672 0.516016 0.51416 0.516797 0.515137 0.517188 0.515137 0.518359 0.516602 0.51875 0.516602 0.519922 0.518066 0.520312 0.518066 0.520703 0.518555 0.521094 0.518555 0.521484 0.519043 0.521875 0.519043 0.522266 0.519531 0.522656 0.519531 0.523438 0.520508 0.523828 0.520508 0.524609 0.521484 0.525 0.521484 0.525391 0.521973 0.525781 0.521973 0.526172 0.522461 0.526953 0.522461 0.527344 0.522949 0.527734 0.522949 0.528125 0.523438 0.528516 0.523438 0.528906 0.523926 0.529297 0.523926 0.529687 0.524414 0.530078 0.524414 0.530469 0.524902 0.530859 0.524902 0.53125 0.525391 0.531641 0.525391 0.532031 0.525879 0.532422 0.525879 0.532813 0.526367 0.533594 0.526367 0.533984 0.526855 0.535156 0.526855 0.535547 0.527344 0.538672 0.527344 0.539062 0.526855 0.539844 0.526855 0.540234 0.526367 0.540625 0.526367 0.541016 0.525879 0.541016 0.523926 0.540625 0.523438 0.540625 0.521484 0.540234 0.520996 0.540234 0.52002 0.539844 0.519531 0.539844 0.519043 0.539453 0.518555 0.539453 0.517578 0.539062 0.51709 0.539062 0.516602 0.538672 0.516113 0.538672 0.515625 0.537891 0.514648 0.537891 0.51416 0.5375 0.513672 0.5375 0.513184 0.534375 0.509277 0.533984 0.509277 0.533594 0.508789 0.533203 0.508789 0.532813 0.508301 0.532422 0.508301 0.531641 0.507324 0.53125 0.507324 0.529297 0.504883 0.528906 0.504883 0.528516 0.504395 0.528125 0.504395 0.527734 0.503906 0.526953 0.503906 0.526563 0.503418 0.526172 0.503418 0.525781 0.50293 0.525391 0.50293 0.525 0.502441 0.524219 0.502441 0.523828 0.501953 0.523047 0.501953 0.522656 0.501465 0.522266 0.501465 0.521875 0.500977 0.521094 0.500977 0.520703 0.500488 0.520312 0.500488 0.519922 0.5 0.519531 0.5 0.518359 0.498535 0.517969 0.498535 0.517578 0.498047 0.517188 0.498047 0.516797 0.497559 0.515625 0.497559 0.515234 0.49707 0.514844 0.49707 0.514453 0.496582 0.513672 0.496582 0.513281 0.49707 0.512891 0.49707
1 0.458984 0.563477 0.458594 0.563477 0.458203 0.562988 0.457422 0.562988 0.457031 0.5625 0.453906 0.5625 0.453516 0.562988 0.452734 0.562988 0.452344 0.563477 0.451172 0.563477 0.450781 0.563965 0.450391 0.563965 0.447266 0.567871 0.447266 0.568359 0.446875 0.568848 0.446875 0.569336 0.446484 0.569824 0.446484 0.570312 0.446094 0.570801 0.446094 0.571289 0.445703 0.571777 0.445703 0.572754 0.445312 0.573242 0.445312 0.574219 0.444922 0.574707 0.444922 0.575684 0.444531 0.576172 0.444531 0.577637 0.444141 0.578125 0.444141 0.578613 0.44375 0.579102 0.44375 0.580078 0.443359 0.580566 0.443359 0.581543 0.442969 0.582031 0.442969 0.583008 0.442578 0.583496 0.442578 0.585938 0.442188 0.586426 0.442188 0.589844 0.442578 0.590332 0.442578 0.592285 0.442969 0.592773 0.442969 0.594727 0.44375 0.595703 0.444141 0.595703 0.444531 0.595215 0.446094 0.595215 0.446484 0.594727 0.448437 0.594727 0.448828 0.594238 0.449609 0.594238 0.45 0.59375 0.450781 0.59375 0.453906 0.589844 0.454297 0.589844 0.455859 0.587891 0.455859 0.587402 0.456641 0.586426 0.456641 0.585938 0.457031 0.585449 0.457031 0.584961 0.457422 0.584473 0.457422 0.583984 0.457813 0.583496 0.457813 0.58252 0.458203 0.582031 0.458203 0.581543 0.458594 0.581055 0.458594 0.580566 0.458984 0.580078 0.458984 0.57959 0.459375 0.579102 0.459375 0.578125 0.459766 0.577637 0.459766 0.575684 0.460156 0.575195 0.460156 0.570312 0.460547 0.569824 0.460547 0.567871 0.460156 0.567383 0.460156 0.565918 0.459766 0.56543 0.459766 0.564453
1 0.872656 0.292969 0.871484 0.292969 0.871094 0.29248 0.868359 0.29248 0.867969 0.292969 0.867578 0.292969 0.867188 0.293457 0.866797 0.293457 0.866406 0.293945 0.866016 0.293945 0.8625 0.29834 0.8625 0.298828 0.862109 0.299316 0.862109 0.299805 0.861719 0.300293 0.861719 0.301758 0.861328 0.302246 0.861328 0.303223 0.860938 0.303711 0.860938 0.304688 0.860547 0.305176 0.860547 0.307617 0.860156 0.308105 0.860156 0.314453 0.860547 0.314941 0.860547 0.317871 0.860938 0.318359 0.860938 0.319336 0.861328 0.319824 0.861328 0.320312 0.861719 0.320801 0.861719 0.321289 0.8625 0.322266 0.8625 0.322754 0.863281 0.32373 0.863672 0.32373 0.864453 0.324707 0.866797 0.324707 0.867188 0.324219 0.86875 0.324219 0.869141 0.32373 0.869531 0.32373 0.870313 0.322754 0.870313 0.322266 0.870703 0.321777 0.870703 0.321289 0.871094 0.320801 0.871094 0.320312 0.871484 0.319824 0.871484 0.319336 0.871875 0.318848 0.871875 0.317871 0.872266 0.317383 0.872266 0.316895 0.872656 0.316406 0.872656 0.314941 0.873047 0.314453 0.873047 0.312988 0.873437 0.3125 0.873437 0.311523 0.873828 0.311035 0.873828 0.308105 0.874219 0.307617 0.874219 0.296875 0.873828 0.296387 0.873828 0.294922 0.873047 0.293945 0.873047 0.293457
1 0.444922 0.59668 0.443359 0.59668 0.439844 0.601074 0.439844 0.601562 0.439063 0.602539 0.439063 0.603027 0.438672 0.603516 0.438672 0.604004 0.438281 0.604492 0.438281 0.60498 0.437891 0.605469 0.437891 0.605957 0.4375 0.606445 0.4375 0.606934 0.436719 0.60791 0.436719 0.608398 0.435547 0.609863 0.435547 0.610352 0.435156 0.61084 0.435156 0.611328 0.434766 0.611816 0.434766 0.613281 0.434375 0.61377 0.434375 0.615234 0.433984 0.615723 0.433984 0.618164 0.433594 0.618652 0.433594 0.624512 0.433984 0.625 0.433984 0.627441 0.434375 0.62793 0.434375 0.628906 0.434766 0.629395 0.434766 0.629883 0.435156 0.630371 0.435156 0.630859 0.436328 0.632324 0.436719 0.632324 0.4375 0.633301 0.437891 0.633301 0.438672 0.634277 0.440234 0.634277 0.440625 0.633789 0.441016 0.633789 0.441406 0.633301 0.442188 0.633301 0.442578 0.632812 0.442969 0.632812 0.444531 0.630859 0.444531 0.630371 0.444922 0.629883 0.444922 0.628906 0.445312 0.628418 0.445312 0.62793 0.445703 0.627441 0.445703 0.626465 0.446094 0.625977 0.446094 0.625 0.446484 0.624512 0.446484 0.624023 0.446875 0.623535 0.446875 0.623047 0.447266 0.622559 0.447266 0.621582 0.447656 0.621094 0.447656 0.620605 0.448047 0.620117 0.448047 0.618164 0.448437 0.617676 0.448437 0.616211 0.448828 0.615723 0.448828 0.614746 0.449219 0.614258 0.449219 0.612305 0.449609 0.611816 0.449609 0.609375 0.45 0.608887 0.45 0.602539 0.449609 0.602051 0.449609 0.601562 0.449219 0.601074 0.449219 0.600586 0.446875 0.597656 0.446484 0.597656 0.446094 0.597168 0.445312 0.597168
1 0.392188 0.588867 0.389844 0.588867 0.389453 0.588379 0.389062 0.588379 0.388672 0.588867 0.387891 0.588867 0.3875 0.589355 0.387109 0.589355 0.386719 0.589844 0.386328 0.589844 0.385937 0.590332 0.385156 0.590332 0.384766 0.59082 0.384375 0.59082 0.383594 0.591797 0.383594 0.592285 0.380859 0.595703 0.380859 0.596191 0.380469 0.59668 0.380469 0.597168 0.380078 0.597656 0.380078 0.598145 0.379688 0.598633 0.379688 0.599121 0.378516 0.600586 0.378516 0.601074 0.377734 0.602051 0.377344 0.602051 0.376172 0.603516 0.376172 0.60498 0.375781 0.605469 0.375781 0.608398 0.375391 0.608887 0.375391 0.610352 0.375 0.61084 0.375 0.618164 0.375391 0.618652 0.375391 0.620605 0.375781 0.621094 0.375781 0.623047 0.376172 0.623535 0.376172 0.624023 0.377344 0.625488 0.377734 0.625488 0.378516 0.626465 0.378906 0.626465 0.379297 0.626953 0.379688 0.626953 0.380078 0.627441 0.382031 0.627441 0.382422 0.626953 0.383203 0.626953 0.383594 0.626465 0.383984 0.626465 0.384375 0.625977 0.384766 0.625977 0.385156 0.625488 0.385547 0.625488 0.387109 0.623535 0.387109 0.623047 0.387891 0.62207 0.387891 0.621582 0.388281 0.621094 0.388281 0.620605 0.388672 0.620117 0.388672 0.619141 0.389062 0.618652 0.389062 0.617188 0.389453 0.616699 0.389453 0.61377 0.389844 0.613281 0.389844 0.61084 0.390234 0.610352 0.390234 0.608887 0.390625 0.608398 0.390625 0.607422 0.391016 0.606934 0.391016 0.60498 0.391406 0.604492 0.391406 0.603516 0.391797 0.603027 0.391797 0.602539 0.392188 0.602051 0.392188 0.601074 0.392578 0.600586 0.392578 0.600098 0.392969 0.599609 0.392969 0.598633 0.393359 0.598145 0.393359 0.59668 0.39375 0.596191 0.39375 0.593262 0.394141 0.592773 0.394141 0.591797 0.39375 0.591309 0.39375 0.59082 0.393359 0.590332 0.393359 0.589844 0.392969 0.589844
1 0.376953 0.584473 0.373437 0.584473 0.373047 0.584961 0.372266 0.584961 0.371484 0.585938 0.371094 0.585938 0.370703 0.586426 0.370312 0.586426 0.369922 0.586914 0.369531 0.586914 0.368359 0.588379 0.368359 0.588867 0.367969 0.589355 0.367969 0.589844 0.367578 0.590332 0.367578 0.591309 0.367188 0.591797 0.367188 0.592285 0.366797 0.592773 0.366797 0.593262 0.365234 0.595215 0.365234 0.595703 0.364844 0.596191 0.364844 0.59668 0.364453 0.597168 0.364453 0.598633 0.364063 0.599121 0.364063 0.601562 0.363672 0.602051 0.363672 0.608887 0.364063 0.609375 0.364063 0.611328 0.364453 0.611816 0.364453 0.612305 0.364844 0.612793 0.365234 0.612793 0.365625 0.613281 0.366016 0.613281 0.366406 0.61377 0.367188 0.61377 0.367578 0.614258 0.367969 0.614258 0.368359 0.614746 0.369922 0.614746 0.370312 0.614258 0.370703 0.614258 0.371484 0.613281 0.371875 0.613281 0.372656 0.612305 0.372656 0.611816 0.373047 0.611328 0.373047 0.61084 0.373437 0.610352 0.373437 0.609863 0.373828 0.609375 0.373828 0.608887 0.374219 0.608398 0.374219 0.60791 0.374609 0.607422 0.374609 0.605957 0.375 0.605469 0.375 0.603516 0.375781 0.602539 0.375781 0.602051 0.377344 0.600098 0.377344 0.599609 0.377734 0.599121 0.377734 0.598145 0.378125 0.597656 0.378125 0.597168 0.378516 0.59668 0.378516 0.596191 0.379297 0.595215 0.379297 0.594727 0.379688 0.594238 0.379688 0.59375 0.380078 0.593262 0.380078 0.592285 0.380469 0.591797 0.380469 0.590332 0.380078 0.589844 0.380078 0.587891 0.379688 0.587402 0.379297 0.587402
1 0.366406 0.655762 0.365625 0.655762 0.365234 0.655273 0.363281 0.655273 0.362891 0.655762 0.360938 0.655762 0.360156 0.656738 0.359766 0.656738 0.358594 0.658203 0.358594 0.658691 0.358203 0.65918 0.358203 0.660156 0.357812 0.660645 0.357812 0.661133 0.357422 0.661621 0.357422 0.662109 0.357031 0.662598 0.357031 0.663086 0.356641 0.663574 0.356641 0.664551 0.35625 0.665039 0.35625 0.665527 0.355859 0.666016 0.355859 0.66748 0.355469 0.667969 0.355469 0.669434 0.355078 0.669922 0.355078 0.67041 0.354687 0.670898 0.354687 0.671875 0.354297 0.672363 0.354297 0.672852 0.353906 0.67334 0.353906 0.674805 0.353516 0.675293 0.353516 0.681641 0.353906 0.682129 0.353906 0.682617 0.355078 0.684082 0.355469 0.684082 0.35625 0.685059 0.359375 0.685059 0.359766 0.68457 0.360938 0.68457 0.361328 0.684082 0.361719 0.684082 0.3625 0.683105 0.362891 0.683105 0.364453 0.681152 0.364453 0.680664 0.366016 0.678711 0.366016 0.678223 0.366406 0.677734 0.366406 0.677246 0.366797 0.676758 0.366797 0.675781 0.367188 0.675293 0.367188 0.674805 0.367578 0.674316 0.367578 0.672852 0.367969 0.672363 0.367969 0.671387 0.368359 0.670898 0.368359 0.669434 0.36875 0.668945 0.36875 0.66748 0.369141 0.666992 0.369141 0.660645 0.36875 0.660156 0.36875 0.658691 0.368359 0.658203 0.368359 0.657715 0.367578 0.656738 0.367188 0.656738
1 0.525781 0.696289 0.525 0.696289 0.524609 0.695801 0.523438 0.695801 0.523047 0.695312 0.519922 0.695312 0.519531 0.695801 0.51875 0.695801 0.518359 0.696289 0.517578 0.696289 0.516406 0.697754 0.516406 0.698242 0.516016 0.69873 0.516016 0.699219 0.515234 0.700195 0.515234 0.700684 0.514844 0.701172 0.514844 0.70166 0.514062 0.702637 0.514062 0.703125 0.513672 0.703613 0.513672 0.704102 0.513281 0.70459 0.513281 0.705078 0.512891 0.705566 0.512891 0.706543 0.5125 0.707031 0.5125 0.70752 0.512109 0.708008 0.512109 0.708984 0.511719 0.709473 0.511719 0.710449 0.511328 0.710938 0.511328 0.711426 0.510938 0.711914 0.510938 0.712891 0.510547 0.713379 0.510547 0.714844 0.510156 0.715332 0.510156 0.716309 0.509766 0.716797 0.509766 0.717773 0.509375 0.718262 0.509375 0.719238 0.508984 0.719727 0.508984 0.722656 0.508594 0.723145 0.508594 0.727539 0.508984 0.728027 0.508984 0.729492 0.509766 0.730469 0.510156 0.730469 0.510547 0.730957 0.511328 0.730957 0.511719 0.731445 0.5125 0.731445 0.512891 0.731934 0.513672 0.731934 0.514062 0.731445 0.514844 0.731445 0.515625 0.730469 0.516016 0.730469 0.516406 0.72998 0.516797 0.72998 0.517578 0.729004 0.517969 0.729004 0.522266 0.723633 0.522266 0.723145 0.522656 0.722656 0.522656 0.722168 0.523438 0.721191 0.523438 0.720703 0.523828 0.720215 0.523828 0.719727 0.525 0.718262 0.525 0.717773 0.525781 0.716797 0.525781 0.716309 0.526172 0.71582 0.526172 0.715332 0.526563 0.714844 0.526563 0.714355 0.526953 0.713867 0.526953 0.712891 0.527344 0.712402 0.527344 0.711426 0.527734 0.710938 0.527734 0.709961 0.528125 0.709473 0.528125 0.702637 0.527734 0.702148 0.527734 0.700195 0.527344 0.699707 0.527344 0.699219 0.526953 0.69873 0.526953 0.697754
1 0.520312 0.643066 0.519141 0.641602 0.51875 0.641602 0.518359 0.641113 0.513281 0.641113 0.512891 0.640625 0.511719 0.640625 0.511328 0.640137 0.507422 0.640137 0.507031 0.640625 0.500781 0.640625 0.500391 0.641113 0.498828 0.641113 0.498437 0.641602 0.493359 0.641602 0.492969 0.64209 0.491406 0.64209 0.491016 0.642578 0.490234 0.642578 0.489453 0.643555 0.489453 0.644043 0.488672 0.64502 0.488672 0.645996 0.488281 0.646484 0.488281 0.647949 0.488672 0.648438 0.488672 0.650879 0.489453 0.651855 0.489453 0.652344 0.489844 0.652832 0.489844 0.65332 0.491016 0.654785 0.491406 0.654785 0.491797 0.655273 0.492188 0.655273 0.492578 0.655762 0.493359 0.655762 0.49375 0.65625 0.494531 0.65625 0.494922 0.656738 0.495703 0.656738 0.496094 0.657227 0.496875 0.657227 0.497266 0.657715 0.498047 0.657715 0.498437 0.658203 0.50625 0.658203 0.506641 0.657715 0.507422 0.657715 0.507812 0.657227 0.508984 0.657227 0.509375 0.656738 0.510547 0.656738 0.510938 0.65625 0.511719 0.65625 0.512109 0.655762 0.513281 0.655762 0.513672 0.655273 0.514062 0.655273 0.514453 0.654785 0.514844 0.654785 0.51875 0.649902 0.51875 0.649414 0.519141 0.648926 0.519141 0.648438 0.520312 0.646973
1 0.533984 0.617676 0.533594 0.617188 0.533203 0.617188 0.532813 0.616699 0.532422 0.616699 0.532031 0.616211 0.531641 0.616211 0.53125 0.615723 0.530859 0.615723 0.530469 0.615234 0.527344 0.615234 0.526953 0.615723 0.525781 0.615723 0.525 0.616699 0.524609 0.616699 0.524219 0.617188 0.523828 0.617188 0.523438 0.617676 0.523047 0.617676 0.522656 0.618164 0.521484 0.618164 0.521094 0.618652 0.520703 0.618652 0.520312 0.619141 0.519922 0.619141 0.519531 0.619629 0.519141 0.619629 0.51875 0.620117 0.518359 0.620117 0.517578 0.621094 0.517188 0.621094 0.516797 0.621582 0.516406 0.621582 0.515625 0.622559 0.515234 0.622559 0.514844 0.623047 0.514453 0.623047 0.513281 0.624512 0.512891 0.624512 0.511328 0.626465 0.511328 0.626953 0.510156 0.628418 0.510156 0.628906 0.509375 0.629883 0.509375 0.630859 0.508984 0.631348 0.508984 0.638184 0.510156 0.639648 0.510938 0.639648 0.511328 0.640137 0.511719 0.640137 0.512109 0.640625 0.5125 0.640625 0.512891 0.641113 0.513281 0.641113 0.513672 0.641602 0.517188 0.641602 0.517578 0.641113 0.520312 0.641113 0.520703 0.640625 0.521484 0.640625 0.523828 0.637695 0.524219 0.637695 0.524609 0.637207 0.525 0.637207 0.525391 0.636719 0.525781 0.636719 0.526563 0.635742 0.526953 0.635742 0.530469 0.631348 0.530469 0.630859 0.530859 0.630371 0.530859 0.629883 0.531641 0.628906 0.531641 0.628418 0.533984 0.625488 0.533984 0.625 0.534375 0.624512 0.534375 0.624023 0.534766 0.623535 0.534766 0.619629 0.534375 0.619141 0.534375 0.618652 0.533984 0.618164
1 0.635547 0.490723 0.633203 0.490723 0.632812 0.491211 0.632422 0.491211 0.632031 0.491699 0.63125 0.491699 0.630859 0.492188 0.630469 0.492188 0.628906 0.494141 0.628906 0.494629 0.628516 0.495117 0.628516 0.495605 0.627734 0.496582 0.627734 0.49707 0.626953 0.498047 0.626953 0.498535 0.626172 0.499512 0.626172 0.5 0.625391 0.500977 0.625391 0.502441 0.625 0.50293 0.625 0.507812 0.624609 0.508301 0.624609 0.513672 0.625 0.51416 0.625 0.515625 0.625391 0.516113 0.625391 0.51709 0.625781 0.517578 0.625781 0.518066 0.626172 0.518555 0.626563 0.518555 0.626953 0.519043 0.627344 0.519043 0.627734 0.519531 0.628516 0.519531 0.628906 0.52002 0.632031 0.52002 0.632422 0.519531 0.632812 0.519531 0.635156 0.516602 0.635156 0.516113 0.636328 0.514648 0.636328 0.51416 0.636719 0.513672 0.636719 0.512695 0.637109 0.512207 0.637109 0.51123 0.6375 0.510742 0.6375 0.509277 0.637891 0.508789 0.637891 0.506836 0.638281 0.506348 0.638281 0.501465 0.638672 0.500977 0.638672 0.496582 0.638281 0.496094 0.638281 0.494141 0.637891 0.493652 0.637891 0.493164 0.636328 0.491211 0.635938 0.491211
1 0.698438 0.434082 0.696094 0.434082 0.695312 0.435059 0.694922 0.435059 0.69375 0.436523 0.69375 0.437012 0.692969 0.437988 0.692969 0.438477 0.692578 0.438965 0.692578 0.439453 0.692187 0.439941 0.692187 0.440918 0.691797 0.441406 0.691797 0.442383 0.691406 0.442871 0.691406 0.443848 0.691016 0.444336 0.691016 0.445312 0.690625 0.445801 0.690625 0.446289 0.690234 0.446777 0.690234 0.44873 0.689844 0.449219 0.689844 0.451172 0.689453 0.45166 0.689453 0.452637 0.689063 0.453125 0.689063 0.454102 0.688672 0.45459 0.688672 0.460449 0.688281 0.460938 0.688281 0.47168 0.688672 0.472168 0.688672 0.473145 0.689063 0.473633 0.689063 0.474121 0.689453 0.474609 0.689453 0.475098 0.691406 0.477539 0.691797 0.477539 0.692578 0.478516 0.69375 0.478516 0.694531 0.477539 0.694922 0.477539 0.696484 0.475586 0.696875 0.475586 0.697656 0.474609 0.697656 0.474121 0.698438 0.473145 0.698438 0.472656 0.699219 0.47168 0.699219 0.471191 0.699609 0.470703 0.699609 0.470215 0.700781 0.46875 0.700781 0.468262 0.701562 0.467285 0.701562 0.466797 0.701953 0.466309 0.701953 0.464844 0.702344 0.464355 0.702344 0.462891 0.702734 0.462402 0.702734 0.461426 0.703125 0.460938 0.703125 0.460449 0.703516 0.459961 0.703516 0.458984 0.703906 0.458496 0.703906 0.456543 0.704297 0.456055 0.704297 0.453613 0.704688 0.453125 0.704688 0.444824 0.704297 0.444336 0.704297 0.442383 0.703906 0.441895 0.703906 0.440918 0.703516 0.44043 0.703516 0.439453 0.703125 0.438965 0.703125 0.438477 0.700781 0.435547 0.700391 0.435547 0.7 0.435059 0.699609 0.435059 0.699219 0.43457 0.698828 0.43457
1 0.286719 0.258789 0.286328 0.258301 0.286328 0.257812 0.285547 0.256836 0.285547 0.256348 0.283984 0.254395 0.283594 0.254395 0.283203 0.253906 0.282813 0.253906 0.282422 0.253418 0.281641 0.253418 0.28125 0.25293 0.280859 0.25293 0.280469 0.252441 0.279297 0.252441 0.278906 0.251953 0.278125 0.251953 0.277734 0.252441 0.272266 0.252441 0.271875 0.251953 0.271484 0.251953 0.271094 0.252441 0.263281 0.252441 0.262891 0.25293 0.2625 0.25293 0.262109 0.253418 0.261328 0.253418 0.260937 0.253906 0.260156 0.253906 0.259766 0.254395 0.258984 0.254395 0.258594 0.254883 0.258203 0.254883 0.257031 0.256348 0.256641 0.256348 0.255859 0.257324 0.255469 0.257324 0.255078 0.257812 0.254688 0.257812 0.254297 0.258301 0.253906 0.258301 0.252734 0.259766 0.252344 0.259766 0.252344 0.260254 0.251172 0.261719 0.251172 0.262207 0.250391 0.263184 0.250391 0.26416 0.25 0.264648 0.25 0.265625 0.249609 0.266113 0.249609 0.268555 0.250781 0.27002 0.250781 0.270508 0.251172 0.270996 0.253516 0.270996 0.253906 0.270508 0.254688 0.270508 0.255078 0.27002 0.257422 0.27002 0.257812 0.269531 0.268359 0.269531 0.26875 0.269043 0.271094 0.269043 0.271484 0.268555 0.273438 0.268555 0.273828 0.268066 0.275391 0.268066 0.275781 0.267578 0.278516 0.267578 0.278906 0.26709 0.279687 0.26709 0.280078 0.266602 0.280469 0.266602 0.280859 0.266113 0.28125 0.266113 0.281641 0.265625 0.282031 0.265625 0.282422 0.265137 0.283203 0.265137 0.283594 0.264648 0.284375 0.264648 0.285156 0.263672 0.285547 0.263672 0.285938 0.263184 0.285938 0.262695 0.286328 0.262207 0.286328 0.261719 0.286719 0.26123
1 0.613281 0.541016 0.612891 0.540527 0.612891 0.540039 0.612109 0.539062 0.611328 0.539062 0.610938 0.538574 0.609375 0.538574 0.608984 0.539062 0.605469 0.539062 0.605078 0.539551 0.603516 0.539551 0.603125 0.540039 0.602344 0.540039 0.601953 0.540527 0.601172 0.540527 0.600781 0.541016 0.599609 0.541016 0.599219 0.541504 0.598047 0.541504 0.597656 0.541992 0.596875 0.541992 0.596484 0.54248 0.595313 0.54248 0.594922 0.542969 0.594141 0.542969 0.59375 0.543457 0.592969 0.543457 0.592578 0.543945 0.591797 0.543945 0.591406 0.544434 0.590234 0.544434 0.589844 0.544922 0.588672 0.544922 0.588281 0.54541 0.5875 0.54541 0.587109 0.545898 0.586328 0.545898 0.585938 0.546387 0.584766 0.546387 0.584375 0.546875 0.583594 0.546875 0.583203 0.547363 0.582031 0.547363 0.581641 0.547852 0.580859 0.547852 0.580469 0.54834 0.580078 0.54834 0.578906 0.549805 0.578906 0.550293 0.578516 0.550781 0.578516 0.551758 0.578125 0.552246 0.578125 0.553711 0.578516 0.554199 0.578516 0.555176 0.578906 0.555664 0.578906 0.556641 0.580078 0.558105 0.580469 0.558105 0.58125 0.559082 0.581641 0.559082 0.582031 0.55957 0.582422 0.55957 0.582812 0.560059 0.583203 0.560059 0.583594 0.560547 0.586719 0.560547 0.587109 0.561035 0.59375 0.561035 0.594141 0.560547 0.596484 0.560547 0.596875 0.560059 0.598047 0.560059 0.598437 0.55957 0.599219 0.55957 0.599609 0.559082 0.6 0.559082 0.600391 0.558594 0.600781 0.558594 0.601172 0.558105 0.601562 0.558105 0.601953 0.557617 0.602344 0.557617 0.603125 0.556641 0.603516 0.556641 0.604297 0.555664 0.604688 0.555664 0.605469 0.554688 0.605859 0.554688 0.60625 0.554199 0.606641 0.554199 0.607031 0.553711 0.607422 0.553711 0.608203 0.552734 0.608203 0.552246 0.608594 0.551758 0.608594 0.55127 0.609375 0.550293 0.609375 0.549805 0.610156 0.548828 0.610156 0.54834 0.612109 0.545898 0.612109 0.54541 0.6125 0.544922 0.6125 0.543457 0.612891 0.542969 0.612891 0.541992 0.613281 0.541504
1 0.601562 0.523438 0.601562 0.524414 0.601172 0.524902 0.601172 0.526367 0.601562 0.526855 0.601562 0.52832 0.601953 0.528809 0.601953 0.529785 0.604297 0.532715 0.604688 0.532715 0.60625 0.534668 0.606641 0.534668 0.607031 0.535156 0.607422 0.535156 0.607812 0.535645 0.608594 0.535645 0.608984 0.536133 0.609375 0.536133 0.609766 0.536621 0.610156 0.536621 0.610547 0.537109 0.610938 0.537109 0.611328 0.537598 0.613281 0.537598 0.613672 0.538086 0.616016 0.538086 0.616406 0.537598 0.618359 0.537598 0.61875 0.537109 0.619531 0.537109 0.620703 0.535645 0.621094 0.535645 0.622266 0.53418 0.622656 0.53418 0.622656 0.533691 0.623047 0.533203 0.623047 0.532227 0.623437 0.531738 0.623437 0.527832 0.623047 0.527344 0.623047 0.526367 0.622656 0.525879 0.622656 0.525391 0.622266 0.524902 0.621875 0.524902 0.621094 0.523926 0.620703 0.523926 0.619531 0.522461 0.619141 0.522461 0.618359 0.521484 0.617969 0.521484 0.617578 0.520996 0.617188 0.520996 0.616797 0.520508 0.616406 0.520508 0.616016 0.52002 0.615625 0.52002 0.615234 0.519531 0.614062 0.519531 0.613672 0.519043 0.612109 0.519043 0.611719 0.518555 0.607812 0.518555 0.607422 0.519043 0.60625 0.519043 0.605859 0.519531 0.605078 0.519531 0.604688 0.52002 0.603516 0.52002 0.602344 0.521484 0.602344 0.521973 0.601953 0.522461 0.601953 0.522949
1 0.768359 0.546387 0.766016 0.546387 0.765625 0.546875 0.764062 0.546875 0.763672 0.547363 0.762891 0.547363 0.7625 0.547852 0.762109 0.547852 0.761719 0.54834 0.761328 0.54834 0.760938 0.548828 0.760547 0.548828 0.760156 0.549316 0.759766 0.549316 0.758984 0.550293 0.758594 0.550293 0.758203 0.550781 0.758203 0.55127 0.755078 0.555176 0.754687 0.555176 0.753906 0.556152 0.753906 0.556641 0.753125 0.557617 0.753125 0.558105 0.752344 0.559082 0.752344 0.55957 0.751953 0.560059 0.751953 0.560547 0.751563 0.561035 0.751563 0.561523 0.751172 0.562012 0.751172 0.562988 0.750781 0.563477 0.750781 0.565918 0.750391 0.566406 0.750391 0.570312 0.75 0.570801 0.75 0.573242 0.749609 0.57373 0.749609 0.574707 0.749219 0.575195 0.749219 0.57666 0.748828 0.577148 0.748828 0.577637 0.748437 0.578125 0.748437 0.578613 0.748047 0.579102 0.748047 0.582031 0.748437 0.58252 0.748437 0.583496 0.749219 0.584473 0.749609 0.584473 0.75 0.584961 0.750781 0.584961 0.751172 0.585449 0.752734 0.585449 0.753125 0.584961 0.754297 0.584961 0.754687 0.584473 0.755859 0.584473 0.75625 0.583984 0.756641 0.583984 0.757422 0.583008 0.757812 0.583008 0.759375 0.581055 0.759766 0.581055 0.760547 0.580078 0.760547 0.57959 0.763281 0.576172 0.763281 0.575684 0.764453 0.574219 0.764453 0.57373 0.764844 0.573242 0.764844 0.572266 0.765234 0.571777 0.765234 0.571289 0.765625 0.570801 0.765625 0.570312 0.766406 0.569336 0.766406 0.568848 0.767188 0.567871 0.767188 0.567383 0.767578 0.566895 0.767578 0.566406 0.767969 0.565918 0.767969 0.564941 0.768359 0.564453 0.768359 0.563965 0.76875 0.563477 0.76875 0.562988 0.769141 0.5625 0.769141 0.562012 0.769531 0.561523 0.769531 0.561035 0.769922 0.560547 0.769922 0.55957 0.770312 0.559082 0.770312 0.557129 0.770703 0.556641 0.770703 0.550781 0.770312 0.550293 0.770312 0.549316 0.769922 0.548828 0.769922 0.54834
1 0.580078 0.410645 0.575781 0.410645 0.575391 0.411133 0.575 0.411133 0.573828 0.412598 0.573438 0.412598 0.571094 0.415527 0.571094 0.416016 0.570703 0.416504 0.570703 0.41748 0.570312 0.417969 0.570312 0.418457 0.569922 0.418945 0.569922 0.419922 0.569531 0.42041 0.569531 0.421875 0.569141 0.422363 0.569141 0.42334 0.56875 0.423828 0.56875 0.425293 0.568359 0.425781 0.568359 0.426758 0.567969 0.427246 0.567969 0.428223 0.567578 0.428711 0.567578 0.430664 0.567187 0.431152 0.567187 0.43457 0.566797 0.435059 0.566797 0.438965 0.567187 0.439453 0.567187 0.443848 0.567578 0.444336 0.567578 0.444824 0.569141 0.446777 0.569531 0.446777 0.569922 0.447266 0.570312 0.447266 0.570703 0.447754 0.573438 0.447754 0.574219 0.446777 0.574609 0.446777 0.575391 0.445801 0.575781 0.445801 0.576562 0.444824 0.576562 0.444336 0.577344 0.443359 0.577344 0.442383 0.577734 0.441895 0.577734 0.441406 0.578125 0.440918 0.578125 0.44043 0.578516 0.439941 0.578516 0.439453 0.578906 0.438965 0.578906 0.438477 0.579688 0.4375 0.579688 0.437012 0.580469 0.436035 0.580469 0.435547 0.580859 0.435059 0.580859 0.43457 0.58125 0.434082 0.58125 0.433105 0.581641 0.432617 0.581641 0.432129 0.582031 0.431641 0.582031 0.430664 0.582422 0.430176 0.582422 0.429199 0.582812 0.428711 0.582812 0.428223 0.583203 0.427734 0.583203 0.42627 0.583594 0.425781 0.583594 0.424316 0.583984 0.423828 0.583984 0.422363 0.584375 0.421875 0.584375 0.415527 0.583984 0.415039 0.583984 0.414551 0.581641 0.411621 0.58125 0.411621 0.580859 0.411133 0.580469 0.411133
1 0.541016 0.241699 0.537109 0.241699 0.536719 0.242188 0.536328 0.242188 0.535937 0.242676 0.535547 0.242676 0.534766 0.243652 0.534375 0.243652 0.533203 0.245117 0.533203 0.245605 0.532422 0.246582 0.532422 0.24707 0.532031 0.247559 0.532031 0.248047 0.531641 0.248535 0.531641 0.249023 0.528516 0.25293 0.528516 0.253418 0.527734 0.254395 0.527734 0.254883 0.526953 0.255859 0.526953 0.256348 0.525391 0.258301 0.525391 0.258789 0.525 0.259277 0.525 0.259766 0.524609 0.260254 0.524609 0.261719 0.524219 0.262207 0.524219 0.263672 0.523828 0.26416 0.523828 0.266113 0.523438 0.266602 0.523438 0.269043 0.523047 0.269531 0.523047 0.274414 0.522656 0.274902 0.522656 0.285645 0.523047 0.286133 0.523047 0.287598 0.523438 0.288086 0.523438 0.289062 0.523828 0.289551 0.523828 0.290039 0.524219 0.290527 0.524219 0.291016 0.524609 0.291504 0.525 0.291504 0.525391 0.291992 0.526172 0.291992 0.526563 0.29248 0.528125 0.29248 0.528516 0.292969 0.528906 0.292969 0.529297 0.29248 0.530078 0.29248 0.530469 0.291992 0.530859 0.291992 0.533203 0.289062 0.533203 0.288574 0.533984 0.287598 0.533984 0.286621 0.534375 0.286133 0.534375 0.285156 0.534766 0.284668 0.534766 0.283691 0.535156 0.283203 0.535156 0.282227 0.535547 0.281738 0.535547 0.280273 0.535937 0.279785 0.535937 0.278809 0.536328 0.27832 0.536328 0.276855 0.536719 0.276367 0.536719 0.274902 0.537109 0.274414 0.537109 0.272461 0.5375 0.271973 0.5375 0.270508 0.537891 0.27002 0.537891 0.267578 0.538281 0.26709 0.538281 0.26416 0.538672 0.263672 0.538672 0.262695 0.539062 0.262207 0.539062 0.260742 0.539453 0.260254 0.539453 0.259277 0.539844 0.258789 0.539844 0.257324 0.540234 0.256836 0.540234 0.255371 0.540625 0.254883 0.540625 0.253906 0.541016 0.253418 0.541016 0.252441 0.541406 0.251953 0.541406 0.250977 0.541797 0.250488 0.541797 0.249023 0.542188 0.248535 0.542188 0.244141 0.541797 0.243652 0.541797 0.242676
1 0.336719 0.349609 0.336328 0.349121 0.336328 0.348633 0.335938 0.348145 0.335547 0.348145 0.334766 0.347168 0.333984 0.347168 0.333594 0.34668 0.331641 0.34668 0.33125 0.346191 0.322266 0.346191 0.321875 0.34668 0.319531 0.34668 0.319141 0.347168 0.317188 0.347168 0.316797 0.347656 0.315234 0.347656 0.314844 0.348145 0.313672 0.348145 0.313281 0.348633 0.3125 0.348633 0.312109 0.349121 0.311328 0.349121 0.310937 0.349609 0.310547 0.349609 0.310156 0.350098 0.309375 0.350098 0.308984 0.350586 0.308203 0.350586 0.307812 0.351074 0.307422 0.351074 0.30625 0.352539 0.305859 0.352539 0.305859 0.353027 0.305469 0.353516 0.305469 0.35791 0.305859 0.358398 0.305859 0.358887 0.307031 0.360352 0.307031 0.36084 0.307422 0.361328 0.307812 0.361328 0.308984 0.362793 0.309375 0.362793 0.309766 0.363281 0.310156 0.363281 0.310547 0.36377 0.311719 0.36377 0.312109 0.364258 0.312891 0.364258 0.313281 0.364746 0.314063 0.364746 0.314453 0.365234 0.317578 0.365234 0.317969 0.365723 0.319141 0.365723 0.319531 0.365234 0.323047 0.365234 0.323437 0.364746 0.324609 0.364746 0.325 0.364258 0.326172 0.364258 0.326562 0.36377 0.326953 0.36377 0.327734 0.362793 0.328125 0.362793 0.328516 0.362305 0.328906 0.362305 0.329297 0.361816 0.329688 0.361816 0.330469 0.36084 0.330859 0.36084 0.332031 0.359375 0.332422 0.359375 0.333203 0.358398 0.333594 0.358398 0.334766 0.356934 0.334766 0.356445 0.335156 0.355957 0.335156 0.355469 0.335938 0.354492 0.335938 0.353516 0.336328 0.353027 0.336328 0.351074 0.336719 0.350586
1 0.701953 0.338379 0.701953 0.338867 0.701562 0.339355 0.701562 0.339844 0.701172 0.340332 0.701172 0.34375 0.701562 0.344238 0.701562 0.345703 0.702344 0.34668 0.702344 0.347168 0.703125 0.348145 0.703125 0.348633 0.703906 0.349609 0.703906 0.350098 0.704688 0.351074 0.705078 0.351074 0.708594 0.355469 0.708984 0.355469 0.710547 0.357422 0.710938 0.357422 0.711719 0.358398 0.7125 0.358398 0.712891 0.358887 0.713672 0.358887 0.714063 0.359375 0.714453 0.359375 0.714844 0.359863 0.715234 0.359863 0.716016 0.36084 0.716406 0.36084 0.716797 0.361328 0.717187 0.361328 0.717578 0.361816 0.718359 0.361816 0.71875 0.362305 0.719141 0.362305 0.719531 0.362793 0.720313 0.362793 0.720703 0.363281 0.722656 0.363281 0.723047 0.36377 0.725 0.36377 0.725391 0.363281 0.725781 0.363281 0.726172 0.362793 0.726562 0.362793 0.726953 0.362305 0.726953 0.361816 0.727344 0.361328 0.727344 0.35498 0.726953 0.354492 0.726953 0.353027 0.726562 0.352539 0.726562 0.351562 0.726172 0.351074 0.726172 0.350586 0.725781 0.350098 0.725781 0.349121 0.725 0.348145 0.725 0.347656 0.723047 0.345215 0.722656 0.345215 0.721875 0.344238 0.721484 0.344238 0.721094 0.34375 0.720703 0.34375 0.720313 0.343262 0.719922 0.343262 0.719141 0.342285 0.71875 0.342285 0.717578 0.34082 0.717187 0.34082 0.716406 0.339844 0.715625 0.339844 0.715234 0.339355 0.714453 0.339355 0.714063 0.338867 0.713281 0.338867 0.712891 0.338379 0.712109 0.338379 0.711719 0.337891 0.710938 0.337891 0.710547 0.337402 0.709375 0.337402 0.708984 0.336914 0.706641 0.336914 0.70625 0.336426 0.704688 0.336426 0.704297 0.336914 0.703516 0.336914 0.703125 0.337402 0.702734 0.337402
1 0.294531 0.291016 0.292578 0.288574 0.292187 0.288574 0.291797 0.288086 0.291406 0.288086 0.291016 0.287598 0.290234 0.287598 0.289844 0.287109 0.289062 0.287109 0.288672 0.286621 0.287891 0.286621 0.2875 0.286133 0.285156 0.286133 0.284766 0.286621 0.282813 0.286621 0.282422 0.287109 0.282031 0.287109 0.281641 0.287598 0.28125 0.287598 0.280859 0.288086 0.280469 0.288086 0.280078 0.288574 0.279687 0.288574 0.279297 0.289062 0.278516 0.289062 0.278125 0.289551 0.277734 0.289551 0.277344 0.290039 0.276953 0.290039 0.276562 0.290527 0.276172 0.290527 0.275781 0.291016 0.275391 0.291016 0.274219 0.29248 0.274219 0.292969 0.273438 0.293945 0.273438 0.294434 0.273047 0.294922 0.273047 0.29541 0.272656 0.295898 0.272656 0.296387 0.272266 0.296875 0.272266 0.297363 0.271875 0.297852 0.271875 0.29834 0.271484 0.298828 0.271484 0.299805 0.271094 0.300293 0.271094 0.30127 0.270703 0.301758 0.270703 0.304199 0.271094 0.304688 0.271094 0.306641 0.271484 0.307129 0.271484 0.307617 0.272266 0.308594 0.272656 0.308594 0.273047 0.309082 0.273438 0.309082 0.273828 0.30957 0.274219 0.30957 0.274609 0.310059 0.279687 0.310059 0.280078 0.30957 0.280469 0.30957 0.280859 0.309082 0.28125 0.309082 0.281641 0.308594 0.282422 0.308594 0.282813 0.308105 0.283203 0.308105 0.283594 0.307617 0.284375 0.307617 0.285156 0.306641 0.285547 0.306641 0.285938 0.306152 0.286328 0.306152 0.287109 0.305176 0.2875 0.305176 0.290625 0.30127 0.291016 0.30127 0.293359 0.29834 0.293359 0.297852 0.294531 0.296387 0.294531 0.295898 0.294922 0.29541 0.294922 0.292969 0.294531 0.29248
1 0.2875 0.220215 0.286719 0.220215 0.286328 0.219727 0.28125 0.219727 0.280859 0.220215 0.279687 0.220215 0.279297 0.220703 0.278906 0.220703 0.278516 0.221191 0.278125 0.221191 0.276172 0.223633 0.275781 0.223633 0.274609 0.225098 0.274609 0.225586 0.274219 0.226074 0.274219 0.226562 0.273828 0.227051 0.273828 0.227539 0.273047 0.228516 0.273047 0.229004 0.271875 0.230469 0.271875 0.230957 0.270703 0.232422 0.270703 0.23291 0.269922 0.233887 0.269922 0.234375 0.269141 0.235352 0.269141 0.23584 0.26875 0.236328 0.26875 0.236816 0.268359 0.237305 0.268359 0.237793 0.267969 0.238281 0.267969 0.239258 0.267578 0.239746 0.267578 0.240234 0.267188 0.240723 0.267188 0.241699 0.266797 0.242188 0.266797 0.242676 0.266406 0.243164 0.266406 0.243652 0.266016 0.244141 0.266016 0.249023 0.266406 0.249512 0.266797 0.249512 0.267188 0.25 0.267578 0.25 0.267969 0.250488 0.268359 0.250488 0.26875 0.250977 0.269531 0.250977 0.269922 0.251465 0.270313 0.251465 0.270703 0.251953 0.271875 0.251953 0.272266 0.251465 0.272656 0.251465 0.273047 0.250977 0.273828 0.250977 0.274219 0.250488 0.275391 0.250488 0.275781 0.25 0.277734 0.25 0.278125 0.249512 0.278516 0.249512 0.280078 0.247559 0.280078 0.24707 0.28125 0.245605 0.28125 0.245117 0.281641 0.244629 0.281641 0.244141 0.282422 0.243164 0.282422 0.242676 0.283984 0.240723 0.283984 0.240234 0.284375 0.239746 0.284375 0.239258 0.284766 0.23877 0.284766 0.238281 0.285547 0.237305 0.285547 0.236816 0.285938 0.236328 0.285938 0.23584 0.286328 0.235352 0.286328 0.234863 0.286719 0.234375 0.286719 0.233887 0.287109 0.233398 0.287109 0.23291 0.2875 0.232422 0.2875 0.231445 0.287891 0.230957 0.287891 0.22998 0.288281 0.229492 0.288281 0.226562 0.288672 0.226074 0.288672 0.223633 0.288281 0.223145 0.288281 0.22168 0.287891 0.221191 0.287891 0.220703
1 0.464453 0.166016 0.464453 0.169434 0.465234 0.17041 0.465234 0.170898 0.465625 0.170898 0.466016 0.171387 0.466016 0.171875 0.466406 0.171875 0.466797 0.172363 0.466797 0.172852 0.467187 0.17334 0.467578 0.17334 0.470703 0.177246 0.471094 0.177246 0.471484 0.177734 0.471875 0.177734 0.472656 0.178711 0.473047 0.178711 0.474609 0.180664 0.474609 0.181152 0.475781 0.182617 0.476172 0.182617 0.478516 0.185547 0.479297 0.185547 0.479687 0.186035 0.480469 0.186035 0.480859 0.186523 0.481641 0.186523 0.482031 0.187012 0.483594 0.187012 0.483984 0.1875 0.485156 0.1875 0.485547 0.187988 0.486328 0.187988 0.486719 0.188477 0.487109 0.188477 0.4875 0.188965 0.487891 0.188965 0.488281 0.189453 0.489063 0.189453 0.489453 0.189941 0.491016 0.189941 0.491406 0.19043 0.498047 0.19043 0.498437 0.189941 0.499219 0.189941 0.500391 0.188477 0.500391 0.187988 0.500781 0.1875 0.500781 0.187012 0.501172 0.186523 0.501172 0.18457 0.500781 0.184082 0.500781 0.183594 0.500391 0.183105 0.500391 0.182617 0.5 0.182129 0.5 0.181641 0.499609 0.181152 0.499609 0.180664 0.498828 0.179688 0.498828 0.179199 0.498437 0.178711 0.498437 0.178223 0.497656 0.177246 0.497266 0.177246 0.496875 0.176758 0.496484 0.176758 0.496094 0.17627 0.495703 0.17627 0.495312 0.175781 0.494922 0.175781 0.494531 0.175293 0.494141 0.175293 0.49375 0.174805 0.493359 0.174805 0.492969 0.174316 0.492578 0.174316 0.492188 0.173828 0.491797 0.173828 0.491406 0.17334 0.490625 0.17334 0.490234 0.172852 0.488672 0.172852 0.488281 0.172363 0.4875 0.172363 0.487109 0.171875 0.486328 0.171875 0.485938 0.171387 0.485547 0.171387 0.485156 0.170898 0.484766 0.170898 0.483984 0.169922 0.483594 0.169922 0.483203 0.169434 0.482812 0.169434 0.482422 0.168945 0.481641 0.168945 0.48125 0.168457 0.480078 0.168457 0.479687 0.167969 0.478125 0.167969 0.477734 0.16748 0.476562 0.16748 0.476172 0.166992 0.475391 0.166992 0.475 0.166504 0.474219 0.166504 0.473828 0.166016 0.472656 0.166016 0.472266 0.165527 0.470703 0.165527 0.470313 0.165039 0.465625 0.165039 0.465234 0.165527 0.464844 0.165527
1 0.713672 0.163574 0.712109 0.163574 0.711719 0.164062 0.711328 0.164062 0.710938 0.164551 0.710547 0.164551 0.710156 0.165039 0.709766 0.165039 0.708984 0.166016 0.708594 0.166016 0.706641 0.168457 0.706641 0.168945 0.705469 0.17041 0.705078 0.17041 0.703906 0.171875 0.703906 0.172363 0.703125 0.17334 0.703125 0.173828 0.702734 0.174316 0.702734 0.175781 0.702344 0.17627 0.702344 0.177246 0.701953 0.177734 0.701953 0.178223 0.701562 0.178711 0.701562 0.179688 0.701172 0.180176 0.701172 0.180664 0.700781 0.181152 0.700781 0.181641 0.700391 0.182129 0.700391 0.183594 0.7 0.184082 0.7 0.185547 0.699609 0.186035 0.699609 0.187012 0.699219 0.1875 0.699219 0.188477 0.698828 0.188965 0.698828 0.19043 0.698438 0.190918 0.698438 0.194336 0.698047 0.194824 0.698047 0.198242 0.698438 0.19873 0.698438 0.199707 0.698828 0.200195 0.698828 0.201172 0.699609 0.202148 0.699609 0.202637 0.700781 0.204102 0.701172 0.204102 0.701562 0.20459 0.705469 0.20459 0.705859 0.204102 0.70625 0.204102 0.707031 0.203125 0.707422 0.203125 0.707812 0.202637 0.708203 0.202637 0.709766 0.200684 0.709766 0.200195 0.710156 0.199707 0.710156 0.199219 0.710547 0.19873 0.710547 0.198242 0.710938 0.197754 0.710938 0.197266 0.711328 0.196777 0.711328 0.196289 0.711719 0.195801 0.711719 0.195312 0.712109 0.194824 0.712109 0.194336 0.7125 0.193848 0.7125 0.193359 0.712891 0.192871 0.712891 0.192383 0.713281 0.191895 0.713281 0.190918 0.713672 0.19043 0.713672 0.189941 0.714063 0.189453 0.714063 0.188965 0.714453 0.188477 0.714453 0.187988 0.714844 0.1875 0.714844 0.187012 0.715234 0.186523 0.715234 0.186035 0.715625 0.185547 0.715625 0.185059 0.716016 0.18457 0.716016 0.183105 0.716406 0.182617 0.716406 0.180176 0.716797 0.179688 0.716797 0.171387 0.716406 0.170898 0.716406 0.168945 0.716016 0.168457 0.716016 0.16748 0.715625 0.166992 0.715625 0.166016
1 0.583203 0.065918 0.582812 0.0664062 0.582422 0.0664062 0.582031 0.0668945 0.581641 0.0668945 0.580469 0.0683594 0.580469 0.0693359 0.580078 0.0698242 0.580078 0.0756836 0.580469 0.0761719 0.580469 0.0791016 0.580859 0.0795898 0.580859 0.0805664 0.58125 0.0810547 0.58125 0.0820312 0.581641 0.0825195 0.581641 0.0830078 0.582031 0.0834961 0.582031 0.0839844 0.582422 0.0844727 0.582422 0.0849609 0.582812 0.0854492 0.582812 0.0859375 0.583203 0.0864258 0.583203 0.0869141 0.583594 0.0874023 0.583594 0.0878906 0.583984 0.0883789 0.583984 0.0888672 0.584375 0.0893555 0.584375 0.0898438 0.584766 0.090332 0.584766 0.0908203 0.585156 0.0913086 0.585156 0.0917969 0.585938 0.0927734 0.585938 0.0932617 0.587109 0.0947266 0.587109 0.0952148 0.590625 0.0996094 0.590625 0.100098 0.591016 0.100586 0.591016 0.101074 0.591797 0.102051 0.591797 0.102539 0.592578 0.103516 0.592969 0.103516 0.593359 0.104004 0.59375 0.104004 0.594141 0.104492 0.594531 0.104492 0.594922 0.10498 0.596484 0.10498 0.596875 0.104492 0.596875 0.104004 0.597266 0.103516 0.597266 0.102539 0.597656 0.102051 0.597656 0.0986328 0.598047 0.0981445 0.598047 0.0952148 0.598437 0.0947266 0.598437 0.0849609 0.598047 0.0844727 0.598047 0.0825195 0.597656 0.0820312 0.597656 0.0800781 0.597266 0.0795898 0.597266 0.0791016 0.596875 0.0786133 0.596875 0.078125 0.596484 0.0776367 0.596484 0.0771484 0.596094 0.0766602 0.596094 0.0761719 0.594922 0.074707 0.594922 0.0742188 0.59375 0.0727539 0.59375 0.0722656 0.592187 0.0703125 0.591797 0.0703125 0.591016 0.0693359 0.590625 0.0693359 0.590234 0.0688477 0.589844 0.0688477 0.589063 0.0678711 0.588672 0.0678711 0.588281 0.0673828 0.587891 0.0673828 0.5875 0.0668945 0.586328 0.0668945 0.585938 0.0664062 0.585156 0.0664062 0.584766 0.065918
1 0.621484 0 0.60625 0 0.60625 0.00146484 0.604688 0.00341797 0.604297 0.00341797 0.602734 0.00537109 0.602734 0.00585938 0.602344 0.00634766 0.602344 0.00683594 0.601953 0.00732422 0.601953 0.0078125 0.601562 0.00830078 0.601562 0.00878906 0.601172 0.00927734 0.601172 0.0102539 0.600781 0.0107422 0.600781 0.012207 0.600391 0.0126953 0.600391 0.0141602 0.6 0.0146484 0.6 0.0166016 0.599609 0.0170898 0.599609 0.0200195 0.599219 0.0205078 0.599219 0.0229492 0.599609 0.0234375 0.599609 0.0258789 0.6 0.0263672 0.6 0.0273438 0.600391 0.027832 0.600391 0.0283203 0.600781 0.0288086 0.600781 0.0292969 0.602344 0.03125 0.602734 0.03125 0.603125 0.0317383 0.604688 0.0317383 0.605078 0.0322266 0.607031 0.0322266 0.607422 0.0317383 0.607812 0.0317383 0.608984 0.0302734 0.609375 0.0302734 0.609766 0.0297852 0.609766 0.0292969 0.611328 0.0273438 0.611328 0.0268555 0.612109 0.0258789 0.612109 0.0253906 0.612891 0.0244141 0.612891 0.0239258 0.613281 0.0234375 0.613281 0.0229492 0.614453 0.0214844 0.614453 0.0209961 0.615234 0.0200195 0.615234 0.0195312 0.615625 0.019043 0.615625 0.0185547 0.616016 0.0180664 0.616016 0.0175781 0.616406 0.0170898 0.616406 0.0166016 0.616797 0.0161133 0.616797 0.015625 0.617578 0.0146484 0.617578 0.0141602 0.617969 0.0136719 0.617969 0.0131836 0.618359 0.0126953 0.618359 0.012207 0.61875 0.0117188 0.61875 0.0112305 0.619141 0.0107422 0.619141 0.0102539 0.619531 0.00976562 0.619531 0.00927734 0.619922 0.00878906 0.619922 0.00830078 0.620313 0.0078125 0.620313 0.00732422 0.620703 0.00683594 0.620703 0.00634766 0.621094 0.00585938 0.621094 0.00390625 0.621484 0.00341797
1 0.858203 0.186035 0.857812 0.185547 0.857812 0.185059 0.857031 0.184082 0.856641 0.184082 0.85625 0.183594 0.855859 0.183594 0.855469 0.183105 0.855078 0.183105 0.854688 0.182617 0.853516 0.182617 0.853125 0.182129 0.848828 0.182129 0.848437 0.182617 0.847656 0.182617 0.847266 0.183105 0.846094 0.183105 0.845703 0.183594 0.845313 0.183594 0.844922 0.184082 0.844141 0.184082 0.84375 0.18457 0.843359 0.18457 0.842969 0.185059 0.842578 0.185059 0.842187 0.185547 0.841797 0.185547 0.841406 0.186035 0.841016 0.186035 0.840625 0.186523 0.839844 0.186523 0.839453 0.187012 0.838281 0.187012 0.837891 0.1875 0.8375 0.1875 0.837109 0.187988 0.836328 0.187988 0.835938 0.188477 0.835547 0.188477 0.835156 0.188965 0.834375 0.188965 0.833984 0.189453 0.833594 0.189453 0.833203 0.189941 0.832812 0.189941 0.831641 0.191406 0.83125 0.191406 0.830078 0.192871 0.830078 0.193359 0.829297 0.194336 0.829297 0.194824 0.828906 0.195312 0.828906 0.195801 0.828516 0.196289 0.828516 0.19873 0.828906 0.199219 0.828906 0.199707 0.829297 0.200195 0.829297 0.200684 0.829688 0.201172 0.830078 0.201172 0.830469 0.20166 0.83125 0.20166 0.831641 0.202148 0.832422 0.202148 0.832812 0.202637 0.838281 0.202637 0.838672 0.202148 0.843359 0.202148 0.84375 0.20166 0.845313 0.20166 0.845703 0.201172 0.846484 0.201172 0.846875 0.200684 0.847656 0.200684 0.848047 0.200195 0.848437 0.200195 0.848828 0.199707 0.849609 0.199707 0.85 0.199219 0.850391 0.199219 0.851172 0.198242 0.851562 0.198242 0.851953 0.197754 0.852344 0.197754 0.853125 0.196777 0.853516 0.196777 0.853906 0.196289 0.854297 0.196289 0.855078 0.195312 0.855469 0.195312 0.85625 0.194336 0.856641 0.194336 0.857422 0.193359 0.857422 0.192871 0.857812 0.192383 0.857812 0.191895 0.858203 0.191406
1 0.908594 0.32959 0.907422 0.32959 0.907031 0.330078 0.905859 0.330078 0.905469 0.330566 0.904687 0.330566 0.904297 0.331055 0.903906 0.331055 0.901953 0.333496 0.901953 0.333984 0.899609 0.336914 0.899609 0.337402 0.899219 0.337891 0.899219 0.338867 0.898828 0.339355 0.898828 0.340332 0.898438 0.34082 0.898438 0.341309 0.898047 0.341797 0.898047 0.342773 0.897656 0.343262 0.897656 0.34375 0.897266 0.344238 0.897266 0.344727 0.896875 0.345215 0.896875 0.34668 0.896484 0.347168 0.896484 0.348633 0.896094 0.349121 0.896094 0.350098 0.895703 0.350586 0.895703 0.352051 0.895312 0.352539 0.895312 0.358887 0.895703 0.359375 0.895703 0.361816 0.896094 0.362305 0.896094 0.362793 0.896484 0.363281 0.896484 0.36377 0.897266 0.364746 0.897266 0.365234 0.898047 0.366211 0.898438 0.366211 0.898828 0.366699 0.899219 0.366699 0.899609 0.367188 0.903125 0.367188 0.903516 0.366699 0.904297 0.366699 0.904687 0.366211 0.905078 0.366211 0.905078 0.365723 0.90625 0.364258 0.90625 0.36377 0.906641 0.363281 0.906641 0.362793 0.907422 0.361816 0.907422 0.361328 0.907813 0.36084 0.907813 0.360352 0.908203 0.359863 0.908203 0.358887 0.908984 0.35791 0.908984 0.356934 0.909375 0.356445 0.909375 0.355469 0.909766 0.35498 0.909766 0.354004 0.910156 0.353516 0.910156 0.351562 0.910547 0.351074 0.910547 0.350098 0.910937 0.349609 0.910937 0.347656 0.911328 0.347168 0.911328 0.345703 0.911719 0.345215 0.911719 0.34375 0.912109 0.343262 0.912109 0.340332 0.9125 0.339844 0.9125 0.336914 0.912109 0.336426 0.912109 0.334473 0.911719 0.333984 0.911719 0.333496 0.911328 0.333008 0.911328 0.33252 0.909375 0.330078 0.908984 0.330078
1 0.804297 0.501465 0.804297 0.505859 0.804688 0.506348 0.804688 0.506836 0.805078 0.507324 0.805078 0.508301 0.805469 0.508789 0.805469 0.509277 0.807031 0.51123 0.807422 0.51123 0.808203 0.512207 0.808594 0.512207 0.808984 0.512695 0.809375 0.512695 0.810156 0.513672 0.810547 0.513672 0.810937 0.51416 0.811719 0.51416 0.812109 0.514648 0.8125 0.514648 0.812891 0.515137 0.813281 0.515137 0.813672 0.515625 0.814453 0.515625 0.814844 0.516113 0.815625 0.516113 0.816016 0.516602 0.816406 0.516602 0.816797 0.51709 0.817578 0.51709 0.817969 0.517578 0.81875 0.517578 0.819141 0.518066 0.820703 0.518066 0.821094 0.518555 0.822266 0.518555 0.822656 0.519043 0.829297 0.519043 0.829688 0.518555 0.830078 0.518555 0.830859 0.517578 0.830859 0.514648 0.830469 0.51416 0.830469 0.513672 0.830078 0.513184 0.830078 0.512695 0.829688 0.512695 0.826953 0.509277 0.826953 0.508789 0.824609 0.505859 0.824219 0.505859 0.823438 0.504883 0.823047 0.504883 0.822266 0.503906 0.821875 0.503906 0.821484 0.503418 0.821094 0.503418 0.819922 0.501953 0.819531 0.501953 0.819141 0.501465 0.818359 0.501465 0.817969 0.500977 0.816797 0.500977 0.816406 0.500488 0.815234 0.500488 0.814844 0.5 0.813672 0.5 0.813281 0.499512 0.8125 0.499512 0.812109 0.499023 0.810937 0.499023 0.810547 0.498535 0.808984 0.498535 0.808594 0.499023 0.806641 0.499023 0.805859 0.5 0.805469 0.5
1 0.980859 0.622559 0.980469 0.62207 0.980469 0.621582 0.980078 0.621094 0.980078 0.620605 0.979688 0.620117 0.979688 0.619629 0.978906 0.618652 0.978516 0.618652 0.978125 0.618164 0.977734 0.618164 0.977344 0.617676 0.976562 0.617676 0.976172 0.617188 0.975391 0.617188 0.975 0.616699 0.973047 0.616699 0.972656 0.616211 0.966016 0.616211 0.965625 0.616699 0.964063 0.616699 0.963672 0.617188 0.9625 0.617188 0.962109 0.617676 0.961328 0.617676 0.960938 0.618164 0.960156 0.618164 0.959766 0.618652 0.958984 0.618652 0.958594 0.619141 0.958203 0.619141 0.957812 0.619629 0.957031 0.619629 0.956641 0.620117 0.95625 0.620117 0.955859 0.620605 0.955078 0.620605 0.954688 0.621094 0.954297 0.621094 0.953906 0.621582 0.953516 0.621582 0.953125 0.62207 0.952734 0.62207 0.952344 0.622559 0.951953 0.622559 0.951562 0.623047 0.951172 0.623047 0.950781 0.623535 0.950391 0.623535 0.947656 0.626953 0.947656 0.628906 0.947266 0.629395 0.947266 0.631348 0.948047 0.632324 0.948047 0.632812 0.95 0.635254 0.950391 0.635254 0.950781 0.635742 0.951953 0.635742 0.952344 0.63623 0.953906 0.63623 0.954297 0.636719 0.961328 0.636719 0.961719 0.63623 0.963281 0.63623 0.963672 0.635742 0.964453 0.635742 0.964844 0.635254 0.965625 0.635254 0.966016 0.634766 0.966406 0.634766 0.966797 0.634277 0.967187 0.634277 0.967969 0.633301 0.968359 0.633301 0.96875 0.632812 0.969141 0.632812 0.969531 0.632324 0.970313 0.632324 0.970703 0.631836 0.971484 0.631836 0.971875 0.631348 0.972656 0.631348 0.973047 0.630859 0.973437 0.630859 0.973828 0.630371 0.974219 0.630371 0.974609 0.629883 0.975391 0.629883 0.975781 0.629395 0.976172 0.629395 0.976562 0.628906 0.977344 0.628906 0.977734 0.628418 0.978516 0.628418 0.978906 0.62793 0.979297 0.62793 0.980469 0.626465 0.980469 0.625 0.980859 0.624512
1 0.877344 0.708984 0.873828 0.70459 0.873047 0.70459 0.872656 0.704102 0.866797 0.704102 0.866406 0.70459 0.864062 0.70459 0.863672 0.705078 0.8625 0.705078 0.862109 0.705566 0.861719 0.705566 0.861328 0.706055 0.860938 0.706055 0.857031 0.710938 0.856641 0.710938 0.855078 0.712891 0.855078 0.713379 0.853125 0.71582 0.853125 0.716309 0.852734 0.716797 0.852734 0.717773 0.852344 0.718262 0.852344 0.719238 0.851953 0.719727 0.851953 0.720703 0.851562 0.721191 0.851562 0.722656 0.851172 0.723145 0.851172 0.728027 0.851562 0.728516 0.851562 0.729004 0.852734 0.730469 0.853125 0.730469 0.853516 0.730957 0.855469 0.730957 0.855859 0.730469 0.857422 0.730469 0.857812 0.72998 0.858203 0.72998 0.859375 0.728516 0.859766 0.728516 0.860547 0.727539 0.860938 0.727539 0.861328 0.727051 0.861719 0.727051 0.8625 0.726074 0.862891 0.726074 0.863281 0.725586 0.863672 0.725586 0.864062 0.725098 0.864453 0.725098 0.864844 0.724609 0.865234 0.724609 0.865625 0.724121 0.866016 0.724121 0.866406 0.723633 0.866797 0.723633 0.867188 0.723145 0.867578 0.723145 0.867969 0.722656 0.868359 0.722656 0.86875 0.722168 0.869531 0.722168 0.869922 0.72168 0.870703 0.72168 0.871094 0.721191 0.871484 0.721191 0.871875 0.720703 0.872656 0.720703 0.873437 0.719727 0.873828 0.719727 0.874609 0.71875 0.875 0.71875 0.875781 0.717773 0.876172 0.717773 0.876563 0.717285 0.876953 0.717285 0.877344 0.716797 0.877344 0.716309 0.877734 0.71582 0.877734 0.715332 0.878125 0.714844 0.878125 0.713867 0.878516 0.713379 0.878516 0.712402 0.878125 0.711914 0.878125 0.711426 0.877734 0.710938 0.877734 0.709961 0.877344 0.709473
1 0.666406 0.749023 0.666406 0.749512 0.666016 0.75 0.666016 0.750977 0.665625 0.751465 0.665625 0.753906 0.666016 0.754395 0.666016 0.756348 0.666406 0.756836 0.666406 0.757324 0.667188 0.758301 0.667188 0.758789 0.667578 0.759277 0.667578 0.759766 0.667969 0.760254 0.667969 0.760742 0.669141 0.762207 0.669141 0.762695 0.669531 0.763184 0.669922 0.763184 0.671484 0.765137 0.671875 0.765137 0.675 0.769043 0.675391 0.769043 0.676172 0.77002 0.676562 0.77002 0.676953 0.770508 0.677344 0.770508 0.677734 0.770996 0.678125 0.770996 0.678516 0.771484 0.678906 0.771484 0.679297 0.771973 0.679688 0.771973 0.680078 0.772461 0.68125 0.772461 0.681641 0.772949 0.682422 0.772949 0.682813 0.772461 0.684375 0.772461 0.684766 0.771973 0.685156 0.771973 0.685547 0.771484 0.685937 0.771484 0.686328 0.770996 0.686328 0.770508 0.687109 0.769531 0.687109 0.769043 0.6875 0.768555 0.6875 0.768066 0.687891 0.767578 0.687891 0.766602 0.688281 0.766113 0.688281 0.762695 0.687891 0.762207 0.687891 0.761719 0.6875 0.76123 0.6875 0.760742 0.687109 0.760254 0.687109 0.759766 0.686719 0.759277 0.686719 0.758301 0.686328 0.757812 0.686328 0.757324 0.685937 0.756836 0.685937 0.756348 0.685547 0.755859 0.685547 0.755371 0.685156 0.754883 0.685156 0.754395 0.682422 0.750977 0.682031 0.750977 0.681641 0.750488 0.68125 0.750488 0.680859 0.75 0.680078 0.75 0.679688 0.749512 0.679297 0.749512 0.678516 0.748535 0.678125 0.748535 0.677734 0.748047 0.676953 0.748047 0.676562 0.747559 0.675391 0.747559 0.675 0.74707 0.671094 0.74707 0.670703 0.746582 0.670312 0.746582 0.669922 0.74707 0.66875 0.74707 0.668359 0.747559 0.667969 0.747559 0.667578 0.748047 0.667188 0.748047
1 0.661719 0.835938 0.660937 0.835938 0.660547 0.835449 0.659766 0.835449 0.659375 0.834961 0.657422 0.834961 0.657031 0.835449 0.65625 0.835449 0.655859 0.835938 0.655469 0.835938 0.655078 0.836426 0.654687 0.836426 0.654297 0.836914 0.653906 0.836914 0.65 0.841797 0.65 0.842285 0.649609 0.842773 0.649609 0.843262 0.648828 0.844238 0.648828 0.844727 0.648438 0.845215 0.648438 0.845703 0.648047 0.846191 0.648047 0.847656 0.647656 0.848145 0.647656 0.849121 0.647266 0.849609 0.647266 0.850586 0.646875 0.851074 0.646875 0.851562 0.646484 0.852051 0.646484 0.853027 0.646094 0.853516 0.646094 0.855957 0.645703 0.856445 0.645703 0.862793 0.646094 0.863281 0.646094 0.86377 0.646484 0.864258 0.646484 0.864746 0.647656 0.866211 0.648438 0.866211 0.648828 0.866699 0.649609 0.866699 0.65 0.867188 0.650391 0.867188 0.650781 0.866699 0.651953 0.866699 0.652344 0.866211 0.653125 0.866211 0.653516 0.865723 0.653906 0.865723 0.655859 0.863281 0.655859 0.862793 0.656641 0.861816 0.656641 0.861328 0.657813 0.859863 0.657813 0.859375 0.658984 0.85791 0.658984 0.857422 0.659375 0.856934 0.659375 0.856445 0.659766 0.855957 0.659766 0.855469 0.660156 0.85498 0.660156 0.854492 0.660547 0.854004 0.660547 0.853027 0.660937 0.852539 0.660937 0.851562 0.661328 0.851074 0.661328 0.850586 0.661719 0.850098 0.661719 0.849121 0.662109 0.848633 0.662109 0.847656 0.6625 0.847168 0.6625 0.845703 0.662891 0.845215 0.662891 0.837891 0.6625 0.837402 0.6625 0.836914
1 0.447656 0.923828 0.446875 0.923828 0.446484 0.92334 0.441797 0.92334 0.441406 0.923828 0.440234 0.923828 0.439844 0.924316 0.439453 0.924316 0.439063 0.924805 0.438672 0.924805 0.436328 0.927734 0.435937 0.927734 0.434766 0.929199 0.434375 0.929199 0.433594 0.930176 0.433203 0.930176 0.432422 0.931152 0.432031 0.931152 0.430469 0.933105 0.430469 0.933594 0.429297 0.935059 0.429297 0.935547 0.428906 0.936035 0.428906 0.936523 0.428125 0.9375 0.428125 0.937988 0.427344 0.938965 0.427344 0.939453 0.426953 0.939941 0.426953 0.94043 0.426563 0.940918 0.426563 0.941406 0.426172 0.941895 0.426172 0.942871 0.425781 0.943359 0.425781 0.945801 0.425391 0.946289 0.425391 0.948242 0.425781 0.94873 0.425781 0.950195 0.426172 0.950684 0.426172 0.95166 0.426563 0.952148 0.426563 0.953125 0.426953 0.953613 0.426953 0.954102 0.428125 0.955566 0.429688 0.955566 0.430078 0.956055 0.432422 0.956055 0.432812 0.955566 0.433594 0.955566 0.433984 0.955078 0.434375 0.955078 0.434766 0.95459 0.435156 0.95459 0.435937 0.953613 0.435937 0.953125 0.436719 0.952148 0.436719 0.95166 0.438281 0.949707 0.438281 0.949219 0.440625 0.946289 0.440625 0.945801 0.444141 0.941406 0.444141 0.940918 0.445312 0.939453 0.445312 0.938965 0.446094 0.937988 0.446094 0.9375 0.448437 0.93457 0.448437 0.934082 0.449219 0.933105 0.449219 0.932617 0.449609 0.932129 0.449609 0.931641 0.45 0.931152 0.45 0.927246 0.449219 0.92627 0.449219 0.925781
1 0.479297 0.76123 0.476562 0.76123 0.476172 0.761719 0.475 0.761719 0.474609 0.762207 0.474219 0.762207 0.473828 0.762695 0.473438 0.762695 0.472266 0.76416 0.471875 0.76416 0.471094 0.765137 0.470703 0.765137 0.469141 0.76709 0.469141 0.767578 0.46875 0.768066 0.46875 0.769043 0.468359 0.769531 0.468359 0.77002 0.467969 0.770508 0.467969 0.771484 0.467578 0.771973 0.467578 0.772461 0.467187 0.772949 0.467187 0.773438 0.466797 0.773926 0.466797 0.774902 0.466406 0.775391 0.466406 0.776367 0.466016 0.776855 0.466016 0.77832 0.465625 0.778809 0.465625 0.780273 0.465234 0.780762 0.465234 0.782715 0.464844 0.783203 0.464844 0.791504 0.465234 0.791992 0.465234 0.792969 0.465625 0.793457 0.465625 0.793945 0.467187 0.795898 0.467578 0.795898 0.467969 0.796387 0.469141 0.796387 0.469531 0.796875 0.471875 0.796875 0.472266 0.796387 0.473047 0.796387 0.473438 0.795898 0.474219 0.795898 0.475391 0.794434 0.475391 0.793945 0.475781 0.793457 0.475781 0.792969 0.476172 0.79248 0.476172 0.791992 0.476562 0.791504 0.476562 0.791016 0.476953 0.790527 0.476953 0.789551 0.477344 0.789062 0.477344 0.788574 0.477734 0.788086 0.477734 0.787598 0.478125 0.787109 0.478125 0.786133 0.478516 0.785645 0.478516 0.784668 0.478906 0.78418 0.478906 0.783203 0.479297 0.782715 0.479297 0.782227 0.479687 0.781738 0.479687 0.78125 0.480078 0.780762 0.480078 0.779785 0.480469 0.779297 0.480469 0.778809 0.480859 0.77832 0.480859 0.776855 0.48125 0.776367 0.48125 0.774902 0.481641 0.774414 0.481641 0.772949 0.482031 0.772461 0.482031 0.764648 0.481641 0.76416 0.481641 0.763672 0.48125 0.763184 0.48125 0.762695 0.480859 0.762695 0.480078 0.761719 0.479687 0.761719
1 0.222266 0.956543 0.221484 0.95752 0.221094 0.95752 0.221094 0.958008 0.220703 0.958496 0.220703 0.960449 0.220312 0.960938 0.220312 0.973633 0.220703 0.974121 0.220703 0.977539 0.221094 0.978027 0.221094 0.980469 0.221484 0.980957 0.221484 0.981934 0.221875 0.982422 0.221875 0.983398 0.222266 0.983887 0.222266 0.984375 0.222656 0.984863 0.222656 0.986328 0.223047 0.986816 0.223047 0.987305 0.223438 0.987793 0.223438 0.988281 0.223828 0.98877 0.223828 0.989258 0.224609 0.990234 0.224609 0.990723 0.225781 0.992188 0.225781 0.992676 0.226172 0.993164 0.226172 0.993652 0.226562 0.994141 0.226562 0.994629 0.228125 0.996582 0.228906 0.996582 0.229297 0.99707 0.230859 0.99707 0.23125 0.997559 0.235937 0.997559 0.236328 0.99707 0.236719 0.99707 0.238281 0.995117 0.238281 0.990723 0.237891 0.990234 0.237891 0.988281 0.2375 0.987793 0.2375 0.98584 0.237109 0.985352 0.237109 0.984863 0.236719 0.984375 0.236719 0.983887 0.236328 0.983398 0.236328 0.982422 0.235937 0.981934 0.235937 0.981445 0.235547 0.980957 0.235547 0.980469 0.235156 0.97998 0.235156 0.979004 0.234766 0.978516 0.234766 0.977539 0.234375 0.977051 0.234375 0.975586 0.233984 0.975098 0.233984 0.974121 0.233594 0.973633 0.233594 0.971191 0.233203 0.970703 0.233203 0.969727 0.232813 0.969238 0.232813 0.968262 0.232422 0.967773 0.232422 0.966797 0.232031 0.966309 0.232031 0.96582 0.231641 0.965332 0.231641 0.964844 0.23125 0.964355 0.23125 0.963867 0.230859 0.963379 0.230859 0.962891 0.229687 0.961426 0.229687 0.960938 0.227344 0.958008 0.226953 0.958008 0.226172 0.957031 0.225781 0.957031 0.225 0.956055 0.223438 0.956055 0.223047 0.956543
1 0.473047 0.00732422 0.474609 0.0117188 0.477344 0.0146484 0.478516 0.0146484 0.478906 0.0151367 0.486328 0.0151367 0.486719 0.0146484 0.488672 0.0146484 0.489063 0.0141602 0.490625 0.0141602 0.494922 0.0112305 0.495703 0.0112305 0.498828 0.00927734 0.505078 0.00146484 0.505078 0 0.473438 0
1 0.998047 0.475098 0.99375 0.479492 0.992188 0.483398 0.990234 0.490723 0.989453 0.498535 0.990625 0.501465 0.992969 0.504395 0.99375 0.504883 1 0.505371 1 0.475098
1 0.0101563 0.0429688 0.00742187 0.0424805 0.00703125 0.0419922 0.00507813 0.0419922 0.00195312 0.0439453 0 0.0439453 0 0.0737305 0.0015625 0.0737305 0.003125 0.0727539 0.00664062 0.0678711 0.00820313 0.0629883 0.00976562 0.0605469 0.0117188 0.0556641 0.0117188 0.0546875 0.0132812 0.0507812 0.0132812 0.0478516 0.0121094 0.0454102
