1 0.119922 0.676758 0.116406 0.677734 0.114453 0.680664 0.114062 0.685547 0.109766 0.700684 0.108984 0.70752 0.103906 0.729492 0.101172 0.750488 0.101172 0.790039 0.103125 0.803711 0.105469 0.810059 0.107813 0.813477 0.110547 0.8125 0.110156 0.794434 0.113281 0.770508 0.117969 0.746094 0.119531 0.722656 0.121094 0.714355 0.122266 0.680664
1 0.144531 0.583496 0.142578 0.581543 0.128125 0.579102 0.096875 0.578613 0.0714844 0.582031 0.0503906 0.588379 0.0328125 0.591797 0.0296875 0.59375 0.028125 0.599609 0.0296875 0.603516 0.0335937 0.604492 0.0777344 0.604004 0.0910156 0.602539 0.106641 0.599121 0.119922 0.59375 0.142187 0.588379 0.144141 0.586426
1 0.328125 0.63623 0.326172 0.631836 0.318359 0.629395 0.286328 0.628418 0.248047 0.63623 0.219531 0.63916 0.217188 0.641602 0.217188 0.643066 0.220703 0.647949 0.227344 0.650391 0.250781 0.655762 0.267969 0.655762 0.283594 0.65332 0.299609 0.648926 0.307812 0.643555 0.318359 0.639648 0.326172 0.638672
1 0.289453 0.440918 0.285938 0.437988 0.277344 0.436035 0.238672 0.432129 0.202344 0.439941 0.193359 0.440918 0.186328 0.444336 0.185156 0.446777 0.185156 0.450195 0.186719 0.452637 0.192578 0.453613 0.227734 0.455078 0.2375 0.45459 0.253125 0.452148 0.259766 0.44873 0.266797 0.448242 0.288672 0.442871
1 0.372266 0.407227 0.371484 0.410156 0.371875 0.414062 0.385937 0.443359 0.391406 0.458496 0.397656 0.472168 0.408594 0.489746 0.416797 0.506348 0.41875 0.512695 0.423047 0.518066 0.426953 0.519531 0.428125 0.519043 0.428906 0.513184 0.422656 0.496094 0.417187 0.472168 0.403125 0.440918 0.393359 0.424805 0.388281 0.419922 0.384766 0.414551 0.377734 0.407227
1 0.115625 0.212402 0.116406 0.216797 0.122266 0.222656 0.134766 0.230957 0.153906 0.248535 0.158594 0.251465 0.163281 0.256348 0.167187 0.258789 0.170313 0.262695 0.179688 0.27002 0.196875 0.291504 0.198437 0.29541 0.204687 0.304688 0.206641 0.305664 0.208984 0.305664 0.209766 0.304688 0.209766 0.298828 0.203906 0.283691 0.189062 0.253906 0.18125 0.245117 0.167969 0.234375 0.158594 0.228516 0.144141 0.222168 0.126562 0.211914 0.118359 0.210938
1 0.380078 0.161621 0.378516 0.159668 0.376172 0.159668 0.371484 0.163086 0.364063 0.171875 0.337891 0.181152 0.331641 0.185059 0.324219 0.187988 0.311719 0.198242 0.304688 0.202148 0.298047 0.20752 0.279297 0.21582 0.278125 0.218262 0.278125 0.223145 0.279297 0.224609 0.289844 0.224609 0.307812 0.220703 0.312109 0.21875 0.319922 0.217285 0.324219 0.214355 0.337891 0.208496 0.341016 0.206055 0.346484 0.205078 0.353906 0.199707 0.357422 0.194824 0.365625 0.187012 0.378125 0.169434 0.380078 0.165039
1 0.571875 0.196777 0.56875 0.192871 0.563281 0.192383 0.548828 0.200684 0.522656 0.211914 0.507031 0.22168 0.497656 0.229492 0.482031 0.249023 0.476953 0.256836 0.476172 0.262207 0.477734 0.26416 0.480469 0.263672 0.4875 0.258789 0.492188 0.253906 0.505859 0.245117 0.510156 0.243652 0.528125 0.230957 0.549219 0.218262 0.556641 0.211426 0.564453 0.206543 0.571875 0.19873
1 0.477344 0.266602 0.477734 0.270996 0.488281 0.282227 0.496875 0.29834 0.515234 0.321777 0.527734 0.334473 0.545703 0.349121 0.55 0.350586 0.553516 0.348633 0.554688 0.345215 0.553906 0.342285 0.547656 0.336426 0.539062 0.325684 0.534375 0.316895 0.513672 0.291016 0.492578 0.273926 0.489453 0.27002 0.482031 0.265625 0.478125 0.265625
1 0.521094 0.37793 0.521094 0.383301 0.524219 0.386719 0.526172 0.386719 0.533594 0.381348 0.551172 0.39502 0.568359 0.403809 0.593359 0.409668 0.6 0.40918 0.604688 0.403809 0.604297 0.401855 0.598437 0.400391 0.586719 0.394043 0.579297 0.387695 0.5375 0.366699 0.528906 0.367188 0.523438 0.373535
1 0.525391 0.300781 0.529297 0.30957 0.537109 0.315918 0.547656 0.317383 0.562891 0.321289 0.576562 0.322266 0.600391 0.321777 0.616406 0.318359 0.619141 0.315918 0.619141 0.313965 0.616016 0.310059 0.6125 0.308105 0.602344 0.306152 0.599609 0.304688 0.580859 0.302734 0.569531 0.299805 0.529687 0.29834 0.526563 0.299316
1 0.516406 0.289551 0.519531 0.29541 0.524219 0.297852 0.560937 0.300293 0.56875 0.299805 0.577344 0.302246 0.596875 0.302246 0.599609 0.30127 0.601953 0.297363 0.601953 0.294434 0.599609 0.291504 0.592969 0.287598 0.576562 0.281738 0.561328 0.279297 0.545703 0.280273 0.523047 0.283691 0.517578 0.286133
1 0.579688 0.265137 0.584766 0.271484 0.59375 0.277344 0.607812 0.294922 0.630078 0.315918 0.644922 0.32666 0.65 0.329102 0.6625 0.339355 0.664844 0.340332 0.669531 0.339844 0.673047 0.335449 0.673047 0.333496 0.670312 0.32959 0.666016 0.328613 0.664844 0.325195 0.658203 0.317871 0.651172 0.313965 0.641016 0.300781 0.616797 0.279297 0.609375 0.275879 0.603516 0.271484 0.589844 0.265137 0.584375 0.263672 0.580469 0.26416
1 0.612891 0.263672 0.6125 0.26709 0.613672 0.269531 0.621875 0.279785 0.624219 0.28125 0.630859 0.290527 0.6375 0.297852 0.641016 0.298828 0.646094 0.303223 0.653516 0.312988 0.658594 0.316406 0.666797 0.32666 0.671875 0.32959 0.675781 0.334473 0.682422 0.337891 0.691406 0.346191 0.698828 0.350098 0.703125 0.349609 0.701562 0.345215 0.698047 0.341797 0.697266 0.338867 0.694141 0.334961 0.692969 0.32959 0.690234 0.330078 0.687109 0.326172 0.68125 0.323242 0.674609 0.314941 0.671484 0.308594 0.667578 0.306152 0.662891 0.300293 0.657031 0.29541 0.651953 0.288574 0.641797 0.280273 0.633984 0.277344 0.630078 0.271484 0.625391 0.269043 0.623437 0.266602 0.616016 0.262207
1 0.616016 0.240234 0.615625 0.243164 0.617188 0.247559 0.636328 0.270996 0.636719 0.274902 0.638281 0.276855 0.641797 0.27832 0.644531 0.282227 0.654297 0.290039 0.661328 0.299316 0.669141 0.306152 0.672266 0.307617 0.675 0.3125 0.675391 0.315918 0.678125 0.319824 0.684766 0.324707 0.689844 0.324707 0.690234 0.32959 0.692187 0.331055 0.69375 0.330566 0.69375 0.325195 0.691016 0.322754 0.691016 0.319824 0.689844 0.316895 0.687109 0.312988 0.685937 0.309082 0.683984 0.307129 0.681641 0.300781 0.678906 0.297363 0.674609 0.288574 0.666406 0.27832 0.653906 0.265137 0.623828 0.23877 0.618359 0.237793
1 0.855078 0.245605 0.852734 0.251465 0.852734 0.262695 0.854688 0.276367 0.858984 0.292969 0.864453 0.306152 0.872266 0.321777 0.878516 0.329102 0.882812 0.336426 0.887891 0.34082 0.892969 0.348633 0.900391 0.355469 0.905859 0.355469 0.90625 0.352051 0.905078 0.348633 0.894531 0.330078 0.88125 0.299316 0.86875 0.275879 0.863672 0.260254 0.861328 0.247559 0.858203 0.244629
1 0.878516 0.333984 0.875781 0.333008 0.857812 0.346191 0.851562 0.353027 0.839844 0.36084 0.81875 0.381836 0.805078 0.397461 0.795703 0.416504 0.794922 0.42334 0.796094 0.42627 0.798047 0.428223 0.802734 0.42627 0.808594 0.416992 0.813672 0.411133 0.831641 0.395996 0.835156 0.394043 0.844531 0.384766 0.853906 0.373535 0.856641 0.367188 0.874609 0.344727 0.877344 0.339844
1 0.793359 0.37793 0.790234 0.376953 0.785156 0.380859 0.781641 0.388672 0.775781 0.394531 0.769531 0.407715 0.760938 0.417969 0.747656 0.438965 0.7375 0.451172 0.733203 0.454102 0.728516 0.455078 0.725 0.459961 0.720313 0.461426 0.71875 0.467773 0.716797 0.471191 0.726562 0.472168 0.738672 0.467285 0.756641 0.454102 0.763672 0.446289 0.767578 0.439941 0.775 0.431152 0.78125 0.418457 0.785156 0.408203 0.785937 0.403809 0.790625 0.393555 0.79375 0.379395
1 0.789453 0.379395 0.778125 0.378906 0.771094 0.382812 0.765234 0.388184 0.730078 0.427246 0.723047 0.436523 0.720313 0.442383 0.720313 0.445801 0.716016 0.447754 0.704297 0.461914 0.700391 0.469238 0.7 0.472168 0.701953 0.472656 0.707812 0.470703 0.7125 0.464844 0.717578 0.462891 0.727344 0.455078 0.732031 0.453125 0.734766 0.449219 0.741016 0.444824 0.744141 0.44043 0.749219 0.436035 0.754297 0.427246 0.770312 0.408203 0.774219 0.400391 0.779687 0.393555 0.78125 0.38916 0.783594 0.387695 0.787109 0.387695 0.789844 0.383789
1 0.990625 0.530762 0.987891 0.539062 0.982031 0.574219 0.981641 0.612305 0.985547 0.638184 0.989844 0.657227 0.993359 0.664062 0.995313 0.664062 1 0.662109 1 0.633301 0.998437 0.632812 0.998437 0.625977 1 0.625488 1 0.61377 0.998437 0.613281 0.998047 0.608398 0.998437 0.605957 1 0.605469 1 0.599121 0.998437 0.598633 0.998437 0.581055 0.996484 0.569336 0.994922 0.536621 0.994141 0.533203
1 0.797266 0.565918 0.796875 0.568848 0.798438 0.571289 0.810547 0.578125 0.835938 0.584961 0.842578 0.588379 0.860938 0.594238 0.878906 0.59668 0.907422 0.604492 0.910937 0.603027 0.908594 0.598145 0.894922 0.59082 0.874219 0.577637 0.864844 0.573242 0.848437 0.568848 0.831641 0.567383 0.807813 0.562988 0.799609 0.563477
1 0.805469 0.530762 0.802734 0.530762 0.798438 0.533691 0.782031 0.552734 0.775391 0.561523 0.763281 0.583008 0.750781 0.610352 0.74375 0.630859 0.742188 0.642578 0.744531 0.646973 0.747656 0.646973 0.75 0.644531 0.759766 0.627441 0.761328 0.622559 0.770312 0.608887 0.772656 0.603516 0.776563 0.598145 0.778906 0.592285 0.78125 0.589355 0.795703 0.556152 0.803516 0.541504 0.80625 0.534668
1 0.628906 0.66748 0.626563 0.67041 0.626563 0.672363 0.628906 0.677246 0.644531 0.69873 0.648438 0.706543 0.658203 0.72168 0.663281 0.731934 0.675391 0.749512 0.680469 0.761719 0.687891 0.784668 0.688672 0.785645 0.691797 0.785156 0.692578 0.782715 0.689063 0.750488 0.684375 0.72998 0.68125 0.722656 0.667969 0.701172 0.657031 0.688965 0.636328 0.668945 0.632812 0.666992
1 0.244141 0.90625 0.242969 0.911621 0.246484 0.958984 0.255469 0.998535 0.25625 1 0.272266 1 0.267188 0.966797 0.261328 0.943359 0.255078 0.924316 0.253906 0.915527 0.249609 0.908203
1 0.166797 0.953125 0.166797 0.956055 0.179297 0.974609 0.180859 0.979004 0.189062 0.993164 0.191406 1 0.214062 1 0.214062 0.997559 0.208984 0.989746 0.189453 0.966797 0.173828 0.953125 0.169531 0.951172
1 0.107813 0.913574 0.107031 0.914551 0.107031 0.918945 0.111719 0.939941 0.114453 0.968262 0.116797 0.97998 0.121484 0.993652 0.121875 0.998535 0.122656 1 0.139844 1 0.140234 0.99707 0.135156 0.978027 0.132812 0.972656 0.125391 0.944824 0.112891 0.915527 0.110937 0.913574
1 0.0515625 0.983398 0.0519531 0.987305 0.0535156 0.990234 0.065625 1 0.104688 1 0.103906 0.997559 0.0960938 0.992676 0.0886719 0.991211 0.0761719 0.985352 0.0621094 0.980469 0.0542969 0.980957
2 0.7125 0.86084 0.707812 0.86084 0.704688 0.863281 0.699219 0.870117 0.696484 0.876465 0.691016 0.896484 0.690234 0.90625 0.688281 0.915527 0.687891 0.930664 0.688672 0.933105 0.690234 0.932617 0.691797 0.925293 0.694531 0.919434 0.697656 0.90918 0.698828 0.901855 0.701953 0.894531 0.705078 0.882324 0.712891 0.866699 0.713672 0.862305
2 0.459375 0.230469 0.458594 0.23291 0.458984 0.242188 0.461328 0.249512 0.461719 0.257324 0.467187 0.27002 0.466797 0.276855 0.473438 0.305176 0.477734 0.316895 0.478906 0.317871 0.482422 0.317871 0.483984 0.316406 0.484375 0.313965 0.479687 0.293457 0.479297 0.287109 0.475391 0.266602 0.471094 0.258789 0.470313 0.250977 0.466406 0.246582 0.461328 0.232422
2 0.573828 0.166992 0.572656 0.164062 0.567578 0.166504 0.564453 0.170898 0.561328 0.17334 0.558594 0.178223 0.556641 0.179199 0.553516 0.179199 0.544141 0.182129 0.532031 0.188477 0.521875 0.190918 0.517969 0.192871 0.509766 0.194824 0.494531 0.194824 0.491406 0.196289 0.491016 0.198242 0.502344 0.203125 0.508984 0.204102 0.532031 0.203613 0.541406 0.20166 0.545703 0.19873 0.549219 0.19873 0.564063 0.185547 0.564844 0.183105 0.572266 0.174805
2 0.813672 0.0810547 0.810937 0.0805664 0.801953 0.0839844 0.794531 0.0898438 0.789453 0.0961914 0.783984 0.105469 0.779297 0.11084 0.776563 0.118164 0.766016 0.138672 0.763672 0.149414 0.763672 0.15332 0.760938 0.162598 0.761719 0.168457 0.765234 0.169434 0.769141 0.166992 0.772656 0.158203 0.772656 0.154297 0.775 0.143555 0.781641 0.127441 0.789062 0.11377 0.795312 0.107422 0.807031 0.0917969 0.8125 0.0864258
2 0.469922 0.050293 0.469531 0.0522461 0.473828 0.0576172 0.477734 0.0649414 0.481641 0.0693359 0.484375 0.074707 0.487109 0.0834961 0.487891 0.0908203 0.492969 0.106445 0.494531 0.114258 0.494531 0.120117 0.496094 0.123535 0.498047 0.133789 0.497656 0.138672 0.501563 0.138672 0.503906 0.13623 0.504687 0.130859 0.503125 0.120605 0.503906 0.106445 0.501172 0.0908203 0.501172 0.0839844 0.498828 0.0727539 0.492578 0.0605469 0.488672 0.0556641 0.478125 0.050293
2 0.127344 0.174805 0.127344 0.179199 0.129688 0.184082 0.133984 0.189453 0.135547 0.189941 0.146094 0.203613 0.154297 0.210449 0.164062 0.224121 0.168359 0.227051 0.169531 0.230469 0.173437 0.231934 0.178125 0.236816 0.186719 0.237793 0.196484 0.233398 0.200781 0.227539 0.202734 0.22168 0.203516 0.21582 0.202734 0.203125 0.199609 0.197266 0.198437 0.192871 0.192969 0.1875 0.189844 0.186035 0.186328 0.186035 0.184375 0.1875 0.184375 0.188965 0.185938 0.191406 0.189062 0.192383 0.195703 0.200195 0.198828 0.20752 0.198047 0.217285 0.195703 0.222168 0.190625 0.228027 0.181641 0.229004 0.169141 0.219238 0.159375 0.206543 0.153906 0.203613 0.149609 0.199219 0.147656 0.195312 0.142187 0.19043 0.140234 0.186523 0.133984 0.180176 0.13125 0.175781
2 0.0105469 0.250977 0.0109375 0.255371 0.0128906 0.257812 0.0210938 0.260254 0.0285156 0.266113 0.0320312 0.267578 0.0449219 0.269531 0.0480469 0.272949 0.0558594 0.275391 0.0597656 0.275391 0.0636719 0.277344 0.0761719 0.277344 0.0792969 0.279297 0.0832031 0.27832 0.0859375 0.275879 0.0835937 0.270508 0.071875 0.264648 0.0566406 0.26123 0.0453125 0.256836 0.0335937 0.254395 0.021875 0.25 0.0128906 0.249023
2 0.0679687 0.285645 0.0667969 0.284668 0.0632812 0.284668 0.0601563 0.286133 0.0558594 0.286133 0.0492187 0.289062 0.0390625 0.289551 0.0285156 0.299805 0.0230469 0.311035 0.0171875 0.317871 0.0160156 0.322266 0.0128906 0.325684 0.0117188 0.329102 0.0117188 0.333496 0.0136719 0.333984 0.0191406 0.32373 0.0335937 0.305176 0.0367188 0.299805 0.0398437 0.294434 0.0429688 0.293457 0.0484375 0.293457 0.0515625 0.294922 0.0566406 0.294434 0.0605469 0.291992 0.065625 0.291504
2 0.0890625 0.606445 0.0875 0.60498 0.0839844 0.604492 0.0683594 0.609863 0.0417969 0.625 0.0335937 0.626953 0.0316406 0.628906 0.0308594 0.632812 0.0335937 0.635742 0.0449219 0.635254 0.0605469 0.624512 0.065625 0.623535 0.0796875 0.615723 0.084375 0.614258 0.0890625 0.608398
2 0.0535156 0.316895 0.0508984 0.316113 0.0478125 0.316895 0.0450391 0.318701 0.0428906 0.319629 0.0391797 0.320459 0.0371094 0.321631 0.033125 0.326074 0.0316406 0.328613 0.0305078 0.330811 0.0292578 0.332715 0.0273438 0.334961 0.025 0.336426 0.0226562 0.339355 0.0191406 0.342285 0.0164063 0.345703 0.0148437 0.349609 0.0125 0.352539 0.0109375 0.356445 0.0113281 0.362793 0.0105469 0.364746 0.0101563 0.372559 0.00898437 0.376953 0.00898437 0.381348 0.009375 0.381836 0.00976562 0.38623 0.0113281 0.390137 0.0117188 0.393066 0.0128906 0.395996 0.0140625 0.397461 0.0148437 0.396973 0.0175781 0.396973 0.0183594 0.395996 0.0183594 0.394531 0.01875 0.394043 0.01875 0.389648 0.0183594 0.388184 0.01875 0.387695 0.01875 0.384766 0.0191406 0.384277 0.0191406 0.381836 0.0195312 0.381348 0.0195312 0.37793 0.0210938 0.373535 0.021875 0.369629 0.0234375 0.366699 0.025 0.361816 0.0285156 0.357422 0.0296875 0.353516 0.0328125 0.349121 0.0332031 0.347656 0.0367188 0.341797 0.0386719 0.339355 0.0433594 0.334961 0.0464844 0.330566 0.0511719 0.32666 0.0527344 0.323242 0.0535156 0.320312 0.0542969 0.319336 0.0542969 0.317871
