1 0.21875 0.275391 0.217969 0.276367 0.216406 0.276367 0.213281 0.280273 0.213281 0.282227 0.2125 0.283203 0.2125 0.288086 0.213281 0.289062 0.213281 0.291992 0.214062 0.292969 0.214062 0.293945 0.214844 0.294922 0.214844 0.295898 0.215625 0.295898 0.216406 0.296875 0.221875 0.296875 0.221875 0.295898 0.222656 0.294922 0.222656 0.292969 0.223438 0.291992 0.223438 0.287109 0.224219 0.286133 0.224219 0.279297 0.223438 0.27832 0.223438 0.277344 0.221875 0.275391
1 0.248438 0.239258 0.247656 0.240234 0.246875 0.240234 0.246875 0.241211 0.246094 0.242188 0.246094 0.249023 0.246875 0.25 0.246875 0.255859 0.247656 0.256836 0.247656 0.258789 0.249219 0.260742 0.25 0.260742 0.250781 0.261719 0.253125 0.261719 0.253906 0.260742 0.254688 0.260742 0.255469 0.259766 0.255469 0.258789 0.25625 0.257812 0.25625 0.245117 0.255469 0.244141 0.255469 0.243164 0.254688 0.242188 0.254688 0.241211 0.253906 0.240234 0.253125 0.240234 0.252344 0.239258
1 0.260937 0.210938 0.259375 0.210938 0.25625 0.214844 0.25625 0.21582 0.255469 0.216797 0.255469 0.217773 0.254688 0.21875 0.254688 0.223633 0.253906 0.224609 0.253906 0.233398 0.254688 0.234375 0.254688 0.235352 0.25625 0.237305 0.260937 0.237305 0.2625 0.235352 0.2625 0.234375 0.263281 0.233398 0.263281 0.231445 0.264062 0.230469 0.264062 0.228516 0.264844 0.227539 0.264844 0.226562 0.265625 0.225586 0.265625 0.223633 0.266406 0.222656 0.266406 0.217773 0.265625 0.216797 0.265625 0.21582 0.264844 0.214844 0.264844 0.213867 0.263281 0.211914 0.261719 0.211914
1 0.2875 0.167969 0.282813 0.167969 0.279687 0.171875 0.279687 0.173828 0.278906 0.174805 0.278906 0.176758 0.278125 0.177734 0.278125 0.179688 0.277344 0.180664 0.277344 0.186523 0.278125 0.1875 0.278125 0.188477 0.278906 0.189453 0.279687 0.189453 0.280469 0.19043 0.283594 0.19043 0.284375 0.189453 0.284375 0.188477 0.285156 0.1875 0.285156 0.186523 0.285938 0.185547 0.285938 0.183594 0.286719 0.182617 0.286719 0.180664 0.2875 0.179688
1 0.195312 0.172852 0.195312 0.179688 0.199219 0.18457 0.2 0.18457 0.200781 0.185547 0.201563 0.185547 0.202344 0.186523 0.203125 0.186523 0.203906 0.1875 0.205469 0.1875 0.20625 0.188477 0.213281 0.188477 0.214062 0.1875 0.214844 0.1875 0.214844 0.186523 0.215625 0.185547 0.215625 0.181641 0.2125 0.177734 0.211719 0.177734 0.210938 0.176758 0.210156 0.176758 0.209375 0.175781 0.207813 0.175781 0.207031 0.174805 0.20625 0.174805 0.205469 0.173828 0.203906 0.173828 0.203125 0.172852 0.201563 0.172852 0.200781 0.171875 0.196875 0.171875 0.196094 0.172852
1 0.238281 0.015625 0.236719 0.0175781 0.236719 0.0253906 0.235937 0.0263672 0.235937 0.0302734 0.235156 0.03125 0.235156 0.0332031 0.235937 0.0341797 0.235937 0.0361328 0.236719 0.0371094 0.241406 0.0371094 0.24375 0.0341797 0.24375 0.0332031 0.244531 0.0322266 0.244531 0.0224609 0.24375 0.0214844 0.24375 0.0205078 0.242969 0.0195312 0.242969 0.0185547 0.240625 0.015625
1 0.0351562 0.3125 0.034375 0.3125 0.0335937 0.311523 0.0320312 0.311523 0.03125 0.3125 0.0296875 0.3125 0.028125 0.314453 0.028125 0.31543 0.0273438 0.316406 0.0273438 0.317383 0.0265625 0.318359 0.0265625 0.319336 0.0257812 0.320312 0.0257812 0.321289 0.0242188 0.323242 0.0242188 0.329102 0.0257812 0.331055 0.0296875 0.331055 0.0304687 0.330078 0.03125 0.330078 0.0320312 0.329102 0.0328125 0.329102 0.0359375 0.325195 0.0359375 0.324219 0.0367188 0.323242 0.0367188 0.322266 0.0375 0.321289 0.0375 0.317383 0.0367188 0.316406 0.0367188 0.314453
1 0.021875 0.291992 0.0171875 0.291992 0.0164063 0.292969 0.015625 0.292969 0.0140625 0.294922 0.0140625 0.295898 0.0125 0.297852 0.0125 0.298828 0.0109375 0.300781 0.0109375 0.301758 0.0101563 0.302734 0.0101563 0.303711 0.009375 0.304688 0.009375 0.311523 0.0101563 0.3125 0.0101563 0.313477 0.0117188 0.31543 0.0148437 0.31543 0.015625 0.314453 0.0164063 0.314453 0.01875 0.311523 0.01875 0.310547 0.0195312 0.30957 0.0195312 0.308594 0.0203125 0.307617 0.0203125 0.306641 0.0210938 0.305664 0.0210938 0.304688 0.021875 0.303711 0.021875 0.302734 0.0226562 0.301758 0.0226562 0.300781 0.0234375 0.299805 0.0234375 0.293945
1 0.395313 0.160156 0.394531 0.161133 0.39375 0.161133 0.392188 0.163086 0.392188 0.164062 0.391406 0.165039 0.391406 0.166992 0.390625 0.167969 0.390625 0.180664 0.391406 0.181641 0.391406 0.183594 0.392188 0.18457 0.392969 0.18457 0.39375 0.185547 0.398438 0.185547 0.4 0.183594 0.4 0.182617 0.400781 0.181641 0.400781 0.177734 0.401562 0.176758 0.401562 0.166992 0.400781 0.166016 0.400781 0.165039 0.4 0.164062 0.4 0.163086 0.398438 0.161133 0.397656 0.161133 0.396875 0.160156
1 0.415625 0.137695 0.414844 0.136719 0.414062 0.136719 0.413281 0.135742 0.410156 0.135742 0.409375 0.136719 0.408594 0.136719 0.407813 0.137695 0.40625 0.137695 0.399219 0.146484 0.399219 0.147461 0.398438 0.148438 0.398438 0.150391 0.399219 0.151367 0.399219 0.15332 0.4 0.154297 0.4 0.155273 0.401562 0.155273 0.402344 0.15625 0.405469 0.15625 0.414062 0.145508 0.414062 0.144531 0.414844 0.143555 0.414844 0.142578 0.415625 0.141602
1 0.388281 0.00683594 0.3875 0.0078125 0.3875 0.00976562 0.386719 0.0107422 0.386719 0.0263672 0.3875 0.0273438 0.3875 0.0292969 0.388281 0.0302734 0.392969 0.0302734 0.394531 0.0283203 0.394531 0.0273438 0.395313 0.0263672 0.395313 0.0107422 0.394531 0.00976562 0.394531 0.00878906 0.392969 0.00683594
1 0.55625 0.0673828 0.555469 0.0683594 0.554688 0.0683594 0.553906 0.0693359 0.553125 0.0693359 0.553125 0.0712891 0.552344 0.0722656 0.552344 0.0859375 0.553906 0.0878906 0.554688 0.0878906 0.555469 0.0888672 0.560156 0.0888672 0.5625 0.0859375 0.5625 0.0742188 0.561719 0.0732422 0.561719 0.0712891 0.560156 0.0693359 0.559375 0.0693359 0.558594 0.0683594 0.557813 0.0683594 0.557031 0.0673828
1 0.494531 0.168945 0.492969 0.170898 0.492969 0.171875 0.492188 0.172852 0.492188 0.174805 0.491406 0.175781 0.491406 0.183594 0.492188 0.18457 0.492188 0.185547 0.492969 0.186523 0.492969 0.1875 0.494531 0.189453 0.496094 0.189453 0.496875 0.19043 0.498437 0.19043 0.499219 0.189453 0.5 0.189453 0.501563 0.1875 0.501563 0.175781 0.500781 0.174805 0.500781 0.171875 0.5 0.170898 0.5 0.169922 0.499219 0.168945
1 0.496875 0.199219 0.49375 0.203125 0.49375 0.206055 0.492969 0.207031 0.492969 0.210938 0.49375 0.211914 0.49375 0.217773 0.495312 0.219727 0.5 0.219727 0.501563 0.217773 0.501563 0.211914 0.502344 0.210938 0.502344 0.202148 0.501563 0.201172 0.501563 0.200195 0.500781 0.200195 0.5 0.199219
1 0.461719 0.209961 0.460156 0.211914 0.460156 0.212891 0.459375 0.213867 0.459375 0.216797 0.458594 0.217773 0.458594 0.21875 0.459375 0.219727 0.459375 0.223633 0.460156 0.224609 0.460156 0.227539 0.460938 0.228516 0.460938 0.229492 0.463281 0.232422 0.466406 0.232422 0.466406 0.231445 0.467187 0.230469 0.467187 0.223633 0.466406 0.222656 0.466406 0.213867 0.465625 0.212891 0.465625 0.211914 0.464062 0.209961
1 0.338281 0.391602 0.336719 0.393555 0.336719 0.395508 0.335938 0.396484 0.335938 0.411133 0.336719 0.412109 0.336719 0.415039 0.3375 0.416016 0.3375 0.416992 0.338281 0.417969 0.339062 0.417969 0.339844 0.418945 0.34375 0.418945 0.344531 0.417969 0.345313 0.417969 0.345313 0.416992 0.346094 0.416016 0.346094 0.412109 0.346875 0.411133 0.346875 0.407227 0.346094 0.40625 0.346094 0.400391 0.345313 0.399414 0.345313 0.397461 0.344531 0.396484 0.344531 0.395508 0.342187 0.392578 0.340625 0.392578 0.339844 0.391602
1 0.353125 0.451172 0.349219 0.451172 0.348438 0.452148 0.348438 0.453125 0.346094 0.456055 0.346094 0.457031 0.34375 0.459961 0.34375 0.460938 0.342969 0.461914 0.342969 0.462891 0.342187 0.463867 0.342187 0.46582 0.341406 0.466797 0.341406 0.467773 0.340625 0.46875 0.340625 0.473633 0.341406 0.474609 0.341406 0.475586 0.342187 0.476562 0.346875 0.476562 0.347656 0.475586 0.348438 0.475586 0.349219 0.474609 0.35 0.474609 0.352344 0.47168 0.352344 0.470703 0.353125 0.469727 0.353125 0.467773 0.353906 0.466797 0.353906 0.464844 0.354687 0.463867 0.354687 0.459961 0.355469 0.458984 0.355469 0.455078 0.354687 0.454102 0.354687 0.453125
1 0.490625 0.420898 0.489063 0.418945 0.483594 0.418945 0.482812 0.419922 0.480469 0.419922 0.479687 0.420898 0.478125 0.420898 0.477344 0.421875 0.476562 0.421875 0.473438 0.425781 0.473438 0.428711 0.474219 0.429688 0.474219 0.430664 0.475 0.431641 0.475781 0.431641 0.476562 0.432617 0.482031 0.432617 0.482812 0.431641 0.484375 0.431641 0.485156 0.430664 0.486719 0.430664 0.4875 0.429688 0.488281 0.429688 0.489063 0.428711 0.489063 0.427734 0.489844 0.426758 0.489844 0.425781 0.490625 0.424805
1 0.498437 0.391602 0.497656 0.391602 0.496875 0.392578 0.496094 0.392578 0.494531 0.394531 0.49375 0.394531 0.492188 0.396484 0.492188 0.397461 0.491406 0.398438 0.491406 0.400391 0.490625 0.401367 0.490625 0.404297 0.489844 0.405273 0.489844 0.410156 0.489063 0.411133 0.489063 0.414062 0.489844 0.415039 0.489844 0.416016 0.491406 0.416016 0.492188 0.416992 0.495312 0.416992 0.496875 0.415039 0.497656 0.415039 0.5 0.412109 0.5 0.410156 0.500781 0.40918 0.500781 0.404297 0.501563 0.40332 0.501563 0.397461 0.500781 0.396484 0.500781 0.394531
1 0.607031 0.384766 0.602344 0.384766 0.601562 0.385742 0.600781 0.385742 0.599219 0.387695 0.598437 0.387695 0.598437 0.388672 0.596094 0.391602 0.596094 0.392578 0.594531 0.394531 0.594531 0.395508 0.59375 0.396484 0.59375 0.397461 0.592969 0.398438 0.592969 0.399414 0.592187 0.400391 0.592187 0.401367 0.591406 0.402344 0.591406 0.404297 0.592969 0.40625 0.597656 0.40625 0.598437 0.405273 0.6 0.405273 0.605469 0.398438 0.605469 0.397461 0.60625 0.396484 0.60625 0.395508 0.607031 0.394531 0.607031 0.393555 0.607812 0.392578 0.607812 0.385742
1 0.770312 0.302734 0.76875 0.304688 0.76875 0.305664 0.767969 0.306641 0.767969 0.313477 0.76875 0.314453 0.76875 0.317383 0.769531 0.318359 0.769531 0.320312 0.770312 0.321289 0.770312 0.322266 0.773438 0.326172 0.774219 0.326172 0.775 0.327148 0.780469 0.327148 0.782031 0.325195 0.782031 0.320312 0.78125 0.319336 0.78125 0.317383 0.780469 0.316406 0.780469 0.31543 0.779687 0.314453 0.779687 0.3125 0.778906 0.311523 0.778906 0.310547 0.772656 0.302734
1 0.825 0.260742 0.824219 0.261719 0.824219 0.268555 0.825 0.269531 0.825 0.270508 0.825781 0.271484 0.825781 0.272461 0.828906 0.276367 0.828906 0.277344 0.832031 0.28125 0.832812 0.28125 0.833594 0.282227 0.838281 0.282227 0.839063 0.28125 0.839063 0.274414 0.835156 0.269531 0.835156 0.268555 0.832031 0.264648 0.83125 0.264648 0.829688 0.262695 0.828906 0.262695 0.827344 0.260742
1 0.609375 0.56543 0.609375 0.566406 0.608594 0.567383 0.608594 0.571289 0.609375 0.572266 0.609375 0.574219 0.610156 0.575195 0.610156 0.576172 0.613281 0.580078 0.614062 0.580078 0.614844 0.581055 0.616406 0.581055 0.617188 0.582031 0.623437 0.582031 0.624219 0.581055 0.625 0.581055 0.625 0.580078 0.625781 0.579102 0.625781 0.578125 0.625 0.577148 0.625 0.574219 0.620313 0.568359 0.619531 0.568359 0.617969 0.566406 0.617188 0.566406 0.616406 0.56543 0.615625 0.56543 0.614844 0.564453 0.610156 0.564453
1 0.807813 0.679688 0.80625 0.681641 0.80625 0.686523 0.807031 0.6875 0.807031 0.688477 0.807813 0.689453 0.807813 0.69043 0.808594 0.691406 0.808594 0.692383 0.809375 0.693359 0.809375 0.694336 0.810937 0.696289 0.811719 0.696289 0.8125 0.697266 0.813281 0.697266 0.814063 0.698242 0.817969 0.698242 0.81875 0.697266 0.819531 0.697266 0.820312 0.696289 0.820312 0.69043 0.819531 0.689453 0.819531 0.688477 0.817969 0.686523 0.817969 0.685547 0.817187 0.68457 0.817187 0.682617 0.815625 0.680664 0.814844 0.680664 0.814063 0.679688 0.8125 0.679688 0.811719 0.678711 0.809375 0.678711 0.808594 0.679688
1 0.81875 0.678711 0.817187 0.680664 0.817187 0.683594 0.817969 0.68457 0.817969 0.685547 0.81875 0.686523 0.81875 0.6875 0.819531 0.688477 0.819531 0.693359 0.820312 0.694336 0.820312 0.696289 0.823438 0.696289 0.824219 0.695312 0.825781 0.695312 0.825781 0.694336 0.826562 0.693359 0.826562 0.692383 0.827344 0.691406 0.827344 0.688477 0.826562 0.6875 0.826562 0.68457 0.825 0.682617 0.825 0.680664 0.824219 0.679688 0.823438 0.679688 0.822656 0.678711
1 0.891406 0.62793 0.891406 0.628906 0.889844 0.630859 0.889844 0.639648 0.890625 0.640625 0.890625 0.643555 0.891406 0.644531 0.891406 0.645508 0.892969 0.647461 0.897656 0.647461 0.897656 0.646484 0.898438 0.645508 0.898438 0.644531 0.899219 0.643555 0.899219 0.633789 0.898438 0.632812 0.898438 0.631836 0.897656 0.630859 0.897656 0.629883 0.896094 0.62793
1 0.529687 0.404297 0.528125 0.404297 0.527344 0.405273 0.526563 0.405273 0.525781 0.40625 0.525 0.40625 0.524219 0.407227 0.524219 0.408203 0.522656 0.410156 0.522656 0.411133 0.521094 0.413086 0.521094 0.414062 0.520312 0.415039 0.520312 0.416992 0.519531 0.417969 0.519531 0.419922 0.51875 0.420898 0.51875 0.428711 0.520312 0.430664 0.521875 0.430664 0.523438 0.428711 0.523438 0.427734 0.524219 0.426758 0.524219 0.425781 0.525781 0.423828 0.525781 0.422852 0.526563 0.421875 0.526563 0.420898 0.527344 0.419922 0.527344 0.418945 0.528125 0.417969 0.528125 0.416016 0.528906 0.415039 0.528906 0.414062 0.529687 0.413086 0.529687 0.412109 0.530469 0.411133 0.530469 0.405273
1 0.980469 0.695312 0.980469 0.697266 0.98125 0.698242 0.98125 0.699219 0.982812 0.701172 0.983594 0.701172 0.984375 0.702148 0.985156 0.702148 0.985938 0.703125 0.989062 0.703125 0.989844 0.702148 0.992188 0.702148 0.992969 0.701172 0.994531 0.701172 0.995313 0.700195 0.996094 0.700195 0.996875 0.699219 0.997656 0.699219 0.998437 0.698242 1 0.698242 1 0.694336 0.999219 0.694336 0.996094 0.69043 0.9875 0.69043 0.986719 0.691406 0.985156 0.691406 0.984375 0.692383 0.983594 0.692383 0.982812 0.693359 0.982031 0.693359
1 0.95625 0.744141 0.950781 0.744141 0.95 0.745117 0.949219 0.745117 0.947656 0.74707 0.946875 0.74707 0.942969 0.751953 0.942969 0.75293 0.942187 0.753906 0.942187 0.754883 0.941406 0.755859 0.941406 0.756836 0.940625 0.757812 0.940625 0.758789 0.939844 0.759766 0.939844 0.764648 0.940625 0.765625 0.940625 0.766602 0.941406 0.766602 0.942187 0.767578 0.946094 0.767578 0.946875 0.766602 0.948438 0.766602 0.949219 0.765625 0.95 0.765625 0.950781 0.764648 0.951562 0.764648 0.954688 0.760742 0.954688 0.759766 0.95625 0.757812 0.95625 0.756836 0.957031 0.755859 0.957031 0.753906 0.957812 0.75293 0.957812 0.74707 0.957031 0.746094 0.957031 0.745117
1 0.850781 0.744141 0.846875 0.744141 0.845313 0.746094 0.844531 0.746094 0.842187 0.749023 0.841406 0.749023 0.838281 0.75293 0.838281 0.753906 0.8375 0.754883 0.8375 0.755859 0.836719 0.756836 0.836719 0.761719 0.8375 0.762695 0.8375 0.763672 0.838281 0.764648 0.839844 0.764648 0.840625 0.765625 0.841406 0.765625 0.842187 0.764648 0.84375 0.764648 0.848437 0.758789 0.848437 0.757812 0.849219 0.756836 0.849219 0.755859 0.850781 0.753906 0.850781 0.75293 0.852344 0.750977 0.852344 0.746094
1 0.639062 0.842773 0.636719 0.842773 0.635938 0.841797 0.634375 0.841797 0.633594 0.842773 0.632812 0.842773 0.63125 0.844727 0.630469 0.844727 0.630469 0.845703 0.628906 0.847656 0.628906 0.848633 0.627344 0.850586 0.627344 0.851562 0.626563 0.852539 0.626563 0.853516 0.625781 0.854492 0.625781 0.864258 0.626563 0.865234 0.626563 0.866211 0.627344 0.866211 0.628125 0.867188 0.63125 0.867188 0.632031 0.866211 0.632812 0.866211 0.635938 0.862305 0.635938 0.860352 0.6375 0.858398 0.6375 0.857422 0.638281 0.856445 0.638281 0.855469 0.639062 0.854492 0.639062 0.852539 0.639844 0.851562 0.639844 0.844727 0.639062 0.84375
1 0.671875 0.958008 0.670312 0.959961 0.670312 0.960938 0.669531 0.961914 0.669531 0.964844 0.66875 0.96582 0.66875 0.976562 0.669531 0.977539 0.669531 0.980469 0.672656 0.984375 0.675781 0.984375 0.676562 0.983398 0.677344 0.983398 0.678125 0.982422 0.678125 0.981445 0.678906 0.980469 0.678906 0.970703 0.678125 0.969727 0.678125 0.964844 0.677344 0.963867 0.677344 0.960938 0.675 0.958008
1 0.592187 0.920898 0.586719 0.920898 0.580469 0.928711 0.579688 0.928711 0.575781 0.933594 0.575781 0.936523 0.576562 0.9375 0.582812 0.9375 0.583594 0.936523 0.584375 0.936523 0.590625 0.928711 0.590625 0.927734 0.591406 0.926758 0.591406 0.925781 0.592187 0.924805
1 0.489844 0.864258 0.489844 0.865234 0.489063 0.866211 0.489063 0.870117 0.488281 0.871094 0.488281 0.87207 0.489063 0.873047 0.489063 0.876953 0.489844 0.87793 0.489844 0.879883 0.490625 0.880859 0.490625 0.881836 0.491406 0.882812 0.491406 0.883789 0.492188 0.884766 0.492188 0.885742 0.494531 0.888672 0.498437 0.888672 0.499219 0.887695 0.499219 0.886719 0.5 0.885742 0.5 0.879883 0.499219 0.878906 0.499219 0.875 0.498437 0.874023 0.498437 0.87207 0.497656 0.871094 0.497656 0.870117 0.496875 0.869141 0.496875 0.867188 0.496094 0.866211 0.496094 0.865234 0.495312 0.864258
1 0.5 0.816406 0.499219 0.817383 0.498437 0.817383 0.498437 0.819336 0.497656 0.820312 0.497656 0.834961 0.498437 0.835938 0.498437 0.838867 0.499219 0.839844 0.499219 0.84082 0.500781 0.842773 0.505469 0.842773 0.50625 0.841797 0.50625 0.84082 0.507031 0.839844 0.507031 0.826172 0.50625 0.825195 0.50625 0.823242 0.505469 0.822266 0.505469 0.821289 0.503906 0.819336 0.503906 0.818359 0.502344 0.816406
1 0.417969 0.948242 0.417187 0.949219 0.416406 0.949219 0.415625 0.950195 0.415625 0.951172 0.414844 0.952148 0.414844 0.958984 0.414062 0.959961 0.414062 0.96582 0.414844 0.966797 0.414844 0.97168 0.415625 0.972656 0.415625 0.973633 0.417969 0.976562 0.41875 0.976562 0.419531 0.977539 0.421094 0.977539 0.421875 0.976562 0.423438 0.976562 0.423438 0.975586 0.424219 0.974609 0.424219 0.972656 0.425 0.97168 0.425 0.966797 0.425781 0.96582 0.425781 0.963867 0.425 0.962891 0.425 0.957031 0.424219 0.956055 0.424219 0.953125 0.423438 0.952148 0.423438 0.951172 0.422656 0.950195 0.422656 0.949219 0.421875 0.949219 0.421094 0.948242
1 0.35625 0.890625 0.355469 0.891602 0.355469 0.892578 0.354687 0.893555 0.354687 0.896484 0.353906 0.897461 0.353906 0.908203 0.354687 0.90918 0.354687 0.910156 0.355469 0.911133 0.35625 0.911133 0.357031 0.912109 0.360938 0.912109 0.361719 0.911133 0.3625 0.911133 0.3625 0.910156 0.363281 0.90918 0.363281 0.908203 0.364063 0.907227 0.364063 0.90332 0.364844 0.902344 0.364844 0.900391 0.364063 0.899414 0.364063 0.895508 0.363281 0.894531 0.363281 0.893555 0.3625 0.892578 0.3625 0.891602 0.361719 0.890625
1 0.307812 0.842773 0.307031 0.84375 0.30625 0.84375 0.304688 0.845703 0.304688 0.857422 0.305469 0.858398 0.305469 0.860352 0.30625 0.861328 0.30625 0.863281 0.307812 0.865234 0.307812 0.866211 0.310156 0.869141 0.314844 0.869141 0.315625 0.868164 0.315625 0.867188 0.316406 0.866211 0.316406 0.864258 0.317188 0.863281 0.317188 0.858398 0.316406 0.857422 0.316406 0.852539 0.315625 0.851562 0.315625 0.849609 0.314844 0.848633 0.314844 0.847656 0.314063 0.84668 0.314063 0.845703 0.311719 0.842773
1 0.320312 0.818359 0.31875 0.816406 0.317969 0.816406 0.317188 0.81543 0.310937 0.81543 0.310156 0.816406 0.308594 0.816406 0.307812 0.817383 0.307031 0.817383 0.30625 0.818359 0.305469 0.818359 0.303906 0.820312 0.303125 0.820312 0.302344 0.821289 0.301563 0.821289 0.301563 0.822266 0.300781 0.823242 0.300781 0.829102 0.301563 0.829102 0.302344 0.830078 0.305469 0.830078 0.30625 0.831055 0.307031 0.831055 0.307812 0.830078 0.310937 0.830078 0.311719 0.829102 0.3125 0.829102 0.313281 0.828125 0.314063 0.828125 0.314844 0.827148 0.315625 0.827148 0.317188 0.825195 0.317969 0.825195 0.319531 0.823242 0.319531 0.822266 0.320312 0.821289
1 0.263281 0.760742 0.261719 0.762695 0.261719 0.763672 0.260937 0.764648 0.260937 0.765625 0.261719 0.766602 0.261719 0.769531 0.2625 0.770508 0.2625 0.772461 0.263281 0.773438 0.263281 0.775391 0.264062 0.776367 0.264062 0.777344 0.264844 0.77832 0.264844 0.779297 0.266406 0.78125 0.266406 0.782227 0.267188 0.783203 0.267969 0.783203 0.26875 0.78418 0.271875 0.78418 0.271875 0.782227 0.272656 0.78125 0.272656 0.776367 0.271875 0.775391 0.271875 0.771484 0.271094 0.770508 0.271094 0.769531 0.270313 0.768555 0.270313 0.767578 0.269531 0.766602 0.269531 0.765625 0.26875 0.764648 0.26875 0.763672 0.267188 0.761719 0.265625 0.761719 0.264844 0.760742
1 0.389844 0.641602 0.389062 0.641602 0.388281 0.640625 0.380469 0.640625 0.379688 0.641602 0.378125 0.641602 0.377344 0.642578 0.376563 0.642578 0.375781 0.643555 0.375 0.643555 0.374219 0.644531 0.373437 0.644531 0.371875 0.646484 0.371875 0.648438 0.375 0.652344 0.376563 0.652344 0.377344 0.65332 0.38125 0.65332 0.382031 0.652344 0.383594 0.652344 0.384375 0.651367 0.385156 0.651367 0.385937 0.650391 0.386719 0.650391 0.388281 0.648438 0.389062 0.648438 0.389844 0.647461
1 0.391406 0.631836 0.391406 0.634766 0.390625 0.635742 0.390625 0.644531 0.391406 0.645508 0.391406 0.647461 0.392188 0.648438 0.392188 0.651367 0.392969 0.652344 0.392969 0.654297 0.394531 0.65625 0.395313 0.65625 0.396094 0.657227 0.397656 0.657227 0.398438 0.65625 0.4 0.65625 0.400781 0.655273 0.400781 0.647461 0.4 0.646484 0.4 0.643555 0.399219 0.642578 0.399219 0.639648 0.398438 0.638672 0.398438 0.636719 0.397656 0.635742 0.397656 0.634766 0.396875 0.633789 0.396875 0.632812 0.396094 0.631836
1 0.235156 0.637695 0.234375 0.638672 0.233594 0.638672 0.233594 0.639648 0.232813 0.640625 0.232813 0.652344 0.233594 0.65332 0.233594 0.655273 0.234375 0.65625 0.234375 0.657227 0.235156 0.658203 0.235937 0.658203 0.236719 0.65918 0.238281 0.65918 0.239063 0.660156 0.241406 0.660156 0.242188 0.65918 0.242969 0.65918 0.24375 0.658203 0.24375 0.651367 0.242969 0.650391 0.242969 0.648438 0.242188 0.647461 0.242188 0.645508 0.241406 0.644531 0.241406 0.643555 0.240625 0.642578 0.240625 0.640625 0.238281 0.637695
1 0.228906 0.636719 0.223438 0.636719 0.222656 0.637695 0.222656 0.638672 0.221875 0.639648 0.221875 0.640625 0.221094 0.641602 0.221094 0.646484 0.220312 0.647461 0.220312 0.648438 0.221094 0.649414 0.221094 0.65625 0.221875 0.657227 0.221875 0.658203 0.222656 0.65918 0.223438 0.65918 0.224219 0.660156 0.225781 0.660156 0.226562 0.65918 0.228125 0.65918 0.228906 0.658203 0.229687 0.658203 0.229687 0.657227 0.230469 0.65625 0.230469 0.655273 0.23125 0.654297 0.23125 0.641602 0.230469 0.640625 0.230469 0.639648 0.229687 0.638672 0.229687 0.637695
1 0.204687 0.647461 0.203125 0.649414 0.203125 0.650391 0.202344 0.651367 0.202344 0.65332 0.201563 0.654297 0.201563 0.667969 0.202344 0.668945 0.202344 0.669922 0.203906 0.671875 0.208594 0.671875 0.211719 0.667969 0.211719 0.655273 0.210938 0.654297 0.210938 0.652344 0.210156 0.651367 0.210156 0.650391 0.208594 0.648438 0.207031 0.648438 0.20625 0.647461
1 0.113281 0.594727 0.110937 0.594727 0.107813 0.598633 0.107813 0.600586 0.107031 0.601562 0.107031 0.604492 0.10625 0.605469 0.10625 0.607422 0.105469 0.608398 0.105469 0.616211 0.10625 0.617188 0.10625 0.618164 0.107031 0.619141 0.1125 0.619141 0.113281 0.618164 0.113281 0.617188 0.114062 0.616211 0.114062 0.615234 0.114844 0.614258 0.114844 0.612305 0.115625 0.611328 0.115625 0.605469 0.116406 0.604492 0.116406 0.598633 0.115625 0.597656 0.115625 0.59668 0.114844 0.595703 0.114062 0.595703
1 0.0320312 0.59375 0.0320312 0.594727 0.03125 0.595703 0.03125 0.59668 0.0304687 0.597656 0.0304687 0.598633 0.03125 0.599609 0.03125 0.600586 0.0375 0.608398 0.0382813 0.608398 0.0390625 0.609375 0.0398437 0.609375 0.040625 0.610352 0.0429688 0.610352 0.04375 0.611328 0.046875 0.611328 0.0476562 0.612305 0.0492187 0.612305 0.0515625 0.609375 0.0515625 0.605469 0.0507812 0.604492 0.0507812 0.603516 0.05 0.602539 0.05 0.601562 0.0492187 0.600586 0.0484375 0.600586 0.0460938 0.597656 0.0453125 0.597656 0.04375 0.595703 0.0429688 0.595703 0.0421875 0.594727 0.040625 0.594727 0.0398437 0.59375 0.0382813 0.59375 0.0375 0.592773 0.034375 0.592773 0.0335937 0.59375
1 0.117969 0.734375 0.117969 0.738281 0.11875 0.739258 0.11875 0.741211 0.120313 0.743164 0.121094 0.743164 0.122656 0.745117 0.123438 0.745117 0.124219 0.746094 0.125 0.746094 0.125781 0.74707 0.127344 0.74707 0.128125 0.748047 0.129688 0.748047 0.130469 0.749023 0.135937 0.749023 0.136719 0.748047 0.136719 0.74707 0.1375 0.746094 0.1375 0.743164 0.136719 0.742188 0.136719 0.741211 0.135937 0.740234 0.135156 0.740234 0.133594 0.738281 0.132812 0.738281 0.13125 0.736328 0.130469 0.736328 0.129688 0.735352 0.128906 0.735352 0.128125 0.734375 0.126562 0.734375 0.125781 0.733398 0.11875 0.733398
1 0.157031 0.763672 0.157031 0.767578 0.157812 0.768555 0.157812 0.769531 0.158594 0.770508 0.167969 0.770508 0.16875 0.769531 0.171094 0.769531 0.171875 0.768555 0.173437 0.768555 0.175 0.766602 0.175 0.765625 0.175781 0.764648 0.175781 0.762695 0.175 0.761719 0.175 0.759766 0.173437 0.757812 0.163281 0.757812 0.1625 0.758789 0.161719 0.758789 0.160938 0.759766 0.160156 0.759766
1 0.0835937 0.859375 0.0804688 0.859375 0.0796875 0.860352 0.0789062 0.860352 0.0773438 0.862305 0.0773438 0.863281 0.0757812 0.865234 0.0757812 0.866211 0.075 0.867188 0.075 0.871094 0.0742188 0.87207 0.0742188 0.878906 0.075 0.879883 0.075 0.882812 0.0757812 0.882812 0.0765625 0.883789 0.0820312 0.883789 0.084375 0.880859 0.084375 0.879883 0.0851563 0.878906 0.0851563 0.875977 0.0859375 0.875 0.0859375 0.873047 0.0867187 0.87207 0.0867187 0.864258 0.0859375 0.863281 0.0859375 0.862305 0.0851563 0.861328 0.0851563 0.860352 0.084375 0.860352
1 0.00625 0.939453 0.0078125 0.941406 0.009375 0.941406 0.0101563 0.942383 0.0109375 0.942383 0.0117188 0.941406 0.0226562 0.941406 0.0234375 0.94043 0.0242188 0.94043 0.0257812 0.938477 0.0257812 0.9375 0.0265625 0.936523 0.0265625 0.93457 0.025 0.932617 0.0242188 0.932617 0.0226562 0.930664 0.0140625 0.930664 0.0132812 0.931641 0.0109375 0.931641 0.0101563 0.932617 0.009375 0.932617 0.00859375 0.933594 0.0078125 0.933594 0.0078125 0.93457 0.00703125 0.935547 0.00703125 0.9375 0.00625 0.938477
1 0.9125 0.494141 0.907031 0.494141 0.90625 0.495117 0.90625 0.496094 0.904687 0.498047 0.904687 0.499023 0.903906 0.5 0.903906 0.501953 0.903125 0.50293 0.903125 0.505859 0.902344 0.506836 0.902344 0.508789 0.901563 0.509766 0.901563 0.511719 0.902344 0.512695 0.902344 0.514648 0.903125 0.515625 0.903906 0.515625 0.904687 0.516602 0.909375 0.516602 0.910156 0.515625 0.910937 0.515625 0.9125 0.513672 0.9125 0.512695 0.913281 0.511719 0.913281 0.504883 0.914062 0.503906 0.914062 0.499023 0.913281 0.498047 0.913281 0.495117
1 0.865625 0.50293 0.863281 0.50293 0.8625 0.503906 0.860156 0.503906 0.857031 0.507812 0.857031 0.508789 0.855469 0.510742 0.855469 0.511719 0.854688 0.512695 0.854688 0.513672 0.853906 0.514648 0.853906 0.516602 0.853125 0.517578 0.853125 0.521484 0.854688 0.523438 0.855469 0.523438 0.85625 0.524414 0.858594 0.524414 0.859375 0.523438 0.860156 0.523438 0.861719 0.521484 0.861719 0.520508 0.8625 0.519531 0.8625 0.517578 0.864062 0.515625 0.864062 0.514648 0.864844 0.513672 0.864844 0.512695 0.865625 0.511719 0.865625 0.510742 0.866406 0.509766 0.866406 0.503906
1 0.430469 0.164062 0.429688 0.165039 0.429688 0.166016 0.428125 0.167969 0.428125 0.171875 0.427344 0.172852 0.427344 0.183594 0.428125 0.18457 0.428125 0.1875 0.428906 0.188477 0.428906 0.189453 0.429688 0.189453 0.430469 0.19043 0.435156 0.19043 0.435937 0.189453 0.436719 0.189453 0.436719 0.188477 0.4375 0.1875 0.4375 0.185547 0.438281 0.18457 0.438281 0.170898 0.4375 0.169922 0.4375 0.168945 0.436719 0.167969 0.436719 0.166992 0.435156 0.165039 0.434375 0.165039 0.433594 0.164062
1 0.416406 0.175781 0.414844 0.175781 0.414062 0.176758 0.413281 0.176758 0.4125 0.177734 0.411719 0.177734 0.411719 0.178711 0.410156 0.180664 0.410156 0.182617 0.409375 0.183594 0.409375 0.194336 0.410156 0.195312 0.410156 0.196289 0.410938 0.197266 0.410938 0.198242 0.411719 0.198242 0.4125 0.199219 0.416406 0.199219 0.417187 0.198242 0.417969 0.198242 0.417969 0.197266 0.419531 0.195312 0.419531 0.194336 0.420312 0.193359 0.420312 0.191406 0.421094 0.19043 0.421094 0.183594 0.420312 0.182617 0.420312 0.180664 0.419531 0.179688 0.419531 0.178711 0.417969 0.176758 0.417187 0.176758
1 0.835156 0.18457 0.833594 0.186523 0.833594 0.194336 0.834375 0.195312 0.834375 0.197266 0.835156 0.198242 0.835156 0.199219 0.835938 0.200195 0.835938 0.201172 0.8375 0.203125 0.8375 0.204102 0.838281 0.205078 0.839063 0.205078 0.840625 0.207031 0.84375 0.207031 0.844531 0.206055 0.846094 0.206055 0.846875 0.205078 0.846875 0.204102 0.847656 0.203125 0.847656 0.199219 0.846875 0.198242 0.846875 0.196289 0.846094 0.195312 0.846094 0.193359 0.845313 0.192383 0.845313 0.191406 0.844531 0.19043 0.844531 0.189453 0.841406 0.185547 0.840625 0.185547 0.839844 0.18457
1 0.853906 0.123047 0.849219 0.123047 0.846875 0.125977 0.846875 0.126953 0.845313 0.128906 0.845313 0.129883 0.842969 0.132812 0.842969 0.133789 0.842187 0.134766 0.842187 0.135742 0.841406 0.136719 0.841406 0.138672 0.840625 0.139648 0.840625 0.146484 0.841406 0.147461 0.841406 0.148438 0.845313 0.148438 0.846094 0.147461 0.846875 0.147461 0.849219 0.144531 0.849219 0.143555 0.852344 0.139648 0.852344 0.138672 0.853125 0.137695 0.853125 0.135742 0.853906 0.134766 0.853906 0.132812 0.854688 0.131836 0.854688 0.125 0.853906 0.124023
1 0.73125 0.0400391 0.729688 0.0380859 0.724219 0.0380859 0.722656 0.0400391 0.721875 0.0400391 0.721094 0.0410156 0.720313 0.0410156 0.716406 0.0458984 0.716406 0.046875 0.715625 0.0478516 0.715625 0.0537109 0.716406 0.0546875 0.721875 0.0546875 0.723437 0.0527344 0.724219 0.0527344 0.726562 0.0498047 0.727344 0.0498047 0.729688 0.046875 0.729688 0.0458984 0.730469 0.0449219 0.730469 0.0439453 0.73125 0.0429688
2 0.302344 0.25 0.300781 0.251953 0.300781 0.25293 0.3 0.253906 0.3 0.259766 0.300781 0.260742 0.300781 0.262695 0.301563 0.263672 0.301563 0.264648 0.302344 0.265625 0.302344 0.266602 0.304688 0.269531 0.308594 0.269531 0.309375 0.268555 0.309375 0.267578 0.310156 0.266602 0.310156 0.264648 0.309375 0.263672 0.309375 0.255859 0.308594 0.254883 0.308594 0.253906 0.307812 0.25293 0.307812 0.251953 0.307031 0.251953 0.30625 0.250977 0.305469 0.250977 0.304688 0.25
2 0.467187 0.924805 0.467187 0.928711 0.467969 0.929688 0.46875 0.929688 0.469531 0.930664 0.478906 0.930664 0.479687 0.929688 0.479687 0.928711 0.480469 0.927734 0.480469 0.924805 0.479687 0.923828 0.479687 0.922852 0.478906 0.922852 0.478125 0.921875 0.475781 0.921875 0.475 0.920898 0.473438 0.920898 0.472656 0.921875 0.469531 0.921875
2 0.921094 0.286133 0.920312 0.285156 0.914844 0.285156 0.914062 0.286133 0.9125 0.286133 0.911719 0.287109 0.910937 0.287109 0.908594 0.290039 0.908594 0.291992 0.909375 0.292969 0.909375 0.293945 0.910156 0.294922 0.910937 0.294922 0.911719 0.295898 0.913281 0.295898 0.914062 0.294922 0.916406 0.294922 0.917188 0.293945 0.91875 0.293945 0.919531 0.292969 0.920312 0.292969 0.921094 0.291992
2 0.19375 0.173828 0.188281 0.174805 0.183594 0.180664 0.184375 0.18457 0.186719 0.186523 0.190625 0.186523 0.192188 0.185547 0.194531 0.181641 0.194531 0.175781
2 0.509375 0.0693359 0.50625 0.0742188 0.50625 0.0800781 0.508594 0.0859375 0.511719 0.0878906 0.514844 0.0878906 0.517969 0.0849609 0.517969 0.0791016 0.515625 0.0761719 0.513281 0.0703125
2 0.469531 0.120117 0.46875 0.12207 0.46875 0.125977 0.469531 0.12793 0.473438 0.131836 0.477344 0.131836 0.478125 0.130859 0.478125 0.125977 0.476562 0.123047 0.472656 0.120117
2 0.825781 0.134766 0.826562 0.139648 0.829688 0.143555 0.832812 0.143555 0.833594 0.144531 0.839063 0.145508 0.841406 0.140625 0.841406 0.134766 0.839063 0.131836 0.829688 0.131836
