2 0.452734 0.0449219 0.452344 0.046875 0.453516 0.0498047 0.458594 0.0537109 0.467187 0.0551758 0.469141 0.0527344 0.46875 0.0498047 0.463281 0.0449219 0.459766 0.043457 0.454688 0.043457
2 0.237109 0.440918 0.235937 0.439941 0.230469 0.439941 0.227344 0.441406 0.217969 0.451172 0.218359 0.456055 0.219922 0.458008 0.225391 0.457031 0.235937 0.447754 0.2375 0.442871
1 0.126172 0.108398 0.123438 0.106934 0.117969 0.108887 0.115234 0.112305 0.110547 0.121094 0.110156 0.126465 0.110937 0.129395 0.116016 0.131348 0.121094 0.128418 0.126953 0.116699 0.127344 0.112793
1 0.140625 0.241211 0.141797 0.246582 0.15 0.254395 0.152734 0.255859 0.155859 0.255859 0.158203 0.253906 0.158203 0.246582 0.152344 0.240234 0.147656 0.237793 0.144922 0.237793 0.142578 0.23877
1 0.0449219 0.275391 0.040625 0.276855 0.0390625 0.278809 0.0375 0.284668 0.0382813 0.294922 0.0414062 0.29834 0.046875 0.296875 0.0492187 0.290039 0.0488281 0.279785
1 0.317969 0.196777 0.316016 0.202637 0.317578 0.215332 0.318359 0.217773 0.321484 0.22168 0.325391 0.22168 0.327344 0.21875 0.327344 0.214844 0.323047 0.199707 0.319531 0.196777
1 0.340234 0.190918 0.339453 0.192383 0.339844 0.197754 0.346094 0.205566 0.351953 0.208496 0.354687 0.208496 0.357422 0.206543 0.358203 0.202637 0.356641 0.198242 0.351172 0.191895 0.346875 0.188965 0.342969 0.188965
1 0.373437 0.229004 0.371484 0.232422 0.370703 0.243652 0.372656 0.25 0.376953 0.252441 0.380859 0.247559 0.38125 0.23584 0.380078 0.230957 0.377734 0.228027
1 0.474609 0.0458984 0.472266 0.050293 0.471875 0.0537109 0.472656 0.0654297 0.474609 0.0698242 0.479297 0.0708008 0.482812 0.0668945 0.483203 0.0561523 0.481641 0.0512695 0.479297 0.0478516
1 0.520312 0 0.520312 0.00146484 0.516797 0.00585938 0.516797 0.00927734 0.520703 0.0180664 0.524219 0.0219727 0.530469 0.0229492 0.531641 0.0214844 0.532031 0.0166016 0.529687 0.00976562 0.526172 0.00390625 0.522656 0.00146484 0.522656 0
1 0.541797 0.0751953 0.540625 0.0771484 0.540234 0.081543 0.542969 0.0898438 0.548047 0.09375 0.549609 0.09375 0.553125 0.0913086 0.553516 0.0844727 0.551953 0.0810547 0.546094 0.074707
1 0.552344 0.100586 0.548828 0.105957 0.547656 0.111328 0.547656 0.117676 0.549219 0.121094 0.554688 0.12207 0.556641 0.121094 0.558203 0.118164 0.559375 0.105469 0.557031 0.101074
1 0.600391 0.224121 0.598437 0.224121 0.595313 0.226074 0.591797 0.231445 0.589844 0.237793 0.589844 0.242676 0.591406 0.245117 0.596484 0.244629 0.602344 0.237793 0.603125 0.235352 0.603125 0.228516 0.602344 0.226074
1 0.693359 0.275391 0.689844 0.271973 0.684766 0.271973 0.676953 0.275391 0.675781 0.281738 0.678906 0.284668 0.685937 0.285156 0.692578 0.280273
1 0.769141 0.14209 0.769141 0.14502 0.771094 0.147949 0.775 0.149414 0.780859 0.149414 0.787891 0.146484 0.789844 0.144043 0.790234 0.138672 0.785547 0.134766 0.777734 0.134277 0.770703 0.137207
1 0.806641 0.182129 0.801953 0.182129 0.797656 0.1875 0.794922 0.199219 0.794922 0.20459 0.796094 0.207031 0.798828 0.208008 0.801953 0.206055 0.80625 0.198242 0.808203 0.19043 0.808203 0.185547
1 0.732031 0.384277 0.727734 0.385254 0.725 0.388672 0.723047 0.393555 0.721484 0.399902 0.721484 0.404297 0.724219 0.407227 0.728125 0.406738 0.729688 0.405273 0.734375 0.394043 0.734766 0.387695
1 0.686328 0.337402 0.680859 0.337891 0.674609 0.344727 0.672656 0.350586 0.672656 0.35498 0.673828 0.356934 0.678516 0.356445 0.685156 0.348633 0.687109 0.344727 0.6875 0.339844
1 0.580469 0.425293 0.575391 0.425781 0.56875 0.433105 0.565234 0.440918 0.565234 0.442871 0.566797 0.445312 0.571484 0.445312 0.577734 0.441406 0.582031 0.432129 0.582031 0.427734
1 0.504297 0.367676 0.505469 0.37207 0.509766 0.374512 0.517578 0.374023 0.519922 0.373047 0.522266 0.370117 0.521484 0.364746 0.515234 0.36084 0.508984 0.36084 0.505469 0.36377
1 0.447266 0.299316 0.446484 0.300293 0.446484 0.304688 0.450391 0.3125 0.455469 0.319824 0.457813 0.321289 0.460156 0.320801 0.461328 0.317871 0.461328 0.313965 0.457422 0.304688 0.451562 0.298828
1 0.398828 0.377441 0.397656 0.378906 0.397656 0.383301 0.401562 0.392578 0.407422 0.397461 0.412109 0.396484 0.412891 0.391602 0.408594 0.383301 0.402344 0.377441
1 0.450391 0.369141 0.447656 0.372559 0.447266 0.379395 0.449609 0.390625 0.451172 0.393555 0.452344 0.393555 0.455859 0.391113 0.457031 0.381836 0.455078 0.373047 0.452344 0.369629
1 0.386328 0.438965 0.384766 0.438965 0.382422 0.441406 0.379688 0.450195 0.378516 0.45752 0.379688 0.461914 0.380859 0.462891 0.384375 0.463379 0.386328 0.462402 0.390234 0.456055 0.391406 0.449707 0.391016 0.442871 0.390234 0.440918
1 0.474609 0.459961 0.473047 0.461426 0.471484 0.466797 0.471484 0.477539 0.474219 0.483887 0.478516 0.484375 0.480469 0.481934 0.480859 0.479492 0.480078 0.466309 0.477734 0.461914
1 0.289453 0.492676 0.287891 0.491699 0.285156 0.492676 0.279297 0.500977 0.277734 0.508301 0.277734 0.51123 0.278906 0.512695 0.281641 0.513672 0.284375 0.513184 0.287109 0.510254 0.290625 0.503906 0.291406 0.495605
1 0.5875 0.53418 0.583203 0.535156 0.579688 0.540039 0.578125 0.543945 0.577734 0.555176 0.579688 0.559082 0.584375 0.557617 0.587891 0.549316 0.589453 0.539062
1 0.753906 0.516602 0.752734 0.519043 0.752734 0.523438 0.755469 0.533691 0.759375 0.537598 0.762891 0.537598 0.765234 0.536133 0.765625 0.529297 0.760547 0.518555 0.756641 0.515625
1 0.767188 0.51709 0.765234 0.520508 0.764844 0.524902 0.769141 0.537109 0.770703 0.539551 0.772656 0.540527 0.777344 0.540039 0.778125 0.539062 0.778125 0.533203 0.775781 0.524414 0.771875 0.517578
1 0.396094 0.553223 0.391797 0.558594 0.391016 0.5625 0.391406 0.567871 0.393359 0.573242 0.395703 0.57666 0.400781 0.577148 0.402734 0.574707 0.402734 0.564453 0.401172 0.557129 0.398828 0.554199
1 0.0734375 0.519043 0.0722656 0.518066 0.0679687 0.519043 0.0601563 0.523438 0.0585938 0.525391 0.0582031 0.530273 0.0609375 0.532227 0.0652344 0.532227 0.06875 0.530273 0.0722656 0.525879 0.0734375 0.522461
1 0.798828 0.703613 0.796094 0.704102 0.794141 0.706055 0.792188 0.712402 0.792188 0.724609 0.794922 0.728027 0.799219 0.727539 0.801172 0.725098 0.802344 0.720215 0.802734 0.706055
1 0.789453 0.75293 0.787891 0.751465 0.783984 0.752441 0.775 0.765137 0.773828 0.768555 0.774219 0.77002 0.775391 0.770996 0.780469 0.770996 0.785156 0.76709 0.789062 0.760254 0.789844 0.756836
1 0.776172 0.79834 0.776563 0.804199 0.783203 0.810059 0.790234 0.812988 0.794531 0.812988 0.795312 0.812012 0.795703 0.807617 0.792969 0.804199 0.782031 0.797852 0.777734 0.797363
1 0.869531 0.774414 0.867969 0.779785 0.869141 0.785645 0.872266 0.793945 0.876563 0.797852 0.879297 0.796875 0.88125 0.794922 0.882031 0.787598 0.880078 0.781738 0.876563 0.775879 0.873437 0.773926
1 0.625391 0.723633 0.621094 0.722656 0.617188 0.725098 0.612109 0.735352 0.612109 0.739746 0.614453 0.742676 0.619141 0.741699 0.624609 0.736816 0.626953 0.731934 0.626953 0.726562
1 0.528516 0.818359 0.525781 0.816406 0.513281 0.817871 0.509375 0.822754 0.509766 0.828613 0.5125 0.830566 0.519922 0.830566 0.524609 0.829102 0.528125 0.825684
1 0.450781 0.708984 0.444922 0.708984 0.440625 0.715332 0.438281 0.723633 0.438281 0.729492 0.439063 0.731445 0.443359 0.73291 0.446875 0.72998 0.449219 0.726074 0.452344 0.717285 0.451953 0.710938
1 0.392188 0.784668 0.387109 0.785645 0.383984 0.790527 0.382812 0.803223 0.384766 0.807617 0.389453 0.807617 0.392578 0.804199 0.39375 0.80127 0.394141 0.791016
1 0.325781 0.605957 0.320703 0.606445 0.316016 0.612793 0.314844 0.617188 0.315234 0.621582 0.318359 0.625977 0.322656 0.626465 0.325 0.623535 0.327344 0.617676 0.328125 0.611816 0.327344 0.60791
1 0.283984 0.655762 0.282813 0.654785 0.277734 0.654785 0.271094 0.659668 0.266016 0.666504 0.266797 0.672852 0.272656 0.673828 0.275781 0.672852 0.282813 0.666504 0.284375 0.663086
1 0.282813 0.705566 0.278125 0.706055 0.271094 0.709473 0.265234 0.714844 0.264844 0.716309 0.266016 0.720215 0.268359 0.72168 0.272656 0.722168 0.280078 0.71875 0.284375 0.712891 0.284766 0.709961
1 0.208594 0.583008 0.203516 0.586914 0.202734 0.597168 0.204687 0.603027 0.207813 0.60498 0.210547 0.60498 0.2125 0.604004 0.214453 0.600098 0.214453 0.590332 0.213281 0.585449
1 0.194141 0.577148 0.192188 0.577148 0.190234 0.578613 0.185547 0.586426 0.184766 0.589844 0.184766 0.594727 0.185547 0.596191 0.189844 0.595703 0.194531 0.589355 0.194922 0.579102
1 0.05 0.591797 0.0445313 0.591797 0.0371094 0.598145 0.0347656 0.606445 0.0347656 0.608887 0.0367188 0.612793 0.040625 0.61377 0.046875 0.608887 0.0507812 0.598145 0.0507812 0.593262
1 0.198047 0.788086 0.192969 0.787598 0.188281 0.793945 0.184766 0.802246 0.185156 0.805664 0.186719 0.808105 0.190234 0.809082 0.196484 0.803223 0.199609 0.794922
1 0.176953 0.871582 0.173437 0.873047 0.171875 0.875 0.171094 0.884766 0.172656 0.89209 0.174609 0.893555 0.178516 0.894043 0.18125 0.891113 0.182031 0.881836 0.180078 0.874512 0.178516 0.87207
1 0.166016 0.928223 0.165234 0.931152 0.169141 0.937988 0.176953 0.942871 0.180469 0.942871 0.183203 0.940918 0.183203 0.935547 0.178516 0.929199 0.170703 0.92627
1 0.213281 0.934082 0.211719 0.935547 0.210547 0.939453 0.210938 0.946777 0.2125 0.950684 0.216797 0.956055 0.221094 0.957031 0.223438 0.952148 0.222656 0.945312 0.217188 0.935059
1 0.348828 0.906738 0.348828 0.911133 0.353125 0.916016 0.357812 0.917969 0.362109 0.917969 0.364453 0.916504 0.366797 0.911621 0.366797 0.910156 0.364844 0.907715 0.358594 0.904297 0.351953 0.904297 0.349609 0.905273
1 0.139063 0.961426 0.1375 0.964355 0.1375 0.970703 0.138672 0.975586 0.141797 0.980469 0.145313 0.983398 0.150391 0.983398 0.152344 0.97998 0.152344 0.977539 0.147266 0.965332 0.143359 0.960449
1 0.0910156 0.918457 0.0890625 0.921875 0.0890625 0.926758 0.0917969 0.934082 0.096875 0.938965 0.0992187 0.939941 0.103125 0.939453 0.104688 0.936523 0.104688 0.934082 0.101172 0.925781 0.0960938 0.919922 0.0925781 0.917969
1 0.0449219 0.867676 0.0429688 0.865723 0.0402344 0.865234 0.0328125 0.869629 0.0277344 0.875488 0.0261719 0.880371 0.0265625 0.882812 0.0292969 0.885254 0.0339844 0.885254 0.0378906 0.883301 0.0449219 0.874023 0.0457031 0.871582
1 0.0382813 0.929199 0.0378906 0.931152 0.0390625 0.936035 0.04375 0.940918 0.053125 0.942871 0.0570312 0.940918 0.0566406 0.936035 0.0523438 0.929199 0.0453125 0.925781 0.040625 0.92627
1 1 0.770996 0.992969 0.772461 0.989453 0.779785 0.988672 0.789551 0.989844 0.792969 0.992578 0.79541 1 0.794922
1 0.978906 0.83252 0.977344 0.831543 0.972656 0.831543 0.965234 0.835938 0.960156 0.841309 0.961328 0.84668 0.962109 0.847656 0.966406 0.847656 0.975391 0.843262 0.978906 0.837891
1 0.939453 0.455566 0.935156 0.456543 0.930859 0.464844 0.929688 0.476562 0.932031 0.47998 0.936719 0.479492 0.941016 0.472168 0.942578 0.464844 0.942578 0.460449
1 0.985938 0.42041 0.982031 0.42041 0.976562 0.428223 0.976562 0.437988 0.978906 0.441406 0.980859 0.442383 0.984375 0.441406 0.986328 0.436523 0.9875 0.425293 0.987109 0.421875
1 0.979297 0.402832 0.980469 0.407715 0.982031 0.409668 0.988672 0.412598 0.99375 0.412598 0.996484 0.408691 0.995313 0.405273 0.989844 0.401367 0.981641 0.400391
1 0.872266 0.325195 0.869922 0.32373 0.867578 0.324219 0.860156 0.331055 0.85625 0.339355 0.856641 0.342773 0.857812 0.344727 0.859766 0.345703 0.864844 0.345215 0.869531 0.34082 0.873828 0.331543 0.873828 0.328125
1 0.991797 0.251953 0.988281 0.25293 0.983984 0.261719 0.983594 0.270996 0.985547 0.275391 0.989844 0.276855 0.991797 0.275879 0.994141 0.271973 0.996094 0.265625 0.996484 0.255859 0.994922 0.25293
1 0.972266 0.224121 0.969922 0.224121 0.967578 0.226074 0.964844 0.231445 0.964063 0.236816 0.965234 0.242188 0.966406 0.243652 0.969141 0.242676 0.972266 0.237305 0.974219 0.229004 0.974219 0.226074
1 0.991016 0.199219 0.985938 0.19873 0.98125 0.203125 0.977344 0.211426 0.977344 0.217285 0.978516 0.219238 0.983203 0.219727 0.986719 0.216309 0.991797 0.203613
1 0.892578 0.0571289 0.887891 0.0571289 0.884375 0.0625 0.882812 0.0717773 0.883984 0.0766602 0.885938 0.078125 0.890234 0.0776367 0.894141 0.0708008 0.894922 0.0605469
1 0.796094 0 0.789453 0 0.785156 0.015625 0.785547 0.0224609 0.787109 0.0239258 0.792188 0.0229492 0.795703 0.0175781 0.796875 0.0102539
1 0.661328 0.0244141 0.660156 0.0258789 0.660156 0.0273438 0.659375 0.0283203 0.659375 0.0327148 0.658984 0.0332031 0.658984 0.0336914 0.658594 0.0341797 0.658594 0.0361328 0.657422 0.0375977 0.657422 0.0400391 0.656641 0.0410156 0.656641 0.0454102 0.657422 0.0463867 0.657422 0.046875 0.658594 0.0483398 0.662891 0.0483398 0.665234 0.0454102 0.665234 0.0439453 0.665625 0.043457 0.666016 0.043457 0.667188 0.0419922 0.667188 0.0405273 0.667969 0.0395508 0.667969 0.0268555 0.666016 0.0244141
1 0.651953 0.0219727 0.65 0.0244141 0.65 0.0263672 0.649609 0.0268555 0.649219 0.0268555 0.648047 0.0283203 0.648047 0.0292969 0.646875 0.0307617 0.646875 0.0332031 0.646094 0.0341797 0.646094 0.0493164 0.647266 0.0507812 0.648438 0.0507812 0.649219 0.0517578 0.652734 0.0517578 0.653516 0.0507812 0.654687 0.0507812 0.655859 0.0493164 0.655859 0.0424805 0.65625 0.0419922 0.65625 0.0415039 0.656641 0.0410156 0.656641 0.0380859 0.657422 0.0371094 0.657422 0.0351562 0.659375 0.0327148 0.659375 0.0268555 0.657422 0.0244141 0.657422 0.0234375 0.65625 0.0219727
2 0.0988281 0.877441 0.0976562 0.878906 0.0976562 0.88623 0.0980469 0.886719 0.0980469 0.887207 0.0984375 0.887695 0.0984375 0.888184 0.0988281 0.888672 0.0988281 0.88916 0.1 0.890625 0.1 0.89209 0.101953 0.894531 0.101953 0.89502 0.103125 0.896484 0.106641 0.896484 0.110156 0.900879 0.114062 0.900879 0.114844 0.901855 0.11875 0.901855 0.119922 0.900391 0.119922 0.895996 0.11875 0.894531 0.117578 0.894531 0.116406 0.893066 0.115234 0.893066 0.114062 0.891602 0.113281 0.891602 0.112891 0.891113 0.112891 0.890137 0.111719 0.888672 0.110937 0.888672 0.110547 0.888184 0.110547 0.887207 0.109375 0.885742 0.109375 0.884277 0.108203 0.882812 0.107422 0.882812 0.107031 0.882324 0.107031 0.881348 0.103906 0.877441
2 0.399609 0.778809 0.397656 0.78125 0.397656 0.793457 0.397266 0.793945 0.397266 0.794434 0.396875 0.794922 0.396875 0.799805 0.398047 0.80127 0.399609 0.80127 0.4 0.800781 0.400391 0.800781 0.401562 0.799316 0.401562 0.79834 0.403906 0.79541 0.403906 0.794922 0.404687 0.793945 0.404687 0.791992 0.405078 0.791504 0.405078 0.789062 0.405469 0.788574 0.405469 0.787598 0.40625 0.786621 0.40625 0.780273 0.405078 0.778809
1 0.0757812 0.331543 0.0753906 0.332031 0.0738281 0.332031 0.0734375 0.33252 0.0710937 0.33252 0.0707031 0.333008 0.0703125 0.333008 0.0699219 0.333496 0.0695313 0.333496 0.0675781 0.335938 0.0675781 0.336426 0.0667969 0.337402 0.0667969 0.338867 0.0660156 0.339844 0.0660156 0.340332 0.0652344 0.341309 0.0652344 0.341797 0.0644531 0.342773 0.0644531 0.34668 0.065625 0.348145 0.0703125 0.348145 0.0738281 0.34375 0.0738281 0.342773 0.0753906 0.34082 0.0753906 0.338867 0.0761719 0.337891 0.0765625 0.337891 0.0785156 0.335449 0.0785156 0.333008 0.0773438 0.331543
1 0.0695313 0.323242 0.0691406 0.32373 0.0679687 0.32373 0.0675781 0.324219 0.0671875 0.324219 0.0667969 0.324707 0.0660156 0.324707 0.065625 0.325195 0.0652344 0.325195 0.0648438 0.325684 0.0640625 0.325684 0.0636719 0.326172 0.0632812 0.326172 0.0632812 0.32666 0.0628906 0.327148 0.0613281 0.327148 0.0601563 0.328613 0.0597656 0.328613 0.05625 0.333008 0.05625 0.333496 0.0554687 0.334473 0.0554687 0.337402 0.0566406 0.338867 0.0628906 0.338867 0.0636719 0.337891 0.0640625 0.337891 0.0644531 0.337402 0.0648438 0.337402 0.0652344 0.336914 0.0660156 0.336914 0.0671875 0.335449 0.0671875 0.334473 0.0691406 0.332031 0.0691406 0.331543 0.0730469 0.32666 0.0730469 0.324707 0.071875 0.323242
2 0.569922 0.115234 0.56875 0.114258 0.567187 0.114258 0.566797 0.114746 0.563867 0.116846 0.562969 0.117725 0.562109 0.119141 0.56043 0.120605 0.559766 0.12207 0.560937 0.123047 0.564922 0.123291 0.569219 0.12085 0.570312 0.119238 0.570312 0.116211
2 0.578125 0.123535 0.577344 0.122559 0.575117 0.120313 0.573203 0.120459 0.571016 0.120703 0.568477 0.121777 0.565234 0.122803 0.562227 0.123242 0.558633 0.124707 0.549336 0.127686 0.548438 0.129883 0.548438 0.132324 0.548828 0.133789 0.549609 0.134766 0.550781 0.134766 0.551172 0.135254 0.557461 0.134863 0.561914 0.132422 0.563477 0.131201 0.566523 0.129883 0.570781 0.12876 0.573828 0.128906 0.574219 0.128418 0.576562 0.128418 0.577344 0.12793 0.578125 0.126465
2 0.388281 0.554199 0.386719 0.554688 0.384766 0.556152 0.382812 0.563477 0.382812 0.569824 0.383203 0.570312 0.383203 0.571777 0.384375 0.573242 0.385937 0.573242 0.387891 0.572266 0.389453 0.569336 0.389453 0.565918 0.389844 0.56543 0.389844 0.562988 0.390234 0.5625 0.390234 0.556641 0.389453 0.554688
2 0.278906 0.69043 0.276562 0.693359 0.276172 0.696777 0.275781 0.697266 0.275781 0.699707 0.275391 0.700195 0.275391 0.702637 0.275781 0.703613 0.277734 0.705566 0.28125 0.705566 0.282813 0.70459 0.283203 0.703125 0.283203 0.699219 0.281641 0.693359 0.280078 0.69043
