1 0.325391 0.589355 0.320312 0.588379 0.313672 0.591797 0.301172 0.604004 0.295703 0.612305 0.290234 0.623047 0.287891 0.635254 0.287891 0.638672 0.289453 0.641113 0.292187 0.641602 0.295703 0.639648 0.299609 0.632812 0.304297 0.628418 0.311719 0.618164 0.316406 0.609863 0.319531 0.601074 0.326562 0.59375
1 0.419922 0.740234 0.417578 0.738281 0.408594 0.737305 0.396875 0.737793 0.388672 0.740234 0.380859 0.744141 0.371484 0.750977 0.366016 0.75293 0.364453 0.755371 0.363672 0.759766 0.366016 0.76416 0.369531 0.765625 0.377344 0.766113 0.384375 0.765137 0.392969 0.761719 0.416797 0.747559 0.41875 0.745605
1 0.771875 0.782715 0.770703 0.785156 0.76875 0.795898 0.76875 0.816406 0.769922 0.822266 0.771484 0.824707 0.774219 0.826172 0.776953 0.826172 0.779297 0.825195 0.780469 0.823242 0.779687 0.806152 0.78125 0.799805 0.781641 0.791992 0.780469 0.787598 0.776172 0.782715
1 0.402734 0.435059 0.402344 0.437988 0.403516 0.44043 0.410156 0.447754 0.419141 0.462402 0.424219 0.466797 0.427734 0.47168 0.442969 0.47998 0.447656 0.480469 0.451172 0.478516 0.451562 0.474121 0.450781 0.47168 0.439063 0.458984 0.430469 0.446777 0.420312 0.436523 0.415625 0.433105 0.413281 0.432617 0.40625 0.433105
1 0.251172 0.203613 0.249609 0.206055 0.249609 0.208496 0.254688 0.216309 0.268359 0.232422 0.270313 0.236328 0.282422 0.252441 0.286719 0.25293 0.2875 0.251953 0.2875 0.245117 0.283984 0.235352 0.267578 0.215332 0.258984 0.209473 0.255859 0.206055
2 0.366406 0.462402 0.364844 0.460938 0.360156 0.461426 0.352344 0.465332 0.348828 0.469238 0.341406 0.47998 0.339062 0.48584 0.336719 0.48877 0.336328 0.493652 0.337109 0.496094 0.341016 0.497559 0.344141 0.49707 0.353516 0.491699 0.359375 0.484375 0.367578 0.467773
1 0.974219 0.125977 0.971875 0.129395 0.971094 0.136719 0.971875 0.140625 0.976172 0.149414 0.986719 0.160156 0.997656 0.168457 1 0.168457 1 0.141602 0.998437 0.141602 0.995703 0.138672 0.982422 0.131348 0.976953 0.126465
1 0.708203 0.187012 0.704297 0.186523 0.699219 0.192383 0.687891 0.21582 0.682031 0.224121 0.670703 0.234863 0.669922 0.237793 0.671875 0.240723 0.675 0.241211 0.683203 0.238281 0.688672 0.235352 0.690234 0.233398 0.702734 0.208984 0.704688 0.20166 0.708594 0.192383 0.708984 0.187988
1 0.6125 0.72998 0.610938 0.729492 0.602344 0.742676 0.586328 0.760742 0.582031 0.762695 0.575391 0.762695 0.574219 0.764648 0.575391 0.77002 0.580469 0.774902 0.585938 0.775879 0.589844 0.773926 0.598047 0.765625 0.609766 0.751465 0.6125 0.744629 0.613672 0.737793 0.613672 0.733887
1 0.504297 0.807617 0.505078 0.814453 0.510547 0.825195 0.5125 0.831543 0.520703 0.843262 0.533594 0.852539 0.540625 0.853027 0.542188 0.851562 0.543359 0.84668 0.525391 0.829102 0.513281 0.813477 0.506641 0.806641
1 0.560937 0.923828 0.555859 0.923828 0.552344 0.927246 0.545703 0.936035 0.540625 0.946777 0.540625 0.960449 0.542578 0.969727 0.546875 0.976562 0.551172 0.979492 0.553906 0.979004 0.553516 0.963867 0.555078 0.950195 0.559375 0.938477 0.5625 0.932617 0.5625 0.927246
1 0.563281 0.83252 0.564063 0.835938 0.567578 0.838379 0.571875 0.836914 0.580859 0.837402 0.600391 0.84375 0.610938 0.84375 0.613672 0.842285 0.615234 0.839355 0.615234 0.836914 0.6125 0.835449 0.607031 0.834961 0.591016 0.827637 0.579297 0.825195 0.569141 0.826172
1 0.428906 0.89502 0.427344 0.893555 0.423047 0.894043 0.414844 0.905273 0.408203 0.910645 0.398438 0.913574 0.396094 0.915039 0.396094 0.916992 0.399219 0.92041 0.404297 0.92334 0.410938 0.92334 0.418359 0.92041 0.422656 0.915039 0.428906 0.900879
1 0.2 0.35498 0.198047 0.353516 0.188281 0.353516 0.180469 0.356445 0.172656 0.368164 0.171484 0.375977 0.171484 0.384277 0.172656 0.385742 0.174609 0.385742 0.176172 0.384277 0.178906 0.37793 0.184766 0.368652 0.189844 0.36377 0.198437 0.361328 0.2 0.359375
1 0.295703 0.19043 0.292187 0.19043 0.289844 0.192383 0.287891 0.207031 0.285547 0.212402 0.28375 0.217773 0.283516 0.22168 0.282187 0.228906 0.285859 0.234424 0.289453 0.234326 0.292656 0.229834 0.294531 0.221191 0.297656 0.217285 0.301953 0.203125 0.301563 0.19873 0.299609 0.192871
1 0.260547 0.0791016 0.258594 0.078125 0.255859 0.0795898 0.253125 0.0830078 0.247656 0.0844727 0.244531 0.0869141 0.239453 0.0932617 0.236328 0.0996094 0.235547 0.103516 0.235937 0.106934 0.2375 0.108398 0.241406 0.10791 0.251563 0.09375 0.256641 0.0883789 0.258203 0.0839844 0.260547 0.0810547
1 0.646484 0.0209961 0.642188 0.0175781 0.638281 0.0175781 0.633594 0.0195312 0.625391 0.0283203 0.616016 0.0356445 0.6125 0.0400391 0.610156 0.0454102 0.610938 0.0517578 0.614453 0.0551758 0.619531 0.0537109 0.623828 0.046875 0.635156 0.0341797 0.644531 0.0273438 0.646875 0.0229492
1 0.842578 0.338867 0.835156 0.342285 0.824609 0.350586 0.823438 0.355469 0.825 0.36084 0.826562 0.362793 0.830078 0.364258 0.834375 0.36377 0.838281 0.361816 0.841016 0.358398 0.843359 0.354004 0.844922 0.345703 0.844531 0.341797
1 0.909375 0.79834 0.912109 0.802246 0.916797 0.802734 0.925 0.800781 0.932031 0.795898 0.933594 0.793945 0.933594 0.79248 0.929688 0.787598 0.927344 0.786621 0.919531 0.786621 0.9125 0.789551 0.909766 0.793457
2 0.121094 0.0371094 0.115625 0.034668 0.111719 0.0361328 0.110547 0.0375977 0.110156 0.0419922 0.108203 0.0444336 0.101172 0.0488281 0.0921875 0.059082 0.0839844 0.0649414 0.08125 0.0693359 0.08125 0.0717773 0.0847656 0.0727539 0.0917969 0.0712891 0.104297 0.0595703 0.110547 0.0546875 0.115625 0.0522461 0.121875 0.0454102 0.122656 0.0405273
2 0.108984 0.0268555 0.107031 0.0244141 0.103125 0.0249023 0.0964844 0.0283203 0.0933594 0.0283203 0.0878906 0.0263672 0.0769531 0.0268555 0.0714844 0.0258789 0.0671875 0.0273438 0.0644531 0.0317383 0.0609375 0.0302734 0.0605469 0.0332031 0.0628906 0.0375977 0.0699219 0.0385742 0.0726563 0.0371094 0.0757812 0.0395508 0.0808594 0.0395508 0.0828125 0.0405273 0.0996094 0.0390625 0.108203 0.0336914
2 0.169141 0.208008 0.164453 0.211914 0.1625 0.216797 0.162109 0.224609 0.165234 0.234863 0.175781 0.252441 0.180859 0.26416 0.185156 0.269531 0.189062 0.272461 0.189844 0.271484 0.189844 0.266602 0.186719 0.256348 0.184375 0.251465 0.182422 0.244141 0.178516 0.236816 0.175781 0.233887 0.172266 0.226562 0.170703 0.208984
2 0.136719 0.242188 0.134375 0.241211 0.130469 0.242676 0.117578 0.255371 0.110156 0.266113 0.108203 0.270996 0.108984 0.274414 0.112109 0.275879 0.116016 0.275879 0.119141 0.270996 0.130469 0.262207 0.133203 0.257324 0.133594 0.252441 0.135937 0.247559
2 0.271094 0.179688 0.269531 0.182617 0.274219 0.1875 0.277734 0.197266 0.275781 0.212891 0.280859 0.220703 0.282422 0.227539 0.283594 0.227539 0.284766 0.224609 0.284766 0.218262 0.287109 0.208984 0.285938 0.204102 0.286328 0.196777 0.283984 0.188477 0.278906 0.182129 0.276172 0.180176
2 0.267969 0.316895 0.263281 0.316406 0.258984 0.318848 0.257031 0.325195 0.255078 0.341309 0.254297 0.35791 0.255469 0.370605 0.25625 0.373047 0.258203 0.374023 0.260547 0.373047 0.265625 0.36084 0.266797 0.354492 0.267578 0.340332 0.26875 0.334961 0.272266 0.32666 0.271484 0.319336
2 0.212109 0.319824 0.208594 0.320801 0.204687 0.32373 0.201953 0.329102 0.203906 0.349121 0.207813 0.361328 0.211328 0.364258 0.215234 0.364746 0.222266 0.362305 0.224219 0.358398 0.221875 0.35498 0.218359 0.352539 0.214453 0.346191 0.212891 0.337891 0.212891 0.33252 0.215234 0.326172 0.215234 0.323242 0.213672 0.320312
2 0.167969 0.39209 0.167969 0.394043 0.169141 0.39502 0.182422 0.395508 0.1875 0.396973 0.200781 0.406738 0.203906 0.406738 0.203906 0.402832 0.201563 0.397461 0.192578 0.388184 0.186328 0.384277 0.172266 0.386719
2 0.244531 0.387695 0.245312 0.39502 0.246875 0.399414 0.255469 0.407715 0.258594 0.40918 0.260937 0.40918 0.263281 0.407715 0.264062 0.401855 0.261328 0.396973 0.253125 0.387207 0.247266 0.38623
2 0.0425781 0.461914 0.0449219 0.466797 0.0535156 0.472168 0.0570312 0.473145 0.0660156 0.479492 0.0769531 0.484375 0.0867187 0.490723 0.0890625 0.490234 0.0894531 0.48584 0.0875 0.480957 0.0785156 0.473145 0.0535156 0.460449 0.0441406 0.459961
2 0.08125 0.587402 0.0804688 0.586426 0.0699219 0.587402 0.0605469 0.59082 0.0527344 0.596191 0.0464844 0.601562 0.0390625 0.612793 0.0382813 0.618652 0.040625 0.620605 0.0464844 0.619141 0.0511719 0.613281 0.059375 0.605957 0.0753906 0.594727 0.0804688 0.589844
2 0 0.513184 0 0.524414 0.00820313 0.526855 0.0199219 0.533203 0.0226562 0.533203 0.0242188 0.530762 0.0222656 0.520508 0.0199219 0.518066 0.00703125 0.513184
2 0.228906 0.621094 0.225 0.621582 0.219922 0.629883 0.217188 0.637695 0.217578 0.653809 0.219531 0.668457 0.220703 0.672852 0.223828 0.67627 0.228125 0.67627 0.229687 0.671875 0.228516 0.662598 0.229687 0.62207
2 0.282422 0.685059 0.277734 0.685059 0.264062 0.701172 0.260937 0.710938 0.253906 0.723633 0.253906 0.729492 0.255078 0.731445 0.260547 0.731445 0.267188 0.727051 0.271875 0.719727 0.277344 0.703613 0.282813 0.696777 0.2875 0.696777 0.286328 0.689453
2 0.271484 0.666992 0.271094 0.671387 0.276562 0.674805 0.279687 0.678711 0.283984 0.681641 0.287891 0.6875 0.290625 0.688965 0.292578 0.691406 0.295312 0.698242 0.302734 0.702637 0.307031 0.708984 0.310156 0.709473 0.311328 0.708008 0.311328 0.702148 0.308984 0.697266 0.30625 0.686523 0.301172 0.676758 0.291797 0.669434
2 0.376563 0.700195 0.373437 0.701172 0.372266 0.712891 0.369531 0.720703 0.352734 0.744141 0.349609 0.753418 0.349609 0.756348 0.350391 0.757324 0.354297 0.757324 0.357031 0.750977 0.367578 0.73877 0.370703 0.736816 0.378125 0.726562 0.380078 0.714355
2 0.366016 0.776855 0.364453 0.775391 0.359375 0.774414 0.351953 0.775391 0.344922 0.777832 0.325 0.789551 0.321875 0.792969 0.319922 0.799316 0.319531 0.806641 0.320703 0.812012 0.322656 0.812988 0.329297 0.80127 0.332813 0.797363 0.348828 0.788574 0.363281 0.784668 0.366406 0.780273
2 0.290234 0.64209 0.2875 0.644043 0.286328 0.646484 0.285938 0.658203 0.287891 0.665527 0.287109 0.668945 0.286719 0.673584 0.286133 0.678564 0.28668 0.684082 0.286328 0.689941 0.287109 0.701172 0.290625 0.706543 0.294531 0.70752 0.296836 0.695996 0.296133 0.684326 0.295898 0.676611 0.294297 0.668018 0.293594 0.660107 0.29418 0.656934 0.29375 0.653809 0.292969 0.642578
2 0.33125 0.500977 0.326562 0.502441 0.323437 0.504883 0.315234 0.51709 0.310156 0.522949 0.308203 0.529297 0.308203 0.539551 0.313281 0.550293 0.317969 0.555664 0.319922 0.554688 0.319922 0.54834 0.317969 0.544922 0.317578 0.541016 0.319922 0.526855 0.326953 0.513672 0.332031 0.506836 0.332422 0.50293
2 0.384766 0.459961 0.380078 0.466309 0.374609 0.480469 0.373828 0.496582 0.374219 0.5 0.376172 0.501953 0.378906 0.499023 0.38125 0.491211 0.383203 0.478516 0.386719 0.466309 0.387109 0.460938
2 0.532422 0.484863 0.530859 0.481445 0.526953 0.478516 0.521094 0.471191 0.517969 0.46875 0.513672 0.46875 0.504687 0.474609 0.501563 0.479004 0.498047 0.481445 0.495312 0.484863 0.494922 0.486816 0.496875 0.491699 0.502344 0.492676 0.505859 0.490234 0.509375 0.48584 0.515625 0.483398 0.518359 0.483398 0.520703 0.484863 0.525 0.490234 0.530859 0.488281 0.532422 0.486816
2 0.655078 0.273926 0.653516 0.273926 0.651172 0.28418 0.647266 0.294434 0.632422 0.314453 0.631641 0.319336 0.632812 0.321289 0.635938 0.321777 0.638281 0.320312 0.648828 0.308594 0.654297 0.304688 0.656641 0.30127 0.659375 0.293945 0.659766 0.288086 0.658594 0.282227
2 0.571484 0.320801 0.570312 0.324219 0.575391 0.334473 0.579297 0.336914 0.582812 0.34082 0.592969 0.345215 0.600781 0.345215 0.601953 0.344238 0.603516 0.338379 0.600391 0.334473 0.596094 0.335449 0.594141 0.334473 0.591797 0.330078 0.5875 0.330566 0.580469 0.328613 0.572656 0.320801
2 0.567187 0.299805 0.566406 0.306152 0.568359 0.319336 0.569922 0.32373 0.571875 0.326172 0.575391 0.327637 0.5875 0.32666 0.595703 0.328613 0.600781 0.328125 0.603125 0.326172 0.603125 0.32373 0.6 0.319336 0.596484 0.317871 0.590625 0.317871 0.583594 0.31543 0.580078 0.312988 0.575391 0.307129 0.571875 0.300781 0.569531 0.299316
2 0.571094 0 0.557813 0 0.557813 0.0112305 0.560547 0.0209961 0.564063 0.0209961 0.565625 0.0195312 0.569922 0.00927734
2 0.51875 0.645996 0.51875 0.647949 0.522656 0.652832 0.530078 0.656738 0.551562 0.659668 0.566016 0.65918 0.576562 0.655762 0.579297 0.652832 0.579297 0.649414 0.577734 0.647461 0.563672 0.648926 0.53125 0.648926 0.525781 0.647949 0.522266 0.64502
2 0.638672 0.571777 0.635547 0.570312 0.634375 0.570801 0.633594 0.57373 0.633594 0.589355 0.632031 0.596191 0.625391 0.60791 0.617969 0.616699 0.618359 0.619141 0.620313 0.620117 0.625391 0.619629 0.632812 0.614258 0.6375 0.608398 0.640234 0.600098 0.641406 0.585938 0.641016 0.57666
2 0.836328 0.554199 0.835156 0.557129 0.835156 0.560059 0.842969 0.578125 0.848437 0.588379 0.861719 0.598633 0.865625 0.600098 0.870703 0.599609 0.871484 0.597656 0.869531 0.594238 0.864062 0.588867 0.848828 0.567871 0.845313 0.560059 0.839063 0.553711
2 0.866016 0.555664 0.865234 0.560059 0.867969 0.564941 0.875 0.57373 0.880078 0.584473 0.881641 0.592773 0.881641 0.599609 0.883984 0.608887 0.887891 0.610352 0.890625 0.609375 0.892578 0.604492 0.893359 0.592773 0.892969 0.58252 0.890625 0.575195 0.886719 0.569336 0.873828 0.558105 0.86875 0.554688
2 0.96875 0.539062 0.967578 0.540527 0.967187 0.544434 0.971094 0.55127 0.973437 0.560059 0.977344 0.568359 0.985938 0.576172 0.996875 0.57959 1 0.57959 1 0.565918 0.992969 0.563965 0.988672 0.560547 0.985156 0.556152 0.980078 0.544922 0.975391 0.539062
2 0.507422 0.974121 0.507422 0.979492 0.508984 0.984863 0.513672 0.989258 0.517578 0.990234 0.536719 1 0.546484 1 0.548047 0.998535 0.546484 0.993164 0.540234 0.987305 0.532422 0.984863 0.526563 0.980469 0.517188 0.976562 0.513672 0.973633 0.508594 0.972656
2 0.425 0.997559 0.426172 1 0.457422 1 0.457813 0.998535 0.454688 0.992676 0.445312 0.987305 0.439453 0.987305 0.428125 0.990234 0.425781 0.992676
2 0.161328 0.914062 0.159766 0.916992 0.159375 0.936035 0.160547 0.941895 0.162891 0.947266 0.170313 0.95459 0.174219 0.956543 0.182422 0.956055 0.189062 0.952637 0.191016 0.950195 0.192188 0.946289 0.191406 0.938965 0.189844 0.937012 0.1875 0.937012 0.181641 0.939453 0.177344 0.939453 0.172656 0.932129 0.167969 0.916992 0.166016 0.915039
2 0.174219 0.997559 0.173047 0.992676 0.171094 0.990234 0.166016 0.987793 0.160547 0.987793 0.157031 0.98877 0.146875 0.994629 0.143359 0.998047 0.143359 1 0.171484 1 0.173828 0.999023
2 0.677344 0.582031 0.673828 0.580078 0.666016 0.581543 0.664062 0.58252 0.657422 0.588379 0.65625 0.59082 0.651563 0.597168 0.648828 0.603516 0.648047 0.609863 0.647656 0.610352 0.647656 0.619141 0.649609 0.62207 0.650391 0.622559 0.653906 0.622559 0.655469 0.621094 0.657813 0.615234 0.660156 0.61084 0.662891 0.607422 0.664062 0.60498 0.672656 0.594238 0.674219 0.593262 0.676953 0.589844 0.678125 0.585938 0.678125 0.583496
2 0.649219 0.625 0.647266 0.626953 0.647266 0.629395 0.646875 0.629883 0.648828 0.638184 0.649609 0.640137 0.651953 0.643555 0.654297 0.649902 0.65625 0.653809 0.657031 0.656738 0.657031 0.658203 0.657422 0.658691 0.657813 0.662598 0.658984 0.666504 0.661328 0.669434 0.664453 0.668945 0.666406 0.666992 0.667969 0.661133 0.667969 0.653809 0.667578 0.65332 0.667578 0.649902 0.665625 0.64502 0.662891 0.640137 0.662109 0.637695 0.658984 0.633789 0.657813 0.631348 0.655859 0.628906 0.655078 0.626953 0.652734 0.625488
