0 0.0880078 0.674951 0.0976562 0.675977 0.10625 0.677393 0.112461 0.679492 0.117852 0.684668 0.124531 0.698584 0.141055 0.710303 0.144961 0.719727 0.126211 0.7125 0.110547 0.708496 0.0998047 0.702588 0.0880859 0.690234 0.0767969 0.685205 0.0777344 0.677686
0 0.839336 0.298975 0.833203 0.309229 0.830078 0.32666 0.827305 0.350586 0.827773 0.390283 0.833672 0.398486 0.837969 0.389014 0.845703 0.343262 0.846094 0.331543 0.845898 0.316211 0.843906 0.306641
0 0.294297 0.806055 0.29707 0.817432 0.292773 0.82334 0.283711 0.831738 0.275 0.834961 0.271094 0.838379 0.2625 0.841797 0.240313 0.846777 0.226172 0.843604 0.226445 0.83374 0.258594 0.821777 0.269531 0.817383 0.280117 0.811377
1 0.0730469 0.651855 0.0730469 0.653809 0.0757812 0.656738 0.0921875 0.665039 0.0972656 0.668945 0.0996094 0.672363 0.105469 0.675781 0.126562 0.678223 0.140625 0.681641 0.146094 0.681641 0.149219 0.677734 0.149609 0.672852 0.148438 0.669434 0.144141 0.665527 0.116016 0.650391 0.108203 0.648438 0.0894531 0.646484 0.0753906 0.648926
1 0.200391 0.529297 0.199609 0.537598 0.200781 0.546387 0.205078 0.554688 0.217969 0.573242 0.21875 0.579102 0.214844 0.586914 0.214844 0.589844 0.217188 0.593262 0.220312 0.592773 0.229687 0.585449 0.233203 0.581055 0.235156 0.569336 0.233594 0.560059 0.232031 0.556152 0.229297 0.552734 0.212109 0.537598 0.208984 0.531738 0.203906 0.529297
1 0.258203 0.494629 0.257031 0.492676 0.253906 0.491699 0.237109 0.494629 0.227734 0.494141 0.217969 0.498535 0.213281 0.499023 0.210547 0.500488 0.20625 0.505859 0.204727 0.506348 0.203164 0.506738 0.201758 0.507227 0.200781 0.506836 0.197266 0.508447 0.195703 0.509277 0.192578 0.508789 0.185547 0.511719 0.183594 0.513672 0.183594 0.517578 0.185156 0.519043 0.201953 0.520508 0.224609 0.518066 0.237891 0.510742 0.250391 0.5 0.257031 0.497559
1 0.254023 0.456592 0.255156 0.466211 0.242188 0.477393 0.224609 0.494141 0.220312 0.496582 0.214453 0.498047 0.201523 0.500049 0.177344 0.49668 0.184141 0.487744 0.196836 0.481836 0.212109 0.478516 0.220703 0.473633 0.229805 0.467969 0.2425 0.460938
1 0.256445 0.422607 0.251563 0.42627 0.246641 0.429248 0.246836 0.435059 0.248047 0.439453 0.25 0.446777 0.250781 0.459961 0.253906 0.470215 0.258203 0.475586 0.261328 0.483398 0.2625 0.489258 0.266406 0.497559 0.268359 0.499023 0.272266 0.499512 0.276562 0.494141 0.275 0.476074 0.275 0.462402 0.273047 0.451172 0.267188 0.438965 0.266797 0.436035 0.264062 0.435547 0.260664 0.431396 0.257969 0.4271
1 0.26293 0.419141 0.255078 0.419922 0.269414 0.443066 0.285156 0.477051 0.291797 0.48877 0.297266 0.493164 0.301953 0.493652 0.303516 0.491211 0.303906 0.486328 0.297266 0.473145 0.293359 0.45459 0.289062 0.442383 0.283594 0.436035 0.273477 0.426611
1 0.406641 0.391113 0.404297 0.386719 0.392578 0.381836 0.378516 0.378906 0.368359 0.379395 0.361719 0.381836 0.349609 0.391113 0.336719 0.395508 0.333594 0.399902 0.334375 0.405273 0.337109 0.407715 0.346484 0.410645 0.352734 0.411133 0.360547 0.40918 0.381641 0.400391 0.394922 0.399414 0.403906 0.397461 0.405859 0.395508
1 0.298828 0.279297 0.290234 0.291016 0.288672 0.297852 0.288672 0.307617 0.289844 0.314453 0.298438 0.340332 0.309766 0.354492 0.317578 0.361816 0.322266 0.364746 0.33125 0.366211 0.338672 0.364258 0.340234 0.362305 0.339062 0.35791 0.325391 0.343262 0.321094 0.334473 0.315625 0.314941 0.308594 0.299316 0.308594 0.282715 0.307422 0.279297 0.303906 0.277344 0.301953 0.277344
1 0.171094 0.330566 0.167187 0.324707 0.163672 0.321777 0.154297 0.316895 0.144531 0.314453 0.132031 0.314941 0.109375 0.329102 0.0992187 0.337891 0.0851563 0.353516 0.0851563 0.358398 0.0867187 0.36084 0.0914062 0.360352 0.117578 0.347656 0.13125 0.344727 0.1375 0.342285 0.151562 0.33252 0.159375 0.332031 0.165234 0.333984 0.169922 0.333984
1 0.117188 0.119629 0.0858984 0.121436 0.0779297 0.124365 0.08625 0.130908 0.11875 0.13623 0.122656 0.137695 0.132031 0.137695 0.162383 0.132471 0.170234 0.120801 0.150273 0.119775 0.138281 0.118164 0.129688 0.115723 0.125781 0.115723 0.119141 0.117676
1 0.400547 0.661572 0.403086 0.682764 0.399375 0.692432 0.397344 0.695508 0.397305 0.698438 0.394453 0.700684 0.391797 0.70459 0.3875 0.713867 0.381641 0.733398 0.376563 0.739258 0.375781 0.743164 0.373437 0.744629 0.370703 0.750977 0.367578 0.754883 0.367188 0.758301 0.365234 0.759277 0.364453 0.767578 0.36875 0.76709 0.371484 0.76416 0.376172 0.762695 0.379297 0.760254 0.397656 0.736328 0.403125 0.724609 0.404687 0.71582 0.407773 0.700537 0.409844 0.689404 0.409687 0.676904 0.408359 0.66792
1 0.278516 0.746582 0.271211 0.754736 0.271914 0.762598 0.28582 0.774805 0.294922 0.780762 0.299219 0.786621 0.304688 0.788574 0.311602 0.796533 0.318867 0.803223 0.329375 0.812744 0.339688 0.82959 0.335781 0.806592 0.324883 0.777393 0.315234 0.769043 0.308203 0.76416 0.301172 0.76123 0.293672 0.754932 0.285742 0.751221
1 0.276172 0.770996 0.283984 0.785498 0.292187 0.810059 0.296875 0.823242 0.307031 0.836914 0.313672 0.843262 0.318359 0.845703 0.322266 0.84375 0.323437 0.841797 0.323437 0.835938 0.316797 0.820801 0.314844 0.811035 0.311914 0.800342 0.308164 0.793604 0.303828 0.786328 0.292422 0.778223
1 0.686328 0.844727 0.683984 0.84375 0.682031 0.841309 0.680078 0.841309 0.678125 0.842773 0.675391 0.841309 0.671094 0.841309 0.665234 0.844727 0.657813 0.845215 0.65 0.848633 0.640234 0.856934 0.636328 0.862793 0.633203 0.864258 0.629297 0.869141 0.628516 0.871582 0.626172 0.87207 0.624609 0.877441 0.626172 0.878906 0.636719 0.876465 0.65 0.876953 0.659375 0.873535 0.671484 0.862793 0.673828 0.861816 0.677734 0.856934 0.685156 0.853516
1 0.698047 0.161133 0.696484 0.162109 0.693359 0.165039 0.689453 0.17334 0.685547 0.180176 0.680859 0.183105 0.673047 0.191406 0.669531 0.196777 0.664844 0.208496 0.664062 0.217285 0.667188 0.221191 0.666406 0.225586 0.667578 0.226562 0.66875 0.230469 0.673047 0.234863 0.676562 0.236328 0.677734 0.23584 0.683086 0.233398 0.678516 0.223145 0.679688 0.219238 0.692578 0.20459 0.694531 0.200195 0.698828 0.177734 0.700781 0.174316 0.7 0.17041 0.701172 0.165527
1 1 0.215332 0.994922 0.216309 0.986719 0.221191 0.982422 0.226074 0.963281 0.239746 0.959766 0.244141 0.960156 0.247559 0.964453 0.248047 0.971094 0.245117 0.983984 0.242188 1 0.240723
1 0.811875 0.29209 0.820078 0.288818 0.8175 0.309766 0.81875 0.327637 0.818359 0.339355 0.824414 0.352881 0.826016 0.360449 0.806367 0.383594 0.805664 0.375293 0.811602 0.361377 0.801953 0.34668 0.801172 0.336914 0.803516 0.325684 0.80625 0.318848 0.806133 0.304639
1 0.707461 0.27959 0.698047 0.282715 0.685547 0.291504 0.680078 0.292969 0.674219 0.292969 0.669531 0.291504 0.665234 0.288574 0.650352 0.280566 0.637109 0.281104 0.634609 0.276953 0.643359 0.274414 0.651016 0.274316 0.659766 0.274072 0.664766 0.273389 0.668945 0.271484 0.673438 0.268555 0.678516 0.26709 0.6875 0.267578 0.693438 0.26748 0.699844 0.267627 0.71625 0.263184 0.715547 0.270068
1 0.839883 0.121338 0.834258 0.136816 0.830313 0.159766 0.832422 0.17627 0.835938 0.200732 0.838086 0.217871 0.840117 0.240674 0.849336 0.230273 0.85082 0.205273 0.851172 0.193359 0.851172 0.178711 0.85 0.172363 0.841836 0.146289
1 0.803516 0.0594238 0.801094 0.067041 0.803125 0.0732422 0.804297 0.0756836 0.805859 0.0849609 0.811719 0.0966797 0.811719 0.103516 0.815977 0.117285 0.819492 0.125684 0.818477 0.146631 0.825625 0.158594 0.83332 0.148096 0.83707 0.124707 0.834375 0.11084 0.825781 0.0874023 0.820312 0.081543 0.818359 0.0761719 0.815234 0.0722656 0.808789 0.0619629
1 0.766328 0.0777344 0.763789 0.0861816 0.763945 0.0987793 0.752344 0.118652 0.75 0.12793 0.747266 0.133789 0.747266 0.143066 0.752344 0.150391 0.752344 0.153809 0.755078 0.158203 0.757031 0.157715 0.760938 0.144531 0.768359 0.135742 0.773047 0.122559 0.778008 0.100391 0.773711 0.0898438
1 0.758633 0.0558105 0.759414 0.0664062 0.767773 0.0800781 0.771797 0.0899414 0.775 0.0922852 0.778086 0.102246 0.786172 0.106201 0.792578 0.110156 0.812461 0.123145 0.819102 0.122314 0.812344 0.104932 0.798828 0.0904297 0.789453 0.0791016 0.783594 0.074707 0.781641 0.074707 0.775508 0.0609863 0.765859 0.0515625
1 0.761992 0.0537598 0.76457 0.053125 0.767031 0.0523438 0.77082 0.0523438 0.778516 0.0507812 0.794922 0.0498047 0.811328 0.0429688 0.818359 0.0375977 0.821094 0.0366211 0.822539 0.0334961 0.81875 0.027832 0.805078 0.0322266 0.789844 0.0283203 0.779297 0.0288086 0.770312 0.0332031 0.761172 0.0348145 0.753203 0.0390625 0.745 0.0470215 0.74207 0.0542969 0.740469 0.0595215 0.744023 0.060498 0.754063 0.0582031 0.756641 0.0564453 0.759062 0.055127 0.760547 0.0545898
