1 0.103055 0.624312 0.104742 0.621851 0.106711 0.619038 0.10868 0.61665 0.110367 0.613555 0.111664 0.611938 0.112898 0.610391 0.11318 0.604414 0.112055 0.603149 0.110258 0.602236 0.108852 0.602939 0.106992 0.604907 0.105023 0.607861 0.102551 0.610952 0.101199 0.61229 0.0999609 0.615171 0.0987266 0.617915 0.0968672 0.620024 0.0961367 0.621851 0.0957422 0.623682 0.0947891 0.625298 0.0945078 0.628955 0.0959141 0.630288 0.0988945 0.630078 0.10002 0.628882 0.102324 0.626494
1 0.315164 0.180967 0.315164 0.17751 0.316445 0.173711 0.317863 0.170503 0.319551 0.1673 0.321711 0.163921 0.32448 0.160972 0.326168 0.158438 0.327922 0.156416 0.330352 0.156162 0.331703 0.157256 0.332918 0.159365 0.333188 0.16291 0.331902 0.164512 0.330285 0.166709 0.328598 0.168647 0.326234 0.171182 0.32441 0.173711 0.322859 0.17582 0.321105 0.178013 0.31982 0.179785 0.319688 0.181304 0.318336 0.182739 0.317188 0.183496 0.316109 0.182485
1 0.283906 0.177197 0.282539 0.179541 0.280977 0.182554 0.279102 0.183677 0.279141 0.185679 0.280508 0.187192 0.282578 0.18856 0.283945 0.189438 0.286133 0.188071 0.288125 0.185532 0.291719 0.180845 0.293594 0.178843 0.296055 0.175034 0.297305 0.172544 0.297578 0.170835 0.296133 0.168589 0.294297 0.167563 0.293164 0.168442 0.291055 0.170542 0.288711 0.172412 0.286836 0.174316 0.285352 0.175879
1 0.271602 0.142676 0.269535 0.141748 0.269258 0.139307 0.269687 0.137212 0.269926 0.135259 0.270781 0.133936 0.271563 0.133496 0.273516 0.133398 0.274727 0.133887 0.276445 0.133936 0.27852 0.133643 0.281172 0.133062 0.283402 0.13252 0.285273 0.132471 0.28668 0.132329 0.288984 0.132275 0.290238 0.132329 0.291563 0.133062 0.291953 0.133691 0.292109 0.134912 0.291523 0.136479 0.289922 0.137456 0.28875 0.138086 0.287656 0.138867 0.286094 0.139258 0.284062 0.140039 0.282773 0.141064 0.281254 0.141309 0.280352 0.141797 0.278324 0.142187 0.27559 0.142676 0.273906 0.142725 0.273051 0.142773
1 0.977891 0.0552588 0.976484 0.0556982 0.975074 0.0572412 0.975 0.0591797 0.976055 0.0611816 0.97666 0.0634033 0.976133 0.0662646 0.975602 0.0702246 0.974898 0.0744043 0.975074 0.0777051 0.975074 0.0818896 0.975602 0.0858496 0.976836 0.0876123 0.977891 0.0884912 0.980355 0.0891504 0.983047 0.086377 0.982383 0.0836914 0.983945 0.0793457 0.984406 0.0755078 0.983703 0.071543 0.983352 0.0680225 0.983176 0.0642822 0.98159 0.0612012 0.981238 0.0570215 0.980531 0.0552588 0.979652 0.0552588
1 0.853953 0.10915 0.851969 0.109482 0.849984 0.10998 0.847008 0.112046 0.845883 0.113618 0.846477 0.115107 0.846809 0.116929 0.847734 0.118003 0.851176 0.118413 0.854418 0.118413 0.85832 0.118252 0.861563 0.117754 0.865004 0.11519 0.867648 0.112793 0.869371 0.110557 0.870363 0.108159 0.870363 0.106094 0.869965 0.10353 0.869039 0.101543 0.868379 0.102866 0.86798 0.105181 0.867188 0.107085 0.866195 0.108242 0.863945 0.108989 0.861961 0.108491 0.859711 0.108325 0.857594 0.108574 0.85607 0.10874
2 0.985078 0.303906 0.980641 0.303472 0.976676 0.303325 0.972477 0.302744 0.971543 0.298076 0.974344 0.296035 0.977961 0.295601 0.98216 0.296182 0.986008 0.296182 0.990906 0.296328 0.994758 0.297056 0.996391 0.299536 0.996391 0.30187 0.995223 0.303325 0.992422 0.304058 0.988809 0.304058 0.987305 0.30376
1 0.841676 0.316904 0.840492 0.315288 0.838805 0.313813 0.837176 0.311704 0.83577 0.312124 0.835148 0.313179 0.835039 0.315288 0.835262 0.317046 0.83577 0.319438 0.836836 0.321548 0.837793 0.323096 0.839145 0.32478 0.840945 0.326963 0.84252 0.330127 0.844207 0.331812 0.846117 0.333921 0.847863 0.33624 0.849832 0.337788 0.852305 0.339619 0.854387 0.339194 0.854895 0.337017 0.854668 0.333921 0.853262 0.33146 0.852195 0.329209 0.850898 0.3271 0.849324 0.324639 0.847582 0.323022 0.84623 0.321475 0.845051 0.31958 0.844039 0.318525 0.84252 0.317329
1 0.806238 0.352837 0.804383 0.35417 0.803031 0.355088 0.801398 0.356704 0.800445 0.357969 0.799207 0.359517 0.797742 0.36043 0.795719 0.361484 0.794312 0.362959 0.792906 0.365493 0.791332 0.36542 0.789645 0.36479 0.78818 0.362959 0.787508 0.361836 0.787617 0.359307 0.788687 0.358252 0.790602 0.355649 0.791781 0.353892 0.794539 0.351357 0.796789 0.349673 0.79943 0.347563 0.80168 0.346299 0.804102 0.344893 0.80725 0.343135 0.810176 0.34208 0.811805 0.343271 0.81282 0.344893 0.812707 0.346719 0.811582 0.348125 0.810176 0.3496 0.809164 0.351006 0.807758 0.352134
1 0.781754 0.357646 0.778602 0.356802 0.774551 0.355889 0.770781 0.355464 0.767465 0.355112 0.763469 0.355112 0.761445 0.355322 0.759645 0.354551 0.75807 0.353496 0.757676 0.350967 0.757902 0.348926 0.759531 0.348081 0.761445 0.348154 0.763133 0.347661 0.765832 0.347451 0.769039 0.347451 0.771176 0.347378 0.772809 0.347168 0.774832 0.3471 0.776125 0.3471 0.778488 0.348081 0.781863 0.348574 0.784676 0.349419 0.785633 0.350825 0.786195 0.352231 0.786477 0.353706 0.786195 0.355254 0.785184 0.35624 0.783719 0.356519 0.783008 0.35752
1 0.793523 0.38085 0.791273 0.379653 0.789582 0.378667 0.787449 0.376631 0.785367 0.375083 0.784242 0.372905 0.784918 0.370513 0.786887 0.369175 0.790262 0.369038 0.792789 0.369458 0.795773 0.370581 0.798305 0.372061 0.801176 0.375083 0.802523 0.377896 0.80348 0.380073 0.805281 0.382886 0.805676 0.386265 0.805113 0.387388 0.804156 0.387529 0.802355 0.387104 0.800387 0.386265 0.79898 0.385347 0.797742 0.384507 0.797012 0.383311 0.796328 0.382129 0.795492 0.381479 0.794609 0.381104
1 0.782742 0.401167 0.781168 0.401382 0.780266 0.402012 0.779422 0.402925 0.778516 0.40335 0.776887 0.403628 0.775711 0.404053 0.774918 0.404053 0.774586 0.402573 0.774473 0.40187 0.774691 0.400464 0.77498 0.399624 0.774918 0.398779 0.775262 0.398003 0.775598 0.39709 0.776379 0.395894 0.777391 0.39498 0.778578 0.393784 0.779816 0.393081 0.780316 0.392803 0.780938 0.392168 0.781898 0.391538 0.782344 0.391323 0.783137 0.390835 0.784262 0.38978 0.785328 0.389004 0.786 0.388936 0.786961 0.388862 0.787629 0.388374 0.787969 0.387881 0.788359 0.387319 0.788754 0.387246 0.789484 0.386895 0.790609 0.386616 0.791453 0.386543 0.792297 0.386401 0.793148 0.386123 0.794266 0.386123 0.795168 0.386123 0.796406 0.386191 0.797359 0.386191 0.797816 0.386401 0.798324 0.386401 0.798941 0.386265 0.799785 0.386191 0.800793 0.386123 0.801469 0.385562 0.802312 0.384995 0.803266 0.384155 0.803723 0.383452 0.804281 0.382534 0.804566 0.382534 0.804785 0.383379 0.804848 0.384082 0.804785 0.385698 0.804453 0.386968 0.80423 0.388022 0.803156 0.388301 0.802199 0.389565 0.801578 0.390972 0.801187 0.392451 0.800516 0.393223 0.799219 0.394277 0.798375 0.395264 0.797703 0.396318 0.79725 0.396387 0.796805 0.396318 0.796012 0.395967 0.795453 0.396108 0.794723 0.39709 0.794105 0.398354 0.793422 0.398848 0.793199 0.399058 0.792473 0.399131 0.791855 0.398921 0.791344 0.398706 0.790785 0.398706 0.790441 0.399272 0.790055 0.399482 0.789484 0.399551 0.788648 0.399834 0.787691 0.400112 0.786961 0.400464 0.78623 0.400815 0.785547 0.400815 0.785043 0.400957 0.784199 0.40103 0.783438 0.401172
1 0.843934 0.38459 0.84248 0.385527 0.840559 0.386641 0.838449 0.387227 0.836012 0.387578 0.834137 0.387988 0.832168 0.38793 0.830246 0.386699 0.829918 0.385352 0.829918 0.383418 0.829871 0.381719 0.830996 0.380488 0.83273 0.378437 0.833996 0.377559 0.835074 0.377441 0.836949 0.376563 0.839715 0.374219 0.841027 0.373516 0.842762 0.373281 0.844355 0.372578 0.846324 0.371758 0.847684 0.371289 0.850027 0.371289 0.852652 0.371172 0.854762 0.372051 0.85584 0.373574 0.855887 0.375508 0.855559 0.377441 0.853965 0.379023 0.852277 0.380371 0.850262 0.381719 0.848387 0.383184 0.845586 0.383838
2 0.949473 0.446035 0.946316 0.44229 0.94502 0.439453 0.944207 0.435605 0.944129 0.431558 0.944855 0.429126 0.94591 0.429126 0.946961 0.430239 0.947773 0.433076 0.948176 0.435103 0.949312 0.437734 0.950203 0.440366 0.951984 0.442695 0.95482 0.444722 0.956195 0.44644 0.956684 0.447959 0.956441 0.450493 0.955223 0.451504 0.95393 0.452012 0.952227 0.450088 0.951336 0.448062 0.95077 0.447554
1 0.900715 0.480269 0.904086 0.480439 0.907801 0.480439 0.910973 0.479341 0.915699 0.477319 0.919141 0.475713 0.92184 0.473013 0.922516 0.469473 0.922109 0.466265 0.920559 0.463984 0.918398 0.463984 0.915766 0.463984 0.914145 0.465503 0.912727 0.466519 0.910027 0.467109 0.90807 0.467949 0.905305 0.469219 0.902461 0.469531 0.900859 0.470313 0.900391 0.47168 0.90082 0.474023 0.900742 0.475977 0.900172 0.478076 0.900039 0.479341
1 0.928234 0.457026 0.927086 0.453901 0.926141 0.449854 0.926477 0.446982 0.927152 0.444873 0.928828 0.443652 0.930937 0.443701 0.932148 0.444199 0.932824 0.446733 0.933633 0.449263 0.933969 0.451963 0.934914 0.456011 0.93559 0.4577 0.935727 0.459219 0.936063 0.46082 0.936332 0.462256 0.936535 0.463354 0.936738 0.464873 0.936941 0.466309 0.937008 0.468418 0.936871 0.47061 0.936871 0.472383 0.936535 0.474912 0.935656 0.476514 0.934711 0.477441 0.933023 0.477695 0.931879 0.477104 0.93127 0.474995 0.93127 0.47314 0.930664 0.471367 0.930527 0.469512 0.930191 0.466895 0.929648 0.464028 0.928906 0.46209 0.928504 0.458882
1 0.849312 0.575283 0.848582 0.572612 0.84757 0.569941 0.846781 0.567617 0.845828 0.564736 0.845375 0.561855 0.845207 0.55855 0.845207 0.554893 0.845207 0.552432 0.846672 0.549687 0.847797 0.548916 0.849312 0.549336 0.850551 0.550254 0.850437 0.552432 0.850719 0.554258 0.851172 0.556934 0.851734 0.559253 0.852688 0.562065 0.853645 0.563823 0.854207 0.565791 0.854602 0.567339 0.855332 0.569375 0.855895 0.571206 0.856062 0.572964 0.856062 0.575215 0.856625 0.576479 0.856797 0.578164 0.856738 0.580488 0.856008 0.581895 0.855164 0.582949 0.853984 0.583018 0.852914 0.582246 0.851508 0.581191 0.850156 0.580273 0.849539 0.57957 0.849203 0.578237 0.849312 0.576831
1 0.819996 0.637168 0.818242 0.637588 0.816891 0.637588 0.815137 0.637842 0.814395 0.636743 0.813855 0.634717 0.813246 0.634297 0.813582 0.633032 0.814527 0.631768 0.814797 0.630249 0.81527 0.62687 0.815473 0.623076 0.816082 0.617759 0.816215 0.614302 0.816418 0.611094 0.81777 0.608564 0.819187 0.606455 0.820605 0.605103 0.821547 0.605439 0.822492 0.607212 0.822965 0.60873 0.823574 0.609995 0.82418 0.611348 0.823574 0.612695 0.822898 0.61312 0.822898 0.614048 0.822965 0.615732 0.823234 0.617842 0.823305 0.619951 0.823234 0.622314 0.822965 0.623667 0.822695 0.625352 0.822359 0.627124 0.822492 0.628813 0.822223 0.630752 0.822223 0.631768 0.821684 0.633706 0.820875 0.635396
1 0.806176 0.296348 0.803586 0.296245 0.801156 0.295742 0.79848 0.293613 0.797023 0.291489 0.796293 0.289463 0.795484 0.288047 0.796699 0.286021 0.798723 0.284502 0.800262 0.283184 0.801316 0.282983 0.803016 0.284097 0.804637 0.28501 0.808039 0.285415 0.810469 0.285615 0.812816 0.285107 0.815168 0.284399 0.816383 0.284199 0.817598 0.284907 0.817516 0.287944 0.817355 0.290474 0.816707 0.292803 0.816301 0.293613 0.81525 0.294829 0.813711 0.295234 0.812738 0.295537 0.811602 0.296245 0.810309 0.296855 0.809418 0.297261 0.808363 0.296855 0.807797 0.296245
1 0.678336 0.105723 0.676957 0.104814 0.675258 0.102993 0.674363 0.101069 0.673961 0.099751 0.674363 0.0981299 0.675336 0.0969141 0.676551 0.0950928 0.677523 0.0934717 0.677766 0.0921582 0.678172 0.0905371 0.679145 0.0879053 0.679145 0.0859814 0.679551 0.0839551 0.679953 0.0815283 0.680035 0.080918 0.680844 0.0789941 0.682141 0.0782861 0.682789 0.0778809 0.684977 0.0778809 0.685785 0.0778809 0.686598 0.08021 0.686676 0.0824365 0.686676 0.0853711 0.686434 0.0878027 0.686273 0.089624 0.685937 0.0910156 0.685785 0.0923584 0.685785 0.0939795 0.685469 0.0965332 0.685352 0.0974121 0.684652 0.0985352 0.684246 0.100054 0.68368 0.101675 0.683195 0.102686 0.682223 0.103799 0.681008 0.104712 0.679953 0.105522
1 0.616133 0.0625488 0.615613 0.0628906 0.615219 0.0638037 0.61477 0.0649268 0.613926 0.0666162 0.612742 0.0679492 0.612125 0.0688672 0.611617 0.0690771 0.611113 0.0676709 0.610551 0.0666162 0.60993 0.0662646 0.609707 0.0651367 0.60948 0.0637305 0.60948 0.0625391 0.60948 0.0612695 0.60993 0.0605664 0.610605 0.0595117 0.611 0.0583203 0.611957 0.0569141 0.612574 0.0560693 0.613082 0.0548047 0.614094 0.0535352 0.614543 0.0524805 0.6155 0.0511475 0.61623 0.0498828 0.616906 0.049458 0.61848 0.0479834 0.619719 0.0472803 0.621742 0.045874 0.622867 0.0449609 0.62377 0.0442578 0.624949 0.0435547 0.626523 0.0427783 0.627145 0.0434131 0.627426 0.0443945 0.627199 0.0459424 0.626863 0.0469287 0.626188 0.0480518 0.625793 0.0490381 0.625738 0.0500195 0.625738 0.0507959 0.625176 0.0519189 0.624613 0.0529736 0.6245 0.05375 0.624219 0.0550146 0.623824 0.0561377 0.623207 0.0567725 0.622645 0.0578271 0.621969 0.0586719 0.620898 0.0595117 0.619832 0.0602148 0.618875 0.0607813 0.618086 0.0614844 0.616793 0.0619727
1 0.614938 0.177979 0.613789 0.175195 0.612441 0.172329 0.611699 0.169966 0.610687 0.167769 0.610215 0.164902 0.610145 0.160176 0.609742 0.158154 0.609199 0.156631 0.60866 0.155957 0.60866 0.153511 0.608727 0.151826 0.609875 0.149883 0.611496 0.150054 0.612777 0.151235 0.614398 0.151318 0.616086 0.151738 0.616289 0.153682 0.616895 0.156465 0.61757 0.158491 0.618449 0.159419 0.619527 0.161274 0.620203 0.163892 0.621148 0.166929 0.62216 0.169287 0.623242 0.17165 0.624051 0.173931 0.624188 0.176123 0.624254 0.17916 0.624051 0.181357 0.623512 0.183042 0.621824 0.184644 0.620203 0.184985 0.618516 0.183379 0.616828 0.182368 0.615816 0.181357 0.614871 0.179497
1 0.512 0.234756 0.509004 0.235869 0.506816 0.236885 0.504547 0.237187 0.502848 0.237793 0.502117 0.238198 0.501148 0.23668 0.50066 0.234253 0.5005 0.23314 0.500094 0.232734 0.499203 0.230503 0.498313 0.229795 0.498637 0.227773 0.499445 0.226963 0.49993 0.226255 0.502688 0.225542 0.504953 0.224736 0.506816 0.223721 0.50941 0.222505 0.511676 0.221694 0.513621 0.221597 0.514996 0.220581 0.517914 0.220684 0.519371 0.220381 0.52075 0.219165 0.522125 0.219062 0.522938 0.220078 0.523422 0.222407 0.523016 0.224634 0.522691 0.226152 0.521719 0.226758 0.52075 0.227466 0.52018 0.228179 0.51957 0.228613 0.51875 0.229199 0.518242 0.230273 0.516758 0.231543 0.516016 0.232715 0.515078 0.233745 0.513781 0.234253
1 0.496051 0.263901 0.494293 0.264341 0.493043 0.264878 0.491793 0.26561 0.490387 0.265806 0.488863 0.266147 0.487809 0.265708 0.487418 0.265122 0.487496 0.262876 0.488199 0.262192 0.488668 0.260825 0.489371 0.26019 0.490191 0.2598 0.491129 0.259458 0.491871 0.258823 0.493316 0.258335 0.494137 0.257847 0.494918 0.257261 0.497262 0.256675 0.497926 0.256528 0.498512 0.255308 0.499879 0.254673 0.50066 0.254819 0.500855 0.254136 0.502652 0.25394 0.503824 0.253892 0.506051 0.253843 0.507379 0.253647 0.508277 0.254624 0.509645 0.254673 0.510621 0.254722 0.511207 0.255845 0.51109 0.258042 0.511051 0.260044 0.510465 0.261069 0.509566 0.261655 0.508355 0.261655 0.505191 0.261704 0.504605 0.262437 0.503434 0.262729 0.502301 0.262729 0.50066 0.262925 0.499609 0.262891 0.498551 0.263218 0.497652 0.263755
1 0.394422 0.106191 0.393578 0.104785 0.393016 0.10332 0.393578 0.100684 0.394891 0.0985156 0.396109 0.0981641 0.397773 0.098584 0.398828 0.100146 0.399625 0.100625 0.400609 0.102441 0.4015 0.103906 0.402813 0.105898 0.403375 0.107539 0.404031 0.108711 0.405062 0.109883 0.405766 0.11082 0.406187 0.111992 0.406703 0.112871 0.4075 0.113691 0.408109 0.114395 0.408766 0.115156 0.409281 0.115508 0.409656 0.116914 0.410125 0.117324 0.410359 0.118965 0.410547 0.120195 0.410547 0.121719 0.409938 0.123184 0.409234 0.124004 0.408063 0.123535 0.407359 0.122832 0.406562 0.121953 0.405391 0.120781 0.404781 0.12002 0.403844 0.119258 0.402953 0.117793 0.401641 0.116035 0.400938 0.115039 0.399859 0.114043 0.398875 0.113164 0.398172 0.112109 0.39775 0.110879 0.397047 0.109707 0.396156 0.108887 0.394984 0.107539
1 0.399512 0.0564893 0.396867 0.0575439 0.392313 0.0577539 0.390512 0.0567725 0.389219 0.0551562 0.388879 0.0529053 0.389949 0.0510742 0.391523 0.0491797 0.39366 0.0482617 0.395066 0.0467188 0.395742 0.0461523 0.397316 0.0458008 0.398836 0.0453125 0.400523 0.0436914 0.402773 0.0432031 0.40525 0.0430615 0.407461 0.0433594 0.410367 0.0428516 0.411324 0.0431299 0.413293 0.0445361 0.413855 0.0469287 0.413629 0.0498096 0.412844 0.051499 0.412055 0.0525537 0.411211 0.0530469 0.410117 0.0535645 0.408281 0.0539063 0.406316 0.0543115 0.403898 0.055083 0.40193 0.0557178 0.400523 0.0562109
1 0.207648 0.0315674 0.204637 0.0329053 0.202207 0.033999 0.200262 0.0341162 0.198414 0.0341162 0.197348 0.0341162 0.196082 0.0346045 0.1955 0.0346045 0.19482 0.033877 0.19482 0.0326611 0.195012 0.0312012 0.195789 0.0298633 0.196082 0.0284082 0.196957 0.0263428 0.198805 0.025127 0.199875 0.0243994 0.200652 0.023667 0.201621 0.0233057 0.202594 0.0230615 0.203566 0.0225732 0.205023 0.0218457 0.206578 0.0201465 0.207941 0.0188086 0.209594 0.0175928 0.211344 0.0157715 0.212121 0.0146777 0.212996 0.013584 0.214355 0.0133398 0.21523 0.0141943 0.21523 0.0166211 0.215328 0.0186865 0.214938 0.020752 0.214062 0.0229395 0.213578 0.0242773 0.212898 0.0262207 0.21241 0.0274365 0.210953 0.0290137 0.209691 0.0298633 0.208719 0.0308398
1 0.102477 0.0833252 0.103285 0.0797998 0.102477 0.0752637 0.102074 0.0717383 0.10127 0.0684619 0.100059 0.0646826 0.0994531 0.0619141 0.100461 0.0591406 0.101672 0.0578809 0.103484 0.0583838 0.105301 0.0606543 0.106309 0.0634229 0.108324 0.0672021 0.109332 0.0707324 0.109332 0.073501 0.109531 0.0770264 0.109531 0.0805566 0.109531 0.0823193 0.109332 0.084585 0.108523 0.0873584 0.107113 0.0881152 0.10409 0.0883643 0.10268 0.0878613 0.102266 0.0855957
1 0.136211 0.20957 0.137773 0.210645 0.140254 0.211851 0.142437 0.21353 0.144957 0.21479 0.145965 0.21563 0.147645 0.21731 0.149156 0.217939 0.149324 0.218359 0.149996 0.219409 0.150332 0.220459 0.1505 0.222559 0.149996 0.224238 0.14882 0.226338 0.148484 0.226338 0.145965 0.225288 0.145125 0.224238 0.143477 0.222949 0.138906 0.222168 0.136055 0.221299 0.135469 0.220117 0.133199 0.219409 0.13152 0.218359 0.130176 0.21731 0.129504 0.2171 0.129062 0.215918 0.127969 0.214404 0.126648 0.21416 0.126648 0.21311 0.12732 0.212061 0.129 0.210381 0.131688 0.209331 0.133711 0.209717
1 0.142758 0.251655 0.140238 0.253545 0.137719 0.255645 0.136406 0.255518 0.136039 0.254595 0.136207 0.252705 0.136207 0.251235 0.136367 0.249268 0.137227 0.24707 0.137227 0.245166 0.138055 0.243262 0.138559 0.242002 0.138789 0.240234 0.138867 0.238574 0.138047 0.237646 0.137852 0.235937 0.137047 0.233604 0.136879 0.231714 0.136879 0.230454 0.137047 0.229404 0.137215 0.227095 0.137551 0.226255 0.138055 0.224785 0.138391 0.224365 0.140574 0.226045 0.142254 0.227095 0.14343 0.228564 0.144605 0.230454 0.145227 0.231084 0.145715 0.232383 0.146031 0.233096 0.146437 0.234629 0.146437 0.235933 0.146437 0.237148 0.146687 0.238262 0.146687 0.240591 0.14652 0.242021 0.145703 0.243848 0.145703 0.245264 0.145629 0.247188 0.145059 0.248696 0.143684 0.250713
1 0.106719 0.232363 0.108934 0.235283 0.111031 0.238633 0.113832 0.24082 0.115699 0.239946 0.116516 0.237905 0.116516 0.234844 0.115934 0.233096 0.114531 0.231343 0.11325 0.229595 0.111848 0.227554 0.110449 0.225513 0.109168 0.224492 0.108117 0.223325 0.106949 0.221431 0.106367 0.220117 0.104383 0.21939 0.102168 0.219971 0.101 0.220991 0.100184 0.222451 0.0999531 0.223618 0.100535 0.224639 0.101703 0.225513 0.102637 0.226973 0.103918 0.22916 0.104617 0.230469
1 0.0767969 0.217061 0.0723398 0.217261 0.0676445 0.216655 0.0642422 0.215034 0.0618906 0.21311 0.061 0.210884 0.061082 0.209468 0.0630273 0.208149 0.0656172 0.207847 0.0682109 0.207339 0.0703164 0.207139 0.0735547 0.207036 0.076875 0.207339 0.0785781 0.207847 0.0816562 0.208149 0.0832773 0.20896 0.0842461 0.20916 0.0860313 0.209971 0.0865156 0.210581 0.087 0.212505 0.0872461 0.214629 0.0872461 0.21564 0.0858672 0.21625 0.0834375 0.216655 0.0820625 0.216655 0.0807656 0.216553 0.0788203 0.216958
1 0.0166602 0.278496 0.013582 0.277588 0.00985547 0.275361 0.00669922 0.272827 0.00491797 0.270903 0.00297266 0.269292 0.00329687 0.26584 0.00467188 0.263008 0.00669922 0.2623 0.0101797 0.263413 0.0132578 0.264526 0.0156875 0.265234 0.0170664 0.267056 0.0193359 0.267358 0.0212773 0.268472 0.0233828 0.270093 0.0248438 0.272017 0.0256523 0.27313 0.026543 0.275664 0.0260586 0.278398 0.0249219 0.280015 0.0228984 0.280127 0.0211172 0.280015 0.0186875 0.279609
1 0.259969 0.27626 0.257945 0.274941 0.254867 0.274336 0.252922 0.273931 0.25025 0.274233 0.248223 0.273325 0.247332 0.271299 0.247332 0.269575 0.24782 0.267754 0.249359 0.266846 0.251465 0.266338 0.254301 0.266338 0.256891 0.268057 0.259484 0.26877 0.261914 0.270083 0.26625 0.272168 0.268281 0.272168 0.270012 0.273628 0.271473 0.274941 0.27207 0.2771 0.272305 0.279199 0.27309 0.280918 0.272766 0.281523 0.270258 0.281221 0.268719 0.281323 0.266691 0.279805 0.265965 0.278691 0.26543 0.277441 0.26418 0.277373 0.262965 0.277271 0.261719 0.276953
1 0.226445 0.361992 0.224984 0.361851 0.223297 0.361147 0.223016 0.35918 0.22307 0.35728 0.223973 0.355522 0.224535 0.353555 0.224871 0.351655 0.225434 0.349614 0.226445 0.346733 0.227066 0.344766 0.228078 0.342866 0.22909 0.340898 0.23016 0.339419 0.231902 0.337734 0.234039 0.335552 0.235223 0.33478 0.236516 0.335552 0.237922 0.33668 0.238258 0.338154 0.237527 0.339492 0.236629 0.340474 0.236234 0.342305 0.235277 0.343428 0.234152 0.344272 0.233984 0.345469 0.23359 0.346943 0.233141 0.347578 0.232352 0.347856 0.232129 0.348911 0.232016 0.350039 0.231406 0.350684 0.231285 0.352358 0.231059 0.353271 0.230383 0.354819 0.23016 0.355942 0.23016 0.356367 0.229484 0.35728 0.228809 0.357773 0.228359 0.359038 0.227516 0.359883 0.227289 0.361006
1 0.164508 0.421333 0.166477 0.423301 0.167828 0.424497 0.168277 0.42541 0.16884 0.426748 0.169234 0.427803 0.16991 0.429561 0.171484 0.429771 0.172777 0.429844 0.173508 0.429209 0.173734 0.42752 0.17407 0.426465 0.174184 0.423794 0.174352 0.422036 0.17441 0.42063 0.173453 0.419575 0.173172 0.417676 0.172328 0.417676 0.171484 0.416411 0.170977 0.414443 0.170246 0.414023 0.169797 0.413809 0.169516 0.412969 0.169289 0.412334 0.169066 0.412051 0.168672 0.411699 0.168559 0.411279 0.168391 0.410225 0.167883 0.409805 0.167379 0.409731 0.166871 0.40959 0.16659 0.409521 0.166141 0.409521 0.165633 0.409238 0.165184 0.408398 0.164285 0.408047 0.164059 0.406777 0.16282 0.406216 0.162258 0.405654 0.161246 0.405303 0.159953 0.405303 0.159277 0.405938 0.159164 0.407129 0.159109 0.407832 0.158379 0.407974 0.158039 0.408115 0.157816 0.408818 0.157535 0.409521 0.156859 0.410083 0.156352 0.410576 0.156297 0.411841 0.156297 0.412686 0.156691 0.413457 0.157195 0.414023 0.157703 0.415005 0.158098 0.415708 0.158434 0.416201 0.159109 0.416484 0.159672 0.417114 0.160234 0.417114 0.16057 0.417187 0.161754 0.418379 0.161992 0.418945 0.1625 0.419141 0.163086 0.419092 0.163609 0.420703
1 0.317449 0.301064 0.313961 0.302681 0.311824 0.303877 0.309066 0.303525 0.30766 0.301978 0.306199 0.301206 0.305918 0.298813 0.306141 0.297056 0.307266 0.296284 0.308168 0.295371 0.308898 0.294385 0.311203 0.294385 0.313793 0.294316 0.315254 0.294033 0.317109 0.293188 0.318293 0.292275 0.319754 0.291079 0.320766 0.289746 0.322398 0.289321 0.323918 0.289253 0.324254 0.290728 0.324367 0.292485 0.323523 0.293823 0.323355 0.295791 0.32341 0.297129 0.321949 0.296987 0.321723 0.298462 0.321105 0.299097 0.320543 0.299097 0.319922 0.299097 0.319699 0.300503 0.318574 0.300713
1 0.379551 0.355024 0.377441 0.356543 0.375906 0.358364 0.374121 0.360488 0.372582 0.362109 0.371207 0.362314 0.368453 0.362817 0.36675 0.362617 0.365617 0.363022 0.365133 0.364336 0.363996 0.364033 0.362945 0.362007 0.362539 0.360288 0.362539 0.35583 0.364809 0.355527 0.365781 0.355327 0.36675 0.353809 0.368211 0.352388 0.369426 0.351274 0.371043 0.350771 0.371449 0.349453 0.372258 0.347832 0.373473 0.346621 0.373879 0.345098 0.374121 0.342871 0.375012 0.339731 0.37866 0.3371 0.381168 0.335278 0.384004 0.333657 0.384246 0.334268 0.384168 0.335483 0.383031 0.337002 0.382383 0.338013 0.381574 0.339229 0.381414 0.341353 0.381414 0.342773 0.381414 0.344795 0.380926 0.346113 0.380926 0.347935 0.381168 0.349453 0.38052 0.350264 0.380359 0.352187 0.379711 0.353706
1 0.386797 0.335791 0.38625 0.335791 0.385859 0.33667 0.38582 0.337402 0.385664 0.338037 0.385391 0.338965 0.38543 0.340234 0.385391 0.341211 0.385859 0.342383 0.386172 0.343604 0.386602 0.34502 0.38707 0.346094 0.387188 0.347168 0.387383 0.348145 0.387383 0.348975 0.387656 0.35 0.388164 0.350586 0.389023 0.351172 0.389609 0.352197 0.390273 0.353125 0.390781 0.353613 0.391914 0.35459 0.392617 0.355811 0.393828 0.356836 0.394648 0.357715 0.396406 0.359668 0.397969 0.3604 0.398984 0.361377 0.399766 0.361914 0.40207 0.361572 0.404141 0.361621 0.404609 0.360938 0.404453 0.359961 0.403828 0.359521 0.402773 0.358643 0.402461 0.358057 0.402187 0.356787 0.401836 0.355957 0.40125 0.355127 0.400859 0.354639 0.400664 0.352881 0.400664 0.352148 0.400039 0.351367 0.399336 0.35083 0.398711 0.349951 0.39793 0.348877 0.397344 0.348145 0.396523 0.347168 0.395742 0.34624 0.395078 0.345264 0.394453 0.344531 0.394062 0.343994 0.393672 0.343164 0.393516 0.342676 0.393281 0.341943 0.393008 0.340918 0.391328 0.340625 0.390703 0.339648 0.390156 0.338867 0.389609 0.338232 0.388945 0.337256 0.388008 0.336719 0.387539 0.336035
0 0.333652 0.312314 0.332031 0.312905 0.330613 0.313833 0.329602 0.315269 0.328793 0.31645 0.327578 0.317969 0.326633 0.318135 0.325348 0.317544 0.323863 0.316533 0.324406 0.314424 0.326023 0.312061 0.328117 0.309189 0.329602 0.307671 0.331086 0.306577 0.332773 0.305479 0.334328 0.304888 0.335137 0.305312 0.335879 0.305312 0.337027 0.304634 0.338105 0.303877 0.33993 0.303794 0.341887 0.304214 0.343441 0.304551 0.345262 0.305396 0.346883 0.305986 0.349313 0.306743 0.35127 0.307671 0.354035 0.307842 0.355926 0.307505 0.357613 0.30708 0.359707 0.306406 0.361461 0.305142 0.362879 0.303794 0.363758 0.303369 0.364434 0.303369 0.365242 0.304043 0.366051 0.304722 0.366121 0.306323 0.366121 0.307925 0.365848 0.309697 0.365578 0.310542 0.365578 0.311641 0.365715 0.312651 0.366051 0.313579 0.366121 0.314253 0.366121 0.315098 0.365512 0.315942 0.36477 0.31645 0.363418 0.316533 0.362676 0.316279 0.361867 0.316279 0.360785 0.316279 0.36018 0.317124 0.358629 0.318218 0.356129 0.318979 0.354238 0.319233 0.351945 0.318896 0.350863 0.317798 0.349176 0.317378 0.345195 0.317207 0.343844 0.316362 0.343102 0.315435 0.342426 0.314678 0.34148 0.314678 0.340738 0.314341 0.340078 0.313184 0.338594 0.312354 0.336992 0.311768 0.335117 0.311963
1 0.328699 0.399136 0.327727 0.397212 0.328051 0.395693 0.328375 0.392148 0.329266 0.391543 0.330805 0.391646 0.332746 0.391035 0.334449 0.389517 0.336637 0.387695 0.337852 0.386382 0.338824 0.384961 0.338902 0.382837 0.341008 0.380405 0.342629 0.378784 0.344492 0.377471 0.346273 0.377065 0.347488 0.37605 0.348785 0.37585 0.350648 0.377368 0.352027 0.379292 0.352672 0.379897 0.352672 0.381113 0.352348 0.381924 0.350813 0.382129 0.34984 0.38395 0.348949 0.385571 0.34741 0.38709 0.346922 0.387998 0.345301 0.388706 0.344734 0.390024 0.343762 0.39124 0.342547 0.392456 0.34182 0.394072 0.340848 0.394785 0.339227 0.395996 0.33777 0.397314 0.335746 0.398228 0.333395 0.398633 0.330723 0.399238
1 0.310789 0.438125 0.309551 0.439248 0.308594 0.440869 0.307355 0.442344 0.306512 0.44375 0.305445 0.444805 0.304262 0.446772 0.303137 0.448955 0.301563 0.451768 0.300719 0.453311 0.30027 0.454932 0.298074 0.458232 0.296781 0.460132 0.295602 0.462314 0.295207 0.464209 0.295488 0.46625 0.296613 0.468008 0.297457 0.469766 0.30027 0.467866 0.302293 0.466812 0.303812 0.464775 0.305164 0.462803 0.306738 0.460625 0.307469 0.458799 0.308258 0.456826 0.309043 0.455 0.309664 0.453804 0.310395 0.451768 0.31152 0.448955 0.31225 0.446772 0.312758 0.444663 0.313375 0.443682 0.313824 0.442627 0.313824 0.441499 0.313824 0.4396 0.313375 0.438408 0.312137 0.43728
1 0.265699 0.547744 0.264215 0.549097 0.262391 0.548081 0.261379 0.547407 0.260434 0.546987 0.259961 0.546143 0.260773 0.543442 0.261785 0.540488 0.263203 0.537534 0.264688 0.53416 0.266375 0.530615 0.268738 0.526821 0.270156 0.524712 0.272246 0.522939 0.274543 0.522178 0.275555 0.523276 0.275824 0.525557 0.275621 0.528506 0.275219 0.530449 0.274477 0.532222 0.273867 0.533994 0.272789 0.535933 0.27218 0.537788 0.271234 0.539224 0.270086 0.540913 0.269211 0.542769 0.268266 0.54437 0.267453 0.545635
1 0.28973 0.568164 0.289324 0.566812 0.289324 0.563945 0.290406 0.560571 0.291687 0.558208 0.293375 0.555425 0.294258 0.552832 0.294922 0.549902 0.295805 0.54918 0.297086 0.545718 0.29891 0.542852 0.300262 0.542007 0.302285 0.541587 0.302621 0.541924 0.302961 0.542852 0.302891 0.544624 0.302488 0.545381 0.302352 0.547578 0.301949 0.548672 0.300934 0.54918 0.300867 0.551206 0.300867 0.552979 0.300703 0.55376 0.300195 0.554443 0.299988 0.555254 0.299855 0.556436 0.29918 0.556855 0.29891 0.557788 0.298844 0.558882 0.298574 0.560234 0.297965 0.561416 0.297156 0.562007 0.29648 0.563018 0.296074 0.563945 0.295871 0.565801 0.295266 0.566475 0.294387 0.566562 0.294184 0.568164 0.294051 0.569346 0.293711 0.569854 0.292699 0.570273 0.291418 0.57002 0.290539 0.568921
2 0.29457 0.541895 0.294336 0.54585 0.294063 0.547852 0.293203 0.549854 0.292383 0.552246 0.291406 0.554102 0.290859 0.555859 0.289687 0.557813 0.288906 0.559473 0.288281 0.56123 0.287461 0.5625 0.286484 0.563867 0.285352 0.564355 0.283047 0.564404 0.282734 0.559473 0.282852 0.557129 0.283438 0.555078 0.283711 0.553467 0.284414 0.552637 0.284961 0.550928 0.285469 0.549707 0.286094 0.548047 0.287305 0.546533 0.288008 0.545117 0.288633 0.543848 0.290273 0.543018 0.291914 0.542041 0.29332 0.541748
1 0.382652 0.538345 0.38184 0.535918 0.380391 0.534375 0.379297 0.529443 0.378602 0.527915 0.37852 0.524272 0.379008 0.520933 0.37998 0.517388 0.381355 0.515259 0.38257 0.518398 0.383379 0.519717 0.384594 0.521841 0.385648 0.52397 0.386457 0.52751 0.386863 0.529941 0.387672 0.531763 0.389211 0.533994 0.389941 0.536523 0.390105 0.537842 0.390914 0.53936 0.391562 0.541182 0.39132 0.546748 0.390348 0.548066 0.388727 0.548975 0.386703 0.548472 0.385488 0.546953 0.383867 0.544014 0.383293 0.540835
1 0.413359 0.577461 0.413305 0.574512 0.414148 0.573525 0.414652 0.571133 0.415609 0.57022 0.415777 0.5679 0.41668 0.566211 0.417352 0.563965 0.41859 0.563047 0.418703 0.561431 0.420055 0.560586 0.42084 0.55876 0.421965 0.557422 0.422922 0.556157 0.423934 0.554609 0.425902 0.553345 0.427984 0.553486 0.428547 0.554751 0.428996 0.555664 0.428883 0.560234 0.42759 0.561572 0.427309 0.564102 0.426859 0.566074 0.42568 0.56748 0.424777 0.569165 0.424102 0.571133 0.424215 0.572681 0.422641 0.574229 0.421797 0.575493 0.420703 0.575391 0.420391 0.576548 0.420898 0.577251 0.420898 0.578164 0.419883 0.579785 0.41859 0.579922 0.418141 0.58084 0.417578 0.582173 0.416789 0.583301 0.415836 0.583721 0.415383 0.582524 0.415555 0.580415 0.415215 0.579434 0.414203 0.579082
1 0.443988 0.575825 0.442098 0.573716 0.440207 0.571016 0.439531 0.568232 0.438586 0.566797 0.43825 0.565024 0.438586 0.562749 0.439262 0.561904 0.440613 0.56123 0.443109 0.561816 0.444258 0.563086 0.445809 0.564268 0.447297 0.565195 0.449184 0.566968 0.450398 0.568145 0.451887 0.568398 0.452695 0.569243 0.453504 0.570679 0.45418 0.572617 0.45607 0.574727 0.456949 0.577515 0.456949 0.580044 0.456813 0.581982 0.455461 0.582827 0.453707 0.58249 0.451211 0.581055 0.449793 0.579873 0.449051 0.57937 0.447094 0.579116 0.445809 0.577344
1 0.671617 0.507549 0.672496 0.505859 0.672898 0.504092 0.673305 0.502568 0.673441 0.498774 0.674184 0.49624 0.674656 0.492363 0.674586 0.488984 0.675465 0.486709 0.676547 0.485444 0.678906 0.48502 0.680055 0.484854 0.680867 0.485273 0.681539 0.486455 0.68127 0.488984 0.68127 0.493545 0.681676 0.494976 0.681945 0.497256 0.680934 0.498101 0.680664 0.500293 0.680934 0.502993 0.680594 0.505356 0.679719 0.507041 0.678031 0.50873 0.67668 0.51042 0.676207 0.51126 0.675195 0.511597 0.674316 0.512104 0.672629 0.513286 0.671078 0.513369 0.670742 0.511431 0.670809 0.508477
2 0.625941 0.566245 0.619098 0.566538 0.61877 0.564663 0.61891 0.562847 0.61891 0.561089 0.619238 0.558979 0.619941 0.558394 0.621816 0.558101 0.624629 0.558159 0.625895 0.557632 0.627535 0.556636 0.63002 0.556343 0.634566 0.556401 0.63766 0.556636 0.638832 0.557808 0.638645 0.559565 0.637895 0.560737 0.637238 0.562788 0.636441 0.563315 0.633301 0.563726 0.630113 0.563491 0.629457 0.56478 0.628707 0.565483 0.626926 0.565249
1 0.66725 0.881831 0.665113 0.883589 0.662918 0.885347 0.661457 0.886401 0.660273 0.887036 0.658531 0.887388 0.656395 0.887388 0.656281 0.883872 0.656281 0.881201 0.658418 0.877686 0.661117 0.87501 0.664156 0.873252 0.667867 0.87269 0.672312 0.872412 0.674563 0.872622 0.677488 0.874028 0.678836 0.875361 0.678895 0.881338 0.676867 0.881553 0.673156 0.881689 0.671582 0.88085 0.67043 0.880566 0.669387 0.880708
1 0.670895 0.572085 0.669207 0.570615 0.667687 0.569702 0.666844 0.568154 0.666844 0.565059 0.668926 0.563652 0.66932 0.562739 0.670387 0.562661 0.671008 0.563438 0.67202 0.564429 0.673539 0.565757 0.674664 0.566465 0.676125 0.567441 0.677758 0.567866 0.679332 0.568296 0.679668 0.569902 0.680738 0.569902 0.681582 0.571387 0.682426 0.572505 0.684 0.573218 0.684676 0.574194 0.685574 0.575679 0.686926 0.575879 0.687207 0.576802 0.687094 0.578413 0.687039 0.579824 0.686477 0.581294 0.685238 0.58123 0.684957 0.584185 0.684676 0.585239 0.683043 0.584883 0.681074 0.582559 0.679668 0.581016 0.677926 0.579746 0.676238 0.57814 0.674945 0.576802 0.673594 0.575601 0.672582 0.574624 0.67157 0.57314
1 0.513961 0.505693 0.509633 0.505557 0.509238 0.506538 0.505523 0.506963 0.503555 0.507383 0.501867 0.507734 0.501586 0.509424 0.500352 0.510405 0.50007 0.512236 0.500012 0.514834 0.500461 0.515537 0.502992 0.515327 0.506199 0.514346 0.508898 0.514272 0.51143 0.514272 0.514414 0.514062 0.517113 0.513643 0.518801 0.511885 0.519586 0.511885 0.52032 0.512515 0.520992 0.512515 0.522398 0.511602 0.522852 0.511108 0.523637 0.510757 0.524539 0.510054 0.525383 0.509492 0.525773 0.509209 0.526168 0.508857 0.526227 0.507593 0.526227 0.506748 0.524762 0.506328 0.523918 0.506045 0.523133 0.505557 0.522176 0.505273 0.52077 0.505342 0.519195 0.505342 0.517508 0.505483 0.516602 0.50542 0.515977 0.505176 0.514918 0.505205 0.514648 0.50542
1 0.542707 0.585898 0.541805 0.584214 0.541242 0.582808 0.541582 0.581821 0.541805 0.581401 0.542145 0.580625 0.542145 0.579922 0.542145 0.578799 0.541863 0.578237 0.541523 0.576899 0.541414 0.575986 0.541133 0.575073 0.540793 0.574932 0.540512 0.57437 0.540457 0.573594 0.540398 0.572471 0.540398 0.571978 0.54023 0.571416 0.540117 0.570854 0.539668 0.570713 0.539332 0.570078 0.539164 0.568462 0.538883 0.567407 0.538992 0.564878 0.538824 0.56312 0.53843 0.562979 0.537586 0.562627 0.537477 0.561221 0.537926 0.560234 0.53877 0.55918 0.539273 0.557847 0.540176 0.557144 0.541133 0.556792 0.541863 0.558057 0.542145 0.558901 0.542762 0.560659 0.542988 0.562065 0.54327 0.56312 0.544336 0.564175 0.544789 0.564946 0.545633 0.567266 0.545801 0.568955 0.546195 0.571978 0.546363 0.574438 0.546363 0.577183 0.546758 0.578447 0.546926 0.579995 0.546477 0.580415 0.546137 0.582104 0.546195 0.582808 0.545801 0.583931 0.545352 0.585337 0.54518 0.585972 0.54473 0.586953 0.544227 0.588081 0.544055 0.588994 0.543211 0.588994 0.543047 0.587109
1 0.480328 0.603755 0.47898 0.606367 0.477969 0.608057 0.477766 0.61084 0.476617 0.611011 0.476617 0.613623 0.476754 0.615649 0.477223 0.617422 0.478574 0.617842 0.479992 0.617759 0.480598 0.618857 0.481613 0.618857 0.482355 0.61894 0.482691 0.616831 0.483637 0.615732 0.484988 0.613203 0.48627 0.610586 0.487281 0.608394 0.48843 0.605776 0.489375 0.604092 0.489645 0.601729 0.489645 0.600547 0.490793 0.600547 0.491266 0.600293 0.491602 0.598437 0.490723 0.596665 0.489238 0.595737 0.489035 0.595229 0.488969 0.594136 0.489711 0.593628 0.49032 0.593628 0.490648 0.593872 0.490648 0.59436 0.490527 0.595098 0.491117 0.595391 0.491816 0.594902 0.492094 0.594077 0.492094 0.592852 0.491664 0.592363 0.491395 0.591484 0.491117 0.590996 0.490332 0.590649 0.489164 0.590649 0.488383 0.590557 0.488187 0.59124 0.487723 0.591382 0.487289 0.590947 0.486703 0.591138 0.486234 0.591484 0.485961 0.592119 0.485566 0.593096 0.484824 0.59417 0.484441 0.594707 0.483773 0.595586 0.483422 0.59627 0.482793 0.596514 0.482719 0.598125 0.482059 0.598564 0.482059 0.599932 0.481172 0.600244 0.481152 0.60189 0.480922 0.602856
1 0.47157 0.638896 0.469781 0.636846 0.468336 0.635557 0.466836 0.633623 0.465562 0.632158 0.464492 0.631104 0.463367 0.629697 0.461953 0.628936 0.461578 0.626885 0.462477 0.626182 0.463367 0.625713 0.463836 0.625127 0.465562 0.624717 0.467812 0.625771 0.469508 0.626768 0.471375 0.628701 0.472969 0.6304 0.473867 0.631396 0.475266 0.63292 0.476484 0.634502 0.477281 0.63626 0.479109 0.6396 0.480102 0.640186 0.480328 0.642002 0.480477 0.643994 0.480656 0.645693 0.480945 0.6471 0.480281 0.648623 0.479352 0.649209 0.477609 0.649033 0.476766 0.648447 0.476484 0.646104 0.476344 0.645225 0.475414 0.644287 0.474664 0.643115 0.473914 0.642178 0.472828 0.640537
1 0.477477 0.674722 0.474398 0.673809 0.472969 0.673047 0.47043 0.67249 0.468813 0.670566 0.468082 0.668745 0.468324 0.664492 0.469215 0.663887 0.470918 0.665908 0.472781 0.666719 0.474563 0.667734 0.475777 0.668237 0.478047 0.66895 0.481449 0.670161 0.485094 0.670264 0.487766 0.669961 0.489387 0.670264 0.489547 0.671582 0.490355 0.672593 0.491086 0.673809 0.491168 0.675225 0.490762 0.676138 0.489871 0.676743 0.487926 0.677148 0.484605 0.677148 0.481449 0.677148 0.480477 0.676646 0.479422 0.675732 0.479016 0.675327
1 0.501887 0.711309 0.500816 0.709551 0.501547 0.707656 0.501492 0.705332 0.503012 0.704771 0.503516 0.703013 0.506047 0.702451 0.506836 0.701328 0.50841 0.700552 0.510266 0.698867 0.511055 0.697598 0.512348 0.697246 0.514035 0.696826 0.515555 0.696191 0.516734 0.69542 0.517805 0.695278 0.517805 0.695488 0.518535 0.695771 0.519324 0.69563 0.519379 0.695278 0.522473 0.695137 0.525117 0.695068 0.525453 0.696758 0.526074 0.697036 0.526242 0.698442 0.526242 0.69999 0.525566 0.70041 0.525285 0.701465 0.524047 0.70231 0.523148 0.703154 0.522305 0.703574 0.521629 0.704277 0.520449 0.705332 0.519492 0.705825 0.518703 0.706318 0.517973 0.706738 0.517074 0.707305 0.516566 0.707935 0.51623 0.708848 0.515105 0.709199 0.513305 0.709551 0.512574 0.710537 0.511504 0.71124 0.509535 0.711523 0.508691 0.712295 0.508129 0.713066 0.506273 0.713418 0.503855 0.713418 0.502504 0.713281 0.501941 0.71293
1 0.10834 0.590884 0.107324 0.589956 0.105996 0.589712 0.104434 0.589224 0.102441 0.588931 0.10084 0.588735 0.0998633 0.587563 0.0991602 0.586538 0.099707 0.58522 0.100918 0.583413 0.10248 0.582534 0.103262 0.582534 0.104824 0.582632 0.107285 0.582681 0.109668 0.582632 0.11127 0.582632 0.113027 0.582778 0.114434 0.583413 0.115605 0.583511 0.116504 0.583853 0.116934 0.584341 0.117168 0.584976 0.119668 0.585024 0.121621 0.584878 0.123301 0.584878 0.124668 0.585073 0.125566 0.585708 0.126152 0.58644 0.126309 0.588052 0.126348 0.589419 0.126309 0.590347 0.125762 0.590884 0.125059 0.59147 0.124199 0.592104 0.123535 0.592935 0.123184 0.593813 0.122832 0.594351 0.121973 0.594546 0.116777 0.594399 0.116152 0.593569 0.11416 0.593423 0.113125 0.593262 0.112793 0.593032 0.112246 0.592642 0.11127 0.592202 0.110137 0.591616 0.109355 0.591323
1 0.0425742 0.60707 0.0380273 0.60877 0.0346055 0.609707 0.0318867 0.609941 0.029918 0.608008 0.0300586 0.605137 0.0316523 0.602207 0.0331992 0.60127 0.0353086 0.600273 0.0368086 0.598691 0.0384492 0.597695 0.0396211 0.596875 0.0407461 0.596055 0.0421055 0.595117 0.0437461 0.594473 0.0451523 0.594414 0.0480586 0.594531 0.0499336 0.595059 0.0522305 0.595645 0.0534023 0.595879 0.0541055 0.596816 0.0541055 0.598223 0.053918 0.599746 0.0532148 0.600625 0.0522773 0.601328 0.0508711 0.60209 0.049043 0.603203 0.0476367 0.603965 0.0462305 0.60502 0.0451523 0.605723 0.0440273 0.606133
1 0.0288047 0.646602 0.0288047 0.644141 0.0289766 0.642314 0.0290312 0.640132 0.0294258 0.638306 0.029707 0.636616 0.0302695 0.635493 0.0313359 0.634087 0.0323516 0.632749 0.0333633 0.632397 0.0338672 0.632891 0.0347695 0.634155 0.0357266 0.635 0.0365703 0.636055 0.0374141 0.636758 0.0380313 0.638799 0.0383125 0.640205 0.0383125 0.643228 0.0383672 0.648994 0.0383125 0.652368 0.0380313 0.654268 0.0369063 0.656797 0.0352188 0.657993 0.0335312 0.659399 0.0325195 0.660171 0.0304922 0.660874 0.0290312 0.661157 0.0281875 0.660874 0.027625 0.660312 0.0272891 0.658906 0.0271758 0.657783 0.0268945 0.656587 0.0266133 0.655674 0.0268945 0.653071 0.0272891 0.651875 0.0278516 0.65082 0.0280195 0.650259 0.0284141 0.648501
1 0.754816 0.847607 0.752191 0.846396 0.749129 0.843926 0.747574 0.841982 0.746012 0.841196 0.744406 0.840029 0.743785 0.839639 0.743824 0.833931 0.744953 0.833428 0.746207 0.833882 0.747496 0.834658 0.748547 0.835288 0.749285 0.836309 0.749531 0.8371 0.751203 0.837778 0.752301 0.838218 0.752844 0.839199 0.753195 0.840029 0.754332 0.840708 0.755227 0.840659 0.755898 0.841113 0.756363 0.841885 0.756672 0.842617 0.758629 0.842808 0.759406 0.843638 0.759598 0.844521 0.760621 0.845591 0.761398 0.846758 0.761992 0.847305 0.762922 0.848179 0.763816 0.849507 0.765109 0.851108 0.765965 0.851885 0.766832 0.85292 0.767023 0.853599 0.767062 0.854136 0.766172 0.855068 0.765188 0.855313 0.764102 0.855166 0.763 0.854326 0.761359 0.852627 0.760309 0.852432 0.759406 0.851401 0.757887 0.851401 0.757062 0.850527 0.756129 0.849443 0.755496 0.848765 0.755109 0.848423
1 0.694051 0.781299 0.69259 0.78397 0.691016 0.786289 0.689383 0.78875 0.68809 0.792266 0.687641 0.797051 0.687582 0.800566 0.688766 0.803799 0.689551 0.808018 0.689832 0.811113 0.692027 0.811602 0.694613 0.811533 0.695852 0.809492 0.695402 0.806543 0.695176 0.804009 0.69557 0.800918 0.696133 0.797119 0.696977 0.79332 0.697371 0.791353 0.697652 0.783618 0.696922 0.782563 0.695852 0.781509
1 0.682016 0.799648 0.679203 0.802461 0.676672 0.804785 0.675434 0.804785 0.674477 0.807524 0.673297 0.807949 0.671945 0.807383 0.671215 0.80626 0.671215 0.804219 0.671215 0.802041 0.67127 0.800352 0.671551 0.798525 0.671891 0.796768 0.672621 0.794941 0.674422 0.794307 0.676109 0.792407 0.677121 0.791353 0.678984 0.790479 0.679652 0.78833 0.681453 0.786924 0.683242 0.786768 0.684996 0.785937 0.688371 0.784673 0.689219 0.784912 0.689492 0.786963 0.688594 0.786133 0.688203 0.78854 0.688258 0.789946 0.68809 0.791562 0.687414 0.793604 0.68657 0.79543 0.685613 0.796699 0.684488 0.797188 0.68359 0.798105
2 0.646977 0.82791 0.646461 0.829492 0.64557 0.830723 0.64482 0.83248 0.643602 0.834238 0.643367 0.835527 0.642711 0.836465 0.642289 0.838047 0.641539 0.839043 0.641258 0.840566 0.64018 0.840977 0.639758 0.843262 0.639242 0.844141 0.639008 0.854453 0.639523 0.855039 0.640461 0.85375 0.640836 0.851465 0.642055 0.850059 0.642898 0.849707 0.643273 0.846719 0.643602 0.845605 0.645289 0.843906 0.647117 0.839805 0.647258 0.836113 0.648148 0.835527 0.648383 0.832422 0.64782 0.831543 0.64768 0.827969
1 0.602746 0.891641 0.600113 0.894087 0.596953 0.897412 0.595352 0.898486 0.594984 0.901768 0.594176 0.904214 0.593566 0.906406 0.592691 0.908433 0.592148 0.910454 0.591609 0.912144 0.590262 0.913408 0.589113 0.914253 0.588977 0.91687 0.589789 0.91729 0.590598 0.918892 0.591203 0.91957 0.592285 0.920835 0.593363 0.92041 0.594852 0.918052 0.596672 0.916362 0.598629 0.914927 0.599711 0.911807 0.600387 0.90936 0.601465 0.906743 0.602074 0.904551 0.603086 0.903223 0.603289 0.901177 0.604531 0.899902 0.605312 0.898486 0.608012 0.897549 0.608148 0.895098 0.607406 0.893833 0.606461 0.892061 0.605988 0.891133 0.604434 0.891304
2 0.618746 0.887319 0.619059 0.884097 0.619332 0.882974 0.620777 0.883413 0.621285 0.88439 0.621871 0.885122 0.622809 0.886147 0.624215 0.886831 0.624996 0.887026 0.625074 0.891128 0.623902 0.891616 0.622574 0.892593 0.62148 0.893179 0.621168 0.894546 0.619801 0.895083 0.619293 0.896401 0.618473 0.897378 0.617848 0.899233 0.616402 0.900405 0.614215 0.902358 0.612887 0.902261 0.612027 0.903579 0.610426 0.903726 0.608668 0.904116 0.607418 0.902603 0.606324 0.901626 0.60652 0.90021 0.607691 0.899966 0.607965 0.898745 0.609098 0.897964 0.609957 0.895278 0.611129 0.894937 0.612809 0.893716 0.614527 0.89147 0.61609 0.889956 0.617262 0.888979
1 0.610273 0.880854 0.607617 0.879536 0.604805 0.878608 0.602773 0.877778 0.601758 0.877046 0.599492 0.87563 0.59793 0.873774 0.597266 0.873188 0.59707 0.872163 0.597109 0.869819 0.597656 0.869331 0.600664 0.869233 0.604961 0.868989 0.607031 0.869087 0.60832 0.869819 0.608437 0.870552 0.611328 0.870698 0.611953 0.871577 0.612187 0.872212 0.613359 0.8727 0.615742 0.872896 0.618789 0.872798 0.621758 0.872749 0.623437 0.872798 0.624258 0.87314 0.624258 0.875874 0.624297 0.879731 0.623047 0.880073 0.622148 0.881196 0.620625 0.882271 0.618828 0.882954 0.616719 0.882515 0.615938 0.882075 0.613984 0.882075 0.612148 0.881685
1 0.305551 0.929141 0.302504 0.929082 0.299551 0.928613 0.296973 0.927617 0.29477 0.926094 0.293363 0.924687 0.292566 0.922109 0.293457 0.920645 0.294441 0.921172 0.295613 0.921816 0.299129 0.921758 0.301848 0.921816 0.305551 0.921523 0.30991 0.921172 0.313098 0.920996 0.314973 0.922285 0.315066 0.924395 0.314785 0.925801 0.313051 0.926855 0.311223 0.927324 0.30977 0.928906 0.307566 0.929023
1 0.527266 0.81377 0.523918 0.814717 0.522227 0.81626 0.520781 0.818213 0.519195 0.820483 0.51852 0.823438 0.517695 0.824707 0.517305 0.826318 0.517109 0.830518 0.516523 0.831006 0.516324 0.833281 0.516945 0.835107 0.517449 0.836655 0.519023 0.836445 0.521781 0.833774 0.522738 0.83103 0.523469 0.828643 0.524199 0.826743 0.52527 0.824985 0.526395 0.823579 0.527969 0.822734 0.52825 0.822031 0.530164 0.822031 0.530895 0.821538 0.531906 0.820908 0.53202 0.817954 0.531457 0.816968 0.5305 0.816055 0.529883 0.815142 0.528758 0.815068 0.528137 0.814229
1 0.528191 0.826992 0.526219 0.828457 0.524438 0.830625 0.523828 0.831973 0.523172 0.833848 0.522094 0.835781 0.521719 0.837949 0.520594 0.839473 0.520078 0.840645 0.518766 0.84252 0.5175 0.844102 0.516141 0.845859 0.515719 0.8475 0.515062 0.848379 0.513609 0.848379 0.513656 0.850137 0.514031 0.851777 0.515484 0.852012 0.518062 0.851602 0.519422 0.849961 0.52125 0.84791 0.522516 0.846211 0.524062 0.843984 0.525375 0.841641 0.526406 0.840176 0.527672 0.838184 0.528891 0.837246 0.529266 0.834492 0.530531 0.833438 0.531094 0.832734 0.531234 0.831211 0.530906 0.830039 0.531703 0.829629 0.532031 0.828633 0.531891 0.827871 0.531 0.827871 0.529781 0.827754 0.529312 0.827695 0.528984 0.827109
1 0.502684 0.858306 0.500535 0.858745 0.498113 0.859087 0.495965 0.859087 0.49327 0.859917 0.491395 0.859673 0.490223 0.85855 0.489207 0.857378 0.489207 0.85396 0.49077 0.851519 0.492254 0.850444 0.494129 0.849321 0.495418 0.849907 0.499324 0.849907 0.501629 0.849321 0.505613 0.849224 0.507098 0.849077 0.507723 0.848589 0.509129 0.848442 0.510496 0.84854 0.511512 0.849517 0.512605 0.85147 0.513465 0.853374 0.51323 0.85728 0.512098 0.858354 0.511316 0.859087 0.509246 0.858452 0.508348 0.85811 0.505809 0.858208 0.504207 0.858208
1 0.506387 0.882974 0.504754 0.88269 0.504305 0.883252 0.504473 0.884023 0.504641 0.885781 0.505203 0.886626 0.505879 0.887261 0.506328 0.888735 0.507793 0.889229 0.510098 0.888384 0.512855 0.886133 0.514824 0.88332 0.518367 0.87875 0.521574 0.874111 0.52191 0.87186 0.523035 0.870596 0.523543 0.868838 0.524273 0.867148 0.524891 0.865464 0.523543 0.862017 0.522586 0.86061 0.520898 0.860962 0.519605 0.862227 0.517805 0.864336 0.516398 0.866235 0.515668 0.868135 0.515387 0.869893 0.514543 0.871016 0.513922 0.871367 0.513418 0.872773 0.512516 0.873618 0.51173 0.875234 0.510828 0.876221 0.510547 0.877417 0.510043 0.878823 0.509422 0.879595 0.508074 0.881284
1 0.475367 0.945625 0.475086 0.947734 0.475594 0.949492 0.474617 0.951484 0.474242 0.953066 0.473766 0.954238 0.472875 0.952832 0.471703 0.950957 0.470727 0.949902 0.47007 0.948145 0.469602 0.943867 0.469602 0.939531 0.469828 0.935137 0.471422 0.932441 0.473344 0.930098 0.475312 0.928105 0.477477 0.92793 0.477336 0.931738 0.477281 0.935254 0.477563 0.938301 0.477281 0.94041 0.476859 0.941816 0.476727 0.943281 0.476727 0.94416 0.475594 0.944336
1 0.483094 0.934551 0.484266 0.932852 0.485164 0.931094 0.486141 0.930098 0.487031 0.930742 0.486937 0.9325 0.486656 0.934199 0.486609 0.93625 0.486805 0.938066 0.486805 0.940645 0.486609 0.941699 0.485961 0.942695 0.485305 0.943105 0.484969 0.944043 0.484312 0.94457 0.484133 0.945742 0.483844 0.946504 0.483422 0.947441 0.483094 0.948379 0.482867 0.949902 0.482867 0.951309 0.482625 0.951777 0.481742 0.951777 0.48132 0.951895 0.480992 0.953535 0.480992 0.954297 0.480797 0.955703 0.48057 0.956641 0.480055 0.957637 0.479156 0.958047 0.47818 0.957637 0.476813 0.956816 0.476016 0.95541 0.475641 0.953242 0.475312 0.951895 0.475219 0.950313 0.47593 0.947676 0.477008 0.945098 0.477711 0.943047 0.479578 0.940117 0.480852 0.937832 0.481547 0.936543
1 0.380039 0.948828 0.378148 0.951108 0.376934 0.95271 0.376125 0.953975 0.374707 0.953638 0.373965 0.952544 0.373559 0.949419 0.373762 0.946216 0.375582 0.943091 0.376664 0.940142 0.377609 0.937944 0.37916 0.936089 0.380039 0.93415 0.382199 0.932969 0.383211 0.931533 0.384832 0.929507 0.38652 0.928076 0.388273 0.926553 0.389758 0.926133 0.3905 0.927905 0.391852 0.928579 0.393672 0.92917 0.394281 0.929507 0.394551 0.930688 0.394551 0.932881 0.393336 0.933389 0.392797 0.93457 0.392527 0.936089 0.392254 0.9371 0.392121 0.937944 0.391109 0.938369 0.390566 0.938623 0.3905 0.939126 0.390434 0.939971 0.389758 0.940054 0.388813 0.941152 0.387937 0.942251 0.387395 0.942925 0.386449 0.943936 0.385371 0.944951 0.384426 0.946045 0.383547 0.947061 0.382738 0.947646 0.381188 0.948325
1 0.356816 0.957183 0.355602 0.958872 0.354051 0.959883 0.352566 0.960474 0.350879 0.961318 0.349258 0.960303 0.348582 0.959209 0.348312 0.95752 0.349258 0.954819 0.350742 0.95271 0.351891 0.951279 0.352969 0.949253 0.353914 0.947563 0.354727 0.946719 0.355738 0.945454 0.357492 0.943599 0.358977 0.941743 0.360801 0.940054 0.362016 0.938623 0.36377 0.937017 0.365457 0.93626 0.366402 0.936426 0.367484 0.937524 0.36782 0.93938 0.36782 0.941489 0.366941 0.943262 0.366469 0.944526 0.365727 0.945791 0.365055 0.946973 0.364242 0.948325 0.3635 0.949927 0.362555 0.951616 0.361172 0.952344 0.360781 0.953613 0.359609 0.954004 0.358844 0.956084 0.358031 0.956929
1 0.301191 0.933594 0.298848 0.935469 0.297395 0.936934 0.29641 0.93875 0.295566 0.940566 0.295566 0.942383 0.296551 0.942617 0.297629 0.94291 0.298566 0.943555 0.299316 0.944434 0.300488 0.945195 0.302176 0.945547 0.304051 0.945547 0.306301 0.945605 0.308457 0.945605 0.310238 0.945547 0.312863 0.945254 0.31427 0.944902 0.315254 0.944434 0.31591 0.94373 0.316332 0.942793 0.316895 0.942383 0.317316 0.942266 0.317832 0.94209 0.318113 0.942031 0.318535 0.941738 0.318676 0.941211 0.318676 0.940801 0.318113 0.940039 0.31741 0.93998 0.317082 0.93875 0.316426 0.93752 0.315863 0.936523 0.31516 0.935879 0.314363 0.935 0.313848 0.934414 0.312863 0.934063 0.311691 0.933711 0.311035 0.933711 0.30977 0.933477 0.308645 0.933418 0.307707 0.933301 0.306629 0.933242 0.305363 0.933242 0.304004 0.933184 0.302832 0.933301
1 0.470277 0.795347 0.466543 0.794536 0.465418 0.793828 0.463715 0.794233 0.461691 0.794741 0.459668 0.794336 0.458363 0.79312 0.45748 0.791704 0.457156 0.78917 0.458121 0.787754 0.459504 0.786641 0.461367 0.786641 0.462906 0.786133 0.465254 0.785728 0.465984 0.785225 0.467758 0.785425 0.46882 0.786133 0.470441 0.787251 0.471492 0.787651 0.473438 0.788159 0.476594 0.788667 0.477398 0.78877 0.478781 0.789478 0.479836 0.790288 0.480727 0.790791 0.482184 0.792007 0.48275 0.792515 0.483238 0.79373 0.482832 0.794536 0.481375 0.795552 0.479918 0.796157 0.477809 0.796157 0.476668 0.795854 0.473922 0.795854 0.471734 0.795752
1 0.442 0.751812 0.442242 0.747759 0.442809 0.745229 0.443133 0.742495 0.443133 0.740571 0.441676 0.738042 0.440379 0.737334 0.438598 0.737432 0.437547 0.739053 0.437383 0.740674 0.436977 0.74209 0.436332 0.744624 0.436168 0.746445 0.43552 0.747964 0.434953 0.750493 0.434629 0.754546 0.434305 0.757583 0.434145 0.760923 0.43398 0.764873 0.434547 0.767808 0.43552 0.769023 0.435762 0.77125 0.436008 0.772769 0.437223 0.772974 0.438355 0.77125 0.43884 0.769531 0.43957 0.766997 0.440363 0.763589 0.440785 0.761367 0.441062 0.759312 0.441344 0.756206 0.441441 0.7548
1 0.170238 0.706328 0.168617 0.705723 0.16716 0.70481 0.165703 0.704102 0.163918 0.703999 0.16327 0.702583 0.162379 0.700151 0.162379 0.698027 0.163109 0.69499 0.163594 0.694688 0.165539 0.69499 0.166512 0.695698 0.167727 0.696709 0.168941 0.697725 0.170641 0.698228 0.17291 0.699038 0.174289 0.699951 0.175504 0.70167 0.177285 0.70248 0.180766 0.702686 0.182305 0.702686 0.18352 0.703188 0.184656 0.703496 0.185508 0.703857 0.186273 0.705015 0.187492 0.706836 0.187168 0.708252 0.186195 0.709063 0.184574 0.709873 0.182953 0.710176 0.180688 0.710581 0.17866 0.710786 0.176836 0.710156 0.175352 0.709473 0.173719 0.708862 0.173234 0.708052 0.171855 0.707344
1 0.444953 0.763413 0.444016 0.763237 0.442703 0.763296 0.441578 0.763823 0.440781 0.763999 0.440031 0.764526 0.439187 0.76564 0.439422 0.767163 0.440078 0.768569 0.44125 0.769272 0.442516 0.769976 0.444109 0.770562 0.445328 0.770679 0.447156 0.77103 0.448516 0.771206 0.450625 0.771265 0.453156 0.771616 0.458125 0.771499 0.460938 0.771323 0.464078 0.771323 0.465719 0.770679 0.466797 0.769214 0.467453 0.76769 0.466422 0.766636 0.465625 0.766284 0.464078 0.766226 0.463281 0.766167 0.461828 0.765054 0.459766 0.764585 0.458688 0.764468 0.457305 0.764551 0.456133 0.764355 0.453555 0.764307 0.452109 0.76416 0.451047 0.763999 0.449313 0.764116 0.448469 0.764116 0.447906 0.76394 0.446969 0.763413
1 0.448211 0.75106 0.446688 0.750962 0.445398 0.750767 0.444227 0.750278 0.443758 0.748813 0.443055 0.746567 0.443172 0.745884 0.443641 0.744907 0.444031 0.743687 0.44493 0.743491 0.446063 0.743149 0.447273 0.743687 0.447664 0.743979 0.448836 0.744321 0.450086 0.744663 0.451648 0.746519 0.45243 0.747544 0.456805 0.747886 0.458016 0.750229 0.458836 0.752183 0.459422 0.75394 0.46032 0.754624 0.460828 0.755845 0.461805 0.756919 0.462742 0.758042 0.463836 0.758726 0.464617 0.759312 0.465125 0.759995 0.465398 0.760532 0.465594 0.761948 0.465672 0.76312 0.465008 0.763706 0.464148 0.764634 0.462742 0.764487 0.46157 0.763657 0.459656 0.762778 0.458484 0.76229 0.456414 0.76229 0.455711 0.761558 0.454969 0.760337 0.454344 0.7598 0.45368 0.75936 0.452977 0.758872 0.452156 0.757554 0.451375 0.757114 0.450437 0.756528 0.449461 0.755649 0.448602 0.754673 0.448328 0.753745
1 0.331289 0.763574 0.328793 0.762422 0.327105 0.761719 0.325023 0.761226 0.323957 0.760874 0.321816 0.759678 0.320301 0.75813 0.319793 0.756372 0.319961 0.754263 0.321145 0.752856 0.322887 0.752437 0.324742 0.752788 0.326711 0.752998 0.328398 0.753491 0.330648 0.753843 0.332676 0.754263 0.335262 0.754614 0.339145 0.755317 0.340832 0.755039 0.34173 0.755669 0.341957 0.756304 0.34291 0.756724 0.343754 0.756724 0.344488 0.75771 0.344598 0.758623 0.344598 0.759961 0.34398 0.760591 0.343137 0.761016 0.342742 0.761929 0.342012 0.762349 0.340941 0.762773 0.34027 0.763335 0.338918 0.763828 0.337457 0.763828 0.336051 0.764106 0.333461 0.764038 0.332187 0.76377
1 0.341551 0.814658 0.340582 0.812632 0.340012 0.80939 0.338879 0.805444 0.33807 0.802407 0.338555 0.799873 0.340336 0.79856 0.342523 0.799976 0.344793 0.804023 0.346008 0.806558 0.34698 0.809897 0.348031 0.812935 0.348922 0.817085 0.349246 0.821035 0.349734 0.821338 0.350707 0.823164 0.351027 0.825391 0.351027 0.826909 0.350543 0.829336 0.349492 0.830757 0.346898 0.830859 0.346008 0.828428 0.344875 0.826909 0.34398 0.824683 0.343578 0.823164 0.343172 0.819619 0.342039 0.81749
1 0.114297 0.964468 0.110605 0.965562 0.106035 0.966777 0.10273 0.967627 0.100398 0.967139 0.100883 0.964102 0.100883 0.960942 0.104676 0.959121 0.106133 0.958027 0.109535 0.957422 0.113328 0.957056 0.115758 0.956689 0.119645 0.956689 0.121133 0.957178 0.122383 0.957715 0.12418 0.958398 0.125117 0.959229 0.124727 0.961279 0.123047 0.961553 0.121199 0.962524 0.117699 0.963979 0.115625 0.963965
2 0.203852 0.778291 0.204301 0.775547 0.205258 0.774141 0.205652 0.77126 0.205988 0.768799 0.206102 0.766548 0.207621 0.766689 0.20852 0.767886 0.209309 0.769009 0.210207 0.770063 0.211332 0.772104 0.211445 0.774424 0.211559 0.778008 0.210543 0.780259 0.20959 0.782227 0.208465 0.784619 0.207395 0.785391 0.206324 0.786938 0.205145 0.788906 0.203684 0.790737 0.203457 0.792002 0.201488 0.792144 0.200082 0.79144 0.199293 0.789683 0.198508 0.788135 0.199238 0.786445 0.200645 0.784687 0.201488 0.783281 0.202559 0.781172
1 0.129887 0.874131 0.129719 0.876455 0.129102 0.87751 0.128086 0.877861 0.127805 0.879336 0.126906 0.879756 0.12623 0.880601 0.125668 0.881025 0.124602 0.881304 0.123867 0.879756 0.123418 0.87751 0.122855 0.875469 0.122855 0.874346 0.123023 0.872656 0.124094 0.870054 0.124602 0.868154 0.125445 0.866538 0.12623 0.865483 0.126961 0.864287 0.127695 0.862812 0.128199 0.861616 0.12882 0.860562 0.129156 0.859717 0.129773 0.858452 0.131012 0.857471 0.13225 0.855713 0.13343 0.854307 0.134105 0.85332 0.134387 0.852266 0.13557 0.851631 0.136469 0.851982 0.137313 0.852476 0.138102 0.852827 0.138437 0.854937 0.138492 0.858101 0.138043 0.860913 0.13748 0.863022 0.13675 0.863584 0.136355 0.864502 0.136187 0.865693 0.135793 0.866748 0.13523 0.867383 0.134445 0.868647 0.133656 0.869561 0.132586 0.87083 0.131914 0.871812 0.13107 0.872866
1 0.226594 0.835728 0.226703 0.829189 0.228 0.827148 0.229066 0.824336 0.23025 0.822793 0.231316 0.821523 0.232219 0.820962 0.235141 0.82082 0.235594 0.821523 0.236941 0.822793 0.237562 0.823423 0.237617 0.825254 0.236719 0.826587 0.235875 0.827783 0.235367 0.828555 0.235312 0.830454 0.235031 0.83186 0.234691 0.83334 0.234187 0.834746 0.233848 0.836079 0.233285 0.837485 0.232609 0.839243 0.231375 0.841353 0.230531 0.842617 0.230305 0.844517 0.229516 0.845645 0.228109 0.84543 0.226254 0.844375 0.225016 0.843252 0.224906 0.838965 0.226086 0.837559
1 0.20048 0.755024 0.199637 0.751509 0.200086 0.745601 0.201492 0.744897 0.20273 0.745039 0.204137 0.745952 0.205039 0.747783 0.205602 0.749609 0.205992 0.753057 0.206273 0.759595 0.206219 0.764727 0.205992 0.767822 0.205602 0.771689 0.204195 0.77478 0.202168 0.775767 0.200367 0.774219 0.199695 0.771055 0.200199 0.757554
1 0.222187 0.750938 0.219656 0.750234 0.217574 0.748828 0.215324 0.747495 0.212852 0.746226 0.212625 0.743486 0.213637 0.74271 0.215438 0.741445 0.216621 0.740039 0.217406 0.739268 0.218871 0.740464 0.220277 0.740952 0.221684 0.741304 0.223934 0.742222 0.225508 0.743203 0.226465 0.743555 0.228543 0.743628 0.22984 0.744116 0.231246 0.744961 0.232875 0.745737 0.234227 0.746792 0.235574 0.74728 0.23698 0.748057 0.238219 0.749531 0.23923 0.750518 0.239852 0.752202 0.239793 0.754033 0.238668 0.754736 0.237375 0.755156 0.235969 0.755156 0.23434 0.754736 0.232875 0.754663 0.231637 0.75375 0.230008 0.75312 0.227477 0.752554 0.225844 0.751714 0.224777 0.751362
1 0.213527 0.764858 0.212176 0.762886 0.211164 0.761416 0.210602 0.759648 0.21032 0.756909 0.210488 0.754453 0.210996 0.752129 0.211445 0.751636 0.21257 0.753184 0.212738 0.754243 0.213582 0.754727 0.215156 0.755088 0.216059 0.756416 0.21634 0.756909 0.218027 0.757476 0.219207 0.758462 0.220051 0.759023 0.221625 0.760078 0.223426 0.761055 0.224496 0.761689 0.225676 0.762822 0.226746 0.763804 0.227871 0.765142 0.228602 0.76584 0.228996 0.766548 0.229895 0.768096 0.23102 0.768726 0.231977 0.768867 0.232707 0.76957 0.233438 0.769922 0.231582 0.772241 0.231188 0.773711 0.230906 0.775127 0.229613 0.775757 0.228375 0.775757 0.226688 0.774351 0.225395 0.773223 0.224383 0.771963 0.223707 0.771187 0.222527 0.770908 0.221344 0.77062 0.220219 0.770479 0.218871 0.770273 0.217801 0.770063 0.21752 0.768374 0.217125 0.767319 0.216395 0.766895 0.215215 0.766548
1 0.579555 0.727627 0.58082 0.725166 0.582555 0.722871 0.583586 0.720645 0.584242 0.719775 0.585227 0.718311 0.585461 0.717246 0.585508 0.715781 0.585133 0.714033 0.584477 0.712979 0.582414 0.712324 0.580492 0.713613 0.579086 0.714609 0.578102 0.715254 0.576367 0.716787 0.574961 0.718535 0.573461 0.720889 0.571539 0.723574 0.570367 0.725332 0.569523 0.727383 0.568539 0.730029 0.567367 0.73166 0.56718 0.736289 0.567695 0.737578 0.569711 0.737881 0.572852 0.738223 0.573789 0.735293 0.574867 0.734648 0.575664 0.733955 0.576086 0.732773 0.57632 0.732187 0.57707 0.731494 0.57768 0.731436 0.578102 0.731367 0.578336 0.731309 0.578617 0.730615 0.57857 0.729316
1 0.327516 0.206953 0.330891 0.205015 0.332578 0.203916 0.335617 0.203159 0.337641 0.203833 0.338855 0.205522 0.339465 0.206953 0.338789 0.20856 0.337641 0.209233 0.337305 0.210669 0.336223 0.211851 0.334266 0.212354 0.332512 0.212861 0.330215 0.21396 0.327109 0.214717 0.32448 0.215815 0.321578 0.217925 0.318875 0.217925 0.31557 0.217671 0.313949 0.216826 0.314152 0.214463 0.316918 0.212354 0.318672 0.210669 0.320227 0.209907 0.323266 0.209399 0.325289 0.208135
1 0.306117 0.177676 0.304836 0.1754 0.303621 0.172949 0.303484 0.169663 0.304836 0.168818 0.306996 0.169663 0.308348 0.171094 0.309832 0.173291 0.310641 0.175313 0.311586 0.178013 0.312734 0.180547 0.314219 0.182905 0.315098 0.18603 0.31577 0.187969 0.316312 0.190503 0.316445 0.194043 0.316445 0.196831 0.315973 0.19835 0.314219 0.19936 0.312867 0.197251 0.311652 0.194297 0.31098 0.191343 0.309898 0.188223 0.309695 0.186113 0.308953 0.184004 0.308145 0.182065 0.306859 0.179785
2 0.323434 0.207612 0.322891 0.205586 0.322219 0.203564 0.320664 0.203057 0.319652 0.201704 0.319922 0.200439 0.322219 0.199258 0.323434 0.198667 0.325051 0.198247 0.326266 0.200103 0.327145 0.202212 0.328293 0.204238 0.329641 0.206768 0.330316 0.208965 0.331871 0.211323 0.333086 0.213604 0.334031 0.215542 0.33457 0.216558 0.335449 0.216812 0.335516 0.21833 0.334434 0.218496 0.332477 0.218579 0.330859 0.218579 0.329641 0.218242 0.329035 0.216221 0.327414 0.214702 0.326402 0.213521 0.325254 0.211831 0.323906 0.209893
1 0.299707 0.172275 0.298895 0.174048 0.298492 0.176411 0.297816 0.178521 0.29748 0.180376 0.296668 0.182319 0.296129 0.184512 0.295453 0.186958 0.294711 0.189233 0.294305 0.191934 0.293293 0.194297 0.29282 0.196743 0.292078 0.196831 0.291605 0.198262 0.291742 0.200122 0.292418 0.20147 0.294172 0.201724 0.29498 0.20248 0.296465 0.202568 0.29741 0.201641 0.298422 0.200625 0.299234 0.198853 0.299773 0.197251 0.300922 0.192524 0.30207 0.189824 0.302406 0.185605 0.302543 0.182485 0.302879 0.179448 0.302137 0.176577 0.300582 0.174639
1 0.283598 0.152295 0.282816 0.153174 0.28141 0.154395 0.279965 0.155322 0.278871 0.156348 0.276801 0.156689 0.275277 0.156055 0.274105 0.154546 0.27391 0.153813 0.273285 0.153174 0.272699 0.152197 0.273246 0.151074 0.274379 0.149854 0.275668 0.148877 0.277426 0.147954 0.279184 0.146826 0.280473 0.146001 0.281332 0.145459 0.283246 0.144141 0.285004 0.143164 0.287387 0.141406 0.28852 0.14043 0.289496 0.139653 0.290512 0.139258 0.290902 0.139165 0.292426 0.138965 0.293324 0.138721 0.295199 0.138623 0.29598 0.138677 0.296449 0.139409 0.296762 0.140142 0.296918 0.141064 0.296918 0.141895 0.296684 0.142583 0.29559 0.143315 0.294926 0.143848 0.294535 0.144971 0.293598 0.145361 0.292855 0.145947 0.291762 0.146533 0.290434 0.14751 0.289145 0.148389 0.286879 0.149907 0.285355 0.151318 0.284848 0.151807
1 0.28523 0.111045 0.283082 0.109629 0.282066 0.108994 0.281246 0.108359 0.279801 0.107236 0.278629 0.106504 0.277223 0.10582 0.275465 0.105918 0.274449 0.106406 0.274254 0.107627 0.274293 0.109678 0.274215 0.111826 0.274098 0.113828 0.274254 0.114707 0.275035 0.114854 0.276168 0.115537 0.277379 0.11666 0.279684 0.117783 0.280855 0.118271 0.282887 0.119248 0.285426 0.120322 0.287418 0.121201 0.288863 0.121689 0.290465 0.12252 0.29191 0.12291 0.293355 0.122275 0.293863 0.120957 0.294059 0.119199 0.294137 0.117881 0.293746 0.116953 0.292848 0.116074 0.291637 0.115586 0.290465 0.115293 0.289449 0.114756 0.288707 0.114023 0.288121 0.113535 0.287691 0.113242 0.287301 0.11251 0.286715 0.112314 0.285934 0.112266 0.285621 0.112119
1 0.304223 0.137827 0.30366 0.139937 0.302703 0.14106 0.302199 0.143242 0.301187 0.145278 0.300512 0.148091 0.300063 0.149639 0.300063 0.15189 0.299949 0.153857 0.299387 0.154844 0.298824 0.155825 0.298262 0.158711 0.298543 0.160679 0.298598 0.16293 0.298824 0.164614 0.300793 0.164897 0.301918 0.163491 0.302816 0.162646 0.303043 0.16103 0.303098 0.159341 0.303098 0.158008 0.30366 0.156953 0.304 0.155825 0.305012 0.153789 0.305516 0.15231 0.306531 0.150273 0.306813 0.148584 0.306922 0.147461 0.30698 0.145068 0.307316 0.142114 0.307824 0.140708 0.30816 0.139375 0.308219 0.137544 0.308328 0.135366 0.307543 0.133467 0.306699 0.133115 0.305574 0.133257 0.304953 0.134102 0.304391 0.136279
2 0.288586 0.167993 0.285438 0.168696 0.283973 0.169819 0.2815 0.171294 0.279359 0.171787 0.27818 0.170591 0.27818 0.167217 0.279023 0.164756 0.280598 0.164053 0.284086 0.163491 0.287406 0.162788 0.290047 0.161665 0.293367 0.161099 0.295617 0.160962 0.298766 0.161592 0.302031 0.163774 0.302594 0.165532 0.302367 0.166938 0.301859 0.16771 0.298094 0.167568 0.296348 0.167217 0.294492 0.167217 0.293535 0.167007 0.291961 0.167217
2 0.296031 0.104497 0.295543 0.102578 0.295059 0.100752 0.294977 0.0982227 0.295059 0.0959961 0.294977 0.0932617 0.293926 0.0921484 0.292953 0.0906299 0.292141 0.0897168 0.290359 0.0896143 0.289793 0.0902246 0.289551 0.0916406 0.290117 0.0922461 0.290523 0.0937646 0.290523 0.0956885 0.290602 0.0992334 0.290766 0.10146 0.290766 0.103486 0.291414 0.105615 0.293035 0.107842 0.293844 0.109463 0.294652 0.110371 0.296031 0.111689 0.297164 0.112397 0.298379 0.112397 0.29927 0.112192 0.299594 0.111689 0.299676 0.110171 0.29927 0.109463 0.298297 0.10855 0.297082 0.106523
2 0.301121 0.11417 0.297793 0.112588 0.295543 0.111709 0.29348 0.111064 0.29184 0.110771 0.290809 0.111533 0.290293 0.114053 0.291934 0.116455 0.293902 0.118799 0.297699 0.121025 0.30023 0.121787 0.302527 0.121963 0.305574 0.122373 0.306746 0.121318 0.306934 0.118975 0.305387 0.117041 0.303699 0.116455 0.302809 0.115635
2 0.317715 0.142036 0.316973 0.140347 0.315219 0.138491 0.313934 0.136807 0.312855 0.135537 0.311305 0.134863 0.309684 0.133682 0.308129 0.13208 0.30516 0.129043 0.303945 0.127944 0.30273 0.12626 0.30273 0.125244 0.304824 0.124487 0.306836 0.125342 0.309816 0.125752 0.311641 0.126172 0.31252 0.126514 0.313262 0.127524 0.31407 0.129971 0.314543 0.131489 0.315219 0.133008 0.315691 0.134863 0.316434 0.136216 0.317379 0.137144 0.318254 0.138237 0.318727 0.139756 0.31893 0.141445 0.318996 0.142119 0.317918 0.142207
2 0.312895 0.153301 0.312051 0.151431 0.311484 0.148848 0.311719 0.147329 0.312285 0.145566 0.312426 0.143804 0.312473 0.1427 0.313414 0.141343 0.313922 0.141528 0.314117 0.144453 0.314488 0.146621 0.314773 0.14832 0.315195 0.15002 0.316125 0.152129 0.317203 0.154355 0.318055 0.15646 0.318328 0.158638 0.318379 0.160044 0.31777 0.160806 0.317066 0.160571 0.316223 0.158809 0.31543 0.157402 0.314488 0.15623 0.313688 0.155591 0.313414 0.154243
1 0.300121 0.149014 0.299055 0.146973 0.298211 0.14606 0.297199 0.144795 0.296523 0.143809 0.29534 0.142402 0.294496 0.140645 0.293484 0.139663 0.29309 0.137974 0.293262 0.136851 0.295734 0.136919 0.296637 0.137061 0.298715 0.138325 0.299898 0.139238 0.301078 0.140225 0.303105 0.141772 0.304453 0.144233 0.305859 0.146411 0.307547 0.148169 0.308391 0.149507 0.309402 0.151333 0.310809 0.153936 0.311371 0.155132 0.312496 0.156958 0.312891 0.157944 0.313516 0.161182 0.312617 0.163428 0.311602 0.165967 0.309023 0.166016 0.307773 0.166748 0.305078 0.166992 0.304727 0.166016 0.305391 0.165186 0.306211 0.164453 0.307109 0.163086 0.308008 0.161719 0.306758 0.160742 0.306531 0.159062 0.305969 0.158569 0.305234 0.157446 0.304562 0.155688 0.303773 0.154771 0.302984 0.153579 0.302254 0.152593 0.301578 0.151187 0.300848 0.150063
2 0.29341 0.128096 0.294895 0.125737 0.296379 0.123203 0.296785 0.120757 0.298605 0.117803 0.299617 0.11561 0.301172 0.11333 0.302723 0.112065 0.304141 0.111055 0.306098 0.110039 0.308461 0.108354 0.309945 0.106665 0.31143 0.105483 0.312848 0.106411 0.313793 0.107593 0.315277 0.109365 0.315145 0.111646 0.313117 0.112739 0.31143 0.114346 0.309812 0.11561 0.308797 0.117129 0.307516 0.119067 0.306773 0.120928 0.305492 0.122695 0.304344 0.123877 0.301035 0.126411 0.299145 0.127422 0.298066 0.12793 0.296312 0.128774 0.294895 0.129194
1 0 0.30127 0 0.313965 0.00195312 0.313965 0.00507813 0.310547 0.00585938 0.308594 0.00585938 0.305176 0.00507813 0.303223 0.00195312 0.30127
