2 0.207031 0.0756836 0.206641 0.0810547 0.208594 0.0834961 0.219531 0.090332 0.225781 0.0908203 0.227344 0.0898438 0.228125 0.0844727 0.226172 0.081543 0.217578 0.0786133 0.210547 0.074707 0.207813 0.074707
2 0.437109 0.265625 0.432422 0.263672 0.426172 0.265137 0.417187 0.273438 0.4125 0.276367 0.411328 0.278809 0.411719 0.282715 0.416016 0.285645 0.421094 0.284668 0.430859 0.273438 0.435156 0.270508 0.436719 0.268555
2 0.0101563 0.0805664 0.00976562 0.0864258 0.0136719 0.0976562 0.0207031 0.110352 0.0257812 0.111816 0.0265625 0.11084 0.0261719 0.105957 0.0207031 0.0942383 0.01875 0.0859375 0.0152344 0.081543
2 0.666406 0.113281 0.663281 0.112305 0.661328 0.113281 0.657031 0.125977 0.651563 0.13623 0.651172 0.140137 0.652734 0.14209 0.658594 0.141113 0.667188 0.126465 0.66875 0.121582 0.66875 0.118164
2 0.643359 0.205078 0.639453 0.205566 0.637891 0.208496 0.6375 0.214844 0.633594 0.232422 0.633594 0.237305 0.635156 0.239746 0.648828 0.225586 0.649609 0.217285 0.648047 0.214355 0.646484 0.207031
1 0.0433594 0.123535 0.0445313 0.12793 0.0460938 0.129883 0.0554687 0.132324 0.0652344 0.131348 0.0710937 0.125488 0.0710937 0.124023 0.0695313 0.12207 0.0601563 0.117676 0.0550781 0.117188 0.0453125 0.118164 0.04375 0.120117
1 0.201563 0.043457 0.200391 0.043457 0.195703 0.0498047 0.192578 0.0566406 0.191406 0.0639648 0.189062 0.0698242 0.189062 0.0737305 0.190234 0.0761719 0.194531 0.0761719 0.199219 0.0708008 0.203125 0.0625 0.203906 0.0507812 0.203125 0.0463867
1 0.291016 0.0229492 0.287891 0.0263672 0.286328 0.03125 0.286328 0.0410156 0.291797 0.0498047 0.295312 0.0522461 0.298828 0.0522461 0.300781 0.0483398 0.300781 0.0439453 0.298438 0.0371094 0.296875 0.0268555 0.295703 0.0244141
1 0.266797 0.166504 0.265234 0.168945 0.264844 0.174805 0.268359 0.187988 0.274219 0.194824 0.279687 0.195312 0.280859 0.193848 0.280469 0.187988 0.275781 0.17334 0.271875 0.16748
1 0.271875 0.195312 0.271484 0.199219 0.275391 0.211914 0.275781 0.223633 0.277344 0.226562 0.280078 0.227051 0.282813 0.223145 0.284375 0.217773 0.283984 0.208008 0.28125 0.202148 0.275781 0.195801
1 0.251172 0.283203 0.246875 0.289551 0.245312 0.295898 0.245312 0.30127 0.250781 0.31543 0.253125 0.316406 0.256641 0.313965 0.257422 0.296875 0.253906 0.285156 0.252734 0.283203
1 0.130859 0.308594 0.129297 0.315918 0.131641 0.324219 0.139453 0.336914 0.141406 0.337891 0.145703 0.336914 0.146875 0.33252 0.146094 0.32373 0.144531 0.318848 0.141797 0.314453 0.136328 0.30957
1 0.0621094 0.374512 0.0617188 0.380859 0.0625 0.383301 0.0679687 0.386719 0.0800781 0.388184 0.0851563 0.386719 0.0878906 0.384277 0.0878906 0.382812 0.0851563 0.378418 0.08125 0.374023 0.0785156 0.372559 0.0636719 0.371094
1 0.0609375 0.405273 0.0585938 0.407715 0.0582031 0.414551 0.0589844 0.419434 0.0648438 0.429688 0.0679687 0.433105 0.0707031 0.433105 0.0722656 0.430664 0.0722656 0.41748 0.0699219 0.412109 0.065625 0.40625
1 0.0742188 0.458984 0.0726563 0.457031 0.0675781 0.457031 0.0648438 0.458984 0.0585938 0.46875 0.0578125 0.471191 0.0585938 0.474609 0.0597656 0.475586 0.0632812 0.475586 0.0707031 0.47168 0.0746094 0.462891
1 0.0570312 0.525391 0.0535156 0.522461 0.0433594 0.523926 0.0359375 0.529785 0.0347656 0.53418 0.0351562 0.536133 0.0375 0.539062 0.0460938 0.539062 0.0542969 0.533691 0.0570312 0.530273
1 0.308203 0.543945 0.302734 0.543945 0.296094 0.552246 0.286719 0.557129 0.285938 0.558594 0.286719 0.563477 0.293359 0.567871 0.298438 0.567871 0.300391 0.566406 0.305078 0.558105 0.307812 0.549316
2 0.285547 0.525879 0.282422 0.529785 0.282813 0.543457 0.282031 0.549316 0.283594 0.555176 0.287109 0.559082 0.290234 0.550293 0.292187 0.541504 0.292187 0.537598 0.289844 0.52832 0.287891 0.525879
1 0.321875 0.489746 0.319922 0.493652 0.319922 0.497559 0.321094 0.500977 0.328125 0.51123 0.333203 0.516113 0.335547 0.516113 0.337109 0.513184 0.337109 0.507324 0.335547 0.498535 0.332031 0.494629 0.325 0.490234
1 0.390625 0.560059 0.389453 0.557617 0.385547 0.554688 0.379688 0.555176 0.372266 0.561035 0.369141 0.569824 0.373828 0.570801 0.377734 0.568848 0.389062 0.566406 0.391016 0.564453
1 0.294531 0.587891 0.295312 0.59375 0.298828 0.599121 0.30625 0.600098 0.316797 0.597656 0.317578 0.596191 0.317188 0.592285 0.314063 0.589355 0.310547 0.587891 0.302734 0.587402 0.299609 0.585938 0.296094 0.586426
1 0.353516 0.62793 0.351953 0.626465 0.348828 0.625977 0.3375 0.640625 0.334766 0.642578 0.333984 0.647461 0.341406 0.652832 0.345703 0.652832 0.35 0.648926 0.355078 0.637207 0.355078 0.632324
2 0.426953 0.595703 0.425391 0.594238 0.423047 0.594238 0.419531 0.597656 0.407031 0.605469 0.405078 0.60791 0.403516 0.61377 0.404687 0.615234 0.408594 0.614258 0.424219 0.605469 0.427344 0.599609
1 0.0722656 0.586426 0.0671875 0.587402 0.0644531 0.592285 0.059375 0.608887 0.059375 0.614258 0.0609375 0.617676 0.0648438 0.616699 0.071875 0.607422 0.0734375 0.594727 0.0734375 0.587891
1 0.148828 0.608887 0.142969 0.608398 0.138281 0.609375 0.133984 0.613281 0.132422 0.618164 0.132031 0.628418 0.134375 0.633789 0.138672 0.633789 0.144141 0.621582 0.150391 0.613281 0.15 0.610352
1 0.177344 0.666504 0.181641 0.669434 0.190234 0.671387 0.198047 0.667969 0.198828 0.666992 0.198828 0.662109 0.197266 0.660156 0.192969 0.658203 0.184766 0.658203 0.179297 0.660645 0.177734 0.662598
1 0.441406 0.128418 0.442578 0.133301 0.450391 0.139648 0.457031 0.14209 0.461328 0.14209 0.463672 0.140137 0.463672 0.133301 0.459766 0.12793 0.446094 0.124023 0.442969 0.125
1 0.478516 0.078125 0.473828 0.078125 0.470313 0.0849609 0.466406 0.106934 0.466406 0.111816 0.467187 0.113281 0.471484 0.11377 0.475391 0.111328 0.479297 0.105957 0.480859 0.101562 0.481641 0.0864258 0.480469 0.0805664
1 0.610938 0.0839844 0.60625 0.0932617 0.603906 0.102051 0.603906 0.107422 0.605469 0.111816 0.610547 0.118652 0.615234 0.119141 0.617188 0.114746 0.617578 0.0947266 0.615625 0.0878906 0.6125 0.0839844
1 0.688672 0.0981445 0.685156 0.104492 0.685937 0.119629 0.689453 0.126465 0.692578 0.12793 0.696875 0.127441 0.698047 0.126465 0.698438 0.123535 0.695312 0.118164 0.693359 0.104492 0.691016 0.0991211
1 0.664844 0.284668 0.665625 0.288574 0.66875 0.290039 0.684766 0.289062 0.686719 0.286133 0.685156 0.280273 0.682422 0.27832 0.676172 0.276367 0.669531 0.277344 0.666016 0.28125
1 0.653906 0.228027 0.651172 0.226074 0.648438 0.226074 0.639062 0.232422 0.635156 0.231934 0.633984 0.234863 0.633984 0.241211 0.635938 0.246094 0.639062 0.249512 0.642188 0.249512 0.646875 0.246094 0.653906 0.23584 0.654687 0.233398
2 0.700781 0.265625 0.699219 0.270996 0.699609 0.277344 0.703906 0.283203 0.70625 0.283691 0.708594 0.282715 0.709375 0.28125 0.709375 0.275391 0.706641 0.268066 0.705078 0.265625
1 0.8 0.258789 0.798047 0.258789 0.790234 0.269531 0.788281 0.275879 0.787891 0.280762 0.788672 0.286133 0.790234 0.291016 0.791406 0.291992 0.794922 0.291504 0.798047 0.289062 0.801172 0.280762 0.802344 0.272461 0.802344 0.26416
1 0.810156 0.26123 0.808594 0.26416 0.807813 0.269531 0.808594 0.281738 0.812109 0.287598 0.813672 0.288574 0.817969 0.288574 0.819922 0.286621 0.821094 0.274902 0.819922 0.27002 0.816406 0.26416
1 0.856641 0.278809 0.853906 0.279785 0.850781 0.290039 0.850391 0.297363 0.851172 0.300781 0.857422 0.311035 0.861719 0.312988 0.864844 0.310059 0.866016 0.304199 0.864062 0.296387 0.859766 0.286621 0.858594 0.280762
1 0.870313 0.242188 0.869141 0.240234 0.866016 0.23877 0.859766 0.240723 0.85 0.248047 0.844141 0.250488 0.842969 0.251953 0.843359 0.254395 0.844922 0.256836 0.860938 0.257812 0.870703 0.248047
1 0.773828 0.318848 0.770703 0.319336 0.768359 0.324219 0.769531 0.34375 0.771484 0.347656 0.774609 0.34668 0.776563 0.344727 0.779687 0.334473 0.778906 0.324707 0.775391 0.319336
1 0.733203 0.349121 0.735547 0.354004 0.748437 0.362793 0.751953 0.36377 0.755078 0.362305 0.756641 0.360352 0.757031 0.35791 0.755469 0.352539 0.751953 0.347656 0.747656 0.345215 0.740625 0.34375
1 0.64375 0.372559 0.64375 0.375 0.644922 0.377441 0.65 0.381348 0.655469 0.382812 0.661719 0.382812 0.664453 0.381348 0.665625 0.379395 0.665234 0.376465 0.6625 0.37207 0.655078 0.368652 0.646875 0.369141
2 0.519922 0.312988 0.519922 0.318848 0.521875 0.322754 0.539453 0.332031 0.541797 0.332031 0.543359 0.330566 0.542188 0.326172 0.539062 0.322754 0.530469 0.317383 0.525391 0.31543 0.522266 0.312012
1 0.516406 0.301758 0.516016 0.305176 0.521094 0.313477 0.525391 0.316406 0.533203 0.316406 0.5375 0.312988 0.538672 0.310547 0.537891 0.307129 0.533594 0.303711 0.51875 0.300293
2 0.466797 0.289551 0.4625 0.291504 0.459766 0.301758 0.456641 0.305664 0.457031 0.310547 0.458594 0.314453 0.460547 0.315918 0.464453 0.315918 0.467187 0.314453 0.470313 0.30957 0.470703 0.305176 0.467578 0.295898 0.467578 0.290527
1 0.511719 0.220703 0.511328 0.223145 0.512891 0.228027 0.519922 0.241699 0.528906 0.251465 0.532813 0.251465 0.534766 0.247559 0.535156 0.239746 0.531641 0.231445 0.525 0.225586 0.517969 0.224609 0.514062 0.220215
1 0.486328 0.389648 0.480859 0.391602 0.474219 0.397461 0.471094 0.404297 0.471094 0.411621 0.475391 0.412109 0.483984 0.404785 0.4875 0.394531 0.4875 0.391602
1 0.520703 0.398438 0.518359 0.402832 0.517578 0.413086 0.522266 0.420898 0.526172 0.422852 0.529687 0.419922 0.530469 0.407715 0.528906 0.40332 0.526953 0.401367
1 0.519141 0.405273 0.517969 0.404785 0.511328 0.408203 0.505469 0.414062 0.504297 0.416992 0.504297 0.421875 0.505469 0.424316 0.508203 0.423828 0.519141 0.413086 0.519922 0.409668
2 0.527344 0.422363 0.524609 0.421387 0.516016 0.427734 0.510547 0.429199 0.508594 0.43457 0.509375 0.44043 0.510938 0.441895 0.514844 0.441895 0.523047 0.43457 0.527344 0.427734
1 0.396094 0.413086 0.396484 0.416992 0.398047 0.418945 0.403516 0.421875 0.408594 0.421875 0.415625 0.416992 0.417187 0.414062 0.417187 0.411621 0.415625 0.409668 0.405078 0.404785 0.402734 0.404785 0.399219 0.40625 0.396875 0.409668
1 0.403125 0.39209 0.400781 0.390137 0.395313 0.390137 0.388672 0.393555 0.383594 0.400391 0.383203 0.405762 0.383984 0.408691 0.385156 0.410156 0.388672 0.410645 0.398828 0.404785 0.402734 0.399414
1 0.366406 0.349609 0.366016 0.35498 0.372656 0.365234 0.377734 0.366211 0.383984 0.364258 0.381641 0.35791 0.376172 0.348145 0.374219 0.34668 0.370703 0.34668
1 0.166797 0.742676 0.165234 0.746582 0.165625 0.750977 0.177344 0.768066 0.180859 0.77002 0.182031 0.769531 0.183594 0.766113 0.184375 0.756348 0.182812 0.750977 0.178125 0.745117 0.173437 0.741699 0.16875 0.741211
1 0.11875 0.70459 0.117578 0.707031 0.117969 0.713379 0.125 0.725098 0.132031 0.730957 0.135547 0.731445 0.138281 0.72998 0.139063 0.724609 0.132812 0.715332 0.123438 0.705078
1 0.0925781 0.769531 0.0855469 0.76709 0.0769531 0.76709 0.0714844 0.769531 0.0671875 0.774414 0.065625 0.777832 0.0648438 0.783203 0.0671875 0.785156 0.0699219 0.785156 0.0816406 0.782227 0.0925781 0.773926
1 0.0292969 0.894531 0.0289063 0.897949 0.0300781 0.900879 0.0347656 0.904785 0.040625 0.913086 0.0441406 0.914062 0.0484375 0.914062 0.0492187 0.913086 0.0503906 0.904297 0.0488281 0.899414 0.0460938 0.895508 0.0375 0.891113 0.0335937 0.891602
1 0.0492187 0.914551 0.046875 0.913086 0.0414062 0.913086 0.0328125 0.918945 0.0304687 0.923828 0.0304687 0.930176 0.0390625 0.930176 0.0484375 0.926758 0.0507812 0.921387
1 0.0316406 0.930176 0.0285156 0.928711 0.0242188 0.928711 0.0167969 0.933594 0.0128906 0.939941 0.0121094 0.944336 0.0128906 0.949219 0.0136719 0.950195 0.0175781 0.949707 0.0234375 0.946777 0.0300781 0.937988 0.03125 0.935059
1 0.0769531 0.928711 0.075 0.931152 0.075 0.936035 0.0773438 0.940918 0.0785156 0.949219 0.0804688 0.951172 0.084375 0.951172 0.0878906 0.949219 0.0898438 0.946777 0.0910156 0.942871 0.0910156 0.935547 0.0871094 0.929199 0.0839844 0.927734
1 0.100391 0.954102 0.09375 0.954102 0.0851563 0.964355 0.0832031 0.96875 0.0816406 0.979492 0.0828125 0.980957 0.0871094 0.97998 0.090625 0.975098 0.0964844 0.969727 0.101172 0.959473 0.101172 0.955078
2 0.349609 0.927734 0.344922 0.929199 0.341016 0.944336 0.341016 0.958496 0.34375 0.962891 0.346094 0.964355 0.35 0.963867 0.351953 0.960449 0.351562 0.938965 0.350781 0.929688
2 0.330859 0.867676 0.328906 0.867188 0.322656 0.868652 0.313672 0.872559 0.310547 0.875977 0.309766 0.880371 0.310547 0.883789 0.313672 0.887695 0.31875 0.88623 0.330469 0.875488 0.33125 0.873047
1 0.208984 0.908203 0.208984 0.915039 0.212109 0.920898 0.219531 0.924805 0.223438 0.928223 0.227734 0.928223 0.229687 0.926758 0.230469 0.923828 0.230078 0.917969 0.225391 0.911133 0.221875 0.908691 0.214062 0.90625 0.211719 0.90625
1 0.278516 0.961914 0.276172 0.964844 0.275781 0.967773 0.276562 0.977539 0.278125 0.983398 0.283984 0.990723 0.2875 0.992676 0.290625 0.992676 0.291797 0.991211 0.292187 0.988281 0.286328 0.970215 0.282422 0.963379
1 0.309766 0.949219 0.30625 0.944824 0.301172 0.944336 0.285938 0.952637 0.284766 0.954102 0.284766 0.956543 0.286719 0.960938 0.292578 0.960938 0.298047 0.959473 0.308203 0.953613 0.309766 0.951172
1 0.319922 0.894043 0.31875 0.891113 0.314453 0.890625 0.299609 0.896973 0.294531 0.896973 0.293359 0.898926 0.293359 0.902344 0.298438 0.908691 0.303516 0.910645 0.309375 0.907715 0.317969 0.899902 0.319922 0.896973
1 0.291406 0.856934 0.2875 0.854492 0.279297 0.856445 0.270703 0.86084 0.265234 0.865234 0.264062 0.868164 0.266016 0.871582 0.268359 0.873047 0.273438 0.873535 0.276562 0.872559 0.288672 0.86377 0.290234 0.861816
1 0.274219 0.84082 0.274609 0.84375 0.276953 0.846191 0.286328 0.850098 0.294922 0.848633 0.298438 0.845215 0.299609 0.842285 0.299219 0.838379 0.298047 0.836914 0.292578 0.835449 0.277734 0.836426 0.275781 0.837402
1 0.307812 0.802734 0.304297 0.800293 0.3 0.800781 0.293359 0.807129 0.287891 0.80957 0.286719 0.812012 0.287109 0.81543 0.291016 0.819336 0.298438 0.819336 0.303906 0.814453 0.307031 0.807617
1 0.277344 0.798828 0.272656 0.796387 0.269141 0.796387 0.264844 0.79834 0.259375 0.808594 0.258203 0.813477 0.258594 0.818848 0.259375 0.819824 0.263281 0.820312 0.267969 0.817383 0.277734 0.804688
1 0.232813 0.835449 0.227734 0.835449 0.21875 0.84082 0.214453 0.846191 0.2125 0.851562 0.212891 0.854492 0.216406 0.856445 0.225 0.854492 0.232422 0.842285 0.233984 0.838379
1 0.192969 0.82666 0.190625 0.831055 0.190625 0.833496 0.192188 0.835938 0.199609 0.841309 0.203125 0.841309 0.205859 0.838867 0.207422 0.833496 0.207422 0.82959 0.204687 0.823242 0.201172 0.822266
1 0.171094 0.838867 0.169141 0.839355 0.164062 0.847168 0.163281 0.858398 0.161719 0.865234 0.161719 0.869141 0.163281 0.871582 0.166797 0.871582 0.16875 0.870117 0.171875 0.862793 0.173047 0.855469 0.173437 0.843262 0.172656 0.840332
1 0.462109 0.944824 0.461328 0.951172 0.4625 0.955078 0.464844 0.958008 0.467969 0.959473 0.474219 0.959473 0.478125 0.956055 0.478125 0.953125 0.476953 0.950195 0.471094 0.943848 0.467969 0.941895 0.466016 0.941895
1 0.412109 0.887695 0.408594 0.89209 0.408594 0.90625 0.410938 0.912109 0.415625 0.916016 0.419531 0.916016 0.421875 0.912109 0.422656 0.905273 0.420703 0.897949 0.416797 0.890137
1 0.4375 0.923828 0.430859 0.924316 0.425781 0.930664 0.425 0.935059 0.425391 0.939941 0.426953 0.946289 0.428516 0.948242 0.432422 0.948242 0.441797 0.935547 0.441406 0.930664 0.439453 0.925781
1 0.363672 0.890137 0.365625 0.900391 0.369141 0.902832 0.380469 0.901367 0.385156 0.897461 0.384375 0.891113 0.377734 0.887207 0.368359 0.887207 0.365234 0.888184
1 0.392578 0.87207 0.387891 0.868164 0.380859 0.867188 0.373828 0.871094 0.368359 0.871094 0.367969 0.876465 0.372656 0.882812 0.377344 0.884766 0.385937 0.879883 0.392578 0.877441
1 0.336328 0.844238 0.334766 0.846191 0.334766 0.850586 0.337891 0.865723 0.341406 0.871582 0.345703 0.87207 0.347266 0.869141 0.347266 0.863281 0.345313 0.854004 0.341406 0.845215 0.338281 0.84375
1 0.322266 0.82666 0.31875 0.833008 0.318359 0.842773 0.323828 0.852539 0.327344 0.853516 0.329297 0.851562 0.330859 0.847168 0.330859 0.837891 0.326953 0.82959
1 0.402344 0.775391 0.400781 0.774902 0.395313 0.77832 0.389453 0.786621 0.386719 0.796387 0.386719 0.799316 0.387891 0.80127 0.392969 0.80127 0.399219 0.79541 0.403906 0.780762 0.403906 0.777344
1 0.413281 0.798828 0.408594 0.794434 0.404687 0.794434 0.398828 0.796875 0.392578 0.803711 0.391406 0.807129 0.391406 0.813477 0.397266 0.81543 0.404687 0.812012 0.412891 0.804688
1 0.405859 0.78418 0.40625 0.793457 0.414062 0.79834 0.423828 0.797852 0.427734 0.792969 0.427734 0.787598 0.423438 0.782715 0.410938 0.78125 0.407813 0.782227
1 0.409375 0.743164 0.409766 0.746094 0.414453 0.750977 0.41875 0.753418 0.423047 0.754395 0.429297 0.752441 0.435937 0.745117 0.435156 0.741211 0.432422 0.739258 0.416406 0.737305 0.411328 0.737793 0.409766 0.740234
1 0.451172 0.79834 0.451172 0.803223 0.454297 0.806641 0.467187 0.813477 0.474219 0.813477 0.475 0.8125 0.474609 0.807617 0.473047 0.803711 0.467969 0.796875 0.461328 0.795898 0.453516 0.796875
1 0.419922 0.685059 0.417969 0.687988 0.417578 0.691895 0.421484 0.702637 0.426172 0.707031 0.430469 0.708008 0.435937 0.707031 0.435937 0.700684 0.432422 0.690918 0.427734 0.685547 0.425 0.68457
1 0.348047 0.706543 0.346484 0.705078 0.340234 0.705078 0.333984 0.707031 0.329297 0.710449 0.325391 0.715332 0.324219 0.719727 0.324609 0.727051 0.326172 0.728516 0.329297 0.728516 0.3375 0.724609 0.342187 0.720215 0.348047 0.712402
1 0.241406 0.69043 0.239063 0.689941 0.236328 0.691406 0.225781 0.701172 0.218359 0.710449 0.216797 0.716309 0.218359 0.717285 0.224219 0.717285 0.229297 0.71582 0.232813 0.713379 0.238281 0.70459 0.241016 0.697266
1 0.226172 0.685059 0.225391 0.683594 0.220703 0.681152 0.209375 0.681152 0.199219 0.6875 0.198437 0.691406 0.201953 0.696777 0.210938 0.696777 0.220312 0.692383 0.226172 0.687012
1 0.203516 0.67627 0.201563 0.675293 0.192578 0.674805 0.185547 0.680176 0.18125 0.686035 0.182422 0.69043 0.184766 0.692383 0.190234 0.692383 0.196094 0.689453 0.204687 0.682617 0.205469 0.681152
1 0.509766 0.914062 0.505469 0.915039 0.501172 0.922852 0.499609 0.931152 0.502734 0.93457 0.505078 0.935547 0.509375 0.93457 0.511719 0.930176 0.512109 0.917969 0.511719 0.916016
1 0.519141 0.851074 0.517969 0.85791 0.521094 0.865723 0.525 0.869629 0.531641 0.871582 0.533984 0.871094 0.535937 0.867188 0.535156 0.858887 0.526172 0.850586 0.520703 0.849609
1 0.540234 0.842773 0.537109 0.847168 0.537109 0.854492 0.539844 0.861328 0.544922 0.864746 0.549609 0.864746 0.553516 0.862793 0.557031 0.856934 0.556641 0.852051 0.548438 0.849121 0.543359 0.84375
1 0.549609 0.79834 0.548047 0.79834 0.546875 0.800293 0.544141 0.813477 0.54375 0.826172 0.544141 0.828125 0.546094 0.82959 0.549219 0.82959 0.551953 0.827148 0.553516 0.82373 0.554688 0.816406 0.556641 0.8125 0.556641 0.807617 0.551953 0.799805
1 0.528906 0.772949 0.528125 0.773926 0.528125 0.778809 0.532813 0.788086 0.534375 0.79541 0.536719 0.79834 0.541016 0.797363 0.544141 0.788574 0.542578 0.779785 0.537109 0.773926
1 0.578125 0.885742 0.575 0.885254 0.572266 0.88623 0.563281 0.896973 0.559766 0.904297 0.559766 0.908203 0.561328 0.911133 0.563672 0.912109 0.567578 0.911621 0.571094 0.907715 0.577344 0.895508 0.578906 0.887695
1 0.588281 0.882812 0.586719 0.885742 0.588281 0.896973 0.590234 0.901855 0.599219 0.910156 0.601562 0.911133 0.605469 0.910645 0.608984 0.905273 0.608984 0.901367 0.601172 0.890137 0.596484 0.885254 0.592578 0.882812
1 0.584375 0.783203 0.576172 0.786133 0.571484 0.789062 0.567969 0.793457 0.565234 0.801758 0.565625 0.805664 0.567969 0.80957 0.572656 0.808594 0.578516 0.801758 0.582031 0.799805 0.584375 0.796875 0.585938 0.790527 0.585938 0.786621
1 0.585938 0.798828 0.585547 0.803711 0.587109 0.805664 0.598047 0.811035 0.604297 0.811035 0.606641 0.808105 0.605469 0.802246 0.598828 0.796875 0.595703 0.795898 0.591016 0.796387
1 0.630078 0.89209 0.627734 0.899902 0.628125 0.906738 0.629687 0.910645 0.637891 0.919434 0.641797 0.919434 0.642578 0.916992 0.641797 0.910156 0.6375 0.895996 0.634375 0.893066
1 0.665625 0.875977 0.661719 0.875488 0.657422 0.878906 0.649609 0.882812 0.648047 0.885742 0.648828 0.891113 0.650391 0.892578 0.655469 0.893066 0.662891 0.888184 0.666016 0.882324
1 0.688281 0.894043 0.685937 0.89209 0.677734 0.894043 0.66875 0.898438 0.664844 0.902832 0.664453 0.907715 0.665234 0.910156 0.669531 0.910645 0.673438 0.908691 0.681641 0.907227 0.6875 0.900391 0.688672 0.897949
1 0.653906 0.912598 0.649219 0.913086 0.645312 0.917969 0.644531 0.92041 0.645312 0.932617 0.646484 0.936523 0.648828 0.937988 0.652344 0.937012 0.655469 0.933105 0.656641 0.929688 0.655859 0.915527
1 0.646875 0.944824 0.647266 0.949219 0.653516 0.956543 0.659375 0.959473 0.6625 0.959473 0.669141 0.956055 0.673047 0.950684 0.672266 0.94873 0.665234 0.944824 0.655859 0.941895 0.649609 0.942383
1 0.637109 0.966797 0.633594 0.96582 0.627344 0.967285 0.622656 0.972168 0.621875 0.976562 0.622266 0.981934 0.623437 0.984863 0.627344 0.989258 0.630859 0.989746 0.631641 0.98877 0.632812 0.979004 0.638281 0.970215 0.638281 0.968262
1 0.668359 0.978516 0.666406 0.976074 0.662109 0.974121 0.657422 0.974121 0.642188 0.980469 0.640625 0.98291 0.640625 0.98584 0.641406 0.988281 0.643359 0.989258 0.659766 0.983887 0.666016 0.98291 0.668359 0.980469
1 0.7 0.977051 0.699609 0.980957 0.705078 0.998535 0.707422 1 0.719922 1 0.720703 0.999023 0.720313 0.993652 0.707422 0.979004 0.702344 0.976074
1 0.755469 0.98291 0.752344 0.982422 0.751172 0.983398 0.746484 0.992676 0.744922 1 0.757422 1 0.757031 0.986816
1 0.768359 0.915039 0.763281 0.914551 0.759375 0.919434 0.755859 0.930664 0.755469 0.939941 0.756641 0.941895 0.760156 0.942383 0.761328 0.941406 0.767188 0.931641 0.769922 0.923828 0.769922 0.918945
1 0.773438 0.923828 0.772656 0.92627 0.773828 0.931152 0.780078 0.941895 0.783203 0.945312 0.787891 0.943848 0.789453 0.941406 0.789453 0.938965 0.785156 0.930176 0.780078 0.923828
1 0.833594 0.944824 0.829297 0.945312 0.825781 0.948242 0.821875 0.955566 0.821094 0.959961 0.821484 0.966309 0.822656 0.969727 0.826172 0.973145 0.833594 0.97168 0.835156 0.96875 0.835938 0.964844 0.835547 0.94873 0.834766 0.945801
1 0.724609 0.859863 0.719922 0.860352 0.714844 0.871094 0.713672 0.882812 0.714844 0.88623 0.717187 0.888184 0.721875 0.888672 0.724219 0.885254 0.726172 0.861328
1 0.731641 0.852539 0.729688 0.85498 0.726562 0.862793 0.725781 0.867188 0.726172 0.87207 0.736328 0.878906 0.739062 0.876465 0.740234 0.872559 0.739062 0.85791 0.7375 0.85498
1 0.753516 0.875977 0.75 0.875488 0.748047 0.876465 0.742188 0.884766 0.741016 0.893066 0.743359 0.896973 0.747656 0.895508 0.754297 0.887207 0.755859 0.880859
1 0.742188 0.845703 0.740625 0.847656 0.739453 0.852051 0.739453 0.856934 0.741797 0.862793 0.748828 0.870605 0.750781 0.871582 0.754687 0.870605 0.755859 0.868164 0.755859 0.864258 0.753516 0.856934 0.744922 0.845703
1 0.755469 0.835938 0.755078 0.838379 0.757422 0.842773 0.766406 0.847656 0.776563 0.848633 0.778125 0.847168 0.778516 0.842285 0.777344 0.839355 0.771094 0.83252 0.760156 0.830566 0.757422 0.832031
1 0.786328 0.804688 0.784375 0.808594 0.784375 0.820312 0.785547 0.82666 0.790234 0.835449 0.795312 0.837891 0.796875 0.835449 0.798047 0.830078 0.797266 0.817871 0.795703 0.813965 0.787891 0.805176
2 0.702344 0.808105 0.701172 0.806641 0.694531 0.806641 0.689453 0.809082 0.682813 0.815918 0.682031 0.817871 0.682031 0.82373 0.684375 0.825684 0.687891 0.824707 0.694922 0.817383 0.7 0.813965
1 0.848828 0.895508 0.849609 0.900391 0.852734 0.901855 0.867188 0.901367 0.870313 0.900391 0.871875 0.897949 0.871875 0.895508 0.869922 0.893066 0.863672 0.889648 0.852734 0.890625
1 0.879687 0.854004 0.878125 0.853027 0.875391 0.854004 0.866797 0.865234 0.864453 0.872559 0.864453 0.879395 0.865625 0.882812 0.869922 0.883789 0.873047 0.882324 0.875781 0.878906 0.880859 0.859375 0.880859 0.855957
1 0.859375 0.978516 0.859375 0.984863 0.871875 0.992676 0.876563 0.993164 0.880078 0.98877 0.880859 0.983398 0.872266 0.975098 0.865625 0.973633 0.861328 0.976074
2 0.955859 0.935059 0.951172 0.935059 0.939453 0.942871 0.937109 0.945312 0.935547 0.949219 0.935937 0.951172 0.938672 0.954102 0.943359 0.95459 0.949609 0.950195 0.953906 0.945312 0.955859 0.941406
1 0.951953 0.865234 0.950391 0.862305 0.946484 0.86084 0.941016 0.864258 0.934766 0.866211 0.933594 0.871094 0.934766 0.874023 0.939063 0.87793 0.942578 0.879883 0.945703 0.879883 0.947656 0.878906 0.951562 0.872559
1 0.996094 0.87793 0.994531 0.875488 0.990234 0.875977 0.979688 0.882812 0.976562 0.883789 0.974609 0.885742 0.974609 0.887695 0.976953 0.891602 0.982031 0.893555 0.990625 0.893555 0.995703 0.887207 0.996484 0.882812
1 0.932422 0.794434 0.931641 0.799316 0.932813 0.804199 0.935156 0.807129 0.939453 0.810059 0.948438 0.810059 0.953125 0.804199 0.953125 0.802246 0.951953 0.800781 0.938672 0.79248 0.934766 0.791992
1 0.939844 0.703613 0.935547 0.703613 0.930859 0.714355 0.930859 0.726562 0.934766 0.73291 0.939063 0.731934 0.942187 0.724609 0.942187 0.708496
1 0.901953 0.695312 0.902734 0.70166 0.912109 0.709473 0.916016 0.710449 0.922266 0.709473 0.924219 0.708496 0.926562 0.70459 0.926562 0.700195 0.924609 0.697754 0.919141 0.694824 0.910156 0.692383 0.904687 0.692383
1 0.901563 0.664551 0.899609 0.664551 0.898438 0.666016 0.892188 0.682129 0.891406 0.686523 0.891797 0.691895 0.893359 0.693359 0.896875 0.693848 0.898828 0.692383 0.907031 0.674805 0.907422 0.670898 0.904297 0.666504
1 0.892578 0.617188 0.887891 0.617188 0.884375 0.62207 0.878125 0.637695 0.877734 0.644043 0.879297 0.646484 0.882031 0.646973 0.884766 0.645508 0.891797 0.637207 0.89375 0.628418 0.89375 0.620605
1 0.865625 0.654297 0.861719 0.654785 0.859766 0.65625 0.857031 0.662109 0.855859 0.669434 0.855469 0.677246 0.85625 0.682129 0.858203 0.686035 0.861328 0.688477 0.865625 0.687988 0.866797 0.683594 0.867969 0.666016 0.866797 0.656738
1 0.833594 0.624512 0.829688 0.624512 0.825391 0.633789 0.824219 0.640625 0.822266 0.645508 0.822266 0.648926 0.824609 0.651855 0.826953 0.652344 0.830469 0.650391 0.839063 0.633789 0.838281 0.628906
1 0.797656 0.647461 0.795312 0.650391 0.795312 0.653809 0.801562 0.660645 0.801953 0.66748 0.803125 0.670898 0.805859 0.672363 0.810547 0.671387 0.811719 0.667969 0.811719 0.664062 0.810156 0.656738 0.802734 0.647949
1 0.821875 0.690918 0.817578 0.691406 0.814453 0.693359 0.809766 0.69873 0.807813 0.70459 0.802734 0.709961 0.803125 0.712402 0.805469 0.71582 0.810937 0.717285 0.819141 0.710449 0.821875 0.705566 0.823438 0.697754 0.823047 0.692383
1 0.721484 0.740723 0.720313 0.745605 0.725391 0.754883 0.731641 0.757812 0.736328 0.757812 0.738672 0.755371 0.737891 0.748535 0.731641 0.740723 0.727734 0.73877 0.723828 0.73877
1 0.634375 0.758301 0.633984 0.762695 0.634766 0.766113 0.638672 0.771973 0.642578 0.775391 0.646094 0.776855 0.653906 0.776855 0.657813 0.774902 0.658203 0.772949 0.657031 0.768555 0.647656 0.758789 0.639844 0.755859 0.636328 0.756348
1 0.630078 0.762207 0.627734 0.768066 0.627734 0.775391 0.629297 0.780273 0.631641 0.783691 0.634766 0.785645 0.639844 0.786133 0.641797 0.785156 0.642188 0.777832 0.641016 0.773438 0.633203 0.763184
1 0.63125 0.703613 0.630078 0.705078 0.630859 0.714844 0.637109 0.729492 0.639453 0.731445 0.644922 0.725098 0.645703 0.720703 0.644922 0.711914 0.642188 0.706055 0.639062 0.703125
1 0.661719 0.665527 0.660156 0.667969 0.659375 0.672363 0.659766 0.683105 0.661719 0.69043 0.665234 0.696777 0.666797 0.697266 0.669922 0.694336 0.671094 0.691406 0.671875 0.680176 0.671094 0.67627 0.667969 0.67041 0.665234 0.666992
1 0.613672 0.633301 0.613672 0.638184 0.617969 0.641602 0.622266 0.646973 0.632422 0.651367 0.635547 0.651367 0.6375 0.648926 0.6375 0.645996 0.636328 0.644531 0.632812 0.642578 0.628516 0.637695 0.620313 0.631836 0.614844 0.631836
1 0.604297 0.632812 0.602734 0.632812 0.6 0.635254 0.592578 0.651367 0.591016 0.658203 0.591406 0.666504 0.596484 0.665039 0.603125 0.658203 0.605469 0.653809 0.607031 0.646973 0.606641 0.636719
1 0.548047 0.642578 0.544922 0.652344 0.544922 0.662598 0.546875 0.668945 0.551562 0.67627 0.553516 0.677246 0.555469 0.675293 0.556641 0.671387 0.55625 0.655762 0.552734 0.644043 0.550391 0.642578
1 0.485156 0.628418 0.483203 0.631348 0.483203 0.63623 0.485547 0.646973 0.485938 0.652832 0.4875 0.657715 0.489453 0.659668 0.491016 0.659668 0.493359 0.658203 0.495703 0.654785 0.496484 0.651855 0.496484 0.643555 0.491016 0.631348 0.4875 0.628418
1 0.471484 0.61084 0.469531 0.612305 0.467578 0.617188 0.466016 0.625488 0.466406 0.638184 0.465625 0.647461 0.466406 0.648438 0.469141 0.648438 0.471484 0.646973 0.478516 0.629395 0.476172 0.617188 0.474609 0.61377
1 0.441016 0.603027 0.439844 0.606934 0.440234 0.608887 0.45 0.618652 0.459766 0.618652 0.4625 0.614746 0.4625 0.612305 0.459766 0.608887 0.451562 0.602051 0.445312 0.601074
1 0.999414 0.69502 0.995117 0.692725 0.990078 0.691553 0.985156 0.69043 0.982812 0.694824 0.982812 0.696777 0.985547 0.701172 0.994531 0.704102 1 0.70459
2 1 0.674805 0.99375 0.674805 0.983594 0.681641 0.983594 0.687012 0.986328 0.689941 0.990625 0.689941 0.994141 0.685547 1 0.683594
1 0.833594 0.539062 0.833203 0.54541 0.836328 0.554688 0.840625 0.560547 0.845313 0.564941 0.846484 0.564941 0.85 0.559082 0.85 0.553223 0.848828 0.549805 0.841797 0.540527 0.837891 0.538574
1 1 0.511719 0.993359 0.51123 0.983984 0.514648 0.977344 0.519043 0.977344 0.524414 0.978906 0.525879 0.990625 0.526367 0.998047 0.522461 1 0.522461
1 0.991406 0.491699 0.990234 0.490234 0.987109 0.490723 0.969141 0.499512 0.967187 0.502441 0.967578 0.507324 0.970313 0.510742 0.973437 0.511719 0.976953 0.51123 0.983203 0.507812 0.991406 0.496582
1 0.938281 0.455566 0.939453 0.461914 0.945312 0.471191 0.954297 0.477051 0.958203 0.474609 0.958984 0.470215 0.950391 0.458008 0.943359 0.453613 0.939453 0.454102
1 0.888281 0.442871 0.887109 0.446289 0.887891 0.450684 0.891797 0.458008 0.894922 0.461426 0.903125 0.464844 0.90625 0.464355 0.908203 0.462402 0.907031 0.455078 0.896484 0.442383 0.891797 0.44043
2 0.766016 0.640137 0.764844 0.638184 0.759766 0.638184 0.747656 0.641113 0.741797 0.645996 0.741016 0.652832 0.743359 0.655273 0.744922 0.655273 0.750781 0.651367 0.759766 0.648438 0.766016 0.642578
1 0.726953 0.601074 0.725 0.603027 0.725 0.61084 0.727734 0.622559 0.733984 0.634277 0.735156 0.635254 0.738281 0.635254 0.740625 0.632812 0.740625 0.625488 0.738672 0.616211 0.733594 0.602539 0.730469 0.600586
1 0.712891 0.625488 0.709375 0.626465 0.705078 0.632324 0.702734 0.640137 0.703125 0.646484 0.704688 0.652832 0.708203 0.655762 0.711328 0.652344 0.716016 0.637207 0.715625 0.630859
1 0.673438 0.608398 0.672266 0.611328 0.672266 0.615234 0.676953 0.629395 0.68125 0.631348 0.685937 0.631348 0.689063 0.630371 0.691016 0.628418 0.690625 0.622559 0.678516 0.60791 0.675781 0.607422
1 0.681641 0.59082 0.680469 0.592773 0.679688 0.602051 0.678125 0.607422 0.678516 0.610352 0.683594 0.616699 0.689063 0.621582 0.695312 0.619629 0.696484 0.617676 0.695703 0.613281 0.692187 0.607422 0.687109 0.592285 0.685156 0.590332
2 0.660547 0.569824 0.657422 0.569336 0.654687 0.570312 0.648438 0.574707 0.642188 0.587891 0.642188 0.589844 0.644922 0.594727 0.65 0.595703 0.652734 0.593262 0.661719 0.574707 0.661719 0.571777
1 0.578516 0.577148 0.577734 0.57959 0.577734 0.589355 0.580859 0.594238 0.585156 0.596191 0.588672 0.596191 0.596484 0.591797 0.597266 0.587402 0.595703 0.584961 0.5875 0.581543 0.580859 0.575684
2 0.541797 0.596191 0.5375 0.597656 0.535156 0.602539 0.536328 0.623047 0.540234 0.629883 0.541797 0.628906 0.542969 0.62207 0.544922 0.618652 0.546875 0.607422 0.546875 0.602539 0.545703 0.597656
2 0.519141 0.543945 0.520703 0.549805 0.528906 0.553223 0.533594 0.553223 0.539844 0.55127 0.541797 0.549316 0.542578 0.54541 0.542188 0.543457 0.539453 0.541992 0.530859 0.542969 0.526172 0.541504 0.521094 0.541504
1 0.560156 0.521484 0.557031 0.521484 0.553125 0.523926 0.547656 0.531738 0.544922 0.538574 0.544922 0.544922 0.546875 0.549316 0.552734 0.554199 0.555078 0.553223 0.556641 0.550781 0.558984 0.535645 0.562109 0.526367 0.562109 0.524414
1 0.494922 0.534668 0.489844 0.535156 0.484375 0.539551 0.481641 0.544922 0.480469 0.550293 0.480469 0.563965 0.482031 0.568848 0.486328 0.566406 0.491797 0.558594 0.497656 0.540527 0.496875 0.536621
1 0.445703 0.534668 0.445703 0.539551 0.448828 0.545898 0.450781 0.553223 0.454688 0.559082 0.458984 0.560059 0.460938 0.555664 0.461719 0.550781 0.460938 0.544434 0.459375 0.540039 0.455078 0.535645 0.448437 0.53418
1 0.416797 0.587402 0.418359 0.59082 0.426563 0.595215 0.441406 0.593262 0.443359 0.592285 0.444922 0.589355 0.443359 0.583984 0.432422 0.580566 0.428516 0.580566 0.419141 0.583008
1 0.610547 0.503418 0.606641 0.506348 0.605469 0.509277 0.605859 0.51416 0.610156 0.523926 0.614844 0.530273 0.616797 0.530273 0.620703 0.525391 0.621094 0.518066 0.61875 0.51123 0.614062 0.504395
1 0.658984 0.464355 0.654687 0.464844 0.648438 0.469238 0.646094 0.472168 0.641797 0.480957 0.642188 0.485352 0.645312 0.487793 0.650781 0.486816 0.654687 0.484375 0.658594 0.47998 0.660937 0.473145 0.660547 0.467285
1 0.821484 0.395508 0.817969 0.398926 0.816406 0.40332 0.816016 0.408691 0.819141 0.427246 0.821484 0.430664 0.826172 0.430176 0.828516 0.426758 0.830078 0.416992 0.827344 0.404297 0.823047 0.395996
1 0.981641 0.294922 0.982422 0.303223 0.989844 0.316406 0.994531 0.315918 0.997656 0.3125 1 0.312012 1 0.30127 0.998047 0.300781 0.994531 0.294434 0.991016 0.291992 0.986719 0.291504 0.983203 0.292969
1 0.991406 0.251465 0.988672 0.251465 0.985547 0.253418 0.980859 0.263184 0.978125 0.274902 0.978906 0.280273 0.980078 0.281738 0.983203 0.282227 0.989453 0.276367 0.991406 0.271973 0.994531 0.259766 0.994531 0.255371
1 0.978906 0.244141 0.975781 0.245605 0.974219 0.247559 0.971094 0.256836 0.971094 0.267578 0.971875 0.271484 0.973828 0.273926 0.978125 0.272949 0.980859 0.267578 0.983203 0.258301 0.983594 0.25 0.982422 0.24707
2 0.907422 0.231934 0.904687 0.241211 0.903906 0.249512 0.905078 0.262207 0.906641 0.26416 0.908984 0.264648 0.913281 0.26123 0.915625 0.255859 0.916016 0.244629 0.912891 0.23584 0.909375 0.231934
1 0.687891 0.304688 0.686719 0.303223 0.681641 0.30127 0.674219 0.302246 0.667188 0.309082 0.666406 0.315918 0.669141 0.319824 0.673828 0.319824 0.685547 0.310547 0.687109 0.308594
1 0.653516 0.288574 0.648047 0.29834 0.646484 0.305664 0.646484 0.310059 0.649219 0.317871 0.652344 0.321777 0.655078 0.322754 0.659766 0.31543 0.660156 0.306641 0.657813 0.291504 0.655469 0.288574
1 0.782813 0.422363 0.780078 0.425293 0.777734 0.433105 0.777734 0.445801 0.778516 0.450684 0.779687 0.452148 0.783984 0.449707 0.788672 0.4375 0.789062 0.431152 0.786719 0.42334
2 0.779297 0.393555 0.774219 0.39502 0.764844 0.408691 0.761328 0.416992 0.761328 0.421875 0.7625 0.42334 0.764062 0.423828 0.767578 0.421387 0.773438 0.412598 0.780078 0.398438
1 0.973828 0.313965 0.970313 0.310547 0.966406 0.30957 0.961328 0.310059 0.953906 0.313477 0.951953 0.316406 0.951562 0.320801 0.954688 0.324707 0.961719 0.324707 0.971094 0.320801 0.972656 0.318848
1 0.903906 0.0664062 0.903125 0.0683594 0.903125 0.0805664 0.905859 0.0898438 0.907813 0.0922852 0.911328 0.0942383 0.919922 0.0942383 0.921484 0.0922852 0.921875 0.0898438 0.914062 0.0712891 0.909766 0.0678711 0.905078 0.065918
1 0.876172 0.0253906 0.873828 0.0302734 0.871875 0.0385742 0.871875 0.043457 0.873047 0.0473633 0.876953 0.0527344 0.882422 0.0532227 0.888281 0.0517578 0.889062 0.0507812 0.888672 0.0454102 0.883203 0.0371094 0.880469 0.0288086 0.877734 0.0253906
1 0.992969 0.0166016 0.989453 0.0151367 0.973828 0.0234375 0.966406 0.03125 0.967187 0.0361328 0.972656 0.0371094 0.983594 0.0332031 0.992969 0.0219727
1 0.846484 0.0249023 0.84375 0.0258789 0.841406 0.0302734 0.839844 0.0424805 0.841797 0.0473633 0.845703 0.0473633 0.85 0.0439453 0.851953 0.0410156 0.852344 0.0351562 0.85 0.0273438
2 0.825391 0.0629883 0.823438 0.065918 0.823828 0.0712891 0.830469 0.0771484 0.837109 0.0869141 0.840234 0.0883789 0.843359 0.0878906 0.844922 0.0859375 0.844922 0.0805664 0.843359 0.0761719 0.834375 0.0644531 0.830078 0.0620117
2 0.0734375 0.95752 0.0714844 0.95752 0.0695313 0.959473 0.0673047 0.965088 0.0668359 0.972021 0.0689844 0.977881 0.071875 0.981445 0.0753906 0.984375 0.0769531 0.984375 0.0796875 0.979004 0.0792969 0.97168
1 0.74125 0.869824 0.74043 0.879297 0.737617 0.887061 0.733711 0.890479 0.731641 0.891602 0.725 0.891113 0.722031 0.890039 0.722539 0.886523 0.726328 0.883154 0.73082 0.87793 0.731289 0.873828 0.735117 0.868164 0.738633 0.867188
1 0.710938 0.097168 0.709766 0.0986328 0.709375 0.100586 0.709766 0.101074 0.709766 0.10498 0.710156 0.105469 0.710156 0.108398 0.710547 0.108887 0.711328 0.115723 0.711719 0.116211 0.711719 0.117676 0.713281 0.123535 0.717969 0.130859 0.719531 0.134766 0.721484 0.137207 0.725391 0.140137 0.730469 0.14209 0.731641 0.143066 0.733203 0.143066 0.734766 0.141113 0.735547 0.138672 0.732031 0.129395 0.727734 0.123535 0.725391 0.119141 0.724219 0.118164 0.718359 0.110352 0.717187 0.107422 0.716406 0.104492 0.716406 0.103027 0.715625 0.102051 0.714453 0.0981445 0.713281 0.0966797 0.711719 0.0966797
