1 0.0503906 0.36084 0.0503906 0.361816 0.0507812 0.362305 0.0507812 0.363281 0.0515625 0.364258 0.0515625 0.364746 0.0519531 0.365234 0.0523438 0.365234 0.0527344 0.365723 0.0570312 0.365723 0.0574219 0.365234 0.0585938 0.365234 0.0589844 0.364746 0.0597656 0.364746 0.0601563 0.364258 0.0609375 0.364258 0.0613281 0.36377 0.0625 0.36377 0.0628906 0.363281 0.0648438 0.363281 0.0652344 0.362793 0.0675781 0.362793 0.0679687 0.362305 0.0714844 0.362305 0.071875 0.361816 0.0765625 0.361816 0.0769531 0.362305 0.0800781 0.362305 0.0804688 0.362793 0.0835937 0.362793 0.0839844 0.363281 0.0855469 0.363281 0.0859375 0.36377 0.0871094 0.36377 0.0875 0.364258 0.0890625 0.364258 0.0894531 0.364746 0.0910156 0.364746 0.0914062 0.365234 0.0925781 0.365234 0.0929688 0.365723 0.09375 0.365723 0.0941406 0.366211 0.0953125 0.366211 0.0957031 0.366699 0.0972656 0.366699 0.0976562 0.367188 0.0988281 0.367188 0.0992187 0.367676 0.100391 0.367676 0.100781 0.368164 0.101953 0.368164 0.102344 0.368652 0.103125 0.368652 0.103516 0.369141 0.105859 0.369141 0.10625 0.369629 0.107813 0.369629 0.108203 0.370117 0.109375 0.370117 0.109766 0.370605 0.110937 0.370605 0.111328 0.371094 0.115234 0.371094 0.115625 0.371582 0.116406 0.371582 0.116797 0.37207 0.118359 0.37207 0.11875 0.372559 0.123438 0.372559 0.123828 0.37207 0.124219 0.37207 0.125 0.371094 0.125 0.370605 0.125391 0.370117 0.125391 0.368164 0.124609 0.367188 0.124609 0.366699 0.124219 0.366211 0.124219 0.365723 0.122266 0.363281 0.121875 0.363281 0.119922 0.36084 0.119531 0.36084 0.119141 0.360352 0.11875 0.360352 0.118359 0.359863 0.117969 0.359863 0.117578 0.359375 0.117188 0.359375 0.116797 0.358887 0.116406 0.358887 0.116016 0.358398 0.115625 0.358398 0.114453 0.356934 0.114062 0.356934 0.113281 0.355957 0.112891 0.355957 0.112109 0.35498 0.111719 0.35498 0.110937 0.354004 0.110547 0.354004 0.110156 0.353516 0.109766 0.353516 0.108984 0.352539 0.108594 0.352539 0.108203 0.352051 0.107813 0.352051 0.107422 0.351562 0.107031 0.351562 0.106641 0.351074 0.10625 0.351074 0.105859 0.350586 0.105078 0.350586 0.104688 0.350098 0.104297 0.350098 0.103906 0.349609 0.103516 0.349609 0.103125 0.349121 0.102734 0.349121 0.101953 0.348145 0.101562 0.348145 0.101172 0.347656 0.100781 0.347656 0.100391 0.347168 0.1 0.347168 0.0996094 0.34668 0.0992187 0.34668 0.0988281 0.346191 0.0980469 0.346191 0.0976562 0.345703 0.096875 0.345703 0.0964844 0.345215 0.0949219 0.345215 0.0945312 0.344727 0.0925781 0.344727 0.0921875 0.344238 0.0902344 0.344238 0.0898438 0.34375 0.0867187 0.34375 0.0863281 0.343262 0.0824219 0.343262 0.0820312 0.342773 0.0730469 0.342773 0.0726563 0.343262 0.0710937 0.343262 0.0707031 0.34375 0.0699219 0.34375 0.0695313 0.344238 0.06875 0.344238 0.0683594 0.344727 0.0675781 0.344727 0.0671875 0.345215 0.0664062 0.345215 0.0660156 0.345703 0.0648438 0.345703 0.0640625 0.34668 0.0636719 0.34668 0.0628906 0.347656 0.0625 0.347656 0.0613281 0.349121 0.0609375 0.349121 0.0605469 0.349609 0.0601563 0.349609 0.059375 0.350586 0.0589844 0.350586 0.0585938 0.351074 0.0582031 0.351074 0.0578125 0.351562 0.0570312 0.351562 0.0566406 0.352051 0.05625 0.352051 0.0527344 0.356445 0.0523438 0.356445 0.0519531 0.356934 0.0519531 0.357422 0.0515625 0.35791 0.0515625 0.358398 0.0511719 0.358887 0.0511719 0.359375 0.0507812 0.359863 0.0507812 0.360352
1 0.303125 0.537109 0.302734 0.536621 0.302734 0.536133 0.301563 0.534668 0.301172 0.534668 0.300391 0.533691 0.3 0.533691 0.299609 0.533203 0.299219 0.533203 0.298828 0.532715 0.298047 0.532715 0.297656 0.532227 0.296875 0.532227 0.296484 0.531738 0.295312 0.531738 0.294922 0.53125 0.29375 0.53125 0.293359 0.530762 0.292578 0.530762 0.292187 0.530273 0.291406 0.530273 0.291016 0.529785 0.289844 0.529785 0.289453 0.529297 0.288672 0.529297 0.288281 0.528809 0.2875 0.528809 0.287109 0.52832 0.285547 0.52832 0.285156 0.527832 0.281641 0.527832 0.28125 0.527344 0.278516 0.527344 0.278125 0.527832 0.275 0.527832 0.274609 0.52832 0.273438 0.52832 0.273047 0.528809 0.272266 0.528809 0.271875 0.529297 0.271094 0.529297 0.270703 0.529785 0.269922 0.529785 0.269531 0.530273 0.267969 0.530273 0.267578 0.530762 0.266797 0.530762 0.266406 0.53125 0.266016 0.53125 0.265625 0.531738 0.264844 0.531738 0.264453 0.532227 0.263672 0.532227 0.263281 0.532715 0.2625 0.532715 0.262109 0.533203 0.261719 0.533203 0.261328 0.533691 0.260937 0.533691 0.260547 0.53418 0.260156 0.53418 0.259375 0.535156 0.258984 0.535156 0.257422 0.537109 0.257031 0.537109 0.25625 0.538086 0.255859 0.538086 0.255469 0.538574 0.255078 0.538574 0.254688 0.539062 0.254297 0.539062 0.253906 0.539551 0.253516 0.539551 0.253125 0.540039 0.252734 0.540039 0.251953 0.541016 0.251563 0.541016 0.251172 0.541504 0.251172 0.541992 0.247656 0.546387 0.247266 0.546387 0.246484 0.547363 0.246094 0.547363 0.245312 0.54834 0.244922 0.54834 0.243359 0.550293 0.243359 0.550781 0.242578 0.551758 0.242578 0.552246 0.242188 0.552734 0.242188 0.553223 0.241406 0.554199 0.241406 0.554688 0.240234 0.556152 0.240234 0.556641 0.239844 0.557129 0.239844 0.557617 0.239453 0.558105 0.239453 0.558594 0.239063 0.559082 0.239063 0.55957 0.238672 0.560059 0.238672 0.560547 0.238281 0.561035 0.238281 0.561523 0.237891 0.562012 0.237891 0.5625 0.2375 0.562988 0.2375 0.563477 0.237109 0.563965 0.237109 0.564453 0.236719 0.564941 0.236719 0.569336 0.237109 0.569824 0.237109 0.571289 0.2375 0.571777 0.2375 0.572266 0.237891 0.572754 0.238281 0.572754 0.238672 0.573242 0.239063 0.573242 0.239453 0.57373 0.241016 0.57373 0.241406 0.573242 0.241797 0.573242 0.242969 0.571777 0.243359 0.571777 0.244922 0.569824 0.245312 0.569824 0.248047 0.566406 0.248047 0.565918 0.248828 0.564941 0.248828 0.564453 0.250781 0.562012 0.251172 0.562012 0.251563 0.561523 0.251953 0.561523 0.252344 0.561035 0.252734 0.561035 0.253125 0.560547 0.253516 0.560547 0.253906 0.560059 0.254297 0.560059 0.254688 0.55957 0.255078 0.55957 0.255469 0.559082 0.255859 0.559082 0.25625 0.558594 0.256641 0.558594 0.257031 0.558105 0.257422 0.558105 0.257812 0.557617 0.258203 0.557617 0.258594 0.557129 0.258984 0.557129 0.259375 0.556641 0.259766 0.556641 0.260156 0.556152 0.260547 0.556152 0.260937 0.555664 0.261719 0.555664 0.262109 0.555176 0.2625 0.555176 0.262891 0.554688 0.263672 0.554688 0.264062 0.554199 0.264844 0.554199 0.265234 0.553711 0.265625 0.553711 0.266016 0.553223 0.266406 0.553223 0.266797 0.552734 0.267188 0.552734 0.267578 0.552246 0.267969 0.552246 0.268359 0.551758 0.26875 0.551758 0.269141 0.55127 0.269922 0.55127 0.270313 0.550781 0.270703 0.550781 0.271094 0.550293 0.271875 0.550293 0.272266 0.549805 0.272656 0.549805 0.273047 0.549316 0.273438 0.549316 0.274219 0.54834 0.274609 0.54834 0.275 0.547852 0.275781 0.547852 0.276172 0.547363 0.276953 0.547363 0.277344 0.546875 0.278125 0.546875 0.278516 0.546387 0.279687 0.546387 0.280078 0.545898 0.280859 0.545898 0.28125 0.54541 0.282031 0.54541 0.282422 0.544922 0.283594 0.544922 0.283984 0.544434 0.285547 0.544434 0.285938 0.543945 0.287109 0.543945 0.2875 0.543457 0.290234 0.543457 0.290625 0.542969 0.292969 0.542969 0.293359 0.54248 0.294922 0.54248 0.295312 0.541992 0.299219 0.541992 0.299609 0.541504 0.300391 0.541504 0.300781 0.541016 0.301172 0.541016 0.301563 0.540527 0.301953 0.540527 0.302344 0.540039 0.302344 0.539551 0.302734 0.539062 0.302734 0.538574 0.303125 0.538086
1 0.149609 0.640625 0.149609 0.641113 0.148828 0.64209 0.148828 0.643066 0.148438 0.643555 0.148438 0.644531 0.148047 0.64502 0.148047 0.646973 0.147656 0.647461 0.147656 0.649902 0.147266 0.650391 0.147266 0.668457 0.147656 0.668945 0.147656 0.672852 0.148047 0.67334 0.148047 0.675293 0.148438 0.675781 0.148438 0.676758 0.148828 0.677246 0.148828 0.678223 0.149219 0.678711 0.149219 0.679688 0.149609 0.680176 0.149609 0.681152 0.150391 0.682129 0.150391 0.682617 0.150781 0.683105 0.150781 0.683594 0.151562 0.68457 0.151562 0.685059 0.151953 0.685547 0.151953 0.686035 0.152734 0.687012 0.152734 0.6875 0.153125 0.687988 0.153125 0.688477 0.153516 0.688965 0.153516 0.689453 0.154297 0.69043 0.154297 0.690918 0.154688 0.691406 0.154688 0.691895 0.155469 0.692871 0.155469 0.693359 0.155859 0.693848 0.155859 0.694336 0.15625 0.694824 0.15625 0.695801 0.156641 0.696289 0.156641 0.697266 0.157031 0.697754 0.157031 0.698242 0.157422 0.69873 0.157422 0.699219 0.158594 0.700684 0.158594 0.701172 0.160547 0.703613 0.160547 0.704102 0.161719 0.705566 0.161719 0.706055 0.162109 0.706055 0.164453 0.708984 0.164453 0.709473 0.164844 0.709961 0.165234 0.709961 0.166016 0.710938 0.166406 0.710938 0.166797 0.711426 0.167187 0.711426 0.167969 0.712402 0.168359 0.712402 0.169141 0.713379 0.169531 0.713379 0.169922 0.713867 0.170313 0.713867 0.170703 0.714355 0.171094 0.714355 0.171484 0.714844 0.172266 0.714844 0.172656 0.715332 0.173047 0.715332 0.173437 0.71582 0.174609 0.71582 0.175 0.716309 0.180859 0.716309 0.18125 0.71582 0.182422 0.71582 0.182812 0.715332 0.183203 0.715332 0.183594 0.714844 0.184375 0.714844 0.184766 0.714355 0.185156 0.714355 0.185547 0.713867 0.185938 0.713867 0.187109 0.712402 0.187109 0.711914 0.1875 0.711426 0.1875 0.710938 0.188281 0.709961 0.188281 0.708008 0.187891 0.70752 0.187891 0.707031 0.186328 0.705078 0.185938 0.705078 0.185547 0.70459 0.184766 0.70459 0.184375 0.704102 0.183594 0.704102 0.183203 0.703613 0.182422 0.703613 0.182031 0.703125 0.180469 0.703125 0.180078 0.702637 0.178516 0.702637 0.178125 0.702148 0.177734 0.702148 0.177344 0.70166 0.176953 0.70166 0.173828 0.697754 0.173828 0.697266 0.173047 0.696289 0.173047 0.695801 0.172656 0.695312 0.172656 0.694824 0.172266 0.694336 0.172266 0.693848 0.171875 0.693359 0.171875 0.692871 0.171484 0.692383 0.171484 0.691895 0.171094 0.691406 0.171094 0.690918 0.170703 0.69043 0.170703 0.689941 0.169922 0.688965 0.169922 0.688477 0.169141 0.6875 0.169141 0.687012 0.16875 0.686523 0.16875 0.686035 0.168359 0.685547 0.168359 0.685059 0.167969 0.68457 0.167969 0.683594 0.167578 0.683105 0.167578 0.682617 0.167187 0.682129 0.167187 0.681641 0.166797 0.681152 0.166797 0.680664 0.165234 0.678711 0.165234 0.678223 0.164453 0.677246 0.164453 0.676758 0.164062 0.67627 0.164062 0.675293 0.163672 0.674805 0.163672 0.674316 0.163281 0.673828 0.163281 0.67334 0.162891 0.672852 0.162891 0.672363 0.1625 0.671875 0.1625 0.671387 0.162109 0.670898 0.162109 0.67041 0.161328 0.669434 0.161328 0.668945 0.160547 0.667969 0.160547 0.66748 0.160156 0.666992 0.160156 0.666504 0.159375 0.665527 0.159375 0.665039 0.158594 0.664062 0.158594 0.663574 0.157812 0.662598 0.157812 0.662109 0.157422 0.661621 0.157422 0.661133 0.157031 0.660645 0.157031 0.660156 0.156641 0.659668 0.156641 0.65918 0.15625 0.658691 0.15625 0.658203 0.155859 0.657715 0.155859 0.656738 0.155469 0.65625 0.155469 0.655273 0.155078 0.654785 0.155078 0.653809 0.154688 0.65332 0.154688 0.651855 0.154297 0.651367 0.154297 0.649414 0.153906 0.648926 0.153906 0.645996 0.153516 0.645508 0.153516 0.644531 0.153125 0.644043 0.153125 0.643555 0.152734 0.643066 0.152734 0.642578 0.152344 0.64209 0.152344 0.641602 0.151562 0.640625
1 0.433984 0.583496 0.433984 0.588867 0.434375 0.589355 0.434375 0.590332 0.434766 0.59082 0.434766 0.591309 0.435156 0.591797 0.435156 0.592285 0.436719 0.594238 0.436719 0.594727 0.4375 0.595703 0.4375 0.596191 0.438281 0.597168 0.438281 0.597656 0.440234 0.600098 0.440625 0.600098 0.441016 0.600586 0.441406 0.600586 0.441797 0.601074 0.442188 0.601074 0.442578 0.601562 0.442969 0.601562 0.443359 0.602051 0.44375 0.602051 0.444141 0.602539 0.444531 0.602539 0.444922 0.603027 0.445703 0.603027 0.446094 0.603516 0.446875 0.603516 0.447266 0.604004 0.458203 0.604004 0.458594 0.603516 0.460547 0.603516 0.460938 0.603027 0.4625 0.603027 0.462891 0.602539 0.464453 0.602539 0.464844 0.602051 0.466406 0.602051 0.466797 0.601562 0.467578 0.601562 0.467969 0.601074 0.46875 0.601074 0.469141 0.600586 0.469922 0.600586 0.470313 0.600098 0.471094 0.600098 0.471484 0.599609 0.472266 0.599609 0.472656 0.599121 0.473438 0.599121 0.473828 0.598633 0.474609 0.598633 0.475 0.598145 0.475391 0.598145 0.475781 0.597656 0.476172 0.597656 0.476562 0.597168 0.476953 0.597168 0.477344 0.59668 0.478125 0.59668 0.478516 0.596191 0.478906 0.596191 0.479297 0.595703 0.480078 0.595703 0.480469 0.595215 0.480859 0.595215 0.48125 0.594727 0.482031 0.594727 0.482422 0.594238 0.482812 0.594238 0.483203 0.59375 0.483594 0.59375 0.484375 0.592773 0.484766 0.592773 0.485156 0.592285 0.485547 0.592285 0.487109 0.590332 0.487109 0.589844 0.4875 0.589355 0.4875 0.588379 0.487891 0.587891 0.487891 0.587402 0.4875 0.586914 0.4875 0.586426 0.486328 0.584961 0.485938 0.584961 0.485547 0.584473 0.484375 0.584473 0.483984 0.583984 0.46875 0.583984 0.468359 0.584473 0.465625 0.584473 0.465234 0.584961 0.462891 0.584961 0.4625 0.585449 0.461328 0.585449 0.460938 0.585938 0.459766 0.585938 0.459375 0.586426 0.457422 0.586426 0.457031 0.586914 0.455078 0.586914 0.454688 0.587402 0.453125 0.587402 0.452734 0.587891 0.451172 0.587891 0.450781 0.588379 0.449609 0.588379 0.449219 0.587891 0.447266 0.587891 0.446875 0.587402 0.446484 0.587402 0.446094 0.586914 0.445703 0.586914 0.445312 0.586426 0.444922 0.586426 0.444141 0.585449 0.44375 0.585449 0.442188 0.583496 0.441797 0.583496 0.441016 0.58252 0.440625 0.58252 0.440234 0.582031 0.439844 0.582031 0.439453 0.581543 0.435547 0.581543
1 0.582031 0 0.582031 0.00195312 0.583984 0.00439453 0.583984 0.00488281 0.5875 0.00927734 0.587891 0.00927734 0.588672 0.0102539 0.589063 0.0102539 0.589844 0.0112305 0.590234 0.0112305 0.591406 0.0126953 0.591797 0.0126953 0.59375 0.0151367 0.594141 0.0151367 0.596094 0.0175781 0.596484 0.0175781 0.597266 0.0185547 0.597656 0.0185547 0.598047 0.019043 0.598437 0.019043 0.599219 0.0200195 0.599609 0.0200195 0.600391 0.0209961 0.600781 0.0209961 0.601953 0.0224609 0.602344 0.0224609 0.602734 0.0229492 0.603125 0.0229492 0.603516 0.0234375 0.603906 0.0234375 0.604297 0.0239258 0.604688 0.0239258 0.605469 0.0249023 0.605859 0.0249023 0.606641 0.0258789 0.607031 0.0258789 0.607422 0.0263672 0.607812 0.0263672 0.608203 0.0268555 0.608594 0.0268555 0.608984 0.0273438 0.609375 0.0273438 0.609766 0.027832 0.610156 0.027832 0.610938 0.0288086 0.611719 0.0288086 0.612109 0.0292969 0.612891 0.0292969 0.613281 0.0297852 0.613672 0.0297852 0.614062 0.0302734 0.614844 0.0302734 0.615234 0.0307617 0.616016 0.0307617 0.616406 0.03125 0.617188 0.03125 0.617578 0.0317383 0.618359 0.0317383 0.61875 0.0322266 0.619922 0.0322266 0.620313 0.0327148 0.621094 0.0327148 0.621484 0.0332031 0.623828 0.0332031 0.624609 0.0322266 0.624609 0.03125 0.625 0.0307617 0.625 0.0288086 0.624609 0.0283203 0.624609 0.027832 0.624219 0.0273438 0.624219 0.0263672 0.623828 0.0258789 0.623828 0.0253906 0.619922 0.0205078 0.619531 0.0205078 0.617969 0.0185547 0.617969 0.0180664 0.615625 0.0151367 0.615625 0.0146484 0.614062 0.0126953 0.614062 0.012207 0.613281 0.0112305 0.613281 0.0107422 0.6125 0.00976562 0.6125 0.00927734 0.611719 0.00830078 0.611328 0.00830078 0.610156 0.00683594 0.610156 0.00634766 0.609375 0.00537109 0.609375 0.00488281 0.606641 0.00146484 0.606641 0
1 0.652344 0.635254 0.651953 0.635254 0.651563 0.634766 0.649219 0.634766 0.648828 0.635254 0.648047 0.635254 0.647656 0.635742 0.647266 0.635742 0.646875 0.63623 0.646484 0.63623 0.646094 0.636719 0.645703 0.636719 0.645312 0.637207 0.644922 0.637207 0.644531 0.637695 0.644141 0.637695 0.64375 0.638184 0.643359 0.638184 0.637891 0.64502 0.637891 0.645508 0.636719 0.646973 0.636719 0.647461 0.635938 0.648438 0.635547 0.648438 0.633984 0.650391 0.633984 0.650879 0.633203 0.651855 0.633203 0.652344 0.632422 0.65332 0.632422 0.653809 0.628516 0.658691 0.628516 0.65918 0.627344 0.660645 0.627344 0.661133 0.626172 0.662598 0.626172 0.663086 0.624609 0.665039 0.624609 0.665527 0.623828 0.666504 0.623828 0.666992 0.622656 0.668457 0.622656 0.668945 0.621484 0.67041 0.621484 0.670898 0.620313 0.672363 0.619922 0.672363 0.61875 0.673828 0.61875 0.674316 0.618359 0.674805 0.618359 0.675293 0.617969 0.675781 0.617969 0.67627 0.617578 0.676758 0.617578 0.677246 0.617188 0.677734 0.617188 0.678223 0.616797 0.678711 0.616797 0.679199 0.614844 0.681641 0.614844 0.682129 0.614062 0.683105 0.614062 0.683594 0.613672 0.684082 0.613672 0.68457 0.610156 0.688965 0.610156 0.689453 0.609766 0.689941 0.609766 0.69043 0.609375 0.690918 0.609375 0.691895 0.608984 0.692383 0.608984 0.692871 0.608594 0.693359 0.608594 0.693848 0.607422 0.695312 0.607422 0.695801 0.606641 0.696777 0.606641 0.697266 0.60625 0.697754 0.60625 0.698242 0.605859 0.69873 0.605859 0.699219 0.605469 0.699707 0.605469 0.700195 0.605078 0.700684 0.605078 0.70166 0.604688 0.702148 0.604688 0.702637 0.603906 0.703613 0.603906 0.704102 0.603516 0.70459 0.603516 0.706055 0.603125 0.706543 0.603125 0.710449 0.602734 0.710938 0.602734 0.712891 0.603125 0.713379 0.603125 0.713867 0.603516 0.714355 0.603516 0.714844 0.604297 0.71582 0.604688 0.71582 0.605469 0.716797 0.605859 0.716797 0.60625 0.717285 0.608594 0.717285 0.609766 0.71582 0.610156 0.71582 0.612109 0.713379 0.612109 0.712891 0.612891 0.711914 0.612891 0.711426 0.613281 0.710938 0.613281 0.710449 0.614453 0.708984 0.614453 0.708496 0.616406 0.706055 0.616406 0.705566 0.617188 0.70459 0.617188 0.704102 0.61875 0.702148 0.619141 0.702148 0.621875 0.69873 0.622266 0.69873 0.624609 0.695801 0.624609 0.695312 0.625391 0.694336 0.625781 0.694336 0.630078 0.688965 0.630469 0.688965 0.632031 0.687012 0.632422 0.687012 0.636719 0.681641 0.636719 0.681152 0.637891 0.679688 0.638281 0.679688 0.639453 0.678223 0.639453 0.677734 0.639844 0.677246 0.639844 0.676758 0.640234 0.67627 0.640234 0.675781 0.640625 0.675293 0.640625 0.674805 0.641406 0.673828 0.641406 0.67334 0.642969 0.671387 0.642969 0.670898 0.64375 0.669922 0.64375 0.669434 0.644141 0.668945 0.644141 0.668457 0.644531 0.667969 0.644531 0.66748 0.644922 0.666992 0.644922 0.666504 0.645312 0.666016 0.645312 0.665039 0.646094 0.664062 0.646094 0.663574 0.646484 0.663086 0.646484 0.662598 0.646875 0.662109 0.646875 0.661621 0.647266 0.661133 0.647266 0.660156 0.647656 0.659668 0.647656 0.658691 0.648047 0.658203 0.648047 0.657227 0.648438 0.656738 0.648438 0.655762 0.648828 0.655273 0.648828 0.654785 0.649219 0.654297 0.649219 0.65332 0.649609 0.652832 0.649609 0.651855 0.65 0.651367 0.65 0.650879 0.650391 0.650391 0.650391 0.649902 0.650781 0.649414 0.650781 0.648438 0.651172 0.647949 0.651172 0.647461 0.651563 0.646973 0.651563 0.646484 0.651953 0.645996 0.651953 0.64502 0.652344 0.644531 0.652344 0.644043 0.652734 0.643555 0.652734 0.642578 0.653125 0.64209 0.653125 0.641113 0.653516 0.640625 0.653516 0.640137 0.653906 0.639648 0.653906 0.637695 0.653516 0.637207 0.653516 0.636719
1 0.592578 0.493164 0.591797 0.492188 0.591797 0.491699 0.590625 0.490234 0.590234 0.490234 0.589844 0.489746 0.589063 0.489746 0.588672 0.489258 0.587891 0.489258 0.5875 0.48877 0.586719 0.48877 0.586328 0.488281 0.585547 0.488281 0.585156 0.487793 0.584766 0.487793 0.584375 0.487305 0.583984 0.487305 0.583594 0.486816 0.582812 0.486816 0.582422 0.486328 0.581641 0.486328 0.58125 0.48584 0.580469 0.48584 0.580078 0.485352 0.578125 0.485352 0.577734 0.484863 0.576172 0.484863 0.575781 0.484375 0.574219 0.484375 0.573828 0.483887 0.571094 0.483887 0.570703 0.483398 0.564453 0.483398 0.564063 0.483887 0.562109 0.483887 0.561719 0.484375 0.560156 0.484375 0.559766 0.484863 0.557422 0.484863 0.557031 0.485352 0.555859 0.485352 0.555469 0.48584 0.554688 0.48584 0.554297 0.486328 0.553906 0.486328 0.553516 0.486816 0.553125 0.486816 0.552734 0.487305 0.552344 0.487305 0.551953 0.487793 0.551172 0.487793 0.550781 0.488281 0.550391 0.488281 0.55 0.48877 0.549219 0.48877 0.548828 0.489258 0.548438 0.489258 0.548047 0.489746 0.547656 0.489746 0.546484 0.491211 0.546094 0.491211 0.545312 0.492188 0.544922 0.492188 0.544531 0.492676 0.544141 0.492676 0.543359 0.493652 0.542969 0.493652 0.541797 0.495117 0.541406 0.495117 0.538672 0.498535 0.538672 0.499023 0.537891 0.5 0.5375 0.5 0.536719 0.500977 0.536328 0.500977 0.535156 0.502441 0.535156 0.50293 0.533594 0.504883 0.533594 0.505371 0.532422 0.506836 0.532422 0.507324 0.530859 0.509277 0.530859 0.509766 0.530469 0.510254 0.530469 0.510742 0.529687 0.511719 0.529687 0.512207 0.528516 0.513672 0.528516 0.51416 0.528125 0.514648 0.528125 0.515137 0.527734 0.515625 0.527734 0.516113 0.527344 0.516602 0.527344 0.51709 0.526953 0.517578 0.526953 0.518066 0.526563 0.518555 0.526563 0.519531 0.526172 0.52002 0.526172 0.522949 0.526563 0.523438 0.526563 0.524414 0.527344 0.525391 0.527344 0.525879 0.527734 0.525879 0.528516 0.526855 0.532031 0.526855 0.532422 0.526367 0.533203 0.526367 0.533594 0.525879 0.533984 0.525879 0.538281 0.520508 0.538281 0.52002 0.542188 0.515137 0.542578 0.515137 0.543359 0.51416 0.54375 0.51416 0.544531 0.513184 0.544922 0.513184 0.546094 0.511719 0.546484 0.511719 0.546875 0.51123 0.547266 0.51123 0.547656 0.510742 0.548047 0.510742 0.548438 0.510254 0.548828 0.510254 0.549609 0.509277 0.55 0.509277 0.550391 0.508789 0.550781 0.508789 0.551172 0.508301 0.551562 0.508301 0.551953 0.507812 0.552344 0.507812 0.552734 0.507324 0.553125 0.507324 0.553516 0.506836 0.554297 0.506836 0.554688 0.506348 0.555078 0.506348 0.555469 0.505859 0.555859 0.505859 0.55625 0.505371 0.557031 0.505371 0.557422 0.504883 0.558594 0.504883 0.558984 0.504395 0.559766 0.504395 0.560156 0.503906 0.560937 0.503906 0.561328 0.503418 0.561719 0.503418 0.562109 0.50293 0.563281 0.50293 0.563672 0.502441 0.564453 0.502441 0.564844 0.501953 0.566016 0.501953 0.566406 0.501465 0.567969 0.501465 0.568359 0.500977 0.569141 0.500977 0.569531 0.500488 0.570312 0.500488 0.570703 0.5 0.571484 0.5 0.571875 0.499512 0.573438 0.499512 0.573828 0.499023 0.575781 0.499023 0.576172 0.498535 0.578125 0.498535 0.578516 0.498047 0.58125 0.498047 0.581641 0.497559 0.584766 0.497559 0.585156 0.49707 0.588672 0.49707 0.589063 0.496582 0.590234 0.496582 0.590625 0.496094 0.591406 0.496094 0.592578 0.494629
1 0.602734 0.313965 0.601562 0.31543 0.601562 0.315918 0.600781 0.316895 0.600781 0.317383 0.600391 0.317871 0.600391 0.318359 0.6 0.318848 0.6 0.319824 0.599609 0.320312 0.599609 0.321777 0.599219 0.322266 0.599219 0.323242 0.598828 0.32373 0.598828 0.324707 0.598437 0.325195 0.598437 0.327637 0.598047 0.328125 0.598047 0.330566 0.597656 0.331055 0.597656 0.333496 0.597266 0.333984 0.597266 0.350098 0.597656 0.350586 0.597656 0.354004 0.598047 0.354492 0.598047 0.356934 0.598437 0.357422 0.598437 0.358887 0.598828 0.359375 0.598828 0.360352 0.599219 0.36084 0.599219 0.361816 0.599609 0.362305 0.599609 0.363281 0.6 0.36377 0.6 0.364746 0.600391 0.365234 0.600391 0.366211 0.600781 0.366699 0.600781 0.367188 0.601172 0.367676 0.601172 0.368652 0.601562 0.369141 0.601562 0.370117 0.601953 0.370605 0.601953 0.371094 0.602344 0.371582 0.602344 0.37207 0.602734 0.372559 0.602734 0.373047 0.605469 0.376465 0.605469 0.376953 0.619531 0.394531 0.619922 0.394531 0.620703 0.395508 0.621094 0.395508 0.622266 0.396973 0.622656 0.396973 0.623047 0.397461 0.626563 0.397461 0.627344 0.396484 0.627344 0.394531 0.626953 0.394043 0.626953 0.39209 0.626563 0.391602 0.626563 0.391113 0.626172 0.390625 0.626172 0.390137 0.625781 0.389648 0.625781 0.38916 0.625391 0.388672 0.625391 0.388184 0.625 0.387695 0.625 0.387207 0.624609 0.386719 0.624609 0.38623 0.624219 0.385742 0.624219 0.384766 0.623828 0.384277 0.623828 0.383789 0.623047 0.382812 0.623047 0.382324 0.621875 0.380859 0.621875 0.380371 0.621094 0.379395 0.621094 0.378906 0.620703 0.378418 0.620703 0.377441 0.620313 0.376953 0.620313 0.376465 0.619531 0.375488 0.619531 0.375 0.61875 0.374023 0.61875 0.373535 0.618359 0.373047 0.618359 0.37207 0.617969 0.371582 0.617969 0.370605 0.617578 0.370117 0.617578 0.368652 0.617188 0.368164 0.617188 0.367188 0.616797 0.366699 0.616797 0.365234 0.616406 0.364746 0.616406 0.36377 0.616016 0.363281 0.616016 0.361816 0.615625 0.361328 0.615625 0.36084 0.615234 0.360352 0.615234 0.359375 0.614844 0.358887 0.614844 0.35791 0.614453 0.357422 0.614453 0.356934 0.614062 0.356445 0.614062 0.35498 0.613672 0.354492 0.613672 0.353027 0.613281 0.352539 0.613281 0.351562 0.612891 0.351074 0.612891 0.350098 0.6125 0.349609 0.6125 0.347656 0.612109 0.347168 0.612109 0.344727 0.611719 0.344238 0.611719 0.343262 0.611328 0.342773 0.611328 0.34082 0.610938 0.340332 0.610938 0.336914 0.610547 0.336426 0.610547 0.33252 0.610156 0.332031 0.610156 0.328613 0.609766 0.328125 0.609766 0.325684 0.609375 0.325195 0.609375 0.322754 0.608984 0.322266 0.608984 0.319336 0.608594 0.318848 0.608594 0.317871 0.608203 0.317383 0.608203 0.316895 0.606641 0.314941 0.60625 0.314941 0.605859 0.314453 0.605078 0.314453 0.604688 0.313965
1 0.732812 0.39209 0.732422 0.392578 0.732422 0.393066 0.732031 0.393555 0.732031 0.39502 0.731641 0.395508 0.731641 0.396973 0.732031 0.397461 0.732031 0.397949 0.732422 0.398438 0.732422 0.399414 0.732812 0.399902 0.732812 0.400391 0.733203 0.400879 0.733203 0.401367 0.733984 0.402344 0.733984 0.40332 0.734375 0.403809 0.734375 0.404297 0.734766 0.404785 0.734766 0.405273 0.736328 0.407227 0.736328 0.407715 0.7375 0.40918 0.7375 0.409668 0.737891 0.410156 0.737891 0.410645 0.738281 0.411133 0.738281 0.411621 0.738672 0.412109 0.738672 0.412598 0.739062 0.413086 0.739062 0.413574 0.739844 0.414551 0.739844 0.415039 0.740625 0.416016 0.740625 0.416504 0.741016 0.416992 0.741016 0.41748 0.741406 0.417969 0.741406 0.418457 0.741797 0.418945 0.741797 0.419434 0.742188 0.419922 0.742188 0.42041 0.742578 0.420898 0.742578 0.421387 0.742969 0.421875 0.742969 0.422363 0.743359 0.422852 0.743359 0.42334 0.74375 0.423828 0.74375 0.424316 0.744141 0.424805 0.744141 0.425293 0.744922 0.42627 0.744922 0.426758 0.745313 0.427246 0.745313 0.427734 0.746094 0.428711 0.746094 0.429199 0.746484 0.429688 0.746484 0.430176 0.746875 0.430664 0.746875 0.431152 0.747266 0.431641 0.747266 0.432129 0.747656 0.432617 0.747656 0.433105 0.749219 0.435059 0.749219 0.435547 0.75 0.436523 0.75 0.437012 0.750781 0.437988 0.750781 0.438477 0.751953 0.439941 0.751953 0.44043 0.753906 0.442871 0.753906 0.443359 0.757422 0.447754 0.757422 0.448242 0.758984 0.450195 0.758984 0.450684 0.759375 0.451172 0.759766 0.451172 0.760547 0.452148 0.760938 0.452148 0.761328 0.452637 0.761719 0.452637 0.763672 0.455078 0.764062 0.455078 0.764844 0.456055 0.765234 0.456055 0.767578 0.458984 0.767969 0.458984 0.768359 0.459473 0.76875 0.459473 0.769531 0.460449 0.769922 0.460449 0.774609 0.466309 0.775 0.466309 0.775391 0.466797 0.775781 0.466797 0.776172 0.467285 0.776563 0.467285 0.777344 0.468262 0.777734 0.468262 0.778906 0.469727 0.779297 0.469727 0.779687 0.470215 0.780469 0.470215 0.780859 0.469727 0.78125 0.469727 0.781641 0.469238 0.782031 0.469238 0.782422 0.46875 0.782422 0.468262 0.782813 0.467773 0.782813 0.463379 0.782422 0.462891 0.782422 0.461426 0.782031 0.460938 0.782031 0.459473 0.781641 0.458984 0.781641 0.458496 0.78125 0.458008 0.78125 0.457031 0.780859 0.456543 0.780859 0.456055 0.780469 0.455566 0.780469 0.45459 0.779687 0.453613 0.779687 0.453125 0.779297 0.452637 0.779297 0.452148 0.778516 0.451172 0.778516 0.450684 0.778125 0.450195 0.778125 0.449707 0.777734 0.449219 0.777734 0.448242 0.777344 0.447754 0.777344 0.447266 0.774609 0.443848 0.774609 0.443359 0.773828 0.442383 0.773828 0.441895 0.773438 0.441406 0.773438 0.44043 0.773047 0.439941 0.773047 0.439453 0.772656 0.438965 0.772656 0.438477 0.771094 0.436523 0.771094 0.436035 0.769531 0.434082 0.769531 0.433594 0.769141 0.433105 0.769141 0.432617 0.768359 0.431641 0.768359 0.431152 0.764844 0.426758 0.764844 0.42627 0.763672 0.424805 0.763672 0.424316 0.757812 0.416992 0.757812 0.416504 0.757422 0.416016 0.757422 0.415527 0.754687 0.412109 0.754687 0.411621 0.753125 0.409668 0.753125 0.40918 0.751953 0.407715 0.751563 0.407715 0.749219 0.404785 0.749219 0.404297 0.748047 0.402832 0.748047 0.402344 0.747656 0.401855 0.747266 0.401855 0.744531 0.398438 0.744141 0.398438 0.742188 0.395996 0.742188 0.395508 0.740234 0.393066 0.739844 0.393066 0.739453 0.392578 0.739062 0.392578 0.738672 0.39209 0.738281 0.39209 0.737891 0.391602 0.7375 0.391602 0.737109 0.391113 0.735156 0.391113 0.734766 0.391602 0.733594 0.391602 0.733203 0.39209
1 0.692187 0.0170898 0.692187 0.0175781 0.692578 0.0180664 0.692578 0.0185547 0.694531 0.0209961 0.694922 0.0209961 0.695312 0.0214844 0.695703 0.0214844 0.696094 0.0219727 0.696875 0.0219727 0.697266 0.0224609 0.698047 0.0224609 0.698438 0.0229492 0.699609 0.0229492 0.7 0.0234375 0.700781 0.0234375 0.701172 0.0239258 0.702344 0.0239258 0.702734 0.0244141 0.703906 0.0244141 0.704297 0.0249023 0.705078 0.0249023 0.705469 0.0253906 0.707031 0.0253906 0.707422 0.0258789 0.708594 0.0258789 0.708984 0.0263672 0.710547 0.0263672 0.710938 0.0268555 0.713672 0.0268555 0.714063 0.0273438 0.730078 0.0273438 0.730469 0.0268555 0.732422 0.0268555 0.732812 0.0263672 0.735547 0.0263672 0.735938 0.0258789 0.737891 0.0258789 0.738281 0.0253906 0.739844 0.0253906 0.740234 0.0249023 0.741406 0.0249023 0.741797 0.0244141 0.742969 0.0244141 0.743359 0.0239258 0.744531 0.0239258 0.744922 0.0234375 0.746094 0.0234375 0.746484 0.0229492 0.747266 0.0229492 0.747656 0.0224609 0.748047 0.0224609 0.748437 0.0219727 0.748828 0.0219727 0.749219 0.0214844 0.749219 0.0209961 0.749609 0.0205078 0.749609 0.0200195 0.75 0.0195312 0.75 0.0185547 0.750391 0.0180664 0.750391 0.0166016 0.75 0.0161133 0.75 0.0151367 0.749609 0.0146484 0.749609 0.0141602 0.749219 0.0136719 0.749219 0.0131836 0.748828 0.0126953 0.748437 0.0126953 0.748047 0.012207 0.747266 0.012207 0.746875 0.0117188 0.74375 0.0117188 0.743359 0.0112305 0.739844 0.0112305 0.739453 0.0107422 0.735547 0.0107422 0.735156 0.0102539 0.732422 0.0102539 0.732031 0.00976562 0.724219 0.00976562 0.723828 0.00927734 0.709375 0.00927734 0.708984 0.00976562 0.705859 0.00976562 0.705469 0.0102539 0.703516 0.0102539 0.703125 0.0107422 0.702344 0.0107422 0.701953 0.0112305 0.700781 0.0112305 0.700391 0.0117188 0.699609 0.0117188 0.699219 0.012207 0.698438 0.012207 0.698047 0.0126953 0.696875 0.0126953 0.696484 0.0131836 0.696094 0.0131836 0.695703 0.0136719 0.695312 0.0136719 0.694922 0.0141602 0.694531 0.0141602 0.694141 0.0146484 0.69375 0.0146484 0.692578 0.0161133 0.692578 0.0166016
1 0.623437 0.61084 0.622656 0.61084 0.622266 0.610352 0.617969 0.610352 0.617578 0.61084 0.615625 0.61084 0.615234 0.611328 0.613281 0.611328 0.612891 0.611816 0.611719 0.611816 0.611328 0.612305 0.610938 0.612305 0.610547 0.612793 0.610156 0.612793 0.609766 0.613281 0.609375 0.613281 0.608984 0.61377 0.608594 0.61377 0.608203 0.614258 0.607812 0.614258 0.607422 0.614746 0.607031 0.614746 0.606641 0.615234 0.60625 0.615234 0.605859 0.615723 0.605469 0.615723 0.605078 0.616211 0.604688 0.616211 0.604297 0.616699 0.603906 0.616699 0.603516 0.617188 0.603125 0.617188 0.602734 0.617676 0.602344 0.617676 0.600391 0.620117 0.6 0.620117 0.598437 0.62207 0.598047 0.62207 0.596094 0.624512 0.595703 0.624512 0.592578 0.628418 0.592578 0.628906 0.589453 0.632812 0.589063 0.632812 0.588281 0.633789 0.587891 0.633789 0.586719 0.635254 0.586719 0.63623 0.586328 0.636719 0.586328 0.63916 0.585938 0.639648 0.585938 0.640137 0.585547 0.640625 0.585547 0.641113 0.584766 0.64209 0.584766 0.642578 0.584375 0.643066 0.584375 0.644531 0.583984 0.64502 0.583984 0.645508 0.583594 0.645996 0.583594 0.646484 0.582812 0.647461 0.582422 0.647461 0.582422 0.647949 0.581641 0.648926 0.581641 0.649414 0.58125 0.649902 0.58125 0.650879 0.580859 0.651367 0.580859 0.652832 0.580469 0.65332 0.580469 0.663086 0.580078 0.663574 0.580078 0.675781 0.580469 0.67627 0.580469 0.677246 0.580859 0.677734 0.580859 0.678223 0.58125 0.678711 0.58125 0.679199 0.581641 0.679688 0.581641 0.680176 0.582031 0.680664 0.582031 0.681152 0.582422 0.681641 0.582422 0.682129 0.582812 0.682617 0.582812 0.683105 0.583594 0.684082 0.583594 0.68457 0.584375 0.685547 0.584766 0.685547 0.585156 0.686035 0.585938 0.686035 0.586328 0.686523 0.589063 0.686523 0.589453 0.686035 0.589844 0.686035 0.590625 0.685059 0.590625 0.68457 0.591016 0.684082 0.591016 0.683594 0.591406 0.683105 0.591406 0.675293 0.591797 0.674805 0.591797 0.671875 0.592187 0.671387 0.592187 0.669434 0.592578 0.668945 0.592578 0.66748 0.592969 0.666992 0.592969 0.665527 0.593359 0.665039 0.593359 0.664062 0.59375 0.663574 0.59375 0.663086 0.594141 0.662598 0.594141 0.662109 0.594531 0.661621 0.594531 0.661133 0.595313 0.660156 0.595313 0.659668 0.595703 0.65918 0.595703 0.658691 0.596484 0.657715 0.596484 0.657227 0.597656 0.655762 0.597656 0.655273 0.599219 0.65332 0.599219 0.652832 0.6 0.651855 0.6 0.651367 0.600391 0.650879 0.600391 0.650391 0.600781 0.649902 0.600781 0.648926 0.601172 0.648438 0.601172 0.647949 0.601562 0.647461 0.601562 0.646973 0.602344 0.645996 0.602344 0.645508 0.603906 0.643555 0.603906 0.643066 0.604688 0.64209 0.604688 0.641602 0.607031 0.638672 0.607031 0.638184 0.607812 0.637207 0.607812 0.636719 0.608203 0.63623 0.608203 0.635742 0.608594 0.635254 0.608594 0.634766 0.608984 0.634277 0.608984 0.633789 0.609375 0.633301 0.609375 0.632812 0.610938 0.630859 0.611328 0.630859 0.612109 0.629883 0.612109 0.629395 0.615234 0.625488 0.615625 0.625488 0.618359 0.62207 0.61875 0.62207 0.619922 0.620605 0.620313 0.620605 0.622266 0.618164 0.622656 0.618164 0.623047 0.617676 0.623047 0.617188 0.624219 0.615723 0.624219 0.612305 0.623828 0.611816 0.623828 0.611328
1 0.764844 0.743652 0.764453 0.743164 0.764453 0.742676 0.763281 0.741211 0.7625 0.741211 0.762109 0.740723 0.758984 0.740723 0.758594 0.741211 0.757812 0.741211 0.757422 0.741699 0.75625 0.741699 0.755859 0.742188 0.754297 0.742188 0.753906 0.742676 0.752344 0.742676 0.751953 0.743164 0.751563 0.743164 0.751172 0.743652 0.750781 0.743652 0.749609 0.745117 0.749219 0.745117 0.748437 0.746094 0.747656 0.746094 0.747266 0.746582 0.746484 0.746582 0.746094 0.74707 0.745313 0.74707 0.744922 0.747559 0.744141 0.747559 0.74375 0.748047 0.743359 0.748047 0.742969 0.748535 0.742578 0.748535 0.742188 0.749023 0.741797 0.749023 0.741406 0.749512 0.740625 0.749512 0.740234 0.75 0.739062 0.75 0.738672 0.750488 0.7375 0.750488 0.737109 0.750977 0.735938 0.750977 0.735547 0.751465 0.735156 0.751465 0.734766 0.751953 0.734375 0.751953 0.733984 0.752441 0.733594 0.752441 0.732812 0.753418 0.732422 0.753418 0.731641 0.754395 0.73125 0.754395 0.730469 0.755371 0.730078 0.755371 0.729297 0.756348 0.728906 0.756348 0.728516 0.756836 0.728125 0.756836 0.726953 0.758301 0.726562 0.758301 0.724219 0.76123 0.723828 0.76123 0.722656 0.762695 0.722266 0.762695 0.721094 0.76416 0.720703 0.76416 0.719531 0.765625 0.719141 0.765625 0.71875 0.766113 0.718359 0.766113 0.717969 0.766602 0.717578 0.766602 0.717187 0.76709 0.716406 0.76709 0.716016 0.767578 0.714844 0.767578 0.714453 0.768066 0.712891 0.768066 0.7125 0.768555 0.710938 0.768555 0.710547 0.769043 0.706641 0.769043 0.70625 0.769531 0.702344 0.769531 0.701953 0.77002 0.699609 0.77002 0.699219 0.770508 0.697656 0.770508 0.697266 0.770996 0.696875 0.770996 0.696484 0.771484 0.696484 0.772461 0.696094 0.772949 0.696094 0.776367 0.698047 0.778809 0.698438 0.778809 0.699219 0.779785 0.7 0.779785 0.700391 0.780273 0.701172 0.780273 0.701562 0.780762 0.703516 0.780762 0.703906 0.78125 0.705469 0.78125 0.705859 0.781738 0.707422 0.781738 0.707812 0.782227 0.708984 0.782227 0.709375 0.782715 0.712109 0.782715 0.7125 0.783203 0.716016 0.783203 0.716406 0.783691 0.716797 0.783691 0.717187 0.783203 0.719922 0.783203 0.720313 0.782715 0.722266 0.782715 0.722656 0.782227 0.724219 0.782227 0.724609 0.781738 0.725391 0.781738 0.725781 0.78125 0.726562 0.78125 0.726953 0.780762 0.727344 0.780762 0.727734 0.780273 0.728516 0.780273 0.728906 0.779785 0.729688 0.779785 0.730078 0.779297 0.730859 0.779297 0.73125 0.778809 0.731641 0.778809 0.732031 0.77832 0.732422 0.77832 0.732812 0.777832 0.733203 0.777832 0.733984 0.776855 0.734375 0.776855 0.735156 0.775879 0.735547 0.775879 0.736328 0.774902 0.736719 0.774902 0.7375 0.773926 0.737891 0.773926 0.738672 0.772949 0.739062 0.772949 0.740234 0.771484 0.740625 0.771484 0.744531 0.766602 0.744922 0.766602 0.747266 0.763672 0.747656 0.763672 0.748437 0.762695 0.748437 0.762207 0.75 0.760254 0.75 0.759766 0.752734 0.756348 0.753125 0.756348 0.754687 0.754395 0.755078 0.754395 0.755859 0.753418 0.75625 0.753418 0.757812 0.751465 0.758203 0.751465 0.758984 0.750488 0.759375 0.750488 0.759766 0.75 0.760156 0.75 0.760547 0.749512 0.760938 0.749512 0.761328 0.749023 0.761719 0.749023 0.762109 0.748535 0.7625 0.748535 0.764062 0.746582 0.764062 0.746094 0.764453 0.745605 0.764453 0.745117 0.764844 0.744629
1 0.817187 0.782715 0.817187 0.783691 0.81875 0.785645 0.819141 0.785645 0.819531 0.786133 0.820312 0.786133 0.820703 0.786621 0.821875 0.786621 0.822266 0.787109 0.823828 0.787109 0.824219 0.786621 0.827344 0.786621 0.827734 0.786133 0.830078 0.786133 0.830469 0.785645 0.832812 0.785645 0.833203 0.785156 0.834766 0.785156 0.835156 0.784668 0.836719 0.784668 0.837109 0.78418 0.840625 0.78418 0.841016 0.783691 0.846484 0.783691 0.846875 0.78418 0.850781 0.78418 0.851172 0.784668 0.854297 0.784668 0.854688 0.78418 0.855469 0.78418 0.855859 0.783691 0.856641 0.783691 0.857031 0.783203 0.860156 0.783203 0.860547 0.783691 0.863672 0.783691 0.864062 0.78418 0.867969 0.78418 0.868359 0.783691 0.86875 0.78418 0.869922 0.78418 0.870313 0.784668 0.871094 0.784668 0.871484 0.785156 0.872266 0.785156 0.872656 0.785645 0.873437 0.785645 0.873828 0.786133 0.874219 0.786133 0.875 0.787109 0.875391 0.787109 0.875781 0.787598 0.876172 0.787598 0.876563 0.788086 0.876953 0.788086 0.877344 0.788574 0.877734 0.788574 0.878125 0.789062 0.878516 0.789062 0.880078 0.791016 0.880859 0.791016 0.88125 0.791504 0.882422 0.791504 0.882812 0.791016 0.883984 0.791016 0.883984 0.786621 0.883594 0.786133 0.883594 0.783691 0.883203 0.783203 0.883203 0.782715 0.882422 0.781738 0.882422 0.78125 0.882031 0.780762 0.882031 0.780273 0.881641 0.779785 0.881641 0.779297 0.88125 0.778809 0.88125 0.77832 0.880859 0.777832 0.880859 0.777344 0.880469 0.776855 0.880469 0.775879 0.880078 0.775391 0.879687 0.775391 0.877344 0.772461 0.877344 0.771973 0.874609 0.768555 0.874609 0.768066 0.873828 0.76709 0.873437 0.76709 0.873047 0.766602 0.872266 0.766602 0.871875 0.766113 0.870703 0.766113 0.870313 0.765625 0.869531 0.765625 0.869141 0.765137 0.867969 0.765137 0.867578 0.764648 0.866406 0.764648 0.866016 0.76416 0.864844 0.76416 0.864453 0.763672 0.862109 0.763672 0.861719 0.763184 0.850781 0.763184 0.850391 0.763672 0.848047 0.763672 0.847656 0.76416 0.845703 0.76416 0.845313 0.764648 0.844922 0.764648 0.844531 0.765137 0.84375 0.765137 0.843359 0.765625 0.842969 0.765625 0.842578 0.766113 0.841797 0.766113 0.841406 0.766602 0.839844 0.766602 0.839453 0.76709 0.838281 0.76709 0.837891 0.767578 0.837109 0.767578 0.836719 0.768066 0.836328 0.768066 0.835938 0.768555 0.835547 0.768555 0.835156 0.769043 0.834766 0.769043 0.834375 0.769531 0.833984 0.769531 0.833594 0.77002 0.833203 0.77002 0.832812 0.770508 0.831641 0.770508 0.83125 0.770996 0.830078 0.770996 0.829688 0.771484 0.829297 0.771484 0.828125 0.772949 0.827734 0.772949 0.827344 0.773438 0.826953 0.773438 0.826562 0.773926 0.825781 0.773926 0.825391 0.774414 0.824609 0.774414 0.824219 0.774902 0.823438 0.774902 0.823047 0.775391 0.822656 0.775391 0.822266 0.775879 0.821875 0.775879 0.820703 0.777344 0.820312 0.777344 0.81875 0.779297 0.81875 0.779785 0.817969 0.780762 0.817969 0.78125 0.817578 0.781738 0.817578 0.782227
1 0.856641 0.786133 0.85625 0.786621 0.85625 0.788086 0.857031 0.789062 0.857031 0.789551 0.857422 0.790039 0.857422 0.791016 0.857812 0.791504 0.858203 0.791504 0.859375 0.792969 0.859375 0.793457 0.859766 0.793945 0.859766 0.794922 0.860156 0.79541 0.860156 0.795898 0.863281 0.799805 0.863281 0.800293 0.864844 0.802246 0.864844 0.802734 0.866797 0.805176 0.866797 0.805664 0.867578 0.806641 0.867578 0.807129 0.868359 0.808105 0.868359 0.808594 0.869531 0.810059 0.869531 0.810547 0.869922 0.810547 0.870703 0.811523 0.871094 0.811523 0.872266 0.812988 0.872266 0.813477 0.875 0.816895 0.875 0.817383 0.875391 0.817871 0.875391 0.818359 0.875781 0.818848 0.875781 0.819336 0.879687 0.824219 0.879687 0.824707 0.889062 0.836426 0.889062 0.836914 0.892188 0.84082 0.892188 0.841309 0.892578 0.841797 0.892969 0.841797 0.89375 0.842773 0.894141 0.842773 0.894922 0.84375 0.895312 0.84375 0.896484 0.845215 0.898047 0.845215 0.898438 0.845703 0.900781 0.845703 0.900781 0.845215 0.901172 0.844727 0.901172 0.838379 0.900781 0.837891 0.900781 0.836914 0.900391 0.836426 0.900391 0.834961 0.9 0.834473 0.9 0.833496 0.899609 0.833008 0.899609 0.83252 0.899219 0.832031 0.899219 0.831055 0.898828 0.830566 0.898828 0.82959 0.898438 0.829102 0.898438 0.827148 0.898047 0.82666 0.898047 0.825684 0.897656 0.825195 0.897656 0.824219 0.897266 0.82373 0.897266 0.822754 0.896875 0.822266 0.896875 0.821777 0.896484 0.821289 0.896484 0.820801 0.895703 0.819824 0.895703 0.819336 0.895312 0.818848 0.895312 0.818359 0.894922 0.817871 0.894922 0.817383 0.894141 0.816406 0.894141 0.815918 0.89375 0.81543 0.89375 0.814941 0.892969 0.813965 0.892969 0.813477 0.892578 0.812988 0.892578 0.8125 0.892188 0.812012 0.892188 0.811523 0.891797 0.811035 0.891797 0.810547 0.891406 0.810059 0.891406 0.80957 0.890625 0.808594 0.890625 0.808105 0.890234 0.807617 0.890234 0.806641 0.889844 0.806152 0.889844 0.805664 0.889062 0.804688 0.889062 0.804199 0.885156 0.799316 0.884766 0.799316 0.883594 0.797852 0.883203 0.797852 0.882422 0.796875 0.882031 0.796875 0.881641 0.796387 0.88125 0.796387 0.880859 0.795898 0.880078 0.795898 0.879687 0.79541 0.878906 0.79541 0.878516 0.794922 0.878125 0.794922 0.877734 0.794434 0.877344 0.794434 0.876953 0.793945 0.876563 0.793945 0.876172 0.793457 0.876172 0.792969 0.875391 0.791992 0.875391 0.791504 0.875 0.791016 0.875 0.790527 0.874219 0.789551 0.874219 0.789062 0.873437 0.788086 0.873047 0.788086 0.872266 0.787109 0.871484 0.787109 0.871094 0.786621 0.870313 0.786621 0.869922 0.786133 0.868359 0.786133 0.867969 0.785645 0.866797 0.785645 0.866406 0.785156 0.865625 0.785156 0.865234 0.784668 0.864062 0.784668 0.863672 0.785156 0.859766 0.785156 0.859375 0.785645 0.857812 0.785645 0.857422 0.786133
1 0.679297 0.929199 0.678906 0.928711 0.678906 0.928223 0.678125 0.927246 0.675781 0.927246 0.675391 0.926758 0.673828 0.926758 0.673438 0.927246 0.671484 0.927246 0.671094 0.927734 0.669531 0.927734 0.669141 0.928223 0.666406 0.928223 0.666016 0.928711 0.664453 0.928711 0.664062 0.929199 0.6625 0.929199 0.662109 0.929688 0.660156 0.929688 0.659766 0.930176 0.657422 0.930176 0.657031 0.930664 0.655859 0.930664 0.655469 0.931152 0.653906 0.931152 0.653516 0.931641 0.650391 0.931641 0.65 0.932129 0.648438 0.932129 0.648047 0.932617 0.646484 0.932617 0.646094 0.933105 0.644141 0.933105 0.64375 0.933594 0.641797 0.933594 0.641406 0.934082 0.639844 0.934082 0.639453 0.93457 0.638281 0.93457 0.637891 0.935059 0.636719 0.935059 0.636328 0.935547 0.635156 0.935547 0.634766 0.936035 0.633594 0.936035 0.633203 0.936523 0.632812 0.936523 0.632422 0.937012 0.63125 0.937012 0.630859 0.9375 0.629297 0.9375 0.628906 0.937988 0.627344 0.937988 0.626953 0.938477 0.625781 0.938477 0.625391 0.938965 0.624609 0.938965 0.624219 0.939453 0.623828 0.939453 0.623437 0.939941 0.622266 0.939941 0.621875 0.94043 0.620703 0.94043 0.620313 0.940918 0.61875 0.940918 0.618359 0.941406 0.617188 0.941406 0.616797 0.941895 0.615625 0.941895 0.615234 0.942383 0.614062 0.942383 0.613672 0.942871 0.611719 0.942871 0.611328 0.943359 0.610156 0.943359 0.609766 0.943848 0.608984 0.943848 0.608594 0.944336 0.607422 0.944336 0.607031 0.944824 0.604688 0.944824 0.604297 0.945312 0.602734 0.945312 0.602344 0.945801 0.601172 0.945801 0.600781 0.946289 0.6 0.946289 0.599609 0.946777 0.598828 0.946777 0.598437 0.947266 0.598047 0.947266 0.596875 0.94873 0.596875 0.949219 0.596484 0.949707 0.596484 0.950195 0.596094 0.950684 0.596094 0.95166 0.596484 0.952148 0.596484 0.952637 0.596875 0.953125 0.596875 0.953613 0.597266 0.954102 0.597266 0.95459 0.597656 0.955078 0.598047 0.955078 0.598828 0.956055 0.6 0.956055 0.600391 0.956543 0.601953 0.956543 0.602344 0.957031 0.621484 0.957031 0.621875 0.956543 0.625 0.956543 0.625391 0.956055 0.628516 0.956055 0.628906 0.955566 0.631641 0.955566 0.632031 0.955078 0.633594 0.955078 0.633984 0.95459 0.636328 0.95459 0.636719 0.954102 0.639453 0.954102 0.639844 0.953613 0.641406 0.953613 0.641797 0.953125 0.644141 0.953125 0.644531 0.952637 0.646875 0.952637 0.647266 0.952148 0.648438 0.952148 0.648828 0.95166 0.65 0.95166 0.650391 0.951172 0.651953 0.951172 0.652344 0.950684 0.653516 0.950684 0.653906 0.950195 0.654297 0.950195 0.654687 0.949707 0.655469 0.949707 0.655859 0.949219 0.65625 0.949219 0.656641 0.94873 0.657031 0.94873 0.657422 0.948242 0.658203 0.948242 0.658594 0.947754 0.658984 0.947754 0.659375 0.947266 0.659766 0.947266 0.660156 0.946777 0.660547 0.946777 0.660937 0.946289 0.661328 0.946289 0.661719 0.945801 0.662109 0.945801 0.6625 0.945312 0.662891 0.945312 0.663281 0.944824 0.663672 0.944824 0.664062 0.944336 0.664453 0.944336 0.665234 0.943359 0.665625 0.943359 0.666016 0.942871 0.666406 0.942871 0.666797 0.942383 0.667188 0.942383 0.667578 0.941895 0.667969 0.941895 0.668359 0.941406 0.66875 0.941406 0.669141 0.940918 0.669531 0.940918 0.670312 0.939941 0.670703 0.939941 0.671484 0.938965 0.671875 0.938965 0.672266 0.938477 0.672656 0.938477 0.673047 0.937988 0.673438 0.937988 0.673828 0.9375 0.674219 0.9375 0.674609 0.937012 0.675 0.937012 0.675781 0.936035 0.676172 0.936035 0.676953 0.935059 0.677344 0.935059 0.678516 0.933594 0.678516 0.933105 0.679297 0.932129
2 0.884375 0.30127 0.883984 0.30127 0.883594 0.300781 0.883203 0.300781 0.882812 0.300293 0.880469 0.300293 0.878125 0.303223 0.878125 0.303711 0.877734 0.304199 0.877734 0.304688 0.877344 0.305176 0.877344 0.305664 0.876953 0.306152 0.876953 0.306641 0.876563 0.307129 0.876563 0.308594 0.876172 0.309082 0.876172 0.311035 0.875781 0.311523 0.875781 0.3125 0.875391 0.312988 0.875391 0.313965 0.875 0.314453 0.875 0.31543 0.874609 0.315918 0.874609 0.316895 0.874219 0.317383 0.874219 0.318359 0.873828 0.318848 0.873828 0.319336 0.873437 0.319824 0.873437 0.320801 0.873047 0.321289 0.873047 0.321777 0.872266 0.322754 0.872266 0.323242 0.869531 0.32666 0.869141 0.32666 0.868359 0.327637 0.867969 0.327637 0.867188 0.328613 0.866797 0.328613 0.866016 0.32959 0.865625 0.32959 0.864844 0.330566 0.864062 0.330566 0.863672 0.331055 0.863281 0.331055 0.862891 0.331543 0.862109 0.331543 0.861719 0.332031 0.861328 0.332031 0.860938 0.33252 0.860547 0.33252 0.860156 0.333008 0.859375 0.333008 0.858984 0.333496 0.858594 0.333496 0.858203 0.333984 0.857422 0.333984 0.857031 0.334473 0.85625 0.334473 0.855859 0.334961 0.855078 0.334961 0.854688 0.335449 0.853516 0.335449 0.853125 0.335938 0.852734 0.335938 0.852344 0.336426 0.851562 0.336426 0.851172 0.336914 0.850781 0.336914 0.850391 0.337402 0.849609 0.337402 0.849219 0.337891 0.847656 0.337891 0.847266 0.338379 0.845703 0.338379 0.845313 0.338867 0.842969 0.338867 0.842578 0.339355 0.841016 0.339355 0.840625 0.338867 0.839063 0.338867 0.838672 0.338379 0.837109 0.338379 0.836719 0.337891 0.835156 0.337891 0.834766 0.337402 0.834375 0.337402 0.833594 0.338379 0.833594 0.340332 0.833984 0.34082 0.833984 0.342285 0.835156 0.34375 0.835156 0.344238 0.835547 0.344727 0.835547 0.345215 0.838672 0.349121 0.839063 0.349121 0.839453 0.349609 0.839844 0.349609 0.840625 0.350586 0.841406 0.350586 0.841797 0.351074 0.842578 0.351074 0.842969 0.351562 0.844531 0.351562 0.844922 0.352051 0.851562 0.352051 0.851953 0.351562 0.854297 0.351562 0.854688 0.351074 0.857031 0.351074 0.857422 0.350586 0.858984 0.350586 0.859375 0.350098 0.860547 0.350098 0.860938 0.349609 0.862109 0.349609 0.8625 0.349121 0.863281 0.349121 0.863672 0.348633 0.864453 0.348633 0.864844 0.348145 0.865234 0.348145 0.865625 0.347656 0.866406 0.347656 0.866797 0.347168 0.867188 0.347168 0.867578 0.34668 0.867969 0.34668 0.86875 0.345703 0.869141 0.345703 0.869531 0.345215 0.869922 0.345215 0.870313 0.344727 0.870703 0.344727 0.871484 0.34375 0.872266 0.34375 0.872656 0.343262 0.873047 0.343262 0.873828 0.342285 0.874219 0.342285 0.875391 0.34082 0.875391 0.340332 0.875781 0.339844 0.876172 0.339844 0.877734 0.337891 0.877734 0.337402 0.879297 0.335449 0.879297 0.334961 0.880469 0.333496 0.880469 0.333008 0.880859 0.33252 0.880859 0.332031 0.88125 0.331543 0.88125 0.331055 0.881641 0.330566 0.881641 0.330078 0.882031 0.32959 0.882031 0.328613 0.882422 0.328125 0.882422 0.327637 0.882812 0.327148 0.882812 0.326172 0.883203 0.325684 0.883203 0.324219 0.883594 0.32373 0.883594 0.321777 0.883984 0.321289 0.883984 0.317871 0.884375 0.317383 0.884375 0.310547 0.884766 0.310059 0.884766 0.302246 0.884375 0.301758
2 0.580469 0.224609 0.580078 0.225098 0.579688 0.225098 0.579688 0.225586 0.579297 0.226074 0.579297 0.226562 0.578906 0.227051 0.578906 0.22998 0.579688 0.230957 0.579688 0.231445 0.580859 0.23291 0.58125 0.23291 0.581641 0.233398 0.582031 0.233398 0.586328 0.23877 0.586328 0.239258 0.587109 0.240234 0.587109 0.240723 0.589453 0.243652 0.589453 0.244141 0.589844 0.244629 0.589844 0.245117 0.590234 0.245605 0.590234 0.246094 0.590625 0.246582 0.590625 0.247559 0.591406 0.248535 0.591406 0.249023 0.592578 0.250488 0.592578 0.250977 0.593359 0.251953 0.593359 0.252441 0.59375 0.25293 0.59375 0.253906 0.594141 0.254395 0.594141 0.254883 0.594531 0.255371 0.594531 0.256836 0.594922 0.257324 0.594922 0.258301 0.595313 0.258789 0.595313 0.259766 0.595703 0.260254 0.595703 0.26123 0.596094 0.261719 0.596094 0.262207 0.596484 0.262695 0.596484 0.263672 0.596875 0.26416 0.596875 0.265625 0.597266 0.266113 0.597266 0.268555 0.597656 0.269043 0.597656 0.272949 0.598047 0.273438 0.598047 0.276367 0.598437 0.276855 0.598437 0.27832 0.598828 0.278809 0.598828 0.307129 0.599219 0.307617 0.599219 0.309082 0.599609 0.30957 0.599609 0.311523 0.6 0.312012 0.6 0.313477 0.600781 0.313477 0.601172 0.313965 0.604297 0.313965 0.604688 0.313477 0.605078 0.313477 0.605469 0.312988 0.605859 0.312988 0.607031 0.311523 0.607031 0.310059 0.607422 0.30957 0.607422 0.307617 0.607812 0.307129 0.607812 0.305176 0.608203 0.304688 0.608203 0.301758 0.608594 0.30127 0.608594 0.296875 0.608984 0.296387 0.608984 0.291016 0.609375 0.290527 0.609375 0.288086 0.609766 0.287598 0.609766 0.284668 0.610156 0.28418 0.610156 0.271973 0.609766 0.271484 0.609766 0.263184 0.609375 0.262695 0.609375 0.26123 0.608984 0.260742 0.608984 0.259766 0.608594 0.259277 0.608594 0.257812 0.608203 0.257324 0.608203 0.255371 0.607812 0.254883 0.607812 0.253906 0.607422 0.253418 0.607422 0.251953 0.607031 0.251465 0.607031 0.250977 0.60625 0.25 0.60625 0.249512 0.605859 0.249023 0.605859 0.248535 0.605078 0.247559 0.605078 0.24707 0.604688 0.246582 0.604688 0.246094 0.604297 0.245605 0.604297 0.245117 0.603516 0.244141 0.603516 0.243652 0.602734 0.242676 0.602734 0.242188 0.601953 0.241211 0.601953 0.240723 0.601562 0.240234 0.601562 0.239746 0.601172 0.239258 0.601172 0.23877 0.600391 0.237793 0.600391 0.237305 0.598828 0.235352 0.598437 0.235352 0.597656 0.234375 0.597266 0.234375 0.595703 0.232422 0.595313 0.232422 0.594531 0.231445 0.594141 0.231445 0.592187 0.229004 0.591797 0.229004 0.591406 0.228516 0.591016 0.228516 0.590625 0.228027 0.590234 0.228027 0.589844 0.227539 0.589063 0.227539 0.588672 0.227051 0.588281 0.227051 0.587891 0.226562 0.586719 0.226562 0.586328 0.226074 0.585547 0.226074 0.585156 0.225586 0.584766 0.225586 0.584375 0.225098 0.582422 0.225098 0.582031 0.224609
2 0.587109 0.189941 0.586719 0.19043 0.586719 0.191406 0.586328 0.191895 0.586328 0.193848 0.586719 0.194336 0.586719 0.194824 0.587109 0.195312 0.587109 0.195801 0.5875 0.196289 0.5875 0.196777 0.587891 0.197266 0.587891 0.197754 0.588672 0.19873 0.588672 0.199219 0.589063 0.199707 0.589063 0.200195 0.589453 0.200684 0.589453 0.201172 0.590625 0.202637 0.590625 0.203125 0.591797 0.20459 0.591797 0.205078 0.594141 0.208008 0.594141 0.208496 0.594531 0.208984 0.594531 0.209473 0.595313 0.210449 0.595313 0.210938 0.597656 0.213867 0.597656 0.214355 0.598437 0.215332 0.598437 0.21582 0.6 0.217773 0.6 0.218262 0.601172 0.219727 0.601172 0.220215 0.601953 0.221191 0.601953 0.22168 0.602734 0.222656 0.602734 0.223145 0.603125 0.223633 0.603125 0.224121 0.603906 0.225098 0.603906 0.225586 0.605078 0.227051 0.605078 0.227539 0.605469 0.228027 0.605469 0.228516 0.605859 0.229004 0.605859 0.22998 0.60625 0.230469 0.60625 0.230957 0.606641 0.231445 0.606641 0.231934 0.607031 0.232422 0.607031 0.233398 0.607422 0.233887 0.607422 0.234375 0.607812 0.234863 0.607812 0.23584 0.608203 0.236328 0.608203 0.236816 0.608594 0.237305 0.608594 0.237793 0.608984 0.238281 0.608984 0.23877 0.609375 0.239258 0.609375 0.239746 0.609766 0.240234 0.609766 0.240723 0.610156 0.241211 0.610156 0.241699 0.610547 0.242188 0.610547 0.242676 0.611328 0.243652 0.611328 0.244141 0.612109 0.245117 0.612109 0.245605 0.6125 0.246094 0.6125 0.246582 0.612891 0.24707 0.612891 0.247559 0.613281 0.248047 0.613281 0.248535 0.613672 0.249023 0.613672 0.249512 0.614062 0.25 0.614062 0.250488 0.614453 0.250977 0.614453 0.251953 0.614844 0.252441 0.614844 0.25293 0.615625 0.253906 0.615625 0.254395 0.616406 0.255371 0.616406 0.255859 0.616797 0.256348 0.616797 0.256836 0.617188 0.257324 0.617188 0.258301 0.617578 0.258789 0.617578 0.259277 0.617969 0.259766 0.617969 0.260254 0.620313 0.263184 0.620703 0.263184 0.621484 0.26416 0.621875 0.26416 0.622266 0.264648 0.623828 0.264648 0.623828 0.26416 0.624219 0.263672 0.624219 0.263184 0.624609 0.262695 0.624609 0.261719 0.625 0.26123 0.625 0.256836 0.624609 0.256348 0.624609 0.253906 0.624219 0.253418 0.624219 0.251953 0.623828 0.251465 0.623828 0.250488 0.623047 0.249512 0.623047 0.249023 0.622656 0.248535 0.622656 0.248047 0.622266 0.247559 0.622266 0.246094 0.621875 0.245605 0.621875 0.244141 0.621484 0.243652 0.621484 0.242676 0.621094 0.242188 0.621094 0.241699 0.620703 0.241211 0.620703 0.240234 0.620313 0.239746 0.620313 0.236816 0.619922 0.236328 0.619922 0.235352 0.619531 0.234863 0.619531 0.234375 0.619141 0.233887 0.619141 0.233398 0.61875 0.23291 0.61875 0.231934 0.618359 0.231445 0.618359 0.230957 0.617969 0.230469 0.617969 0.22998 0.617578 0.229492 0.617578 0.228516 0.617188 0.228027 0.617188 0.227051 0.616797 0.226562 0.616797 0.225586 0.616406 0.225098 0.616406 0.224121 0.616016 0.223633 0.616016 0.223145 0.615625 0.222656 0.615625 0.222168 0.615234 0.22168 0.615234 0.221191 0.614844 0.220703 0.614844 0.220215 0.614062 0.219238 0.614062 0.21875 0.613672 0.218262 0.613672 0.217773 0.613281 0.217285 0.613281 0.216797 0.6125 0.21582 0.6125 0.215332 0.612109 0.214844 0.612109 0.214355 0.611719 0.213867 0.611719 0.213379 0.609766 0.210938 0.609766 0.210449 0.608594 0.208984 0.608594 0.208496 0.603906 0.202637 0.603516 0.202637 0.599609 0.197754 0.599219 0.197754 0.598437 0.196777 0.598047 0.196777 0.597656 0.196289 0.597266 0.196289 0.596875 0.195801 0.596484 0.195801 0.595703 0.194824 0.595313 0.194824 0.592578 0.191406 0.592187 0.191406 0.591797 0.190918 0.591406 0.190918 0.591016 0.19043 0.589844 0.19043 0.589453 0.189941
2 0.344531 0.164551 0.34375 0.165527 0.34375 0.16748 0.344141 0.167969 0.344141 0.168457 0.344531 0.168945 0.344531 0.169922 0.347266 0.17334 0.347266 0.173828 0.348047 0.174805 0.348047 0.175293 0.348828 0.17627 0.348828 0.176758 0.351172 0.179688 0.351172 0.180176 0.351953 0.181152 0.351953 0.181641 0.353516 0.183594 0.353516 0.184082 0.355469 0.186523 0.355469 0.187012 0.35625 0.187988 0.35625 0.188477 0.357031 0.189453 0.357031 0.189941 0.358984 0.192383 0.358984 0.192871 0.359375 0.193359 0.359375 0.193848 0.359766 0.194336 0.359766 0.194824 0.360547 0.195801 0.360547 0.196777 0.361328 0.197754 0.361328 0.198242 0.362891 0.200195 0.362891 0.200684 0.364453 0.202637 0.364453 0.203125 0.366016 0.205078 0.366016 0.205566 0.367188 0.207031 0.367188 0.20752 0.367969 0.208496 0.367969 0.208984 0.368359 0.209473 0.368359 0.209961 0.370312 0.212402 0.370312 0.212891 0.371484 0.214355 0.371484 0.214844 0.373047 0.216797 0.373047 0.217285 0.373828 0.218262 0.373828 0.21875 0.374219 0.219238 0.374219 0.219727 0.374609 0.220215 0.374609 0.220703 0.375391 0.22168 0.375391 0.222168 0.376172 0.223145 0.376172 0.224121 0.378906 0.227539 0.378906 0.228027 0.379688 0.229004 0.379688 0.229492 0.382031 0.232422 0.382422 0.232422 0.382812 0.23291 0.383203 0.23291 0.383594 0.233398 0.383984 0.233398 0.384375 0.233887 0.385547 0.233887 0.385937 0.233398 0.386328 0.233398 0.3875 0.231934 0.3875 0.230957 0.387891 0.230469 0.387891 0.227539 0.3875 0.227051 0.3875 0.226562 0.387109 0.226074 0.387109 0.225586 0.386719 0.225098 0.386719 0.224609 0.386328 0.224121 0.386328 0.223633 0.385937 0.223145 0.385937 0.222656 0.385547 0.222168 0.385547 0.22168 0.385156 0.221191 0.385156 0.220703 0.384766 0.220215 0.384766 0.219727 0.383984 0.21875 0.383984 0.218262 0.383594 0.217773 0.383594 0.217285 0.383203 0.216797 0.383203 0.216309 0.382812 0.21582 0.382812 0.215332 0.382422 0.214844 0.382422 0.214355 0.382031 0.213867 0.382031 0.213379 0.381641 0.212891 0.381641 0.212402 0.38125 0.211914 0.38125 0.211426 0.380859 0.210938 0.380859 0.210449 0.380078 0.209473 0.380078 0.208984 0.379688 0.208496 0.379688 0.208008 0.379297 0.20752 0.379297 0.206543 0.378906 0.206055 0.378906 0.205566 0.378516 0.205078 0.378516 0.20459 0.378125 0.204102 0.378125 0.203613 0.377734 0.203125 0.377734 0.202637 0.376953 0.20166 0.376953 0.201172 0.376563 0.200684 0.376563 0.200195 0.375781 0.199219 0.375781 0.19873 0.375391 0.198242 0.375391 0.197754 0.374609 0.196777 0.374609 0.196289 0.374219 0.195801 0.374219 0.195312 0.373828 0.194824 0.373828 0.193848 0.373437 0.193359 0.373437 0.192871 0.373047 0.192383 0.373047 0.191895 0.372656 0.191406 0.372656 0.190918 0.372266 0.19043 0.372266 0.189941 0.371484 0.188965 0.371484 0.188477 0.370703 0.1875 0.370703 0.187012 0.370312 0.186523 0.370312 0.186035 0.369922 0.185547 0.369922 0.185059 0.369141 0.184082 0.369141 0.183594 0.368359 0.182617 0.368359 0.182129 0.367578 0.181152 0.367578 0.180664 0.366406 0.179199 0.366406 0.178711 0.365625 0.177734 0.365625 0.177246 0.362109 0.172852 0.361719 0.172852 0.360938 0.171875 0.360547 0.171875 0.360156 0.171387 0.359766 0.171387 0.358203 0.169434 0.357812 0.169434 0.357031 0.168457 0.35625 0.168457 0.355859 0.167969 0.355469 0.167969 0.355078 0.16748 0.354687 0.16748 0.354297 0.166992 0.353516 0.166992 0.353125 0.166504 0.352734 0.166504 0.352344 0.166016 0.351953 0.166016 0.351562 0.165527 0.351172 0.165527 0.350781 0.165039 0.350391 0.165039 0.35 0.164551 0.347266 0.164551 0.346875 0.164062 0.345313 0.164062 0.344922 0.164551
2 0.443359 0.0751953 0.441016 0.0722656 0.440625 0.0722656 0.440234 0.0717773 0.439453 0.0717773 0.439063 0.0712891 0.4375 0.0712891 0.437109 0.0708008 0.435937 0.0708008 0.435547 0.0703125 0.43125 0.0703125 0.430859 0.0708008 0.430469 0.0708008 0.430078 0.0712891 0.429688 0.0712891 0.428516 0.0727539 0.428516 0.0737305 0.428125 0.0742188 0.428125 0.0756836 0.426172 0.078125 0.426172 0.0791016 0.425781 0.0795898 0.425781 0.0800781 0.425 0.0810547 0.425 0.081543 0.423438 0.0834961 0.423438 0.0839844 0.422656 0.0849609 0.422656 0.0854492 0.422266 0.0859375 0.422266 0.0864258 0.421875 0.0869141 0.421875 0.0874023 0.421484 0.0878906 0.421484 0.0888672 0.421094 0.0893555 0.421094 0.090332 0.420703 0.0908203 0.420703 0.0913086 0.417187 0.0957031 0.417187 0.0961914 0.415625 0.0981445 0.415625 0.0986328 0.40625 0.110352 0.40625 0.11084 0.405859 0.111328 0.405859 0.111816 0.405469 0.112305 0.405469 0.113281 0.405078 0.11377 0.405078 0.114258 0.404687 0.114746 0.404687 0.115234 0.399219 0.12207 0.399219 0.122559 0.396875 0.125488 0.396484 0.125488 0.395703 0.126465 0.395703 0.126953 0.395313 0.127441 0.395313 0.128418 0.394922 0.128906 0.394922 0.129395 0.394531 0.129883 0.394531 0.131348 0.395313 0.132324 0.395703 0.132324 0.396094 0.132812 0.396875 0.132812 0.397266 0.132324 0.398047 0.132324 0.398438 0.131836 0.399609 0.131836 0.4 0.131348 0.400781 0.131348 0.401172 0.130859 0.401562 0.130859 0.401953 0.130371 0.402344 0.130371 0.402734 0.129883 0.403125 0.129883 0.403516 0.129395 0.403906 0.129395 0.404297 0.128906 0.404687 0.128906 0.405078 0.128418 0.405469 0.128418 0.405859 0.12793 0.40625 0.12793 0.407031 0.126953 0.407422 0.126953 0.407813 0.126465 0.408203 0.126465 0.408594 0.125977 0.408984 0.125977 0.409375 0.125488 0.409766 0.125488 0.410156 0.125 0.410547 0.125 0.410938 0.124512 0.411719 0.124512 0.412109 0.124023 0.412891 0.124023 0.413281 0.123535 0.413672 0.123535 0.414453 0.122559 0.414844 0.122559 0.416016 0.121094 0.416406 0.121094 0.417187 0.120117 0.417578 0.120117 0.41875 0.118652 0.419141 0.118652 0.419922 0.117676 0.420312 0.117676 0.421875 0.115723 0.422266 0.115723 0.422656 0.115234 0.422656 0.114746 0.425781 0.11084 0.425781 0.110352 0.427734 0.10791 0.427734 0.107422 0.428125 0.106934 0.428125 0.106445 0.428516 0.105957 0.428516 0.105469 0.428906 0.10498 0.428906 0.104004 0.429297 0.103516 0.429297 0.103027 0.430078 0.102051 0.430078 0.101562 0.430859 0.100586 0.430859 0.100098 0.431641 0.0991211 0.431641 0.0986328 0.432031 0.0981445 0.432031 0.0976562 0.432422 0.097168 0.432422 0.0966797 0.432812 0.0961914 0.432812 0.0957031 0.433203 0.0952148 0.433203 0.0947266 0.433984 0.09375 0.433984 0.0932617 0.435156 0.0917969 0.435156 0.0913086 0.435937 0.090332 0.435937 0.0898438 0.436328 0.0893555 0.436328 0.0888672 0.437109 0.0878906 0.437109 0.0874023 0.437891 0.0864258 0.438281 0.0864258 0.439063 0.0854492 0.439453 0.0854492 0.440234 0.0844727 0.440625 0.0844727 0.441016 0.0839844 0.441016 0.0834961 0.442188 0.0820312 0.442188 0.081543 0.442969 0.0805664 0.442969 0.0800781 0.443359 0.0795898
2 0.0972656 0.740723 0.0949219 0.740723 0.0933594 0.742676 0.0933594 0.743164 0.0925781 0.744141 0.0925781 0.745117 0.0921875 0.745605 0.0921875 0.746582 0.0917969 0.74707 0.0917969 0.748047 0.0914062 0.748535 0.0914062 0.751465 0.0910156 0.751953 0.0910156 0.75293 0.090625 0.753418 0.090625 0.754395 0.0902344 0.754883 0.0902344 0.755371 0.0898438 0.755859 0.0898438 0.756348 0.0894531 0.756836 0.0894531 0.757324 0.0890625 0.757812 0.0890625 0.758301 0.0882813 0.759277 0.0882813 0.759766 0.0878906 0.760254 0.0878906 0.760742 0.0871094 0.761719 0.0871094 0.762695 0.0867187 0.763184 0.0867187 0.763672 0.0859375 0.764648 0.0859375 0.765137 0.0855469 0.765625 0.0855469 0.766113 0.0847656 0.76709 0.0847656 0.767578 0.0839844 0.768555 0.0839844 0.769043 0.0835937 0.769531 0.0835937 0.77002 0.0832031 0.770508 0.0832031 0.770996 0.0828125 0.771484 0.0828125 0.771973 0.0824219 0.772461 0.0824219 0.772949 0.0820312 0.773438 0.0820312 0.773926 0.08125 0.774902 0.08125 0.775391 0.0808594 0.775879 0.0808594 0.777344 0.0804688 0.777832 0.0804688 0.779297 0.0800781 0.779785 0.0800781 0.780273 0.0796875 0.780762 0.0796875 0.78125 0.0789062 0.782227 0.0789062 0.782715 0.0785156 0.783203 0.0785156 0.784668 0.078125 0.785156 0.078125 0.786133 0.0777344 0.786621 0.0777344 0.787598 0.0773438 0.788086 0.0773438 0.788574 0.0765625 0.789551 0.0765625 0.790039 0.0761719 0.790527 0.0761719 0.791504 0.0757812 0.791992 0.0757812 0.79248 0.0753906 0.792969 0.0753906 0.793945 0.075 0.794434 0.075 0.79541 0.0746094 0.795898 0.0746094 0.796387 0.0738281 0.797363 0.0738281 0.797852 0.0734375 0.79834 0.0734375 0.798828 0.0730469 0.799316 0.0730469 0.799805 0.0722656 0.800781 0.0722656 0.80127 0.071875 0.801758 0.071875 0.802246 0.0714844 0.802734 0.0714844 0.803223 0.0710937 0.803711 0.0710937 0.804199 0.0695313 0.806152 0.0695313 0.806641 0.0691406 0.807129 0.0691406 0.807617 0.06875 0.808105 0.06875 0.808594 0.0683594 0.809082 0.0683594 0.80957 0.0679687 0.810059 0.0679687 0.810547 0.0675781 0.811035 0.0675781 0.811523 0.0671875 0.812012 0.0671875 0.8125 0.0660156 0.813965 0.0660156 0.81543 0.065625 0.815918 0.065625 0.818359 0.0660156 0.818359 0.0664062 0.818848 0.0667969 0.818848 0.0671875 0.819336 0.0691406 0.819336 0.0695313 0.818848 0.0699219 0.818848 0.0707031 0.817871 0.0710937 0.817871 0.0714844 0.817383 0.071875 0.817383 0.0742188 0.814453 0.0746094 0.814453 0.0757812 0.812988 0.0761719 0.812988 0.0785156 0.810059 0.0789062 0.810059 0.0816406 0.806641 0.0816406 0.806152 0.0855469 0.80127 0.0855469 0.800781 0.0875 0.79834 0.0875 0.797852 0.0882813 0.796875 0.0882813 0.796387 0.0886719 0.795898 0.0886719 0.79541 0.0894531 0.794434 0.0894531 0.793945 0.0898438 0.793457 0.0898438 0.792969 0.0902344 0.79248 0.0902344 0.791992 0.090625 0.791504 0.090625 0.791016 0.0910156 0.790527 0.0910156 0.790039 0.0914062 0.789551 0.0914062 0.789062 0.0917969 0.788574 0.0917969 0.788086 0.0921875 0.787598 0.0921875 0.786621 0.0925781 0.786133 0.0925781 0.785156 0.0929688 0.784668 0.0929688 0.783691 0.0933594 0.783203 0.0933594 0.782715 0.09375 0.782227 0.09375 0.781738 0.0941406 0.78125 0.0941406 0.780762 0.0945312 0.780273 0.0945312 0.779785 0.0949219 0.779297 0.0949219 0.778809 0.0953125 0.77832 0.0953125 0.777344 0.0957031 0.776855 0.0957031 0.776367 0.0960938 0.775879 0.0960938 0.774902 0.0964844 0.774414 0.0964844 0.772949 0.096875 0.772461 0.096875 0.771484 0.0972656 0.770996 0.0972656 0.769043 0.0976562 0.768555 0.0976562 0.766113 0.0980469 0.765625 0.0980469 0.763184 0.0984375 0.762695 0.0984375 0.759766 0.0988281 0.759277 0.0988281 0.756836 0.0992187 0.756348 0.0992187 0.752441 0.0996094 0.751953 0.0996094 0.745605 0.0992187 0.745117 0.0992187 0.743164
2 0.518359 0.823242 0.518359 0.82666 0.519531 0.828125 0.519531 0.828613 0.519922 0.829102 0.519922 0.82959 0.520312 0.830078 0.520312 0.830566 0.521484 0.832031 0.521484 0.83252 0.526172 0.838379 0.526563 0.838379 0.527344 0.839355 0.527734 0.839355 0.528516 0.840332 0.528906 0.840332 0.529297 0.84082 0.529687 0.84082 0.530469 0.841797 0.530859 0.841797 0.53125 0.842285 0.531641 0.842285 0.532031 0.842773 0.532422 0.842773 0.532813 0.843262 0.533203 0.843262 0.533594 0.84375 0.533984 0.84375 0.534375 0.844238 0.534766 0.844238 0.535547 0.845215 0.535937 0.845215 0.536328 0.845703 0.536719 0.845703 0.537109 0.846191 0.537891 0.846191 0.538281 0.84668 0.538672 0.84668 0.539062 0.847168 0.539844 0.847168 0.540234 0.847656 0.540625 0.847656 0.541016 0.848145 0.542188 0.848145 0.542578 0.848633 0.543359 0.848633 0.54375 0.849121 0.544531 0.849121 0.544922 0.849609 0.546094 0.849609 0.546484 0.850098 0.547656 0.850098 0.548047 0.850586 0.549609 0.850586 0.55 0.851074 0.551562 0.851074 0.551953 0.851562 0.553906 0.851562 0.554297 0.852051 0.557031 0.852051 0.557422 0.852539 0.559375 0.852539 0.559766 0.853027 0.566797 0.853027 0.567187 0.853516 0.569141 0.853516 0.569531 0.853027 0.580078 0.853027 0.580469 0.852539 0.58125 0.852539 0.581641 0.852051 0.582031 0.852051 0.582812 0.851074 0.583203 0.851074 0.583203 0.850586 0.584375 0.849121 0.584375 0.848633 0.584766 0.848145 0.584766 0.847656 0.585156 0.847168 0.585156 0.84668 0.585547 0.846191 0.585547 0.841309 0.585156 0.84082 0.584766 0.84082 0.584375 0.840332 0.583984 0.840332 0.583594 0.839844 0.572266 0.839844 0.571875 0.840332 0.562891 0.840332 0.5625 0.839844 0.560156 0.839844 0.559766 0.839355 0.558594 0.839355 0.558203 0.838867 0.557031 0.838867 0.556641 0.838379 0.555469 0.838379 0.555078 0.837891 0.553906 0.837891 0.553516 0.837402 0.551953 0.837402 0.551562 0.836914 0.550781 0.836914 0.550391 0.836426 0.549609 0.836426 0.549219 0.835938 0.548438 0.835938 0.548047 0.835449 0.547266 0.835449 0.546875 0.834961 0.546094 0.834961 0.545703 0.834473 0.544922 0.834473 0.544531 0.833984 0.54375 0.833984 0.543359 0.833496 0.542969 0.833496 0.542578 0.833008 0.541797 0.833008 0.541406 0.83252 0.540625 0.83252 0.540234 0.832031 0.539453 0.832031 0.539062 0.831543 0.538281 0.831543 0.537891 0.831055 0.537109 0.831055 0.536719 0.830566 0.535937 0.830566 0.535547 0.830078 0.534766 0.830078 0.534375 0.82959 0.533594 0.82959 0.533203 0.829102 0.532422 0.829102 0.532031 0.828613 0.531641 0.828613 0.53125 0.828125 0.530859 0.828125 0.530469 0.827637 0.530078 0.827637 0.529297 0.82666 0.528906 0.82666 0.528516 0.826172 0.528125 0.826172 0.527734 0.825684 0.527344 0.825684 0.526953 0.825195 0.526172 0.825195 0.525781 0.824707 0.525391 0.824707 0.525 0.824219 0.524609 0.824219 0.524219 0.82373 0.523828 0.82373 0.523047 0.822754 0.522656 0.822754 0.521875 0.821777 0.519922 0.821777 0.519531 0.822266 0.519141 0.822266
2 0.7625 0.880371 0.762109 0.880859 0.761719 0.880859 0.761719 0.885742 0.762109 0.88623 0.762109 0.887207 0.7625 0.887695 0.7625 0.888672 0.762891 0.88916 0.762891 0.889648 0.764453 0.891602 0.764453 0.89209 0.766406 0.894531 0.766406 0.89502 0.766797 0.895508 0.766797 0.895996 0.769922 0.899902 0.769922 0.900391 0.771875 0.902832 0.772266 0.902832 0.773047 0.903809 0.773047 0.904297 0.776953 0.90918 0.776953 0.909668 0.777734 0.910645 0.777734 0.911133 0.778516 0.912109 0.778516 0.912598 0.779297 0.913574 0.779297 0.914062 0.779687 0.914551 0.779687 0.915039 0.780469 0.916016 0.780469 0.916504 0.780859 0.916992 0.780859 0.91748 0.78125 0.917969 0.78125 0.918945 0.781641 0.919434 0.781641 0.919922 0.782031 0.92041 0.782031 0.921387 0.782422 0.921875 0.782422 0.922852 0.782813 0.92334 0.782813 0.923828 0.783203 0.924316 0.783203 0.925293 0.783594 0.925781 0.783594 0.92627 0.783984 0.926758 0.783984 0.927734 0.784375 0.928223 0.784375 0.928711 0.784766 0.929199 0.784766 0.929688 0.785156 0.930176 0.785156 0.931641 0.785547 0.932129 0.785547 0.933105 0.785937 0.933594 0.785937 0.935059 0.786328 0.935547 0.786328 0.9375 0.786719 0.937988 0.786719 0.939941 0.787109 0.94043 0.787109 0.943359 0.7875 0.943848 0.7875 0.946777 0.787891 0.947266 0.787891 0.94873 0.788281 0.949219 0.788281 0.950195 0.788672 0.950684 0.788672 0.952148 0.789062 0.952637 0.789062 0.954102 0.789453 0.95459 0.789453 0.955566 0.789844 0.956055 0.789844 0.956543 0.790234 0.957031 0.790234 0.958008 0.791016 0.958984 0.791016 0.959473 0.791406 0.959961 0.791406 0.960449 0.792188 0.961426 0.792188 0.961914 0.792578 0.962402 0.792578 0.962891 0.793359 0.963867 0.793359 0.964355 0.794531 0.96582 0.796094 0.96582 0.797266 0.964355 0.797266 0.963867 0.797656 0.963379 0.797656 0.959961 0.797266 0.959473 0.797266 0.953613 0.796875 0.953125 0.796875 0.9375 0.796484 0.937012 0.796484 0.931641 0.796094 0.931152 0.796094 0.928711 0.795703 0.928223 0.795703 0.926758 0.795312 0.92627 0.795312 0.925293 0.794922 0.924805 0.794922 0.923828 0.794531 0.92334 0.794531 0.922363 0.79375 0.921387 0.79375 0.920898 0.793359 0.92041 0.793359 0.919922 0.792969 0.919434 0.792969 0.918945 0.792578 0.918457 0.792578 0.917969 0.792188 0.91748 0.792188 0.916504 0.791797 0.916016 0.791797 0.915527 0.789844 0.913086 0.789844 0.912598 0.789062 0.911621 0.789062 0.911133 0.787891 0.909668 0.787891 0.90918 0.785547 0.90625 0.785547 0.905762 0.784375 0.904297 0.784375 0.903809 0.782813 0.901855 0.782422 0.901855 0.782031 0.901367 0.782031 0.900879 0.776563 0.894043 0.776172 0.894043 0.772266 0.88916 0.772266 0.888672 0.771094 0.887207 0.770703 0.887207 0.768359 0.884277 0.767969 0.884277 0.767188 0.883301 0.766797 0.883301 0.764844 0.880859 0.764453 0.880859 0.764062 0.880371
1 0.0890625 0.177734 0.0871094 0.177734 0.0832031 0.182617 0.0796875 0.185547 0.0785156 0.188477 0.071875 0.197754 0.0691406 0.203125 0.0640625 0.209473 0.0613281 0.215332 0.0613281 0.216309 0.0601563 0.21875 0.059375 0.22168 0.0550781 0.227539 0.0546875 0.229004 0.0519531 0.233887 0.0476562 0.239258 0.0464844 0.241699 0.0398437 0.249512 0.0390625 0.251465 0.0390625 0.254395 0.0394531 0.254883 0.0394531 0.256348 0.0410156 0.258301 0.0433594 0.259277 0.0449219 0.259277 0.0480469 0.256836 0.0507812 0.255371 0.053125 0.253418 0.0558594 0.25 0.0597656 0.248047 0.0632812 0.243652 0.0660156 0.241211 0.0714844 0.233887 0.0734375 0.23291 0.0757812 0.22998 0.0769531 0.227051 0.078125 0.225586 0.0789062 0.222656 0.08125 0.217773 0.0824219 0.212402 0.0835937 0.210449 0.0847656 0.20459 0.0867187 0.200684 0.0871094 0.198242 0.0890625 0.193359 0.0894531 0.190918 0.0921875 0.185547 0.0921875 0.181641 0.0917969 0.180664
1 0.0472656 0.149414 0.0472656 0.151855 0.0480469 0.153809 0.0492187 0.154785 0.0511719 0.155273 0.0523438 0.15625 0.0558594 0.157715 0.0589844 0.158203 0.059375 0.158691 0.0621094 0.15918 0.0652344 0.160645 0.0679687 0.160645 0.0683594 0.161133 0.0699219 0.161133 0.0722656 0.162109 0.0746094 0.162109 0.075 0.162598 0.0769531 0.162598 0.0773438 0.163086 0.08125 0.164062 0.0847656 0.166992 0.0878906 0.168945 0.090625 0.169922 0.0925781 0.172852 0.0953125 0.175781 0.0996094 0.177734 0.102734 0.178223 0.103125 0.178711 0.114062 0.179199 0.114453 0.179688 0.117578 0.179688 0.117969 0.180176 0.119922 0.180176 0.121094 0.179688 0.121875 0.178711 0.121875 0.176758 0.121094 0.175781 0.120703 0.174316 0.116016 0.168945 0.111328 0.165039 0.107813 0.160156 0.0992187 0.154297 0.09375 0.152344 0.0921875 0.150879 0.0910156 0.150879 0.0875 0.152344 0.084375 0.150879 0.0808594 0.150879 0.0804688 0.150391 0.078125 0.150391 0.0777344 0.149902 0.0710937 0.149414 0.0707031 0.148926 0.0679687 0.148926 0.0675781 0.148438 0.0617188 0.147949 0.0613281 0.147461 0.0582031 0.147461 0.0578125 0.146973 0.0492187 0.146973 0.0484375 0.147461
2 0 0.20166 0 0.206055 0.0015625 0.206055 0.00546875 0.208984 0.0113281 0.210449 0.0167969 0.213867 0.0191406 0.214355 0.0226562 0.21582 0.0238281 0.216797 0.0285156 0.218262 0.0339844 0.222656 0.0371094 0.223145 0.040625 0.225586 0.0453125 0.225586 0.0457031 0.225098 0.0496094 0.224609 0.0511719 0.223145 0.0519531 0.223145 0.0539063 0.221191 0.0535156 0.219238 0.0519531 0.217285 0.0453125 0.211914 0.0410156 0.211914 0.0375 0.210449 0.0363281 0.209473 0.0328125 0.208496 0.03125 0.20752 0.0292969 0.205078 0.028125 0.20459 0.0257812 0.20459 0.0253906 0.204102 0.0203125 0.203125 0.0199219 0.202637 0.0128906 0.202148 0.0125 0.20166 0.009375 0.20166 0.00898437 0.201172 0.00273437 0.201172 0.00234375 0.20166
2 0.507031 0.886719 0.507031 0.88916 0.508203 0.890625 0.517578 0.891113 0.528516 0.895996 0.532422 0.898926 0.539844 0.907227 0.544922 0.911621 0.551172 0.914062 0.555469 0.91748 0.557813 0.918457 0.558984 0.919922 0.563672 0.921875 0.574609 0.930176 0.578125 0.930664 0.578906 0.929688 0.582812 0.929688 0.583984 0.928223 0.583984 0.925781 0.582812 0.924316 0.580078 0.924316 0.578906 0.92334 0.576172 0.92334 0.573828 0.922363 0.563672 0.914062 0.557422 0.911133 0.553516 0.906738 0.548047 0.902344 0.542969 0.896973 0.539453 0.894531 0.534375 0.88916 0.529687 0.886719 0.521484 0.88623 0.51875 0.885254 0.508203 0.885254
2 0.562109 0.859375 0.560547 0.862305 0.560547 0.88916 0.562891 0.895508 0.564844 0.905273 0.567187 0.908691 0.568359 0.912598 0.571484 0.917969 0.573047 0.92334 0.575391 0.927734 0.575781 0.930176 0.577734 0.93457 0.577734 0.937012 0.579688 0.942383 0.579688 0.944336 0.58125 0.946289 0.585938 0.946289 0.5875 0.944336 0.5875 0.938477 0.585547 0.934082 0.585156 0.929688 0.582812 0.921875 0.580078 0.915527 0.579688 0.911133 0.578906 0.910156 0.578516 0.907227 0.575 0.898438 0.574609 0.887695 0.573828 0.886719 0.572656 0.880371 0.567187 0.867188 0.566016 0.86084 0.564844 0.859375
1 0.638281 0.749023 0.637109 0.750488 0.637109 0.75293 0.638281 0.754395 0.640234 0.754883 0.641406 0.756348 0.642578 0.756348 0.651563 0.766113 0.654687 0.768066 0.661719 0.776367 0.662891 0.779297 0.666016 0.783203 0.666016 0.784668 0.669922 0.790527 0.669922 0.791504 0.673438 0.797852 0.676172 0.804688 0.677734 0.811035 0.679297 0.813477 0.683984 0.82959 0.687109 0.845215 0.689844 0.848633 0.692969 0.848633 0.694922 0.846191 0.696484 0.841797 0.696484 0.823242 0.687109 0.792969 0.68125 0.780273 0.675781 0.773926 0.673438 0.769531 0.665625 0.759766 0.662109 0.756348 0.654297 0.752441 0.646094 0.750977 0.642969 0.749023
1 0.666797 0.744629 0.666016 0.745605 0.664844 0.745605 0.663672 0.74707 0.663672 0.756836 0.664062 0.757324 0.664062 0.777832 0.663672 0.77832 0.663672 0.783691 0.663281 0.78418 0.663281 0.785645 0.662891 0.786133 0.662891 0.787109 0.661719 0.788574 0.661719 0.789062 0.660937 0.790039 0.660937 0.790527 0.660156 0.791504 0.660156 0.791992 0.659375 0.792969 0.659375 0.793457 0.658594 0.794434 0.658594 0.794922 0.658203 0.79541 0.658203 0.795898 0.657422 0.796875 0.657422 0.797363 0.657031 0.797852 0.657031 0.79834 0.656641 0.798828 0.656641 0.799316 0.655859 0.800293 0.655859 0.800781 0.655078 0.801758 0.654687 0.801758 0.653906 0.802734 0.653516 0.802734 0.652344 0.804199 0.651953 0.804199 0.651563 0.804688 0.651172 0.804688 0.647656 0.809082 0.647266 0.809082 0.643359 0.813965 0.643359 0.814453 0.642969 0.814941 0.642969 0.81543 0.642578 0.815918 0.642578 0.816895 0.642188 0.817383 0.642188 0.818359 0.641797 0.818848 0.641797 0.820801 0.641406 0.821289 0.641406 0.82666 0.642578 0.828125 0.644531 0.828125 0.645703 0.82666 0.645703 0.826172 0.646484 0.825195 0.646484 0.824707 0.646875 0.824219 0.646875 0.82373 0.647656 0.822754 0.647656 0.822266 0.648047 0.821777 0.648047 0.821289 0.649609 0.819336 0.649609 0.818848 0.651172 0.816895 0.651563 0.816895 0.652734 0.81543 0.653125 0.81543 0.654687 0.813477 0.655078 0.813477 0.655469 0.812988 0.655859 0.812988 0.656641 0.812012 0.656641 0.811523 0.657813 0.810059 0.658203 0.810059 0.658594 0.80957 0.658984 0.80957 0.660156 0.808105 0.660547 0.808105 0.665234 0.802246 0.665234 0.801758 0.665625 0.80127 0.666016 0.80127 0.667578 0.799316 0.667578 0.798828 0.669141 0.796875 0.669141 0.796387 0.669922 0.79541 0.669922 0.794922 0.670703 0.793945 0.670703 0.793457 0.671094 0.792969 0.671094 0.79248 0.671484 0.791992 0.671484 0.791504 0.671875 0.791016 0.671875 0.790527 0.672266 0.790039 0.672266 0.788086 0.672656 0.787598 0.672656 0.783691 0.673047 0.783203 0.673047 0.781738 0.673438 0.78125 0.673438 0.778809 0.673828 0.77832 0.673828 0.775879 0.674219 0.775391 0.674219 0.751953 0.673828 0.751465 0.673828 0.750977 0.673438 0.750488 0.673438 0.75 0.671094 0.74707 0.670703 0.74707 0.669141 0.745117 0.66875 0.745117 0.668359 0.744629
