1 0.580469 0.145508 0.577344 0.145508 0.574219 0.149414 0.574219 0.150391 0.572656 0.152344 0.572656 0.15332 0.571094 0.155273 0.571094 0.15625 0.570312 0.157227 0.570312 0.158203 0.569531 0.15918 0.569531 0.161133 0.56875 0.162109 0.56875 0.163086 0.567187 0.165039 0.567187 0.166016 0.566406 0.166992 0.566406 0.167969 0.565625 0.168945 0.565625 0.169922 0.564844 0.170898 0.564844 0.171875 0.564063 0.172852 0.564063 0.175781 0.563281 0.176758 0.563281 0.178711 0.5625 0.179688 0.5625 0.183594 0.561719 0.18457 0.561719 0.188477 0.560937 0.189453 0.560937 0.194336 0.560156 0.195312 0.560156 0.201172 0.559375 0.202148 0.559375 0.223633 0.558594 0.224609 0.558594 0.237305 0.559375 0.238281 0.559375 0.241211 0.560156 0.242188 0.561719 0.242188 0.5625 0.243164 0.564063 0.243164 0.564844 0.242188 0.565625 0.242188 0.567187 0.240234 0.567187 0.239258 0.567969 0.238281 0.567969 0.237305 0.56875 0.236328 0.56875 0.235352 0.569531 0.234375 0.569531 0.232422 0.570312 0.231445 0.570312 0.229492 0.571094 0.228516 0.571094 0.224609 0.571875 0.223633 0.571875 0.220703 0.572656 0.219727 0.572656 0.21875 0.573438 0.217773 0.573438 0.216797 0.574219 0.21582 0.574219 0.213867 0.575 0.212891 0.575 0.208984 0.575781 0.208008 0.575781 0.205078 0.576562 0.204102 0.576562 0.201172 0.577344 0.200195 0.577344 0.195312 0.578125 0.194336 0.578125 0.19043 0.578906 0.189453 0.578906 0.185547 0.579688 0.18457 0.579688 0.179688 0.580469 0.178711 0.580469 0.173828 0.58125 0.172852 0.58125 0.164062 0.582031 0.163086 0.582031 0.148438 0.58125 0.147461 0.58125 0.146484
1 0.477344 0.292969 0.477344 0.293945 0.474219 0.297852 0.474219 0.298828 0.472656 0.300781 0.472656 0.301758 0.471094 0.303711 0.471094 0.304688 0.470313 0.305664 0.470313 0.306641 0.469531 0.307617 0.469531 0.310547 0.46875 0.311523 0.46875 0.3125 0.467969 0.313477 0.467969 0.314453 0.467187 0.31543 0.467187 0.317383 0.466406 0.318359 0.466406 0.322266 0.465625 0.323242 0.465625 0.332031 0.464844 0.333008 0.464844 0.334961 0.465625 0.335938 0.465625 0.344727 0.466406 0.345703 0.466406 0.349609 0.467187 0.350586 0.467187 0.352539 0.467969 0.353516 0.467969 0.355469 0.46875 0.356445 0.46875 0.359375 0.469531 0.360352 0.469531 0.362305 0.470313 0.363281 0.470313 0.365234 0.471094 0.366211 0.471094 0.367188 0.471875 0.368164 0.471875 0.369141 0.472656 0.370117 0.472656 0.371094 0.475 0.374023 0.480469 0.374023 0.48125 0.373047 0.48125 0.37207 0.482031 0.371094 0.482031 0.347656 0.48125 0.34668 0.48125 0.307617 0.482031 0.306641 0.482031 0.301758 0.482812 0.300781 0.482812 0.293945 0.482031 0.292969
1 0.471094 0.396484 0.470313 0.397461 0.470313 0.398438 0.469531 0.399414 0.469531 0.413086 0.470313 0.414062 0.470313 0.420898 0.471094 0.421875 0.471094 0.423828 0.471875 0.424805 0.471875 0.429688 0.472656 0.430664 0.472656 0.432617 0.473438 0.433594 0.473438 0.436523 0.475 0.438477 0.475 0.44043 0.475781 0.441406 0.475781 0.443359 0.476562 0.444336 0.476562 0.446289 0.477344 0.447266 0.477344 0.449219 0.478125 0.450195 0.478125 0.451172 0.478906 0.452148 0.478906 0.453125 0.479687 0.454102 0.479687 0.455078 0.480469 0.456055 0.480469 0.458008 0.48125 0.458984 0.48125 0.459961 0.482812 0.461914 0.482812 0.462891 0.483594 0.463867 0.483594 0.464844 0.485156 0.466797 0.485156 0.467773 0.4875 0.470703 0.4875 0.47168 0.489844 0.474609 0.489844 0.475586 0.492969 0.479492 0.492969 0.480469 0.49375 0.481445 0.494531 0.481445 0.496094 0.483398 0.496094 0.484375 0.499219 0.488281 0.5 0.488281 0.501563 0.490234 0.505469 0.490234 0.50625 0.489258 0.50625 0.488281 0.507031 0.487305 0.507031 0.485352 0.50625 0.484375 0.50625 0.481445 0.505469 0.480469 0.505469 0.477539 0.504687 0.476562 0.504687 0.474609 0.503906 0.473633 0.503906 0.470703 0.503125 0.469727 0.503125 0.46875 0.502344 0.467773 0.502344 0.466797 0.501563 0.46582 0.501563 0.463867 0.500781 0.462891 0.500781 0.460938 0.5 0.459961 0.5 0.458008 0.499219 0.457031 0.499219 0.455078 0.498437 0.454102 0.498437 0.452148 0.497656 0.451172 0.497656 0.450195 0.496875 0.449219 0.496875 0.447266 0.496094 0.446289 0.496094 0.445312 0.49375 0.442383 0.49375 0.441406 0.492969 0.44043 0.492969 0.438477 0.492188 0.4375 0.492188 0.436523 0.491406 0.435547 0.491406 0.43457 0.490625 0.433594 0.490625 0.432617 0.489063 0.430664 0.489063 0.429688 0.488281 0.428711 0.488281 0.427734 0.4875 0.426758 0.4875 0.425781 0.486719 0.424805 0.486719 0.422852 0.485938 0.421875 0.485938 0.420898 0.485156 0.419922 0.485156 0.418945 0.484375 0.417969 0.484375 0.416992 0.483594 0.416016 0.483594 0.415039 0.482812 0.414062 0.482812 0.412109 0.482031 0.411133 0.482031 0.410156 0.48125 0.40918 0.48125 0.408203 0.479687 0.40625 0.479687 0.405273 0.478906 0.404297 0.478906 0.40332 0.478125 0.402344 0.478125 0.401367 0.476562 0.399414 0.476562 0.398438 0.475 0.396484
1 0.324219 0.370117 0.324219 0.374023 0.325781 0.375977 0.326562 0.375977 0.330469 0.380859 0.33125 0.380859 0.332031 0.381836 0.332813 0.381836 0.333594 0.382812 0.334375 0.382812 0.336719 0.385742 0.3375 0.385742 0.338281 0.386719 0.339062 0.386719 0.340625 0.388672 0.341406 0.388672 0.342187 0.389648 0.342969 0.389648 0.34375 0.390625 0.344531 0.390625 0.345313 0.391602 0.346875 0.391602 0.347656 0.392578 0.348438 0.392578 0.349219 0.393555 0.350781 0.393555 0.351562 0.394531 0.352344 0.394531 0.353125 0.395508 0.355469 0.395508 0.35625 0.396484 0.357812 0.396484 0.358594 0.397461 0.360156 0.397461 0.360938 0.398438 0.3625 0.398438 0.363281 0.399414 0.364844 0.399414 0.365625 0.400391 0.366406 0.400391 0.367188 0.401367 0.369531 0.401367 0.370312 0.402344 0.372656 0.402344 0.373437 0.40332 0.374219 0.40332 0.375 0.404297 0.376563 0.404297 0.377344 0.405273 0.379688 0.405273 0.380469 0.40625 0.385937 0.40625 0.3875 0.404297 0.3875 0.40332 0.388281 0.402344 0.388281 0.399414 0.3875 0.398438 0.3875 0.397461 0.385937 0.395508 0.385937 0.394531 0.382031 0.389648 0.38125 0.389648 0.378906 0.386719 0.378125 0.386719 0.376563 0.384766 0.375781 0.384766 0.374219 0.382812 0.373437 0.382812 0.371875 0.380859 0.371094 0.380859 0.370312 0.379883 0.369531 0.379883 0.36875 0.378906 0.367969 0.378906 0.367188 0.37793 0.366406 0.37793 0.365625 0.376953 0.364063 0.376953 0.363281 0.375977 0.361719 0.375977 0.360938 0.375 0.358594 0.375 0.357812 0.374023 0.35625 0.374023 0.355469 0.373047 0.353125 0.373047 0.352344 0.37207 0.35 0.37207 0.349219 0.371094 0.345313 0.371094 0.344531 0.370117 0.339844 0.370117 0.339062 0.369141 0.333594 0.369141 0.332813 0.368164 0.325781 0.368164
1 0.292969 0.499023 0.292187 0.5 0.290625 0.5 0.290625 0.500977 0.289844 0.501953 0.289844 0.504883 0.289062 0.505859 0.289062 0.523438 0.288281 0.524414 0.288281 0.550781 0.289062 0.551758 0.289062 0.568359 0.289844 0.569336 0.289844 0.580078 0.290625 0.581055 0.290625 0.588867 0.291406 0.589844 0.291406 0.595703 0.292187 0.59668 0.292187 0.597656 0.29375 0.599609 0.296094 0.599609 0.299219 0.595703 0.299219 0.59375 0.3 0.592773 0.3 0.591797 0.300781 0.59082 0.300781 0.588867 0.301563 0.587891 0.301563 0.585938 0.302344 0.584961 0.302344 0.583008 0.303125 0.582031 0.303125 0.579102 0.303906 0.578125 0.303906 0.574219 0.304688 0.573242 0.304688 0.568359 0.305469 0.567383 0.305469 0.560547 0.30625 0.55957 0.30625 0.541016 0.305469 0.540039 0.305469 0.53418 0.304688 0.533203 0.304688 0.527344 0.303906 0.526367 0.303906 0.523438 0.303125 0.522461 0.303125 0.519531 0.302344 0.518555 0.302344 0.515625 0.301563 0.514648 0.301563 0.511719 0.300781 0.510742 0.300781 0.507812 0.3 0.506836 0.3 0.50293 0.299219 0.501953 0.299219 0.500977 0.298438 0.5 0.297656 0.5 0.296875 0.499023
1 0.435156 0.686523 0.434375 0.6875 0.434375 0.688477 0.433594 0.689453 0.433594 0.693359 0.434375 0.694336 0.434375 0.695312 0.435156 0.696289 0.435156 0.698242 0.435937 0.699219 0.435937 0.700195 0.436719 0.701172 0.436719 0.702148 0.4375 0.703125 0.4375 0.704102 0.438281 0.705078 0.438281 0.706055 0.439063 0.707031 0.439063 0.708984 0.440625 0.710938 0.440625 0.711914 0.441406 0.712891 0.441406 0.713867 0.442969 0.71582 0.442969 0.716797 0.444531 0.71875 0.444531 0.719727 0.445312 0.720703 0.445312 0.72168 0.446094 0.722656 0.446094 0.723633 0.446875 0.724609 0.446875 0.725586 0.448437 0.727539 0.448437 0.728516 0.449219 0.729492 0.449219 0.730469 0.450781 0.732422 0.450781 0.733398 0.451562 0.734375 0.451562 0.735352 0.453125 0.737305 0.453125 0.738281 0.453906 0.739258 0.453906 0.741211 0.454688 0.742188 0.454688 0.743164 0.455469 0.744141 0.455469 0.745117 0.45625 0.746094 0.45625 0.748047 0.457031 0.749023 0.45625 0.75 0.45625 0.756836 0.455469 0.757812 0.455469 0.760742 0.45625 0.761719 0.45625 0.762695 0.458594 0.765625 0.460938 0.765625 0.461719 0.764648 0.464062 0.764648 0.467187 0.760742 0.467187 0.759766 0.467969 0.758789 0.467969 0.757812 0.46875 0.756836 0.46875 0.753906 0.469531 0.75293 0.469531 0.749023 0.470313 0.748047 0.470313 0.74707 0.469531 0.746094 0.469531 0.742188 0.470313 0.741211 0.470313 0.740234 0.469531 0.739258 0.469531 0.733398 0.46875 0.732422 0.46875 0.728516 0.467969 0.727539 0.467969 0.725586 0.467187 0.724609 0.467187 0.72168 0.466406 0.720703 0.466406 0.719727 0.465625 0.71875 0.465625 0.717773 0.464844 0.716797 0.464844 0.71582 0.463281 0.713867 0.463281 0.712891 0.460156 0.708984 0.460156 0.708008 0.457813 0.705078 0.457031 0.705078 0.454688 0.702148 0.453906 0.702148 0.449219 0.696289 0.448437 0.696289 0.447656 0.695312 0.446875 0.695312 0.442969 0.69043 0.442188 0.69043 0.440625 0.688477 0.439063 0.688477 0.438281 0.6875 0.436719 0.6875 0.435937 0.686523
1 0.321875 0.851562 0.321875 0.852539 0.321094 0.853516 0.321094 0.854492 0.321875 0.855469 0.321875 0.857422 0.325 0.861328 0.325 0.862305 0.33125 0.870117 0.332031 0.870117 0.335938 0.875 0.336719 0.875 0.3375 0.875977 0.338281 0.875977 0.340625 0.878906 0.341406 0.878906 0.344531 0.882812 0.345313 0.882812 0.347656 0.885742 0.348438 0.885742 0.351562 0.889648 0.352344 0.889648 0.353125 0.890625 0.353906 0.890625 0.35625 0.893555 0.357031 0.893555 0.357812 0.894531 0.358594 0.894531 0.360938 0.897461 0.361719 0.897461 0.3625 0.898438 0.363281 0.898438 0.365625 0.901367 0.366406 0.901367 0.367188 0.902344 0.367969 0.902344 0.369531 0.904297 0.371094 0.904297 0.371875 0.905273 0.372656 0.905273 0.375781 0.90918 0.376563 0.90918 0.377344 0.910156 0.378125 0.910156 0.378906 0.911133 0.379688 0.911133 0.380469 0.912109 0.38125 0.912109 0.383594 0.915039 0.384375 0.915039 0.385156 0.916016 0.389062 0.916016 0.391406 0.913086 0.391406 0.907227 0.390625 0.90625 0.390625 0.90332 0.383594 0.894531 0.383594 0.893555 0.379688 0.888672 0.379688 0.887695 0.376563 0.883789 0.375781 0.883789 0.36875 0.875 0.367969 0.875 0.3625 0.868164 0.361719 0.868164 0.360156 0.866211 0.359375 0.866211 0.358594 0.865234 0.357812 0.865234 0.357031 0.864258 0.35625 0.864258 0.355469 0.863281 0.354687 0.863281 0.353906 0.862305 0.353125 0.862305 0.352344 0.861328 0.351562 0.861328 0.350781 0.860352 0.35 0.860352 0.349219 0.859375 0.347656 0.859375 0.346875 0.858398 0.345313 0.858398 0.344531 0.857422 0.34375 0.857422 0.342969 0.856445 0.341406 0.856445 0.340625 0.855469 0.339062 0.855469 0.338281 0.854492 0.336719 0.854492 0.335938 0.853516 0.333594 0.853516 0.332813 0.852539 0.329688 0.852539 0.328906 0.851562
1 0.367188 0.927734 0.363281 0.927734 0.3625 0.928711 0.361719 0.928711 0.360156 0.930664 0.359375 0.930664 0.357031 0.933594 0.357031 0.93457 0.353125 0.939453 0.353125 0.94043 0.352344 0.941406 0.352344 0.942383 0.351562 0.943359 0.351562 0.945312 0.35 0.947266 0.35 0.948242 0.349219 0.949219 0.349219 0.950195 0.348438 0.951172 0.348438 0.953125 0.347656 0.954102 0.347656 0.955078 0.346875 0.956055 0.346875 0.958008 0.346094 0.958984 0.346094 0.959961 0.345313 0.960938 0.345313 0.96582 0.344531 0.966797 0.344531 0.972656 0.34375 0.973633 0.34375 0.995117 0.344531 0.996094 0.344531 1 0.357812 1 0.357812 0.99707 0.358594 0.996094 0.358594 0.993164 0.359375 0.992188 0.359375 0.989258 0.360156 0.988281 0.360156 0.987305 0.360938 0.986328 0.360938 0.985352 0.361719 0.984375 0.361719 0.983398 0.3625 0.982422 0.3625 0.980469 0.363281 0.979492 0.363281 0.973633 0.364063 0.972656 0.364063 0.959961 0.364844 0.958984 0.364844 0.954102 0.365625 0.953125 0.365625 0.949219 0.366406 0.948242 0.366406 0.945312 0.367188 0.944336 0.367188 0.941406 0.367969 0.94043 0.367969 0.9375 0.36875 0.936523 0.36875 0.933594 0.369531 0.932617 0.369531 0.930664
1 0.832031 0.935547 0.828906 0.935547 0.828125 0.936523 0.828125 0.9375 0.825781 0.94043 0.825781 0.942383 0.825 0.943359 0.825 0.944336 0.824219 0.945312 0.824219 0.946289 0.823438 0.947266 0.823438 0.949219 0.822656 0.950195 0.822656 0.951172 0.821875 0.952148 0.821875 0.954102 0.821094 0.955078 0.821094 0.958984 0.820312 0.959961 0.820312 0.966797 0.819531 0.967773 0.819531 0.994141 0.820312 0.995117 0.820312 0.99707 0.821094 0.998047 0.821094 1 0.83125 1 0.83125 0.999023 0.832031 0.998047 0.832031 0.99707 0.832812 0.996094 0.832812 0.987305 0.833594 0.986328 0.833594 0.980469 0.834375 0.979492 0.834375 0.97168 0.835156 0.970703 0.835156 0.947266 0.834375 0.946289 0.834375 0.94043 0.833594 0.939453 0.833594 0.9375
2 0.19375 0.614258 0.19375 0.616211 0.196875 0.620117 0.197656 0.620117 0.199219 0.62207 0.2 0.62207 0.201563 0.624023 0.202344 0.624023 0.203125 0.625 0.203906 0.625 0.205469 0.626953 0.20625 0.626953 0.207031 0.62793 0.208594 0.62793 0.209375 0.628906 0.210156 0.628906 0.210938 0.629883 0.211719 0.629883 0.2125 0.630859 0.214062 0.630859 0.214844 0.631836 0.217188 0.631836 0.217969 0.632812 0.21875 0.632812 0.219531 0.633789 0.221094 0.633789 0.221875 0.634766 0.224219 0.634766 0.225 0.635742 0.225781 0.635742 0.227344 0.637695 0.228125 0.637695 0.228906 0.638672 0.230469 0.638672 0.23125 0.639648 0.232031 0.639648 0.233594 0.641602 0.234375 0.641602 0.235937 0.643555 0.236719 0.643555 0.2375 0.644531 0.238281 0.644531 0.239063 0.645508 0.241406 0.645508 0.242188 0.646484 0.24375 0.646484 0.24375 0.641602 0.242969 0.640625 0.242969 0.639648 0.242188 0.638672 0.242188 0.637695 0.241406 0.636719 0.241406 0.635742 0.240625 0.634766 0.240625 0.633789 0.235156 0.626953 0.234375 0.626953 0.233594 0.625977 0.232813 0.625977 0.232031 0.625 0.23125 0.625 0.230469 0.624023 0.229687 0.624023 0.228906 0.623047 0.228125 0.623047 0.227344 0.62207 0.226562 0.62207 0.225781 0.621094 0.225 0.621094 0.224219 0.620117 0.223438 0.620117 0.222656 0.619141 0.221094 0.619141 0.220312 0.618164 0.21875 0.618164 0.217969 0.617188 0.216406 0.617188 0.215625 0.616211 0.214062 0.616211 0.213281 0.615234 0.211719 0.615234 0.210938 0.614258 0.208594 0.614258 0.207813 0.613281 0.204687 0.613281 0.203906 0.612305 0.195312 0.612305
2 0.438281 0.777344 0.438281 0.782227 0.439063 0.783203 0.439063 0.787109 0.441406 0.790039 0.441406 0.791016 0.442188 0.791992 0.442188 0.792969 0.442969 0.793945 0.442969 0.794922 0.444531 0.796875 0.444531 0.797852 0.446094 0.799805 0.446094 0.800781 0.447656 0.802734 0.447656 0.803711 0.451562 0.808594 0.451562 0.80957 0.454688 0.813477 0.454688 0.814453 0.457031 0.817383 0.457031 0.818359 0.459375 0.821289 0.459375 0.822266 0.460938 0.824219 0.460938 0.825195 0.464844 0.830078 0.464844 0.831055 0.467969 0.834961 0.467969 0.835938 0.46875 0.836914 0.46875 0.837891 0.470313 0.839844 0.470313 0.84082 0.471094 0.841797 0.471875 0.841797 0.472656 0.842773 0.472656 0.84375 0.474219 0.845703 0.474219 0.84668 0.475 0.84668 0.475781 0.847656 0.476562 0.847656 0.477344 0.848633 0.479687 0.848633 0.48125 0.84668 0.48125 0.844727 0.480469 0.84375 0.480469 0.837891 0.479687 0.836914 0.479687 0.835938 0.478906 0.834961 0.478906 0.833984 0.478125 0.833008 0.478125 0.830078 0.477344 0.829102 0.477344 0.826172 0.476562 0.825195 0.476562 0.823242 0.475781 0.822266 0.475781 0.820312 0.475 0.819336 0.475 0.818359 0.474219 0.817383 0.474219 0.816406 0.473438 0.81543 0.473438 0.814453 0.471094 0.811523 0.471094 0.810547 0.463281 0.800781 0.4625 0.800781 0.458594 0.795898 0.458594 0.794922 0.457031 0.792969 0.45625 0.792969 0.450781 0.786133 0.45 0.786133 0.448437 0.78418 0.447656 0.78418 0.445312 0.78125 0.445312 0.780273 0.444531 0.779297 0.444531 0.77832 0.44375 0.777344 0.441406 0.777344 0.440625 0.776367 0.439844 0.776367 0.439063 0.777344
2 0.439844 0.140625 0.439063 0.140625 0.436719 0.143555 0.436719 0.144531 0.435937 0.145508 0.435937 0.147461 0.435156 0.148438 0.435156 0.150391 0.434375 0.151367 0.434375 0.154297 0.433594 0.155273 0.433594 0.15625 0.432031 0.158203 0.432031 0.15918 0.43125 0.160156 0.43125 0.162109 0.430469 0.163086 0.430469 0.164062 0.429688 0.165039 0.429688 0.166992 0.428906 0.167969 0.428906 0.168945 0.428125 0.169922 0.428125 0.170898 0.426563 0.172852 0.426563 0.173828 0.425781 0.174805 0.425781 0.175781 0.425 0.176758 0.425 0.177734 0.423438 0.179688 0.423438 0.180664 0.422656 0.181641 0.422656 0.183594 0.421094 0.185547 0.421094 0.186523 0.41875 0.189453 0.41875 0.19043 0.417187 0.192383 0.417187 0.193359 0.414844 0.196289 0.414844 0.197266 0.414062 0.198242 0.414062 0.199219 0.413281 0.200195 0.413281 0.201172 0.411719 0.203125 0.411719 0.204102 0.410938 0.205078 0.410938 0.206055 0.410156 0.207031 0.410156 0.208008 0.408594 0.209961 0.408594 0.210938 0.407813 0.211914 0.407813 0.21582 0.407031 0.216797 0.407031 0.21875 0.40625 0.219727 0.40625 0.222656 0.405469 0.223633 0.405469 0.226562 0.404687 0.227539 0.404687 0.236328 0.403906 0.237305 0.403906 0.250977 0.403125 0.251953 0.403125 0.263672 0.403906 0.264648 0.403125 0.265625 0.403125 0.267578 0.404687 0.267578 0.404687 0.265625 0.405469 0.264648 0.405469 0.262695 0.40625 0.261719 0.40625 0.259766 0.408594 0.256836 0.408594 0.25293 0.409375 0.251953 0.410156 0.251953 0.410938 0.250977 0.411719 0.250977 0.414062 0.248047 0.414062 0.245117 0.414844 0.244141 0.414844 0.233398 0.415625 0.232422 0.415625 0.225586 0.416406 0.224609 0.416406 0.222656 0.417187 0.22168 0.417187 0.220703 0.417969 0.219727 0.417969 0.21875 0.419531 0.216797 0.419531 0.21582 0.420312 0.214844 0.420312 0.213867 0.421094 0.212891 0.421094 0.211914 0.424219 0.208008 0.424219 0.207031 0.428125 0.202148 0.428125 0.201172 0.428906 0.200195 0.428906 0.199219 0.429688 0.198242 0.429688 0.197266 0.43125 0.195312 0.43125 0.194336 0.432031 0.193359 0.432031 0.192383 0.433594 0.19043 0.433594 0.189453 0.434375 0.188477 0.434375 0.1875 0.435937 0.185547 0.435937 0.182617 0.436719 0.181641 0.436719 0.179688 0.4375 0.178711 0.4375 0.176758 0.438281 0.175781 0.438281 0.173828 0.439063 0.172852 0.439063 0.169922 0.439844 0.168945 0.439844 0.166992 0.440625 0.166016 0.440625 0.161133 0.441406 0.160156 0.441406 0.15625 0.442188 0.155273 0.442188 0.147461 0.441406 0.146484 0.441406 0.142578
2 0.186719 0.25293 0.186719 0.254883 0.185938 0.255859 0.185938 0.257812 0.185156 0.258789 0.185156 0.260742 0.185938 0.261719 0.185938 0.262695 0.186719 0.263672 0.186719 0.264648 0.1875 0.265625 0.1875 0.266602 0.188281 0.267578 0.188281 0.268555 0.189062 0.269531 0.189062 0.271484 0.192188 0.275391 0.192188 0.276367 0.19375 0.27832 0.19375 0.279297 0.195312 0.28125 0.196094 0.28125 0.198437 0.28418 0.198437 0.285156 0.2 0.287109 0.2 0.288086 0.203125 0.291992 0.203125 0.292969 0.2125 0.304688 0.213281 0.304688 0.215625 0.307617 0.216406 0.307617 0.219531 0.311523 0.220312 0.311523 0.221094 0.3125 0.221875 0.3125 0.223438 0.314453 0.224219 0.314453 0.225 0.31543 0.225781 0.31543 0.226562 0.316406 0.227344 0.316406 0.228125 0.317383 0.229687 0.317383 0.230469 0.318359 0.234375 0.318359 0.235156 0.319336 0.235937 0.319336 0.236719 0.318359 0.2375 0.318359 0.238281 0.317383 0.238281 0.313477 0.23125 0.304688 0.230469 0.304688 0.222656 0.294922 0.222656 0.293945 0.221875 0.293945 0.220312 0.291992 0.220312 0.291016 0.217188 0.287109 0.217188 0.286133 0.214062 0.282227 0.213281 0.282227 0.204687 0.271484 0.204687 0.270508 0.202344 0.267578 0.202344 0.266602 0.197656 0.260742 0.197656 0.259766 0.194531 0.255859 0.194531 0.254883 0.19375 0.253906 0.192969 0.253906 0.192188 0.25293 0.190625 0.25293 0.189844 0.251953 0.188281 0.251953 0.1875 0.25293
2 0.135156 0.111328 0.135156 0.115234 0.138281 0.119141 0.139063 0.119141 0.139844 0.120117 0.140625 0.120117 0.141406 0.121094 0.142187 0.121094 0.142969 0.12207 0.14375 0.12207 0.145313 0.124023 0.146094 0.124023 0.147656 0.125977 0.148438 0.125977 0.15 0.12793 0.150781 0.12793 0.151562 0.128906 0.152344 0.128906 0.153906 0.130859 0.154688 0.130859 0.155469 0.131836 0.157031 0.131836 0.157812 0.132812 0.158594 0.132812 0.159375 0.133789 0.160938 0.133789 0.161719 0.134766 0.163281 0.134766 0.164062 0.135742 0.167969 0.135742 0.16875 0.136719 0.175 0.136719 0.175781 0.135742 0.177344 0.135742 0.178125 0.134766 0.178906 0.134766 0.179688 0.133789 0.180469 0.133789 0.182031 0.131836 0.182812 0.131836 0.189062 0.124023 0.189844 0.124023 0.189844 0.123047 0.191406 0.121094 0.191406 0.120117 0.192188 0.119141 0.192188 0.117188 0.192969 0.116211 0.192969 0.111328 0.191406 0.111328 0.190625 0.110352 0.189062 0.110352 0.1875 0.112305 0.186719 0.112305 0.179688 0.121094 0.178906 0.121094 0.178125 0.12207 0.16875 0.12207 0.167969 0.121094 0.165625 0.121094 0.164844 0.120117 0.164062 0.120117 0.163281 0.119141 0.1625 0.119141 0.161719 0.118164 0.160156 0.118164 0.159375 0.117188 0.158594 0.117188 0.157812 0.116211 0.157031 0.116211 0.15625 0.115234 0.155469 0.115234 0.154688 0.114258 0.153125 0.114258 0.152344 0.113281 0.151562 0.113281 0.150781 0.112305 0.148438 0.112305 0.147656 0.111328 0.142969 0.111328 0.142187 0.110352 0.136719 0.110352 0.135937 0.111328
2 0.45 0.223633 0.445312 0.223633 0.444531 0.224609 0.442969 0.224609 0.442188 0.225586 0.440625 0.225586 0.439844 0.226562 0.438281 0.226562 0.4375 0.227539 0.436719 0.227539 0.435937 0.228516 0.435156 0.228516 0.434375 0.229492 0.433594 0.229492 0.432812 0.230469 0.432031 0.230469 0.43125 0.231445 0.430469 0.231445 0.428906 0.233398 0.428125 0.233398 0.427344 0.234375 0.426563 0.234375 0.425 0.236328 0.424219 0.236328 0.421875 0.239258 0.421875 0.240234 0.421094 0.241211 0.421094 0.242188 0.420312 0.243164 0.420312 0.24707 0.41875 0.249023 0.415625 0.249023 0.4125 0.25293 0.4125 0.254883 0.411719 0.255859 0.411719 0.256836 0.410938 0.257812 0.410938 0.259766 0.410156 0.260742 0.410156 0.261719 0.409375 0.262695 0.409375 0.264648 0.408594 0.265625 0.408594 0.268555 0.407813 0.269531 0.407813 0.271484 0.408594 0.272461 0.408594 0.273438 0.410156 0.275391 0.410156 0.276367 0.410938 0.276367 0.411719 0.277344 0.413281 0.277344 0.414062 0.276367 0.414062 0.275391 0.414844 0.274414 0.414844 0.273438 0.416406 0.271484 0.416406 0.267578 0.417187 0.266602 0.417969 0.266602 0.419531 0.264648 0.419531 0.263672 0.421094 0.261719 0.421094 0.260742 0.425781 0.254883 0.425781 0.253906 0.426563 0.25293 0.427344 0.25293 0.428125 0.251953 0.428125 0.250977 0.434375 0.243164 0.435156 0.243164 0.4375 0.240234 0.4375 0.239258 0.438281 0.238281 0.439063 0.238281 0.442188 0.234375 0.442969 0.234375 0.44375 0.233398 0.444531 0.233398 0.445312 0.232422 0.446094 0.232422 0.448437 0.229492 0.449219 0.229492 0.45 0.228516 0.45 0.227539 0.450781 0.226562 0.450781 0.224609
