2 0.200742 0.315527 0.193555 0.320117 0.188437 0.32373 0.180547 0.328271 0.172969 0.333398 0.167813 0.336719 0.1625 0.338379 0.153906 0.344238 0.146875 0.351074 0.135508 0.360059 0.132148 0.362744 0.128789 0.36748 0.125391 0.373535 0.113125 0.393945 0.106367 0.406934 0.10875 0.414648 0.156914 0.363379 0.163281 0.353809 0.171289 0.347754 0.179062 0.341357 0.186953 0.334521 0.192695 0.32749
2 0.270313 0.807031 0.271484 0.80791 0.272656 0.808105 0.28125 0.820312 0.284766 0.82666 0.287109 0.833496 0.294141 0.843262 0.298828 0.844238 0.301172 0.84668 0.303906 0.856934 0.305469 0.867188 0.30625 0.887207 0.307812 0.887695 0.310937 0.883301 0.311719 0.87793 0.311719 0.857422 0.310156 0.837402 0.30625 0.825684 0.299609 0.816406 0.293359 0.811035 0.285742 0.805029 0.272891 0.79585 0.268633 0.792822 0.267852 0.803467
2 0.275 0.8125 0.271484 0.808105 0.26875 0.80957 0.265234 0.814941 0.261719 0.817383 0.244141 0.839355 0.234375 0.848145 0.226953 0.851562 0.223828 0.855957 0.223828 0.861328 0.225 0.862305 0.228516 0.861816 0.255469 0.842285 0.271875 0.822266 0.275 0.814941
1 0.138672 0.474609 0.138672 0.477051 0.148438 0.483887 0.167969 0.505371 0.178516 0.522949 0.181641 0.526367 0.183594 0.532715 0.186328 0.535156 0.189453 0.539258 0.192812 0.544678 0.198789 0.553027 0.204531 0.55874 0.208359 0.564063 0.213203 0.569141 0.21543 0.573193 0.218398 0.579443 0.221914 0.584229 0.227227 0.591357 0.231094 0.600439 0.236836 0.601953 0.235078 0.589893 0.234219 0.580957 0.229805 0.571631 0.223555 0.560498 0.212773 0.540674 0.198945 0.520898 0.186641 0.506982 0.173437 0.495605 0.167187 0.491699 0.160156 0.483398 0.147656 0.474609
1 0.150781 0.501953 0.145313 0.504883 0.142969 0.508301 0.142578 0.51123 0.147656 0.52002 0.151172 0.523926 0.153516 0.529785 0.159766 0.537598 0.160938 0.540527 0.169922 0.551758 0.174219 0.555664 0.177734 0.561035 0.18125 0.563477 0.185547 0.569824 0.189453 0.572266 0.194531 0.578613 0.2 0.58252 0.220312 0.604004 0.223828 0.605957 0.235156 0.617676 0.237109 0.617676 0.237891 0.611816 0.236719 0.606445 0.235273 0.604639 0.226172 0.589746 0.220391 0.582227 0.218555 0.579443 0.216094 0.57417 0.214141 0.570508 0.205234 0.562305 0.199687 0.554688 0.194219 0.548975 0.19043 0.543652 0.185547 0.539062 0.175 0.526367 0.160547 0.512207 0.154297 0.504395
1 0.205859 0.0791016 0.203906 0.0791016 0.203516 0.0795898 0.203516 0.0800781 0.203125 0.0805664 0.203125 0.0849609 0.202734 0.0854492 0.202734 0.0869141 0.202344 0.0874023 0.202344 0.0883789 0.201953 0.0888672 0.201953 0.0893555 0.201563 0.0898438 0.201563 0.090332 0.201172 0.0908203 0.201172 0.0913086 0.200391 0.0922852 0.200391 0.0927734 0.2 0.0932617 0.2 0.0942383 0.199609 0.0947266 0.199609 0.0957031 0.199219 0.0961914 0.199219 0.0976562 0.198828 0.0981445 0.198828 0.0996094 0.198437 0.100098 0.198437 0.101074 0.198047 0.101562 0.198047 0.102539 0.197656 0.103027 0.197656 0.104004 0.197266 0.104492 0.197266 0.105957 0.196875 0.106445 0.196875 0.10791 0.196484 0.108398 0.196484 0.110352 0.196094 0.11084 0.196094 0.112793 0.195703 0.113281 0.195703 0.115723 0.195312 0.116211 0.195312 0.118652 0.194922 0.119141 0.194922 0.120605 0.194531 0.121094 0.194531 0.122559 0.194141 0.123047 0.194141 0.124023 0.19375 0.124512 0.19375 0.127441 0.193359 0.12793 0.193359 0.131836 0.192969 0.132324 0.192969 0.135742 0.192578 0.13623 0.192578 0.141113 0.192188 0.141602 0.192188 0.151367 0.191797 0.151855 0.191797 0.155762 0.192188 0.15625 0.192188 0.183105 0.192578 0.183594 0.192578 0.189941 0.192969 0.19043 0.192969 0.196289 0.192578 0.196777 0.192578 0.198242 0.192969 0.19873 0.192969 0.209473 0.193359 0.209961 0.193359 0.228516 0.19375 0.229004 0.19375 0.231445 0.194141 0.231934 0.194141 0.232422 0.196094 0.234863 0.197656 0.234863 0.198437 0.233887 0.198437 0.233398 0.199219 0.232422 0.199219 0.231934 0.199609 0.231445 0.199609 0.230957 0.2 0.230469 0.2 0.22998 0.200391 0.229492 0.200391 0.229004 0.201172 0.228027 0.201172 0.227539 0.201563 0.227051 0.201563 0.226562 0.201953 0.226074 0.201953 0.225098 0.202344 0.224609 0.202344 0.224121 0.202734 0.223633 0.202734 0.222656 0.203125 0.222168 0.203125 0.221191 0.203516 0.220703 0.203516 0.219727 0.203906 0.219238 0.203906 0.21875 0.204297 0.218262 0.204297 0.217285 0.204687 0.216797 0.204687 0.216309 0.205078 0.21582 0.205078 0.214844 0.205469 0.214355 0.205469 0.213379 0.205859 0.212891 0.205859 0.209473 0.20625 0.208984 0.20625 0.206543 0.206641 0.206055 0.206641 0.204102 0.207031 0.203613 0.207031 0.202148 0.207422 0.20166 0.207422 0.200195 0.207813 0.199707 0.207813 0.19873 0.208203 0.198242 0.208203 0.196289 0.208594 0.195801 0.208594 0.192871 0.208984 0.192383 0.208984 0.190918 0.209375 0.19043 0.209375 0.188965 0.209766 0.188477 0.209766 0.18457 0.210156 0.184082 0.210156 0.181641 0.210547 0.181152 0.210547 0.178223 0.210938 0.177734 0.210938 0.177246 0.210547 0.176758 0.210547 0.139648 0.210156 0.13916 0.210156 0.109863 0.210547 0.109375 0.210547 0.108887 0.210156 0.108398 0.210156 0.104004 0.210547 0.103516 0.210547 0.0957031 0.210156 0.0952148 0.210156 0.0932617 0.209766 0.0927734 0.209766 0.0917969 0.209375 0.0913086 0.209375 0.090332 0.208984 0.0898438 0.208984 0.0888672 0.208594 0.0883789 0.208594 0.0874023 0.208203 0.0869141 0.208203 0.0859375 0.207813 0.0854492 0.207813 0.0839844 0.207422 0.0834961 0.207422 0.0810547 0.206641 0.0800781 0.206641 0.0795898 0.20625 0.0795898
1 0.373437 0 0.361328 0 0.361328 0.00146484 0.360547 0.00244141 0.360547 0.00292969 0.360156 0.00341797 0.359766 0.00341797 0.358594 0.00488281 0.358203 0.00488281 0.357031 0.00634766 0.357031 0.00683594 0.356641 0.00732422 0.356641 0.0078125 0.35625 0.00830078 0.35625 0.00878906 0.355859 0.00927734 0.355859 0.0102539 0.355078 0.0112305 0.355078 0.0117188 0.354687 0.012207 0.354687 0.0126953 0.353516 0.0141602 0.353516 0.0146484 0.352734 0.015625 0.352734 0.0161133 0.352344 0.0166016 0.352344 0.0170898 0.351953 0.0175781 0.351953 0.0185547 0.351562 0.019043 0.351562 0.0200195 0.351172 0.0205078 0.351172 0.0209961 0.35 0.0224609 0.35 0.0229492 0.348828 0.0244141 0.348828 0.0249023 0.348438 0.0253906 0.348438 0.0258789 0.348047 0.0263672 0.348047 0.0268555 0.347656 0.0273438 0.347656 0.0288086 0.347266 0.0292969 0.347266 0.0302734 0.346875 0.0307617 0.346875 0.03125 0.346484 0.0317383 0.346484 0.0322266 0.345703 0.0332031 0.345703 0.0336914 0.344922 0.034668 0.344922 0.0351562 0.344531 0.0356445 0.344531 0.0361328 0.344141 0.0366211 0.344141 0.0371094 0.34375 0.0375977 0.34375 0.0385742 0.343359 0.0390625 0.343359 0.0400391 0.342969 0.0405273 0.342969 0.0410156 0.342578 0.0415039 0.342578 0.0419922 0.342187 0.0424805 0.342187 0.0429688 0.341406 0.0439453 0.341406 0.0444336 0.341016 0.0449219 0.341016 0.0454102 0.340625 0.0458984 0.340625 0.046875 0.340234 0.0473633 0.340234 0.0483398 0.339844 0.0488281 0.339844 0.0498047 0.339453 0.050293 0.339453 0.0507812 0.339062 0.0512695 0.339062 0.0517578 0.338672 0.0522461 0.338672 0.0527344 0.337891 0.0537109 0.337891 0.0541992 0.3375 0.0546875 0.3375 0.0551758 0.337109 0.0556641 0.337109 0.0566406 0.336719 0.0571289 0.336719 0.059082 0.336328 0.0595703 0.336328 0.0605469 0.335938 0.0610352 0.335938 0.0615234 0.335547 0.0620117 0.335547 0.0629883 0.335156 0.0634766 0.335156 0.0639648 0.334766 0.0644531 0.334766 0.0649414 0.334375 0.0654297 0.334375 0.0664062 0.333984 0.0668945 0.333984 0.0678711 0.333594 0.0683594 0.333594 0.0693359 0.333203 0.0698242 0.333203 0.0712891 0.332813 0.0717773 0.332813 0.0727539 0.332422 0.0732422 0.332422 0.0742188 0.332031 0.074707 0.332031 0.0756836 0.331641 0.0761719 0.331641 0.0776367 0.33125 0.078125 0.33125 0.0791016 0.330859 0.0795898 0.330859 0.0800781 0.330469 0.0805664 0.330469 0.0810547 0.329688 0.0820312 0.329688 0.0825195 0.328906 0.0834961 0.328906 0.0839844 0.328125 0.0849609 0.328125 0.0854492 0.327734 0.0859375 0.327734 0.0864258 0.327344 0.0869141 0.327344 0.0874023 0.326172 0.0888672 0.326172 0.0893555 0.325781 0.0898438 0.325781 0.090332 0.325391 0.0908203 0.325391 0.0913086 0.325 0.0917969 0.325 0.0922852 0.324609 0.0927734 0.324609 0.0932617 0.324219 0.09375 0.324219 0.0942383 0.323828 0.0947266 0.323828 0.0952148 0.323437 0.0957031 0.323437 0.0966797 0.322656 0.0976562 0.322656 0.0981445 0.322266 0.0986328 0.322266 0.0991211 0.321484 0.100098 0.321484 0.100586 0.321094 0.101074 0.321094 0.101562 0.320312 0.102539 0.320312 0.103027 0.319922 0.103516 0.319922 0.104004 0.319531 0.104492 0.319531 0.105469 0.319141 0.105957 0.319141 0.107422 0.31875 0.10791 0.31875 0.110352 0.319141 0.110352 0.319531 0.11084 0.323437 0.11084 0.324219 0.109863 0.324609 0.109863 0.325 0.109375 0.325391 0.109375 0.332031 0.101074 0.332422 0.101074 0.333594 0.0996094 0.333594 0.0991211 0.334766 0.0976562 0.334766 0.097168 0.335938 0.0957031 0.335938 0.0952148 0.337109 0.09375 0.3375 0.09375 0.338281 0.0927734 0.338672 0.0927734 0.340234 0.0908203 0.340234 0.090332 0.341406 0.0888672 0.341406 0.0883789 0.343359 0.0859375 0.343359 0.0854492 0.347266 0.0805664 0.347266 0.0800781 0.347656 0.0795898 0.347656 0.0791016 0.348047 0.0786133 0.348047 0.078125 0.348438 0.0776367 0.348438 0.0771484 0.348828 0.0766602 0.348828 0.0761719 0.349219 0.0756836 0.349219 0.0751953 0.350391 0.0737305 0.350391 0.0732422 0.350781 0.0727539 0.350781 0.0722656 0.351172 0.0717773 0.351172 0.0712891 0.351562 0.0708008 0.351562 0.0703125 0.351953 0.0698242 0.351953 0.0693359 0.352344 0.0688477 0.352344 0.0683594 0.353125 0.0673828 0.353125 0.0668945 0.353516 0.0664062 0.353516 0.065918 0.353906 0.0654297 0.353906 0.0649414 0.354297 0.0644531 0.354297 0.0634766 0.354687 0.0629883 0.354687 0.0625 0.355078 0.0620117 0.355078 0.0610352 0.355469 0.0605469 0.355469 0.0595703 0.355859 0.059082 0.355859 0.0576172 0.35625 0.0571289 0.35625 0.0561523 0.357031 0.0551758 0.357031 0.0546875 0.358203 0.0532227 0.358203 0.0527344 0.358594 0.0522461 0.358594 0.0517578 0.358984 0.0512695 0.358984 0.050293 0.359375 0.0498047 0.359375 0.0493164 0.359766 0.0488281 0.359766 0.0478516 0.360156 0.0473633 0.360156 0.046875 0.360547 0.0463867 0.360547 0.0439453 0.360938 0.043457 0.360938 0.0415039 0.361328 0.0410156 0.361328 0.0400391 0.361719 0.0395508 0.361719 0.0385742 0.362109 0.0380859 0.362109 0.0361328 0.3625 0.0356445 0.3625 0.0341797 0.362891 0.0336914 0.362891 0.0327148 0.363281 0.0322266 0.363281 0.03125 0.363672 0.0307617 0.363672 0.0302734 0.364063 0.0297852 0.364063 0.0288086 0.364453 0.0283203 0.364453 0.027832 0.364844 0.0273438 0.364844 0.0268555 0.365234 0.0263672 0.365234 0.0258789 0.365625 0.0253906 0.365625 0.0249023 0.366016 0.0244141 0.366016 0.0239258 0.366406 0.0234375 0.366406 0.0224609 0.366797 0.0219727 0.366797 0.0205078 0.367188 0.0200195 0.367188 0.019043 0.367578 0.0185547 0.367578 0.0180664 0.367969 0.0175781 0.367969 0.0170898 0.368359 0.0166016 0.368359 0.0161133 0.36875 0.015625 0.36875 0.0151367 0.369141 0.0146484 0.369141 0.0141602 0.369531 0.0136719 0.369531 0.0131836 0.369922 0.0126953 0.369922 0.012207 0.370312 0.0117188 0.370312 0.0112305 0.370703 0.0107422 0.370703 0.0102539 0.371094 0.00976562 0.371094 0.00927734 0.371875 0.00830078 0.371875 0.00732422 0.372266 0.00683594 0.372266 0.00634766 0.372656 0.00585938 0.372656 0.00488281 0.373047 0.00439453 0.373047 0.00341797 0.373437 0.00292969
2 0.119531 0.501953 0.116016 0.503418 0.1125 0.509277 0.0988281 0.525391 0.0976562 0.537598 0.0957031 0.54541 0.0953125 0.554688 0.0933594 0.561035 0.0929688 0.573242 0.0914062 0.578125 0.0898438 0.590332 0.0902344 0.611816 0.0910156 0.614258 0.09375 0.616211 0.096875 0.616211 0.0988281 0.613281 0.0992187 0.605957 0.0984375 0.59668 0.101172 0.574707 0.105078 0.560547 0.10625 0.55127 0.112109 0.530273 0.120703 0.510742 0.121094 0.504883
1 0.4125 0.0219727 0.408594 0.0219727 0.408203 0.0224609 0.407422 0.0224609 0.406641 0.0234375 0.40625 0.0234375 0.405859 0.0239258 0.405469 0.0239258 0.405078 0.0244141 0.404687 0.0244141 0.403906 0.0253906 0.403516 0.0253906 0.4 0.0297852 0.399609 0.0297852 0.399609 0.0302734 0.397656 0.0327148 0.397656 0.0332031 0.395703 0.0356445 0.395703 0.0361328 0.395313 0.0366211 0.395313 0.0371094 0.394922 0.0375977 0.394922 0.0380859 0.394531 0.0385742 0.394531 0.0390625 0.394141 0.0395508 0.394141 0.0400391 0.39375 0.0405273 0.39375 0.0410156 0.393359 0.0415039 0.393359 0.0419922 0.391406 0.0444336 0.391406 0.0449219 0.390625 0.0458984 0.390625 0.0463867 0.390234 0.046875 0.390234 0.0478516 0.389844 0.0483398 0.389844 0.0488281 0.389062 0.0498047 0.389062 0.0507812 0.388672 0.0512695 0.388672 0.0522461 0.388281 0.0527344 0.388281 0.0537109 0.387891 0.0541992 0.387891 0.0556641 0.3875 0.0561523 0.3875 0.0571289 0.387109 0.0576172 0.387109 0.0585938 0.386719 0.059082 0.386719 0.0600586 0.386328 0.0605469 0.386328 0.0615234 0.385937 0.0620117 0.385937 0.0625 0.385547 0.0629883 0.385547 0.0634766 0.385156 0.0639648 0.385156 0.0644531 0.384766 0.0649414 0.384766 0.0654297 0.384375 0.065918 0.384375 0.0673828 0.383984 0.0678711 0.383984 0.0693359 0.383594 0.0698242 0.383594 0.0708008 0.383203 0.0712891 0.383203 0.0727539 0.382812 0.0732422 0.382812 0.074707 0.382422 0.0751953 0.382422 0.0766602 0.382031 0.0771484 0.382031 0.0786133 0.381641 0.0791016 0.381641 0.0810547 0.38125 0.081543 0.38125 0.0888672 0.380859 0.0893555 0.380859 0.0908203 0.38125 0.0913086 0.38125 0.101074 0.381641 0.101562 0.381641 0.10498 0.382031 0.105469 0.382031 0.109375 0.382422 0.109863 0.382422 0.111328 0.382812 0.111816 0.382812 0.112793 0.383203 0.113281 0.383203 0.114258 0.383594 0.114746 0.383594 0.115723 0.383984 0.116211 0.383984 0.117188 0.384375 0.117676 0.384375 0.118652 0.384766 0.119141 0.384766 0.119629 0.386328 0.121582 0.386719 0.121582 0.387891 0.123047 0.388672 0.123047 0.389062 0.123535 0.389453 0.123535 0.389844 0.123047 0.390625 0.123047 0.391016 0.122559 0.391406 0.122559 0.392188 0.121582 0.392188 0.120117 0.392578 0.119629 0.392578 0.117676 0.392188 0.117188 0.392188 0.112305 0.392578 0.111816 0.392578 0.10791 0.392969 0.107422 0.392969 0.105469 0.393359 0.10498 0.393359 0.103516 0.39375 0.103027 0.39375 0.102051 0.394141 0.101562 0.394141 0.101074 0.394531 0.100586 0.394531 0.0996094 0.394922 0.0991211 0.394922 0.0981445 0.395313 0.0976562 0.395313 0.0966797 0.395703 0.0961914 0.395703 0.0957031 0.396094 0.0952148 0.396094 0.0942383 0.396875 0.0932617 0.396875 0.0927734 0.397266 0.0922852 0.397266 0.0917969 0.397656 0.0913086 0.397656 0.0908203 0.398047 0.090332 0.398047 0.0893555 0.398438 0.0888672 0.398438 0.0883789 0.398828 0.0878906 0.398828 0.0874023 0.399219 0.0869141 0.399219 0.0864258 0.399609 0.0859375 0.399609 0.0854492 0.4 0.0849609 0.4 0.0844727 0.400391 0.0839844 0.400391 0.0834961 0.400781 0.0830078 0.400781 0.0825195 0.401172 0.0820312 0.401172 0.0810547 0.401562 0.0805664 0.401562 0.0791016 0.401953 0.0786133 0.401953 0.0771484 0.402344 0.0766602 0.402344 0.0751953 0.402734 0.074707 0.402734 0.0742188 0.403125 0.0737305 0.403125 0.0727539 0.403516 0.0722656 0.403516 0.0717773 0.403906 0.0712891 0.403906 0.0703125 0.404297 0.0698242 0.404297 0.0688477 0.404687 0.0683594 0.404687 0.0673828 0.405078 0.0668945 0.405078 0.0654297 0.405469 0.0649414 0.405469 0.0634766 0.405859 0.0629883 0.405859 0.0615234 0.40625 0.0610352 0.40625 0.0600586 0.406641 0.0595703 0.406641 0.0581055 0.407031 0.0576172 0.407031 0.0566406 0.407422 0.0561523 0.407422 0.0551758 0.407813 0.0546875 0.407813 0.0537109 0.408203 0.0532227 0.408203 0.0522461 0.408594 0.0517578 0.408594 0.0507812 0.408984 0.050293 0.408984 0.0488281 0.409375 0.0483398 0.409375 0.0473633 0.409766 0.046875 0.409766 0.0458984 0.410156 0.0454102 0.410156 0.0444336 0.410547 0.0439453 0.410547 0.043457 0.411328 0.0424805 0.411328 0.0419922 0.412109 0.0410156 0.412109 0.0405273 0.4125 0.0400391 0.4125 0.0395508 0.412891 0.0390625 0.412891 0.0385742 0.413281 0.0380859 0.413281 0.0375977 0.413672 0.0371094 0.413672 0.0366211 0.414062 0.0361328 0.414062 0.0356445 0.415625 0.0336914 0.415625 0.0332031 0.416406 0.0322266 0.416406 0.0317383 0.416797 0.03125 0.416797 0.0297852 0.417187 0.0292969 0.417187 0.0258789 0.416016 0.0244141 0.415625 0.0244141 0.415234 0.0239258 0.414844 0.0239258 0.414453 0.0234375 0.414062 0.0234375 0.413672 0.0229492 0.413281 0.0229492
1 0.423438 0.32373 0.420312 0.32373 0.419922 0.324219 0.419531 0.324219 0.419531 0.324707 0.419141 0.325195 0.419141 0.325684 0.41875 0.326172 0.41875 0.32666 0.417969 0.327637 0.417969 0.328125 0.417578 0.328613 0.417578 0.329102 0.417187 0.32959 0.417187 0.330566 0.416797 0.331055 0.416797 0.331543 0.416406 0.332031 0.416406 0.33252 0.416016 0.333008 0.416016 0.333496 0.415625 0.333984 0.415625 0.334473 0.415234 0.334961 0.415234 0.335449 0.414453 0.336426 0.414453 0.336914 0.414062 0.337402 0.414062 0.337891 0.413281 0.338867 0.413281 0.339355 0.412891 0.339844 0.412891 0.340332 0.412109 0.341309 0.412109 0.341797 0.411328 0.342773 0.411328 0.34375 0.410938 0.344238 0.410938 0.344727 0.410547 0.345215 0.410547 0.345703 0.410156 0.346191 0.410156 0.34668 0.409375 0.347656 0.409375 0.348145 0.408984 0.348633 0.408984 0.349121 0.408594 0.349609 0.408594 0.350098 0.408203 0.350586 0.408203 0.351074 0.407813 0.351562 0.407813 0.352051 0.407422 0.352539 0.407422 0.353027 0.407031 0.353516 0.407031 0.354004 0.403516 0.358398 0.403516 0.358887 0.403125 0.359375 0.403125 0.359863 0.402344 0.36084 0.402344 0.361328 0.401953 0.361816 0.401953 0.362305 0.401172 0.363281 0.401172 0.36377 0.400391 0.364746 0.400391 0.365234 0.399219 0.366699 0.399219 0.367188 0.398828 0.367676 0.398828 0.368164 0.398438 0.368652 0.398438 0.369141 0.398047 0.369629 0.398047 0.370117 0.397656 0.370605 0.397656 0.371094 0.396484 0.372559 0.396484 0.373047 0.395703 0.374023 0.395703 0.374512 0.394531 0.375977 0.394531 0.376465 0.392188 0.379395 0.392188 0.379883 0.391797 0.380371 0.391797 0.380859 0.390234 0.382812 0.390234 0.383301 0.388672 0.385254 0.388672 0.385742 0.387891 0.386719 0.387891 0.387207 0.3875 0.387695 0.3875 0.388184 0.387109 0.388672 0.387109 0.38916 0.386719 0.389648 0.386719 0.390137 0.386328 0.390625 0.386328 0.391113 0.385937 0.391602 0.385937 0.39209 0.384375 0.394043 0.384375 0.394531 0.383203 0.395996 0.383203 0.396484 0.382812 0.396973 0.382812 0.397461 0.382422 0.397949 0.382422 0.398926 0.382031 0.399414 0.382031 0.399902 0.381641 0.400391 0.381641 0.400879 0.38125 0.401367 0.38125 0.401855 0.380859 0.402344 0.380859 0.402832 0.380469 0.40332 0.380469 0.403809 0.380078 0.404297 0.380078 0.404785 0.379688 0.405273 0.379688 0.405762 0.378906 0.406738 0.378906 0.407227 0.378516 0.407715 0.378516 0.408203 0.378125 0.408691 0.378125 0.40918 0.377734 0.409668 0.377734 0.410156 0.377344 0.410645 0.377344 0.411133 0.376953 0.411621 0.376953 0.412109 0.375781 0.413574 0.375781 0.414062 0.374219 0.416016 0.374219 0.416504 0.373047 0.417969 0.373047 0.418457 0.372266 0.419434 0.372266 0.419922 0.371875 0.42041 0.371875 0.420898 0.371094 0.421875 0.371094 0.422363 0.370703 0.422852 0.370703 0.42334 0.369531 0.424805 0.369531 0.425293 0.368359 0.426758 0.368359 0.427246 0.367969 0.427734 0.367969 0.428223 0.367578 0.428711 0.367578 0.429199 0.367188 0.429688 0.367188 0.430176 0.366406 0.431152 0.366406 0.431641 0.365625 0.432617 0.365625 0.433105 0.364844 0.434082 0.364844 0.43457 0.364063 0.435547 0.364063 0.436035 0.363672 0.436523 0.363672 0.437012 0.363281 0.4375 0.363281 0.438477 0.362891 0.438965 0.362891 0.439453 0.362109 0.44043 0.362109 0.440918 0.360938 0.442383 0.360938 0.442871 0.359375 0.444824 0.359375 0.445312 0.358594 0.446289 0.358594 0.446777 0.358203 0.447266 0.358203 0.448242 0.358594 0.44873 0.358594 0.45166 0.358984 0.45166 0.359766 0.452637 0.360547 0.452637 0.360938 0.453125 0.361719 0.453125 0.362109 0.453613 0.3625 0.453613 0.362891 0.454102 0.363672 0.454102 0.364063 0.45459 0.364453 0.45459 0.364844 0.455078 0.366016 0.455078 0.366406 0.45459 0.366797 0.45459 0.367188 0.454102 0.367969 0.454102 0.368359 0.453613 0.36875 0.453613 0.369922 0.452148 0.369922 0.45166 0.370312 0.451172 0.370312 0.450684 0.370703 0.450195 0.370703 0.449707 0.377344 0.441406 0.377344 0.440918 0.378125 0.439941 0.378125 0.439453 0.378906 0.438477 0.378906 0.437988 0.379688 0.437012 0.379688 0.436523 0.380859 0.435059 0.38125 0.435059 0.382812 0.433105 0.383203 0.433105 0.383203 0.432617 0.384375 0.431152 0.384375 0.430664 0.385547 0.429199 0.385547 0.428711 0.386328 0.427734 0.386328 0.427246 0.390625 0.421875 0.390625 0.421387 0.392188 0.419434 0.392188 0.418945 0.393359 0.41748 0.393359 0.416992 0.394141 0.416016 0.394141 0.415527 0.396484 0.412598 0.396484 0.412109 0.397266 0.411133 0.397266 0.410645 0.397656 0.410156 0.397656 0.409668 0.401953 0.404297 0.401953 0.403809 0.402734 0.402832 0.402734 0.402344 0.403516 0.401367 0.403516 0.400879 0.403906 0.400391 0.403906 0.399902 0.404687 0.398926 0.404687 0.398438 0.405469 0.397461 0.405469 0.396973 0.40625 0.395996 0.40625 0.395508 0.407813 0.393555 0.407813 0.393066 0.408594 0.39209 0.408594 0.391602 0.408984 0.391113 0.408984 0.390625 0.409375 0.390137 0.409375 0.389648 0.409766 0.38916 0.409766 0.388672 0.410156 0.388184 0.410156 0.387695 0.410547 0.387207 0.410547 0.386719 0.410938 0.38623 0.410938 0.385742 0.411719 0.384766 0.411719 0.384277 0.412109 0.383789 0.412109 0.383301 0.4125 0.382812 0.4125 0.381836 0.412891 0.381348 0.412891 0.380859 0.413281 0.380371 0.413281 0.379395 0.413672 0.378906 0.413672 0.37793 0.414062 0.377441 0.414062 0.376953 0.414453 0.376465 0.414453 0.375977 0.414844 0.375488 0.414844 0.375 0.415234 0.374512 0.415234 0.373047 0.415625 0.372559 0.415625 0.369629 0.416016 0.369141 0.416016 0.368164 0.416406 0.367676 0.416406 0.366699 0.416797 0.366211 0.416797 0.364746 0.417187 0.364258 0.417187 0.362305 0.417578 0.361816 0.417578 0.359375 0.417969 0.358887 0.417969 0.355957 0.418359 0.355469 0.418359 0.354004 0.41875 0.353516 0.41875 0.352051 0.419141 0.351562 0.419141 0.350586 0.419531 0.350098 0.419531 0.349121 0.419922 0.348633 0.419922 0.347168 0.420312 0.34668 0.420312 0.345215 0.420703 0.344727 0.420703 0.342773 0.421094 0.342285 0.421094 0.340332 0.421484 0.339844 0.421484 0.338379 0.421875 0.337891 0.421875 0.336426 0.422266 0.335938 0.422266 0.334473 0.422656 0.333984 0.422656 0.333008 0.423047 0.33252 0.423047 0.332031 0.423438 0.331543 0.423438 0.330566 0.423828 0.330078 0.423828 0.324219
1 0.0875 0.406738 0.0878906 0.40918 0.0898438 0.411621 0.0914062 0.415039 0.0964844 0.421387 0.0964844 0.421875 0.0992187 0.425293 0.101172 0.426758 0.105469 0.431641 0.110547 0.435547 0.113281 0.438965 0.117969 0.442871 0.119922 0.443848 0.123047 0.446777 0.126953 0.44873 0.130078 0.452148 0.135937 0.455566 0.136719 0.456543 0.141797 0.459473 0.145703 0.462891 0.150781 0.46582 0.157422 0.472168 0.173437 0.492676 0.177734 0.492188 0.179297 0.490723 0.179688 0.489746 0.179688 0.483887 0.179297 0.483398 0.178906 0.480469 0.177344 0.476562 0.171875 0.466309 0.160938 0.452148 0.160547 0.452148 0.155469 0.445801 0.153516 0.444336 0.151172 0.440918 0.148828 0.439453 0.146484 0.437012 0.141406 0.433105 0.137891 0.429688 0.134766 0.425781 0.132812 0.424316 0.130469 0.42334 0.129297 0.42334 0.125 0.421387 0.122266 0.420898 0.118359 0.418457 0.117188 0.418457 0.116797 0.417969 0.115625 0.417969 0.115234 0.41748 0.114062 0.41748 0.113672 0.416992 0.1125 0.416992 0.110937 0.416016 0.109766 0.416016 0.109375 0.415527 0.108203 0.415527 0.105859 0.414551 0.0914062 0.405273 0.0882813 0.405762
1 0.0867187 0.287109 0.0855469 0.289551 0.0855469 0.291016 0.0863281 0.29248 0.0867187 0.294922 0.0886719 0.298828 0.0890625 0.30127 0.0910156 0.305664 0.0910156 0.306641 0.09375 0.313477 0.09375 0.314453 0.0945312 0.31543 0.0960938 0.319336 0.1 0.337402 0.100781 0.338867 0.102344 0.345703 0.103906 0.349121 0.104297 0.352051 0.10625 0.358398 0.106641 0.361816 0.109375 0.369629 0.110156 0.374512 0.110937 0.375977 0.110937 0.376953 0.111719 0.378418 0.111719 0.379395 0.112891 0.381836 0.112891 0.382812 0.114453 0.387207 0.114453 0.388672 0.114844 0.38916 0.114453 0.390137 0.114844 0.395508 0.116406 0.399414 0.121875 0.406738 0.123047 0.410156 0.124609 0.413086 0.125 0.416504 0.125781 0.418945 0.128516 0.422363 0.13125 0.423828 0.132031 0.42334 0.134375 0.42334 0.134375 0.415039 0.133984 0.414551 0.133984 0.413086 0.131641 0.407227 0.13125 0.402832 0.129688 0.396973 0.129688 0.39502 0.129297 0.394531 0.129297 0.387207 0.128906 0.386719 0.128516 0.383789 0.121875 0.368164 0.121875 0.367188 0.120703 0.364746 0.119141 0.358398 0.116406 0.352539 0.114844 0.34668 0.112109 0.339844 0.111719 0.337402 0.108984 0.331543 0.108984 0.330566 0.107031 0.326172 0.107031 0.325195 0.10625 0.324219 0.103516 0.316406 0.0984375 0.307129 0.0933594 0.294922 0.0925781 0.290039 0.0910156 0.288086 0.0902344 0.288086 0.0890625 0.287109
2 0.172266 0.246094 0.171484 0.246094 0.171094 0.245605 0.169922 0.245605 0.169531 0.246094 0.169141 0.246094 0.169141 0.246582 0.166797 0.249512 0.166406 0.249512 0.164062 0.252441 0.164062 0.25293 0.163281 0.253906 0.163281 0.254395 0.161719 0.256348 0.161719 0.256836 0.160938 0.257812 0.160938 0.258301 0.160156 0.259277 0.160156 0.259766 0.159766 0.260254 0.159766 0.260742 0.158984 0.261719 0.158984 0.262207 0.158594 0.262695 0.158594 0.263184 0.158203 0.263672 0.158203 0.26416 0.157031 0.265625 0.157031 0.266113 0.15625 0.26709 0.15625 0.267578 0.155078 0.269043 0.155078 0.269531 0.154297 0.270508 0.154297 0.270996 0.153906 0.271484 0.153906 0.271973 0.153516 0.272461 0.153516 0.272949 0.152734 0.273926 0.152734 0.274414 0.152344 0.274902 0.152344 0.275391 0.151562 0.276367 0.151562 0.276855 0.15 0.278809 0.15 0.279297 0.149219 0.280273 0.149219 0.280762 0.148828 0.28125 0.148828 0.281738 0.148438 0.282227 0.148438 0.282715 0.147656 0.283691 0.147656 0.28418 0.146875 0.285156 0.146875 0.285645 0.146094 0.286621 0.146094 0.287109 0.145703 0.287598 0.145703 0.288574 0.145313 0.289062 0.145313 0.289551 0.144922 0.290039 0.144922 0.291504 0.144531 0.291992 0.144531 0.293945 0.144141 0.294434 0.144141 0.29541 0.14375 0.295898 0.14375 0.296875 0.143359 0.297363 0.143359 0.297852 0.142969 0.29834 0.142969 0.298828 0.142578 0.299316 0.142578 0.299805 0.142187 0.300293 0.142187 0.30127 0.141797 0.301758 0.141797 0.302734 0.141406 0.303223 0.141406 0.303711 0.141016 0.304199 0.141016 0.304688 0.140625 0.305176 0.140625 0.306641 0.140234 0.307129 0.140234 0.308594 0.139844 0.309082 0.139844 0.310547 0.139453 0.311035 0.139453 0.3125 0.139063 0.312988 0.139063 0.31543 0.138672 0.315918 0.138672 0.32666 0.138281 0.327148 0.138281 0.333008 0.137891 0.333496 0.137891 0.338867 0.138281 0.339355 0.138281 0.34082 0.139063 0.341797 0.139063 0.342285 0.139453 0.342285 0.139844 0.342773 0.140234 0.342773 0.140625 0.343262 0.143359 0.343262 0.144531 0.341797 0.144531 0.341309 0.144922 0.34082 0.144922 0.340332 0.145313 0.339844 0.145313 0.338379 0.145703 0.337891 0.145703 0.335938 0.146094 0.335449 0.146094 0.33252 0.145703 0.332031 0.145703 0.329102 0.146094 0.328613 0.146094 0.327148 0.146484 0.32666 0.146484 0.325195 0.146875 0.324707 0.146875 0.323242 0.147266 0.322754 0.147266 0.321289 0.147656 0.320801 0.147656 0.319824 0.148047 0.319336 0.148047 0.318359 0.148438 0.317871 0.148438 0.317383 0.148828 0.316895 0.148828 0.316406 0.149219 0.315918 0.149219 0.31543 0.149609 0.314941 0.149609 0.313477 0.15 0.312988 0.15 0.311523 0.150391 0.311035 0.150391 0.310059 0.150781 0.30957 0.150781 0.309082 0.151172 0.308594 0.151172 0.308105 0.151562 0.307617 0.151562 0.307129 0.151953 0.306641 0.151953 0.306152 0.152344 0.305664 0.152344 0.304688 0.152734 0.304199 0.152734 0.303711 0.153125 0.303223 0.153125 0.302734 0.153906 0.301758 0.153906 0.30127 0.154688 0.300293 0.154688 0.299805 0.155469 0.298828 0.155469 0.29834 0.156641 0.296875 0.156641 0.296387 0.157422 0.29541 0.157422 0.294922 0.158984 0.292969 0.158984 0.29248 0.159766 0.291504 0.159766 0.291016 0.160156 0.290527 0.160156 0.290039 0.160547 0.289551 0.160547 0.289062 0.161328 0.288086 0.161328 0.287598 0.162109 0.286621 0.162109 0.286133 0.1625 0.285645 0.1625 0.284668 0.162891 0.28418 0.162891 0.283691 0.163281 0.283203 0.163281 0.282227 0.163672 0.281738 0.163672 0.28125 0.164062 0.280762 0.164062 0.280273 0.164453 0.279785 0.164453 0.279297 0.165234 0.27832 0.165234 0.277832 0.166016 0.276855 0.166016 0.276367 0.166797 0.275391 0.166797 0.274414 0.167187 0.273926 0.167187 0.273438 0.167578 0.272949 0.167578 0.272461 0.167969 0.271973 0.167969 0.271484 0.168359 0.270996 0.168359 0.270508 0.16875 0.27002 0.16875 0.269531 0.169141 0.269043 0.169141 0.268555 0.169922 0.267578 0.169922 0.26709 0.170313 0.266602 0.170313 0.265625 0.170703 0.265137 0.170703 0.26416 0.171094 0.263672 0.171094 0.262207 0.171484 0.261719 0.171484 0.259766 0.171875 0.259277 0.171875 0.256836 0.172266 0.256348 0.172266 0.253418 0.172656 0.25293 0.172656 0.248535 0.173047 0.248047 0.173047 0.24707
2 0.200391 0.349609 0.200391 0.352539 0.2 0.353027 0.2 0.355957 0.200391 0.356445 0.200391 0.36377 0.2 0.364258 0.201055 0.368604 0.201406 0.371143 0.203477 0.374902 0.20582 0.379102 0.207148 0.385156 0.209375 0.39209 0.215234 0.403809 0.220703 0.411133 0.223828 0.41748 0.227344 0.42334 0.230078 0.426758 0.23125 0.429688 0.234766 0.434082 0.237109 0.438477 0.239063 0.440918 0.239844 0.442871 0.243359 0.447266 0.245312 0.45166 0.247266 0.45459 0.248438 0.455566 0.251172 0.455566 0.252734 0.45459 0.254297 0.452637 0.254297 0.450195 0.252734 0.445312 0.251953 0.443848 0.246875 0.437988 0.244922 0.433105 0.241016 0.42627 0.239844 0.422852 0.234766 0.415039 0.232813 0.410645 0.224219 0.396484 0.220312 0.388672 0.217969 0.385742 0.217969 0.385254 0.213672 0.380371 0.207422 0.370605 0.203516 0.358398 0.203125 0.354004 0.201953 0.349609
1 0.223438 0.462891 0.223047 0.463379 0.222656 0.463379 0.221094 0.465332 0.221094 0.467773 0.221484 0.468262 0.221484 0.469238 0.221875 0.469727 0.221875 0.47168 0.222266 0.472168 0.222266 0.475586 0.222656 0.476074 0.222656 0.479004 0.223047 0.479492 0.223047 0.482422 0.223438 0.48291 0.223438 0.487305 0.223828 0.487793 0.223828 0.507324 0.223438 0.507812 0.223438 0.512207 0.223828 0.512695 0.223828 0.518555 0.224219 0.519043 0.224219 0.523926 0.224609 0.524414 0.224609 0.532227 0.225 0.532715 0.225 0.536621 0.225391 0.537109 0.225391 0.539062 0.225781 0.539551 0.225781 0.54248 0.226172 0.542969 0.226172 0.552246 0.226562 0.552734 0.226562 0.5625 0.226172 0.562988 0.226172 0.578125 0.225781 0.578613 0.225781 0.598145 0.225391 0.598633 0.225391 0.599609 0.225 0.600098 0.225 0.601074 0.224609 0.601562 0.224609 0.602051 0.224219 0.602539 0.224219 0.604004 0.224609 0.604492 0.224609 0.605469 0.225 0.605957 0.225 0.607422 0.226172 0.608887 0.226562 0.608887 0.227344 0.609863 0.227734 0.609863 0.228516 0.61084 0.228906 0.61084 0.230469 0.612793 0.230469 0.613281 0.231641 0.614746 0.232109 0.61416 0.2325 0.613574 0.233086 0.613037 0.233594 0.612012 0.233945 0.610791 0.234531 0.609473 0.234727 0.607861 0.236719 0.60498 0.237109 0.602051 0.2375 0.601562 0.2375 0.600098 0.237891 0.599609 0.237891 0.598145 0.238281 0.597656 0.238281 0.596191 0.238672 0.595703 0.238672 0.594727 0.239063 0.594238 0.239063 0.592285 0.239453 0.591797 0.239453 0.589844 0.239844 0.589355 0.239844 0.585938 0.240234 0.585449 0.240234 0.581543 0.240625 0.581055 0.240625 0.577637 0.241016 0.577148 0.241016 0.57373 0.241406 0.573242 0.241406 0.571289 0.241797 0.570801 0.241797 0.568359 0.242188 0.567871 0.242188 0.564941 0.242578 0.564453 0.242578 0.562988 0.242969 0.5625 0.242969 0.561523 0.243359 0.561035 0.243359 0.55957 0.24375 0.559082 0.24375 0.553223 0.244141 0.552734 0.244141 0.547363 0.24375 0.546875 0.24375 0.543945 0.244141 0.543457 0.244141 0.53125 0.24375 0.530762 0.24375 0.525879 0.243359 0.525391 0.243359 0.520996 0.242969 0.520508 0.242969 0.518555 0.242578 0.518066 0.242578 0.516113 0.242188 0.515625 0.242188 0.51416 0.241797 0.513672 0.241797 0.511719 0.241406 0.51123 0.241406 0.509277 0.241016 0.508789 0.241016 0.506836 0.240625 0.506348 0.240625 0.504395 0.240234 0.503906 0.240234 0.502441 0.239844 0.501953 0.239844 0.500488 0.239453 0.5 0.239453 0.499023 0.239063 0.498535 0.239063 0.497559 0.238672 0.49707 0.238672 0.496094 0.238281 0.495605 0.238281 0.495117 0.237891 0.494629 0.237891 0.493652 0.2375 0.493164 0.2375 0.492676 0.237109 0.492188 0.237109 0.491699 0.236719 0.491211 0.236719 0.490234 0.236328 0.489746 0.236328 0.487305 0.235937 0.487061 0.235937 0.485352 0.235156 0.484375 0.235156 0.483887 0.234766 0.483398 0.234766 0.48291 0.234375 0.482422 0.234375 0.481934 0.233984 0.481445 0.233984 0.480957 0.233594 0.480469 0.233594 0.47998 0.233203 0.479492 0.233203 0.479004 0.232422 0.478027 0.232422 0.477539 0.231641 0.476562 0.231641 0.476074 0.23125 0.475586 0.23125 0.475098 0.230859 0.474609 0.230859 0.474121 0.230078 0.473145 0.230078 0.472656 0.229687 0.472168 0.229687 0.47168 0.229297 0.471191 0.229297 0.470703 0.228516 0.469727 0.228516 0.469238 0.227734 0.468262 0.227734 0.467773 0.227344 0.467285 0.227344 0.466797 0.225781 0.464844 0.225781 0.464355 0.224609 0.462891
2 0.505078 0.336426 0.503906 0.338379 0.505078 0.348633 0.510938 0.364746 0.512891 0.374023 0.515234 0.379883 0.529297 0.405762 0.544531 0.426758 0.547266 0.432617 0.549961 0.437012 0.551992 0.441895 0.554375 0.44751 0.557422 0.453076 0.560508 0.458936 0.563828 0.466895 0.564297 0.472363 0.567773 0.47832 0.571055 0.476416 0.56957 0.45791 0.569023 0.452783 0.567578 0.444336 0.549219 0.407715 0.539453 0.393066 0.532031 0.379395 0.521484 0.364746 0.514844 0.353516 0.510547 0.34375 0.507031 0.337891
2 0.16373 0.352119 0.175051 0.351816 0.185535 0.351816 0.194797 0.352295 0.207301 0.35186 0.219492 0.349248 0.229941 0.348809 0.234121 0.355776 0.225066 0.35752 0.21218 0.357954 0.197898 0.357954 0.177348 0.359258 0.16725 0.362305 0.159238 0.364048
2 0.465965 0.482256 0.469043 0.483828 0.473941 0.484531 0.480238 0.485229 0.486398 0.485229 0.492137 0.48418 0.498016 0.484355 0.505293 0.48418 0.512574 0.482603 0.51873 0.479282 0.52909 0.477529 0.538328 0.474556 0.544344 0.474204 0.553023 0.473682 0.558762 0.471406 0.563242 0.469307 0.567441 0.467734 0.571641 0.467031 0.57248 0.471055 0.571359 0.473857 0.568141 0.477007 0.5645 0.47998 0.561 0.482778 0.556102 0.485054 0.549246 0.485928 0.545047 0.487153 0.536508 0.488901 0.530488 0.489951 0.51873 0.491177 0.511031 0.492754 0.500254 0.49415 0.492137 0.493101 0.48402 0.494326 0.475762 0.492754 0.468203 0.488027 0.465543 0.485229
2 0.552602 0.445513 0.557223 0.448486 0.561703 0.451812 0.566602 0.456362 0.571359 0.46231 0.57668 0.466157 0.583676 0.474033 0.589555 0.478232 0.597113 0.482432 0.600613 0.485752 0.60943 0.489951 0.61391 0.492754 0.621746 0.498174 0.627348 0.499399 0.635883 0.503252 0.641344 0.507451 0.644004 0.506226 0.640223 0.502026 0.634484 0.496777 0.628465 0.492754 0.62077 0.485405 0.61643 0.48103 0.609152 0.474556 0.602152 0.467559 0.593613 0.461782 0.587594 0.455835 0.577797 0.44936 0.570098 0.445688 0.564223 0.440791 0.559184 0.43624 0.553723 0.438164 0.551902 0.442012
2 0.671156 0.540518 0.671438 0.544189 0.673816 0.546816 0.675496 0.546641 0.677035 0.545239 0.678574 0.541743 0.683613 0.530542 0.685715 0.52582 0.696629 0.506572 0.701391 0.496426 0.705168 0.488726 0.709926 0.479629 0.713707 0.471406 0.719027 0.458462 0.722945 0.450586 0.726164 0.441138 0.728824 0.431343 0.731344 0.425742 0.733301 0.419971 0.732883 0.418569 0.731344 0.418042 0.729941 0.418042 0.727703 0.420669 0.724344 0.426094 0.721266 0.431689 0.717484 0.438164 0.712027 0.444287 0.708668 0.450937 0.70559 0.456187 0.701109 0.46126 0.697891 0.467383 0.69523 0.472456 0.693551 0.476831 0.681516 0.506748 0.679273 0.514272 0.677316 0.521797
2 0.644754 0.38877 0.643578 0.38604 0.644922 0.383521 0.646938 0.382471 0.650297 0.382261 0.653824 0.38394 0.65668 0.38604 0.65752 0.391709 0.657184 0.396328 0.653656 0.402417 0.650801 0.411445 0.649793 0.420054 0.648113 0.426353 0.643578 0.433911 0.640387 0.44252 0.641395 0.448604 0.642738 0.451753 0.64509 0.454272 0.649625 0.455952 0.652984 0.460571 0.648281 0.463511 0.64173 0.460991 0.638371 0.454272 0.63518 0.447559 0.63434 0.44063 0.63434 0.432441 0.636188 0.424043 0.639043 0.416484 0.642066 0.409136 0.644754 0.401577 0.647777 0.394858 0.650465 0.392549 0.651809 0.389189 0.650129 0.38856 0.648281 0.38877 0.646602 0.389189
2 0.331641 0.62793 0.324258 0.629248 0.314453 0.631348 0.307031 0.631836 0.296484 0.635254 0.288906 0.637793 0.282148 0.638086 0.277656 0.639648 0.273789 0.643066 0.271484 0.646631 0.271289 0.65127 0.279219 0.651025 0.288711 0.648926 0.298164 0.647461 0.312188 0.644287 0.322773 0.643311 0.36082 0.635254 0.371992 0.63335 0.39082 0.630225 0.393711 0.626123 0.381172 0.626709 0.370742 0.624463 0.357773 0.625049
2 0.592016 0.52041 0.595543 0.51894 0.602934 0.51873 0.607805 0.515581 0.61234 0.508232 0.615531 0.500464 0.615867 0.496895 0.618555 0.483247 0.628969 0.463301 0.632328 0.458472 0.635852 0.455112 0.638371 0.454062 0.643074 0.451963 0.649961 0.452803 0.654832 0.454062 0.660207 0.454902 0.663062 0.457002 0.663062 0.459941 0.660879 0.462251 0.657687 0.46582 0.654496 0.46519 0.651809 0.462461 0.647945 0.463091 0.644418 0.464561 0.641563 0.46729 0.640723 0.46939 0.628465 0.491226 0.623594 0.499834 0.621578 0.506763 0.619227 0.511592 0.615027 0.516421 0.610828 0.51999 0.604613 0.52209 0.59823 0.52251 0.594199 0.52251
2 0.728906 0.158203 0.724219 0.155273 0.721094 0.155273 0.720703 0.158203 0.722266 0.161133 0.722656 0.164062 0.720703 0.168945 0.716406 0.172852 0.701172 0.172363 0.692187 0.170898 0.683984 0.171387 0.676953 0.173828 0.669922 0.179688 0.667578 0.183105 0.667578 0.195312 0.668359 0.19873 0.671875 0.203125 0.678516 0.208496 0.690234 0.213379 0.694922 0.217285 0.698047 0.21875 0.700391 0.221191 0.702344 0.221191 0.703906 0.220215 0.705469 0.218262 0.705469 0.21582 0.704297 0.213379 0.697266 0.205566 0.691797 0.203613 0.685547 0.199219 0.682422 0.193359 0.682813 0.191406 0.684766 0.187988 0.689453 0.185547 0.707812 0.185547 0.717969 0.184082 0.722266 0.181641 0.725391 0.178223 0.728906 0.168457 0.729688 0.164551
2 0.759375 0.135742 0.755469 0.135254 0.748437 0.141113 0.742578 0.148438 0.734766 0.165039 0.73125 0.169922 0.726562 0.182617 0.725781 0.193359 0.719922 0.222168 0.715234 0.23877 0.712891 0.242676 0.7125 0.247559 0.714453 0.247559 0.717578 0.244141 0.71875 0.239746 0.721484 0.236328 0.725781 0.224609 0.732422 0.19873 0.735938 0.181152 0.743359 0.166992 0.746094 0.15918 0.760156 0.140625 0.760547 0.138184
1 0.658203 0.396484 0.657031 0.397949 0.656641 0.40332 0.663281 0.427734 0.667578 0.457031 0.671094 0.466309 0.680469 0.499512 0.681641 0.506348 0.68125 0.516113 0.684375 0.521484 0.686328 0.530762 0.689063 0.533203 0.692969 0.533203 0.696094 0.529785 0.696875 0.515625 0.696484 0.509277 0.695312 0.505859 0.695312 0.490723 0.694141 0.486816 0.694141 0.480957 0.690234 0.456055 0.684766 0.4375 0.677344 0.419922 0.662109 0.397949
1 0.599609 0.458496 0.599219 0.461426 0.607812 0.468262 0.610938 0.472656 0.621875 0.482422 0.630078 0.492676 0.644141 0.503906 0.660547 0.526855 0.662109 0.530273 0.673047 0.543945 0.680078 0.54834 0.682422 0.54834 0.684766 0.54541 0.686719 0.539551 0.685547 0.534668 0.677734 0.524902 0.675781 0.519043 0.670703 0.510742 0.663672 0.495117 0.650781 0.478516 0.631641 0.465332 0.611719 0.458984 0.600781 0.45752
1 0.528125 0.690918 0.522266 0.688477 0.508594 0.688477 0.496875 0.689941 0.485078 0.693262 0.475781 0.699707 0.465625 0.711914 0.458203 0.725586 0.453906 0.731445 0.453125 0.735107 0.454297 0.738721 0.45875 0.736572 0.463125 0.732666 0.468906 0.727881 0.47332 0.725488 0.478008 0.721289 0.483242 0.71792 0.488438 0.71582 0.494766 0.712842 0.501016 0.710205 0.50793 0.707324 0.513164 0.704639 0.518086 0.703467 0.523477 0.703271 0.528203 0.702539 0.529687 0.695947
1 0.502617 0.713477 0.496094 0.714648 0.489844 0.716113 0.48457 0.717773 0.479531 0.720703 0.471641 0.726904 0.466016 0.730273 0.458555 0.736182 0.453828 0.739795 0.449648 0.744482 0.446211 0.749902 0.440625 0.756543 0.436328 0.761182 0.434414 0.769141 0.438203 0.77002 0.441289 0.767822 0.44293 0.76709 0.445234 0.765625 0.448164 0.764258 0.450352 0.763135 0.453125 0.762207 0.470313 0.755371 0.487891 0.745605 0.496094 0.739258 0.501953 0.736816 0.514453 0.728027 0.520312 0.726074 0.524219 0.722656 0.536719 0.71582 0.542578 0.710938 0.542578 0.705078 0.540625 0.701172 0.536328 0.700684 0.533594 0.702148 0.528828 0.703955 0.526055 0.705029 0.523086 0.705273 0.518789 0.706836 0.514414 0.709619 0.508281 0.711035
1 0.439063 0.768555 0.439063 0.770508 0.442578 0.779297 0.45 0.791504 0.460547 0.804199 0.48125 0.823242 0.499609 0.833496 0.510547 0.836426 0.520703 0.841797 0.530859 0.844727 0.537109 0.848145 0.541406 0.848633 0.542188 0.847656 0.541016 0.842773 0.533203 0.834961 0.521094 0.827148 0.511719 0.818359 0.507812 0.816406 0.502344 0.811523 0.498047 0.80957 0.477344 0.79541 0.461328 0.781738 0.453516 0.771973 0.450781 0.766602 0.446094 0.765625
2 0.684375 0.788086 0.683984 0.793945 0.685156 0.79834 0.689063 0.803223 0.691797 0.804199 0.694531 0.803223 0.694141 0.794434 0.697656 0.791504 0.708984 0.791992 0.720313 0.794434 0.740234 0.793457 0.748828 0.80127 0.751172 0.804688 0.755469 0.805664 0.75625 0.804199 0.751953 0.793945 0.740625 0.78125 0.736328 0.77832 0.717578 0.772949 0.713281 0.772949 0.69375 0.77832 0.687891 0.782715
2 0.811328 0.796875 0.809766 0.794922 0.805859 0.794434 0.802344 0.795898 0.800781 0.797852 0.801953 0.818359 0.798828 0.823242 0.786328 0.827637 0.779687 0.827637 0.764844 0.82373 0.756641 0.824219 0.748047 0.833008 0.748437 0.836914 0.758203 0.836914 0.770703 0.842285 0.777344 0.843262 0.790625 0.843262 0.799219 0.839844 0.802344 0.836426 0.806641 0.834961 0.810156 0.828613 0.811719 0.820801
1 0.369141 0.575195 0.364844 0.575684 0.356641 0.587402 0.348438 0.601562 0.346094 0.607422 0.333594 0.62793 0.330156 0.636328 0.328125 0.642578 0.324609 0.654785 0.317578 0.694336 0.315625 0.711914 0.317578 0.71582 0.319141 0.715332 0.321094 0.711914 0.326562 0.695312 0.335156 0.677734 0.339062 0.671777 0.342187 0.662598 0.347656 0.651855 0.349609 0.64209 0.353906 0.628906 0.360938 0.61377 0.366406 0.597656 0.372656 0.583496 0.372266 0.578125
1 0.287109 0.712891 0.285547 0.714355 0.281641 0.726562 0.275 0.739258 0.274609 0.743164 0.271094 0.750977 0.269922 0.766113 0.27082 0.782422 0.273828 0.79834 0.272656 0.803711 0.273047 0.808594 0.28125 0.820312 0.287109 0.833496 0.294922 0.84375 0.299375 0.841699 0.300703 0.836279 0.297461 0.828613 0.294453 0.820654 0.292969 0.810547 0.290234 0.799316 0.288906 0.764404 0.285547 0.746094 0.289453 0.725098 0.289062 0.714844
1 0.192578 0.768066 0.189844 0.763672 0.186719 0.763672 0.175 0.770508 0.171875 0.775391 0.155078 0.790039 0.146094 0.796387 0.141797 0.801758 0.131641 0.810547 0.120703 0.822266 0.107422 0.831543 0.0988281 0.843262 0.0968359 0.846777 0.0943359 0.849365 0.0932031 0.851953 0.0929688 0.857422 0.0976562 0.85791 0.110937 0.853027 0.127734 0.842773 0.142969 0.830566 0.157031 0.816406 0.169922 0.798828 0.189844 0.777344 0.192188 0.772949
1 0.25 0.757812 0.248438 0.754395 0.226172 0.734375 0.219141 0.731445 0.211328 0.731445 0.192578 0.737305 0.176953 0.745605 0.171484 0.75 0.169141 0.755371 0.168359 0.760254 0.16875 0.763672 0.173437 0.768555 0.178516 0.769531 0.189453 0.761719 0.214062 0.756348 0.224219 0.750488 0.232422 0.751465 0.246094 0.760742 0.249609 0.760254
2 0.0582031 0.902832 0.053125 0.902344 0.0488281 0.903809 0.046875 0.905762 0.0441406 0.917969 0.0292969 0.938965 0.0125 0.969727 0.00507813 0.984863 0.00273437 0.994629 0.0015625 0.996094 0 0.996094 0 1 0.00742187 1 0.00898437 0.994629 0.015625 0.981934 0.0234375 0.969727 0.0335937 0.956543 0.0433594 0.936523 0.0539063 0.920898 0.0574219 0.914062 0.0597656 0.906738 0.0597656 0.904785
2 0.306641 0.754395 0.303125 0.756348 0.301172 0.758789 0.296094 0.77002 0.292969 0.772461 0.289453 0.777832 0.27043 0.806396 0.268398 0.816992 0.291797 0.792969 0.295312 0.786621 0.297266 0.778809 0.304297 0.76416
2 0.320703 0.647412 0.318008 0.645117 0.3125 0.644189 0.305234 0.64292 0.297695 0.641943 0.289141 0.641602 0.27957 0.636768 0.274961 0.636377 0.270547 0.635156 0.266016 0.633301 0.260156 0.633789 0.257812 0.635254 0.255859 0.638672 0.255078 0.647949 0.257031 0.647949 0.260547 0.643555 0.267969 0.643555 0.276172 0.650391 0.285547 0.652344 0.294531 0.657715 0.301953 0.65918 0.313672 0.663574 0.319141 0.664062 0.321094 0.662598 0.325039 0.652441 0.32457 0.649658 0.322461 0.648193
1 0.792383 0.593799 0.79168 0.59209 0.789062 0.588428 0.785 0.577344 0.78168 0.57207 0.779297 0.568359 0.774219 0.55957 0.770312 0.550293 0.767969 0.538574 0.765625 0.536621 0.762891 0.537598 0.761328 0.554688 0.761719 0.569824 0.764844 0.588867 0.773828 0.612793 0.777617 0.617188 0.785313 0.625342 0.787656 0.633643 0.789375 0.636963 0.790898 0.638281 0.795781 0.645752 0.801055 0.650781 0.807656 0.655371 0.811914 0.659766 0.817578 0.65625 0.817578 0.650879 0.816016 0.646484 0.804297 0.628906 0.800391 0.618164 0.799219 0.609863 0.795703 0.604004 0.794531 0.599609 0.793398 0.596729
1 0.78707 0.5496 0.790285 0.540923 0.792633 0.533574 0.794809 0.527075 0.797492 0.519907 0.801703 0.513833 0.80557 0.505215 0.809586 0.497871 0.812949 0.492427 0.817496 0.490522 0.819164 0.493457 0.81984 0.496416 0.819332 0.499775 0.817664 0.508574 0.815148 0.517612 0.813793 0.527681 0.812949 0.543218 0.809586 0.553105 0.80707 0.562959 0.804219 0.572637 0.800031 0.584365 0.797008 0.591533 0.794641 0.596763 0.782715 0.624697 0.780539 0.634976 0.779859 0.63939 0.774832 0.640449 0.77466 0.640449 0.768445 0.634976 0.768953 0.628687 0.771977 0.616929 0.773633 0.61123 0.780898 0.573047 0.785398 0.5577
2 0.892969 0.625 0.892578 0.620605 0.883984 0.605957 0.881641 0.598633 0.876953 0.592773 0.874219 0.59082 0.866406 0.588379 0.857812 0.588867 0.851172 0.591797 0.838672 0.600586 0.820703 0.609863 0.813281 0.61084 0.807031 0.608887 0.803516 0.606445 0.798438 0.607422 0.798438 0.608887 0.801172 0.613281 0.803516 0.615234 0.807422 0.615723 0.812891 0.618164 0.823438 0.617676 0.837891 0.611328 0.846484 0.605469 0.851562 0.600586 0.858594 0.59668 0.866406 0.595703 0.873828 0.600098 0.878516 0.605469 0.883594 0.618652 0.888672 0.625488 0.892188 0.626465
2 0.447656 0.913574 0.447656 0.916504 0.450781 0.92041 0.461719 0.92627 0.505078 0.942871 0.526953 0.942871 0.546094 0.941406 0.557813 0.942383 0.561328 0.940918 0.560937 0.938965 0.549219 0.933594 0.533594 0.931152 0.517188 0.931641 0.505469 0.928711 0.491016 0.92334 0.463281 0.918945 0.450781 0.911133 0.448437 0.912109
1 0.771484 0.913574 0.76875 0.911133 0.766797 0.911133 0.757031 0.915039 0.751563 0.918945 0.748437 0.919434 0.743359 0.922363 0.735547 0.929688 0.732422 0.931152 0.716406 0.945312 0.703906 0.960449 0.680469 0.98291 0.679297 0.98584 0.679297 0.990234 0.683594 0.993652 0.690234 0.994141 0.703906 0.986816 0.715625 0.974609 0.721875 0.970703 0.74375 0.951172 0.757812 0.933105 0.770703 0.919434
1 0.569922 0.998047 0.570312 1 0.662109 1 0.6625 0.999023 0.661328 0.994629 0.658984 0.992188 0.638672 0.98877 0.623437 0.98291 0.610547 0.981445 0.601953 0.981934 0.591016 0.984863 0.576172 0.992676
2 0.909375 0.433105 0.907031 0.4375 0.907422 0.440918 0.913672 0.451172 0.922656 0.478857 0.939727 0.508984 0.956484 0.518799 0.967344 0.523535 0.973906 0.523438 0.972031 0.520215 0.964766 0.518701 0.959375 0.513867 0.944141 0.499023 0.937891 0.486328 0.934375 0.471191 0.925 0.446289 0.917578 0.436035 0.912891 0.432617
2 0.779289 0.990518 0.78932 0.983828 0.802695 0.980537 0.816906 0.979492 0.831699 0.983101 0.849129 0.982734 0.861582 0.98127 0.858699 0.984194 0.848836 0.986758 0.836047 0.987803 0.816027 0.988169 0.795715 0.990728 0.784098 0.994697 0.780336 0.994697
2 0.722285 0.977305 0.732156 0.979482 0.741441 0.980571 0.756246 0.983833 0.767563 0.988916 0.777723 0.992905 0.784398 0.998711 0.782332 1 0.774504 1 0.770176 0.999072 0.760891 0.995444 0.75218 0.993633 0.741152 0.994355 0.72577 0.993633 0.709516 0.992905 0.698199 0.993633 0.688328 0.993994 0.670625 0.992905 0.663078 0.989277 0.6625 0.985288 0.670336 0.986377 0.675848 0.984922 0.71184 0.978032
2 0.114844 0.42041 0.116562 0.418359 0.11957 0.41377 0.127031 0.398682 0.145664 0.360791 0.153438 0.345313 0.158516 0.334375 0.158984 0.328613 0.153906 0.328613 0.145703 0.339355 0.142578 0.34082 0.141016 0.342773 0.133398 0.355273 0.1275 0.364795 0.125391 0.371582 0.113711 0.400293 0.109414 0.410449 0.102266 0.426953 0.0970312 0.436133 0.0933594 0.442188 0.101719 0.433936 0.106367 0.430127 0.108633 0.427197 0.11082 0.425439 0.11332 0.423584
2 0.235547 0.677734 0.234375 0.676758 0.233203 0.676758 0.232813 0.67627 0.227734 0.676758 0.225391 0.678711 0.220703 0.681152 0.216016 0.6875 0.213281 0.688965 0.207813 0.695801 0.205859 0.696777 0.200781 0.703125 0.198047 0.705078 0.196094 0.70752 0.195312 0.709473 0.191797 0.713867 0.190625 0.716309 0.186328 0.720703 0.181641 0.726562 0.18125 0.726562 0.176953 0.733398 0.173047 0.737305 0.172266 0.739746 0.16875 0.743652 0.167969 0.745605 0.165625 0.748535 0.163281 0.752441 0.157812 0.758789 0.154297 0.766113 0.151172 0.769043 0.146094 0.775879 0.145313 0.778809 0.142578 0.783203 0.142969 0.786621 0.144531 0.790527 0.145313 0.791016 0.146875 0.791016 0.15 0.787109 0.154297 0.78418 0.156641 0.78125 0.158203 0.77832 0.160547 0.776855 0.162891 0.773926 0.162891 0.773438 0.168359 0.76709 0.16875 0.763184 0.171094 0.754883 0.171094 0.75293 0.173047 0.75 0.175781 0.748535 0.178125 0.746582 0.181641 0.742676 0.182422 0.742676 0.184375 0.741211 0.185938 0.740723 0.189453 0.737305 0.191406 0.736328 0.194141 0.73584 0.2 0.732422 0.201563 0.730957 0.203516 0.727051 0.208984 0.720703 0.211719 0.715332 0.217188 0.70752 0.217969 0.70459 0.21875 0.703613 0.219141 0.702148 0.221875 0.698242 0.223047 0.695312 0.224219 0.694336 0.225781 0.691406 0.228516 0.687988 0.23125 0.686035 0.235156 0.681152
1 1 0.476074 0.998437 0.476074 0.994922 0.474121 0.99375 0.474121 0.993359 0.473633 0.992188 0.473633 0.988672 0.472168 0.982422 0.471191 0.982031 0.470703 0.974609 0.470703 0.974219 0.471191 0.972266 0.471191 0.971875 0.47168 0.969531 0.472168 0.966406 0.474121 0.964063 0.477051 0.963672 0.477051 0.95 0.494629 0.94375 0.500488 0.940625 0.501953 0.939063 0.503906 0.937109 0.510254 0.937109 0.512207 0.935937 0.516113 0.935937 0.518066 0.935547 0.518555 0.935547 0.520508 0.934766 0.523438 0.934766 0.526855 0.935937 0.530762 0.937109 0.532227 0.938672 0.533203 0.942969 0.532715 0.944141 0.53125 0.944922 0.528809 0.947656 0.523926 0.953516 0.516602 0.956641 0.514648 0.958984 0.512207 0.960938 0.508301 0.965625 0.50293 0.965625 0.502441 0.968359 0.499023 0.969141 0.49707 0.973828 0.491211 0.975781 0.489746 0.976953 0.489746 0.978906 0.48877 0.9875 0.48877 0.987891 0.489258 0.990625 0.489258 0.991016 0.489746 0.994531 0.490234 0.996875 0.491211 1 0.491211
1 1 0.501953 0.997656 0.501953 0.996094 0.503418 0.99375 0.504395 0.990625 0.507812 0.987109 0.509766 0.986328 0.509766 0.981641 0.515137 0.978516 0.51709 0.976562 0.519531 0.973047 0.522461 0.970703 0.523438 0.966797 0.527832 0.962109 0.530762 0.958984 0.53418 0.955469 0.536133 0.951562 0.541016 0.951562 0.543945 0.951953 0.544922 0.953125 0.545898 0.955859 0.546387 0.95625 0.546875 0.960938 0.546875 0.961328 0.546387 0.967187 0.545898 0.96875 0.544922 0.973047 0.543945 0.978906 0.541504 0.983203 0.539062 0.990234 0.536621 0.991406 0.535645 0.995703 0.53418 0.998047 0.532715 1 0.532715
2 0.0808594 0.471191 0.0789062 0.471191 0.0765625 0.475098 0.0761719 0.478027 0.0742188 0.48291 0.0675781 0.493164 0.0664062 0.496094 0.0632812 0.500977 0.0609375 0.507324 0.0609375 0.508789 0.0597656 0.512695 0.059375 0.518066 0.0589844 0.518555 0.0589844 0.520508 0.0585938 0.520996 0.0585938 0.522949 0.0578125 0.525879 0.0578125 0.528809 0.0574219 0.529297 0.0570312 0.537598 0.0566406 0.538086 0.0566406 0.54248 0.05625 0.542969 0.05625 0.547852 0.0558594 0.54834 0.0558594 0.555176 0.0554687 0.555664 0.0554687 0.572754 0.0558594 0.573242 0.0558594 0.579102 0.05625 0.57959 0.05625 0.581543 0.0574219 0.585449 0.0574219 0.586914 0.0582031 0.588867 0.0582031 0.590332 0.0589844 0.592285 0.0617188 0.596191 0.0636719 0.602051 0.0675781 0.607422 0.0675781 0.61084 0.0707031 0.616699 0.0714844 0.619629 0.0726563 0.620605 0.0738281 0.620605 0.0742188 0.621094 0.0761719 0.621094 0.0769531 0.620605 0.0789062 0.615723 0.0789062 0.60791 0.0769531 0.602539 0.0769531 0.599609 0.078125 0.597168 0.078125 0.59375 0.0777344 0.593262 0.078125 0.581055 0.0777344 0.580566 0.0777344 0.578125 0.0773438 0.577637 0.0769531 0.570801 0.0742188 0.560547 0.0734375 0.549316 0.0738281 0.548828 0.0738281 0.543945 0.0742188 0.543457 0.0746094 0.539551 0.0753906 0.538086 0.0757812 0.53418 0.0773438 0.530273 0.0777344 0.525879 0.0796875 0.521484 0.0800781 0.517578 0.08125 0.51416 0.08125 0.511719 0.0816406 0.51123 0.0816406 0.509277 0.0824219 0.506836 0.0828125 0.5 0.0832031 0.499512 0.0832031 0.487793 0.0828125 0.487305 0.0820312 0.475098
