2 0.283203 0.489258 0.283203 0.490234 0.285156 0.492676 0.285156 0.493164 0.285547 0.493652 0.285547 0.494141 0.285938 0.494629 0.285938 0.495117 0.286328 0.495605 0.286328 0.496094 0.2875 0.497559 0.2875 0.498047 0.287891 0.498535 0.288281 0.498535 0.290234 0.500977 0.290625 0.500977 0.292187 0.50293 0.292578 0.50293 0.295703 0.506836 0.296094 0.506836 0.296875 0.507812 0.297266 0.507812 0.301563 0.513184 0.301953 0.513184 0.303516 0.515137 0.303906 0.515137 0.304688 0.516113 0.305078 0.516113 0.305469 0.516602 0.305859 0.516602 0.30625 0.51709 0.306641 0.51709 0.307031 0.517578 0.307422 0.517578 0.309375 0.52002 0.309766 0.52002 0.311328 0.521973 0.311719 0.521973 0.3125 0.522949 0.312891 0.522949 0.313281 0.523438 0.313672 0.523438 0.314063 0.523926 0.314453 0.523926 0.314844 0.524414 0.315234 0.524414 0.315625 0.524902 0.316016 0.524902 0.319922 0.529785 0.320312 0.529785 0.321094 0.530762 0.321484 0.530762 0.321875 0.53125 0.322266 0.53125 0.322656 0.531738 0.323047 0.531738 0.323828 0.532715 0.324219 0.532715 0.325 0.533691 0.325391 0.533691 0.325781 0.53418 0.326172 0.53418 0.326562 0.534668 0.326953 0.534668 0.327344 0.535156 0.327734 0.535156 0.329297 0.537109 0.329688 0.537109 0.330078 0.537598 0.330469 0.537598 0.330859 0.538086 0.331641 0.538086 0.332031 0.538574 0.332422 0.538574 0.333203 0.539551 0.333594 0.539551 0.335156 0.541504 0.335547 0.541504 0.336328 0.54248 0.336719 0.54248 0.337109 0.542969 0.3375 0.542969 0.337891 0.543457 0.338281 0.543457 0.338672 0.543945 0.339062 0.543945 0.339453 0.544434 0.340234 0.544434 0.340625 0.544922 0.341016 0.544922 0.341406 0.54541 0.341797 0.54541 0.342187 0.545898 0.342578 0.545898 0.342969 0.546387 0.34375 0.546387 0.344531 0.547363 0.344922 0.547363 0.345313 0.547852 0.345703 0.547852 0.346484 0.548828 0.346875 0.548828 0.347266 0.549316 0.347656 0.549316 0.348047 0.549805 0.348438 0.549805 0.348828 0.550293 0.349219 0.550293 0.349609 0.550781 0.35 0.550781 0.350391 0.55127 0.350781 0.55127 0.351562 0.552246 0.351953 0.552246 0.352734 0.553223 0.353125 0.553223 0.353516 0.553711 0.354297 0.553711 0.354687 0.554199 0.355469 0.554199 0.355859 0.554688 0.35625 0.554688 0.357031 0.555664 0.357422 0.555664 0.358203 0.556641 0.358594 0.556641 0.358984 0.557129 0.359375 0.557129 0.359766 0.557617 0.360156 0.557617 0.360938 0.558594 0.361328 0.558594 0.361719 0.559082 0.362109 0.559082 0.3625 0.55957 0.362891 0.55957 0.363281 0.560059 0.363672 0.560059 0.364063 0.560547 0.364844 0.560547 0.365234 0.561035 0.365625 0.561035 0.366016 0.561523 0.366797 0.561523 0.367188 0.562012 0.367969 0.562012 0.368359 0.5625 0.36875 0.5625 0.369141 0.562988 0.369922 0.562988 0.370703 0.563965 0.371094 0.563965 0.371875 0.564941 0.372266 0.564941 0.372656 0.56543 0.373437 0.56543 0.373828 0.565918 0.374219 0.565918 0.376563 0.568848 0.376953 0.568848 0.377344 0.569336 0.378906 0.569336 0.379297 0.569824 0.379688 0.569824 0.380078 0.570312 0.38125 0.570312 0.381641 0.569824 0.381641 0.569336 0.382031 0.568848 0.382031 0.568359 0.381641 0.567871 0.381641 0.566895 0.38125 0.566406 0.38125 0.565918 0.380859 0.56543 0.380859 0.564941 0.380078 0.563965 0.379688 0.563965 0.378906 0.562988 0.378516 0.562988 0.375781 0.55957 0.375391 0.55957 0.374609 0.558594 0.374609 0.558105 0.373828 0.557129 0.373828 0.556641 0.373437 0.556152 0.373047 0.556152 0.372266 0.555176 0.371875 0.555176 0.370703 0.553711 0.370312 0.553711 0.369141 0.552246 0.36875 0.552246 0.368359 0.551758 0.367969 0.551758 0.367188 0.550781 0.366797 0.550781 0.366016 0.549805 0.366016 0.549316 0.365625 0.548828 0.365234 0.548828 0.364844 0.54834 0.364453 0.54834 0.364063 0.547852 0.363672 0.547852 0.363281 0.547363 0.362891 0.547363 0.361328 0.54541 0.360938 0.54541 0.360156 0.544434 0.359766 0.544434 0.358984 0.543457 0.358594 0.543457 0.357031 0.541504 0.356641 0.541504 0.355859 0.540527 0.355469 0.540527 0.355078 0.540039 0.354687 0.540039 0.354297 0.539551 0.353906 0.539551 0.353516 0.539062 0.353125 0.539062 0.352734 0.538574 0.352344 0.538574 0.351953 0.538086 0.351562 0.538086 0.35 0.536133 0.35 0.535645 0.349609 0.535156 0.349609 0.53418 0.348438 0.532715 0.348047 0.532715 0.347656 0.532227 0.347266 0.532227 0.346875 0.531738 0.346484 0.531738 0.346094 0.53125 0.345703 0.53125 0.344531 0.529785 0.344141 0.529785 0.341797 0.526855 0.341406 0.526855 0.340625 0.525879 0.340234 0.525879 0.339453 0.524902 0.339062 0.524902 0.338672 0.524414 0.338281 0.524414 0.337891 0.523926 0.3375 0.523926 0.337109 0.523438 0.336719 0.523438 0.336328 0.522949 0.335938 0.522949 0.335547 0.522461 0.335156 0.522461 0.334766 0.521973 0.334375 0.521973 0.333984 0.521484 0.333594 0.521484 0.332813 0.520508 0.332422 0.520508 0.331641 0.519531 0.33125 0.519531 0.330469 0.518555 0.330078 0.518555 0.329688 0.518066 0.329297 0.518066 0.328906 0.517578 0.328516 0.517578 0.328125 0.51709 0.327734 0.51709 0.327344 0.516602 0.326953 0.516602 0.326562 0.516113 0.325781 0.516113 0.325391 0.515625 0.325 0.515625 0.324609 0.515137 0.324219 0.515137 0.323828 0.514648 0.323437 0.514648 0.323047 0.51416 0.322656 0.51416 0.322266 0.513672 0.321875 0.513672 0.321484 0.513184 0.321094 0.513184 0.320703 0.512695 0.319922 0.512695 0.319141 0.511719 0.31875 0.511719 0.317969 0.510742 0.317578 0.510742 0.317188 0.510254 0.316797 0.510254 0.316406 0.509766 0.316016 0.509766 0.315625 0.509277 0.314844 0.509277 0.314453 0.508789 0.314063 0.508789 0.313672 0.508301 0.313281 0.508301 0.3125 0.507324 0.312109 0.507324 0.310547 0.505371 0.310156 0.505371 0.309766 0.504883 0.309375 0.504883 0.308594 0.503906 0.308203 0.503906 0.307812 0.503418 0.307422 0.503418 0.306641 0.502441 0.30625 0.502441 0.305469 0.501465 0.305078 0.501465 0.304688 0.500977 0.304297 0.500977 0.303906 0.500488 0.303516 0.500488 0.302734 0.499512 0.302344 0.499512 0.300781 0.497559 0.300391 0.497559 0.299609 0.496582 0.299219 0.496582 0.298828 0.496094 0.298438 0.496094 0.298047 0.495605 0.297656 0.495605 0.296094 0.493652 0.295703 0.493652 0.295312 0.493164 0.294531 0.493164 0.294141 0.492676 0.29375 0.492676 0.293359 0.492188 0.292969 0.492188 0.291797 0.490723 0.291406 0.490723 0.291016 0.490234 0.290625 0.490234 0.290234 0.489746 0.289453 0.489746 0.289062 0.489258 0.288281 0.489258 0.287891 0.48877 0.2875 0.48877 0.287109 0.488281 0.283984 0.488281
1 0.838672 0.525391 0.836328 0.526367 0.834375 0.528809 0.830859 0.536621 0.820703 0.579102 0.81875 0.601074 0.818359 0.640137 0.81875 0.645996 0.821094 0.650879 0.823828 0.649902 0.826953 0.643066 0.839453 0.605957 0.842578 0.59082 0.844531 0.569336 0.844531 0.535156 0.842969 0.52832 0.841406 0.526367
1 0.416797 0.639648 0.414844 0.639648 0.414453 0.640137 0.413672 0.640137 0.413281 0.640625 0.4125 0.640625 0.412109 0.641113 0.411719 0.641113 0.411328 0.641602 0.410938 0.641602 0.410156 0.642578 0.409766 0.642578 0.407422 0.645508 0.407422 0.645996 0.406641 0.646973 0.406641 0.647461 0.405859 0.648438 0.405859 0.648926 0.404297 0.650879 0.404297 0.651367 0.403125 0.652832 0.403125 0.65332 0.402344 0.654297 0.402344 0.654785 0.401172 0.65625 0.400781 0.65625 0.399609 0.657715 0.399609 0.658203 0.399219 0.658691 0.399219 0.65918 0.398828 0.659668 0.398828 0.660156 0.398438 0.660645 0.398438 0.661133 0.398047 0.661621 0.398047 0.662109 0.397656 0.662598 0.397656 0.663086 0.396875 0.664062 0.396875 0.664551 0.396094 0.665527 0.396094 0.666016 0.395313 0.666992 0.395313 0.66748 0.394531 0.668457 0.394531 0.668945 0.39375 0.669922 0.39375 0.67041 0.391406 0.67334 0.391406 0.673828 0.391016 0.674316 0.391016 0.675293 0.390625 0.675781 0.390625 0.676758 0.390234 0.677246 0.390234 0.677734 0.389453 0.678711 0.389453 0.679199 0.388281 0.680664 0.388281 0.681152 0.387891 0.681641 0.387891 0.682129 0.3875 0.682617 0.3875 0.683105 0.387109 0.683594 0.387109 0.684082 0.386719 0.68457 0.386719 0.685059 0.386328 0.685547 0.386328 0.686035 0.384766 0.687988 0.384766 0.688477 0.383984 0.689453 0.383984 0.69043 0.383594 0.690918 0.383594 0.691406 0.383203 0.691895 0.383203 0.692871 0.382812 0.693359 0.382812 0.693848 0.382422 0.694336 0.382422 0.694824 0.382031 0.695312 0.382031 0.695801 0.381641 0.696289 0.381641 0.696777 0.38125 0.697266 0.38125 0.697754 0.380859 0.698242 0.380859 0.69873 0.380469 0.699219 0.380469 0.699707 0.380078 0.700195 0.380078 0.700684 0.379688 0.701172 0.379688 0.70166 0.379297 0.702148 0.379297 0.702637 0.378906 0.703125 0.378906 0.703613 0.378125 0.70459 0.378125 0.705078 0.377734 0.705566 0.377734 0.706055 0.377344 0.706543 0.377344 0.70752 0.376953 0.708008 0.376953 0.708984 0.376563 0.709473 0.376563 0.709961 0.376172 0.710449 0.376172 0.710938 0.375781 0.711426 0.375781 0.711914 0.375391 0.712402 0.375391 0.713379 0.375 0.713867 0.375 0.715332 0.374609 0.71582 0.374609 0.716797 0.374219 0.717285 0.374219 0.717773 0.373828 0.718262 0.373828 0.71875 0.373437 0.719238 0.373437 0.719727 0.373047 0.720215 0.373047 0.720703 0.372656 0.721191 0.372656 0.72168 0.372266 0.722168 0.372266 0.723145 0.371875 0.723633 0.371875 0.724609 0.371484 0.725098 0.371484 0.725586 0.371094 0.726074 0.371094 0.726562 0.370703 0.727051 0.370703 0.727539 0.370312 0.728027 0.370312 0.728516 0.369922 0.729004 0.369922 0.729492 0.369531 0.72998 0.369531 0.730957 0.369141 0.731445 0.369141 0.731934 0.36875 0.732422 0.36875 0.73291 0.367969 0.733887 0.367969 0.734375 0.367578 0.734863 0.367578 0.735352 0.367188 0.73584 0.367188 0.736816 0.366797 0.737305 0.366797 0.738281 0.366406 0.73877 0.366406 0.739746 0.366016 0.740234 0.366016 0.740723 0.365625 0.741211 0.365625 0.741699 0.364844 0.742676 0.364844 0.743164 0.364453 0.743652 0.364453 0.744629 0.364063 0.745117 0.364063 0.745605 0.363672 0.746094 0.363672 0.74707 0.363281 0.747559 0.363281 0.748047 0.362891 0.748535 0.362891 0.749023 0.3625 0.749512 0.3625 0.75 0.361328 0.751465 0.361328 0.754883 0.361719 0.755371 0.361719 0.756348 0.3625 0.757324 0.362891 0.757324 0.363281 0.757812 0.364063 0.757812 0.364453 0.758301 0.364844 0.758301 0.365234 0.757812 0.366016 0.757812 0.366797 0.756836 0.367188 0.756836 0.368359 0.755371 0.36875 0.755371 0.369922 0.753906 0.370312 0.753906 0.371484 0.752441 0.371875 0.752441 0.375391 0.748047 0.375781 0.748047 0.377344 0.746094 0.377734 0.746094 0.382031 0.740723 0.382031 0.740234 0.382812 0.739258 0.382812 0.73877 0.384375 0.736816 0.384375 0.736328 0.384766 0.73584 0.385156 0.73584 0.390625 0.729004 0.390625 0.728516 0.391406 0.727539 0.391406 0.727051 0.39375 0.724121 0.39375 0.723633 0.394531 0.722656 0.394531 0.722168 0.394922 0.72168 0.394922 0.721191 0.395703 0.720215 0.395703 0.719727 0.396875 0.718262 0.396875 0.717773 0.397266 0.717285 0.397266 0.716797 0.397656 0.716309 0.397656 0.71582 0.398047 0.715332 0.398047 0.714844 0.398438 0.714355 0.398438 0.713867 0.398828 0.713379 0.398828 0.712402 0.399219 0.711914 0.399219 0.711426 0.399609 0.710938 0.399609 0.710449 0.4 0.709961 0.4 0.709473 0.400391 0.708984 0.400391 0.708496 0.400781 0.708008 0.400781 0.70752 0.401172 0.707031 0.401172 0.706543 0.401562 0.706055 0.401562 0.705566 0.401953 0.705078 0.401953 0.70459 0.402344 0.704102 0.402344 0.703613 0.402734 0.703125 0.402734 0.702637 0.403125 0.702148 0.403125 0.70166 0.403516 0.701172 0.403516 0.700684 0.403906 0.700195 0.403906 0.699707 0.404297 0.699219 0.404297 0.698242 0.404687 0.697754 0.404687 0.697266 0.405078 0.696777 0.405078 0.696289 0.405469 0.695801 0.405469 0.695312 0.405859 0.694824 0.405859 0.693848 0.40625 0.693359 0.40625 0.692383 0.406641 0.691895 0.406641 0.690918 0.407031 0.69043 0.407031 0.689453 0.407422 0.688965 0.407422 0.688477 0.407813 0.687988 0.407813 0.6875 0.408594 0.686523 0.408594 0.686035 0.408984 0.685547 0.408984 0.68457 0.409375 0.684082 0.409375 0.683594 0.409766 0.683105 0.409766 0.682129 0.410156 0.681641 0.410156 0.681152 0.410547 0.680664 0.410547 0.679688 0.410938 0.679199 0.410938 0.678711 0.411328 0.678223 0.411328 0.677734 0.411719 0.677246 0.411719 0.676758 0.412109 0.67627 0.412109 0.675293 0.4125 0.674805 0.4125 0.674316 0.412891 0.673828 0.412891 0.67334 0.413281 0.672852 0.413281 0.672363 0.413672 0.671875 0.413672 0.670898 0.414062 0.67041 0.414062 0.669922 0.414453 0.669434 0.414453 0.668457 0.414844 0.667969 0.414844 0.666992 0.415234 0.666504 0.415234 0.665527 0.415625 0.665039 0.415625 0.664551 0.416016 0.664062 0.416016 0.663574 0.416406 0.663086 0.416406 0.662598 0.416797 0.662109 0.416797 0.661621 0.417187 0.661133 0.417187 0.660645 0.417578 0.660156 0.417578 0.659668 0.417969 0.65918 0.417969 0.658203 0.418359 0.657715 0.418359 0.656738 0.41875 0.65625 0.41875 0.655762 0.419141 0.655273 0.419141 0.654785 0.419531 0.654297 0.419531 0.652344 0.419922 0.651855 0.419922 0.648926 0.420312 0.648438 0.420312 0.645508 0.419922 0.64502 0.419922 0.644043 0.419531 0.643555 0.419531 0.643066 0.419141 0.642578 0.419141 0.64209 0.418359 0.641113 0.417969 0.641113
1 0.133984 0.652832 0.133984 0.65332 0.133594 0.653809 0.133594 0.657227 0.133984 0.657715 0.133984 0.65918 0.134375 0.659668 0.134375 0.660156 0.134766 0.660645 0.134766 0.661133 0.135156 0.661621 0.135156 0.662109 0.135547 0.662598 0.135547 0.663086 0.136328 0.664062 0.136328 0.664551 0.136719 0.665039 0.136719 0.665527 0.1375 0.666504 0.1375 0.666992 0.139453 0.669434 0.139453 0.669922 0.140625 0.671387 0.140625 0.671875 0.141406 0.672852 0.141406 0.67334 0.142187 0.674316 0.142187 0.674805 0.145313 0.678711 0.145313 0.679199 0.147656 0.682129 0.147656 0.682617 0.149219 0.68457 0.149219 0.685059 0.150391 0.686523 0.150391 0.687012 0.152734 0.689941 0.152734 0.69043 0.154297 0.692383 0.154297 0.692871 0.155469 0.694336 0.155469 0.694824 0.15625 0.695801 0.15625 0.696289 0.156641 0.696777 0.156641 0.697266 0.157422 0.698242 0.157422 0.69873 0.160938 0.703125 0.161328 0.703125 0.164062 0.706543 0.164062 0.707031 0.166406 0.709961 0.166797 0.709961 0.170313 0.714355 0.170703 0.714355 0.173047 0.717285 0.173437 0.717285 0.174609 0.71875 0.175 0.71875 0.177344 0.72168 0.177734 0.72168 0.180078 0.724609 0.180078 0.725098 0.182031 0.727539 0.182422 0.727539 0.184375 0.72998 0.184766 0.72998 0.1875 0.733398 0.1875 0.733887 0.188281 0.734863 0.188281 0.735352 0.188672 0.73584 0.188672 0.736328 0.189062 0.736816 0.189453 0.736816 0.190234 0.737793 0.190625 0.737793 0.191016 0.738281 0.191406 0.738281 0.191797 0.73877 0.192188 0.73877 0.192578 0.739258 0.193359 0.739258 0.19375 0.739746 0.194922 0.739746 0.195312 0.739258 0.198047 0.739258 0.198437 0.73877 0.198828 0.73877 0.199609 0.737793 0.2 0.737793 0.200781 0.736816 0.200781 0.731445 0.200391 0.730957 0.200391 0.729004 0.2 0.728516 0.2 0.727539 0.199609 0.727051 0.199609 0.726562 0.199219 0.726074 0.199219 0.725586 0.198437 0.724609 0.198437 0.723633 0.198047 0.723145 0.198047 0.722656 0.197656 0.722168 0.197656 0.721191 0.196875 0.720215 0.196875 0.719727 0.196094 0.71875 0.196094 0.718262 0.195703 0.717773 0.195703 0.717285 0.195312 0.716797 0.195312 0.716309 0.194922 0.71582 0.194922 0.715332 0.194531 0.714844 0.194531 0.714355 0.194141 0.713867 0.194141 0.713379 0.19375 0.712891 0.19375 0.712402 0.192969 0.711426 0.192969 0.710938 0.192188 0.709961 0.192188 0.709473 0.191406 0.708496 0.191406 0.708008 0.190625 0.707031 0.190625 0.706543 0.190234 0.706055 0.190234 0.705566 0.188281 0.703125 0.188281 0.702637 0.1875 0.70166 0.1875 0.701172 0.187109 0.700684 0.187109 0.700195 0.186328 0.699219 0.186328 0.69873 0.185938 0.698242 0.185938 0.697754 0.182422 0.693359 0.182422 0.692871 0.173047 0.681152 0.172656 0.681152 0.171484 0.679688 0.171094 0.679688 0.169922 0.678223 0.169531 0.678223 0.16875 0.677246 0.168359 0.677246 0.167578 0.67627 0.167187 0.67627 0.166797 0.675781 0.166406 0.675781 0.165625 0.674805 0.165234 0.674805 0.164453 0.673828 0.164062 0.673828 0.163672 0.67334 0.163281 0.67334 0.162891 0.672852 0.1625 0.672852 0.162109 0.672363 0.161719 0.672363 0.161328 0.671875 0.160938 0.671875 0.160547 0.671387 0.160156 0.671387 0.159766 0.670898 0.159375 0.670898 0.158594 0.669922 0.158203 0.669922 0.157812 0.669434 0.157422 0.669434 0.157031 0.668945 0.156641 0.668945 0.155859 0.667969 0.155469 0.667969 0.153906 0.666016 0.153516 0.666016 0.152734 0.665039 0.152344 0.665039 0.151562 0.664062 0.151172 0.664062 0.150781 0.663574 0.150391 0.663574 0.148828 0.661621 0.148438 0.661621 0.147266 0.660156 0.146875 0.660156 0.146094 0.65918 0.145703 0.65918 0.144531 0.657715 0.144141 0.657715 0.142969 0.65625 0.142578 0.65625 0.142187 0.655762 0.141797 0.655762 0.141016 0.654785 0.140625 0.654785 0.139453 0.65332 0.139063 0.65332 0.138672 0.652832 0.1375 0.652832 0.137109 0.652344 0.134766 0.652344 0.134375 0.652832
1 0.306641 0.230469 0.304688 0.230469 0.304297 0.230957 0.303125 0.230957 0.302344 0.231934 0.302344 0.23291 0.301953 0.233398 0.301953 0.234863 0.301563 0.235352 0.301563 0.236328 0.301172 0.236816 0.301172 0.237305 0.300781 0.237793 0.300781 0.238281 0.300391 0.23877 0.300391 0.239746 0.3 0.240234 0.3 0.241211 0.299609 0.241699 0.299609 0.242188 0.299219 0.242676 0.299219 0.243652 0.298828 0.244141 0.298828 0.245605 0.298438 0.246094 0.298438 0.247559 0.298047 0.248047 0.298047 0.248535 0.297656 0.249023 0.297656 0.25 0.297266 0.250488 0.297266 0.251465 0.296875 0.251953 0.296875 0.254395 0.296484 0.254883 0.296484 0.257324 0.296094 0.257812 0.296094 0.259277 0.295703 0.259766 0.295703 0.261719 0.295312 0.262207 0.295312 0.26416 0.294922 0.264648 0.294922 0.26709 0.294531 0.267578 0.294531 0.269531 0.294141 0.27002 0.294141 0.272949 0.29375 0.273438 0.29375 0.276855 0.293359 0.277344 0.293359 0.281738 0.292969 0.282227 0.292969 0.287109 0.292578 0.287598 0.292578 0.293457 0.292187 0.293945 0.292187 0.298828 0.291797 0.299316 0.291797 0.303711 0.291406 0.304199 0.291406 0.305664 0.291016 0.306152 0.291016 0.310059 0.290625 0.310547 0.290625 0.3125 0.290234 0.312988 0.290234 0.320801 0.290625 0.321289 0.290625 0.322754 0.291016 0.323242 0.291016 0.324707 0.291406 0.325195 0.291406 0.32666 0.291797 0.327148 0.291797 0.327637 0.292187 0.328125 0.292187 0.328613 0.292969 0.32959 0.292969 0.330566 0.293359 0.331055 0.293359 0.33252 0.29375 0.333008 0.29375 0.333984 0.294141 0.334473 0.294141 0.334961 0.294531 0.335449 0.294531 0.335938 0.295703 0.337402 0.296484 0.337402 0.296875 0.337891 0.298828 0.337891 0.3 0.336426 0.3 0.335938 0.301172 0.334473 0.301172 0.333984 0.301953 0.333008 0.301953 0.33252 0.302344 0.332031 0.302344 0.331543 0.302734 0.331055 0.302734 0.330566 0.303125 0.330078 0.303125 0.329102 0.303516 0.328613 0.303516 0.327148 0.303906 0.32666 0.303906 0.325684 0.304297 0.325195 0.304297 0.324219 0.304688 0.32373 0.304688 0.322754 0.305078 0.322266 0.305078 0.321289 0.305469 0.320801 0.305469 0.320312 0.305859 0.319824 0.305859 0.319336 0.30625 0.318848 0.30625 0.318359 0.306641 0.317871 0.306641 0.316895 0.307031 0.316406 0.307031 0.31543 0.307422 0.314941 0.307422 0.313965 0.307812 0.313477 0.307812 0.3125 0.308203 0.312012 0.308203 0.311523 0.308594 0.311035 0.308594 0.310547 0.308984 0.310059 0.308984 0.309082 0.309375 0.308594 0.309375 0.307617 0.309766 0.307129 0.309766 0.306152 0.310156 0.305664 0.310156 0.304199 0.310547 0.303711 0.310547 0.30127 0.310937 0.300781 0.310937 0.29834 0.311328 0.297852 0.311328 0.296387 0.311719 0.295898 0.311719 0.292969 0.312109 0.29248 0.312109 0.288086 0.3125 0.287598 0.3125 0.277832 0.312109 0.277344 0.312109 0.272461 0.311719 0.271973 0.311719 0.266602 0.311328 0.266113 0.311328 0.262207 0.310937 0.261719 0.310937 0.257812 0.310547 0.257324 0.310547 0.254395 0.310156 0.253906 0.310156 0.247559 0.309766 0.24707 0.309766 0.239258 0.309375 0.23877 0.309375 0.237305 0.308984 0.236816 0.308984 0.235352 0.308594 0.234863 0.308594 0.233398 0.308203 0.23291 0.308203 0.232422 0.307812 0.231934 0.307812 0.231445 0.307422 0.230957 0.307031 0.230957
2 0.166797 0.536133 0.164844 0.536133 0.164453 0.536621 0.163672 0.536621 0.163281 0.537109 0.162891 0.537109 0.1625 0.537598 0.162109 0.537598 0.157031 0.543945 0.157031 0.544434 0.151953 0.550781 0.151562 0.550781 0.145703 0.558105 0.145703 0.558594 0.144922 0.55957 0.144922 0.560059 0.144141 0.561035 0.144141 0.561523 0.142578 0.563477 0.142578 0.563965 0.142187 0.564453 0.142187 0.566895 0.141797 0.567383 0.141797 0.569336 0.141406 0.569824 0.141406 0.571289 0.141016 0.571777 0.141016 0.575684 0.140625 0.576172 0.140625 0.579102 0.140234 0.57959 0.140234 0.584961 0.139844 0.585449 0.139844 0.588379 0.139453 0.588867 0.139453 0.59375 0.139063 0.594238 0.139063 0.600098 0.138672 0.600586 0.138672 0.604492 0.138281 0.60498 0.138281 0.609375 0.137891 0.609863 0.137891 0.621094 0.138281 0.621582 0.138281 0.62207 0.138672 0.622559 0.138672 0.623047 0.139063 0.623535 0.142969 0.623535 0.143359 0.623047 0.143359 0.622559 0.14375 0.62207 0.14375 0.621582 0.144531 0.620605 0.144531 0.620117 0.145313 0.619141 0.145313 0.618164 0.145703 0.617676 0.145703 0.615723 0.146094 0.615234 0.146094 0.614746 0.146484 0.614258 0.146484 0.61377 0.146875 0.613281 0.146875 0.612793 0.147266 0.612305 0.147266 0.611328 0.147656 0.61084 0.147656 0.608398 0.148047 0.60791 0.148047 0.606445 0.148438 0.605957 0.148438 0.604492 0.148828 0.604004 0.148828 0.603027 0.149219 0.602539 0.149219 0.601074 0.149609 0.600586 0.149609 0.599121 0.15 0.598633 0.15 0.596191 0.150391 0.595703 0.150391 0.593262 0.150781 0.592773 0.150781 0.591309 0.151172 0.59082 0.151172 0.588867 0.151562 0.588379 0.151562 0.584473 0.151953 0.583984 0.151953 0.582031 0.152344 0.581543 0.152344 0.579102 0.152734 0.578613 0.152734 0.577148 0.153125 0.57666 0.153125 0.575684 0.153516 0.575195 0.153516 0.574219 0.153906 0.57373 0.153906 0.572754 0.154297 0.572266 0.154297 0.571777 0.154688 0.571289 0.154688 0.570801 0.155078 0.570312 0.155078 0.569824 0.155469 0.569336 0.155469 0.568848 0.155859 0.568359 0.155859 0.567871 0.15625 0.567383 0.15625 0.566895 0.157031 0.565918 0.157031 0.56543 0.157812 0.564453 0.157812 0.563965 0.1625 0.558105 0.1625 0.557617 0.162891 0.557129 0.162891 0.556641 0.163672 0.555664 0.163672 0.555176 0.164062 0.554688 0.164062 0.554199 0.164844 0.553223 0.164844 0.552734 0.165625 0.551758 0.165625 0.55127 0.166016 0.550781 0.166016 0.550293 0.166797 0.549316 0.166797 0.54834 0.167187 0.547852 0.167187 0.546387 0.167578 0.545898 0.167578 0.542969 0.167969 0.54248 0.167969 0.540039 0.167578 0.539551 0.167578 0.537598 0.167187 0.537109 0.167187 0.536621
2 0.207813 0.491211 0.206641 0.492676 0.206641 0.493164 0.20625 0.493652 0.20625 0.494629 0.206641 0.495117 0.206641 0.496094 0.207031 0.496582 0.207031 0.49707 0.207422 0.497559 0.207422 0.498047 0.208594 0.499512 0.208984 0.499512 0.214844 0.506836 0.215234 0.506836 0.217969 0.510254 0.218359 0.510254 0.219922 0.512207 0.219922 0.512695 0.220703 0.513672 0.221094 0.513672 0.221875 0.514648 0.222266 0.514648 0.222656 0.515137 0.223047 0.515137 0.224219 0.516602 0.224609 0.516602 0.225781 0.518066 0.226172 0.518066 0.229687 0.522461 0.230078 0.522461 0.236719 0.530762 0.237109 0.530762 0.239844 0.53418 0.240234 0.53418 0.242969 0.537598 0.242969 0.538086 0.243359 0.538574 0.24375 0.538574 0.244531 0.539551 0.244922 0.539551 0.248828 0.544434 0.248828 0.544922 0.249219 0.54541 0.249219 0.546875 0.249609 0.547363 0.249609 0.548828 0.25 0.549316 0.25 0.55127 0.250391 0.551758 0.250391 0.554199 0.250781 0.554688 0.250781 0.556641 0.251563 0.557617 0.253125 0.557617 0.253906 0.556641 0.254297 0.556641 0.255469 0.555176 0.255469 0.554688 0.25625 0.553711 0.25625 0.553223 0.256641 0.552734 0.256641 0.551758 0.257031 0.55127 0.257031 0.549805 0.257422 0.549316 0.257422 0.547363 0.257031 0.546875 0.257031 0.544434 0.256641 0.543945 0.256641 0.541992 0.25625 0.541504 0.25625 0.540527 0.255859 0.540039 0.255859 0.539551 0.255078 0.538574 0.255078 0.538086 0.254297 0.537109 0.254297 0.536621 0.253906 0.536133 0.253906 0.535645 0.253125 0.534668 0.253125 0.53418 0.252734 0.533691 0.252734 0.533203 0.250391 0.530273 0.250391 0.529785 0.25 0.529297 0.25 0.528809 0.249609 0.52832 0.249609 0.527832 0.249219 0.527344 0.249219 0.526855 0.248438 0.525879 0.248438 0.525391 0.246875 0.523438 0.246484 0.523438 0.245312 0.521973 0.244922 0.521973 0.242578 0.519043 0.242578 0.518555 0.241016 0.516602 0.240625 0.516602 0.239844 0.515625 0.239453 0.515625 0.237109 0.512695 0.236719 0.512695 0.235937 0.511719 0.235547 0.511719 0.234375 0.510254 0.233984 0.510254 0.232813 0.508789 0.232422 0.508789 0.231641 0.507812 0.23125 0.507812 0.230469 0.506836 0.230078 0.506836 0.229687 0.506348 0.229297 0.506348 0.228516 0.505371 0.228125 0.505371 0.226953 0.503906 0.226562 0.503906 0.225 0.501953 0.224609 0.501953 0.224219 0.501465 0.223828 0.501465 0.223438 0.500977 0.223047 0.500977 0.222656 0.500488 0.222266 0.500488 0.221875 0.5 0.221484 0.5 0.221094 0.499512 0.220703 0.499512 0.219922 0.498535 0.219531 0.498535 0.218359 0.49707 0.217969 0.49707 0.216406 0.495117 0.216016 0.495117 0.215625 0.494629 0.215234 0.494629 0.214844 0.494141 0.214453 0.494141 0.214062 0.493652 0.213672 0.493652 0.213281 0.493164 0.212891 0.493164 0.2125 0.492676 0.211719 0.492676 0.211328 0.492188 0.210938 0.492188 0.210547 0.491699 0.210156 0.491699 0.209766 0.491211
2 0.353125 0.188477 0.352734 0.188965 0.352344 0.188965 0.351953 0.189453 0.351953 0.189941 0.351562 0.19043 0.351562 0.190918 0.351172 0.191406 0.351172 0.192383 0.350781 0.192871 0.350781 0.194336 0.350391 0.194824 0.350391 0.196289 0.35 0.196777 0.35 0.199219 0.349609 0.199707 0.349609 0.202148 0.349219 0.202637 0.349219 0.205078 0.348828 0.205566 0.348828 0.20752 0.348438 0.208008 0.348438 0.209961 0.348047 0.210449 0.348047 0.212402 0.347656 0.212891 0.347656 0.214355 0.347266 0.214844 0.347266 0.21582 0.346875 0.216309 0.346875 0.218262 0.346484 0.21875 0.346484 0.220703 0.346094 0.221191 0.346094 0.226074 0.345703 0.226562 0.345703 0.248047 0.346094 0.248535 0.346094 0.25 0.346484 0.250488 0.346484 0.251465 0.346875 0.251953 0.346875 0.254883 0.347266 0.255371 0.347266 0.257324 0.347656 0.257812 0.347656 0.259766 0.348047 0.260254 0.348047 0.262207 0.348438 0.262695 0.348438 0.264648 0.348828 0.265137 0.348828 0.267578 0.349219 0.268066 0.349219 0.269531 0.349609 0.27002 0.349609 0.271484 0.35 0.271973 0.35 0.273438 0.350391 0.273926 0.350391 0.275391 0.350781 0.275879 0.350781 0.276367 0.351172 0.276855 0.351172 0.277344 0.351562 0.277832 0.351562 0.27832 0.351953 0.278809 0.351953 0.279297 0.352344 0.279785 0.352344 0.280273 0.352734 0.280762 0.352734 0.28125 0.353516 0.282227 0.353516 0.282715 0.353906 0.282715 0.354297 0.283203 0.355078 0.283203 0.355469 0.283691 0.358203 0.283691 0.358984 0.282715 0.358984 0.282227 0.359766 0.28125 0.359766 0.280762 0.360156 0.280273 0.360156 0.279785 0.360547 0.279297 0.360547 0.277832 0.360938 0.277344 0.360938 0.265625 0.360547 0.265137 0.360547 0.26123 0.360156 0.260742 0.360156 0.256836 0.359766 0.256348 0.359766 0.25293 0.359375 0.252441 0.359375 0.250488 0.358984 0.25 0.358984 0.248535 0.358594 0.248047 0.358594 0.22998 0.358203 0.229492 0.358203 0.222168 0.357812 0.22168 0.357812 0.217285 0.357422 0.216797 0.357422 0.214355 0.357031 0.213867 0.357031 0.206055 0.356641 0.205566 0.356641 0.200195 0.35625 0.199707 0.35625 0.195801 0.355859 0.195312 0.355859 0.192871 0.355469 0.192383 0.355469 0.191406 0.355078 0.190918 0.355078 0.189941 0.354297 0.188965 0.353906 0.188965 0.353516 0.188477
2 0.708594 0.321777 0.707031 0.321777 0.706641 0.322266 0.705078 0.322266 0.704297 0.323242 0.704297 0.32373 0.703906 0.324219 0.703906 0.324707 0.703516 0.325195 0.703516 0.325684 0.703125 0.326172 0.703125 0.32666 0.702734 0.327148 0.702734 0.327637 0.702344 0.328125 0.702344 0.329102 0.701953 0.32959 0.701953 0.330566 0.701562 0.331055 0.701562 0.333008 0.701172 0.333496 0.701172 0.335938 0.700781 0.336426 0.700781 0.339355 0.700391 0.339844 0.700391 0.341797 0.7 0.342285 0.7 0.344727 0.699609 0.345215 0.699609 0.347168 0.699219 0.347656 0.699219 0.350098 0.698828 0.350586 0.698828 0.353516 0.698438 0.354004 0.698438 0.357422 0.698047 0.35791 0.698047 0.359375 0.697656 0.359863 0.697656 0.361816 0.697266 0.362305 0.697266 0.365723 0.696875 0.366211 0.696875 0.367676 0.696484 0.368164 0.696484 0.37207 0.696094 0.372559 0.696094 0.374512 0.695703 0.375 0.695703 0.376465 0.695312 0.376953 0.695312 0.381348 0.694922 0.381836 0.694922 0.384277 0.694531 0.384766 0.694531 0.389648 0.694141 0.390137 0.694141 0.39502 0.69375 0.395508 0.69375 0.400391 0.693359 0.400879 0.693359 0.410156 0.692969 0.410645 0.692969 0.420898 0.693359 0.421387 0.693359 0.432617 0.69375 0.433105 0.69375 0.452637 0.694141 0.453125 0.694141 0.458984 0.694531 0.459473 0.694531 0.464844 0.694922 0.465332 0.694922 0.467285 0.695312 0.467773 0.695312 0.470215 0.695703 0.470703 0.695703 0.471191 0.696094 0.47168 0.696094 0.472168 0.697266 0.473633 0.698438 0.473633 0.698828 0.473145 0.699219 0.473145 0.700781 0.471191 0.700781 0.46582 0.701172 0.465332 0.701172 0.455078 0.701562 0.45459 0.701562 0.452148 0.701953 0.45166 0.701953 0.438477 0.702344 0.437988 0.702344 0.432617 0.702734 0.432129 0.702734 0.429688 0.703125 0.429199 0.703125 0.42334 0.703516 0.422852 0.703516 0.419922 0.703906 0.419434 0.703906 0.414551 0.704297 0.414062 0.704297 0.409668 0.704688 0.40918 0.704688 0.405273 0.705078 0.404785 0.705078 0.398926 0.705469 0.398438 0.705469 0.394531 0.705859 0.394043 0.705859 0.387207 0.70625 0.386719 0.70625 0.381348 0.706641 0.380859 0.706641 0.376953 0.707031 0.376465 0.707031 0.373535 0.707422 0.373047 0.707422 0.367188 0.707812 0.366699 0.707812 0.361816 0.708203 0.361328 0.708203 0.354492 0.708594 0.354004 0.708594 0.351074 0.708984 0.350586 0.708984 0.344727 0.709375 0.344238 0.709375 0.341797 0.709766 0.341309 0.709766 0.337402 0.710156 0.336914 0.710156 0.335449 0.710547 0.334961 0.710547 0.325195 0.710156 0.324707 0.710156 0.324219 0.709766 0.32373 0.709766 0.323242
2 0.936328 0.152832 0.934766 0.152832 0.934375 0.15332 0.933984 0.15332 0.932813 0.154785 0.932813 0.155273 0.931641 0.156738 0.931641 0.157227 0.930859 0.158203 0.930859 0.158691 0.930469 0.15918 0.930469 0.160156 0.930078 0.160645 0.930078 0.161133 0.929688 0.161621 0.929688 0.162109 0.929297 0.162598 0.929297 0.163086 0.928906 0.163574 0.928906 0.164062 0.928516 0.164551 0.928516 0.165039 0.928125 0.165527 0.928125 0.166016 0.927734 0.166504 0.927734 0.166992 0.927344 0.16748 0.927344 0.167969 0.926953 0.168457 0.926953 0.168945 0.926562 0.169434 0.926562 0.170898 0.926172 0.171387 0.926172 0.172363 0.925781 0.172852 0.925781 0.173828 0.925391 0.174316 0.925391 0.175293 0.925 0.175781 0.925 0.17627 0.924609 0.176758 0.924609 0.177734 0.924219 0.178223 0.924219 0.179688 0.923828 0.180176 0.923828 0.181641 0.923438 0.182129 0.923438 0.184082 0.923047 0.18457 0.923047 0.185547 0.922656 0.186035 0.922656 0.187012 0.922266 0.1875 0.922266 0.188477 0.921875 0.188965 0.921875 0.189941 0.921484 0.19043 0.921484 0.191895 0.921094 0.192383 0.921094 0.194336 0.920703 0.194824 0.920703 0.196289 0.920312 0.196777 0.920312 0.198242 0.919922 0.19873 0.919922 0.200195 0.919531 0.200684 0.919531 0.202637 0.919141 0.203125 0.919141 0.205566 0.91875 0.206055 0.91875 0.20752 0.918359 0.208008 0.918359 0.210938 0.917969 0.211426 0.917969 0.214355 0.917578 0.214844 0.917578 0.216797 0.917188 0.217285 0.917188 0.219238 0.916797 0.219727 0.916797 0.22168 0.916406 0.222168 0.916406 0.224609 0.916016 0.225098 0.916016 0.227051 0.915625 0.227539 0.915625 0.22998 0.915234 0.230469 0.915234 0.23291 0.914844 0.233398 0.914844 0.234863 0.914453 0.235352 0.914453 0.237793 0.914062 0.238281 0.914062 0.241211 0.913672 0.241699 0.913672 0.244141 0.913281 0.244629 0.913281 0.247559 0.912891 0.248047 0.912891 0.25 0.9125 0.250488 0.9125 0.251953 0.912109 0.252441 0.912109 0.253418 0.911719 0.253906 0.911719 0.255371 0.911328 0.255859 0.911328 0.258789 0.910937 0.259277 0.910937 0.261719 0.910547 0.262207 0.910547 0.266602 0.910156 0.26709 0.910156 0.269043 0.909766 0.269531 0.909766 0.270996 0.909375 0.271484 0.909375 0.274414 0.908984 0.274902 0.908984 0.277344 0.908594 0.277832 0.908594 0.280273 0.908203 0.280762 0.908203 0.282715 0.907813 0.283203 0.907813 0.285645 0.907422 0.286133 0.907422 0.288086 0.907813 0.288574 0.907813 0.296875 0.908203 0.297363 0.908203 0.29834 0.908594 0.298828 0.908984 0.298828 0.909375 0.29834 0.909766 0.29834 0.910547 0.297363 0.910937 0.297363 0.911328 0.296875 0.911719 0.296875 0.912891 0.29541 0.912891 0.294922 0.913281 0.294434 0.913281 0.293457 0.913672 0.292969 0.913672 0.29248 0.914062 0.291992 0.914062 0.291016 0.914453 0.290527 0.914453 0.290039 0.914844 0.289551 0.914844 0.289062 0.915625 0.288086 0.915625 0.287109 0.916016 0.286621 0.916016 0.285645 0.916406 0.285156 0.916406 0.28418 0.916797 0.283691 0.916797 0.282715 0.917188 0.282227 0.917188 0.281738 0.917578 0.28125 0.917578 0.280273 0.917969 0.279785 0.917969 0.278809 0.918359 0.27832 0.918359 0.277344 0.91875 0.276855 0.91875 0.275879 0.919141 0.275391 0.919141 0.274902 0.919531 0.274414 0.919531 0.273438 0.919922 0.272949 0.919922 0.272461 0.920312 0.271973 0.920312 0.270508 0.920703 0.27002 0.920703 0.268066 0.921094 0.267578 0.921094 0.266602 0.921484 0.266113 0.921484 0.265137 0.921875 0.264648 0.921875 0.263184 0.922266 0.262695 0.922266 0.260254 0.922656 0.259766 0.922656 0.258301 0.923047 0.257812 0.923047 0.257324 0.923438 0.256836 0.923438 0.255859 0.923828 0.255371 0.923828 0.253906 0.924219 0.253418 0.924219 0.252441 0.924609 0.251953 0.924609 0.250488 0.925 0.25 0.925 0.247559 0.925391 0.24707 0.925391 0.245117 0.925781 0.244629 0.925781 0.242188 0.926172 0.241699 0.926172 0.239746 0.926562 0.239258 0.926562 0.236816 0.926953 0.236328 0.926953 0.234863 0.927344 0.234375 0.927344 0.233398 0.927734 0.23291 0.927734 0.230957 0.928125 0.230469 0.928125 0.228516 0.928516 0.228027 0.928516 0.227051 0.928906 0.226562 0.928906 0.225098 0.929297 0.224609 0.929297 0.220703 0.929688 0.220215 0.929688 0.21875 0.930078 0.218262 0.930078 0.217285 0.930469 0.216797 0.930469 0.213379 0.930859 0.212891 0.930859 0.209961 0.93125 0.209473 0.93125 0.206055 0.931641 0.205566 0.931641 0.203613 0.932031 0.203125 0.932031 0.20166 0.932422 0.201172 0.932422 0.199219 0.932813 0.19873 0.932813 0.193848 0.933203 0.193359 0.933203 0.19043 0.933594 0.189941 0.933594 0.1875 0.933984 0.187012 0.933984 0.185059 0.934375 0.18457 0.934375 0.182617 0.934766 0.182129 0.934766 0.180176 0.935156 0.179688 0.935156 0.178223 0.935547 0.177734 0.935547 0.174805 0.935937 0.174316 0.935937 0.17334 0.936328 0.172852 0.936328 0.172363 0.936719 0.171875 0.936719 0.170898 0.937109 0.17041 0.937109 0.15918 0.936719 0.158691 0.936719 0.155762 0.937109 0.155273 0.937109 0.154785 0.936719 0.154297 0.936719 0.153809 0.936328 0.15332
2 0.701562 0.177734 0.701562 0.181152 0.701953 0.181641 0.702734 0.181641 0.703125 0.182129 0.705859 0.182129 0.70625 0.182617 0.710547 0.182617 0.710938 0.182129 0.716406 0.182129 0.716797 0.181641 0.71875 0.181641 0.719141 0.181152 0.720703 0.181152 0.721094 0.180664 0.725781 0.180664 0.726172 0.180176 0.734375 0.180176 0.734766 0.179688 0.747656 0.179688 0.748047 0.180176 0.752344 0.180176 0.752734 0.180664 0.755469 0.180664 0.755859 0.181152 0.757031 0.181152 0.757422 0.181641 0.758203 0.181641 0.758594 0.182129 0.760547 0.182129 0.760938 0.182617 0.763672 0.182617 0.764062 0.183105 0.766406 0.183105 0.766797 0.183594 0.76875 0.183594 0.769141 0.184082 0.771094 0.184082 0.771484 0.18457 0.772266 0.18457 0.772656 0.185059 0.773828 0.185059 0.774219 0.185547 0.777734 0.185547 0.778125 0.186035 0.781641 0.186035 0.782031 0.186523 0.798438 0.186523 0.798828 0.186035 0.801953 0.186035 0.802344 0.185547 0.805078 0.185547 0.805469 0.185059 0.807422 0.185059 0.807813 0.18457 0.808203 0.18457 0.808594 0.184082 0.808984 0.184082 0.809375 0.183594 0.810156 0.183594 0.810547 0.183105 0.811328 0.183105 0.811719 0.182617 0.812109 0.182617 0.8125 0.182129 0.812891 0.182129 0.813672 0.181152 0.813672 0.177734 0.813281 0.177246 0.812891 0.177246 0.811328 0.175293 0.811328 0.174805 0.810937 0.174316 0.810547 0.174316 0.810156 0.173828 0.809766 0.173828 0.809375 0.174316 0.807422 0.174316 0.807031 0.174805 0.805078 0.174805 0.804688 0.175293 0.803125 0.175293 0.802734 0.175781 0.800781 0.175781 0.800391 0.175293 0.795312 0.175293 0.794922 0.175781 0.791406 0.175781 0.791016 0.175293 0.788281 0.175293 0.787891 0.174805 0.785547 0.174805 0.785156 0.174316 0.782813 0.174316 0.782422 0.173828 0.780859 0.173828 0.780469 0.17334 0.778516 0.17334 0.778125 0.172852 0.775781 0.172852 0.775391 0.172363 0.772266 0.172363 0.771875 0.171875 0.770703 0.171875 0.770312 0.171387 0.769141 0.171387 0.76875 0.170898 0.767578 0.170898 0.767188 0.17041 0.762891 0.17041 0.7625 0.169922 0.757812 0.169922 0.757422 0.169434 0.751953 0.169434 0.751563 0.168945 0.735938 0.168945 0.735547 0.169434 0.730078 0.169434 0.729688 0.169922 0.726172 0.169922 0.725781 0.17041 0.723047 0.17041 0.722656 0.170898 0.720313 0.170898 0.719922 0.171387 0.717969 0.171387 0.717578 0.171875 0.716016 0.171875 0.715625 0.172363 0.712891 0.172363 0.7125 0.172852 0.709766 0.172852 0.709375 0.17334 0.707422 0.17334 0.707031 0.173828 0.705469 0.173828 0.705078 0.174316 0.704688 0.174316 0.704297 0.174805 0.703906 0.174805
2 0.633203 0 0.620313 0 0.620313 0.000976562 0.619531 0.00195312 0.619141 0.00195312 0.61875 0.00244141 0.618359 0.00244141 0.617578 0.00341797 0.617188 0.00341797 0.616797 0.00390625 0.616406 0.00390625 0.615234 0.00537109 0.614844 0.00537109 0.614062 0.00634766 0.613672 0.00634766 0.613281 0.00683594 0.612891 0.00683594 0.6125 0.00732422 0.612109 0.00732422 0.611719 0.0078125 0.610938 0.0078125 0.610156 0.00878906 0.609766 0.00878906 0.609375 0.00927734 0.608984 0.00927734 0.607812 0.0107422 0.607422 0.0107422 0.60625 0.012207 0.605859 0.012207 0.605469 0.0126953 0.605078 0.0126953 0.604297 0.0136719 0.603906 0.0136719 0.603516 0.0141602 0.603125 0.0141602 0.601953 0.015625 0.601562 0.015625 0.600781 0.0166016 0.600391 0.0166016 0.6 0.0170898 0.599609 0.0170898 0.599219 0.0175781 0.598828 0.0175781 0.598047 0.0185547 0.597656 0.0185547 0.596875 0.0195312 0.596484 0.0195312 0.595313 0.0209961 0.594922 0.0209961 0.59375 0.0224609 0.593359 0.0224609 0.592578 0.0234375 0.592187 0.0234375 0.591406 0.0244141 0.591016 0.0244141 0.590625 0.0249023 0.590234 0.0249023 0.589453 0.0258789 0.589063 0.0258789 0.588281 0.0268555 0.587891 0.0268555 0.5875 0.0273438 0.587109 0.0273438 0.586719 0.027832 0.586328 0.027832 0.585547 0.0288086 0.585156 0.0288086 0.584766 0.0292969 0.584375 0.0292969 0.583984 0.0297852 0.583594 0.0297852 0.583203 0.0302734 0.582812 0.0302734 0.582422 0.0307617 0.581641 0.0307617 0.58125 0.03125 0.580859 0.03125 0.580469 0.0317383 0.579688 0.0317383 0.579297 0.0322266 0.578906 0.0322266 0.578516 0.0327148 0.578125 0.0327148 0.577734 0.0332031 0.577344 0.0332031 0.576562 0.0341797 0.576172 0.0341797 0.575781 0.034668 0.575391 0.034668 0.575 0.0351562 0.574609 0.0351562 0.574219 0.0356445 0.573828 0.0356445 0.573438 0.0361328 0.573047 0.0361328 0.572656 0.0366211 0.571875 0.0366211 0.571484 0.0371094 0.571094 0.0371094 0.570703 0.0375977 0.570312 0.0375977 0.569922 0.0380859 0.569531 0.0380859 0.569141 0.0385742 0.568359 0.0385742 0.567969 0.0390625 0.567187 0.0390625 0.566797 0.0395508 0.565625 0.0395508 0.565234 0.0400391 0.564063 0.0400391 0.563672 0.0405273 0.563281 0.0405273 0.562891 0.0410156 0.5625 0.0410156 0.562109 0.0415039 0.561719 0.0415039 0.561328 0.0419922 0.560937 0.0419922 0.560547 0.0424805 0.559766 0.0424805 0.559375 0.0429688 0.558984 0.0429688 0.558594 0.043457 0.557422 0.043457 0.557031 0.0439453 0.555859 0.0439453 0.555469 0.0444336 0.554688 0.0444336 0.554297 0.0449219 0.553516 0.0449219 0.553125 0.0454102 0.552344 0.0454102 0.551953 0.0458984 0.551172 0.0458984 0.550781 0.0463867 0.55 0.0463867 0.549609 0.046875 0.548438 0.046875 0.548047 0.0473633 0.547266 0.0473633 0.546875 0.0478516 0.546094 0.0478516 0.545703 0.0483398 0.544922 0.0483398 0.544531 0.0488281 0.544141 0.0488281 0.54375 0.0493164 0.543359 0.0493164 0.542969 0.0498047 0.542578 0.0498047 0.542188 0.050293 0.541797 0.050293 0.541406 0.0507812 0.541016 0.0507812 0.540625 0.0512695 0.540234 0.0512695 0.539453 0.0522461 0.539453 0.0527344 0.538672 0.0537109 0.538672 0.0541992 0.5375 0.0556641 0.5375 0.0576172 0.539844 0.0605469 0.540234 0.0605469 0.540625 0.0610352 0.542578 0.0610352 0.542969 0.0615234 0.545703 0.0615234 0.546094 0.0610352 0.547266 0.0610352 0.547656 0.0605469 0.549219 0.0605469 0.549609 0.0600586 0.551172 0.0600586 0.551562 0.0595703 0.552734 0.0595703 0.553125 0.059082 0.553906 0.059082 0.554297 0.0585938 0.555469 0.0585938 0.555859 0.0581055 0.557031 0.0581055 0.557422 0.0576172 0.558594 0.0576172 0.558984 0.0571289 0.559766 0.0571289 0.560156 0.0566406 0.560937 0.0566406 0.561328 0.0561523 0.5625 0.0561523 0.562891 0.0556641 0.564063 0.0556641 0.564453 0.0551758 0.565234 0.0551758 0.565625 0.0546875 0.566406 0.0546875 0.566797 0.0541992 0.567578 0.0541992 0.567969 0.0537109 0.56875 0.0537109 0.569141 0.0532227 0.569922 0.0532227 0.570312 0.0527344 0.570703 0.0527344 0.571094 0.0522461 0.571875 0.0522461 0.572266 0.0517578 0.572656 0.0517578 0.573047 0.0512695 0.573828 0.0512695 0.574219 0.0507812 0.574609 0.0507812 0.575 0.050293 0.575391 0.050293 0.575781 0.0498047 0.576562 0.0498047 0.576953 0.0493164 0.577344 0.0493164 0.577734 0.0488281 0.578125 0.0488281 0.578516 0.0483398 0.578906 0.0483398 0.579297 0.0478516 0.580078 0.0478516 0.580469 0.0473633 0.580859 0.0473633 0.58125 0.046875 0.581641 0.046875 0.582031 0.0463867 0.582812 0.0463867 0.583203 0.0458984 0.583984 0.0458984 0.584375 0.0454102 0.584766 0.0454102 0.585156 0.0449219 0.585547 0.0449219 0.585938 0.0444336 0.586328 0.0444336 0.586719 0.0439453 0.587109 0.0439453 0.5875 0.043457 0.587891 0.043457 0.588281 0.0429688 0.588672 0.0429688 0.589063 0.0424805 0.589453 0.0424805 0.589844 0.0419922 0.590234 0.0419922 0.590625 0.0415039 0.591016 0.0415039 0.591797 0.0405273 0.592187 0.0405273 0.592578 0.0400391 0.592969 0.0400391 0.59375 0.0390625 0.594141 0.0390625 0.594531 0.0385742 0.594922 0.0385742 0.595313 0.0380859 0.595703 0.0380859 0.596484 0.0371094 0.596875 0.0371094 0.597656 0.0361328 0.598047 0.0361328 0.598828 0.0351562 0.599219 0.0351562 0.599609 0.034668 0.6 0.034668 0.601172 0.0332031 0.601562 0.0332031 0.602344 0.0322266 0.602734 0.0322266 0.603516 0.03125 0.603906 0.03125 0.604297 0.0307617 0.604688 0.0307617 0.605078 0.0302734 0.605859 0.0302734 0.60625 0.0297852 0.606641 0.0297852 0.607031 0.0292969 0.607422 0.0292969 0.609766 0.0263672 0.610156 0.0263672 0.611719 0.0244141 0.612109 0.0244141 0.614062 0.0219727 0.614453 0.0219727 0.616406 0.0195312 0.616797 0.0195312 0.619531 0.0161133 0.619922 0.0161133 0.621094 0.0146484 0.621484 0.0146484 0.622656 0.0131836 0.623047 0.0131836 0.624609 0.0112305 0.625 0.0112305 0.626172 0.00976562 0.626563 0.00976562 0.627344 0.00878906 0.627734 0.00878906 0.628906 0.00732422 0.629297 0.00732422 0.632812 0.00292969 0.632812 0.00244141 0.633203 0.00195312
2 0.139844 0.324219 0.139453 0.324219 0.139063 0.32373 0.138281 0.32373 0.137891 0.323242 0.136328 0.323242 0.135937 0.322754 0.133984 0.322754 0.133594 0.323242 0.132422 0.323242 0.132031 0.32373 0.130859 0.32373 0.130469 0.324219 0.129688 0.324219 0.129297 0.324707 0.128906 0.324707 0.128516 0.325195 0.127734 0.325195 0.127344 0.325684 0.126953 0.325684 0.126562 0.326172 0.126172 0.326172 0.125781 0.32666 0.125391 0.32666 0.124219 0.328125 0.123828 0.328125 0.123047 0.329102 0.122656 0.329102 0.122266 0.32959 0.121875 0.32959 0.121484 0.330078 0.121094 0.330078 0.120703 0.330566 0.120313 0.330566 0.119922 0.331055 0.119531 0.331055 0.119141 0.331543 0.11875 0.331543 0.117969 0.33252 0.117578 0.33252 0.116016 0.334473 0.115625 0.334473 0.114844 0.335449 0.114453 0.335449 0.114062 0.335938 0.113672 0.335938 0.113281 0.336426 0.112891 0.336426 0.1125 0.336914 0.112109 0.336914 0.111719 0.337402 0.111328 0.337402 0.109766 0.339355 0.109375 0.339355 0.108594 0.340332 0.108203 0.340332 0.107422 0.341309 0.107031 0.341309 0.10625 0.342285 0.105859 0.342285 0.105078 0.343262 0.104688 0.343262 0.104297 0.34375 0.103906 0.34375 0.103125 0.344727 0.102734 0.344727 0.0992187 0.349121 0.0988281 0.349121 0.096875 0.351562 0.0964844 0.351562 0.0945312 0.354004 0.0945312 0.354492 0.0941406 0.35498 0.0941406 0.355469 0.0929688 0.356934 0.0929688 0.357422 0.0914062 0.359375 0.0914062 0.359863 0.0867187 0.365723 0.0867187 0.366211 0.0851563 0.368164 0.0851563 0.368652 0.084375 0.369629 0.084375 0.370117 0.0835937 0.371094 0.0835937 0.371582 0.0832031 0.37207 0.0832031 0.372559 0.0828125 0.373047 0.0828125 0.373535 0.0820312 0.374512 0.0820312 0.375 0.0816406 0.375488 0.0816406 0.375977 0.0808594 0.376953 0.0808594 0.37793 0.0804688 0.378418 0.0804688 0.380859 0.0800781 0.381348 0.0800781 0.383301 0.0796875 0.383789 0.0796875 0.393555 0.0800781 0.394043 0.0800781 0.395996 0.0804688 0.396484 0.0804688 0.397949 0.0808594 0.398438 0.0808594 0.399414 0.08125 0.399902 0.08125 0.401367 0.0816406 0.401855 0.0816406 0.402344 0.0820312 0.402832 0.0820312 0.40332 0.0824219 0.403809 0.0824219 0.404297 0.0828125 0.404785 0.0828125 0.405273 0.0832031 0.405762 0.0832031 0.406738 0.0835937 0.407227 0.0835937 0.408203 0.0851563 0.410156 0.0851563 0.410645 0.0859375 0.411621 0.0859375 0.412109 0.0863281 0.412598 0.0863281 0.413086 0.0867187 0.413574 0.0867187 0.414062 0.0871094 0.414551 0.0871094 0.415039 0.0875 0.415527 0.0875 0.416016 0.0914062 0.420898 0.0917969 0.420898 0.0921875 0.421387 0.0925781 0.421387 0.0929688 0.420898 0.0933594 0.420898 0.0945312 0.419434 0.0945312 0.418945 0.0949219 0.418457 0.0949219 0.415039 0.0945312 0.414551 0.0945312 0.414062 0.0941406 0.413574 0.0941406 0.413086 0.09375 0.412598 0.09375 0.412109 0.0933594 0.411621 0.0933594 0.410645 0.0929688 0.410156 0.0929688 0.40918 0.0925781 0.408691 0.0925781 0.407227 0.0921875 0.406738 0.0921875 0.40625 0.0917969 0.405762 0.0917969 0.405273 0.0914062 0.404785 0.0914062 0.403809 0.0910156 0.40332 0.0910156 0.401367 0.090625 0.400879 0.090625 0.398926 0.0902344 0.398438 0.0902344 0.397461 0.0898438 0.396973 0.0898438 0.388672 0.0902344 0.388184 0.0902344 0.387207 0.090625 0.386719 0.090625 0.38623 0.0910156 0.385742 0.0910156 0.385254 0.0914062 0.384766 0.0914062 0.383789 0.0917969 0.383301 0.0917969 0.382812 0.0921875 0.382324 0.0921875 0.381836 0.0925781 0.381348 0.0925781 0.380859 0.0929688 0.380371 0.0929688 0.379395 0.0933594 0.378906 0.0933594 0.37793 0.09375 0.377441 0.09375 0.376953 0.0945312 0.375977 0.0945312 0.375488 0.0957031 0.374023 0.0957031 0.373535 0.0972656 0.371582 0.0972656 0.371094 0.0980469 0.370117 0.0980469 0.369629 0.0988281 0.368652 0.0988281 0.368164 0.101562 0.364746 0.101562 0.364258 0.105859 0.358887 0.10625 0.358887 0.107422 0.357422 0.107813 0.357422 0.114062 0.349609 0.114453 0.349609 0.115625 0.348145 0.116016 0.348145 0.117188 0.34668 0.117578 0.34668 0.117969 0.346191 0.118359 0.346191 0.119141 0.345215 0.119531 0.345215 0.120313 0.344238 0.120703 0.344238 0.121094 0.34375 0.121484 0.34375 0.122266 0.342773 0.122656 0.342773 0.123047 0.342285 0.123438 0.342285 0.123828 0.341797 0.124219 0.341797 0.125 0.34082 0.125391 0.34082 0.125781 0.340332 0.126562 0.340332 0.126953 0.339844 0.127344 0.339844 0.128125 0.338867 0.128516 0.338867 0.129688 0.337402 0.130078 0.337402 0.130859 0.336426 0.13125 0.336426 0.131641 0.335938 0.132031 0.335938 0.132422 0.335449 0.132812 0.335449 0.133594 0.334473 0.133984 0.334473 0.134375 0.333984 0.134766 0.333984 0.135547 0.333008 0.135937 0.333008 0.136719 0.332031 0.137109 0.332031 0.139063 0.32959 0.139063 0.329102 0.140625 0.327148 0.140625 0.325195
2 0.282813 0.361328 0.282031 0.361328 0.281641 0.36084 0.274609 0.36084 0.274219 0.361328 0.272266 0.361328 0.271875 0.361816 0.270313 0.361816 0.269922 0.362305 0.26875 0.362305 0.268359 0.362793 0.267578 0.362793 0.267188 0.363281 0.266797 0.363281 0.266406 0.36377 0.266016 0.36377 0.265625 0.364258 0.265234 0.364258 0.264844 0.364746 0.264453 0.364746 0.263672 0.365723 0.263281 0.365723 0.2625 0.366699 0.262109 0.366699 0.261719 0.367188 0.261328 0.367188 0.260937 0.367676 0.260547 0.367676 0.260156 0.368164 0.259766 0.368164 0.259375 0.368652 0.258984 0.368652 0.258203 0.369629 0.258203 0.370117 0.257422 0.371094 0.257031 0.371094 0.255078 0.373535 0.255078 0.374023 0.253516 0.375977 0.253516 0.376465 0.252734 0.377441 0.252734 0.378418 0.252344 0.378906 0.252344 0.380371 0.251953 0.380859 0.251953 0.381836 0.251563 0.382324 0.251563 0.383789 0.251172 0.384277 0.251172 0.38623 0.251563 0.386719 0.251563 0.394531 0.251953 0.39502 0.251953 0.396973 0.252344 0.397461 0.252344 0.399414 0.252734 0.399902 0.252734 0.400879 0.253125 0.401367 0.253125 0.401855 0.253516 0.402344 0.253516 0.402832 0.253906 0.40332 0.253906 0.404297 0.254688 0.405273 0.254688 0.405762 0.255469 0.406738 0.255469 0.407227 0.257422 0.409668 0.257812 0.409668 0.258594 0.410645 0.258594 0.411133 0.258984 0.411621 0.259375 0.411621 0.259766 0.412109 0.263281 0.412109 0.264062 0.411133 0.264062 0.410645 0.264453 0.410156 0.264453 0.403809 0.264062 0.40332 0.264062 0.402344 0.263672 0.401855 0.263672 0.400879 0.263281 0.400391 0.263281 0.399902 0.262891 0.399414 0.262891 0.398926 0.2625 0.398438 0.2625 0.397949 0.261719 0.396973 0.261719 0.396484 0.261328 0.395996 0.261328 0.393066 0.260937 0.392578 0.261328 0.39209 0.261328 0.388672 0.261719 0.388184 0.261719 0.387695 0.262109 0.387207 0.262109 0.386719 0.2625 0.38623 0.2625 0.385742 0.262891 0.385254 0.262891 0.384766 0.263281 0.384277 0.263281 0.383789 0.265234 0.381348 0.265234 0.380859 0.266406 0.379395 0.266406 0.378906 0.266797 0.378418 0.267188 0.378418 0.269141 0.375977 0.269531 0.375977 0.270313 0.375 0.271094 0.375 0.271484 0.374512 0.271875 0.374512 0.272266 0.374023 0.272656 0.374023 0.273047 0.373535 0.273438 0.373535 0.273828 0.373047 0.274219 0.373047 0.274609 0.372559 0.275 0.372559 0.275391 0.37207 0.276172 0.37207 0.276562 0.371582 0.276953 0.371582 0.277344 0.371094 0.277734 0.371094 0.278125 0.370605 0.278516 0.370605 0.278906 0.370117 0.279297 0.370117 0.279687 0.369629 0.280078 0.369629 0.280469 0.369141 0.280859 0.369141 0.282031 0.367676 0.282422 0.367676 0.283984 0.365723 0.283984 0.36377 0.283594 0.363281 0.283594 0.362793 0.283203 0.362305 0.283203 0.361816
2 0.170703 0.853027 0.170703 0.854492 0.171094 0.854492 0.172266 0.855957 0.172656 0.855957 0.173437 0.856934 0.173828 0.856934 0.174219 0.857422 0.175 0.857422 0.175391 0.85791 0.176172 0.85791 0.176563 0.858398 0.177734 0.858398 0.178125 0.858887 0.179297 0.858887 0.179688 0.859375 0.180859 0.859375 0.18125 0.859863 0.182422 0.859863 0.182812 0.860352 0.183594 0.860352 0.183984 0.86084 0.184766 0.86084 0.185156 0.861328 0.185938 0.861328 0.186328 0.861816 0.1875 0.861816 0.187891 0.862305 0.188672 0.862305 0.189062 0.862793 0.191016 0.862793 0.191406 0.863281 0.193359 0.863281 0.19375 0.86377 0.194922 0.86377 0.195312 0.864258 0.196484 0.864258 0.196875 0.864746 0.198437 0.864746 0.198828 0.865234 0.2 0.865234 0.200391 0.865723 0.201953 0.865723 0.202344 0.866211 0.204297 0.866211 0.204687 0.866699 0.20625 0.866699 0.206641 0.867188 0.207813 0.867188 0.208203 0.867676 0.208984 0.867676 0.209375 0.868164 0.210938 0.868164 0.211328 0.868652 0.2125 0.868652 0.212891 0.869141 0.214844 0.869141 0.215234 0.869629 0.216797 0.869629 0.217188 0.870117 0.218359 0.870117 0.21875 0.870605 0.219922 0.870605 0.220312 0.871094 0.222656 0.871094 0.223047 0.871582 0.225 0.871582 0.225391 0.87207 0.227344 0.87207 0.227734 0.872559 0.230469 0.872559 0.230859 0.873047 0.233984 0.873047 0.234375 0.873535 0.238672 0.873535 0.239063 0.874023 0.247266 0.874023 0.247656 0.874512 0.267578 0.874512 0.267969 0.875 0.287891 0.875 0.288281 0.874512 0.289844 0.874512 0.290234 0.874023 0.291016 0.874023 0.291406 0.873535 0.291797 0.873535 0.292578 0.872559 0.292578 0.87207 0.292969 0.871582 0.292969 0.870605 0.293359 0.870117 0.293359 0.868164 0.292969 0.867676 0.292969 0.866699 0.292578 0.866211 0.292578 0.865723 0.291797 0.864746 0.291406 0.864746 0.291016 0.864258 0.290234 0.864258 0.289844 0.86377 0.288281 0.86377 0.287891 0.863281 0.286719 0.863281 0.286328 0.862793 0.284766 0.862793 0.284375 0.862305 0.282422 0.862305 0.282031 0.861816 0.280469 0.861816 0.280078 0.861328 0.278125 0.861328 0.277734 0.86084 0.271094 0.86084 0.270703 0.860352 0.269141 0.860352 0.26875 0.859863 0.266016 0.859863 0.265625 0.859375 0.262891 0.859375 0.2625 0.858887 0.261328 0.858887 0.260937 0.858398 0.259375 0.858398 0.258984 0.85791 0.255469 0.85791 0.255078 0.857422 0.253125 0.857422 0.252734 0.856934 0.249219 0.856934 0.248828 0.856445 0.245312 0.856445 0.244922 0.855957 0.242578 0.855957 0.242188 0.855469 0.240234 0.855469 0.239844 0.85498 0.2375 0.85498 0.237109 0.854492 0.234375 0.854492 0.233984 0.854004 0.232031 0.854004 0.231641 0.853516 0.230078 0.853516 0.229687 0.853027 0.226953 0.853027 0.226562 0.852539 0.223438 0.852539 0.223047 0.852051 0.212109 0.852051 0.211719 0.852539 0.209766 0.852539 0.209375 0.853027 0.206641 0.853027 0.20625 0.852539 0.203906 0.852539 0.203516 0.853027 0.200391 0.853027 0.2 0.852539 0.193359 0.852539 0.192969 0.852051 0.190625 0.852051 0.190234 0.851562 0.183594 0.851562 0.183203 0.851074 0.178125 0.851074 0.177734 0.851562 0.172656 0.851562 0.172266 0.852051 0.171875 0.852051 0.171484 0.852539 0.171094 0.852539
2 0.344531 0.734375 0.34375 0.735352 0.343359 0.735352 0.342969 0.73584 0.342969 0.736328 0.342578 0.736816 0.342578 0.737305 0.342187 0.737793 0.342187 0.74707 0.341797 0.747559 0.341797 0.752441 0.342187 0.75293 0.342187 0.758301 0.342578 0.758789 0.342578 0.763184 0.342969 0.763672 0.342969 0.766113 0.343359 0.766602 0.343359 0.769531 0.34375 0.77002 0.34375 0.772461 0.344141 0.772949 0.344141 0.774902 0.344531 0.775391 0.344531 0.777344 0.344922 0.777832 0.344922 0.780762 0.345313 0.78125 0.345313 0.783691 0.345703 0.78418 0.345703 0.786621 0.346094 0.787109 0.346094 0.789551 0.346484 0.790039 0.346484 0.79248 0.346875 0.792969 0.346875 0.794922 0.347266 0.79541 0.347266 0.796387 0.347656 0.796875 0.347656 0.79834 0.348047 0.798828 0.348047 0.800781 0.348438 0.80127 0.348438 0.803223 0.348828 0.803711 0.348828 0.804688 0.349219 0.805176 0.349219 0.806152 0.349609 0.806641 0.349609 0.807617 0.35 0.808105 0.35 0.80957 0.350391 0.810059 0.350391 0.811523 0.350781 0.812012 0.350781 0.813477 0.351172 0.813965 0.351172 0.815918 0.351562 0.816406 0.351562 0.817871 0.351953 0.818359 0.351953 0.820312 0.352344 0.820801 0.352344 0.822754 0.352734 0.823242 0.352734 0.824219 0.353125 0.824707 0.353125 0.825684 0.353516 0.826172 0.353516 0.827148 0.353906 0.827637 0.353906 0.828125 0.354297 0.828613 0.354297 0.82959 0.354687 0.830078 0.354687 0.831543 0.355078 0.832031 0.355078 0.833008 0.355469 0.833496 0.355469 0.834961 0.355859 0.835449 0.355859 0.835938 0.35625 0.836426 0.35625 0.837891 0.356641 0.838379 0.356641 0.839844 0.357031 0.840332 0.357031 0.841309 0.357422 0.841797 0.357422 0.842773 0.357812 0.843262 0.357812 0.844238 0.358203 0.844727 0.358203 0.845215 0.358594 0.845703 0.358594 0.84668 0.358984 0.847168 0.358984 0.847656 0.359375 0.848145 0.359375 0.849121 0.359766 0.849609 0.359766 0.850586 0.360156 0.851074 0.360156 0.852539 0.360547 0.853027 0.360547 0.854492 0.360938 0.85498 0.360938 0.855469 0.361328 0.855957 0.361328 0.856445 0.361719 0.856934 0.361719 0.857422 0.362109 0.85791 0.362109 0.858398 0.3625 0.858887 0.3625 0.859375 0.362891 0.859863 0.362891 0.860352 0.363281 0.86084 0.363281 0.861816 0.363672 0.862305 0.363672 0.862793 0.364063 0.863281 0.364063 0.86377 0.364453 0.864258 0.364453 0.865234 0.364844 0.865723 0.364844 0.866211 0.365234 0.866699 0.365234 0.867188 0.365625 0.867676 0.365625 0.868652 0.366016 0.869141 0.366016 0.869629 0.36875 0.873047 0.371094 0.873047 0.371484 0.872559 0.372266 0.872559 0.373437 0.871094 0.373437 0.870605 0.373828 0.870117 0.373828 0.862305 0.373437 0.861816 0.373437 0.859863 0.373047 0.859375 0.373047 0.85791 0.372656 0.857422 0.372656 0.855469 0.372266 0.85498 0.372266 0.853516 0.371875 0.853027 0.371875 0.852051 0.371484 0.851562 0.371484 0.850586 0.371094 0.850098 0.371094 0.849121 0.370703 0.848633 0.370703 0.84668 0.370312 0.846191 0.370312 0.844727 0.369922 0.844238 0.369922 0.842773 0.369531 0.842285 0.369531 0.84082 0.369141 0.840332 0.369141 0.838379 0.36875 0.837891 0.36875 0.836914 0.368359 0.836426 0.368359 0.835449 0.367969 0.834961 0.367969 0.833984 0.367578 0.833496 0.367578 0.832031 0.367188 0.831543 0.367188 0.82959 0.366797 0.829102 0.366797 0.827637 0.366406 0.827148 0.366406 0.825684 0.366016 0.825195 0.366016 0.82373 0.365625 0.823242 0.365625 0.822266 0.365234 0.821777 0.365234 0.819824 0.364844 0.819336 0.364844 0.817871 0.364453 0.817383 0.364453 0.815918 0.364063 0.81543 0.364063 0.813965 0.363672 0.813477 0.363672 0.812012 0.363281 0.811523 0.363281 0.810059 0.362891 0.80957 0.362891 0.807617 0.3625 0.807129 0.3625 0.805664 0.362109 0.805176 0.362109 0.804199 0.361719 0.803711 0.361719 0.802734 0.361328 0.802246 0.361328 0.800781 0.360938 0.800293 0.360938 0.798828 0.360547 0.79834 0.360547 0.797363 0.360156 0.796875 0.360156 0.795898 0.359766 0.79541 0.359766 0.794434 0.359375 0.793945 0.359375 0.792969 0.358984 0.79248 0.358984 0.791504 0.358594 0.791016 0.358594 0.790039 0.358203 0.789551 0.358203 0.787598 0.357812 0.787109 0.357812 0.786133 0.357422 0.785645 0.357422 0.785156 0.357031 0.784668 0.357031 0.783691 0.356641 0.783203 0.356641 0.782227 0.35625 0.781738 0.35625 0.780762 0.355859 0.780273 0.355859 0.779297 0.355469 0.778809 0.355469 0.777344 0.355078 0.776855 0.355078 0.775391 0.354687 0.774902 0.354687 0.774414 0.354297 0.773926 0.354297 0.773438 0.353906 0.772949 0.353906 0.772461 0.353516 0.771973 0.353516 0.771484 0.353125 0.770996 0.353125 0.77002 0.352734 0.769531 0.352734 0.767578 0.352344 0.76709 0.352344 0.765625 0.351953 0.765137 0.351953 0.763672 0.351562 0.763184 0.351562 0.761719 0.351172 0.76123 0.351172 0.760254 0.350781 0.759766 0.350781 0.757812 0.350391 0.757324 0.350391 0.755371 0.35 0.754883 0.35 0.753418 0.349609 0.75293 0.349609 0.751465 0.349219 0.750977 0.349219 0.749512 0.348828 0.749023 0.348828 0.748047 0.348438 0.747559 0.348438 0.745605 0.348047 0.745117 0.348047 0.743652 0.347656 0.743164 0.347656 0.740723 0.347266 0.740234 0.347266 0.737793 0.346875 0.737305 0.346875 0.736328 0.346484 0.73584 0.346484 0.735352 0.345703 0.734375
2 0.426953 0.755371 0.425 0.757812 0.424609 0.757812 0.424219 0.758301 0.424219 0.758789 0.423438 0.759766 0.423438 0.760742 0.423047 0.76123 0.423047 0.762207 0.422656 0.762695 0.422656 0.764648 0.422266 0.765137 0.422266 0.767578 0.421875 0.768066 0.421875 0.77002 0.421484 0.770508 0.421484 0.773438 0.421094 0.773926 0.421094 0.776367 0.420703 0.776855 0.420703 0.779297 0.420312 0.779785 0.420312 0.782715 0.419922 0.783203 0.419922 0.790527 0.419531 0.791016 0.419531 0.810547 0.419922 0.811035 0.419922 0.818848 0.420312 0.819336 0.420312 0.823242 0.420703 0.82373 0.420703 0.827637 0.421094 0.828125 0.421094 0.832031 0.421484 0.83252 0.421484 0.836426 0.421875 0.836914 0.421875 0.839844 0.422266 0.840332 0.422266 0.841797 0.422656 0.842285 0.422656 0.844238 0.423047 0.844727 0.423047 0.846191 0.423438 0.84668 0.423438 0.848145 0.423828 0.848633 0.423828 0.849609 0.424219 0.850098 0.424219 0.852051 0.424609 0.852539 0.424609 0.854004 0.425 0.854492 0.425 0.855957 0.425391 0.856445 0.425391 0.857422 0.425781 0.85791 0.425781 0.859863 0.426172 0.860352 0.426172 0.862793 0.426563 0.863281 0.426563 0.864746 0.426953 0.865234 0.426953 0.867188 0.427344 0.867676 0.427344 0.869629 0.427734 0.870117 0.427734 0.871094 0.428125 0.871582 0.428125 0.87207 0.428516 0.872559 0.428516 0.873535 0.428906 0.874023 0.428906 0.875977 0.429297 0.876465 0.429297 0.87793 0.429688 0.878418 0.429688 0.880371 0.430078 0.880859 0.430078 0.882324 0.430469 0.882812 0.430469 0.883789 0.430859 0.884277 0.430859 0.885742 0.43125 0.88623 0.43125 0.887695 0.431641 0.888184 0.431641 0.88916 0.432031 0.889648 0.432031 0.890137 0.432422 0.890625 0.432422 0.891113 0.432812 0.891602 0.432812 0.892578 0.433203 0.893066 0.433203 0.893555 0.433594 0.894043 0.433594 0.894531 0.433984 0.89502 0.433984 0.895508 0.434375 0.895996 0.434375 0.896484 0.434766 0.896973 0.434766 0.897461 0.435937 0.898926 0.437109 0.898926 0.4375 0.898438 0.439063 0.898438 0.440234 0.896973 0.440234 0.895508 0.440625 0.89502 0.440625 0.884277 0.440234 0.883789 0.440234 0.877441 0.439844 0.876953 0.439844 0.875488 0.439453 0.875 0.439453 0.873535 0.439063 0.873047 0.439063 0.870117 0.438672 0.869629 0.438672 0.867188 0.438281 0.866699 0.438281 0.864746 0.437891 0.864258 0.437891 0.860352 0.4375 0.859863 0.4375 0.856445 0.437109 0.855957 0.437109 0.852051 0.436719 0.851562 0.436719 0.849609 0.436328 0.849121 0.436328 0.84668 0.435937 0.846191 0.435937 0.842773 0.435547 0.842285 0.435547 0.839844 0.435156 0.839355 0.435156 0.835938 0.434766 0.835449 0.434766 0.833008 0.434375 0.83252 0.434375 0.830566 0.433984 0.830078 0.433984 0.827148 0.433594 0.82666 0.433594 0.822754 0.433203 0.822266 0.433203 0.820312 0.432812 0.819824 0.432812 0.818359 0.432422 0.817871 0.432422 0.813965 0.432031 0.813477 0.432031 0.811035 0.431641 0.810547 0.431641 0.805664 0.43125 0.805176 0.43125 0.802246 0.430859 0.801758 0.430859 0.797363 0.430469 0.796875 0.430469 0.790527 0.430078 0.790039 0.430078 0.782715 0.429688 0.782227 0.429688 0.776855 0.430078 0.776367 0.430078 0.775879 0.429688 0.775391 0.429688 0.759766 0.429297 0.759277 0.429297 0.757812 0.428906 0.757324 0.428906 0.756348 0.428125 0.755371
2 0.5375 0.901367 0.537109 0.901367 0.536719 0.900879 0.535547 0.900879 0.535156 0.901367 0.532813 0.901367 0.529687 0.905273 0.529297 0.905273 0.528516 0.90625 0.528125 0.90625 0.527734 0.906738 0.527344 0.906738 0.526953 0.907227 0.526563 0.907227 0.526172 0.907715 0.525781 0.907715 0.525391 0.908203 0.525 0.908203 0.521094 0.913086 0.520703 0.913086 0.519141 0.915039 0.51875 0.915039 0.517188 0.916992 0.517188 0.91748 0.516797 0.917969 0.516797 0.918457 0.516406 0.918945 0.516406 0.919434 0.516016 0.919922 0.516016 0.92041 0.515625 0.920898 0.515625 0.921387 0.515234 0.921875 0.515234 0.922363 0.514844 0.922852 0.514844 0.92334 0.514062 0.924316 0.514062 0.925293 0.513672 0.925781 0.513672 0.92627 0.513281 0.926758 0.513281 0.927246 0.512891 0.927734 0.512891 0.928711 0.5125 0.929199 0.5125 0.929688 0.512109 0.930176 0.512109 0.930664 0.511719 0.931152 0.511719 0.932129 0.511328 0.932617 0.511328 0.933594 0.510938 0.934082 0.510938 0.935059 0.510547 0.935547 0.510547 0.936523 0.510156 0.937012 0.510156 0.9375 0.509766 0.937988 0.509766 0.938965 0.509375 0.939453 0.509375 0.943359 0.508984 0.943848 0.508984 0.95459 0.509375 0.955078 0.509375 0.956055 0.510156 0.957031 0.510156 0.95752 0.510547 0.95752 0.510938 0.958008 0.511328 0.958008 0.511719 0.958496 0.512109 0.958496 0.512891 0.959473 0.513281 0.959473 0.514062 0.958496 0.514062 0.958008 0.514453 0.95752 0.514453 0.955566 0.514844 0.955078 0.514844 0.95459 0.515234 0.954102 0.515234 0.953613 0.516797 0.95166 0.516797 0.946777 0.517188 0.946289 0.517578 0.946289 0.517969 0.945801 0.518359 0.945801 0.51875 0.945312 0.519141 0.945312 0.520312 0.943848 0.520312 0.943359 0.521094 0.942383 0.521094 0.941895 0.522266 0.94043 0.522266 0.939941 0.522656 0.939453 0.522656 0.938965 0.523047 0.938477 0.523047 0.937988 0.523438 0.9375 0.523438 0.937012 0.524609 0.935547 0.524609 0.935059 0.526563 0.932617 0.526563 0.932129 0.527344 0.931152 0.527344 0.930664 0.530078 0.927246 0.530078 0.926758 0.530469 0.92627 0.530469 0.925781 0.53125 0.924805 0.53125 0.924316 0.5375 0.916504 0.5375 0.916016 0.538281 0.915039 0.538281 0.914551 0.539062 0.913574 0.539062 0.913086 0.539453 0.912598 0.539453 0.912109 0.539844 0.911621 0.539844 0.910156 0.540234 0.909668 0.540234 0.906738 0.539844 0.90625 0.539844 0.904785 0.539453 0.904297 0.539453 0.903809
2 0.630078 0.894531 0.628906 0.895996 0.628906 0.896484 0.628516 0.896973 0.628516 0.903809 0.628906 0.904297 0.628906 0.905273 0.629297 0.905762 0.629297 0.906738 0.629687 0.907227 0.629687 0.907715 0.630078 0.908203 0.630078 0.909668 0.630469 0.910156 0.630469 0.911133 0.630859 0.911621 0.630859 0.912109 0.63125 0.912598 0.63125 0.913574 0.631641 0.914062 0.631641 0.915039 0.632031 0.915527 0.632031 0.916992 0.632422 0.91748 0.632422 0.918457 0.632812 0.918945 0.632812 0.92041 0.633203 0.920898 0.633203 0.922363 0.633594 0.922852 0.633594 0.924316 0.633984 0.924805 0.633984 0.925781 0.634375 0.92627 0.634375 0.927734 0.634766 0.928223 0.634766 0.929199 0.635156 0.929688 0.635156 0.930664 0.635547 0.931152 0.635547 0.932129 0.635938 0.932617 0.635938 0.933594 0.636328 0.934082 0.636328 0.935059 0.636719 0.935547 0.636719 0.937012 0.637109 0.9375 0.637109 0.938477 0.6375 0.938965 0.6375 0.94043 0.637891 0.940918 0.637891 0.942383 0.638281 0.942871 0.638281 0.943848 0.638672 0.944336 0.638672 0.944824 0.639062 0.945312 0.639062 0.946289 0.639453 0.946777 0.639453 0.947266 0.639844 0.947754 0.639844 0.94873 0.640234 0.949219 0.640234 0.950195 0.640625 0.950684 0.640625 0.95166 0.641016 0.952148 0.641016 0.953125 0.641406 0.953613 0.641406 0.954102 0.641797 0.95459 0.641797 0.955566 0.642188 0.956055 0.642188 0.956543 0.642578 0.957031 0.642578 0.95752 0.642969 0.958008 0.642969 0.958496 0.644531 0.960449 0.644531 0.960938 0.645312 0.961914 0.645312 0.962402 0.645703 0.962891 0.645703 0.963379 0.646484 0.964355 0.646484 0.964844 0.647266 0.96582 0.647266 0.966309 0.647656 0.966797 0.647656 0.967285 0.648047 0.967773 0.648047 0.968262 0.648438 0.96875 0.648438 0.969727 0.648828 0.970215 0.648828 0.970703 0.649219 0.971191 0.649219 0.972168 0.649609 0.972656 0.649609 0.973633 0.65 0.974121 0.65 0.974609 0.650391 0.975098 0.650391 0.975586 0.650781 0.976074 0.650781 0.976562 0.651172 0.977051 0.651172 0.977539 0.651563 0.978027 0.651563 0.979004 0.651953 0.979492 0.651953 0.980957 0.652344 0.981445 0.652344 0.982422 0.652734 0.98291 0.652734 0.983887 0.653125 0.984375 0.653125 0.98584 0.653516 0.986328 0.653516 0.988281 0.653906 0.98877 0.653906 0.993164 0.653516 0.993652 0.653516 0.996582 0.653906 0.99707 0.653906 1 0.662109 1 0.662109 0.997559 0.6625 0.99707 0.6625 0.992676 0.662109 0.992188 0.662109 0.991211 0.661719 0.990723 0.661719 0.988281 0.661328 0.987793 0.661328 0.986328 0.660937 0.98584 0.660937 0.984863 0.660547 0.984375 0.660547 0.983887 0.660156 0.983398 0.660156 0.981934 0.659766 0.981445 0.659766 0.979492 0.659375 0.979004 0.659375 0.978027 0.658984 0.977539 0.658984 0.976074 0.658594 0.975586 0.658594 0.974609 0.658203 0.974121 0.658203 0.972656 0.657813 0.972168 0.657813 0.970703 0.657422 0.970215 0.657422 0.969238 0.657031 0.96875 0.657031 0.967773 0.656641 0.967285 0.656641 0.966309 0.65625 0.96582 0.65625 0.964844 0.655859 0.964355 0.655859 0.962891 0.655469 0.962402 0.655469 0.961426 0.655078 0.960938 0.655078 0.959473 0.654687 0.958984 0.654687 0.958008 0.654297 0.95752 0.654297 0.956543 0.653906 0.956055 0.653906 0.955078 0.653516 0.95459 0.653516 0.953613 0.653125 0.953125 0.653125 0.952148 0.652734 0.95166 0.652734 0.950684 0.652344 0.950195 0.652344 0.949219 0.651953 0.94873 0.651953 0.947754 0.651563 0.947266 0.651563 0.946289 0.650781 0.945312 0.650781 0.944824 0.65 0.943848 0.65 0.943359 0.649609 0.942871 0.649609 0.941895 0.649219 0.941406 0.649219 0.94043 0.648828 0.939941 0.648828 0.938965 0.648438 0.938477 0.648438 0.9375 0.648047 0.937012 0.648047 0.935547 0.647656 0.935059 0.647656 0.93457 0.647266 0.934082 0.647266 0.933105 0.646875 0.932617 0.646875 0.931641 0.646484 0.931152 0.646484 0.929688 0.646094 0.929199 0.646094 0.928223 0.645703 0.927734 0.645703 0.926758 0.645312 0.92627 0.645312 0.925781 0.644922 0.925293 0.644922 0.924316 0.644531 0.923828 0.644531 0.922852 0.644141 0.922363 0.644141 0.921875 0.64375 0.921387 0.64375 0.920898 0.643359 0.92041 0.643359 0.919434 0.642969 0.918945 0.642969 0.918457 0.642578 0.917969 0.642578 0.91748 0.642188 0.916992 0.642188 0.916016 0.641406 0.915039 0.641406 0.914551 0.641016 0.914062 0.641016 0.913574 0.640625 0.913086 0.640625 0.912109 0.640234 0.911621 0.640234 0.911133 0.639844 0.910645 0.639844 0.910156 0.639453 0.909668 0.639453 0.90918 0.639062 0.908691 0.639062 0.908203 0.638672 0.907715 0.638672 0.907227 0.638281 0.906738 0.638281 0.90625 0.637891 0.905762 0.637891 0.905273 0.6375 0.904785 0.6375 0.904297 0.637109 0.903809 0.637109 0.90332 0.636719 0.902832 0.636719 0.902344 0.636328 0.901855 0.636328 0.901367 0.635938 0.900879 0.635938 0.900391 0.635547 0.899902 0.635547 0.899414 0.633203 0.896484 0.633203 0.895996 0.632812 0.895996 0.631641 0.894531
2 0.302344 0.128418 0.301563 0.128418 0.301172 0.12793 0.3 0.12793 0.299609 0.127441 0.299219 0.127441 0.298828 0.12793 0.298438 0.12793 0.297266 0.129395 0.297266 0.129883 0.296484 0.130859 0.296484 0.131348 0.295703 0.132324 0.295703 0.132812 0.294922 0.133789 0.294922 0.134277 0.294141 0.135254 0.294141 0.135742 0.29375 0.13623 0.29375 0.136719 0.292969 0.137695 0.292969 0.138184 0.291797 0.139648 0.291797 0.140137 0.290234 0.14209 0.290234 0.142578 0.289844 0.143066 0.289844 0.143555 0.289453 0.144043 0.289453 0.144531 0.289062 0.14502 0.289062 0.145508 0.288672 0.145996 0.288672 0.146484 0.288281 0.146973 0.288281 0.147461 0.2875 0.148438 0.2875 0.148926 0.286719 0.149902 0.286719 0.150391 0.286328 0.150879 0.286328 0.151367 0.285547 0.152344 0.285547 0.152832 0.285156 0.15332 0.285156 0.153809 0.284375 0.154785 0.284375 0.155273 0.283203 0.156738 0.283203 0.157227 0.282422 0.158203 0.282422 0.15918 0.282031 0.159668 0.282031 0.160645 0.281641 0.161133 0.281641 0.162109 0.28125 0.162598 0.28125 0.163086 0.280859 0.163574 0.280859 0.164551 0.280469 0.165039 0.280469 0.165527 0.280078 0.166016 0.280078 0.166504 0.279687 0.166992 0.279687 0.16748 0.279297 0.167969 0.279297 0.168457 0.278906 0.168945 0.278906 0.169434 0.278516 0.169922 0.278516 0.170898 0.278125 0.171387 0.278125 0.171875 0.277734 0.172363 0.277734 0.172852 0.277344 0.17334 0.277344 0.173828 0.276953 0.174316 0.276953 0.174805 0.276172 0.175781 0.276172 0.17627 0.275781 0.176758 0.275781 0.177246 0.275 0.178223 0.275 0.178711 0.274219 0.179688 0.274219 0.180176 0.273828 0.180664 0.273828 0.181152 0.273438 0.181641 0.273438 0.182129 0.273047 0.182617 0.273047 0.183105 0.272656 0.183594 0.272656 0.184082 0.272266 0.18457 0.272266 0.185059 0.271875 0.185547 0.271875 0.186035 0.271484 0.186523 0.271484 0.187012 0.271094 0.1875 0.271094 0.187988 0.270313 0.188965 0.270313 0.189453 0.269922 0.189941 0.269922 0.19043 0.269531 0.190918 0.269531 0.191406 0.269141 0.191895 0.269141 0.192383 0.26875 0.192871 0.26875 0.193359 0.267969 0.194336 0.267969 0.194824 0.267578 0.195312 0.267578 0.195801 0.266797 0.196777 0.266797 0.197754 0.266406 0.198242 0.266406 0.199707 0.266016 0.200195 0.266016 0.201172 0.265625 0.20166 0.265625 0.202148 0.265234 0.202637 0.265234 0.203125 0.264844 0.203613 0.264844 0.204102 0.264453 0.20459 0.264453 0.205078 0.264062 0.205566 0.264062 0.206055 0.263672 0.206543 0.263672 0.20752 0.263281 0.208008 0.263281 0.208496 0.262891 0.208984 0.262891 0.209473 0.2625 0.209961 0.2625 0.210938 0.262109 0.211426 0.262109 0.211914 0.261719 0.212402 0.261719 0.212891 0.261328 0.213379 0.261328 0.213867 0.260937 0.214355 0.260937 0.214844 0.260547 0.215332 0.260547 0.216309 0.259766 0.217285 0.259766 0.217773 0.258594 0.219238 0.258594 0.219727 0.258203 0.220215 0.258203 0.220703 0.257812 0.221191 0.257812 0.222168 0.257422 0.222656 0.257422 0.223633 0.257031 0.224121 0.257031 0.224609 0.256641 0.225098 0.256641 0.225586 0.25625 0.226074 0.25625 0.226562 0.255859 0.227051 0.255859 0.227539 0.255469 0.228027 0.255469 0.228516 0.255078 0.229004 0.255078 0.229492 0.254688 0.22998 0.254688 0.230469 0.254297 0.230957 0.254297 0.231445 0.253906 0.231934 0.253906 0.232422 0.253516 0.23291 0.253516 0.233398 0.252344 0.234863 0.252344 0.235352 0.251563 0.236328 0.251563 0.237305 0.251172 0.237793 0.251172 0.239258 0.250781 0.239746 0.250781 0.240723 0.25 0.241699 0.25 0.242188 0.249609 0.242676 0.249609 0.243164 0.248828 0.244141 0.248828 0.244629 0.248438 0.245117 0.248438 0.245605 0.248047 0.246094 0.248047 0.246582 0.247266 0.247559 0.247266 0.248047 0.246875 0.248535 0.246484 0.248535 0.245703 0.249512 0.245312 0.249512 0.244922 0.25 0.244141 0.25 0.24375 0.250488 0.243359 0.250488 0.242969 0.250977 0.242578 0.250977 0.242188 0.251465 0.241797 0.251465 0.241016 0.252441 0.241016 0.254395 0.240625 0.254883 0.240625 0.256836 0.241016 0.257324 0.241016 0.258789 0.241406 0.259277 0.241406 0.259766 0.242188 0.260742 0.242578 0.260742 0.243359 0.261719 0.244141 0.261719 0.244531 0.262207 0.245703 0.262207 0.246094 0.261719 0.25 0.261719 0.250391 0.26123 0.250781 0.26123 0.250781 0.260742 0.251172 0.260254 0.251172 0.259766 0.251953 0.258789 0.252344 0.258789 0.252734 0.258301 0.253125 0.258301 0.253516 0.257812 0.253906 0.257812 0.255859 0.255371 0.255859 0.254883 0.256641 0.253906 0.256641 0.252441 0.257031 0.251953 0.257031 0.251465 0.257812 0.250488 0.257812 0.25 0.258203 0.249512 0.258203 0.249023 0.258594 0.248535 0.258594 0.248047 0.260156 0.246094 0.260156 0.245605 0.260937 0.244629 0.260937 0.244141 0.261328 0.243652 0.261328 0.243164 0.261719 0.242676 0.261719 0.242188 0.262891 0.240723 0.262891 0.240234 0.263281 0.239746 0.263281 0.239258 0.263672 0.23877 0.263672 0.238281 0.264062 0.237793 0.264062 0.237305 0.264453 0.236816 0.264453 0.236328 0.265234 0.235352 0.265234 0.234863 0.266016 0.233887 0.266016 0.233398 0.266797 0.232422 0.266797 0.231934 0.267188 0.231445 0.267188 0.230957 0.267578 0.230469 0.267578 0.22998 0.267969 0.229492 0.267969 0.228516 0.268359 0.228027 0.268359 0.227539 0.26875 0.227051 0.26875 0.226562 0.269141 0.226074 0.269141 0.225586 0.269531 0.225098 0.269531 0.224609 0.270313 0.223633 0.270313 0.223145 0.271094 0.222168 0.271094 0.22168 0.271484 0.221191 0.271484 0.220703 0.271875 0.220215 0.271875 0.219727 0.272266 0.219238 0.272266 0.21875 0.272656 0.218262 0.272656 0.217773 0.273047 0.217285 0.273047 0.216797 0.273438 0.216309 0.273438 0.21582 0.274219 0.214844 0.274219 0.214355 0.274609 0.213867 0.274609 0.213379 0.275 0.212891 0.275 0.212402 0.275391 0.211914 0.275391 0.211426 0.275781 0.210938 0.275781 0.210449 0.276172 0.209961 0.276172 0.209473 0.276953 0.208496 0.276953 0.208008 0.277344 0.20752 0.277344 0.207031 0.277734 0.206543 0.277734 0.206055 0.278516 0.205078 0.278516 0.20459 0.278906 0.204102 0.278906 0.203613 0.279687 0.202637 0.279687 0.202148 0.280078 0.20166 0.280078 0.200684 0.280469 0.200195 0.280469 0.199219 0.280859 0.19873 0.280859 0.197754 0.28125 0.197266 0.28125 0.196777 0.281641 0.196289 0.281641 0.195801 0.282031 0.195312 0.282031 0.194824 0.282813 0.193848 0.282813 0.193359 0.283203 0.192871 0.283203 0.191895 0.283594 0.191406 0.283594 0.190918 0.283984 0.19043 0.283984 0.189941 0.284375 0.189453 0.284375 0.188965 0.284766 0.188477 0.284766 0.187988 0.285156 0.1875 0.285156 0.187012 0.285547 0.186523 0.285547 0.186035 0.285938 0.185547 0.285938 0.185059 0.286328 0.18457 0.286328 0.184082 0.286719 0.183594 0.286719 0.183105 0.287109 0.182617 0.287109 0.182129 0.2875 0.181641 0.2875 0.181152 0.287891 0.180664 0.287891 0.180176 0.288281 0.179688 0.288281 0.179199 0.289062 0.178223 0.289062 0.177246 0.289453 0.176758 0.289453 0.17627 0.289844 0.175781 0.289844 0.175293 0.290625 0.174316 0.290625 0.173828 0.291016 0.17334 0.291016 0.172852 0.291406 0.172363 0.291406 0.171875 0.291797 0.171387 0.291797 0.170898 0.292187 0.17041 0.292187 0.169922 0.292578 0.169434 0.292578 0.168945 0.292969 0.168457 0.292969 0.167969 0.293359 0.16748 0.293359 0.166992 0.29375 0.166504 0.29375 0.165527 0.294141 0.165039 0.294141 0.164551 0.294922 0.163574 0.294922 0.162598 0.295312 0.162109 0.295312 0.160645 0.295703 0.160156 0.295703 0.158203 0.296094 0.157715 0.296094 0.157227 0.296484 0.156738 0.296484 0.15625 0.297266 0.155273 0.297266 0.154785 0.297656 0.154297 0.297656 0.153809 0.298047 0.15332 0.298047 0.152832 0.298438 0.152344 0.298438 0.151367 0.298828 0.150879 0.298828 0.150391 0.299219 0.149902 0.299219 0.148926 0.299609 0.148438 0.299609 0.147949 0.3 0.147461 0.3 0.146484 0.300391 0.145996 0.300391 0.145508 0.300781 0.14502 0.300781 0.144043 0.301172 0.143555 0.301172 0.142578 0.301563 0.14209 0.301563 0.141113 0.301953 0.140625 0.301953 0.140137 0.302344 0.139648 0.302344 0.138672 0.302734 0.138184 0.302734 0.13623 0.303125 0.135742 0.303125 0.133301 0.303516 0.132812 0.303516 0.130371 0.302734 0.129395 0.302734 0.128906
2 0.892188 0.0908203 0.888672 0.0908203 0.888281 0.0913086 0.8875 0.0913086 0.887109 0.0917969 0.885938 0.0917969 0.885547 0.0922852 0.885156 0.0922852 0.885156 0.0932617 0.883594 0.0952148 0.882812 0.0952148 0.882422 0.0957031 0.88125 0.0957031 0.880859 0.0961914 0.880469 0.0961914 0.879297 0.0976562 0.878516 0.0976562 0.878125 0.0981445 0.876953 0.0981445 0.876563 0.0986328 0.876172 0.0986328 0.874219 0.101074 0.873828 0.101074 0.873437 0.101562 0.872656 0.101562 0.872266 0.102051 0.871484 0.102051 0.871094 0.102539 0.870313 0.102539 0.869922 0.103027 0.869141 0.103027 0.86875 0.103516 0.868359 0.103516 0.867578 0.104492 0.867188 0.104492 0.866797 0.10498 0.866406 0.10498 0.866016 0.105469 0.865625 0.105469 0.865234 0.105957 0.864453 0.105957 0.864062 0.106445 0.863672 0.106445 0.863281 0.106934 0.862891 0.106934 0.8625 0.107422 0.861719 0.107422 0.860156 0.109375 0.859766 0.109375 0.85625 0.11377 0.855859 0.11377 0.855078 0.114746 0.854688 0.114746 0.853906 0.115723 0.853516 0.115723 0.852734 0.116699 0.852734 0.117188 0.851953 0.118164 0.851562 0.118164 0.849219 0.121094 0.848828 0.121094 0.847656 0.122559 0.847266 0.122559 0.846484 0.123535 0.846094 0.123535 0.84375 0.126465 0.843359 0.126465 0.841016 0.129395 0.840625 0.129395 0.839453 0.130859 0.839063 0.130859 0.835547 0.135254 0.835547 0.135742 0.834766 0.136719 0.834375 0.136719 0.83125 0.140625 0.830859 0.140625 0.830078 0.141602 0.829688 0.141602 0.828906 0.142578 0.828906 0.143066 0.828516 0.143555 0.828516 0.144043 0.828125 0.144531 0.828125 0.14502 0.827734 0.145508 0.827734 0.145996 0.826953 0.146973 0.826953 0.147461 0.826172 0.148438 0.826172 0.148926 0.825391 0.149902 0.825391 0.150391 0.825 0.150879 0.825 0.151855 0.823828 0.15332 0.823047 0.15332 0.822266 0.154297 0.822266 0.155273 0.822656 0.155762 0.823047 0.155762 0.825 0.158203 0.825 0.158691 0.825781 0.159668 0.829688 0.159668 0.830078 0.15918 0.830469 0.15918 0.831641 0.157715 0.832031 0.157715 0.833984 0.155273 0.833984 0.154785 0.835547 0.152832 0.835938 0.152832 0.836719 0.151855 0.8375 0.151855 0.841016 0.147461 0.841406 0.147461 0.842969 0.145508 0.842969 0.14502 0.844141 0.143555 0.844531 0.143555 0.845313 0.142578 0.845703 0.142578 0.846875 0.141113 0.847266 0.141113 0.848437 0.139648 0.848828 0.139648 0.854688 0.132324 0.855078 0.132324 0.855859 0.131348 0.85625 0.131348 0.858594 0.128418 0.858984 0.128418 0.860156 0.126953 0.860547 0.126953 0.860938 0.126465 0.861328 0.126465 0.862109 0.125488 0.8625 0.125488 0.862891 0.125 0.863281 0.125 0.864062 0.124023 0.864453 0.124023 0.870313 0.116699 0.870703 0.116699 0.871094 0.116211 0.871484 0.116211 0.871875 0.115723 0.872266 0.115723 0.875 0.112305 0.875391 0.112305 0.876172 0.111328 0.876563 0.111328 0.878906 0.108398 0.879297 0.108398 0.879687 0.10791 0.880078 0.10791 0.885938 0.100586 0.885938 0.100098 0.887891 0.0976562 0.888281 0.0976562 0.888672 0.097168 0.889062 0.097168 0.890625 0.0952148 0.890625 0.0947266 0.891016 0.0942383 0.891016 0.09375 0.891797 0.0927734 0.892188 0.0927734
1 0.262891 0.288574 0.2625 0.289062 0.262109 0.289062 0.261328 0.290039 0.260937 0.290039 0.260937 0.290527 0.260547 0.291016 0.260547 0.295898 0.261328 0.296875 0.261328 0.297852 0.261719 0.29834 0.261719 0.298828 0.262109 0.299316 0.262109 0.300293 0.2625 0.300781 0.2625 0.301758 0.262891 0.302246 0.262891 0.303223 0.263281 0.303711 0.263281 0.304199 0.263672 0.304688 0.263672 0.305176 0.264062 0.305664 0.264062 0.306152 0.264844 0.307129 0.264844 0.307617 0.265234 0.308105 0.265234 0.309082 0.265625 0.30957 0.265625 0.310059 0.266016 0.310547 0.266016 0.311523 0.266797 0.3125 0.266797 0.312988 0.267188 0.313477 0.267188 0.313965 0.267578 0.314453 0.267578 0.314941 0.267969 0.31543 0.267969 0.315918 0.268359 0.316406 0.268359 0.317383 0.26875 0.317871 0.26875 0.318359 0.269141 0.318848 0.269141 0.319336 0.269531 0.319824 0.269531 0.320312 0.269922 0.320801 0.269922 0.321777 0.270313 0.322266 0.270313 0.322754 0.270703 0.323242 0.270703 0.32373 0.271094 0.324219 0.271094 0.324707 0.271484 0.325195 0.271484 0.326172 0.271875 0.32666 0.271875 0.327148 0.272266 0.327637 0.272266 0.328125 0.272656 0.328613 0.272656 0.32959 0.273047 0.330078 0.273047 0.330566 0.273438 0.331055 0.273438 0.332031 0.273828 0.33252 0.273828 0.333496 0.274219 0.333984 0.274219 0.334961 0.274609 0.335449 0.274609 0.335938 0.275 0.336426 0.275 0.337402 0.275391 0.337891 0.275391 0.338379 0.276172 0.339355 0.276172 0.339844 0.276953 0.34082 0.276953 0.341309 0.277344 0.341797 0.277344 0.342285 0.277734 0.342773 0.277734 0.343262 0.278125 0.34375 0.278125 0.344238 0.278516 0.344727 0.278516 0.345215 0.278906 0.345703 0.278906 0.346191 0.279297 0.34668 0.279297 0.347168 0.279687 0.347656 0.279687 0.348145 0.280078 0.348633 0.280078 0.349121 0.280469 0.349609 0.280469 0.350586 0.280859 0.351074 0.280859 0.351562 0.28125 0.352051 0.28125 0.353516 0.281641 0.354004 0.281641 0.355469 0.282031 0.355957 0.282031 0.357422 0.282422 0.35791 0.282422 0.358887 0.283203 0.359863 0.283203 0.360352 0.283984 0.361328 0.283984 0.361816 0.284375 0.362305 0.284375 0.362793 0.284766 0.363281 0.284766 0.36377 0.285156 0.364258 0.285156 0.365234 0.285938 0.366211 0.285938 0.366699 0.286719 0.367676 0.286719 0.368164 0.2875 0.369141 0.2875 0.369629 0.288672 0.371094 0.288672 0.371582 0.291016 0.374512 0.291797 0.374512 0.292187 0.375 0.292969 0.375 0.293359 0.375488 0.295312 0.375488 0.297266 0.373047 0.297266 0.370605 0.297656 0.370117 0.297656 0.363281 0.297266 0.362793 0.297266 0.358887 0.297656 0.358398 0.297656 0.356934 0.297266 0.356445 0.297266 0.354004 0.296875 0.353516 0.296875 0.350098 0.296484 0.349609 0.296484 0.347168 0.296094 0.34668 0.296094 0.341309 0.295703 0.34082 0.295703 0.338867 0.295312 0.338379 0.295312 0.337402 0.294922 0.336914 0.294922 0.335938 0.294531 0.335449 0.294531 0.334473 0.294141 0.333984 0.294141 0.333496 0.29375 0.333008 0.29375 0.33252 0.293359 0.332031 0.293359 0.331055 0.292969 0.330566 0.292969 0.330078 0.292578 0.32959 0.292578 0.328613 0.292187 0.328125 0.292187 0.327148 0.291797 0.32666 0.291797 0.325684 0.291406 0.325195 0.291406 0.324707 0.291016 0.324219 0.291016 0.323242 0.290625 0.322754 0.290625 0.322266 0.290234 0.321777 0.290234 0.321289 0.289844 0.320801 0.289844 0.319824 0.289453 0.319336 0.289453 0.318359 0.289062 0.317871 0.289062 0.316895 0.288672 0.316406 0.288672 0.315918 0.288281 0.31543 0.288281 0.314941 0.287891 0.314453 0.287891 0.313965 0.2875 0.313477 0.2875 0.312988 0.286328 0.311523 0.286328 0.311035 0.285547 0.310059 0.285547 0.30957 0.284375 0.308105 0.284375 0.307617 0.283203 0.306152 0.283203 0.305664 0.282422 0.304688 0.282422 0.304199 0.282031 0.303711 0.282031 0.303223 0.281641 0.302734 0.281641 0.302246 0.280859 0.30127 0.280859 0.300781 0.280469 0.300293 0.280469 0.299805 0.280078 0.299316 0.280078 0.298828 0.278125 0.296387 0.277734 0.296387 0.276562 0.294922 0.276172 0.294922 0.275391 0.293945 0.275 0.293945 0.272266 0.290527 0.271875 0.290527 0.271484 0.290039 0.271094 0.290039 0.270703 0.289551 0.269922 0.289551 0.269531 0.289062 0.268359 0.289062 0.267969 0.288574
2 0.274656 0.506465 0.258953 0.505273 0.240629 0.504233 0.233492 0.504233 0.230043 0.506758 0.229805 0.511963 0.230992 0.514346 0.237539 0.515386 0.249434 0.516577 0.277395 0.525649 0.295836 0.531445 0.314273 0.53353 0.334977 0.53457 0.357699 0.534272 0.370074 0.532935 0.372453 0.528325 0.372691 0.522671 0.3715 0.518657 0.367098 0.515386 0.350203 0.513896 0.324031 0.512114 0.296906 0.509883 0.283816 0.507207
2 0.260316 0.25564 0.254008 0.250757 0.249598 0.248828 0.242582 0.248979 0.239504 0.251196 0.237223 0.257305 0.24057 0.262485 0.24566 0.266963 0.253656 0.277954 0.257918 0.284946 0.265672 0.289277 0.27648 0.298047 0.285418 0.307261 0.287789 0.308296 0.288855 0.306226 0.286723 0.295977 0.278285 0.27958 0.266977 0.262485
1 0.143363 1 0.144883 0.997197 0.15159 0.989165 0.159871 0.980776 0.164867 0.973818 0.169582 0.966855 0.173148 0.963823 0.176719 0.964536 0.178859 0.967217 0.179004 0.971318 0.175289 0.981489 0.171723 0.990771 0.168152 0.999336 0.167813 1
