1 0.0746094 0.100098 0.0730469 0.0976562 0.0699219 0.0966797 0.0609375 0.097168 0.0535156 0.101562 0.0523438 0.103516 0.0523438 0.105957 0.0574219 0.111328 0.0597656 0.112305 0.0644531 0.111816 0.0722656 0.106934 0.0738281 0.10498
1 0.204297 0.119141 0.199609 0.119141 0.194922 0.124023 0.192969 0.128418 0.191797 0.133789 0.191797 0.13916 0.19375 0.143066 0.198047 0.144531 0.203516 0.140137 0.205078 0.135742 0.20625 0.123535
1 0.232031 0.114258 0.229687 0.109863 0.226953 0.107422 0.220703 0.107422 0.214844 0.112793 0.2125 0.120605 0.214453 0.12207 0.225391 0.120605 0.230469 0.117676 0.232031 0.115723
1 0.243359 0.139648 0.241406 0.140625 0.239453 0.144043 0.238281 0.152344 0.238672 0.158203 0.242188 0.165039 0.246484 0.166504 0.248438 0.166016 0.249609 0.164062 0.249219 0.149902 0.246875 0.141602
1 0.263672 0.115234 0.260937 0.118652 0.261328 0.125488 0.271875 0.135742 0.274609 0.137207 0.276172 0.136719 0.277734 0.134766 0.278906 0.130371 0.278516 0.124512 0.276953 0.120605 0.269531 0.114746
1 0.0371094 0.255371 0.0371094 0.257812 0.0398437 0.262207 0.0476562 0.26709 0.0539063 0.269043 0.0597656 0.269043 0.0617188 0.26709 0.0589844 0.259277 0.05625 0.255859 0.0496094 0.251465 0.0441406 0.250977 0.0410156 0.251953
1 0.466797 0.0102539 0.465625 0.0126953 0.466016 0.0185547 0.469531 0.0249023 0.474219 0.0297852 0.478125 0.03125 0.482031 0.0302734 0.483203 0.0283203 0.483203 0.0253906 0.476172 0.0146484 0.471484 0.0102539
1 0.185781 0.379297 0.182461 0.381982 0.181016 0.387744 0.182422 0.393066 0.185156 0.399414 0.189062 0.405371 0.193516 0.406201 0.195742 0.401953 0.195078 0.394336 0.193359 0.387158 0.190664 0.379932
1 0.15457 0.430469 0.151367 0.427637 0.140977 0.427637 0.132383 0.436865 0.131523 0.441309 0.133086 0.444238 0.138672 0.443359 0.150781 0.439453 0.153906 0.436572
1 0.103125 0.531738 0.100781 0.529785 0.0984375 0.529785 0.0949219 0.532227 0.0867187 0.543945 0.0863281 0.549805 0.0878906 0.55127 0.0921875 0.551758 0.0957031 0.55127 0.0988281 0.549316 0.103906 0.539551 0.104297 0.535156
0 0.341016 0.362305 0.337891 0.369141 0.337891 0.379395 0.341797 0.386719 0.344922 0.38916 0.346484 0.38916 0.348438 0.380859 0.347656 0.368652 0.345313 0.36377
1 0.607422 0.285645 0.604297 0.281738 0.599219 0.282227 0.592969 0.284668 0.585938 0.288574 0.583984 0.291016 0.583594 0.29541 0.587109 0.297852 0.596094 0.297852 0.603516 0.294922 0.60625 0.291504
1 0.38125 0.38916 0.380078 0.394043 0.383594 0.399902 0.392188 0.405273 0.396094 0.405762 0.398828 0.403809 0.398828 0.396484 0.396875 0.39209 0.393359 0.387695 0.3875 0.38623 0.383594 0.387207
1 0.254609 0.54458 0.250391 0.544922 0.246563 0.54873 0.241797 0.560059 0.240898 0.565771 0.241797 0.569434 0.246758 0.569482 0.254688 0.557959 0.257734 0.551123 0.257148 0.54624
1 0.197031 0.594922 0.19375 0.598145 0.191914 0.601758 0.192227 0.609375 0.193477 0.617822 0.195117 0.622168 0.198477 0.623486 0.201836 0.622559 0.203125 0.617676 0.202734 0.599023 0.200859 0.595557
1 0.240937 0.580664 0.238867 0.583105 0.239883 0.588916 0.242891 0.593848 0.249805 0.598828 0.261484 0.603857 0.262891 0.601074 0.263281 0.598633 0.261875 0.593164 0.25832 0.589014 0.244141 0.581592
1 0.251055 0.64248 0.246289 0.643555 0.238555 0.649902 0.233984 0.655664 0.232422 0.659277 0.232617 0.662646 0.235039 0.664648 0.240156 0.663623 0.243164 0.662207 0.245078 0.660645 0.247187 0.65918 0.249961 0.656836 0.253125 0.652148 0.254609 0.647363 0.253516 0.643604
1 0.300859 0.634424 0.297734 0.635254 0.296445 0.640723 0.297539 0.647217 0.301133 0.655322 0.307969 0.666162 0.309023 0.661719 0.310156 0.651367 0.308203 0.644531 0.303125 0.636719
1 0.01875 0.719238 0.0164063 0.719238 0.0132812 0.721191 0.00976562 0.725586 0.0078125 0.72998 0.00625 0.745117 0.00898437 0.748047 0.0125 0.74707 0.0152344 0.744629 0.0214844 0.72998 0.021875 0.723633
1 0.19375 0.913086 0.192969 0.914062 0.192578 0.914062 0.192578 0.914551 0.192188 0.915039 0.192188 0.915527 0.191797 0.916016 0.191797 0.918457 0.192188 0.918945 0.192188 0.921387 0.192578 0.921875 0.192578 0.922363 0.194141 0.924316 0.194141 0.924805 0.194922 0.925781 0.194922 0.92627 0.196094 0.927734 0.196094 0.928223 0.197656 0.930176 0.198047 0.930176 0.198437 0.930664 0.198828 0.930664 0.199219 0.931152 0.2 0.931152 0.200391 0.931641 0.200781 0.931641 0.201172 0.931152 0.201953 0.931152 0.202734 0.930176 0.202734 0.929688 0.203125 0.929199 0.203125 0.928711 0.203516 0.928223 0.203516 0.927734 0.203906 0.927246 0.203906 0.919922 0.203516 0.919434 0.203516 0.918457 0.203125 0.917969 0.203125 0.916992 0.202734 0.916504 0.202734 0.915527 0.201563 0.914062 0.201172 0.914062 0.200781 0.913574 0.199609 0.913574 0.199219 0.913086
1 0.196094 0.808594 0.196094 0.80957 0.196484 0.810059 0.196484 0.812988 0.196875 0.813477 0.196875 0.813965 0.197266 0.814453 0.197656 0.814453 0.198437 0.81543 0.198828 0.81543 0.199609 0.816406 0.2 0.816406 0.200781 0.817383 0.201172 0.817383 0.201563 0.817871 0.202344 0.817871 0.202734 0.818359 0.203125 0.818359 0.203516 0.818848 0.203906 0.818848 0.204297 0.819336 0.205469 0.819336 0.205859 0.819824 0.207422 0.819824 0.207813 0.820312 0.210156 0.820312 0.210547 0.819824 0.211719 0.819824 0.212109 0.819336 0.213281 0.819336 0.213672 0.818848 0.214062 0.818848 0.214453 0.818359 0.214844 0.818359 0.215234 0.817871 0.215625 0.817871 0.216016 0.817383 0.216406 0.817383 0.217969 0.81543 0.217969 0.814941 0.218359 0.814453 0.218359 0.812012 0.217969 0.811523 0.217969 0.811035 0.217578 0.810547 0.217578 0.810059 0.216016 0.808105 0.215625 0.808105 0.215234 0.807617 0.214844 0.807617 0.214453 0.807129 0.214062 0.807129 0.213672 0.806641 0.212891 0.806641 0.2125 0.806152 0.210547 0.806152 0.210156 0.805664 0.200391 0.805664 0.2 0.806152 0.199609 0.806152 0.199219 0.806641 0.198437 0.806641 0.198047 0.807129 0.197266 0.807129
1 0.935937 0.211426 0.933984 0.211426 0.933594 0.210938 0.93125 0.210938 0.930859 0.211426 0.930078 0.211426 0.929688 0.211914 0.928906 0.211914 0.928125 0.212891 0.927734 0.212891 0.926562 0.214355 0.926172 0.214355 0.924219 0.216797 0.924219 0.217285 0.923828 0.217773 0.923828 0.218262 0.923438 0.21875 0.923438 0.219238 0.923047 0.219727 0.923047 0.221191 0.922656 0.22168 0.922656 0.223145 0.922266 0.223633 0.922266 0.229004 0.922656 0.229492 0.922656 0.22998 0.923047 0.230469 0.923047 0.231445 0.923438 0.231934 0.923828 0.231934 0.924219 0.232422 0.927344 0.232422 0.927734 0.231934 0.928516 0.231934 0.929297 0.230957 0.929688 0.230957 0.930078 0.230469 0.930469 0.230469 0.93125 0.229492 0.931641 0.229492 0.932031 0.229004 0.932422 0.229004 0.932813 0.228516 0.933594 0.228516 0.933984 0.228027 0.934375 0.228027 0.934766 0.227539 0.935156 0.227539 0.935547 0.227051 0.935937 0.227051 0.936328 0.226562 0.936719 0.226562 0.9375 0.225586 0.9375 0.225098 0.938281 0.224121 0.938281 0.222656 0.938672 0.222168 0.938672 0.22168 0.938281 0.221191 0.938281 0.21875 0.937891 0.218262 0.937891 0.216309 0.9375 0.21582 0.9375 0.214844 0.937109 0.214355 0.937109 0.212891
1 0.945312 0.0644531 0.944141 0.065918 0.944141 0.0664062 0.94375 0.0668945 0.94375 0.0683594 0.943359 0.0688477 0.943359 0.0722656 0.94375 0.0727539 0.94375 0.0737305 0.944141 0.0742188 0.944141 0.0751953 0.944531 0.0756836 0.944531 0.0761719 0.944922 0.0766602 0.944922 0.0771484 0.945312 0.0776367 0.945312 0.078125 0.946094 0.0791016 0.946094 0.0795898 0.946484 0.0800781 0.946484 0.0805664 0.946875 0.0810547 0.947266 0.0810547 0.948047 0.0820312 0.948438 0.0820312 0.948828 0.0825195 0.949219 0.0825195 0.95 0.0834961 0.950391 0.0834961 0.950781 0.0839844 0.951172 0.0839844 0.951562 0.0844727 0.951953 0.0844727 0.952344 0.0849609 0.952734 0.0849609 0.953125 0.0854492 0.953516 0.0854492 0.953906 0.0859375 0.95625 0.0859375 0.956641 0.0854492 0.957031 0.0854492 0.957422 0.0849609 0.957812 0.0849609 0.95875 0.0862305 0.959805 0.0850586 0.96043 0.0838867 0.960703 0.0825195 0.960625 0.0817871 0.960781 0.0807129 0.960781 0.0799316 0.960859 0.0786621 0.960547 0.0773438 0.960508 0.0760742 0.960195 0.0750977 0.959766 0.074707 0.959375 0.0742188 0.959375 0.0737305 0.958984 0.0732422 0.958984 0.0722656 0.958594 0.0717773 0.958594 0.0712891 0.957812 0.0703125 0.957812 0.0698242 0.95625 0.0678711 0.955859 0.0678711 0.953516 0.0649414 0.953125 0.0649414 0.952344 0.0639648 0.951953 0.0639648 0.951562 0.0634766 0.946875 0.0634766 0.946484 0.0639648 0.946094 0.0639648 0.945703 0.0644531
1 0.239141 0.664453 0.236367 0.665137 0.233945 0.666016 0.2325 0.668652 0.232617 0.672021 0.234648 0.675635 0.238516 0.676758 0.249219 0.675781 0.252734 0.674805 0.256641 0.671387 0.258711 0.669434 0.258437 0.665869 0.255938 0.66333 0.252734 0.661035 0.246914 0.661426 0.243672 0.6625
1 0.401016 0.713867 0.399727 0.713574 0.398594 0.713379 0.397852 0.713623 0.397031 0.714209 0.396602 0.715039 0.396094 0.716992 0.396133 0.719238 0.395781 0.719873 0.395859 0.720898 0.395977 0.722217 0.395703 0.723145 0.395703 0.724121 0.395313 0.724609 0.395313 0.726562 0.394922 0.727051 0.394922 0.729004 0.394531 0.729492 0.394531 0.73291 0.394922 0.733398 0.394922 0.736328 0.395313 0.736816 0.395313 0.737793 0.395703 0.738281 0.395703 0.739258 0.396094 0.739746 0.396094 0.740234 0.396484 0.740723 0.396484 0.741211 0.396875 0.741699 0.396875 0.742188 0.397266 0.742676 0.397656 0.742676 0.398438 0.743652 0.398828 0.743652 0.399219 0.744141 0.401172 0.744141 0.401562 0.743652 0.402344 0.743652 0.403125 0.742676 0.403516 0.742676 0.405078 0.740723 0.405078 0.739746 0.405469 0.739258 0.405469 0.737305 0.405859 0.736816 0.405859 0.728516 0.405469 0.728027 0.405469 0.726074 0.405078 0.725586 0.405078 0.723633 0.404687 0.723145 0.404687 0.721191 0.404297 0.720703 0.404297 0.719727 0.404336 0.719287 0.404219 0.718701 0.404102 0.717871 0.404023 0.716797 0.403711 0.715625 0.403164 0.714697 0.402227 0.714014
1 0.412617 0.708984 0.4125 0.712061 0.412773 0.713525 0.413008 0.714355 0.413789 0.715479 0.414453 0.715771 0.415234 0.716309 0.416016 0.716309 0.416406 0.716797 0.41875 0.716797 0.419141 0.717285 0.422266 0.717285 0.422656 0.716797 0.425781 0.716797 0.426172 0.716309 0.428516 0.716309 0.428906 0.71582 0.430078 0.71582 0.430469 0.715332 0.431641 0.715332 0.432031 0.714844 0.432422 0.714844 0.432812 0.714355 0.433203 0.714355 0.434375 0.712891 0.435313 0.711816 0.435781 0.71001 0.436016 0.708789 0.435625 0.707227 0.435313 0.705713 0.434375 0.704883 0.433203 0.704443 0.43207 0.704443 0.430977 0.704443 0.430078 0.704004 0.428867 0.703809 0.427344 0.703613 0.418711 0.703418 0.417109 0.703027 0.415937 0.702881 0.415078 0.703613 0.414336 0.704492 0.414023 0.705615 0.413672 0.70625 0.413281 0.707227 0.412812 0.708057
1 0.332813 0.636719 0.332422 0.63623 0.332422 0.635742 0.332031 0.635254 0.332031 0.634766 0.329688 0.631836 0.329297 0.631836 0.328906 0.631348 0.328516 0.631348 0.328125 0.630859 0.327734 0.630859 0.327344 0.630371 0.326953 0.630371 0.326562 0.629883 0.325 0.629883 0.324609 0.629395 0.321484 0.629395 0.321094 0.629883 0.319531 0.629883 0.319141 0.630371 0.318359 0.630371 0.317969 0.630859 0.317578 0.630859 0.316797 0.631836 0.316406 0.631836 0.315234 0.633301 0.314844 0.633301 0.314102 0.633301 0.313633 0.633691 0.3125 0.634912 0.311563 0.636084 0.310781 0.637646 0.310742 0.639355 0.310859 0.640723 0.310469 0.641699 0.31 0.642578 0.310234 0.643555 0.311133 0.643701 0.312305 0.643457 0.31375 0.643262 0.318359 0.643066 0.31875 0.642578 0.322266 0.642578 0.322656 0.64209 0.330078 0.64209 0.330469 0.641602 0.330859 0.641602 0.33125 0.641113 0.33125 0.640625 0.332422 0.63916 0.332422 0.638672 0.332813 0.638184
1 0.465078 0.719238 0.464219 0.719629 0.463984 0.720703 0.463789 0.72168 0.463789 0.722607 0.463555 0.72334 0.463672 0.724121 0.463672 0.726074 0.464062 0.726562 0.464062 0.727539 0.464453 0.728027 0.464453 0.729004 0.464844 0.729492 0.464844 0.730469 0.465234 0.730957 0.465234 0.731445 0.467578 0.734375 0.467969 0.734375 0.468359 0.734863 0.46875 0.734863 0.469531 0.73584 0.470313 0.73584 0.470703 0.736328 0.471094 0.736328 0.471484 0.736816 0.472266 0.736816 0.472656 0.737305 0.473438 0.737305 0.473828 0.737793 0.47582 0.738574 0.477344 0.739209 0.478672 0.739209 0.479609 0.739209 0.480391 0.738379 0.480898 0.738232 0.481172 0.737451 0.481289 0.73667 0.481016 0.735547 0.480977 0.734326 0.481094 0.733252 0.480742 0.732227 0.480508 0.731104 0.480312 0.72998 0.479531 0.728027 0.478164 0.726416 0.476719 0.724414 0.474414 0.721777 0.473047 0.719873 0.471836 0.718457 0.470937 0.71748 0.469297 0.716748 0.468203 0.717432 0.467656 0.718408 0.466016 0.71875
1 0.946484 0.967627 0.945156 0.96875 0.944258 0.969678 0.94332 0.971777 0.943086 0.972559 0.94293 0.973877 0.94293 0.974707 0.942969 0.976416 0.943437 0.977979 0.943672 0.980469 0.944141 0.98291 0.944531 0.983398 0.944531 0.984863 0.945312 0.98584 0.945312 0.986328 0.945703 0.986816 0.945703 0.987305 0.946484 0.988281 0.946484 0.98877 0.946875 0.989258 0.947266 0.989258 0.947656 0.989746 0.948047 0.989746 0.948438 0.990234 0.949219 0.990234 0.949609 0.990723 0.95 0.990723 0.950391 0.991211 0.951953 0.991211 0.952344 0.990723 0.953125 0.990723 0.953516 0.990234 0.953906 0.990234 0.955078 0.98877 0.955078 0.987793 0.955469 0.987305 0.955469 0.986328 0.955859 0.98584 0.955859 0.983252 0.955937 0.981348 0.955781 0.978857 0.955742 0.977393 0.955469 0.976074 0.955156 0.974658 0.955 0.973877 0.954688 0.973584 0.954375 0.973291 0.954258 0.972559 0.954102 0.971729 0.953398 0.971191 0.952773 0.969775 0.951758 0.969287 0.951445 0.968896 0.950586 0.968701 0.949375 0.967725 0.948008 0.967432
0 0.517617 0.701172 0.516484 0.700684 0.515625 0.700684 0.515547 0.700342 0.515195 0.699854 0.514414 0.699268 0.513633 0.698926 0.512266 0.698877 0.511055 0.699219 0.50957 0.69917 0.507422 0.69917 0.505742 0.698975 0.50457 0.699756 0.50375 0.70083 0.502578 0.701611 0.501367 0.702637 0.500391 0.704004 0.499961 0.70542 0.499844 0.706055 0.499453 0.706396 0.499141 0.706885 0.498867 0.707373 0.498516 0.708252 0.498203 0.70957 0.498125 0.710986 0.498008 0.712695 0.498008 0.714014 0.497891 0.715479 0.498359 0.71709 0.499492 0.717822 0.501133 0.717236 0.502227 0.715869 0.503242 0.714258 0.504687 0.713867 0.505078 0.713867 0.505469 0.713379 0.505859 0.713379 0.506641 0.712402 0.507031 0.712402 0.507812 0.711426 0.508203 0.711426 0.508984 0.710449 0.509375 0.710449 0.510156 0.709473 0.510547 0.709473 0.510938 0.708984 0.511328 0.708984 0.511719 0.708496 0.512109 0.708496 0.5125 0.708008 0.512891 0.708008 0.513281 0.70752 0.514414 0.706934 0.515352 0.705762 0.51668 0.705273 0.517891 0.704932 0.518789 0.704443 0.518516 0.702441
1 0.548125 0.740479 0.54668 0.740479 0.545156 0.740674 0.544219 0.740967 0.54375 0.74165 0.543047 0.742676 0.542422 0.743408 0.541836 0.744141 0.540859 0.745166 0.540117 0.747559 0.539844 0.748535 0.539844 0.749512 0.539453 0.75 0.539453 0.750977 0.539062 0.751465 0.539062 0.75293 0.538672 0.753418 0.538672 0.756348 0.538281 0.756836 0.538281 0.759766 0.537891 0.760254 0.537891 0.761719 0.5375 0.762207 0.5375 0.77002 0.537461 0.772607 0.537734 0.775391 0.538711 0.774365 0.539805 0.773584 0.541016 0.772754 0.541406 0.771973 0.541797 0.771484 0.542188 0.771484 0.542969 0.770508 0.543359 0.770508 0.544531 0.769043 0.544922 0.769043 0.545703 0.768066 0.546094 0.768066 0.546875 0.76709 0.546875 0.766602 0.548047 0.765137 0.548047 0.76416 0.548438 0.763672 0.548438 0.760742 0.548828 0.760254 0.548828 0.754395 0.549219 0.753906 0.549219 0.748535 0.549609 0.748047 0.550352 0.746387 0.55082 0.745313 0.551016 0.743799 0.55043 0.741895 0.549492 0.741162
1 0.470313 0.62793 0.469922 0.62793 0.469531 0.628418 0.468359 0.628418 0.467969 0.628906 0.466797 0.628906 0.466016 0.629883 0.465625 0.629883 0.464453 0.631348 0.464453 0.631836 0.463672 0.632812 0.463672 0.633301 0.463281 0.633789 0.463281 0.634277 0.4625 0.635254 0.4625 0.635742 0.462109 0.63623 0.462109 0.636719 0.461719 0.637207 0.461719 0.638184 0.461328 0.638672 0.461328 0.640137 0.460938 0.640625 0.460938 0.642578 0.460547 0.643066 0.460547 0.648926 0.460938 0.649414 0.460938 0.650879 0.461328 0.651367 0.461328 0.652344 0.461719 0.652832 0.461719 0.65332 0.4625 0.654297 0.463672 0.654297 0.464062 0.653809 0.464453 0.653809 0.465234 0.652832 0.465625 0.652832 0.466797 0.651367 0.467187 0.651367 0.469141 0.648926 0.469141 0.648438 0.469922 0.647461 0.469922 0.646973 0.470313 0.646484 0.470313 0.645996 0.470703 0.645508 0.470703 0.64502 0.471094 0.644531 0.471094 0.643555 0.471484 0.643066 0.471484 0.641602 0.471875 0.641113 0.471875 0.639648 0.472266 0.63916 0.472266 0.637695 0.472656 0.637207 0.472656 0.631348 0.472266 0.630859 0.472266 0.630371 0.471875 0.629883 0.471875 0.629395 0.471094 0.628418 0.470703 0.628418
1 0.435156 0.592285 0.433594 0.594238 0.433594 0.594727 0.433203 0.595215 0.433203 0.595703 0.432812 0.596191 0.432812 0.59668 0.432422 0.597168 0.432422 0.598633 0.432031 0.599121 0.432031 0.601074 0.431641 0.601562 0.431641 0.604004 0.43125 0.604492 0.43125 0.61377 0.431641 0.614258 0.431641 0.614746 0.432031 0.615234 0.432031 0.615723 0.432422 0.616211 0.432422 0.616699 0.432812 0.617188 0.432812 0.617676 0.434375 0.619629 0.434766 0.619629 0.435156 0.620117 0.435547 0.620117 0.435937 0.620605 0.4375 0.620605 0.437891 0.621094 0.439844 0.621094 0.441797 0.618652 0.441797 0.618164 0.442188 0.617676 0.442188 0.615234 0.442578 0.614746 0.442578 0.605957 0.442188 0.605469 0.442188 0.601562 0.441797 0.601074 0.441797 0.598633 0.441406 0.598145 0.441406 0.59668 0.441016 0.596191 0.441016 0.595703 0.440625 0.595215 0.440625 0.594727 0.440234 0.594238 0.440234 0.59375 0.439844 0.593262 0.439453 0.593262 0.439063 0.592773 0.437891 0.592773 0.4375 0.592285
1 0.482812 0.606934 0.482812 0.60791 0.482422 0.608398 0.482422 0.608887 0.482812 0.609375 0.482812 0.611328 0.483203 0.611816 0.483203 0.612793 0.485547 0.615723 0.485938 0.615723 0.486328 0.616211 0.486719 0.616211 0.487109 0.616699 0.487891 0.616699 0.488281 0.617188 0.489063 0.617188 0.489453 0.617676 0.490234 0.617676 0.490625 0.618164 0.493359 0.618164 0.49375 0.618652 0.501953 0.618652 0.502344 0.618164 0.503125 0.618164 0.503516 0.617676 0.503906 0.617676 0.504297 0.617188 0.504297 0.616699 0.504687 0.616211 0.504687 0.615234 0.505078 0.614746 0.505078 0.612305 0.504687 0.611816 0.504687 0.611328 0.502734 0.608887 0.502344 0.608887 0.501953 0.608398 0.501563 0.608398 0.501172 0.60791 0.500391 0.60791 0.5 0.607422 0.499609 0.607422 0.499219 0.606934 0.498437 0.606934 0.498047 0.606445 0.496875 0.606445 0.496484 0.605957 0.495312 0.605957 0.494922 0.605469 0.49375 0.605469 0.493359 0.60498 0.491797 0.60498 0.491406 0.604492 0.485547 0.604492 0.485156 0.60498 0.484766 0.60498 0.483984 0.605957 0.483594 0.605957
1 0.426953 0.512207 0.425391 0.51416 0.425391 0.517578 0.425781 0.518066 0.425781 0.519531 0.426172 0.52002 0.426172 0.520996 0.426953 0.521973 0.426953 0.522461 0.427344 0.522949 0.427344 0.523438 0.428125 0.524414 0.428125 0.524902 0.428516 0.525391 0.428516 0.525879 0.428906 0.526367 0.428906 0.526855 0.429297 0.527344 0.429297 0.52832 0.429688 0.528809 0.429688 0.529297 0.430078 0.529785 0.430078 0.530273 0.430469 0.530762 0.430859 0.530762 0.43125 0.53125 0.435937 0.53125 0.436328 0.530762 0.436719 0.530762 0.437109 0.530273 0.437109 0.529785 0.4375 0.529297 0.4375 0.52832 0.437891 0.527832 0.437891 0.526855 0.438281 0.526367 0.438281 0.522461 0.437891 0.521973 0.437891 0.52002 0.4375 0.519531 0.4375 0.519043 0.434766 0.515625 0.434375 0.515625 0.433594 0.514648 0.433203 0.514648 0.432812 0.51416 0.432422 0.51416 0.432031 0.513672 0.43125 0.513672 0.430859 0.513184 0.430469 0.513184 0.430078 0.512695 0.429297 0.512695 0.428906 0.512207
1 0.773086 0.925732 0.772148 0.924902 0.77125 0.924365 0.770352 0.924023 0.76918 0.923975 0.768008 0.924268 0.766953 0.924756 0.765977 0.925391 0.764961 0.926221 0.763945 0.9271 0.763125 0.928125 0.762227 0.929639 0.761328 0.930811 0.760352 0.931738 0.759414 0.932764 0.758711 0.933545 0.758281 0.934131 0.757734 0.935059 0.757344 0.935596 0.757031 0.936084 0.756953 0.936719 0.756445 0.9375 0.755859 0.938525 0.755469 0.939453 0.754961 0.940479 0.754687 0.942041 0.754531 0.943262 0.754453 0.944482 0.75457 0.945605 0.754805 0.946777 0.755312 0.947607 0.756172 0.948682 0.757422 0.949219 0.757812 0.949219 0.758203 0.949707 0.758594 0.949707 0.758984 0.950195 0.760547 0.950195 0.760938 0.949707 0.761719 0.949707 0.762109 0.949219 0.762891 0.949219 0.763281 0.94873 0.763672 0.94873 0.764062 0.948242 0.764453 0.948242 0.765234 0.947266 0.765234 0.946777 0.766406 0.945312 0.766406 0.944824 0.767188 0.943848 0.767188 0.943359 0.768359 0.941895 0.768359 0.941406 0.769141 0.94043 0.769141 0.939941 0.769531 0.939453 0.769531 0.938965 0.770312 0.937988 0.770312 0.9375 0.771094 0.936523 0.771094 0.936035 0.771484 0.935547 0.771484 0.935059 0.771875 0.93457 0.771875 0.934082 0.772266 0.933594 0.772266 0.933105 0.772656 0.932617 0.773164 0.932422 0.773438 0.931982 0.773633 0.931299 0.774023 0.930176 0.773984 0.929053 0.773906 0.927783 0.773594 0.92666
1 0.926953 0.382324 0.926562 0.382324 0.926172 0.381836 0.925391 0.381836 0.925 0.381348 0.924219 0.381348 0.923828 0.380859 0.919531 0.380859 0.919141 0.381348 0.918359 0.381348 0.917969 0.381836 0.917188 0.381836 0.916797 0.382324 0.916016 0.382324 0.915234 0.383301 0.914844 0.383301 0.913672 0.384766 0.913281 0.384766 0.912109 0.38623 0.909609 0.385693 0.906953 0.38623 0.906133 0.389453 0.906875 0.391895 0.908242 0.393896 0.909766 0.394043 0.909766 0.394531 0.910937 0.395996 0.910937 0.396484 0.911719 0.397461 0.912109 0.397461 0.9125 0.397949 0.912891 0.397949 0.913281 0.398438 0.913672 0.398438 0.914062 0.398926 0.914453 0.398926 0.914844 0.399414 0.918359 0.399414 0.91875 0.398926 0.919922 0.398926 0.920312 0.398438 0.920703 0.398438 0.922266 0.396484 0.922656 0.396484 0.923828 0.39502 0.924219 0.39502 0.926953 0.391602 0.926953 0.391113 0.927695 0.390332 0.928555 0.389697 0.929648 0.388721 0.930742 0.387207 0.931641 0.384619 0.930352 0.383105
1 0.255742 0.884961 0.254102 0.886035 0.253398 0.887695 0.253516 0.88916 0.253516 0.889648 0.253125 0.890137 0.253125 0.890625 0.252734 0.891113 0.252734 0.891602 0.252344 0.89209 0.25207 0.893066 0.251953 0.894043 0.251953 0.89502 0.251563 0.895508 0.251563 0.898438 0.251953 0.898926 0.251953 0.901855 0.252344 0.902344 0.252344 0.902832 0.252734 0.90332 0.252734 0.904297 0.253125 0.904785 0.253125 0.905762 0.253516 0.90625 0.253516 0.906738 0.253906 0.907227 0.253906 0.907715 0.254688 0.908691 0.254688 0.90918 0.25625 0.911133 0.256641 0.911133 0.257422 0.912109 0.257812 0.912109 0.258203 0.912598 0.258984 0.912598 0.259375 0.913086 0.260547 0.913086 0.260937 0.913574 0.264453 0.913574 0.265234 0.912598 0.265859 0.910645 0.266094 0.907764 0.265625 0.905273 0.265234 0.904785 0.265234 0.902832 0.264844 0.902344 0.264844 0.900879 0.264453 0.900391 0.264453 0.898438 0.264062 0.897949 0.264062 0.895996 0.263672 0.895508 0.263672 0.89502 0.263281 0.894531 0.263281 0.894043 0.262891 0.893555 0.262891 0.892578 0.2625 0.89209 0.2625 0.891602 0.262109 0.891113 0.262109 0.890625 0.262188 0.889551 0.261797 0.888477 0.261367 0.886865 0.260391 0.885938 0.259258 0.885352 0.257969 0.88501 0.256758 0.884717
1 0.979492 0.850586 0.979414 0.850146 0.979297 0.849414 0.979297 0.848975 0.97918 0.848389 0.978828 0.847949 0.978438 0.847461 0.977969 0.847119 0.977344 0.84668 0.976562 0.846387 0.975859 0.846289 0.974883 0.846289 0.973594 0.846289 0.972422 0.846533 0.971289 0.846826 0.970469 0.84707 0.969766 0.847266 0.96918 0.847412 0.968594 0.847754 0.968086 0.847998 0.967539 0.848145 0.966953 0.848242 0.966641 0.848535 0.966328 0.848633 0.965625 0.849023 0.965 0.849512 0.964258 0.850195 0.963398 0.850781 0.962344 0.851855 0.961602 0.85293 0.960938 0.853662 0.960273 0.85459 0.959844 0.855859 0.959414 0.857031 0.959062 0.858398 0.958906 0.859717 0.958789 0.860645 0.958906 0.861475 0.959141 0.862451 0.959453 0.863086 0.96 0.863672 0.960586 0.864111 0.961133 0.864551 0.962461 0.864844 0.963672 0.864941 0.965 0.864941 0.966406 0.864746 0.966797 0.864258 0.96875 0.864258 0.969141 0.86377 0.970313 0.86377 0.970703 0.863281 0.971875 0.863281 0.972266 0.862793 0.973437 0.862793 0.973828 0.862305 0.974219 0.862305 0.974609 0.861816 0.975 0.861816 0.977344 0.858887 0.977344 0.858398 0.978125 0.857422 0.978125 0.856934 0.978516 0.856445 0.978516 0.855957 0.978906 0.855469 0.978906 0.85498 0.979297 0.854492 0.979727 0.853809 0.979688 0.853027 0.979688 0.852051 0.979688 0.851172
1 0.887344 0.855566 0.886484 0.85415 0.885508 0.853223 0.884883 0.852441 0.884219 0.851953 0.883203 0.851758 0.882031 0.851758 0.880664 0.851807 0.879258 0.851904 0.878125 0.852148 0.87707 0.852539 0.876094 0.852979 0.875078 0.852979 0.874023 0.853271 0.873164 0.853418 0.872344 0.853613 0.871719 0.853955 0.871094 0.854297 0.870625 0.854492 0.870156 0.85459 0.869648 0.85498 0.86918 0.855273 0.868633 0.855762 0.868047 0.856201 0.867109 0.857227 0.866523 0.85791 0.866289 0.858887 0.866328 0.859912 0.86625 0.861035 0.866563 0.862354 0.867148 0.86377 0.867852 0.864746 0.868711 0.865771 0.869609 0.866553 0.870586 0.867285 0.871406 0.867871 0.873945 0.868457 0.877188 0.868457 0.878516 0.868164 0.878906 0.867676 0.879687 0.867676 0.880078 0.867188 0.880859 0.867188 0.88125 0.866699 0.881641 0.866699 0.882031 0.866211 0.882422 0.866211 0.883203 0.865234 0.883594 0.865234 0.883984 0.864746 0.884375 0.864746 0.885156 0.86377 0.885547 0.86377 0.886328 0.862793 0.887109 0.862012 0.887422 0.860938 0.887695 0.85957 0.887617 0.857617
1 0.780078 0.780762 0.779297 0.779785 0.779297 0.779297 0.778906 0.779297 0.778516 0.778809 0.777734 0.778809 0.777344 0.77832 0.775391 0.77832 0.775 0.777832 0.771875 0.777832 0.771484 0.77832 0.770312 0.77832 0.769922 0.778809 0.769531 0.778809 0.769141 0.779297 0.76875 0.779297 0.768359 0.779785 0.767969 0.779785 0.767578 0.780273 0.767188 0.780273 0.766406 0.78125 0.766016 0.78125 0.765625 0.781738 0.765234 0.781738 0.764844 0.782227 0.764062 0.782227 0.763672 0.782715 0.763281 0.782715 0.7625 0.783691 0.762109 0.783691 0.761719 0.78418 0.761328 0.78418 0.760938 0.784668 0.760547 0.784668 0.760156 0.785156 0.759766 0.785156 0.759375 0.785645 0.758984 0.785645 0.758594 0.786133 0.758203 0.786133 0.757812 0.786621 0.757422 0.786621 0.754922 0.787695 0.753633 0.789551 0.753906 0.792529 0.75543 0.794482 0.756523 0.795361 0.757461 0.795752 0.758242 0.796094 0.75875 0.796094 0.759102 0.796387 0.759727 0.796484 0.760195 0.79668 0.760664 0.796973 0.761328 0.796875 0.762109 0.797168 0.762891 0.79751 0.763516 0.797656 0.764453 0.797852 0.765313 0.797998 0.766602 0.797803 0.767578 0.797363 0.767969 0.796875 0.76875 0.796875 0.769141 0.796387 0.769922 0.796387 0.770312 0.795898 0.770703 0.795898 0.771094 0.79541 0.771875 0.79541 0.772656 0.794434 0.773047 0.794434 0.774219 0.792969 0.774609 0.792969 0.775391 0.791992 0.775781 0.791992 0.776953 0.790527 0.777344 0.790527 0.778125 0.789551 0.778125 0.789062 0.779297 0.787598 0.779297 0.787109 0.780078 0.786133 0.780078 0.785645 0.780469 0.785156 0.780469 0.782227 0.780078 0.781738
1 0.816406 0.702783 0.815039 0.702686 0.813633 0.702344 0.812187 0.702734 0.811055 0.704492 0.810234 0.706104 0.810156 0.708496 0.810156 0.708984 0.809766 0.709473 0.809766 0.709961 0.809375 0.710449 0.809375 0.712891 0.808984 0.713379 0.808984 0.716309 0.808594 0.716797 0.808594 0.720215 0.808203 0.720703 0.808203 0.72168 0.807813 0.722168 0.807813 0.723633 0.80668 0.724316 0.806055 0.725732 0.806172 0.727393 0.807344 0.728857 0.808516 0.729492 0.809414 0.729834 0.812227 0.729834 0.814063 0.729492 0.814453 0.729004 0.815234 0.729004 0.815625 0.728516 0.816016 0.728516 0.816797 0.727539 0.817187 0.727539 0.817578 0.727051 0.817969 0.727051 0.819141 0.725586 0.819141 0.723633 0.819531 0.723145 0.819922 0.720508 0.820156 0.717822 0.820273 0.714893 0.820312 0.712646 0.820039 0.710205 0.819531 0.708057 0.819297 0.706641 0.81875 0.705127 0.817891 0.703711
1 0.914453 0.587402 0.914062 0.587891 0.912891 0.587891 0.9125 0.588379 0.912109 0.588379 0.911328 0.589355 0.911328 0.589844 0.910937 0.590332 0.910937 0.59082 0.910547 0.591309 0.910547 0.591797 0.910156 0.592285 0.910156 0.59375 0.909766 0.594238 0.909766 0.596191 0.909375 0.59668 0.909375 0.60498 0.909766 0.605469 0.909766 0.608398 0.910156 0.608887 0.910156 0.609375 0.910547 0.609863 0.910547 0.610352 0.910937 0.61084 0.910937 0.611328 0.912891 0.61377 0.913281 0.61377 0.913672 0.614258 0.914062 0.614258 0.914453 0.614746 0.914844 0.614746 0.915234 0.615234 0.917578 0.615234 0.917969 0.614746 0.91875 0.614746 0.919141 0.614258 0.919531 0.614258 0.921094 0.612305 0.921094 0.611816 0.921484 0.611328 0.921484 0.61084 0.921875 0.610352 0.921875 0.609375 0.922266 0.608887 0.922266 0.607422 0.922656 0.606934 0.922656 0.603516 0.923047 0.603027 0.923047 0.602051 0.922656 0.601562 0.922656 0.597168 0.922266 0.59668 0.922266 0.595703 0.921875 0.595215 0.921875 0.59375 0.921484 0.593262 0.921484 0.592773 0.921094 0.592285 0.921094 0.591797 0.91875 0.588867 0.918359 0.588867 0.917578 0.587891 0.917188 0.587891 0.916797 0.587402
1 0.632812 0.505371 0.632812 0.510742 0.635156 0.513672 0.635547 0.513672 0.636328 0.514648 0.636719 0.514648 0.637891 0.516113 0.638281 0.516113 0.638672 0.516602 0.639453 0.516602 0.639844 0.51709 0.640625 0.51709 0.641016 0.517578 0.642188 0.517578 0.642578 0.518066 0.647656 0.518066 0.648047 0.518555 0.65 0.518555 0.650391 0.518066 0.651172 0.518066 0.651953 0.51709 0.651953 0.516602 0.652344 0.516113 0.652344 0.510742 0.651953 0.510254 0.651953 0.509277 0.651563 0.508789 0.651563 0.508301 0.646875 0.502441 0.646484 0.502441 0.646094 0.501953 0.645703 0.501953 0.645312 0.501465 0.644531 0.501465 0.644141 0.500977 0.64375 0.500977 0.643359 0.500488 0.641016 0.500488 0.640625 0.500977 0.638672 0.500977 0.638281 0.501465 0.6375 0.501465 0.637109 0.501953 0.636719 0.501953 0.636328 0.502441 0.635938 0.502441 0.635547 0.50293 0.635156 0.50293 0.634766 0.503418 0.634375 0.503418
1 0.672656 0.383301 0.672266 0.383789 0.672266 0.384277 0.671875 0.384766 0.671875 0.385254 0.671484 0.385742 0.671484 0.386719 0.671094 0.387207 0.671094 0.388672 0.671484 0.38916 0.671484 0.390137 0.671875 0.390625 0.671875 0.391113 0.672656 0.39209 0.672656 0.392578 0.673047 0.393066 0.673047 0.393555 0.674219 0.39502 0.674219 0.395508 0.678906 0.401367 0.678906 0.401855 0.679688 0.402832 0.680078 0.402832 0.680859 0.403809 0.681641 0.403809 0.682031 0.404297 0.683594 0.404297 0.683984 0.403809 0.685937 0.403809 0.686328 0.40332 0.686328 0.402832 0.686719 0.402344 0.686719 0.401367 0.687109 0.400879 0.687109 0.399902 0.6875 0.399414 0.6875 0.39502 0.687109 0.394531 0.687109 0.393066 0.686719 0.392578 0.686719 0.391602 0.686328 0.391113 0.686328 0.390625 0.685547 0.389648 0.685547 0.38916 0.683984 0.387207 0.683594 0.387207 0.682813 0.38623 0.682422 0.38623 0.681641 0.385254 0.68125 0.385254 0.680469 0.384277 0.680078 0.384277 0.678906 0.382812 0.678516 0.382812 0.678125 0.382324 0.674219 0.382324 0.673828 0.382812 0.673438 0.382812 0.673047 0.383301
1 0.322148 0.847266 0.321406 0.8479 0.32082 0.848877 0.320312 0.849561 0.320117 0.850146 0.319766 0.850879 0.319531 0.85166 0.319336 0.85249 0.319219 0.853271 0.319023 0.854248 0.318945 0.855322 0.31875 0.856104 0.318711 0.857129 0.318438 0.857959 0.318359 0.858887 0.318359 0.859863 0.317969 0.860352 0.317969 0.861816 0.317578 0.862305 0.317578 0.863281 0.317188 0.86377 0.317188 0.865234 0.316797 0.865723 0.316797 0.868164 0.316406 0.868652 0.316406 0.872559 0.316797 0.873047 0.316797 0.873535 0.317188 0.874023 0.317188 0.875 0.317578 0.875488 0.318008 0.876221 0.318164 0.876953 0.318359 0.877441 0.318477 0.878809 0.318906 0.879687 0.319414 0.880469 0.320117 0.881982 0.320703 0.882764 0.321797 0.882959 0.322773 0.88252 0.323398 0.88042 0.323789 0.877979 0.323828 0.876709 0.323828 0.875 0.324219 0.874512 0.324219 0.874023 0.324609 0.873535 0.324609 0.873047 0.325 0.872559 0.325 0.87207 0.325391 0.871582 0.325391 0.870117 0.325781 0.869629 0.325781 0.868164 0.326172 0.867676 0.326172 0.865723 0.326562 0.865234 0.32707 0.863428 0.327227 0.861035 0.327656 0.85835 0.327617 0.854492 0.3275 0.852832 0.32707 0.851611 0.326602 0.850146 0.325742 0.848877 0.325 0.847607 0.324102 0.846777 0.323125 0.846777
1 0.284687 0.792969 0.283516 0.793115 0.282656 0.793848 0.281836 0.794385 0.281211 0.795215 0.280313 0.796289 0.279609 0.79707 0.278789 0.79751 0.278477 0.798291 0.278203 0.799365 0.278203 0.800195 0.278086 0.801221 0.277891 0.802002 0.277969 0.802637 0.277813 0.804102 0.277656 0.806299 0.2775 0.808154 0.277539 0.810596 0.277695 0.812402 0.278008 0.813721 0.278359 0.815039 0.278789 0.816016 0.279102 0.816846 0.279531 0.817578 0.280156 0.818213 0.280859 0.818848 0.28125 0.818848 0.281641 0.81958 0.282187 0.820361 0.283047 0.820947 0.284102 0.821143 0.285039 0.82085 0.286055 0.820312 0.286992 0.819727 0.2875 0.818945 0.288047 0.818164 0.28832 0.817676 0.288672 0.817139 0.288945 0.81665 0.289102 0.81626 0.289297 0.815918 0.289453 0.815332 0.289531 0.814697 0.289805 0.814063 0.289687 0.812402 0.289336 0.811328 0.289375 0.81001 0.289023 0.808105 0.28875 0.807129 0.288516 0.805811 0.288281 0.804199 0.287891 0.803711 0.287891 0.798828 0.287969 0.798047 0.287969 0.797266 0.28832 0.796045 0.288281 0.794434 0.288359 0.793066 0.287422 0.792871 0.28625 0.792969
1 0.408945 0.504102 0.407969 0.504883 0.407422 0.505859 0.407031 0.506348 0.407031 0.506836 0.406641 0.507324 0.406641 0.507812 0.40625 0.508301 0.40625 0.509277 0.405859 0.509766 0.405859 0.512207 0.405469 0.512695 0.405469 0.514648 0.405078 0.515137 0.405078 0.516113 0.404687 0.516602 0.404687 0.518066 0.404297 0.518555 0.404297 0.521484 0.404687 0.521973 0.404687 0.522949 0.405078 0.523438 0.405078 0.523926 0.405469 0.524414 0.405469 0.524902 0.40625 0.525879 0.406641 0.525879 0.407031 0.526367 0.407813 0.526367 0.408203 0.526855 0.409375 0.526855 0.409766 0.526367 0.411719 0.526367 0.4125 0.525391 0.412891 0.525391 0.412891 0.524902 0.414062 0.523438 0.414062 0.522949 0.414453 0.522461 0.414453 0.521973 0.414844 0.521484 0.414844 0.520996 0.415234 0.520508 0.415234 0.519043 0.415625 0.518555 0.415625 0.51123 0.415469 0.510596 0.415234 0.509766 0.414062 0.508301 0.414062 0.507812 0.413594 0.506885 0.413281 0.505566 0.412461 0.504541 0.411406 0.503516 0.410156 0.503613
1 0.345156 0.473486 0.343594 0.473779 0.342148 0.474316 0.341172 0.474561 0.340234 0.474707 0.338984 0.475732 0.337969 0.476758 0.337109 0.478174 0.336602 0.480225 0.336484 0.482422 0.336562 0.485059 0.3375 0.489258 0.337891 0.489746 0.337891 0.491211 0.338281 0.491699 0.338281 0.492188 0.338672 0.492676 0.338672 0.493652 0.339062 0.494141 0.339062 0.495117 0.339453 0.495605 0.339453 0.496094 0.339844 0.496582 0.339844 0.49707 0.340117 0.498096 0.340742 0.49917 0.341484 0.499902 0.342187 0.500098 0.343047 0.500146 0.34375 0.500244 0.344453 0.5 0.344922 0.499463 0.344922 0.498535 0.345313 0.498047 0.345703 0.498047 0.346094 0.497559 0.346094 0.49707 0.346484 0.496582 0.346484 0.496094 0.346875 0.495605 0.346875 0.494629 0.347266 0.494141 0.347266 0.493652 0.347656 0.493164 0.347656 0.492188 0.348047 0.491699 0.348047 0.486816 0.348242 0.483447 0.348047 0.480469 0.347891 0.478223 0.347656 0.477197 0.347305 0.476514 0.347187 0.475732 0.346914 0.474561 0.346523 0.473779
0 0.29582 0.479053 0.295664 0.481494 0.29375 0.483398 0.293359 0.483398 0.292578 0.484375 0.292187 0.484375 0.291797 0.484863 0.291406 0.484863 0.291016 0.485352 0.290234 0.485352 0.289844 0.48584 0.289062 0.48584 0.288672 0.486328 0.287891 0.486328 0.2875 0.486816 0.287109 0.486816 0.286719 0.487305 0.286328 0.487305 0.285938 0.487793 0.285547 0.487793 0.285156 0.488281 0.284766 0.488281 0.284375 0.48877 0.283594 0.48877 0.283203 0.489258 0.282422 0.489258 0.282031 0.48877 0.279687 0.48877 0.279297 0.488281 0.277734 0.488281 0.277344 0.487793 0.276953 0.487793 0.275898 0.487988 0.274805 0.486963 0.274062 0.48584 0.273555 0.484375 0.273359 0.482959 0.273594 0.481396 0.274102 0.480322 0.274727 0.479639 0.275547 0.478662 0.276172 0.477686 0.276914 0.477051 0.2775 0.476855 0.278242 0.476367 0.279023 0.475977 0.27957 0.475586 0.280234 0.475293 0.280859 0.475244 0.281094 0.474512 0.281641 0.474414 0.282578 0.474316 0.283164 0.473975 0.284102 0.473779 0.285117 0.473486 0.286211 0.473438 0.2875 0.473535 0.289297 0.473584 0.290625 0.473975 0.291563 0.474268 0.292461 0.474561 0.293242 0.474805 0.29418 0.475342 0.295 0.476416 0.29543 0.477734
