1 0.316797 0 0.317227 0.0059 0.316172 0.0097 0.316602 0.01185 0.319141 0.0145 0.319727 0.01725 0.322383 0.0228 0.324883 0.02905 0.328477 0.03235 0.333672 0.039 0.336719 0.043 0.338281 0.044 0.339453 0.044 0.342969 0.0455 0.352891 0.04535 0.356367 0.04445 0.365625 0.0445 0.369922 0.0436 0.371914 0.0405 0.3725 0.03795 0.372539 0.03515 0.372656 0.0335 0.370312 0.03255 0.367969 0.0305 0.367188 0.0305 0.362891 0.0275 0.362109 0.0275 0.358984 0.0255 0.357227 0.02465 0.354375 0.0225 0.350859 0.0199 0.350039 0.01665 0.348359 0.0145 0.345703 0.0115 0.341406 0.005 0.338672 0.003 0.3375 0.0015 0.3375 0
1 0.695859 0.67685 0.694336 0.677735 0.693359 0.6787 0.691914 0.6788 0.69043 0.677735 0.688633 0.6774 0.687773 0.6768 0.686562 0.67765 0.685547 0.6761 0.684141 0.6757 0.681406 0.676 0.679688 0.674805 0.678711 0.674805 0.676758 0.67285 0.674805 0.67285 0.673828 0.67383 0.671875 0.671875 0.670898 0.671875 0.669922 0.6709 0.666992 0.6709 0.666016 0.66992 0.664062 0.671875 0.661133 0.668945 0.661133 0.66699 0.65625 0.66211 0.654297 0.66211 0.653477 0.66225 0.652266 0.66265 0.649453 0.6625 0.646875 0.6609 0.644805 0.6597 0.643516 0.6571 0.643437 0.65395 0.637695 0.64746 0.635742 0.64746 0.634766 0.646485 0.634766 0.64551 0.633789 0.64453 0.633789 0.6416 0.631836 0.63965 0.631836 0.63867 0.629883 0.63672 0.629883 0.63574 0.626953 0.63281 0.626406 0.6296 0.624766 0.62995 0.624102 0.6274 0.621953 0.627 0.621797 0.62515 0.623047 0.623045 0.623047 0.62207 0.625 0.620115 0.625 0.61914 0.626953 0.61719 0.62793 0.61719 0.628906 0.61621 0.63293 0.619 0.63332 0.6198 0.634766 0.620115 0.635742 0.620115 0.641289 0.6221 0.642852 0.62125 0.644023 0.6228 0.646602 0.62295 0.648438 0.624025 0.650391 0.625975 0.65332 0.625975 0.655273 0.62793 0.656055 0.6281 0.657227 0.62793 0.657227 0.628905 0.658203 0.629885 0.660156 0.629885 0.665234 0.63395 0.667578 0.6354 0.669766 0.6356 0.670898 0.63945 0.672187 0.6409 0.673008 0.6419 0.673555 0.64355 0.674102 0.64425 0.675625 0.6451 0.675977 0.6469 0.677734 0.649415 0.677734 0.65039 0.681641 0.654295 0.681641 0.655275 0.682617 0.65625 0.682617 0.657225 0.685547 0.660155 0.686523 0.660155 0.6875 0.661135 0.688477 0.661135 0.69043 0.663085 0.69043 0.66406 0.690859 0.6652 0.691797 0.66595 0.692383 0.66504 0.693359 0.666015 0.693945 0.67055 0.696289 0.671875
1 0.654844 0.8726 0.654297 0.875 0.654687 0.87595 0.654297 0.876955 0.654297 0.87793 0.661133 0.884765 0.662109 0.884765 0.665039 0.887695 0.665039 0.88867 0.666016 0.88965 0.666016 0.8916 0.666992 0.89258 0.667969 0.89258 0.669922 0.89453 0.670898 0.89453 0.673828 0.89746 0.676758 0.89746 0.678711 0.899415 0.678711 0.90039 0.680664 0.902345 0.681641 0.902345 0.6875 0.908205 0.688477 0.908205 0.694336 0.91406 0.695312 0.913085 0.702148 0.91992 0.703125 0.91992 0.708984 0.92578 0.711914 0.92676 0.714844 0.92969 0.71582 0.92969 0.719727 0.933595 0.72168 0.933595 0.723633 0.93164 0.723633 0.92969 0.724609 0.92871 0.722656 0.92676 0.722656 0.924805 0.719727 0.921875 0.719727 0.9209 0.717773 0.918945 0.717773 0.91699 0.71582 0.91504 0.71582 0.91406 0.714844 0.913085 0.714844 0.91211 0.711914 0.90918 0.711914 0.90625 0.710938 0.905275 0.710938 0.904295 0.708984 0.902345 0.708984 0.90039 0.706055 0.89746 0.706055 0.896485 0.705078 0.89551 0.705078 0.893555 0.704102 0.89258 0.704102 0.890625 0.701172 0.887695 0.701172 0.88672 0.699219 0.884765 0.699219 0.88379 0.699141 0.88015 0.696289 0.879885 0.695312 0.878905 0.695312 0.87793 0.695195 0.8771 0.694727 0.876 0.691289 0.87205 0.690391 0.8697 0.689375 0.86905 0.687578 0.86885 0.686562 0.86885 0.68457 0.868165 0.682617 0.868165 0.681641 0.86719 0.678711 0.86719 0.6775 0.86715 0.675938 0.86715 0.673984 0.8661 0.671094 0.8662 0.669922 0.86621 0.668945 0.86621 0.66793 0.86605 0.666992 0.8661 0.666016 0.86621 0.662109 0.86621 0.661133 0.865235 0.658203 0.8662 0.656797 0.8702
1 0.321563 0.4387 0.320312 0.438475 0.320312 0.439455 0.321289 0.44043 0.321289 0.442385 0.322266 0.44336 0.322266 0.444335 0.325195 0.447265 0.327148 0.447265 0.329102 0.44922 0.333008 0.44922 0.334961 0.45117 0.338867 0.45117 0.339844 0.45215 0.341797 0.45215 0.342773 0.45117 0.34375 0.45215 0.344727 0.45215 0.345703 0.45117 0.361328 0.45117 0.362305 0.450195 0.363281 0.450195 0.365234 0.44824 0.368164 0.44824 0.374023 0.442385 0.374023 0.441405 0.376953 0.438475 0.376953 0.436525 0.378906 0.43457 0.378906 0.433595 0.379883 0.432615 0.379883 0.42969 0.383789 0.42578 0.383789 0.42285 0.385742 0.4209 0.385742 0.41992 0.391602 0.41406 0.391602 0.41211 0.392188 0.4109 0.392578 0.40918 0.392734 0.4081 0.392578 0.407225 0.392578 0.405275 0.391602 0.404295 0.389648 0.40625 0.388867 0.40635 0.388789 0.4069 0.388008 0.40705 0.386719 0.407225 0.383789 0.410155 0.382812 0.40918 0.380859 0.411135 0.379883 0.411135 0.378906 0.410155 0.37793 0.411135 0.37793 0.41211 0.375 0.41504 0.373047 0.41504 0.37207 0.416015 0.371094 0.416015 0.370117 0.41699 0.369141 0.41699 0.367188 0.418945 0.366211 0.418945 0.365234 0.41992 0.364258 0.41992 0.362305 0.421875 0.361328 0.421875 0.360352 0.42285 0.357187 0.4206 0.355469 0.421875 0.353516 0.421875 0.351484 0.4251 0.349609 0.424805 0.348633 0.42578 0.347656 0.42578 0.34375 0.42969 0.342773 0.42969 0.34082 0.43164 0.339844 0.43164 0.333008 0.438475 0.332031 0.4375 0.331055 0.4375 0.330078 0.436525 0.327422 0.4362 0.326719 0.43785 0.32375 0.43815 0.322422 0.4386
1 0.33125 0.0655 0.330234 0.0696 0.329688 0.076 0.330898 0.079 0.333203 0.0845 0.333711 0.08855 0.336758 0.0946 0.341562 0.1034 0.341797 0.1095 0.344141 0.117 0.344922 0.118 0.348125 0.1263 0.350312 0.1309 0.355 0.1361 0.360977 0.1422 0.36375 0.14415 0.365234 0.1444 0.366992 0.14625 0.369961 0.1475 0.377266 0.1531 0.378984 0.1539 0.382695 0.1539 0.382852 0.1469 0.381641 0.144 0.379297 0.138 0.379297 0.1365 0.377344 0.1335 0.376563 0.13 0.375 0.127 0.372305 0.115 0.370898 0.10965 0.365977 0.1046 0.362227 0.10025 0.356328 0.09305 0.352344 0.0915 0.348828 0.0885 0.339258 0.0754 0.33457 0.06815 0.333594 0.0655
1 0.206406 0.3923 0.203437 0.39065 0.203164 0.3884 0.203477 0.38665 0.202461 0.3855 0.202148 0.38281 0.203125 0.381835 0.206172 0.382 0.208086 0.37845 0.20875 0.37605 0.210742 0.3734 0.213164 0.36965 0.212891 0.36719 0.21582 0.36426 0.216367 0.36135 0.216797 0.36035 0.217734 0.3579 0.218203 0.35515 0.218672 0.35125 0.218906 0.349 0.219609 0.3477 0.220859 0.3468 0.221602 0.3437 0.222266 0.34235 0.223906 0.34175 0.233398 0.331055 0.234375 0.331055 0.238047 0.32805 0.239727 0.32895 0.241484 0.32875 0.243164 0.328125 0.244414 0.32785 0.245117 0.32715 0.246211 0.32735 0.24707 0.328125 0.248047 0.32715 0.254883 0.32715 0.257188 0.3262 0.259648 0.32575 0.260742 0.32422 0.263672 0.32422 0.264648 0.32324 0.265625 0.32422 0.265625 0.32617 0.267578 0.328125 0.267578 0.3291 0.269531 0.331055 0.267578 0.33301 0.267578 0.333985 0.263672 0.33789 0.262695 0.33789 0.259766 0.34082 0.259766 0.341795 0.257812 0.34375 0.256836 0.34375 0.255859 0.344725 0.255859 0.345705 0.254062 0.34815 0.253672 0.35045 0.251094 0.35275 0.25043 0.3543 0.249844 0.35625 0.249453 0.3587 0.24707 0.36035 0.246914 0.36295 0.244922 0.36365 0.242422 0.36595 0.241797 0.36875 0.236992 0.37205 0.232422 0.375975 0.229492 0.376955 0.227539 0.378905 0.227539 0.38086 0.227227 0.3829 0.225664 0.3835 0.224219 0.38475 0.222812 0.3875 0.216797 0.3916 0.21582 0.3916 0.213867 0.393555 0.211914 0.393555 0.210938 0.39453 0.209805 0.3939
1 0.612266 0.61835 0.612344 0.6154 0.612305 0.61426 0.612305 0.612305 0.615234 0.609375 0.615234 0.606445 0.616211 0.60547 0.616211 0.60449 0.618164 0.60254 0.618164 0.60156 0.620117 0.59961 0.621094 0.59961 0.62207 0.598635 0.623047 0.598635 0.628359 0.59455 0.630625 0.5952 0.632812 0.59082 0.632812 0.589845 0.637695 0.58496 0.637695 0.583985 0.643555 0.578125 0.644531 0.578125 0.645508 0.57715 0.645508 0.57617 0.647461 0.57422 0.651211 0.57395 0.651367 0.572265 0.652344 0.572265 0.654492 0.57295 0.655273 0.57324 0.657227 0.57324 0.658125 0.57405 0.661172 0.57435 0.661719 0.5756 0.664062 0.57435 0.666016 0.57715 0.666992 0.57715 0.667969 0.578125 0.668945 0.578125 0.669922 0.5791 0.670898 0.5791 0.672852 0.581055 0.675781 0.581055 0.677734 0.58301 0.683594 0.58301 0.685547 0.58496 0.685547 0.58789 0.685586 0.5922 0.682969 0.5953 0.681992 0.60145 0.675781 0.59961 0.673828 0.60156 0.672852 0.60156 0.667969 0.606445 0.667969 0.60742 0.665039 0.61035 0.665039 0.612305 0.666016 0.61328 0.664062 0.615235 0.662109 0.615235 0.660156 0.61719 0.65918 0.61621 0.657227 0.61621 0.65625 0.61719 0.654297 0.61719 0.65332 0.618165 0.650391 0.618165 0.649414 0.61719 0.637695 0.61719 0.636719 0.61621 0.635742 0.61621 0.634766 0.61719 0.631836 0.61719 0.630859 0.618165 0.629883 0.618165 0.627617 0.6184 0.626563 0.6182 0.625703 0.6182 0.624883 0.61805 0.624023 0.618165 0.62207 0.618165 0.620117 0.620115 0.618164 0.620115 0.617852 0.62205 0.615859 0.62255 0.61375 0.62245 0.612305 0.621095 0.612195 0.619795
1 0.793945 0.833985 0.793281 0.83255 0.791016 0.8319 0.790039 0.83203 0.789062 0.83203 0.787109 0.8339 0.782227 0.833985 0.781211 0.83615 0.780469 0.83715 0.779219 0.8391 0.77875 0.8404 0.777656 0.8422 0.776758 0.8426 0.776484 0.8468 0.776367 0.849 0.775195 0.8503 0.774102 0.8517 0.772695 0.8527 0.772461 0.85547 0.771523 0.85755 0.769727 0.8579 0.76793 0.85935 0.767813 0.86035 0.765625 0.862305 0.764648 0.862305 0.761719 0.86426 0.761719 0.865235 0.759766 0.86719 0.759766 0.86914 0.757812 0.871095 0.757812 0.873045 0.753906 0.876955 0.75293 0.876955 0.746797 0.884 0.746445 0.88685 0.743906 0.8888 0.743594 0.89125 0.742891 0.89255 0.742188 0.89258 0.739258 0.89551 0.739258 0.896485 0.741211 0.89844 0.745117 0.89844 0.746094 0.899415 0.74707 0.89844 0.749023 0.89844 0.751953 0.89551 0.756836 0.89551 0.758789 0.893555 0.760742 0.893555 0.762773 0.89245 0.764062 0.892 0.765625 0.8916 0.766602 0.8916 0.769297 0.89075 0.770508 0.89085 0.771484 0.890625 0.775039 0.8914 0.776172 0.8914 0.77707 0.8909 0.77832 0.890625 0.78082 0.8885 0.783828 0.88455 0.785273 0.88165 0.786719 0.8789 0.787109 0.87695 0.787695 0.873 0.787813 0.8649 0.789531 0.8643 0.789844 0.86245 0.788984 0.86115 0.789883 0.8581 0.790039 0.85547 0.790039 0.853515 0.789062 0.85254 0.789062 0.85156 0.790039 0.850585 0.790039 0.847655 0.791016 0.84668 0.791016 0.84375 0.791992 0.842775 0.791992 0.84082 0.793008 0.83985 0.793438 0.83695 0.793945 0.83594
1 0.850586 0.859375 0.848633 0.86133 0.84668 0.86133 0.844727 0.86328 0.84375 0.86328 0.839844 0.86719 0.839844 0.868165 0.837891 0.870115 0.837891 0.87207 0.835938 0.874025 0.833984 0.874025 0.830078 0.87793 0.830078 0.878905 0.829102 0.879885 0.828008 0.87955 0.825195 0.881835 0.825195 0.88281 0.814453 0.893555 0.814453 0.89551 0.813477 0.896485 0.813477 0.89844 0.8125 0.899415 0.8125 0.901365 0.810547 0.90332 0.810547 0.904295 0.80957 0.905275 0.80957 0.908205 0.808594 0.90918 0.808594 0.910155 0.807305 0.91275 0.806641 0.91992 0.805664 0.9209 0.805664 0.924805 0.804688 0.92578 0.804688 0.92676 0.801758 0.92969 0.801758 0.930665 0.802734 0.93164 0.800781 0.933595 0.800781 0.935545 0.799805 0.936525 0.799805 0.9375 0.798828 0.938475 0.798828 0.942385 0.801758 0.94531 0.802734 0.94531 0.803711 0.94629 0.805664 0.944335 0.808594 0.944335 0.817383 0.935545 0.817383 0.93457 0.818359 0.933595 0.818359 0.93164 0.822266 0.927735 0.822266 0.92676 0.825313 0.92475 0.828125 0.92383 0.831719 0.92135 0.833633 0.92115 0.839766 0.91575 0.839844 0.913085 0.842773 0.910155 0.842773 0.908205 0.845703 0.905275 0.845703 0.90332 0.84668 0.902345 0.84668 0.89844 0.847656 0.89746 0.847656 0.896485 0.848633 0.89551 0.848633 0.89258 0.849609 0.8916 0.849609 0.88965 0.850586 0.88867 0.849609 0.887695 0.850586 0.88672 0.849609 0.88574 0.849609 0.884765 0.850586 0.88379 0.850586 0.88281 0.851562 0.881835 0.851562 0.88086 0.852539 0.879885 0.854297 0.87345 0.855469 0.868165 0.854492 0.86719 0.854492 0.86621
1 0.583008 0.657225 0.582031 0.658205 0.581055 0.658205 0.579102 0.660155 0.57875 0.662 0.578203 0.6632 0.578125 0.66406 0.578125 0.666015 0.578906 0.6663 0.579531 0.66735 0.580078 0.668945 0.580547 0.677 0.582031 0.67871 0.582539 0.6876 0.583008 0.689455 0.583008 0.69336 0.581055 0.69531 0.581055 0.697265 0.582031 0.69824 0.582031 0.69922 0.583398 0.70075 0.583633 0.70715 0.582852 0.707 0.582773 0.70985 0.584688 0.71375 0.584961 0.71582 0.583984 0.716795 0.583984 0.71875 0.584961 0.719725 0.585039 0.7233 0.586914 0.728515 0.586914 0.73242 0.587891 0.7334 0.587891 0.734375 0.589844 0.73633 0.589844 0.737305 0.59207 0.73975 0.59207 0.74335 0.592773 0.74414 0.592773 0.74707 0.59375 0.748045 0.59375 0.750975 0.594727 0.751955 0.594727 0.753905 0.59668 0.75586 0.59668 0.756835 0.600586 0.76074 0.601562 0.759765 0.602539 0.759765 0.607109 0.7549 0.607187 0.75185 0.607187 0.75085 0.607227 0.75 0.607422 0.73926 0.608398 0.73828 0.608398 0.731445 0.609375 0.73047 0.609375 0.72949 0.610352 0.728515 0.610352 0.71875 0.610781 0.71775 0.610352 0.716795 0.610352 0.71582 0.610625 0.71495 0.610352 0.713865 0.610352 0.71289 0.609961 0.7119 0.609961 0.70715 0.60918 0.7062 0.609375 0.70508 0.608398 0.7041 0.608398 0.70215 0.607422 0.70117 0.607422 0.700195 0.606445 0.69922 0.606445 0.69824 0.604492 0.69629 0.604492 0.69531 0.603516 0.694335 0.603516 0.69336 0.602539 0.692385 0.602539 0.69043 0.601562 0.689455 0.601562 0.688475 0.600586 0.6875 0.600586 0.686525 0.600273 0.68555 0.600039 0.68375 0.593477 0.67635 0.592422 0.6724 0.589453 0.668 0.588516 0.6662 0.586914 0.66406 0.586914 0.663085 0.583984 0.660155 0.583984 0.658205
1 0.695312 0.66406 0.695312 0.663085 0.697266 0.661135 0.698086 0.66 0.700625 0.6574 0.700625 0.6548 0.700781 0.65375 0.700859 0.65245 0.701523 0.6516 0.702461 0.65095 0.70332 0.6503 0.703555 0.6491 0.704102 0.64844 0.705078 0.64746 0.705703 0.6446 0.707031 0.64258 0.707891 0.6399 0.713828 0.63375 0.714844 0.63086 0.716797 0.628905 0.717773 0.628905 0.718984 0.62855 0.72168 0.62793 0.723984 0.6258 0.725586 0.625975 0.727539 0.625975 0.730469 0.623045 0.732422 0.623045 0.733398 0.62207 0.742188 0.62207 0.743164 0.623045 0.744141 0.623045 0.745117 0.624025 0.74707 0.624025 0.75 0.626955 0.750977 0.626955 0.751914 0.62715 0.752812 0.6269 0.753711 0.6269 0.755312 0.6274 0.75625 0.62695 0.757148 0.62745 0.757227 0.62875 0.758203 0.63175 0.757578 0.63375 0.756563 0.63435 0.754883 0.634765 0.754102 0.6351 0.753906 0.63672 0.752734 0.6374 0.751836 0.63765 0.750859 0.6378 0.749922 0.63785 0.749023 0.637695 0.745117 0.637695 0.743164 0.63965 0.743164 0.640625 0.742188 0.6416 0.741211 0.6416 0.739258 0.643555 0.739258 0.64551 0.736641 0.6488 0.736836 0.65225 0.735117 0.65315 0.734102 0.6518 0.733594 0.65245 0.733437 0.65455 0.732422 0.655275 0.726562 0.661135 0.725586 0.661135 0.722656 0.66406 0.720703 0.66406 0.719727 0.66504 0.71875 0.66504 0.717773 0.666015 0.716797 0.666015 0.713867 0.668945 0.710938 0.668945 0.709961 0.66992 0.708008 0.66992 0.706055 0.671875 0.701473 0.67284 0.701172 0.671875 0.699883 0.67085 0.700195 0.668945 0.698242 0.66699 0.698242 0.666015 0.696289 0.66406
1 0.625977 0.52344 0.628906 0.52051 0.629883 0.52051 0.630859 0.51953 0.633789 0.51953 0.635742 0.51758 0.641992 0.51735 0.642578 0.515625 0.645508 0.515625 0.646484 0.51465 0.647461 0.515625 0.650391 0.515625 0.651367 0.5166 0.65625 0.5166 0.658203 0.518555 0.660156 0.518555 0.663086 0.521485 0.665039 0.521485 0.666016 0.52246 0.666016 0.524415 0.670898 0.524415 0.670898 0.52539 0.670625 0.52745 0.671328 0.52925 0.671563 0.531 0.672266 0.5328 0.673828 0.535155 0.673828 0.536135 0.674805 0.53711 0.674805 0.538085 0.677461 0.54025 0.676758 0.54492 0.677734 0.5459 0.677266 0.5469 0.676758 0.54785 0.677734 0.54883 0.677734 0.55176 0.679688 0.55371 0.677656 0.5544 0.678164 0.5595 0.679453 0.5607 0.679414 0.5626 0.678828 0.5636 0.67875 0.56645 0.678789 0.5682 0.678672 0.57035 0.677734 0.57129 0.677539 0.57365 0.676758 0.57617 0.675781 0.57715 0.675781 0.578125 0.674805 0.5791 0.673828 0.578125 0.671875 0.578125 0.670898 0.5791 0.669922 0.5791 0.668945 0.578125 0.669023 0.57755 0.668906 0.57685 0.668555 0.57585 0.667969 0.57422 0.663086 0.569335 0.662109 0.569335 0.658203 0.56543 0.658203 0.564455 0.655273 0.561525 0.655273 0.55957 0.650586 0.5556 0.649414 0.54785 0.648438 0.546875 0.648438 0.5449 0.645664 0.5448 0.645508 0.53906 0.644531 0.538085 0.644531 0.53711 0.643555 0.536135 0.642578 0.53711 0.641602 0.53711 0.636719 0.532225 0.632969 0.5335 0.631641 0.5322 0.63125 0.5336 0.629453 0.53385 0.629297 0.5317 0.628906 0.526365 0.626719 0.523935
1 0.618164 0.475585 0.619141 0.47461 0.619141 0.473635 0.624023 0.46875 0.624023 0.467775 0.625 0.466795 0.625977 0.466795 0.626953 0.46582 0.631836 0.46582 0.632812 0.464845 0.634766 0.464845 0.635742 0.463865 0.636719 0.463865 0.638672 0.461915 0.643555 0.461915 0.645508 0.45996 0.646484 0.45996 0.647461 0.46094 0.648438 0.46094 0.649414 0.45996 0.651367 0.45996 0.652344 0.458985 0.65332 0.458985 0.655273 0.45703 0.657227 0.45703 0.658203 0.45801 0.660156 0.45801 0.661133 0.45703 0.661133 0.45801 0.662109 0.458985 0.662109 0.45996 0.666992 0.464845 0.667969 0.464845 0.668945 0.46582 0.670898 0.46582 0.673828 0.46875 0.674805 0.46875 0.683594 0.47754 0.683594 0.47949 0.68457 0.48047 0.68457 0.48242 0.683594 0.4834 0.683594 0.48535 0.68457 0.48633 0.68457 0.48926 0.682617 0.49121 0.683594 0.49219 0.683594 0.495115 0.682617 0.496095 0.681641 0.495115 0.681641 0.49414 0.680664 0.493165 0.677734 0.493165 0.675781 0.49121 0.671875 0.49121 0.670898 0.490235 0.668945 0.49219 0.667969 0.49121 0.664062 0.49121 0.663086 0.490235 0.662109 0.49121 0.657227 0.49121 0.65625 0.49219 0.655273 0.49121 0.651367 0.49121 0.643555 0.4834 0.640625 0.4834 0.639648 0.48242 0.634766 0.48242 0.633789 0.4834 0.626953 0.4834 0.625 0.48535 0.623047 0.48535 0.62207 0.484375 0.620117 0.48633 0.619141 0.48633 0.619141 0.48242 0.618164 0.481445 0.6185 0.476715 0.618164 0.47656
1 0.705039 0.56915 0.706055 0.57129 0.708984 0.57129 0.710938 0.57324 0.712891 0.57324 0.713867 0.57422 0.716797 0.57422 0.717773 0.575195 0.71875 0.575195 0.720703 0.57715 0.720703 0.578125 0.722656 0.58008 0.723633 0.58008 0.726562 0.58301 0.726562 0.583985 0.728516 0.58594 0.728516 0.588865 0.734375 0.594725 0.734375 0.59668 0.742188 0.60449 0.745117 0.60449 0.746094 0.60547 0.74707 0.60547 0.748047 0.606445 0.75293 0.606445 0.753906 0.60547 0.754883 0.60547 0.755859 0.606445 0.756836 0.606445 0.758867 0.6065 0.759766 0.60547 0.760742 0.60449 0.761719 0.60449 0.763672 0.60254 0.764648 0.60254 0.767578 0.59961 0.767578 0.597655 0.768555 0.59668 0.768555 0.595705 0.767578 0.594725 0.767578 0.592775 0.763672 0.588865 0.763672 0.58789 0.761719 0.58594 0.760742 0.58594 0.760078 0.5853 0.760391 0.5845 0.761094 0.5836 0.760703 0.58045 0.759727 0.5801 0.758633 0.57925 0.758086 0.5788 0.757422 0.5775 0.749336 0.56885 0.748789 0.5677 0.747227 0.5655 0.744414 0.56445 0.742188 0.563475 0.740234 0.563475 0.739258 0.5625 0.737305 0.5625 0.736328 0.561525 0.734375 0.561525 0.733398 0.560545 0.731445 0.560545 0.730469 0.55957 0.726562 0.55957 0.724609 0.557615 0.720703 0.557615 0.719727 0.558595 0.716797 0.558595 0.71582 0.55957 0.713867 0.55957 0.708984 0.564455 0.707031 0.564455 0.705039 0.56505
1 0.559992 0.508965 0.558594 0.50879 0.557617 0.50781 0.554844 0.50875 0.552969 0.51065 0.552656 0.5117 0.549805 0.51367 0.549805 0.5166 0.548828 0.51758 0.548828 0.518555 0.538086 0.529295 0.538086 0.530275 0.532227 0.536135 0.53125 0.536135 0.529844 0.53865 0.527344 0.53906 0.526563 0.5394 0.526211 0.54155 0.519727 0.5498 0.517422 0.5501 0.517031 0.5519 0.513906 0.55515 0.513945 0.55765 0.511992 0.55895 0.511641 0.5609 0.507812 0.56525 0.507617 0.5668 0.506836 0.566405 0.506055 0.5673 0.505859 0.56875 0.503672 0.5669 0.50293 0.567385 0.501914 0.56845 0.501836 0.56945 0.501758 0.57085 0.502344 0.57235 0.503711 0.5741 0.507148 0.57755 0.508437 0.57715 0.510273 0.581 0.512344 0.57895 0.512578 0.57635 0.515586 0.57595 0.516602 0.57324 0.52 0.5738 0.521484 0.57031 0.524414 0.57031 0.525391 0.569335 0.530312 0.5699 0.532227 0.566405 0.535 0.56595 0.536133 0.563475 0.538242 0.5617 0.543438 0.55745 0.545898 0.55595 0.546875 0.5552 0.548281 0.5541 0.548828 0.55385 0.549492 0.55305 0.550312 0.5522 0.550547 0.5517 0.550664 0.55135 0.550781 0.55045 0.550781 0.549805 0.551758 0.54883 0.551758 0.54785 0.552578 0.5464 0.552734 0.54492 0.553711 0.54395 0.555664 0.541015 0.556641 0.53975 0.557031 0.5381 0.557109 0.53365 0.557617 0.532225 0.558203 0.5307 0.559297 0.52825 0.559414 0.52485 0.55957 0.52344 0.55957 0.518555 0.561523 0.5166 0.561523 0.51172
1 0.423711 0.3176 0.422852 0.317385 0.420898 0.317385 0.416016 0.322265 0.414062 0.322265 0.410156 0.32617 0.40918 0.32617 0.40625 0.3291 0.404297 0.3291 0.40332 0.33008 0.40332 0.331055 0.402344 0.33203 0.402344 0.333985 0.401367 0.33496 0.401367 0.33789 0.395508 0.34375 0.395508 0.344725 0.393516 0.3475 0.393555 0.348635 0.393555 0.34961 0.390625 0.35254 0.390625 0.353515 0.389648 0.35449 0.389648 0.35547 0.388672 0.356445 0.388672 0.359375 0.387695 0.36035 0.387695 0.365235 0.388672 0.36621 0.388672 0.36914 0.385742 0.37207 0.385742 0.375 0.383789 0.376955 0.383789 0.37793 0.381836 0.379885 0.381836 0.38086 0.383789 0.38281 0.383789 0.384765 0.382812 0.38574 0.382812 0.387695 0.383789 0.38867 0.383789 0.390625 0.386016 0.3918 0.387305 0.39165 0.387969 0.38985 0.389648 0.390625 0.390625 0.38965 0.391602 0.38965 0.393555 0.387695 0.396484 0.387695 0.411133 0.373045 0.411133 0.37207 0.412109 0.371095 0.412109 0.370115 0.414062 0.368165 0.414062 0.36719 0.415039 0.36621 0.415039 0.36328 0.416016 0.362305 0.416016 0.35449 0.416992 0.353515 0.416992 0.35156 0.416016 0.350585 0.416016 0.344725 0.416992 0.34375 0.416992 0.339845 0.420898 0.33594 0.420898 0.33496 0.422852 0.33301 0.422852 0.33203 0.423828 0.331055 0.423828 0.328125 0.425781 0.32617 0.425781 0.322265 0.424805 0.32129 0.424844 0.3182
1 0.59543 0.76725 0.597656 0.768555 0.597656 0.76953 0.602539 0.774415 0.604492 0.774415 0.608398 0.77832 0.610352 0.77832 0.611328 0.779295 0.615234 0.779295 0.616211 0.780275 0.618164 0.780275 0.619141 0.779295 0.620117 0.779295 0.621094 0.780275 0.62207 0.780275 0.624023 0.77832 0.625977 0.77832 0.626953 0.779295 0.629883 0.776365 0.631836 0.776365 0.632812 0.777345 0.635742 0.774415 0.635742 0.77344 0.64 0.77085 0.641641 0.7701 0.642578 0.76885 0.64332 0.7677 0.645508 0.765625 0.647461 0.765625 0.65918 0.753905 0.65918 0.75293 0.660156 0.751955 0.660156 0.750975 0.669922 0.74121 0.669922 0.740235 0.671367 0.7391 0.670508 0.73775 0.668984 0.73455 0.668945 0.7312 0.670898 0.72754 0.670898 0.72656 0.669922 0.725585 0.667969 0.725585 0.666016 0.72754 0.665039 0.72754 0.664062 0.72656 0.663086 0.72754 0.662109 0.72754 0.661133 0.72656 0.660156 0.72656 0.657227 0.72785 0.65625 0.728515 0.655273 0.728515 0.655117 0.72965 0.65332 0.72949 0.652344 0.728515 0.650391 0.728515 0.649414 0.72949 0.646484 0.72949 0.645508 0.73047 0.643594 0.73115 0.640625 0.7334 0.639648 0.7334 0.637695 0.73535 0.636719 0.73535 0.63582 0.7362 0.635859 0.73765 0.631836 0.74121 0.630859 0.74121 0.627539 0.74505 0.625625 0.7479 0.617383 0.75745 0.614258 0.75781 0.612305 0.759765 0.611328 0.75879 0.608828 0.75905 0.607422 0.759765 0.604492 0.759765 0.601875 0.75795 0.599688 0.75805 0.598047 0.75605 0.597656 0.756835 0.597187 0.75845 0.59668 0.7586 0.596328 0.7591 0.596094 0.7601 0.595156 0.761
1 0.702523 0.798735 0.702148 0.79785 0.701172 0.796875 0.701172 0.7959 0.699219 0.793945 0.699219 0.791015 0.698242 0.791015 0.696719 0.7896 0.695312 0.79004 0.691406 0.786135 0.691406 0.785155 0.686523 0.780275 0.686523 0.777345 0.68457 0.77539 0.683594 0.77539 0.678711 0.77051 0.677734 0.77051 0.676758 0.76953 0.675781 0.76953 0.673828 0.76758 0.672852 0.76758 0.671875 0.7666 0.670898 0.7666 0.669922 0.765625 0.667969 0.765625 0.666016 0.76367 0.662109 0.76367 0.660156 0.76465 0.659219 0.7655 0.657969 0.76545 0.657227 0.7666 0.655273 0.7666 0.654297 0.765625 0.651367 0.765625 0.649414 0.76758 0.648438 0.76758 0.647969 0.76755 0.647461 0.76758 0.646484 0.76758 0.641602 0.77246 0.639648 0.77246 0.636719 0.77539 0.635742 0.77539 0.633789 0.777345 0.632812 0.776365 0.6325 0.77765 0.630664 0.77815 0.629883 0.77835 0.626953 0.779295 0.626172 0.78005 0.624258 0.7809 0.623281 0.78195 0.62207 0.78185 0.621094 0.782225 0.620117 0.782225 0.618164 0.78418 0.618164 0.785155 0.617969 0.78615 0.618164 0.78711 0.618164 0.78906 0.620117 0.791015 0.625977 0.791015 0.62793 0.79297 0.631836 0.79297 0.632812 0.79199 0.633789 0.79199 0.635742 0.793945 0.636719 0.79297 0.638672 0.79492 0.641602 0.79492 0.642578 0.7959 0.646484 0.7959 0.647461 0.796875 0.650391 0.796875 0.651367 0.7959 0.658203 0.7959 0.660156 0.79785 0.661133 0.796875 0.663086 0.796875 0.664062 0.79785 0.672852 0.79785 0.673828 0.79883 0.677734 0.79883 0.678711 0.79785 0.679688 0.79785 0.681641 0.799805 0.686523 0.799805 0.688477 0.80176 0.692383 0.80176 0.693359 0.802735 0.695312 0.802735 0.696289 0.80176 0.697266 0.802735 0.699219 0.802735 0.700195 0.80176
1 0.408203 0.911135 0.407891 0.9132 0.407695 0.92135 0.408203 0.92285 0.408203 0.92578 0.407852 0.92725 0.407734 0.9291 0.408828 0.9341 0.408516 0.9377 0.408047 0.9416 0.408398 0.94655 0.408594 0.95015 0.407852 0.9519 0.407734 0.95395 0.408203 0.95703 0.407656 0.9584 0.407539 0.96235 0.40625 0.96289 0.40625 0.96582 0.406758 0.96865 0.407813 0.97175 0.408711 0.97355 0.409609 0.9807 0.41 0.982 0.409023 0.9832 0.409531 0.9842 0.411289 0.98395 0.414336 0.98345 0.417344 0.98375 0.421016 0.9841 0.430312 0.9841 0.430547 0.98235 0.431016 0.9787 0.432266 0.977 0.433594 0.97605 0.43457 0.973635 0.43457 0.970705 0.433555 0.9691 0.433516 0.9642 0.435234 0.96245 0.435117 0.959 0.433555 0.95615 0.433164 0.94845 0.432773 0.9473 0.433008 0.9461 0.432969 0.94435 0.432422 0.943 0.431641 0.941405 0.430703 0.9393 0.429688 0.9375 0.427656 0.9342 0.426211 0.9325 0.424141 0.92635 0.421836 0.92575 0.418672 0.9201 0.417344 0.91895 0.416016 0.91699 0.416016 0.91504 0.411133 0.910155
1 0.304297 0.0392 0.301094 0.03445 0.296328 0.0323 0.292344 0.0291 0.287891 0.0281 0.285977 0.02705 0.283203 0.0271 0.280078 0.0267 0.277109 0.0262 0.275195 0.0266 0.273516 0.0271 0.271484 0.028 0.267969 0.0295 0.263672 0.0325 0.262891 0.0325 0.258203 0.0365 0.258203 0.037 0.255859 0.04 0.255469 0.04 0.252344 0.0445 0.250781 0.0455 0.248047 0.046 0.245703 0.0475 0.24375 0.048 0.240625 0.0505 0.236328 0.053 0.234375 0.055 0.232422 0.056 0.230078 0.059 0.228906 0.0595 0.227734 0.061 0.225742 0.064 0.224141 0.0657 0.223203 0.06875 0.224336 0.07185 0.225937 0.0748 0.228906 0.071 0.233203 0.07 0.234766 0.069 0.235937 0.0679 0.237617 0.06755 0.239219 0.06715 0.241016 0.067 0.245312 0.0665 0.245703 0.066 0.248828 0.066 0.250781 0.065 0.25625 0.064 0.258203 0.0625 0.261719 0.0615 0.264453 0.0595 0.266797 0.059 0.270313 0.057 0.271094 0.057 0.275 0.054 0.276523 0.05265 0.280859 0.051 0.283984 0.0505 0.284375 0.05 0.287812 0.0478 0.292187 0.0475 0.296094 0.047 0.296484 0.0465 0.299219 0.0465 0.304453 0.04645 0.304922 0.04395
1 0.708984 0.776365 0.708984 0.77344 0.708008 0.77246 0.708008 0.75879 0.708984 0.75781 0.708984 0.75586 0.710938 0.753905 0.710938 0.751955 0.711914 0.750975 0.711914 0.749025 0.712891 0.748045 0.712891 0.74707 0.711914 0.746095 0.714844 0.743165 0.714844 0.74219 0.71582 0.74121 0.71582 0.73828 0.717773 0.73633 0.71875 0.73633 0.728516 0.72656 0.730469 0.728515 0.731445 0.72754 0.733398 0.72949 0.735352 0.72754 0.739258 0.72754 0.740234 0.72656 0.742188 0.72656 0.744141 0.728515 0.748047 0.728515 0.749023 0.72949 0.750977 0.72949 0.751953 0.728515 0.755859 0.728515 0.756836 0.72949 0.757812 0.728515 0.759766 0.73047 0.760742 0.72949 0.761719 0.73047 0.762695 0.72949 0.763672 0.72949 0.765625 0.731445 0.766602 0.731445 0.765625 0.73242 0.765625 0.7334 0.766602 0.734375 0.766602 0.73535 0.764648 0.737305 0.764648 0.73828 0.757812 0.745115 0.756836 0.745115 0.75293 0.749025 0.751953 0.749025 0.749023 0.751955 0.74707 0.751955 0.745117 0.753905 0.744141 0.753905 0.743164 0.754885 0.742188 0.754885 0.741211 0.75586 0.739258 0.75586 0.738477 0.75735 0.738203 0.75885 0.734375 0.76172 0.733437 0.76155 0.73207 0.7638 0.731445 0.76465 0.722656 0.77344 0.72168 0.77344 0.719727 0.77539 0.717773 0.77539 0.714844 0.77832 0.713867 0.77832 0.712891 0.779295 0.71207 0.77995 0.710938 0.779295 0.709961 0.77832 0.709961 0.777345
1 0.367188 0.34755 0.366719 0.3469 0.366211 0.34668 0.364258 0.344725 0.364258 0.34375 0.363281 0.342775 0.363281 0.338865 0.362305 0.33789 0.362305 0.33496 0.361328 0.333985 0.361328 0.33301 0.360352 0.33203 0.360352 0.3291 0.361328 0.328125 0.361328 0.325195 0.363281 0.32324 0.361328 0.32129 0.361328 0.31836 0.362305 0.317385 0.362305 0.316405 0.363281 0.31543 0.362305 0.314455 0.362305 0.3125 0.361328 0.311525 0.361328 0.308595 0.360352 0.307615 0.361328 0.30664 0.361328 0.30371 0.362305 0.302735 0.362305 0.299805 0.363281 0.29883 0.363281 0.2959 0.365234 0.293945 0.365234 0.29297 0.366211 0.29199 0.366211 0.291015 0.367734 0.2898 0.367734 0.288 0.368594 0.28585 0.369062 0.2825 0.37082 0.28285 0.371094 0.28125 0.371094 0.280275 0.37207 0.280275 0.373047 0.279295 0.373594 0.27875 0.374375 0.2776 0.374922 0.2766 0.377188 0.27465 0.37793 0.27246 0.378906 0.27246 0.380859 0.27051 0.380859 0.268555 0.385742 0.26367 0.387695 0.26367 0.388672 0.262695 0.389648 0.262695 0.392578 0.259765 0.393555 0.26074 0.394531 0.26074 0.395508 0.259765 0.396484 0.259765 0.397461 0.26074 0.397461 0.262695 0.398438 0.26367 0.398438 0.26465 0.399414 0.265625 0.399414 0.26758 0.401562 0.2702 0.399375 0.27115 0.399414 0.27344 0.398438 0.274415 0.398438 0.279295 0.395508 0.282225 0.395508 0.28418 0.394531 0.285155 0.394531 0.28906 0.393555 0.29004 0.393555 0.29297 0.392578 0.293945 0.392578 0.2959 0.391602 0.2959 0.391016 0.2992 0.390234 0.3023 0.389727 0.3044 0.388672 0.305665 0.388125 0.30735 0.387539 0.30835 0.387422 0.30995 0.386836 0.31175 0.38668 0.31475 0.384766 0.31836 0.384219 0.3194 0.383789 0.32324 0.383672 0.32415 0.383594 0.32515 0.383477 0.3277 0.381836 0.328125 0.381836 0.3291 0.379883 0.331055 0.380312 0.3327 0.379766 0.3333 0.37793 0.33301 0.376953 0.333985 0.376953 0.33496 0.371094 0.34082 0.370938 0.34295 0.368164 0.344725 0.368164 0.347655
1 0.123516 0.663585 0.12207 0.66211 0.12207 0.660155 0.120039 0.65725 0.119414 0.6533 0.118906 0.6515 0.118789 0.64715 0.117852 0.64625 0.117695 0.64545 0.117773 0.64455 0.117773 0.64355 0.117188 0.64258 0.118086 0.6353 0.119141 0.63281 0.119141 0.629885 0.118945 0.6289 0.119141 0.62793 0.119609 0.6262 0.120117 0.625 0.120117 0.62207 0.12207 0.620115 0.12207 0.61621 0.121094 0.615235 0.121094 0.61328 0.123047 0.61035 0.123047 0.60449 0.124023 0.603515 0.124023 0.60156 0.125 0.600585 0.125 0.595705 0.125977 0.594725 0.126641 0.59095 0.135742 0.581055 0.135742 0.5791 0.137695 0.57715 0.137695 0.575195 0.140625 0.572265 0.140625 0.57129 0.143555 0.56836 0.145508 0.56836 0.147461 0.566405 0.149414 0.56836 0.149414 0.57031 0.150391 0.57129 0.150391 0.57324 0.149414 0.57422 0.149414 0.59668 0.14957 0.59785 0.149688 0.5997 0.149414 0.61328 0.146016 0.6172 0.145039 0.6199 0.143125 0.6209 0.142227 0.62395 0.141484 0.6256 0.140625 0.625975 0.140313 0.6271 0.139648 0.6283 0.139141 0.62975 0.138398 0.6304 0.137695 0.63086 0.136484 0.6318 0.134531 0.63385 0.133789 0.634765 0.132812 0.63574 0.132812 0.637695 0.131836 0.63867 0.131836 0.63965 0.130859 0.640625 0.130859 0.6416 0.128906 0.643555 0.128906 0.646485 0.129375 0.64745 0.128906 0.64844 0.129141 0.6494 0.128906 0.65039 0.128906 0.652345 0.128086 0.65435 0.127852 0.6554 0.12793 0.65625 0.126953 0.657225 0.126953 0.658205 0.12793 0.65918 0.12793 0.660155 0.126953 0.661135 0.126953 0.663085
1 0.520039 0.6247 0.517578 0.625 0.515625 0.623045 0.515625 0.62207 0.515508 0.62105 0.515391 0.6184 0.515625 0.61719 0.516016 0.61415 0.516602 0.61328 0.516602 0.61133 0.517578 0.61035 0.517578 0.60547 0.519531 0.603515 0.519531 0.60254 0.520508 0.60156 0.520508 0.600585 0.521484 0.59961 0.522188 0.5921 0.524844 0.58835 0.526367 0.5885 0.527344 0.586915 0.527344 0.58594 0.52832 0.58496 0.52832 0.581055 0.530156 0.5799 0.530234 0.5786 0.53168 0.5769 0.531797 0.574 0.536133 0.569335 0.536133 0.56836 0.537109 0.567385 0.539219 0.56485 0.543945 0.55957 0.548438 0.5588 0.551016 0.556 0.553086 0.5554 0.555078 0.5528 0.556719 0.55325 0.56168 0.548 0.561719 0.546 0.562617 0.54515 0.564453 0.54492 0.567383 0.54199 0.569336 0.543945 0.569336 0.5459 0.568477 0.54775 0.568086 0.5498 0.568359 0.55078 0.568359 0.55176 0.569336 0.552735 0.569609 0.5536 0.569336 0.55469 0.569336 0.55664 0.568555 0.5576 0.565703 0.55985 0.564453 0.561525 0.563477 0.5625 0.563477 0.564455 0.5625 0.56543 0.561523 0.56543 0.560547 0.566405 0.560547 0.57129 0.55957 0.572265 0.55957 0.57324 0.557617 0.575195 0.557617 0.57617 0.556641 0.57715 0.556641 0.5791 0.552734 0.58301 0.552734 0.58496 0.547852 0.589845 0.547852 0.591795 0.536133 0.603515 0.53418 0.603515 0.532227 0.60547 0.532227 0.606445 0.53125 0.60742 0.530273 0.60742 0.526367 0.61133 0.526367 0.61328 0.525391 0.61426 0.525391 0.615235 0.522461 0.618165 0.522461 0.61914 0.521484 0.620115 0.521484 0.621095 0.520508 0.62207 0.520977 0.62375
1 0.496484 0.01665 0.494141 0.0133 0.491406 0.012 0.488164 0.012 0.480859 0.011 0.478906 0.012 0.473047 0.01315 0.467187 0.0135 0.460039 0.0135 0.455312 0.0135 0.451172 0.0135 0.448437 0.017 0.442148 0.0227 0.435703 0.0299 0.419531 0.0465 0.412617 0.0515 0.410156 0.052 0.408594 0.0545 0.410234 0.05635 0.414023 0.05935 0.417812 0.0594 0.419648 0.0592 0.422227 0.05835 0.425469 0.05605 0.431836 0.054 0.43457 0.05105 0.440469 0.0503 0.448437 0.0462 0.461328 0.0437 0.465742 0.04255 0.473711 0.0395 0.476836 0.0337 0.479687 0.02715 0.483437 0.0245 0.489805 0.02595 0.493789 0.021
1 0.874023 0.35449 0.874023 0.36133 0.873047 0.362305 0.873047 0.36426 0.871094 0.36621 0.871094 0.36719 0.873047 0.36914 0.873047 0.371095 0.87207 0.37207 0.87207 0.373045 0.869141 0.375975 0.869141 0.379885 0.868164 0.38086 0.868164 0.38379 0.862305 0.38965 0.862305 0.3916 0.857422 0.396485 0.857422 0.39746 0.854492 0.40039 0.854492 0.401365 0.853516 0.402345 0.853516 0.404295 0.850586 0.407225 0.850586 0.408205 0.844727 0.41406 0.841797 0.41406 0.838867 0.41699 0.838867 0.41797 0.837891 0.418945 0.835938 0.41699 0.834961 0.41797 0.833008 0.41797 0.831055 0.416015 0.829102 0.416015 0.828125 0.41504 0.826172 0.41504 0.825195 0.41406 0.824219 0.41406 0.823242 0.413085 0.820312 0.413085 0.819336 0.41211 0.817383 0.41211 0.816406 0.411135 0.81543 0.411135 0.813477 0.40918 0.8125 0.40918 0.811523 0.408205 0.810547 0.408205 0.80957 0.407225 0.806641 0.407225 0.805664 0.40625 0.802734 0.40625 0.801758 0.405275 0.801992 0.40405 0.802734 0.404295 0.803711 0.40332 0.803711 0.39844 0.804688 0.39746 0.804688 0.39551 0.807617 0.39258 0.810547 0.39258 0.811523 0.3916 0.813477 0.3916 0.814453 0.390625 0.817383 0.390625 0.819336 0.38867 0.820312 0.38867 0.821289 0.387695 0.824219 0.387695 0.825195 0.38672 0.826172 0.38672 0.827148 0.38574 0.827148 0.384765 0.828125 0.38379 0.827148 0.38281 0.829102 0.38086 0.833008 0.38086 0.835938 0.37793 0.835938 0.376955 0.842773 0.370115 0.844727 0.370115 0.845703 0.371095 0.84668 0.371095 0.847656 0.370115 0.849609 0.370115 0.851562 0.368165 0.852539 0.36914 0.854492 0.36719 0.855469 0.36719 0.856445 0.36621 0.857422 0.36621 0.860352 0.36328 0.860352 0.362305 0.861328 0.36133 0.861328 0.36035 0.866211 0.35547 0.867188 0.35547 0.870117 0.35254 0.870781 0.3523 0.871484 0.3525 0.87207 0.35254
1 0.675938 0.9024 0.675391 0.90285 0.674805 0.90332 0.674805 0.904295 0.674648 0.90545 0.674805 0.90625 0.674805 0.916015 0.673828 0.91699 0.673828 0.92969 0.672852 0.930665 0.672852 0.93164 0.673828 0.932615 0.673359 0.93785 0.67418 0.93895 0.675 0.94005 0.675391 0.94125 0.675781 0.94315 0.676523 0.94545 0.678008 0.94775 0.679297 0.9483 0.680273 0.94885 0.681016 0.9507 0.683437 0.9535 0.686914 0.959 0.687891 0.96095 0.689453 0.96094 0.694336 0.96582 0.697266 0.966795 0.698242 0.967775 0.698242 0.96875 0.701172 0.97168 0.704102 0.972655 0.705078 0.973635 0.705078 0.97461 0.710938 0.98047 0.712891 0.98047 0.713867 0.97949 0.71582 0.97949 0.716797 0.978515 0.71582 0.97754 0.71582 0.975585 0.714844 0.97461 0.714844 0.967775 0.712891 0.96582 0.712891 0.96289 0.711914 0.961915 0.711914 0.95508 0.710938 0.9541 0.710938 0.95117 0.709961 0.950195 0.709961 0.94824 0.708984 0.947265 0.708984 0.94531 0.708008 0.944335 0.708008 0.942385 0.707031 0.941405 0.707031 0.935545 0.705078 0.933595 0.705078 0.932615 0.700195 0.927735 0.700195 0.92578 0.697266 0.92285 0.697266 0.921875 0.695312 0.918945 0.694414 0.9179 0.693359 0.91685 0.692656 0.9155 0.692227 0.91395 0.691406 0.91315 0.689844 0.9111 0.688008 0.90945 0.6875 0.908205 0.684883 0.90625 0.683594 0.90625 0.682617 0.90625 0.681641 0.905275
1 0.673164 0.0918 0.671875 0.092775 0.670898 0.092775 0.669922 0.091795 0.669922 0.09082 0.666992 0.08789 0.666992 0.08594 0.665039 0.083985 0.664062 0.083985 0.662109 0.08203 0.661133 0.08203 0.660156 0.081055 0.65918 0.08203 0.658203 0.081055 0.649414 0.081055 0.647461 0.08301 0.646484 0.08301 0.642578 0.0791 0.642578 0.07715 0.638672 0.07324 0.638672 0.072265 0.634766 0.06836 0.634766 0.067385 0.62207 0.05469 0.62207 0.05371 0.623047 0.052735 0.623047 0.049805 0.625 0.04785 0.624023 0.046875 0.624023 0.04492 0.625 0.043945 0.626953 0.043945 0.628906 0.04199 0.629883 0.04199 0.631836 0.043945 0.632812 0.043945 0.634766 0.04199 0.636719 0.04199 0.637695 0.04297 0.638672 0.04199 0.639648 0.04199 0.640625 0.041015 0.643555 0.041015 0.644531 0.04004 0.646484 0.04004 0.647461 0.041015 0.649414 0.041015 0.650391 0.04199 0.652617 0.04135 0.653594 0.0414 0.65418 0.04215 0.654414 0.04305 0.657227 0.04655 0.658398 0.0464 0.659062 0.0469 0.659453 0.0481 0.659453 0.0496 0.65957 0.05165 0.669922 0.061525 0.66957 0.0626 0.669922 0.063475 0.669922 0.064455 0.670898 0.06543 0.670898 0.066405 0.672852 0.06836 0.672852 0.069335 0.673828 0.07031 0.673828 0.07129 0.674805 0.072265 0.674805 0.07617 0.675781 0.07715 0.675781 0.078125 0.674805 0.0791 0.674805 0.08301 0.675781 0.083985 0.675781 0.08496 0.674219 0.0869 0.674219 0.09055
1 0.343633 0.5965 0.34375 0.597655 0.34375 0.598635 0.347656 0.60254 0.348633 0.60156 0.349609 0.60156 0.350586 0.60254 0.351562 0.60254 0.352539 0.603515 0.353516 0.603515 0.355469 0.60547 0.365234 0.60547 0.366211 0.60449 0.367188 0.60449 0.368164 0.60547 0.370117 0.60547 0.373047 0.6084 0.374023 0.6084 0.375 0.60742 0.381836 0.60742 0.382812 0.6084 0.383789 0.6084 0.385742 0.61035 0.386719 0.61035 0.387695 0.609375 0.392578 0.609375 0.393555 0.6084 0.397148 0.6081 0.400391 0.603515 0.401367 0.603515 0.40332 0.60156 0.40332 0.59961 0.418945 0.583985 0.419922 0.583985 0.42125 0.58385 0.42125 0.57635 0.418945 0.57617 0.417969 0.575195 0.414062 0.575195 0.413086 0.57617 0.408203 0.57617 0.407227 0.57715 0.405273 0.57715 0.404297 0.578125 0.402344 0.578125 0.400391 0.57617 0.396484 0.57617 0.395508 0.57715 0.391602 0.57715 0.390625 0.578125 0.387695 0.578125 0.385391 0.5764 0.384766 0.57617 0.383789 0.57715 0.382812 0.57715 0.381836 0.57617 0.379883 0.57617 0.378906 0.57715 0.37793 0.57715 0.376953 0.578125 0.375 0.578125 0.371094 0.58203 0.369141 0.58203 0.368164 0.58301 0.368164 0.583985 0.367188 0.58496 0.366211 0.58496 0.365234 0.58594 0.364258 0.58594 0.363281 0.58496 0.362539 0.58505 0.360586 0.5877 0.359297 0.5878 0.35832 0.58865 0.356445 0.58915 0.355859 0.59155 0.349609 0.59082 0.348594 0.591 0.347656 0.59082 0.34668 0.59082 0.345703 0.591795 0.34375 0.591795 0.343398 0.59255 0.343438 0.59365 0.343711 0.5955
1 0.375391 0.172 0.375391 0.176 0.376563 0.1775 0.388672 0.1775 0.391797 0.1795 0.394531 0.18 0.397656 0.1845 0.4 0.1845 0.405078 0.1875 0.412109 0.1875 0.418359 0.1865 0.422656 0.184 0.426953 0.179 0.432812 0.1785 0.434766 0.1775 0.441016 0.1775 0.444531 0.179 0.449219 0.179 0.451562 0.1765 0.451562 0.173 0.450391 0.1705 0.442969 0.162 0.439063 0.16 0.435937 0.1595 0.430859 0.156 0.422656 0.1545 0.416016 0.1515 0.409766 0.152 0.401172 0.1585 0.393359 0.1615 0.378906 0.162 0.376797 0.1665 0.376172 0.1705
1 0.150391 0.152345 0.152031 0.1499 0.153711 0.14755 0.15625 0.146485 0.157227 0.146485 0.162109 0.151365 0.164062 0.15039 0.170898 0.151365 0.172852 0.154295 0.174805 0.152345 0.178711 0.152345 0.189453 0.161135 0.191406 0.161135 0.194336 0.16406 0.194336 0.166015 0.198242 0.16992 0.201172 0.16992 0.205078 0.17285 0.205078 0.17383 0.207031 0.17578 0.207031 0.17676 0.214844 0.18457 0.214844 0.1875 0.220703 0.194335 0.22043 0.19685 0.218672 0.1977 0.218477 0.1994 0.218086 0.20065 0.216719 0.20115 0.213945 0.2017 0.211523 0.20245 0.208008 0.203125 0.206055 0.2041 0.204102 0.203125 0.203125 0.2041 0.199687 0.2018 0.197266 0.20215 0.196289 0.20117 0.192383 0.20117 0.188477 0.19922 0.186523 0.200195 0.182617 0.197265 0.179688 0.197265 0.178711 0.19629 0.178711 0.19336 0.163086 0.17676 0.163086 0.17578 0.162109 0.174805 0.162109 0.17285 0.158203 0.16797 0.158203 0.16504 0.154297 0.161135 0.154297 0.15918 0.151367 0.15625 0.151367 0.15332
1 0.335195 0.2133 0.336914 0.2136 0.337891 0.213865 0.338867 0.213865 0.342773 0.217775 0.357422 0.217775 0.359375 0.219725 0.361328 0.219725 0.363281 0.22168 0.365234 0.22168 0.367188 0.223635 0.368164 0.223635 0.369141 0.22461 0.37207 0.22461 0.373047 0.225585 0.375977 0.225585 0.378906 0.228515 0.378906 0.23047 0.379883 0.231445 0.379883 0.23242 0.383789 0.23633 0.383789 0.23926 0.384766 0.240235 0.384766 0.24121 0.388672 0.245115 0.388672 0.246095 0.391602 0.249025 0.391602 0.256835 0.392578 0.25781 0.392578 0.259765 0.393555 0.26074 0.39457 0.261 0.39543 0.2603 0.39668 0.25965 0.397461 0.2603 0.397852 0.26205 0.39793 0.26325 0.398438 0.26465 0.399414 0.265625 0.399414 0.26758 0.40332 0.271485 0.400391 0.274415 0.400391 0.279295 0.399414 0.280275 0.398398 0.28045 0.397422 0.28035 0.396484 0.280275 0.394492 0.27885 0.393555 0.279295 0.392891 0.27905 0.391445 0.27795 0.390625 0.277345 0.389648 0.276365 0.388672 0.276365 0.387695 0.277345 0.385742 0.27539 0.383789 0.27539 0.380859 0.27246 0.37793 0.27246 0.376953 0.271485 0.375977 0.271485 0.375 0.27051 0.373047 0.27051 0.370117 0.26758 0.369141 0.26758 0.363281 0.26172 0.362305 0.26172 0.360352 0.259765 0.360352 0.25879 0.352539 0.250975 0.352539 0.25 0.351367 0.24875 0.351562 0.24707 0.344727 0.240235 0.34375 0.240235 0.339844 0.23633 0.339844 0.234375 0.338867 0.2334 0.338867 0.23242 0.334961 0.228515 0.334961 0.22754 0.333984 0.22656 0.333984 0.22461 0.332773 0.223 0.332813 0.22175 0.333008 0.220705 0.333008 0.217775 0.333984 0.216795 0.333984 0.21582 0.334258 0.21455 0.334219 0.2138
1 0.620992 0.523685 0.620117 0.52344 0.619375 0.52405 0.618906 0.52435 0.618281 0.52435 0.617734 0.5247 0.616914 0.52515 0.616172 0.52645 0.615 0.52785 0.613867 0.52935 0.611992 0.53145 0.610508 0.5338 0.609883 0.53705 0.609609 0.5382 0.608555 0.53685 0.607422 0.53711 0.604492 0.54004 0.604492 0.541015 0.603672 0.54125 0.602578 0.54105 0.601562 0.541015 0.599023 0.54365 0.597695 0.5431 0.596016 0.54205 0.593359 0.5447 0.591797 0.54785 0.59 0.54805 0.587344 0.5506 0.586914 0.55176 0.582422 0.5577 0.580039 0.5603 0.578125 0.561525 0.578086 0.56255 0.577695 0.5635 0.577617 0.56465 0.575195 0.566405 0.575195 0.569335 0.574102 0.5712 0.574492 0.5737 0.574219 0.57617 0.575195 0.57715 0.575195 0.58008 0.576172 0.581055 0.576172 0.58301 0.577148 0.583985 0.577148 0.58594 0.581055 0.589845 0.583984 0.59085 0.584609 0.58875 0.584922 0.58785 0.585898 0.5866 0.587109 0.58605 0.588633 0.58615 0.589844 0.58594 0.59082 0.58594 0.591797 0.58496 0.593203 0.5861 0.594336 0.58725 0.595508 0.58775 0.59668 0.586915 0.599609 0.583985 0.599609 0.58301 0.605469 0.57715 0.605469 0.57617 0.606445 0.575195 0.608398 0.575195 0.610352 0.57324 0.610352 0.572265 0.612305 0.57031 0.612305 0.56836 0.613281 0.567385 0.613281 0.56543 0.614258 0.564455 0.614258 0.5625 0.615234 0.561525 0.615234 0.55957 0.618633 0.5571 0.618867 0.55465 0.619141 0.552735 0.620586 0.5505 0.621797 0.5479 0.621094 0.543945 0.621289 0.5429 0.621094 0.54199 0.621602 0.54 0.623047 0.538085 0.623047 0.53711 0.623086 0.5348 0.624219 0.5339 0.623047 0.530275 0.622578 0.52905 0.622695 0.52785
1 0.0214844 0.467775 0.0224609 0.46875 0.0224609 0.469725 0.0253906 0.472655 0.0253906 0.47461 0.0263672 0.475585 0.0271484 0.47665 0.0301953 0.48015 0.0305469 0.48275 0.0307422 0.48475 0.03125 0.487305 0.03125 0.49121 0.0332031 0.493165 0.0332031 0.496095 0.0326172 0.49705 0.0326953 0.49825 0.0324609 0.5011 0.0329688 0.51405 0.0314453 0.5165 0.0302734 0.521485 0.0304297 0.52275 0.0302734 0.52344 0.0302734 0.527345 0.0283203 0.529295 0.0283203 0.530275 0.0273828 0.53215 0.0267188 0.53305 0.0263672 0.53418 0.0263672 0.536135 0.0253906 0.53711 0.0253906 0.538085 0.0244141 0.53906 0.0244141 0.541015 0.0224609 0.54297 0.0214844 0.54297 0.0136719 0.55078 0.0126953 0.549805 0.0107422 0.549805 0.00976562 0.55078 0.00878906 0.55078 0.0078125 0.549805 0.00683594 0.549805 0.00488281 0.54785 0.00488281 0.54297 0.00355469 0.54085 0.00332031 0.5346 0.0025 0.53315 0.0025 0.5279 0.00238281 0.52695 0.00214844 0.52575 0.00195312 0.524415 0.00195312 0.52246 0.000976562 0.521485 0.000976562 0.518555 0.000585937 0.51745 0.000273437 0.5164 0.000976562 0.515625 0.000195313 0.51275 0.00148438 0.5104 0.00078125 0.50795 7.8125e-05 0.50655 0 0.50345 0 0.50245 0.00015625 0.50145 0.00015625 0.5001 0.000703125 0.49905 0.00128906 0.49825 0.00191406 0.4973 0.00289062 0.4951 0.00390625 0.49219 0.00644531 0.4891 0.00683594 0.48828 0.00832031 0.48625 0.00878906 0.48535 0.00953125 0.48415 0.0102344 0.48165 0.0133984 0.47925 0.0139844 0.47665 0.0160938 0.472 0.0168359 0.471 0.0183594 0.46975 0.0195312 0.46875 0.0205469 0.46825
1 0.300781 0.114 0.295703 0.115 0.291406 0.1195 0.291406 0.1205 0.289453 0.1235 0.288672 0.1275 0.2875 0.129 0.287109 0.132 0.279687 0.144 0.279687 0.146 0.278906 0.1475 0.278906 0.167 0.280469 0.174 0.28125 0.175 0.282031 0.181 0.282813 0.182 0.283594 0.1885 0.287109 0.2005 0.292187 0.2095 0.292187 0.2125 0.294531 0.2205 0.294531 0.2225 0.296484 0.2255 0.298828 0.2255 0.302344 0.2195 0.303125 0.217 0.303125 0.213 0.303906 0.2115 0.304688 0.201 0.305859 0.1965 0.30625 0.1915 0.307422 0.188 0.310547 0.183 0.311328 0.179 0.310547 0.1595 0.309766 0.1555 0.308594 0.154 0.30625 0.1465 0.303125 0.1395 0.302344 0.1335 0.301563 0.132 0.301563 0.125 0.300781 0.122 0.300781 0.12 0.301953 0.118 0.301953 0.1155
1 0.6875 0.59961 0.69043 0.59668 0.695312 0.59668 0.696289 0.595705 0.698164 0.597 0.707031 0.59668 0.708008 0.597655 0.708516 0.5986 0.71 0.5985 0.716797 0.598635 0.717773 0.597655 0.723398 0.5972 0.724102 0.5987 0.726562 0.598635 0.728516 0.59668 0.731445 0.59668 0.732422 0.597655 0.733086 0.60145 0.735352 0.603515 0.736328 0.603515 0.737305 0.60449 0.738281 0.60449 0.739258 0.60547 0.740234 0.60547 0.741211 0.606445 0.742188 0.606445 0.744141 0.6084 0.745117 0.6084 0.746094 0.609375 0.74707 0.609375 0.750977 0.61328 0.75293 0.61328 0.755859 0.61621 0.757812 0.61621 0.759766 0.618165 0.759766 0.621095 0.754883 0.625975 0.753906 0.625 0.751953 0.626955 0.750977 0.625975 0.75 0.626955 0.74707 0.624025 0.745117 0.624025 0.744141 0.623045 0.743164 0.623045 0.742188 0.62207 0.733398 0.62207 0.732422 0.623045 0.723633 0.623045 0.722656 0.62207 0.72168 0.62207 0.719727 0.620115 0.71875 0.620115 0.717773 0.61914 0.716797 0.61914 0.714844 0.621095 0.713867 0.621095 0.711914 0.61914 0.710938 0.61914 0.708008 0.61621 0.708008 0.61426 0.706055 0.612305 0.702148 0.612305 0.701172 0.61133 0.700195 0.61133 0.693359 0.60449 0.692383 0.60449 0.691406 0.60547 0.69043 0.60449 0.69043 0.603515 0.690352 0.6023 0.688789 0.6022 0.688242 0.60105 0.687539 0.60055
1 0.318359 0.72754 0.320496 0.72544 0.320312 0.72461 0.319336 0.723635 0.319336 0.72168 0.318359 0.720705 0.318008 0.7168 0.314219 0.71355 0.313477 0.71094 0.311523 0.708985 0.311523 0.70801 0.310547 0.70703 0.310547 0.7041 0.308594 0.70215 0.308594 0.700195 0.307617 0.69922 0.307617 0.69629 0.306641 0.69531 0.306641 0.691405 0.304688 0.688475 0.304688 0.67969 0.303672 0.67645 0.302344 0.67175 0.301758 0.66504 0.301758 0.663085 0.301445 0.66125 0.30125 0.6582 0.298828 0.65625 0.298828 0.65332 0.297852 0.652345 0.297852 0.65039 0.296875 0.649415 0.296875 0.64844 0.295898 0.64746 0.294961 0.64675 0.294609 0.64565 0.293555 0.64355 0.291523 0.64305 0.288711 0.64585 0.287109 0.64551 0.28418 0.64258 0.283203 0.64258 0.282578 0.64355 0.2825 0.6465 0.283555 0.6485 0.283594 0.65625 0.282969 0.6585 0.282695 0.6621 0.281992 0.66455 0.281602 0.66805 0.280234 0.6708 0.279766 0.67285 0.279727 0.67505 0.278672 0.6764 0.278672 0.6867 0.278477 0.68855 0.278008 0.6914 0.27918 0.6932 0.280391 0.69315 0.28125 0.69629 0.281719 0.6975 0.282227 0.69824 0.283711 0.7006 0.286133 0.703125 0.28668 0.7045 0.286836 0.7066 0.289062 0.70765 0.291016 0.708985 0.291016 0.70996 0.292969 0.711915 0.294922 0.711915 0.300781 0.717775 0.303711 0.71875 0.306641 0.72168 0.307617 0.72168 0.30957 0.723635 0.311523 0.723635 0.31543 0.72754
1 0.622461 0.6618 0.62207 0.66504 0.626953 0.66992 0.626953 0.6709 0.629883 0.67383 0.629961 0.67445 0.630156 0.6749 0.630391 0.6753 0.630859 0.67578 0.631211 0.6771 0.633789 0.680665 0.634766 0.680665 0.637695 0.683595 0.638672 0.683595 0.639648 0.68457 0.640625 0.683595 0.642578 0.683595 0.645742 0.68425 0.649727 0.6851 0.650391 0.6875 0.655273 0.6875 0.65625 0.686525 0.657227 0.686525 0.658203 0.6875 0.666016 0.6875 0.667969 0.689455 0.669922 0.689455 0.671875 0.68935 0.675742 0.68945 0.678672 0.68955 0.684492 0.68725 0.68457 0.68164 0.679688 0.67676 0.679102 0.67635 0.678906 0.67555 0.678711 0.674805 0.676758 0.67285 0.674805 0.67285 0.673594 0.67265 0.671875 0.671875 0.670898 0.671875 0.669922 0.6709 0.667305 0.67035 0.666016 0.66992 0.664219 0.6691 0.661133 0.668945 0.659219 0.66755 0.65625 0.666015 0.640625 0.666015 0.639648 0.66699 0.638672 0.66699 0.637695 0.666015 0.636719 0.666015 0.634922 0.6643 0.633789 0.66504 0.632812 0.66504 0.62793 0.660155 0.626875 0.66065 0.625 0.65918 0.625 0.658205 0.624062 0.6579 0.62293 0.6607
1 0.701172 0.703125 0.699219 0.70117 0.698863 0.697435 0.698242 0.697265 0.691406 0.69043 0.682617 0.69043 0.681562 0.6904 0.680664 0.69043 0.679688 0.69043 0.678711 0.691405 0.675781 0.691405 0.674805 0.692385 0.670039 0.69285 0.669219 0.69365 0.662266 0.69375 0.660156 0.691405 0.654297 0.697265 0.65332 0.697265 0.650391 0.700195 0.648438 0.700195 0.647344 0.70205 0.645898 0.70315 0.644531 0.703125 0.643008 0.70355 0.640625 0.70508 0.639414 0.70535 0.639219 0.70635 0.639648 0.70765 0.640977 0.7103 0.641328 0.71255 0.639961 0.7141 0.638398 0.71315 0.636719 0.714845 0.636719 0.716795 0.639648 0.719725 0.642578 0.719725 0.644531 0.72168 0.646484 0.72168 0.648438 0.723635 0.654297 0.723635 0.655273 0.72461 0.657227 0.72461 0.658203 0.725585 0.65918 0.725585 0.660156 0.72656 0.661133 0.72656 0.662109 0.72754 0.666016 0.72754 0.667969 0.725585 0.669922 0.725585 0.670898 0.72461 0.671875 0.72461 0.675781 0.720705 0.677734 0.720705 0.679727 0.7201 0.680664 0.719725 0.682617 0.719725 0.683594 0.71875 0.683594 0.717775 0.685547 0.71582 0.689453 0.71582 0.691406 0.713865 0.694336 0.713865 0.696289 0.711915 0.698242 0.711915 0.699219 0.71094 0.699297 0.7102 0.699141 0.70965 0.699297 0.70875 0.699219 0.70801 0.701172 0.706055
1 0.349609 0.345705 0.345703 0.34961 0.345703 0.350585 0.344727 0.35156 0.344727 0.36035 0.34375 0.36133 0.34375 0.36426 0.344727 0.365235 0.344727 0.368165 0.34375 0.36914 0.34375 0.37793 0.343398 0.37935 0.34375 0.379885 0.34375 0.38086 0.344727 0.381835 0.344727 0.38281 0.345703 0.38379 0.345703 0.384765 0.347656 0.38672 0.347656 0.387695 0.348633 0.38867 0.348633 0.390625 0.362305 0.404295 0.363281 0.40332 0.365234 0.40332 0.368164 0.40625 0.370117 0.40625 0.376953 0.413085 0.376953 0.41406 0.37793 0.41504 0.380859 0.41504 0.381836 0.41406 0.384766 0.41406 0.385742 0.413085 0.385742 0.41211 0.385898 0.40995 0.385859 0.40725 0.385156 0.40695 0.384766 0.40625 0.383789 0.405275 0.383789 0.402345 0.380859 0.399415 0.380859 0.39551 0.379883 0.39453 0.379883 0.39258 0.378906 0.3916 0.378906 0.390625 0.37793 0.38965 0.37793 0.38867 0.376953 0.387695 0.376953 0.384765 0.375 0.38281 0.375 0.381835 0.375977 0.38086 0.375977 0.379885 0.375 0.378905 0.375 0.37793 0.374023 0.376955 0.372031 0.3787 0.371055 0.37495 0.370273 0.37285 0.370117 0.371095 0.369141 0.370115 0.368164 0.370115 0.367188 0.36914 0.366211 0.36914 0.365234 0.368165 0.365234 0.36621 0.353516 0.35449 0.353516 0.353515 0.352539 0.35254 0.352539 0.35156 0.353516 0.350585 0.353516 0.34961 0.352539 0.348635 0.352539 0.347655 0.351562 0.34668 0.351012 0.345855
1 0.115234 0.0235 0.115625 0.026 0.116016 0.026 0.11875 0.0295 0.123438 0.0305 0.126953 0.033 0.132031 0.035 0.134766 0.0375 0.1375 0.0375 0.137891 0.038 0.15 0.0385 0.150391 0.038 0.154688 0.038 0.155078 0.0375 0.158203 0.0375 0.158594 0.037 0.167578 0.0375 0.169922 0.0365 0.174219 0.0365 0.178516 0.0368 0.179531 0.033 0.178203 0.0293 0.176055 0.02545 0.169922 0.0225 0.165234 0.0205 0.162109 0.017 0.160156 0.016 0.157031 0.013 0.155078 0.01 0.153516 0.009 0.151172 0.0085 0.147266 0.006 0.14375 0.006 0.142969 0.0055 0.142578 0.006 0.140625 0.006 0.139063 0.007 0.137891 0.007 0.135156 0.0085 0.132812 0.0085 0.132422 0.009 0.122266 0.009 0.11875 0.0125 0.117969 0.0155 0.115625 0.021 0.115625 0.023
1 0.288008 0.63835 0.288164 0.6372 0.286797 0.63575 0.286328 0.63015 0.285156 0.62793 0.285156 0.624025 0.28418 0.623045 0.28418 0.62207 0.282227 0.61914 0.282227 0.61621 0.28125 0.615235 0.28125 0.612305 0.281797 0.6111 0.282227 0.609375 0.282227 0.60547 0.283203 0.60449 0.283203 0.60254 0.28418 0.60156 0.28418 0.597655 0.284453 0.59625 0.284297 0.5942 0.284297 0.59285 0.28418 0.59082 0.28418 0.58789 0.286133 0.58496 0.286133 0.583985 0.285 0.58205 0.284844 0.57875 0.28457 0.57755 0.284492 0.5763 0.28418 0.575195 0.28418 0.57324 0.285156 0.572265 0.285156 0.57129 0.285039 0.5701 0.284961 0.56595 0.285156 0.564455 0.285469 0.56005 0.286289 0.55955 0.286445 0.5575 0.285156 0.55655 0.285156 0.55371 0.285117 0.55135 0.284766 0.54555 0.283203 0.54297 0.283203 0.54004 0.282227 0.53906 0.282227 0.538085 0.28125 0.53711 0.28125 0.536135 0.278398 0.5336 0.274102 0.5335 0.272734 0.52995 0.269531 0.529295 0.268086 0.5314 0.268555 0.53545 0.268359 0.54 0.268125 0.541 0.267578 0.54235 0.266172 0.5442 0.264258 0.5457 0.264102 0.5485 0.263164 0.5519 0.261094 0.55265 0.260742 0.55469 0.259844 0.5581 0.259141 0.5598 0.257812 0.560545 0.257812 0.5625 0.255312 0.5655 0.256211 0.567 0.25668 0.5709 0.257461 0.57245 0.256836 0.5791 0.257812 0.58008 0.257812 0.581055 0.258633 0.58305 0.258711 0.5862 0.258633 0.5881 0.259883 0.58865 0.260469 0.5918 0.26125 0.5934 0.26168 0.59535 0.262266 0.5974 0.263281 0.6008 0.264102 0.60255 0.264531 0.6061 0.267578 0.61035 0.267969 0.6141 0.269531 0.61621 0.269922 0.61775 0.270586 0.61915 0.270508 0.621095 0.271484 0.62207 0.271484 0.623045 0.273438 0.625 0.273438 0.625975 0.274883 0.627 0.274961 0.6288 0.27875 0.632 0.279336 0.6335 0.282539 0.6385
1 0.429063 0.10165 0.427891 0.1042 0.428203 0.10785 0.429414 0.111 0.431367 0.11495 0.435664 0.12235 0.437891 0.1317 0.438555 0.13585 0.440312 0.1408 0.442148 0.14745 0.444922 0.1532 0.448047 0.1595 0.450508 0.16335 0.453359 0.1782 0.455352 0.1837 0.458477 0.1867 0.462383 0.1897 0.464336 0.1902 0.465391 0.18935 0.465391 0.186 0.463945 0.1766 0.465625 0.1593 0.464102 0.14965 0.463047 0.14215 0.461211 0.13715 0.458867 0.12915 0.452461 0.1187 0.443008 0.10855 0.433594 0.1024
1 0.2325 0.1621 0.231875 0.16165 0.231211 0.16175 0.230469 0.16211 0.229492 0.1619 0.228516 0.163085 0.226562 0.16504 0.226562 0.166015 0.226953 0.1673 0.227695 0.1677 0.228437 0.16835 0.228984 0.16935 0.228516 0.171875 0.229492 0.17285 0.229492 0.17383 0.228516 0.174805 0.228516 0.17676 0.229492 0.177735 0.229492 0.182615 0.230469 0.183595 0.230469 0.191405 0.229492 0.192385 0.229492 0.19336 0.230469 0.194335 0.230547 0.20155 0.229648 0.2024 0.229492 0.20508 0.228945 0.2068 0.228672 0.2097 0.227852 0.2112 0.228828 0.2122 0.228828 0.2153 0.227539 0.216795 0.227539 0.220705 0.228828 0.2223 0.228711 0.2282 0.227891 0.2291 0.227539 0.23535 0.226055 0.23845 0.22582 0.2404 0.224883 0.24165 0.224805 0.2442 0.224258 0.2458 0.223633 0.2465 0.221992 0.2484 0.221211 0.25165 0.220195 0.25255 0.220195 0.2544 0.223906 0.2587 0.222109 0.2625 0.222773 0.26535 0.22457 0.26685 0.22707 0.2659 0.22832 0.26215 0.230234 0.26175 0.231328 0.2582 0.236953 0.25115 0.244844 0.24355 0.246836 0.2421 0.250977 0.234375 0.250977 0.23047 0.251953 0.22949 0.251953 0.223635 0.253906 0.22168 0.25293 0.220705 0.25293 0.21582 0.250977 0.213865 0.250977 0.21289 0.251953 0.211915 0.251953 0.20996 0.25 0.20801 0.250977 0.20703 0.250977 0.206055 0.249023 0.2041 0.249023 0.20117 0.248047 0.200195 0.248047 0.197265 0.24707 0.19629 0.24707 0.192385 0.246094 0.191405 0.246094 0.1875 0.245117 0.186525 0.245117 0.18457 0.244141 0.183595 0.244141 0.180665 0.242188 0.17871 0.242188 0.177735 0.241211 0.17676 0.241211 0.17383 0.240234 0.17285 0.240234 0.171875 0.239258 0.1709 0.239258 0.16992 0.238281 0.168945 0.238281 0.16797
1 0 0.9834 0 0.96437 0 0.963865 0.000976562 0.964 0.00195312 0.963865 0.00296875 0.96415 0.00378906 0.96395 0.00488281 0.963865 0.0078125 0.963865 0.00878906 0.9637 0.0102344 0.964 0.0117188 0.9637 0.0126172 0.9639 0.0136719 0.963865 0.0146484 0.963865 0.0158203 0.96365 0.0166016 0.96289 0.0175781 0.961915 0.0185547 0.961915 0.0197656 0.9617 0.0205078 0.96094 0.0216016 0.961 0.0224609 0.96094 0.0234375 0.96094 0.0254297 0.9609 0.0277734 0.9609 0.0304297 0.9596 0.03125 0.958985 0.0322266 0.95996 0.0357422 0.96015 0.0383594 0.9612 0.0387891 0.9644 0.0283203 0.975585 0.0283203 0.97656 0.0273438 0.97754 0.0263672 0.97754 0.0234375 0.98047 0.0224609 0.98047 0.0195312 0.9834
1 0.476172 0.0615 0.472969 0.0613 0.469531 0.0635 0.469531 0.067 0.471094 0.069 0.471875 0.0715 0.471484 0.0775 0.466797 0.0875 0.464844 0.0895 0.464453 0.092 0.462109 0.0945 0.462656 0.10045 0.461914 0.104 0.460547 0.1085 0.462891 0.113 0.463672 0.12 0.463281 0.1265 0.464844 0.13 0.464453 0.137 0.464609 0.14 0.463672 0.1475 0.464844 0.155 0.465625 0.156 0.465625 0.1595 0.467422 0.1602 0.469141 0.1601 0.469883 0.1575 0.472148 0.1568 0.474844 0.15295 0.474844 0.14425 0.478203 0.1377 0.480312 0.1316 0.48332 0.125 0.484531 0.1232 0.48918 0.1148 0.490195 0.1116 0.491406 0.1072 0.490156 0.1002 0.49207 0.0838 0.492734 0.08065 0.49125 0.0765 0.489219 0.0739 0.4875 0.071 0.485938 0.0685 0.482812 0.0665 0.478125 0.0625
1 0.162539 0.53005 0.161914 0.52975 0.161133 0.529295 0.160156 0.529295 0.158516 0.5273 0.158477 0.5238 0.157227 0.52246 0.157227 0.52051 0.15625 0.51953 0.156523 0.5163 0.158242 0.51445 0.158633 0.50915 0.161055 0.5069 0.161562 0.50395 0.162109 0.50293 0.162852 0.5022 0.163086 0.500975 0.164414 0.4993 0.165039 0.49707 0.165391 0.49415 0.168945 0.48828 0.169961 0.48595 0.170352 0.4846 0.170664 0.48335 0.170898 0.48242 0.170898 0.481445 0.172187 0.4794 0.172812 0.4762 0.172461 0.47425 0.172852 0.472655 0.172852 0.47168 0.174805 0.46875 0.174805 0.46582 0.175273 0.46425 0.177031 0.46325 0.177305 0.46115 0.177773 0.45995 0.178242 0.45955 0.179531 0.45775 0.180664 0.456055 0.180664 0.45508 0.185273 0.45125 0.187461 0.449 0.189023 0.4483 0.192383 0.44824 0.195312 0.44824 0.196289 0.447265 0.198242 0.447265 0.199219 0.44629 0.204102 0.44629 0.206055 0.4449 0.208984 0.444335 0.21125 0.44325 0.213867 0.442385 0.216797 0.4417 0.217734 0.4397 0.221641 0.43635 0.222656 0.436525 0.222656 0.44043 0.223633 0.441405 0.222656 0.442385 0.222656 0.44336 0.224609 0.44531 0.224609 0.450195 0.223633 0.45117 0.22293 0.45455 0.220703 0.45508 0.220859 0.4564 0.213555 0.46465 0.213047 0.4658 0.210391 0.46855 0.209453 0.46915 0.208984 0.469725 0.208398 0.47095 0.202813 0.47605 0.202344 0.4779 0.199414 0.4804 0.198984 0.48395 0.197031 0.48415 0.196602 0.4849 0.195508 0.4864 0.195039 0.48965 0.194102 0.48965 0.192383 0.48828 0.191406 0.48926 0.191406 0.49121 0.188477 0.49414 0.1875 0.49414 0.183594 0.498045 0.183594 0.5 0.175781 0.50781 0.175781 0.50879 0.174805 0.509765 0.174805 0.51074 0.167969 0.51758 0.167969 0.518555 0.166016 0.52051 0.166016 0.52246 0.165039 0.52344 0.165039 0.527345 0.164062 0.52832 0.164062 0.529295 0.163008 0.53035
1 0.689453 0.680665 0.69043 0.67969 0.694336 0.67969 0.698242 0.67578 0.699219 0.67578 0.700195 0.674805 0.701172 0.67578 0.702148 0.67578 0.703125 0.67676 0.705078 0.674805 0.707031 0.674805 0.708008 0.67383 0.708984 0.67383 0.709961 0.674805 0.710938 0.67383 0.711914 0.67383 0.713867 0.671875 0.714844 0.671875 0.71582 0.6709 0.717773 0.6709 0.71875 0.66992 0.72168 0.66992 0.722656 0.668945 0.723633 0.668945 0.724609 0.66992 0.725586 0.66992 0.726562 0.668945 0.727539 0.668945 0.728516 0.66797 0.729492 0.668945 0.730469 0.668945 0.731445 0.66992 0.733398 0.66992 0.738281 0.674805 0.739258 0.674805 0.743164 0.67871 0.745117 0.67871 0.748047 0.68164 0.75 0.68164 0.750977 0.682615 0.750977 0.683595 0.751953 0.68457 0.750977 0.685545 0.754883 0.689455 0.754883 0.69043 0.755859 0.691405 0.754883 0.692385 0.755859 0.69336 0.755859 0.69531 0.756836 0.69629 0.756836 0.697265 0.759766 0.700195 0.759766 0.70215 0.760742 0.703125 0.760742 0.70508 0.766602 0.71094 0.766602 0.71289 0.764648 0.714845 0.764648 0.71582 0.762695 0.717775 0.760742 0.71582 0.758789 0.717775 0.751953 0.71094 0.750977 0.71094 0.749023 0.708985 0.748047 0.708985 0.74707 0.70801 0.738281 0.70801 0.737305 0.70703 0.732422 0.70703 0.729492 0.70996 0.728516 0.70996 0.727539 0.708985 0.727539 0.70703 0.726562 0.706055 0.724609 0.706055 0.723633 0.70508 0.72168 0.70508 0.720703 0.7041 0.719727 0.7041 0.717773 0.70215 0.716797 0.70215 0.71582 0.70117 0.711914 0.70117 0.709961 0.69922 0.708984 0.69922 0.707031 0.697265 0.706055 0.69824 0.705078 0.69824 0.703125 0.69629 0.702148 0.69629 0.700195 0.694335 0.700195 0.69336 0.699219 0.692385 0.696289 0.692385 0.694336 0.69043 0.693359 0.69043 0.692383 0.689455 0.692383 0.688475 0.691406 0.6875 0.69043 0.6875 0.689453 0.68457 0.69043 0.683595 0.69043 0.682615 0.689453 0.68164
1 0.227266 0.27235 0.228086 0.2711 0.228516 0.27051 0.230039 0.27015 0.231562 0.27015 0.233047 0.2714 0.234375 0.2721 0.236211 0.274 0.237305 0.27539 0.240234 0.27832 0.241211 0.277345 0.244141 0.280275 0.246094 0.280275 0.249023 0.283205 0.250977 0.283205 0.251953 0.28418 0.253906 0.28418 0.255859 0.286135 0.256836 0.286135 0.259766 0.28906 0.259766 0.29004 0.260742 0.291015 0.260742 0.29297 0.264648 0.296875 0.264648 0.29785 0.267578 0.30078 0.267578 0.30176 0.28293 0.31775 0.283203 0.32129 0.282227 0.322265 0.282227 0.32324 0.28125 0.32422 0.280273 0.32422 0.27832 0.32617 0.274414 0.32617 0.272461 0.32422 0.265625 0.32422 0.263672 0.322265 0.262695 0.322265 0.260742 0.32031 0.252539 0.3198 0.250586 0.3209 0.248438 0.31835 0.24707 0.317385 0.246094 0.316405 0.246094 0.31543 0.245117 0.314455 0.245117 0.313475 0.243164 0.311525 0.243164 0.310545 0.236328 0.30371 0.236328 0.302735 0.233398 0.299805 0.233398 0.29883 0.232031 0.29735 0.231836 0.29395 0.229492 0.291015 0.229492 0.29004 0.229453 0.28785 0.228516 0.28711 0.227539 0.286135 0.227539 0.285155 0.226211 0.2826 0.226055 0.27555 0.226602 0.27325
1 0.346418 0.57387 0.345703 0.57324 0.345703 0.569335 0.344727 0.56836 0.344727 0.566405 0.342773 0.564455 0.342773 0.558595 0.341797 0.557615 0.341797 0.555665 0.34082 0.55469 0.34082 0.546875 0.339844 0.5459 0.339844 0.543945 0.337891 0.54199 0.337891 0.52832 0.336914 0.527345 0.336914 0.52344 0.337891 0.52246 0.337891 0.51172 0.338867 0.51074 0.338867 0.509765 0.337891 0.50879 0.337891 0.50781 0.339844 0.50586 0.339844 0.496095 0.34082 0.495115 0.34082 0.490235 0.341797 0.48926 0.341797 0.487305 0.339844 0.48535 0.339844 0.48242 0.338867 0.481445 0.338867 0.47949 0.34082 0.47754 0.339844 0.47656 0.339844 0.475585 0.338867 0.47461 0.338867 0.472655 0.34082 0.470705 0.34082 0.46875 0.342578 0.468 0.344141 0.46895 0.345703 0.47168 0.345703 0.472655 0.347656 0.47461 0.347656 0.475585 0.348633 0.47656 0.348633 0.478515 0.349609 0.47949 0.349609 0.48242 0.350586 0.4834 0.350586 0.48535 0.353516 0.48828 0.353516 0.490235 0.355469 0.49219 0.355469 0.49707 0.358398 0.5 0.358398 0.500975 0.359375 0.501955 0.359375 0.50293 0.358398 0.503905 0.358398 0.50586 0.359375 0.506835 0.359375 0.51074 0.362305 0.51367 0.362305 0.51953 0.363281 0.52051 0.363281 0.52344 0.362305 0.524415 0.362305 0.53418 0.363281 0.535155 0.362305 0.536135 0.362305 0.54004 0.361328 0.541015 0.361328 0.54297 0.360352 0.543945 0.360352 0.5459 0.359375 0.546875 0.359375 0.549805 0.358398 0.55078 0.358398 0.55664 0.356445 0.558595 0.356445 0.55957 0.355195 0.56215 0.353867 0.56355 0.353672 0.5663 0.352187 0.5661 0.35043 0.56745 0.349766 0.57135
1 0.697266 0.791015 0.696699 0.787085 0.696289 0.786135 0.694336 0.78418 0.694336 0.783205 0.693711 0.7819 0.693633 0.77905 0.69293 0.77745 0.692383 0.77539 0.691406 0.774415 0.691406 0.77344 0.689453 0.771485 0.689453 0.76953 0.688477 0.768555 0.688477 0.76758 0.6875 0.7666 0.6875 0.76367 0.686523 0.762695 0.686523 0.76172 0.685547 0.76074 0.685547 0.75879 0.68457 0.75781 0.68457 0.75586 0.683594 0.754885 0.683594 0.75293 0.681445 0.75075 0.681328 0.7456 0.681641 0.74414 0.681641 0.74219 0.68457 0.73926 0.68457 0.73633 0.685547 0.73535 0.685547 0.7334 0.686523 0.73242 0.686523 0.72949 0.6875 0.728515 0.6875 0.723635 0.689648 0.72175 0.689727 0.71975 0.689453 0.717775 0.690273 0.7157 0.692383 0.71289 0.692852 0.7118 0.694414 0.7102 0.695508 0.70845 0.696602 0.70695 0.698008 0.705 0.699219 0.7041 0.700039 0.70285 0.701211 0.70145 0.701641 0.7001 0.7025 0.69925 0.702695 0.69885 0.703281 0.69855 0.703633 0.69825 0.704688 0.6974 0.705117 0.69605 0.705 0.692 0.705664 0.69105 0.706953 0.69185 0.709961 0.6919 0.710781 0.69345 0.710586 0.6945 0.710938 0.69531 0.713867 0.69824 0.713828 0.69955 0.713828 0.70105 0.713867 0.70215 0.713867 0.70508 0.711914 0.70703 0.711914 0.711915 0.710938 0.71289 0.710938 0.71582 0.709961 0.716795 0.709961 0.728515 0.708984 0.72949 0.708984 0.73242 0.709102 0.73355 0.708984 0.734375 0.708945 0.73585 0.708008 0.74414 0.707695 0.74615 0.7075 0.7488 0.707812 0.75195 0.707031 0.754885 0.706797 0.7571 0.706055 0.76172 0.705078 0.762695 0.705078 0.771485 0.704102 0.77246 0.704102 0.78125 0.703125 0.782225 0.703125 0.783205 0.704102 0.78418 0.704102 0.785155 0.703125 0.7875 0.702344 0.78955 0.701172 0.79004 0.700195 0.79004 0.699219 0.791015
2 0.287383 0.8962 0.288086 0.896485 0.288086 0.89746 0.290039 0.899415 0.290039 0.90039 0.292461 0.90365 0.292969 0.905275 0.292891 0.90625 0.292969 0.907225 0.292969 0.908205 0.295898 0.911135 0.295898 0.913085 0.2975 0.91545 0.297773 0.9179 0.298828 0.918945 0.298828 0.91992 0.300781 0.92285 0.300781 0.924805 0.301758 0.92578 0.301758 0.92871 0.303711 0.930665 0.303711 0.932615 0.305664 0.93457 0.306484 0.93595 0.306641 0.9375 0.306445 0.9393 0.305664 0.94043 0.305664 0.94824 0.305742 0.9491 0.305664 0.950195 0.305664 0.95508 0.306641 0.956055 0.3075 0.96055 0.307109 0.96275 0.306758 0.96575 0.306172 0.9677 0.30625 0.96955 0.305664 0.970705 0.305664 0.975585 0.304688 0.97656 0.304688 0.97754 0.305664 0.978515 0.305664 0.981445 0.304258 0.9838 0.302969 0.984 0.301875 0.98395 0.300078 0.9841 0.298867 0.9841 0.291992 0.984 0.291016 0.98242 0.291016 0.98047 0.285156 0.97461 0.285156 0.972655 0.283203 0.970705 0.283203 0.96582 0.282227 0.964845 0.282695 0.9535 0.283203 0.95215 0.283203 0.95117 0.282695 0.95015 0.283203 0.94922 0.283477 0.9457 0.28418 0.944335 0.28418 0.94043 0.286133 0.938475 0.286133 0.9375 0.287109 0.936525 0.285859 0.93435 0.285977 0.9328 0.28625 0.9316 0.286797 0.92995 0.287109 0.92871 0.287109 0.927735 0.287383 0.92645 0.287461 0.9255 0.287109 0.9247 0.286875 0.922 0.286133 0.91504 0.285156 0.91406 0.285156 0.905275 0.286133 0.904295 0.284453 0.9014 0.284219 0.89915 0.284453 0.89785 0.285156 0.89746 0.286523 0.8967
0 0.766406 0.70875 0.767695 0.7095 0.768555 0.70996 0.771719 0.70895 0.774414 0.70508 0.774414 0.70215 0.775391 0.70117 0.775391 0.69922 0.777344 0.697265 0.777344 0.688475 0.77832 0.6875 0.779141 0.68545 0.779297 0.683595 0.779922 0.67875 0.780586 0.67735 0.781211 0.6741 0.782227 0.671875 0.782227 0.66406 0.779297 0.661135 0.779297 0.655275 0.77832 0.654295 0.77832 0.651365 0.779297 0.65039 0.779297 0.64844 0.777344 0.646485 0.777344 0.643555 0.776367 0.64258 0.776367 0.640625 0.775391 0.63965 0.775391 0.63574 0.773438 0.63379 0.773438 0.63086 0.772461 0.629885 0.772578 0.6284 0.77125 0.6281 0.77082 0.62505 0.769766 0.62405 0.769531 0.623045 0.769414 0.6204 0.768555 0.620115 0.767891 0.6189 0.768008 0.6139 0.766797 0.613 0.76543 0.61525 0.765352 0.6177 0.761445 0.62155 0.760391 0.6218 0.758789 0.62207 0.758789 0.625 0.758281 0.626 0.758398 0.6271 0.758789 0.62793 0.758789 0.631835 0.758633 0.6328 0.75832 0.63435 0.758398 0.63585 0.757617 0.6365 0.757812 0.637695 0.757812 0.640625 0.756836 0.6416 0.756836 0.646485 0.755859 0.64746 0.755859 0.652345 0.754219 0.6533 0.75293 0.65332 0.751953 0.654295 0.751953 0.655275 0.753906 0.657225 0.753906 0.65918 0.75293 0.660155 0.75293 0.66504 0.753906 0.666015 0.753906 0.66797 0.754883 0.668945 0.754883 0.6709 0.754687 0.672 0.754492 0.67455 0.75332 0.67515 0.753906 0.67676 0.753906 0.67871 0.756836 0.68164 0.756836 0.683595 0.761719 0.688475 0.761719 0.69043 0.760742 0.691405 0.760742 0.692385 0.762695 0.694335 0.763672 0.694335 0.764648 0.69531 0.764648 0.69629 0.763203 0.69775 0.763672 0.69922 0.763164 0.7006 0.762695 0.7041 0.763672 0.70508 0.763672 0.706055 0.764648 0.70703
0 0.359922 0.20375 0.359609 0.20435 0.359297 0.20625 0.360352 0.20703 0.360352 0.20801 0.365234 0.21289 0.366211 0.21289 0.367188 0.213865 0.368164 0.213865 0.370117 0.21582 0.371094 0.21582 0.373047 0.217775 0.374023 0.217775 0.379883 0.223635 0.379883 0.225585 0.383789 0.22949 0.384766 0.22949 0.387695 0.23242 0.388672 0.23242 0.389648 0.2334 0.390625 0.2334 0.396484 0.23926 0.396484 0.240235 0.397461 0.24121 0.398438 0.24121 0.399414 0.24219 0.401367 0.24219 0.40625 0.24707 0.40625 0.249025 0.408203 0.250975 0.408203 0.251955 0.412109 0.25586 0.413086 0.25586 0.416016 0.25879 0.416992 0.25781 0.417969 0.25781 0.419922 0.25586 0.419922 0.253905 0.418945 0.25293 0.418945 0.249025 0.417969 0.248045 0.417969 0.24219 0.41625 0.24025 0.416406 0.2334 0.415391 0.23215 0.415039 0.225585 0.413906 0.22285 0.413086 0.220705 0.412891 0.2197 0.4125 0.21125 0.410625 0.20945 0.40918 0.208985 0.408203 0.20801 0.408203 0.206055 0.405273 0.203125 0.404297 0.203125 0.401367 0.200195 0.400391 0.200195 0.396484 0.19629 0.395508 0.19629 0.394531 0.19531 0.392578 0.19531 0.391602 0.194335 0.390625 0.194335 0.389648 0.19531 0.388672 0.19531 0.387695 0.19629 0.376953 0.19629 0.375977 0.197265 0.375 0.19629 0.373047 0.19824 0.371094 0.19824 0.370117 0.19922 0.367188 0.19922 0.366211 0.200195 0.364258 0.200195 0.363281 0.19922 0.361328 0.20117 0.361328 0.20215 0.360352 0.203125
