1 0.753516 0.474609 0.750391 0.474609 0.747656 0.476074 0.739453 0.483887 0.730859 0.494629 0.725781 0.505859 0.724609 0.510742 0.725 0.533691 0.726562 0.541016 0.726953 0.548828 0.723437 0.566895 0.723437 0.570312 0.724609 0.572266 0.728906 0.572266 0.730469 0.570312 0.731641 0.566895 0.736719 0.560059 0.741406 0.549316 0.744141 0.536133 0.74375 0.52002 0.745313 0.508789 0.749219 0.494629 0.755078 0.481445 0.755469 0.476562
1 0.829297 0.63623 0.822656 0.632812 0.814063 0.632324 0.80625 0.630371 0.794531 0.631348 0.787891 0.633789 0.773828 0.644043 0.761328 0.651367 0.750781 0.655273 0.749219 0.658203 0.750781 0.661133 0.754687 0.663574 0.763672 0.666504 0.770703 0.66748 0.790234 0.662598 0.799219 0.662109 0.824609 0.647949 0.828906 0.643066
1 0.465625 0.925781 0.464453 0.928711 0.465234 0.932617 0.474609 0.938965 0.480859 0.945312 0.485547 0.953613 0.490625 0.96875 0.498828 0.979492 0.523047 1 0.527344 1 0.528906 0.998535 0.528516 0.993652 0.525391 0.984375 0.519531 0.960449 0.516406 0.953125 0.509766 0.944824 0.504687 0.941406 0.498437 0.935059 0.488672 0.928223 0.478906 0.925293 0.467187 0.924805
1 0.487891 0.418945 0.485156 0.419434 0.480078 0.425293 0.474609 0.429199 0.466406 0.439941 0.463672 0.447754 0.461719 0.459473 0.463281 0.467285 0.461328 0.47168 0.461719 0.483887 0.460938 0.496094 0.462109 0.50293 0.462891 0.516113 0.465234 0.518066 0.467187 0.518066 0.469141 0.516602 0.472266 0.511719 0.482812 0.484863 0.484375 0.477051 0.488672 0.467285 0.490234 0.443359 0.490234 0.421387
1 0.189062 0.900391 0.186328 0.899414 0.180859 0.900391 0.167578 0.912109 0.151953 0.920898 0.146875 0.925293 0.144531 0.929688 0.141406 0.942383 0.138672 0.949219 0.137109 0.959961 0.137109 0.968262 0.135547 0.975098 0.135937 0.979492 0.139453 0.97998 0.142969 0.977539 0.147656 0.969238 0.153516 0.961914 0.168359 0.950684 0.171094 0.945312 0.176953 0.939453 0.183594 0.918457 0.190234 0.906738 0.190234 0.90332
1 0.626953 0.783203 0.624219 0.78418 0.621875 0.788086 0.619531 0.800293 0.614453 0.8125 0.612109 0.822266 0.607812 0.832031 0.605859 0.846191 0.60625 0.863281 0.610156 0.881348 0.617969 0.904297 0.619141 0.90625 0.623437 0.907227 0.624609 0.904297 0.625391 0.895508 0.630469 0.875 0.631641 0.86377 0.630859 0.839844 0.631641 0.828125 0.63125 0.80957 0.629297 0.789062
1 0.6375 0.276367 0.634375 0.275391 0.614844 0.287109 0.60625 0.288574 0.604688 0.291504 0.604297 0.294922 0.600781 0.299805 0.597266 0.308105 0.592969 0.314941 0.589063 0.317383 0.584375 0.316895 0.582422 0.322266 0.575 0.329102 0.570703 0.338379 0.571094 0.341797 0.571875 0.342773 0.576562 0.341797 0.582812 0.336914 0.591406 0.333496 0.596875 0.333984 0.600391 0.333008 0.6125 0.32666 0.619531 0.320312 0.629297 0.306152 0.6375 0.281738
1 0.233203 0.866211 0.234766 0.869141 0.245703 0.875 0.257422 0.885254 0.262891 0.891113 0.267188 0.897949 0.284766 0.912109 0.297656 0.916992 0.304297 0.916992 0.3125 0.918945 0.315625 0.918945 0.319531 0.916504 0.318359 0.910156 0.314453 0.905273 0.30625 0.897949 0.295703 0.884277 0.284375 0.876953 0.275781 0.874512 0.269531 0.870117 0.262891 0.867188 0.249219 0.862793 0.236719 0.862305 0.234766 0.863281
1 0.415234 0.261719 0.414062 0.265137 0.414453 0.266602 0.425 0.277832 0.428516 0.290039 0.428906 0.296387 0.430859 0.303711 0.434375 0.312012 0.441016 0.320801 0.444531 0.330078 0.445312 0.335938 0.447461 0.3375 0.450117 0.338281 0.452187 0.338232 0.453672 0.337646 0.454375 0.337598 0.455234 0.336768 0.455703 0.336182 0.456211 0.33374 0.456602 0.331055 0.456641 0.328613 0.458203 0.322266 0.458594 0.303223 0.455469 0.289551 0.453125 0.28418 0.443359 0.27002 0.43125 0.259277 0.426172 0.258789 0.423438 0.260254
1 0.802344 0.717285 0.798438 0.716797 0.780078 0.736816 0.766016 0.749023 0.761719 0.753906 0.757422 0.766113 0.755859 0.774902 0.757422 0.790039 0.760938 0.79834 0.761328 0.807129 0.763281 0.813477 0.764844 0.813477 0.768359 0.810059 0.771875 0.803711 0.773438 0.79834 0.780859 0.787598 0.788281 0.758301 0.792578 0.746094 0.799609 0.731445 0.803906 0.726074 0.803906 0.719727
1 0.572656 0.216797 0.569141 0.213379 0.564453 0.210938 0.559766 0.211426 0.549219 0.207031 0.538281 0.205566 0.533984 0.206055 0.521094 0.212891 0.511719 0.22168 0.494922 0.242188 0.492969 0.245605 0.492969 0.247559 0.494922 0.25 0.5 0.25 0.507031 0.245117 0.510938 0.243652 0.523828 0.242188 0.529844 0.245361 0.538164 0.243359 0.543516 0.242236 0.550078 0.240576 0.568359 0.224121 0.572656 0.21875
1 0.342187 0.315918 0.341406 0.320801 0.344531 0.334473 0.344531 0.354004 0.347656 0.363281 0.3625 0.38623 0.365625 0.394043 0.369531 0.398438 0.373828 0.407715 0.376172 0.416016 0.377734 0.41748 0.380859 0.417969 0.382422 0.413574 0.380078 0.375 0.378516 0.365723 0.371094 0.34375 0.354687 0.327148 0.346094 0.315918
1 0.820312 0.854004 0.818359 0.856445 0.819141 0.861816 0.818359 0.880859 0.81875 0.897461 0.817969 0.900879 0.81875 0.913086 0.817031 0.916455 0.823008 0.930664 0.828242 0.941455 0.834141 0.950293 0.84043 0.961865 0.850469 0.962256 0.848672 0.956348 0.848398 0.95166 0.847109 0.944189 0.84707 0.940234 0.847578 0.935693 0.845938 0.92959 0.846172 0.925732 0.845664 0.922168 0.846445 0.917236 0.845078 0.911963 0.842734 0.906836 0.842969 0.900684 0.838477 0.891748 0.83543 0.880371 0.83207 0.874365 0.826953 0.856445 0.823438 0.854004
1 0.716797 0.8125 0.716016 0.813477 0.716016 0.818848 0.717187 0.828125 0.714844 0.849121 0.717187 0.860352 0.722656 0.872559 0.730469 0.882324 0.736328 0.887695 0.746016 0.888184 0.759453 0.886035 0.768203 0.885352 0.756563 0.87168 0.750781 0.865479 0.744023 0.856104 0.740234 0.847168 0.734766 0.838867 0.729297 0.824219 0.726953 0.821289 0.725781 0.817871 0.720703 0.812988
1 0.394922 0.452148 0.394141 0.458496 0.396094 0.465332 0.404687 0.476074 0.408203 0.478027 0.414062 0.485352 0.419922 0.496582 0.425 0.503906 0.428516 0.511719 0.439063 0.520508 0.442969 0.522461 0.453906 0.525391 0.458203 0.524414 0.460156 0.522461 0.460938 0.518555 0.459766 0.51416 0.453125 0.504883 0.444141 0.486328 0.439844 0.480957 0.437891 0.47998 0.434766 0.475586 0.425 0.470703 0.421484 0.466797 0.414453 0.463379 0.405078 0.456055 0.396875 0.45166
1 0.704688 0.611816 0.7 0.612793 0.697656 0.616699 0.692578 0.632324 0.6875 0.652832 0.684766 0.65918 0.682813 0.669922 0.684766 0.710449 0.686719 0.714844 0.691797 0.719238 0.694141 0.719238 0.697656 0.712891 0.700781 0.701172 0.707812 0.686523 0.710156 0.671875 0.710547 0.65625 0.709766 0.646973 0.707031 0.631348 0.70625 0.615723
1 0.822656 0.949219 0.821094 0.953125 0.821094 0.970215 0.825781 0.97998 0.827734 0.981934 0.829297 0.988281 0.832031 0.993164 0.832812 0.998535 0.833594 1 0.844922 1 0.847266 0.990234 0.848828 0.964355 0.845313 0.958984 0.844922 0.95459 0.838398 0.940723 0.830039 0.929639 0.821641 0.919629 0.813555 0.914404 0.818672 0.937354
1 0.225391 0.884277 0.225391 0.880859 0.216797 0.87207 0.208203 0.861328 0.201172 0.856445 0.196094 0.85498 0.178516 0.85498 0.170313 0.857422 0.158594 0.864746 0.136719 0.87207 0.132812 0.874023 0.13125 0.875977 0.132031 0.878418 0.138281 0.881836 0.15 0.883301 0.167969 0.883301 0.1875 0.888184 0.204687 0.887207 0.221484 0.887695 0.224219 0.886719
1 0.517578 0.74707 0.516016 0.750488 0.515625 0.759766 0.517969 0.779297 0.523828 0.803711 0.527344 0.809082 0.53125 0.818359 0.533594 0.834473 0.535937 0.836426 0.539844 0.835938 0.54375 0.831543 0.548047 0.818359 0.548438 0.804688 0.550391 0.79834 0.548438 0.784668 0.541406 0.76709 0.530859 0.751953 0.523438 0.74707
1 0.685156 0.289062 0.681641 0.296387 0.680859 0.305176 0.685937 0.334961 0.687891 0.341309 0.703125 0.36084 0.707812 0.364258 0.719922 0.366699 0.735938 0.364258 0.736719 0.36084 0.735547 0.358398 0.721094 0.351074 0.717187 0.34668 0.712891 0.329102 0.709766 0.321289 0.695312 0.305176 0.692187 0.299316 0.690234 0.291016 0.687109 0.289062
1 0.528516 0.245117 0.528516 0.247559 0.531641 0.249023 0.535547 0.253906 0.536328 0.256836 0.540625 0.260254 0.544141 0.26709 0.552344 0.277832 0.554688 0.278809 0.558594 0.283203 0.566016 0.288574 0.570312 0.293457 0.582031 0.313477 0.583594 0.319824 0.584375 0.320801 0.5875 0.320312 0.589453 0.316406 0.589453 0.313477 0.588281 0.310547 0.588672 0.304199 0.585938 0.285156 0.582422 0.274902 0.581641 0.27002 0.576953 0.260742 0.573047 0.256836 0.567578 0.253906 0.564453 0.250488 0.558594 0.249512 0.555312 0.246045 0.549844 0.244434 0.543828 0.243896 0.533203 0.244629
1 0.815234 0.739258 0.813672 0.73877 0.809375 0.742188 0.805078 0.75 0.801953 0.753418 0.796484 0.76416 0.784375 0.780273 0.783203 0.78418 0.778125 0.792969 0.778516 0.807617 0.776953 0.814453 0.771875 0.824219 0.770703 0.830566 0.771484 0.835938 0.775391 0.835449 0.786328 0.826172 0.792188 0.82373 0.794922 0.820312 0.798438 0.818359 0.80625 0.806641 0.810156 0.793945 0.8125 0.778809 0.815234 0.770508 0.817578 0.749512
1 0.392578 0 0.362109 0 0.362109 0.00292969 0.361719 0.00341797 0.361719 0.0107422 0.362109 0.0112305 0.362109 0.0131836 0.362891 0.0161133 0.363672 0.0253906 0.364844 0.0288086 0.365234 0.0336914 0.366016 0.0361328 0.366406 0.0419922 0.367578 0.0463867 0.367578 0.0493164 0.369141 0.0532227 0.371484 0.0541992 0.373047 0.0541992 0.373828 0.0537109 0.374609 0.0512695 0.375 0.0429688 0.375391 0.0424805 0.375391 0.0400391 0.376172 0.0371094 0.378516 0.0327148 0.378906 0.03125 0.380469 0.0297852 0.381641 0.027832 0.383984 0.0219727 0.385547 0.0200195 0.3875 0.0161133 0.389453 0.0136719 0.389844 0.0112305 0.392188 0.00634766
