1 0.603906 0.207031 0.600391 0.20459 0.590625 0.205566 0.5625 0.202148 0.555859 0.202637 0.549609 0.206055 0.546094 0.20459 0.532422 0.205078 0.517969 0.211914 0.513281 0.212402 0.50625 0.218262 0.504687 0.221191 0.504687 0.223145 0.506641 0.225098 0.511328 0.226562 0.521875 0.226074 0.540234 0.230469 0.553906 0.231445 0.565625 0.230957 0.577344 0.228027 0.585156 0.223633 0.599609 0.218262 0.603906 0.213379
1 0.408594 0.208008 0.403125 0.203125 0.395313 0.199219 0.381641 0.197266 0.36875 0.200195 0.349219 0.200195 0.342187 0.202148 0.338281 0.206055 0.331641 0.221191 0.328125 0.231934 0.325391 0.237793 0.322656 0.240723 0.322266 0.243164 0.324609 0.246094 0.328906 0.245605 0.338672 0.237793 0.341016 0.233887 0.346484 0.229004 0.360938 0.226562 0.367969 0.223633 0.373828 0.222656 0.392969 0.214355 0.406641 0.211914 0.407813 0.210938
1 0.949609 0 0.924219 0 0.917188 0.019043 0.914453 0.0239258 0.907813 0.0449219 0.907422 0.0571289 0.909766 0.0625 0.9125 0.0634766 0.914844 0.0620117 0.917188 0.0566406 0.921094 0.0522461 0.923047 0.0478516 0.928125 0.043457 0.936719 0.0332031 0.940234 0.0249023 0.946875 0.0175781 0.950781 0.00830078
2 0.989453 0.0908203 0.982812 0.0859375 0.955078 0.0864258 0.935937 0.0913086 0.930469 0.0952148 0.930469 0.097168 0.931641 0.100098 0.939063 0.103516 0.945703 0.103516 0.954297 0.101562 0.963672 0.101074 0.974609 0.0966797 0.987109 0.0966797 0.989453 0.0947266
1 0.410938 0.637207 0.408984 0.634277 0.405078 0.631836 0.389844 0.630371 0.382031 0.630859 0.371875 0.635254 0.360547 0.643555 0.357031 0.643555 0.352734 0.645996 0.328906 0.649414 0.326562 0.650391 0.325391 0.65332 0.327344 0.657715 0.333984 0.662598 0.338281 0.663086 0.348047 0.666992 0.373047 0.667969 0.378125 0.666504 0.392578 0.658203 0.398828 0.651367 0.409375 0.644531 0.410938 0.64209
1 0.541797 0.476562 0.537891 0.47168 0.523438 0.467773 0.508984 0.46875 0.505078 0.472168 0.494531 0.476074 0.486719 0.481934 0.482422 0.483398 0.478906 0.486816 0.473438 0.489746 0.467578 0.496094 0.466016 0.499512 0.466016 0.501953 0.467969 0.503906 0.471875 0.503906 0.475781 0.501465 0.483594 0.499023 0.491016 0.499023 0.499219 0.501465 0.51875 0.501465 0.533594 0.491211 0.539453 0.489258 0.542188 0.482422
1 0.344141 0.884277 0.342969 0.88623 0.342969 0.892578 0.351953 0.913086 0.353906 0.919922 0.357812 0.928223 0.363672 0.937012 0.364844 0.940918 0.372266 0.949219 0.376563 0.95166 0.383984 0.960449 0.388281 0.959473 0.388672 0.950195 0.385937 0.939453 0.384375 0.936523 0.380469 0.936523 0.378516 0.935059 0.382812 0.929688 0.383203 0.922363 0.379688 0.916016 0.378125 0.910156 0.374219 0.904785 0.353516 0.885742 0.347266 0.883301
1 0.376953 0.54248 0.373047 0.542969 0.370703 0.544434 0.360547 0.556641 0.357031 0.558594 0.352734 0.563965 0.351172 0.567871 0.341016 0.583496 0.339453 0.588379 0.336328 0.59375 0.335938 0.604492 0.338281 0.612305 0.340234 0.625 0.339844 0.638184 0.341797 0.640625 0.346484 0.641113 0.350781 0.632812 0.35625 0.625488 0.363281 0.597168 0.376563 0.556641 0.378125 0.544434
1 0.448828 0.572754 0.446484 0.571289 0.434375 0.570312 0.419531 0.57373 0.409375 0.580566 0.404687 0.58252 0.390625 0.596191 0.378906 0.601562 0.375781 0.604492 0.375 0.609375 0.376953 0.612305 0.379688 0.61377 0.390625 0.616699 0.408203 0.616211 0.424609 0.609375 0.427734 0.604004 0.444141 0.583984 0.447656 0.578125
1 0.446875 0.874023 0.44375 0.873535 0.433594 0.890625 0.420312 0.907227 0.4125 0.914551 0.407813 0.924316 0.404687 0.932617 0.399219 0.961426 0.399219 0.967773 0.400781 0.970703 0.404687 0.97168 0.408984 0.969727 0.412891 0.963867 0.425 0.951172 0.43125 0.941895 0.439453 0.922363 0.444531 0.902344 0.444922 0.896973 0.448047 0.883301 0.448047 0.876465
1 0.876563 0.704102 0.875391 0.710449 0.872656 0.715332 0.872266 0.722656 0.873437 0.728027 0.880078 0.742188 0.889062 0.747559 0.907422 0.75 0.919922 0.749023 0.926953 0.746094 0.928516 0.744141 0.928516 0.740234 0.926953 0.73877 0.916406 0.736816 0.897266 0.727051 0.891797 0.726562 0.886719 0.724609 0.884766 0.722656 0.882422 0.71582 0.881641 0.702637 0.880469 0.699219
1 0.153906 0.229492 0.151172 0.227539 0.146484 0.228516 0.128906 0.248047 0.115625 0.254395 0.108594 0.259277 0.1 0.268066 0.0945312 0.275879 0.0882813 0.281738 0.0859375 0.285645 0.0863281 0.290039 0.0921875 0.296387 0.0972656 0.296387 0.10625 0.29248 0.113281 0.291504 0.127344 0.284668 0.13125 0.281738 0.143359 0.266602 0.145313 0.26123 0.146875 0.251953 0.154688 0.232422
1 0.438672 0.540527 0.437891 0.54541 0.448047 0.550781 0.451562 0.556152 0.464844 0.570801 0.469141 0.578613 0.476562 0.586914 0.484766 0.599609 0.501563 0.612793 0.506641 0.612793 0.507422 0.607422 0.504687 0.603027 0.497266 0.583496 0.492188 0.564941 0.491797 0.560059 0.487109 0.552246 0.480078 0.546875 0.475781 0.541992 0.463281 0.535156 0.446875 0.535156 0.440625 0.538086
1 0.414062 0.963867 0.41875 0.98584 0.426172 1 0.480078 1 0.487109 0.996094 0.489063 0.993164 0.489063 0.98877 0.486719 0.986328 0.466016 0.986328 0.435937 0.972168 0.427344 0.966797 0.420312 0.959961 0.416016 0.960938
1 0.596484 0.61084 0.594922 0.613281 0.595313 0.615723 0.598437 0.623535 0.603516 0.647949 0.608984 0.661621 0.614453 0.67041 0.621875 0.678223 0.63125 0.691406 0.639453 0.700684 0.643359 0.70166 0.646484 0.698242 0.648828 0.692871 0.648828 0.69043 0.642188 0.679688 0.641016 0.671387 0.637109 0.663086 0.638281 0.650879 0.632422 0.63916 0.619141 0.62207 0.607812 0.611328 0.601172 0.609375 0.598828 0.609375
1 0.489453 0.81543 0.487109 0.817383 0.486328 0.821777 0.482422 0.827637 0.481641 0.831543 0.483594 0.84082 0.483984 0.860352 0.485156 0.870117 0.490625 0.887207 0.496484 0.894531 0.498047 0.898926 0.501172 0.901855 0.508203 0.904297 0.510547 0.904297 0.512891 0.902832 0.516797 0.903809 0.522266 0.90332 0.524609 0.899902 0.523828 0.891602 0.519922 0.886719 0.516797 0.879395 0.512891 0.873535 0.504687 0.854004 0.501172 0.848145 0.499219 0.842773 0.498437 0.837402 0.49375 0.827637 0.492578 0.818359 0.490625 0.81543
1 0 0.864746 0.0140625 0.873047 0.0210938 0.873047 0.034375 0.865723 0.0492187 0.864746 0.0605469 0.858887 0.0875 0.852539 0.0886719 0.851562 0.0898438 0.84668 0.0875 0.842773 0.0597656 0.835938 0.0527344 0.831055 0.0488281 0.82959 0.0394531 0.829102 0.0355469 0.830566 0.021875 0.841309 0.0144531 0.849609 0.00195312 0.858398 0 0.858398
1 0.890234 0 0.876953 0 0.873047 0.0214844 0.870703 0.0268555 0.866797 0.0415039 0.867188 0.0751953 0.863281 0.0898438 0.863672 0.0942383 0.865234 0.0966797 0.869141 0.0957031 0.873047 0.0893555 0.883594 0.0795898 0.8875 0.0717773 0.890234 0.0615234 0.89375 0.0356445 0.893359 0.0161133 0.892188 0.00634766 0.890234 0.00195312
1 0.536719 0.445801 0.533984 0.442383 0.527734 0.44043 0.521484 0.436523 0.516016 0.435059 0.505859 0.434082 0.49375 0.436523 0.489453 0.439941 0.485547 0.441406 0.476172 0.450684 0.4625 0.46875 0.451172 0.480957 0.45 0.486816 0.451562 0.489258 0.45625 0.489258 0.474219 0.481445 0.477734 0.479004 0.484766 0.478027 0.492969 0.475098 0.517188 0.460449 0.535547 0.452148 0.536719 0.450195
1 1 0 0.974219 0 0.973437 0.00244141 0.970703 0.00390625 0.962891 0.00439453 0.958984 0.00634766 0.954688 0.00683594 0.948828 0.0126953 0.947656 0.015625 0.947656 0.0185547 0.949219 0.0224609 0.965625 0.0297852 0.971484 0.0297852 0.976562 0.0283203 0.994141 0.0200195 1 0.0214844
1 0.328906 0.154785 0.328125 0.161133 0.329297 0.164062 0.341797 0.178711 0.348828 0.18457 0.358594 0.189941 0.364453 0.191895 0.371484 0.192383 0.378516 0.196289 0.387891 0.198242 0.391797 0.196777 0.392188 0.192871 0.390625 0.187988 0.381641 0.172363 0.373828 0.162598 0.365625 0.15625 0.358203 0.152344 0.346484 0.150391 0.333984 0.151367
1 0.930859 0.0415039 0.93125 0.0463867 0.936328 0.0532227 0.950781 0.0649414 0.963281 0.0712891 0.969922 0.0712891 0.977344 0.0678711 0.986719 0.065918 1 0.0610352 1 0.0463867 0.990234 0.0429688 0.978906 0.0429688 0.958203 0.0385742 0.944531 0.0380859 0.939453 0.0361328 0.935156 0.0366211 0.932813 0.0380859
1 0.648711 0.695752 0.658203 0.690576 0.658984 0.721191 0.657813 0.724609 0.657813 0.730957 0.655078 0.740723 0.652734 0.745605 0.651953 0.753418 0.646875 0.76416 0.642188 0.770996 0.639453 0.77832 0.636328 0.783691 0.634375 0.785645 0.630469 0.786133 0.629297 0.785156 0.628906 0.782715 0.630859 0.773438 0.631641 0.731445 0.635938 0.714844 0.636328 0.710449 0.638906 0.704834
1 0.505078 0.383789 0.505469 0.388672 0.504687 0.394043 0.510547 0.398926 0.516797 0.399414 0.520703 0.404297 0.526172 0.406738 0.536328 0.413574 0.554688 0.416016 0.560547 0.416016 0.562109 0.413574 0.561719 0.402832 0.559766 0.396484 0.557813 0.393555 0.549609 0.387695 0.545703 0.387695 0.535547 0.384766 0.523828 0.387207 0.521094 0.388672 0.514453 0.38916 0.508594 0.383789
1 0.645703 0.0737305 0.646094 0.0771484 0.650391 0.0791016 0.660937 0.0805664 0.673438 0.0800781 0.705078 0.0947266 0.712891 0.0957031 0.723047 0.100098 0.727344 0.100098 0.728516 0.0986328 0.728516 0.0908203 0.717578 0.0810547 0.701953 0.0605469 0.697656 0.0561523 0.693359 0.0541992 0.684375 0.0537109 0.678906 0.0551758 0.673438 0.0585938 0.662109 0.0625 0.654687 0.0678711 0.648828 0.0698242
1 0.872656 0.606445 0.869141 0.604492 0.864453 0.604492 0.849609 0.608398 0.837109 0.61377 0.827344 0.623535 0.823828 0.631348 0.821484 0.64209 0.821484 0.651367 0.823438 0.662109 0.823438 0.666504 0.825 0.669434 0.830859 0.670898 0.836328 0.66748 0.837891 0.662109 0.841406 0.655273 0.850781 0.644531 0.854688 0.638672 0.856641 0.632812 0.860938 0.628906 0.869922 0.616699 0.873047 0.609863
1 0.542578 0.512695 0.541016 0.514648 0.539453 0.52832 0.536328 0.538574 0.535547 0.546875 0.535937 0.562988 0.538281 0.568848 0.55625 0.589355 0.559375 0.590332 0.562891 0.589844 0.564453 0.588379 0.564063 0.581055 0.551953 0.544434 0.549609 0.532227 0.548438 0.51709 0.546484 0.513184
1 0.607812 0.465332 0.606641 0.469727 0.607812 0.481934 0.60625 0.495605 0.60625 0.51709 0.609375 0.528809 0.608594 0.543457 0.608984 0.560059 0.610547 0.566895 0.611719 0.568359 0.615234 0.568848 0.620703 0.553711 0.626172 0.530762 0.63125 0.515137 0.631641 0.507324 0.630469 0.500977 0.625391 0.492676 0.623437 0.484863 0.619141 0.475586 0.611719 0.46582
1 0.569531 0.338379 0.567187 0.339844 0.565625 0.344238 0.564844 0.350586 0.562109 0.35791 0.560547 0.372559 0.560156 0.38916 0.561719 0.407227 0.560937 0.416016 0.562109 0.423828 0.560156 0.436523 0.560937 0.439941 0.563281 0.441895 0.567187 0.439453 0.579688 0.416992 0.58125 0.411133 0.583984 0.385742 0.582422 0.368164 0.578125 0.353027 0.576953 0.344727 0.572656 0.339355
1 0.505078 0.813477 0.501172 0.817383 0.500391 0.824707 0.503516 0.834473 0.504297 0.844238 0.507812 0.854004 0.508203 0.858887 0.507031 0.862793 0.509375 0.865234 0.511328 0.873535 0.514062 0.877441 0.514844 0.880371 0.518359 0.884766 0.519531 0.88916 0.529687 0.897949 0.532813 0.901855 0.535547 0.901367 0.537109 0.899414 0.540234 0.886719 0.538672 0.875488 0.538281 0.862305 0.535937 0.848145 0.529297 0.835449 0.525781 0.831543 0.516016 0.825195 0.508203 0.814941
1 0.529687 0.418457 0.526172 0.410156 0.521484 0.405762 0.508984 0.400391 0.504297 0.396973 0.497656 0.396484 0.485547 0.400391 0.466406 0.411621 0.458203 0.41748 0.458203 0.422363 0.466797 0.425781 0.471094 0.425781 0.486328 0.429199 0.496484 0.428223 0.510156 0.430176 0.515234 0.431641 0.520703 0.435059 0.524609 0.435059 0.526563 0.433594 0.528906 0.428223
1 0.642969 0.325195 0.639062 0.326172 0.626953 0.335938 0.61875 0.339844 0.605859 0.353027 0.599609 0.355957 0.584766 0.365723 0.582812 0.368164 0.582422 0.371094 0.583984 0.384277 0.587109 0.385742 0.594531 0.384277 0.599609 0.381348 0.60625 0.379395 0.616016 0.373047 0.63125 0.354492 0.632422 0.350098 0.635547 0.346191 0.642969 0.332031
2 0.872656 0.650879 0.869922 0.655762 0.870313 0.661133 0.872266 0.666992 0.885156 0.688965 0.889453 0.701172 0.890625 0.709473 0.893359 0.716797 0.899609 0.727051 0.903906 0.727539 0.905078 0.725586 0.905078 0.719727 0.903516 0.714844 0.902344 0.706055 0.902344 0.6875 0.9 0.67627 0.891797 0.666016 0.888672 0.664062 0.884766 0.664062 0.880859 0.658691 0.877344 0.649902 0.876172 0.649414
2 0.864844 0.316895 0.860938 0.316406 0.857812 0.318359 0.851172 0.324707 0.837109 0.341309 0.825391 0.362793 0.820312 0.377441 0.819531 0.385254 0.816797 0.391602 0.816797 0.394043 0.817969 0.395508 0.822656 0.395508 0.827734 0.392578 0.837109 0.378418 0.844141 0.373047 0.847266 0.365723 0.853125 0.35791 0.85625 0.349121 0.860156 0.342773 0.865234 0.324219 0.865625 0.318848
2 0.520703 0.505859 0.521875 0.509766 0.524609 0.510254 0.532813 0.507324 0.540625 0.508789 0.551953 0.516113 0.560156 0.52002 0.569531 0.519531 0.580078 0.521484 0.595703 0.521973 0.601953 0.52002 0.605078 0.516602 0.605078 0.514648 0.603906 0.513184 0.592578 0.505371 0.582031 0.5 0.56875 0.494629 0.55 0.490234 0.537109 0.491211 0.530078 0.494141 0.525391 0.498047
2 0.442188 0.495117 0.442188 0.501953 0.449219 0.517578 0.460938 0.532227 0.466797 0.536621 0.480859 0.543945 0.493359 0.559082 0.501953 0.567383 0.506641 0.568359 0.508203 0.566406 0.508594 0.562988 0.502734 0.54541 0.489844 0.522949 0.480078 0.51416 0.476172 0.512695 0.465625 0.505859 0.457422 0.50293 0.444141 0.494629
1 0.04375 0.21582 0.0402344 0.21582 0.0359375 0.218262 0.0347656 0.218262 0.0324219 0.219238 0.0285156 0.22168 0.025 0.222168 0.0234375 0.223145 0.0203125 0.223633 0.01875 0.224609 0.0175781 0.224609 0.0132812 0.226562 0.009375 0.227539 0.0046875 0.231445 0.00195312 0.234863 0 0.235352 0 0.28418 0.00195312 0.28418 0.00390625 0.282227 0.00703125 0.280273 0.00859375 0.27832 0.0105469 0.276855 0.0144531 0.271973 0.0160156 0.268066 0.0183594 0.264648 0.0210938 0.259277 0.0246094 0.250488 0.0289063 0.245117 0.0324219 0.23877 0.0339844 0.237305 0.0351562 0.234863 0.0445313 0.222656 0.0453125 0.221191 0.0453125 0.216797
