0 0.466016 0.36377 0.466016 0.365723 0.467578 0.369141 0.471094 0.37207 0.472656 0.374023 0.474219 0.377441 0.475781 0.379395 0.477734 0.383301 0.482031 0.386719 0.484375 0.387695 0.485547 0.387695 0.485938 0.388184 0.491406 0.388672 0.491797 0.38916 0.503516 0.38916 0.503906 0.388672 0.507812 0.388672 0.508203 0.388184 0.510547 0.388184 0.510938 0.387695 0.513672 0.387207 0.517969 0.382812 0.519531 0.382324 0.521875 0.380859 0.523828 0.378906 0.525391 0.378418 0.528906 0.375977 0.533984 0.369141 0.533984 0.365234 0.533594 0.364258 0.528906 0.362305 0.520312 0.362305 0.519922 0.361816 0.516016 0.361816 0.515625 0.361328 0.504687 0.361328 0.504297 0.361816 0.500391 0.361816 0.498828 0.362793 0.494922 0.362793 0.494531 0.363281 0.494141 0.362793 0.490234 0.362793 0.489844 0.362305 0.486719 0.362305 0.486328 0.361816 0.482812 0.361328 0.48125 0.360352 0.480078 0.360352 0.478516 0.359375 0.475781 0.358887 0.474219 0.35791 0.472266 0.35791 0.471875 0.357422 0.469531 0.357422 0.467969 0.358398 0.466797 0.359863 0.466406 0.363281
0 0.458203 0.479004 0.455469 0.481934 0.454297 0.485352 0.454922 0.494922 0.455117 0.500146 0.454297 0.505371 0.453125 0.509277 0.452734 0.515137 0.452344 0.515625 0.452344 0.518555 0.452734 0.519043 0.452734 0.520996 0.453516 0.523926 0.453906 0.529785 0.455859 0.533691 0.45625 0.536621 0.457813 0.541992 0.460156 0.544922 0.464453 0.546875 0.467969 0.546875 0.470703 0.544434 0.473828 0.532715 0.475781 0.527832 0.476172 0.523926 0.476602 0.518262 0.477344 0.515137 0.478125 0.512207 0.478125 0.507324 0.475391 0.49707 0.471875 0.491211 0.469141 0.487793 0.468359 0.48584 0.463672 0.480957 0.459766 0.479004
1 0.483203 0.0556641 0.483594 0.0600586 0.484766 0.0629883 0.485938 0.0678711 0.487891 0.0717773 0.492578 0.0834961 0.492578 0.0844727 0.49375 0.0874023 0.501172 0.0976562 0.505469 0.100586 0.507422 0.101074 0.508594 0.102051 0.517578 0.10498 0.522656 0.108398 0.525391 0.109375 0.528516 0.111816 0.53125 0.111328 0.533203 0.109375 0.533984 0.107422 0.533203 0.0976562 0.532813 0.097168 0.532813 0.0952148 0.530469 0.090332 0.530078 0.0878906 0.526953 0.0844727 0.524609 0.0795898 0.522656 0.0766602 0.522266 0.0751953 0.521094 0.0737305 0.520703 0.0722656 0.517969 0.0688477 0.514844 0.0668945 0.512109 0.0644531 0.509375 0.0634766 0.505859 0.0610352 0.500391 0.0595703 0.496875 0.0581055 0.495703 0.0571289 0.492578 0.0561523 0.490234 0.0546875 0.489063 0.0546875 0.4875 0.0537109 0.485156 0.0537109
1 0.510547 0.152344 0.508594 0.152344 0.507812 0.152832 0.50625 0.155273 0.505859 0.158203 0.503516 0.166016 0.503516 0.16748 0.503125 0.167969 0.502344 0.17334 0.501563 0.175293 0.501563 0.176758 0.498828 0.185547 0.498828 0.1875 0.498437 0.187988 0.498437 0.189453 0.497266 0.193848 0.496875 0.200195 0.496484 0.200684 0.496875 0.206055 0.499609 0.211914 0.500391 0.218262 0.501953 0.224121 0.501953 0.226074 0.502344 0.226562 0.503125 0.23291 0.505078 0.23584 0.510547 0.235352 0.514453 0.233398 0.515234 0.232422 0.516406 0.229004 0.522656 0.21875 0.523828 0.21582 0.523828 0.205566 0.522656 0.20166 0.522266 0.197754 0.519922 0.191895 0.519922 0.190918 0.517188 0.185059 0.516406 0.182129 0.514453 0.170898 0.513672 0.168945 0.513672 0.166016 0.513281 0.165527 0.513281 0.162598 0.512891 0.162109 0.5125 0.157715 0.512109 0.157227 0.511719 0.154297
1 0.411328 0.114258 0.407422 0.116699 0.401562 0.12207 0.4 0.124023 0.398828 0.126953 0.398828 0.128418 0.398047 0.130859 0.398047 0.133301 0.397656 0.133789 0.397656 0.140625 0.397266 0.141113 0.397656 0.152344 0.398047 0.152832 0.398438 0.156738 0.400781 0.162598 0.405859 0.169434 0.407422 0.17334 0.409375 0.175293 0.415625 0.183594 0.417187 0.18457 0.419531 0.1875 0.422266 0.189453 0.425 0.189941 0.425391 0.19043 0.428125 0.19043 0.429297 0.189453 0.429297 0.184082 0.429688 0.183594 0.429297 0.177734 0.428906 0.177246 0.428906 0.173828 0.426953 0.166504 0.425 0.162598 0.424609 0.160645 0.421094 0.151855 0.421094 0.150391 0.419531 0.145508 0.419531 0.143066 0.418359 0.139648 0.417969 0.129883 0.418359 0.129395 0.418359 0.123535 0.419141 0.120605 0.419141 0.118164 0.418359 0.115723 0.416797 0.114258 0.415625 0.11377 0.414844 0.114258
1 0.350781 0.168457 0.35 0.168945 0.349219 0.17041 0.349219 0.177734 0.349609 0.178223 0.349609 0.181641 0.350391 0.18457 0.350391 0.189941 0.35 0.19043 0.35 0.194336 0.349609 0.194824 0.349219 0.202148 0.348438 0.205078 0.348438 0.214355 0.348047 0.214844 0.348047 0.217285 0.348438 0.217773 0.348438 0.22168 0.348828 0.222168 0.348828 0.223633 0.350391 0.227539 0.350391 0.228516 0.351172 0.22998 0.352344 0.234375 0.355859 0.239258 0.360547 0.248047 0.361328 0.248535 0.364453 0.25293 0.366016 0.253906 0.36875 0.256836 0.373047 0.257324 0.373828 0.256836 0.374609 0.255371 0.375 0.25 0.374609 0.249512 0.374219 0.246094 0.369141 0.23291 0.36875 0.229492 0.368359 0.229004 0.368359 0.223145 0.36875 0.222656 0.36875 0.220215 0.369141 0.219727 0.369141 0.212402 0.36875 0.211914 0.368359 0.208496 0.369141 0.206055 0.369141 0.204102 0.367578 0.200195 0.367578 0.19873 0.366797 0.196289 0.366797 0.194336 0.366406 0.193848 0.366406 0.191895 0.366016 0.191406 0.366016 0.189453 0.364063 0.1875 0.362891 0.185547 0.361719 0.182617 0.361719 0.181641 0.358984 0.176758 0.358203 0.173828 0.353906 0.168457
1 0.400781 0.282715 0.4 0.283691 0.4 0.287598 0.401172 0.290527 0.403125 0.293945 0.404297 0.296875 0.404297 0.297852 0.40625 0.30127 0.407031 0.303711 0.410156 0.308594 0.411328 0.311523 0.411719 0.313965 0.413672 0.317383 0.415234 0.322266 0.418359 0.32666 0.419922 0.330566 0.424219 0.336426 0.428906 0.340332 0.430469 0.342285 0.435156 0.345215 0.438281 0.345703 0.442188 0.348145 0.444531 0.348145 0.448047 0.346191 0.449219 0.344727 0.449219 0.343262 0.449609 0.342773 0.449219 0.337402 0.447266 0.333496 0.446875 0.331055 0.444141 0.324707 0.443359 0.321777 0.441797 0.319336 0.439844 0.314453 0.437891 0.312012 0.436328 0.308594 0.434766 0.306641 0.430469 0.303711 0.425 0.297852 0.421875 0.295898 0.416797 0.290039 0.414453 0.288574 0.4125 0.286133 0.405078 0.282227
1 0.470703 0.333496 0.467969 0.333496 0.467187 0.333008 0.462109 0.335449 0.457422 0.339844 0.455078 0.341309 0.451953 0.344727 0.448437 0.346191 0.444922 0.348633 0.442969 0.350586 0.440234 0.354492 0.439844 0.355957 0.436719 0.361328 0.434766 0.365723 0.432031 0.369629 0.430469 0.375 0.430469 0.38916 0.430078 0.389648 0.430078 0.393555 0.430469 0.394043 0.430469 0.400391 0.432031 0.404297 0.433984 0.405273 0.436719 0.405273 0.441406 0.400879 0.444531 0.395508 0.445703 0.392578 0.452734 0.383789 0.454688 0.380371 0.456641 0.374512 0.459766 0.370605 0.461328 0.367188 0.463281 0.364746 0.464062 0.361816 0.469141 0.349121 0.469531 0.34668 0.470703 0.34375 0.471094 0.339844 0.471484 0.339355 0.471484 0.336426
1 0.101562 0.171387 0.100781 0.170898 0.0988281 0.171387 0.09375 0.177734 0.09375 0.178223 0.0890625 0.183594 0.0871094 0.185059 0.0851563 0.1875 0.0832031 0.188477 0.0808594 0.190918 0.078125 0.192871 0.0683594 0.203125 0.0648438 0.205566 0.0636719 0.20752 0.0628906 0.209961 0.0609375 0.212402 0.059375 0.21582 0.05625 0.219238 0.0546875 0.222656 0.0546875 0.223633 0.0539063 0.225098 0.0539063 0.226074 0.053125 0.227539 0.0519531 0.231934 0.0507812 0.241211 0.05 0.243164 0.05 0.244629 0.0492187 0.247559 0.046875 0.252441 0.046875 0.257812 0.0480469 0.259766 0.0496094 0.260254 0.053125 0.258789 0.0558594 0.254883 0.0613281 0.250488 0.0636719 0.247559 0.0683594 0.243164 0.0722656 0.238281 0.0738281 0.237305 0.0777344 0.233398 0.0886719 0.217773 0.0914062 0.212402 0.0917969 0.209961 0.0925781 0.208496 0.0941406 0.202637 0.096875 0.197266 0.096875 0.196289 0.0988281 0.191406 0.100781 0.184082 0.101953 0.181641 0.102734 0.178711 0.102734 0.17334
1 0.0244922 0.147314 0.0210938 0.148438 0.0179687 0.153809 0.00820313 0.166504 0.00691406 0.168457 0.00546875 0.171875 0.00410156 0.175488 0.00144531 0.180029 0 0.183643 0 0.219727 0.0015625 0.219727 0.0046875 0.216797 0.00703125 0.213867 0.0078125 0.211914 0.0144531 0.203613 0.0144531 0.203125 0.0191406 0.197754 0.0191406 0.197266 0.0222656 0.193359 0.0258984 0.187354 0.0265625 0.184082 0.0269531 0.179688 0.0285156 0.174316 0.03 0.169531 0.0311719 0.165625 0.0314453 0.163428 0.0320312 0.158496 0.0321484 0.156494 0.0320312 0.154004 0.0306641 0.151709 0.0280078 0.14873
1 0 0.102051 0 0.111768 0.00117187 0.118652 0.0015625 0.119141 0.00273437 0.123047 0.00511719 0.128271 0.00792969 0.132373 0.0113672 0.135254 0.0133594 0.136816 0.015625 0.138672 0.0167969 0.140137 0.0179687 0.140625 0.0203125 0.143555 0.0222656 0.144043 0.0226562 0.143555 0.0242188 0.143555 0.025 0.143066 0.0253906 0.14209 0.025 0.139648 0.0238281 0.136719 0.0234375 0.133789 0.0214062 0.129053 0.0200781 0.125 0.0183594 0.120508 0.0158203 0.11626 0.0142187 0.113867 0.0114453 0.111133 0.00847656 0.10835 0.00496094 0.104492
1 0 0.0410156 0 0.0551758 0.0015625 0.0551758 0.00429688 0.0566406 0.00546875 0.0566406 0.00664062 0.0576172 0.00898437 0.0585938 0.0101563 0.0585938 0.0105469 0.059082 0.0117188 0.059082 0.0152344 0.0605469 0.0164063 0.0615234 0.0191406 0.0620117 0.0238281 0.0639648 0.025 0.0649414 0.0261719 0.0649414 0.028125 0.065918 0.0296875 0.065918 0.0316406 0.0668945 0.0375 0.0668945 0.0378906 0.0664062 0.0453125 0.0644531 0.0476562 0.0629883 0.0484375 0.0629883 0.0515625 0.0610352 0.0535156 0.0581055 0.0535156 0.0556641 0.0511719 0.0532227 0.046875 0.0507812 0.04375 0.0483398 0.0382813 0.0463867 0.0320312 0.0419922 0.0300781 0.0400391 0.0257812 0.0380859 0.0230469 0.0380859 0.0226562 0.0375977 0.0207031 0.0375977 0.0203125 0.0380859 0.0160156 0.0380859 0.015625 0.0385742 0.0128906 0.0385742 0.0125 0.0390625 0.00859375 0.0395508 0.00625 0.0405273
1 0.408984 0.435059 0.408203 0.436035 0.407813 0.4375 0.407813 0.441406 0.408203 0.441895 0.408203 0.443359 0.411328 0.449219 0.417578 0.458496 0.420703 0.466797 0.421094 0.47168 0.421484 0.472168 0.421484 0.475098 0.421875 0.475586 0.421875 0.47998 0.422266 0.480469 0.422266 0.48291 0.422656 0.483398 0.422656 0.487793 0.423047 0.488281 0.423047 0.490234 0.423438 0.490723 0.423828 0.494141 0.425781 0.499023 0.43125 0.507324 0.435547 0.509766 0.440234 0.509766 0.442578 0.506836 0.442969 0.505371 0.44375 0.504395 0.444922 0.5 0.445703 0.492188 0.446094 0.491699 0.446484 0.486816 0.446875 0.486328 0.446875 0.483398 0.447656 0.480469 0.447656 0.474609 0.448047 0.474121 0.448047 0.47168 0.448437 0.470703 0.446094 0.462402 0.442578 0.45752 0.439453 0.45459 0.433594 0.447266 0.429297 0.444336 0.428125 0.442871 0.419531 0.4375 0.41875 0.4375 0.4125 0.434082 0.410938 0.434082
1 0.568359 0.368652 0.567187 0.370117 0.566016 0.373535 0.564453 0.375977 0.563281 0.378906 0.563281 0.379883 0.561328 0.384277 0.560547 0.38916 0.559766 0.391113 0.559375 0.395996 0.558984 0.396484 0.558984 0.400879 0.558594 0.401367 0.558594 0.414062 0.558984 0.414551 0.558984 0.41748 0.559375 0.417969 0.559375 0.42041 0.559766 0.420898 0.560156 0.424805 0.560937 0.427734 0.563672 0.434082 0.569141 0.440918 0.572266 0.443359 0.575391 0.443359 0.575781 0.443848 0.576953 0.443848 0.577344 0.443359 0.579297 0.443359 0.579688 0.442871 0.579688 0.433594 0.579297 0.433105 0.578906 0.424316 0.578516 0.423828 0.578906 0.422852 0.578906 0.41748 0.578516 0.416992 0.578125 0.402832 0.577734 0.402344 0.577734 0.398926 0.577344 0.398438 0.577344 0.39209 0.576953 0.391602 0.576953 0.38916 0.576562 0.388672 0.576562 0.385254 0.576172 0.384766 0.576172 0.381836 0.575781 0.381348 0.575391 0.376953 0.573438 0.373047 0.573047 0.371094 0.571875 0.369141
1 0.584375 0.330566 0.583203 0.331543 0.58125 0.336426 0.58125 0.339844 0.580859 0.340332 0.580859 0.347656 0.58125 0.348145 0.58125 0.350586 0.581641 0.351074 0.583203 0.360352 0.584766 0.364746 0.587891 0.376465 0.590625 0.381348 0.593359 0.384766 0.595313 0.388672 0.601172 0.395508 0.602734 0.398438 0.607031 0.403809 0.608594 0.407227 0.608594 0.408203 0.613672 0.416016 0.615234 0.417969 0.618359 0.419922 0.619531 0.419922 0.621875 0.416504 0.621875 0.415039 0.623047 0.410645 0.623047 0.408691 0.623437 0.408203 0.623437 0.40332 0.623047 0.402832 0.623047 0.396973 0.622656 0.396484 0.622656 0.391113 0.621875 0.38916 0.621875 0.385254 0.620703 0.380859 0.620313 0.376465 0.618359 0.37207 0.617969 0.369629 0.616016 0.365723 0.612109 0.36084 0.609766 0.359375 0.601562 0.349121 0.6 0.346191 0.597656 0.343262 0.594141 0.336914 0.592969 0.333984 0.591406 0.332031 0.587891 0.330078 0.586719 0.330566
1 0.728906 0.313965 0.727344 0.3125 0.724609 0.312012 0.724219 0.311523 0.723437 0.312012 0.720313 0.312012 0.719922 0.3125 0.718359 0.3125 0.716016 0.313477 0.714063 0.313477 0.713672 0.313965 0.712109 0.313965 0.711719 0.314453 0.710156 0.314453 0.707812 0.31543 0.705859 0.31543 0.705469 0.315918 0.703906 0.315918 0.701562 0.316895 0.696875 0.317383 0.692969 0.319336 0.689844 0.319824 0.686328 0.321777 0.682813 0.323242 0.681641 0.323242 0.678906 0.325195 0.675 0.32666 0.670703 0.32959 0.669922 0.330566 0.666406 0.33252 0.665234 0.333984 0.664453 0.336426 0.664453 0.34082 0.664844 0.342285 0.666406 0.344727 0.669531 0.346191 0.670703 0.346191 0.672656 0.347168 0.674609 0.347168 0.675 0.347656 0.677344 0.347656 0.681641 0.349609 0.684766 0.350098 0.690234 0.352539 0.691797 0.352539 0.692187 0.353027 0.697266 0.353027 0.697656 0.352539 0.701562 0.351562 0.705078 0.348633 0.709375 0.346191 0.717187 0.337402 0.717969 0.335449 0.721094 0.331055 0.723047 0.327148 0.724609 0.325195 0.726953 0.320312 0.728125 0.318848 0.728906 0.315918
1 0.640625 0.381836 0.638281 0.381836 0.6375 0.382812 0.636328 0.385742 0.635156 0.390625 0.633984 0.393066 0.632812 0.398438 0.63125 0.402344 0.628125 0.40625 0.626953 0.406738 0.625781 0.408203 0.625 0.413574 0.623437 0.418457 0.623437 0.419922 0.622266 0.422852 0.622266 0.42627 0.621875 0.426758 0.622266 0.439453 0.622656 0.439941 0.623047 0.443848 0.624219 0.447266 0.624219 0.450684 0.624609 0.451172 0.624609 0.453125 0.625391 0.455566 0.625781 0.459961 0.626172 0.460449 0.626172 0.461914 0.626953 0.464844 0.628906 0.469727 0.628906 0.470703 0.63125 0.474609 0.634375 0.474121 0.635547 0.472656 0.639062 0.465332 0.639844 0.460449 0.641406 0.456055 0.641406 0.455078 0.642188 0.453613 0.64375 0.443848 0.644531 0.440918 0.645703 0.438477 0.647266 0.432617 0.647266 0.429688 0.647656 0.429199 0.647656 0.424316 0.646094 0.419434 0.645703 0.415527 0.645312 0.415039 0.645312 0.413574 0.644531 0.411133 0.644531 0.40918 0.644141 0.408691 0.644141 0.399902 0.64375 0.399414 0.64375 0.396484 0.643359 0.395996 0.643359 0.38623 0.642969 0.385742 0.642969 0.383789 0.642188 0.382324 0.641016 0.382324
1 0.660156 0.415625 0.658789 0.415137 0.657148 0.417187 0.655586 0.419287 0.65168 0.423633 0.648828 0.428564 0.647266 0.432812 0.646094 0.436719 0.644414 0.442236 0.642578 0.447754 0.642578 0.449219 0.642188 0.449707 0.642188 0.455078 0.641797 0.455566 0.641797 0.458008 0.641406 0.458496 0.641016 0.467285 0.641797 0.469727 0.642188 0.482422 0.642578 0.48291 0.642578 0.48877 0.642969 0.489258 0.642969 0.495605 0.643359 0.496094 0.643359 0.498535 0.644141 0.500488 0.644141 0.502441 0.645312 0.506836 0.646484 0.509766 0.648828 0.51123 0.651172 0.51123 0.652344 0.510254 0.654687 0.505371 0.655469 0.500488 0.658203 0.490234 0.658984 0.48877 0.659375 0.486328 0.660547 0.483398 0.661719 0.481934 0.664336 0.475195 0.667578 0.466211 0.669141 0.460107 0.669453 0.457275 0.669531 0.456055 0.669531 0.450195 0.669141 0.449707 0.669141 0.444336 0.66875 0.443848 0.66875 0.441406 0.668359 0.440918 0.668359 0.439453 0.667695 0.435205 0.666016 0.430664 0.664844 0.428223 0.664453 0.425781 0.662891 0.422363 0.662891 0.421387 0.661445 0.417334
1 0.691016 0.400391 0.688672 0.400391 0.683984 0.407715 0.682031 0.413086 0.680859 0.414551 0.677344 0.423828 0.677344 0.424805 0.676562 0.42627 0.676562 0.427246 0.675 0.431641 0.674609 0.435547 0.673828 0.437988 0.673828 0.443359 0.673438 0.443848 0.673438 0.456055 0.673828 0.456543 0.674219 0.464844 0.674609 0.465332 0.674609 0.466797 0.675781 0.470215 0.675781 0.47168 0.676953 0.476074 0.678125 0.479004 0.680469 0.481445 0.682422 0.481445 0.684766 0.478516 0.686328 0.474609 0.686328 0.473145 0.686719 0.472656 0.686719 0.471191 0.6875 0.468262 0.689844 0.462402 0.694141 0.456543 0.697656 0.453467 0.700547 0.449561 0.701875 0.443945 0.702305 0.439795 0.700977 0.435791 0.70043 0.431006 0.699609 0.427734 0.699609 0.423828 0.698047 0.42041 0.697656 0.416016 0.696484 0.413086 0.696094 0.40918 0.694141 0.403809 0.694141 0.402832 0.692578 0.400879 0.691406 0.400879
1 0.732422 0.382812 0.728125 0.38623 0.725781 0.390137 0.720703 0.394531 0.717187 0.398926 0.716016 0.399414 0.714844 0.400879 0.713281 0.401855 0.711328 0.404297 0.710938 0.405762 0.709766 0.407227 0.708984 0.40918 0.707812 0.414551 0.707031 0.416016 0.707031 0.416992 0.705469 0.421387 0.705078 0.425781 0.704688 0.42627 0.704688 0.429199 0.704297 0.429688 0.704297 0.431641 0.703516 0.434082 0.703125 0.438477 0.702344 0.44043 0.702344 0.442383 0.701172 0.445801 0.700781 0.449219 0.698828 0.455078 0.698828 0.463867 0.699219 0.464355 0.7 0.471191 0.701172 0.474121 0.704297 0.474121 0.705859 0.473145 0.711719 0.463867 0.723828 0.449219 0.727344 0.442871 0.732031 0.432617 0.732031 0.431152 0.732812 0.429688 0.733203 0.426758 0.733594 0.42627 0.733594 0.423828 0.733984 0.42334 0.733984 0.420898 0.734375 0.42041 0.734375 0.417969 0.734766 0.41748 0.734766 0.414551 0.735938 0.410156 0.735938 0.408203 0.736719 0.405273 0.736719 0.402832 0.737109 0.402344 0.737109 0.388672 0.736719 0.388184 0.736328 0.385254 0.735938 0.384277
2 0.812891 0.376953 0.809766 0.372559 0.807422 0.371094 0.806641 0.371094 0.802344 0.368652 0.801172 0.368652 0.799609 0.367676 0.798438 0.367676 0.791406 0.364746 0.7875 0.362305 0.779297 0.361328 0.778906 0.361816 0.775391 0.361816 0.775 0.362305 0.771875 0.362793 0.769531 0.364258 0.767578 0.364746 0.764844 0.367188 0.763672 0.368652 0.761328 0.373535 0.759766 0.375488 0.757031 0.382324 0.753125 0.389648 0.753125 0.390625 0.752344 0.39209 0.752734 0.396973 0.755859 0.401367 0.760547 0.40332 0.770312 0.403809 0.770703 0.40332 0.777344 0.40332 0.777734 0.402832 0.782031 0.402832 0.783203 0.40332 0.783594 0.402832 0.7875 0.402344 0.789844 0.400879 0.791797 0.398926 0.795312 0.396973 0.798438 0.394043 0.803906 0.391113 0.806641 0.388184 0.810156 0.38623 0.811328 0.384766 0.812891 0.381348
1 0.591406 0.543945 0.590625 0.544922 0.590234 0.547852 0.589844 0.54834 0.589844 0.560059 0.590234 0.560547 0.590234 0.563477 0.590625 0.563965 0.590625 0.567383 0.591016 0.567871 0.591406 0.572754 0.591797 0.573242 0.591797 0.574707 0.592187 0.575195 0.592187 0.57666 0.592578 0.577148 0.592578 0.578613 0.59375 0.583008 0.594922 0.585938 0.597656 0.590332 0.598828 0.59375 0.601562 0.598633 0.601953 0.600098 0.610938 0.610352 0.614844 0.613281 0.617188 0.615723 0.619531 0.617188 0.620703 0.617188 0.625391 0.619141 0.629297 0.619141 0.630469 0.618652 0.631641 0.617188 0.632031 0.614258 0.632422 0.61377 0.632422 0.608887 0.632031 0.608398 0.631641 0.603027 0.630078 0.597168 0.629297 0.595703 0.629297 0.594727 0.627734 0.591309 0.627344 0.588867 0.626563 0.587402 0.625781 0.58252 0.625391 0.582031 0.625391 0.580078 0.623047 0.572266 0.620313 0.567871 0.616016 0.5625 0.608203 0.558105 0.60625 0.556152 0.603906 0.554688 0.601172 0.55127 0.597266 0.547852 0.595703 0.545898 0.592578 0.543945
1 0.725 0.6875 0.723437 0.691406 0.723437 0.694336 0.723047 0.694824 0.723047 0.708984 0.723437 0.709473 0.723437 0.715332 0.723828 0.71582 0.723828 0.725586 0.724609 0.728516 0.726953 0.734375 0.732422 0.744141 0.733984 0.748047 0.736328 0.750977 0.736719 0.750977 0.738672 0.753906 0.742188 0.76123 0.745703 0.766602 0.746875 0.769531 0.749609 0.772461 0.752734 0.772949 0.75625 0.769043 0.758984 0.761719 0.759375 0.758789 0.759766 0.758301 0.760156 0.750488 0.759375 0.748535 0.759375 0.744629 0.758984 0.744141 0.758984 0.742676 0.758203 0.740723 0.758203 0.739258 0.757031 0.734863 0.753906 0.728027 0.752344 0.725586 0.748047 0.720215 0.745703 0.71875 0.742578 0.714844 0.741016 0.710938 0.736719 0.704102 0.731641 0.690918 0.728516 0.6875
1 0.74375 0.833008 0.742969 0.835938 0.742969 0.838379 0.743359 0.838867 0.743359 0.846191 0.74375 0.84668 0.74375 0.867676 0.743359 0.868164 0.743359 0.872559 0.74375 0.873047 0.74375 0.877441 0.744922 0.881348 0.751172 0.889648 0.753516 0.890625 0.758203 0.893555 0.758984 0.894531 0.761719 0.895508 0.765625 0.897949 0.766797 0.899414 0.770312 0.901855 0.772656 0.902832 0.774219 0.902832 0.774609 0.90332 0.776172 0.902832 0.776953 0.901367 0.776953 0.898438 0.776172 0.895996 0.776172 0.893555 0.773828 0.888184 0.773047 0.884766 0.771484 0.880859 0.770703 0.879883 0.769922 0.876953 0.768359 0.873535 0.766406 0.856934 0.764844 0.852539 0.756641 0.842773 0.751563 0.838867 0.748828 0.835449 0.748828 0.834961 0.745703 0.833008
1 0.678516 0.931641 0.676562 0.930176 0.672656 0.929688 0.672266 0.929199 0.665625 0.929688 0.662109 0.931152 0.660547 0.931152 0.660156 0.931641 0.657422 0.932129 0.650391 0.936523 0.644922 0.941895 0.641406 0.946289 0.637891 0.952637 0.633984 0.956543 0.630078 0.964355 0.629297 0.967285 0.629297 0.96875 0.628906 0.969238 0.628906 0.97168 0.629297 0.972656 0.630859 0.974121 0.638672 0.974121 0.639062 0.973633 0.644531 0.973633 0.644922 0.973145 0.651953 0.972656 0.652344 0.972168 0.653906 0.972168 0.65625 0.971191 0.663672 0.964355 0.666797 0.962402 0.669531 0.958984 0.671094 0.956055 0.671875 0.953125 0.675 0.948242 0.675391 0.946289 0.677344 0.942383 0.677344 0.941406 0.678516 0.938965 0.679297 0.936035 0.679297 0.93457
1 0.592969 0.985352 0.592969 0.987793 0.59375 0.990723 0.597617 0.993799 0.602227 0.996533 0.604023 0.997949 0.605234 1 0.648242 1 0.647578 0.998242 0.647305 0.996582 0.64582 0.994629 0.644297 0.993652 0.642188 0.992188 0.639844 0.989746 0.638281 0.98877 0.633594 0.987793 0.629609 0.986328 0.623984 0.985742 0.622578 0.984814 0.620078 0.984229 0.618398 0.984668 0.614062 0.984863 0.610469 0.984277 0.60625 0.984375 0.605859 0.983887 0.602344 0.983887 0.601953 0.983398 0.598828 0.983398 0.598437 0.98291 0.594922 0.98291
1 0.616016 0.765137 0.614453 0.765625 0.609766 0.774902 0.608984 0.778809 0.607812 0.78125 0.607031 0.78418 0.60625 0.790527 0.605859 0.791016 0.605469 0.797852 0.605078 0.79834 0.605078 0.80127 0.604688 0.801758 0.604688 0.807129 0.604297 0.807617 0.604297 0.8125 0.604688 0.812988 0.604688 0.823242 0.604297 0.82373 0.604297 0.82666 0.603906 0.827148 0.603516 0.830566 0.601562 0.835938 0.594922 0.848145 0.594141 0.853516 0.594922 0.854492 0.596094 0.85498 0.598047 0.85498 0.598437 0.855469 0.605859 0.85498 0.611719 0.852539 0.614844 0.850586 0.615625 0.850586 0.617578 0.848633 0.623828 0.844727 0.626953 0.840332 0.628906 0.838867 0.631641 0.834961 0.632812 0.831055 0.632812 0.829102 0.633203 0.828613 0.633203 0.819824 0.631641 0.813965 0.630078 0.811523 0.628516 0.807129 0.628516 0.806152 0.626563 0.801758 0.624219 0.792969 0.624219 0.791016 0.623047 0.786621 0.623047 0.783691 0.622656 0.783203 0.622656 0.780273 0.622266 0.779785 0.621875 0.774902 0.61875 0.767578 0.617578 0.766113
1 0.192578 0.67627 0.191406 0.678223 0.191016 0.683105 0.191406 0.683594 0.191406 0.686523 0.192188 0.688965 0.192578 0.694824 0.193359 0.697266 0.193359 0.700684 0.19375 0.701172 0.19375 0.704102 0.194531 0.707031 0.194531 0.709473 0.195312 0.711914 0.195312 0.713867 0.195703 0.714355 0.195703 0.716309 0.196094 0.716797 0.196875 0.722168 0.198437 0.728027 0.201172 0.734375 0.201563 0.736328 0.203516 0.739258 0.204297 0.741211 0.216016 0.754883 0.217969 0.757812 0.219531 0.761719 0.223438 0.766602 0.223828 0.767578 0.225391 0.767578 0.227344 0.764648 0.229297 0.759766 0.229687 0.755859 0.230078 0.755371 0.230078 0.750977 0.228906 0.748047 0.228906 0.742676 0.228125 0.740234 0.227734 0.73584 0.226172 0.732422 0.225 0.725586 0.223828 0.722656 0.223828 0.72168 0.217578 0.709473 0.211328 0.70166 0.209375 0.698242 0.203516 0.69043 0.201953 0.687012 0.2 0.68457 0.198047 0.680664 0.194141 0.67627
1 0.253516 0.770508 0.253516 0.772461 0.253906 0.772949 0.253906 0.774902 0.254688 0.776855 0.254688 0.77832 0.255469 0.779785 0.255469 0.780762 0.25625 0.782227 0.257422 0.787109 0.259375 0.79248 0.260937 0.794434 0.262891 0.798828 0.266797 0.804199 0.271875 0.807129 0.273047 0.807129 0.273438 0.807617 0.276562 0.807617 0.276953 0.807129 0.279297 0.806641 0.287891 0.79834 0.290625 0.796875 0.295703 0.796387 0.296094 0.795898 0.297656 0.795898 0.298047 0.79541 0.300391 0.794922 0.302734 0.793457 0.304688 0.790527 0.304688 0.787109 0.303906 0.785156 0.301172 0.781738 0.297656 0.778809 0.294531 0.775391 0.291016 0.773438 0.290234 0.773438 0.289062 0.772461 0.288281 0.772461 0.287109 0.771484 0.285938 0.771484 0.284375 0.770508 0.28125 0.77002 0.280859 0.769531 0.278125 0.769531 0.277734 0.769043 0.269141 0.769043 0.26875 0.768555 0.265625 0.768555 0.259375 0.765625 0.25625 0.765625 0.254688 0.76709 0.254297 0.769043
1 0.217969 0.831543 0.217969 0.833496 0.217578 0.833984 0.217578 0.838379 0.220703 0.840332 0.230859 0.84082 0.232031 0.841309 0.240625 0.847656 0.244141 0.851562 0.252734 0.856934 0.25625 0.857422 0.256641 0.85791 0.26875 0.85791 0.269141 0.858398 0.271875 0.858398 0.272266 0.858887 0.282031 0.859375 0.282422 0.859863 0.283594 0.859375 0.286719 0.859375 0.288281 0.858398 0.288672 0.857422 0.288672 0.854004 0.287109 0.850586 0.283984 0.84668 0.283984 0.846191 0.28125 0.843262 0.279297 0.838867 0.274219 0.832031 0.272266 0.828125 0.267188 0.821289 0.263672 0.818359 0.258203 0.816895 0.256641 0.815918 0.254297 0.815918 0.253906 0.81543 0.25 0.81543 0.249609 0.815918 0.243359 0.816406 0.242969 0.816895 0.241797 0.816895 0.241406 0.817383 0.240234 0.817383 0.235156 0.819824 0.232422 0.822754 0.228906 0.824707 0.228125 0.824707 0.223828 0.828125 0.219922 0.828613
1 0.214062 0.81543 0.211719 0.81543 0.210938 0.816406 0.208984 0.817383 0.20625 0.820801 0.205078 0.821289 0.203516 0.823242 0.202734 0.825195 0.198047 0.830078 0.188672 0.842773 0.187109 0.84668 0.186719 0.850098 0.185547 0.854004 0.185547 0.860352 0.185156 0.861816 0.185547 0.862305 0.185938 0.867676 0.186328 0.868164 0.187109 0.873535 0.188281 0.876953 0.188281 0.880859 0.188672 0.881348 0.188672 0.894043 0.189453 0.896973 0.191016 0.898926 0.192578 0.899902 0.194531 0.899902 0.196484 0.898438 0.198047 0.896484 0.198828 0.894043 0.203906 0.887695 0.205078 0.884766 0.210156 0.877441 0.210938 0.875 0.213281 0.87207 0.215625 0.867188 0.216797 0.865723 0.220312 0.855469 0.220312 0.854004 0.220703 0.853516 0.220703 0.833496 0.219922 0.831543 0.219141 0.82666 0.217578 0.822754 0.217188 0.819824 0.216406 0.817871
1 0.122266 0.834473 0.122266 0.837891 0.126562 0.842285 0.129688 0.84375 0.134766 0.849121 0.138281 0.851562 0.140625 0.854492 0.142578 0.85791 0.14375 0.858398 0.149609 0.86377 0.154297 0.866699 0.155078 0.866699 0.157031 0.868164 0.159375 0.868652 0.159766 0.869141 0.161328 0.869141 0.163672 0.870117 0.165625 0.870117 0.166016 0.870605 0.171094 0.870605 0.173047 0.871582 0.183711 0.87124 0.18668 0.869775 0.185859 0.865186 0.185273 0.860596 0.182617 0.857373 0.173828 0.849121 0.171875 0.845215 0.166172 0.835107 0.161836 0.830859 0.154922 0.82666 0.148047 0.824463 0.146484 0.824316 0.144922 0.824219 0.138281 0.824707 0.137891 0.825195 0.136328 0.825195 0.135937 0.825684 0.133594 0.826172 0.131641 0.827637 0.129297 0.828613 0.126953 0.829102 0.123438 0.83252
1 0.367969 0.94043 0.364844 0.939941 0.362891 0.941406 0.360547 0.944336 0.357422 0.951172 0.353125 0.958008 0.351172 0.962891 0.351172 0.964355 0.348828 0.970215 0.348047 0.974609 0.346484 0.978027 0.346094 0.98291 0.345313 0.985352 0.345313 0.991699 0.344922 0.992188 0.344922 0.994141 0.345313 0.995605 0.345859 0.999512 0.346367 1 0.362109 1 0.3625 1 0.363008 0.998682 0.366016 0.996582 0.367188 0.994629 0.367969 0.993018 0.369141 0.98877 0.369922 0.98584 0.369922 0.984375 0.371172 0.979492 0.371484 0.974121 0.371875 0.969043 0.371484 0.964844 0.371875 0.960742 0.371875 0.956543 0.371953 0.954297 0.371875 0.952148 0.37168 0.949316 0.371484 0.946777 0.369922 0.942383
1 0.0699219 0.972168 0.0691406 0.971191 0.0679687 0.971191 0.0644531 0.975098 0.0628906 0.978027 0.0605469 0.980957 0.05625 0.983398 0.0535156 0.98584 0.05 0.987793 0.0457031 0.989258 0.04375 0.990723 0.0417969 0.991211 0.0378906 0.993652 0.0351562 0.99707 0.0347656 0.99707 0.034375 0.998047 0.034375 1 0.0628906 1 0.0628906 0.998535 0.0660156 0.994141 0.06875 0.987305 0.0699219 0.98291 0.0703125 0.977539 0.0707031 0.977051 0.0707031 0.974121
