1 0.107422 0.725098 0.10625 0.731445 0.108203 0.746582 0.106641 0.764648 0.109375 0.779297 0.113672 0.789551 0.114453 0.804688 0.115625 0.80957 0.117969 0.812988 0.120313 0.812988 0.123047 0.811035 0.127344 0.804199 0.130469 0.79541 0.132812 0.782715 0.133984 0.764648 0.131641 0.753906 0.124609 0.739746 0.116797 0.729004 0.111719 0.725586
1 0.181641 0.626953 0.182031 0.633301 0.185156 0.638184 0.189062 0.63916 0.197266 0.638184 0.200781 0.640137 0.208203 0.646484 0.214453 0.657227 0.225 0.668945 0.240625 0.666992 0.244531 0.663574 0.248438 0.657715 0.248047 0.655762 0.242188 0.648926 0.2375 0.641113 0.229297 0.630859 0.223828 0.625977 0.217188 0.623535 0.207813 0.622559 0.200781 0.626953 0.197266 0.627441 0.196875 0.623047 0.192578 0.620117 0.186719 0.620117 0.183203 0.623047
1 0.154688 0.519531 0.153906 0.520508 0.154297 0.529785 0.161328 0.547363 0.168359 0.55957 0.178125 0.570312 0.188672 0.57959 0.196875 0.582031 0.198437 0.57959 0.198437 0.574219 0.197656 0.570312 0.194141 0.563477 0.192969 0.548828 0.189453 0.537598 0.184766 0.53125 0.183594 0.527832 0.176563 0.523438 0.165625 0.522461 0.162891 0.520996
1 0.369922 0.543945 0.363281 0.544922 0.351953 0.552246 0.341797 0.568848 0.339844 0.574219 0.339844 0.585449 0.341406 0.594238 0.347266 0.60498 0.351172 0.617676 0.353906 0.62207 0.358984 0.622559 0.361719 0.619629 0.364844 0.575684 0.367188 0.566895 0.373828 0.550781 0.373047 0.546387
1 0.474219 0.628906 0.469922 0.628906 0.465625 0.632324 0.462109 0.64209 0.460547 0.649414 0.459766 0.662109 0.457813 0.67041 0.458203 0.67627 0.461719 0.680664 0.464062 0.686035 0.466016 0.697266 0.467187 0.699219 0.46875 0.699707 0.471094 0.699219 0.479297 0.6875 0.480078 0.682617 0.482812 0.677246 0.483594 0.67334 0.483594 0.651367 0.480078 0.641113
1 0.0914062 0.591797 0.0871094 0.59375 0.0792969 0.609375 0.0707031 0.623047 0.0691406 0.628418 0.0675781 0.642578 0.0679687 0.653809 0.0667969 0.673828 0.0671875 0.686523 0.06875 0.688965 0.071875 0.688965 0.0730469 0.687988 0.0777344 0.673828 0.0894531 0.646973 0.0894531 0.617676 0.0902344 0.609863 0.0933594 0.598145 0.0929688 0.593262
1 0.528906 0.363281 0.525 0.360352 0.513281 0.359375 0.510156 0.360352 0.503906 0.365234 0.498437 0.367676 0.488281 0.385254 0.478125 0.400391 0.477344 0.403809 0.478516 0.406738 0.482812 0.407715 0.491016 0.398926 0.505078 0.390137 0.509375 0.388672 0.514453 0.384766 0.519531 0.376953 0.526172 0.37207 0.528516 0.368164
1 0.299609 0.467773 0.303125 0.476074 0.310547 0.483398 0.313672 0.484375 0.333594 0.485352 0.337109 0.483398 0.344922 0.475098 0.349609 0.472168 0.354297 0.462891 0.354297 0.459961 0.352344 0.456543 0.344531 0.452637 0.339844 0.45166 0.330469 0.452148 0.326953 0.450684 0.31875 0.451172 0.305859 0.456543 0.301563 0.460938 0.299609 0.465332
1 0.484766 0.431641 0.481641 0.431641 0.478125 0.433594 0.472656 0.442383 0.471484 0.447266 0.472266 0.460449 0.474609 0.469238 0.475391 0.480957 0.477734 0.489258 0.485156 0.48291 0.49375 0.47168 0.496484 0.459473 0.496094 0.447266 0.490625 0.436523
1 0.377344 0.407227 0.376172 0.408203 0.375781 0.424805 0.383984 0.446777 0.382812 0.452637 0.389844 0.463379 0.391406 0.471191 0.395703 0.480957 0.397656 0.480957 0.401172 0.477051 0.405469 0.46582 0.407422 0.441406 0.402344 0.431152 0.394531 0.421387 0.387891 0.415527 0.38125 0.407227
1 0.330859 0.619629 0.329297 0.619629 0.328516 0.620605 0.328125 0.620605 0.327734 0.621094 0.327344 0.621094 0.326953 0.621582 0.326562 0.621582 0.326172 0.62207 0.325781 0.62207 0.325 0.623047 0.325 0.623535 0.323047 0.625977 0.322656 0.625977 0.321094 0.62793 0.321094 0.628418 0.31875 0.631348 0.318359 0.631348 0.318359 0.631836 0.317578 0.632812 0.317578 0.634277 0.317188 0.634766 0.317188 0.636719 0.316797 0.637207 0.316797 0.638672 0.316406 0.63916 0.316406 0.640137 0.316016 0.640625 0.316016 0.644531 0.316406 0.64502 0.316406 0.647949 0.315234 0.649414 0.315234 0.649902 0.314063 0.651367 0.314063 0.651855 0.313672 0.652344 0.313672 0.653809 0.313281 0.654297 0.313281 0.655273 0.3125 0.65625 0.3125 0.656738 0.312109 0.657227 0.312109 0.657715 0.311719 0.658203 0.311719 0.658691 0.311328 0.65918 0.311328 0.659668 0.310937 0.660156 0.310937 0.666016 0.310547 0.666504 0.310547 0.675781 0.310937 0.67627 0.310937 0.677734 0.311719 0.678711 0.311719 0.679688 0.312109 0.680176 0.312109 0.681152 0.3125 0.681641 0.3125 0.682129 0.312891 0.682617 0.312891 0.683594 0.313281 0.684082 0.313281 0.685059 0.313672 0.685547 0.313672 0.686523 0.314063 0.687012 0.314063 0.6875 0.314453 0.687988 0.314453 0.688477 0.314844 0.688965 0.314844 0.689453 0.315625 0.69043 0.315625 0.690918 0.316016 0.691406 0.316016 0.691895 0.316406 0.692383 0.316406 0.692871 0.316797 0.693359 0.316797 0.694336 0.317188 0.694824 0.317188 0.695312 0.317578 0.695801 0.317578 0.696777 0.317969 0.697266 0.317969 0.697754 0.318359 0.698242 0.318359 0.69873 0.31875 0.699219 0.31875 0.700195 0.319141 0.700684 0.319141 0.701172 0.319531 0.70166 0.319531 0.702148 0.319922 0.702637 0.319922 0.703613 0.320312 0.704102 0.320312 0.705566 0.320703 0.706055 0.320703 0.706543 0.322266 0.708496 0.322656 0.708496 0.323047 0.708984 0.323437 0.708984 0.323828 0.709473 0.324219 0.709473 0.324609 0.709961 0.325 0.709961 0.325391 0.710449 0.326562 0.710449 0.326953 0.709961 0.327344 0.709961 0.328516 0.708496 0.328906 0.708496 0.33125 0.705566 0.33125 0.70459 0.331641 0.704102 0.331641 0.703613 0.332031 0.703125 0.332031 0.702148 0.332422 0.70166 0.332422 0.700684 0.332813 0.700195 0.332813 0.69873 0.333203 0.698242 0.333203 0.696777 0.333594 0.696289 0.333594 0.694824 0.333984 0.694336 0.333984 0.692383 0.334375 0.691895 0.334375 0.689941 0.334766 0.689453 0.334766 0.686035 0.335156 0.685547 0.335156 0.666992 0.334766 0.666504 0.334766 0.661621 0.334375 0.661133 0.334375 0.650879 0.333984 0.650391 0.333984 0.645996 0.333594 0.645508 0.333594 0.640625 0.333203 0.640137 0.333203 0.63623 0.332813 0.635742 0.332813 0.623535 0.332422 0.623047 0.332422 0.62207 0.332031 0.621582 0.332031 0.621094
1 0.448437 0.334473 0.444141 0.335449 0.4375 0.34668 0.434766 0.353027 0.430469 0.367676 0.427344 0.374023 0.426172 0.379883 0.426172 0.395996 0.429688 0.411621 0.435156 0.418457 0.442578 0.421875 0.444531 0.421387 0.446094 0.418945 0.446875 0.407715 0.452344 0.393066 0.453906 0.381348 0.453125 0.36377 0.451953 0.356445 0.451953 0.338379 0.450781 0.335938
0 0.432812 0.631348 0.430859 0.628906 0.426953 0.626953 0.403906 0.625977 0.396484 0.627441 0.388281 0.631348 0.380078 0.63916 0.365234 0.648926 0.362109 0.651855 0.361719 0.65625 0.364844 0.662109 0.371484 0.663574 0.386328 0.662598 0.403906 0.658203 0.412109 0.651367 0.425391 0.643066 0.430078 0.638184 0.432422 0.634277
0 0.273047 0.286133 0.272656 0.291992 0.274609 0.298828 0.28125 0.309082 0.286328 0.321289 0.291406 0.330078 0.294922 0.334473 0.303125 0.34082 0.309375 0.342285 0.313281 0.345215 0.318359 0.344238 0.319531 0.341309 0.319531 0.338379 0.311328 0.321289 0.310156 0.311523 0.304688 0.304688 0.302734 0.300293 0.287891 0.290527 0.276562 0.285645
0 0 0.429199 0 0.475586 0.0117188 0.475098 0.0144531 0.476074 0.0257812 0.476074 0.0277344 0.475098 0.0292969 0.470703 0.0261719 0.461914 0.0203125 0.457031 0.0160156 0.451172 0.0152344 0.446777 0.0117188 0.44043 0.0105469 0.436035 0.0078125 0.432617 0.00195312 0.429199
0 0.333984 0.160645 0.331641 0.162598 0.329297 0.167969 0.328125 0.188965 0.33125 0.20166 0.335156 0.211914 0.338281 0.231445 0.340625 0.234375 0.342578 0.234375 0.344922 0.231934 0.346875 0.226074 0.348047 0.213867 0.350781 0.200195 0.35 0.193359 0.350781 0.181641 0.347656 0.170898 0.338672 0.161621
1 0.151172 0.470703 0.150781 0.471191 0.150391 0.471191 0.15 0.47168 0.148828 0.47168 0.147656 0.473145 0.147266 0.473145 0.146094 0.474609 0.145703 0.474609 0.145313 0.475098 0.144922 0.475098 0.14375 0.476562 0.142969 0.476562 0.142187 0.477539 0.141797 0.477539 0.140625 0.479004 0.140234 0.479004 0.139844 0.479492 0.139453 0.479492 0.138281 0.480957 0.137891 0.480957 0.134766 0.484863 0.134766 0.485352 0.133594 0.486816 0.133203 0.486816 0.128906 0.492188 0.128516 0.492188 0.125781 0.495605 0.125391 0.495605 0.109766 0.515137 0.109766 0.515625 0.109375 0.516113 0.109375 0.516602 0.108984 0.51709 0.108984 0.517578 0.108594 0.518066 0.108594 0.527344 0.108984 0.527832 0.108984 0.528809 0.109766 0.529785 0.109766 0.530273 0.110547 0.53125 0.110547 0.531738 0.110937 0.532227 0.110937 0.532715 0.111328 0.533203 0.111328 0.536133 0.111719 0.536621 0.111719 0.539551 0.112891 0.541016 0.115234 0.541016 0.117969 0.537598 0.117969 0.536133 0.118359 0.535645 0.118359 0.530273 0.11875 0.529785 0.11875 0.528809 0.119141 0.52832 0.119141 0.527344 0.119922 0.526367 0.119922 0.525879 0.120703 0.524902 0.120703 0.524414 0.123047 0.521484 0.123047 0.520996 0.124219 0.519531 0.124219 0.519043 0.125 0.518066 0.125 0.517578 0.125781 0.516602 0.126172 0.516602 0.127344 0.515137 0.127344 0.514648 0.128125 0.513672 0.128516 0.513672 0.128906 0.513184 0.129297 0.513184 0.130859 0.51123 0.132031 0.51123 0.132812 0.510254 0.133984 0.510254 0.134375 0.509766 0.135937 0.509766 0.136328 0.509277 0.1375 0.509277 0.137891 0.508789 0.138672 0.508789 0.139063 0.508301 0.140625 0.508301 0.141406 0.507324 0.142187 0.507324 0.142578 0.506836 0.142969 0.506836 0.143359 0.506348 0.14375 0.506348 0.144531 0.505371 0.144922 0.505371 0.145313 0.504883 0.145703 0.504883 0.146484 0.503906 0.146875 0.503906 0.147266 0.503418 0.147656 0.503418 0.148828 0.501953 0.149219 0.501953 0.150781 0.5 0.150781 0.499512 0.151562 0.498535 0.151562 0.498047 0.151953 0.497559 0.151953 0.49707 0.153516 0.495117 0.153516 0.494629 0.153906 0.494141 0.153906 0.493164 0.154688 0.492188 0.154688 0.491699 0.155469 0.490723 0.155469 0.489746 0.15625 0.48877 0.15625 0.488281 0.158594 0.485352 0.158594 0.484863 0.159375 0.483887 0.159375 0.483398 0.159766 0.48291 0.159766 0.481934 0.161328 0.47998 0.161328 0.479492 0.161719 0.479004 0.161719 0.478027 0.161328 0.477539 0.161328 0.475586 0.159375 0.473145 0.159375 0.472168 0.158203 0.470703
1 0.0648438 0.486328 0.0644531 0.486816 0.0632812 0.486816 0.0628906 0.487305 0.0621094 0.487305 0.0605469 0.489258 0.0605469 0.496094 0.0609375 0.496582 0.0609375 0.497559 0.0617188 0.498535 0.0617188 0.499023 0.0621094 0.499512 0.0621094 0.5 0.0636719 0.501953 0.0636719 0.502441 0.065625 0.504883 0.065625 0.505371 0.0675781 0.507812 0.0675781 0.508301 0.0683594 0.509277 0.0683594 0.509766 0.0695313 0.51123 0.0695313 0.511719 0.0707031 0.513184 0.0707031 0.513672 0.0714844 0.514648 0.0714844 0.515137 0.0734375 0.517578 0.0738281 0.517578 0.0765625 0.520996 0.0769531 0.520996 0.0777344 0.521973 0.078125 0.521973 0.0789062 0.522949 0.0792969 0.522949 0.0800781 0.523926 0.0804688 0.523926 0.08125 0.524902 0.0816406 0.524902 0.0820312 0.525391 0.0828125 0.525391 0.0839844 0.526855 0.084375 0.526855 0.0859375 0.528809 0.0863281 0.528809 0.0882813 0.53125 0.0886719 0.53125 0.0894531 0.532227 0.0898438 0.532227 0.0902344 0.532715 0.0914062 0.532715 0.0921875 0.533691 0.0949219 0.533691 0.0953125 0.53418 0.0960938 0.53418 0.096875 0.535156 0.0972656 0.535156 0.0976562 0.535645 0.0984375 0.535645 0.0996094 0.537109 0.100391 0.537109 0.102734 0.540039 0.102734 0.541992 0.107031 0.547363 0.107422 0.547363 0.108594 0.548828 0.109766 0.548828 0.110156 0.549316 0.1125 0.549316 0.112891 0.548828 0.113672 0.548828 0.115625 0.546387 0.115625 0.54541 0.116016 0.544922 0.116016 0.53418 0.115625 0.533691 0.115625 0.532227 0.114844 0.53125 0.114844 0.530762 0.114453 0.530273 0.114453 0.529297 0.113672 0.52832 0.113672 0.527832 0.113281 0.527344 0.113281 0.526855 0.112891 0.526367 0.112891 0.525879 0.112109 0.524902 0.112109 0.523926 0.111719 0.523438 0.111719 0.522949 0.110937 0.521973 0.110937 0.521484 0.109766 0.52002 0.109766 0.519531 0.108984 0.518555 0.108984 0.518066 0.108594 0.517578 0.108594 0.51709 0.108203 0.516602 0.108203 0.516113 0.105859 0.513184 0.105859 0.512695 0.105078 0.511719 0.105078 0.510254 0.104297 0.509277 0.104297 0.508301 0.103906 0.507812 0.103906 0.506348 0.103516 0.505859 0.103516 0.504883 0.102344 0.503418 0.102344 0.50293 0.101953 0.502441 0.101953 0.501953 0.100781 0.500488 0.100781 0.499512 0.100391 0.499023 0.100391 0.498535 0.0992187 0.49707 0.0988281 0.49707 0.0972656 0.495117 0.096875 0.495117 0.0960938 0.494141 0.0957031 0.494141 0.0949219 0.493164 0.0941406 0.493164 0.0929688 0.491699 0.0925781 0.491699 0.0921875 0.491211 0.0917969 0.491211 0.0914062 0.490723 0.0910156 0.490723 0.090625 0.490234 0.0902344 0.490234 0.0898438 0.489746 0.0890625 0.489746 0.0886719 0.489258 0.0871094 0.489258 0.0867187 0.48877 0.0847656 0.48877 0.0839844 0.487793 0.0820312 0.487793 0.0816406 0.487305 0.0804688 0.487305 0.0800781 0.486816 0.071875 0.486816 0.0714844 0.486328
0 0.0839844 0.534668 0.0828125 0.536133 0.0824219 0.536133 0.0820312 0.536621 0.0816406 0.536621 0.0804688 0.538086 0.0796875 0.538086 0.0773438 0.541016 0.0769531 0.541016 0.0742188 0.544434 0.0742188 0.544922 0.0691406 0.55127 0.06875 0.55127 0.0675781 0.552734 0.0675781 0.553223 0.0667969 0.554199 0.0667969 0.554688 0.0640625 0.558105 0.0640625 0.558594 0.0628906 0.560059 0.0628906 0.561035 0.0621094 0.562012 0.0621094 0.562988 0.0613281 0.563965 0.0613281 0.564453 0.0609375 0.564941 0.0609375 0.565918 0.0605469 0.566406 0.0605469 0.567383 0.0601563 0.567871 0.0601563 0.568359 0.059375 0.569336 0.059375 0.569824 0.0585938 0.570801 0.0585938 0.571777 0.0578125 0.572754 0.0578125 0.57373 0.0570312 0.574707 0.0570312 0.575684 0.0566406 0.576172 0.0566406 0.57666 0.05625 0.577148 0.05625 0.581055 0.0574219 0.58252 0.0605469 0.58252 0.0609375 0.582031 0.0632812 0.582031 0.0644531 0.580566 0.0722656 0.580566 0.0730469 0.57959 0.0742188 0.57959 0.0746094 0.579102 0.0757812 0.579102 0.0761719 0.578613 0.0800781 0.578613 0.0804688 0.578125 0.08125 0.578125 0.0820312 0.577148 0.0835937 0.577148 0.0839844 0.57666 0.0867187 0.57666 0.0871094 0.576172 0.0882813 0.576172 0.0886719 0.575684 0.0894531 0.575684 0.0898438 0.575195 0.0914062 0.575195 0.0917969 0.574707 0.0925781 0.574707 0.0929688 0.574219 0.0933594 0.574219 0.0941406 0.573242 0.0945312 0.573242 0.0949219 0.572754 0.0957031 0.572754 0.0972656 0.570801 0.0976562 0.570801 0.1 0.567871 0.1 0.566895 0.100781 0.565918 0.100781 0.56543 0.101172 0.564941 0.101172 0.564453 0.101562 0.563965 0.101562 0.563477 0.101953 0.562988 0.101953 0.5625 0.102344 0.562012 0.102344 0.560059 0.103516 0.558594 0.103516 0.557129 0.103906 0.556641 0.104297 0.556641 0.105469 0.555176 0.105469 0.549805 0.105859 0.549316 0.10625 0.549316 0.107422 0.547852 0.107422 0.544922 0.104297 0.541016 0.104297 0.540039 0.103125 0.538574 0.102344 0.538574 0.100391 0.536133 0.0964844 0.536133 0.0957031 0.535156 0.0875 0.535156 0.0871094 0.534668
1 0.300781 0.0927734 0.3 0.0952148 0.3 0.0986328 0.300391 0.0991211 0.300391 0.11377 0.300781 0.114258 0.300781 0.116211 0.301172 0.116699 0.301172 0.118652 0.301953 0.121582 0.304688 0.128418 0.307031 0.131836 0.308203 0.132324 0.310547 0.134766 0.316406 0.138672 0.325 0.14209 0.330078 0.14502 0.331641 0.14502 0.333594 0.145996 0.342969 0.146484 0.343359 0.146973 0.346875 0.146973 0.347266 0.147461 0.350391 0.147461 0.351172 0.146973 0.351562 0.145508 0.351172 0.14502 0.351172 0.143066 0.350781 0.14209 0.344922 0.134766 0.344531 0.134766 0.342578 0.132324 0.341406 0.129883 0.341016 0.129883 0.339453 0.127441 0.333984 0.121094 0.330859 0.118164 0.327734 0.116699 0.325781 0.114746 0.323047 0.11377 0.318359 0.11084 0.313672 0.106934 0.311328 0.104004 0.310547 0.101074 0.308984 0.0976562 0.305469 0.0927734 0.303516 0.0917969 0.301953 0.0917969
1 0.344531 0 0.344531 0.00195312 0.34375 0.00292969 0.342969 0.00585938 0.342969 0.019043 0.343359 0.0195312 0.343359 0.0244141 0.342969 0.0253906 0.343359 0.0258789 0.343359 0.0288086 0.34375 0.0292969 0.343359 0.0302734 0.343359 0.0351562 0.34375 0.0356445 0.34375 0.0375977 0.344531 0.0400391 0.348828 0.0458984 0.351562 0.0473633 0.352734 0.0488281 0.355469 0.050293 0.358203 0.0527344 0.362109 0.0576172 0.365234 0.0605469 0.36875 0.0649414 0.370312 0.065918 0.373047 0.0693359 0.374219 0.0693359 0.376172 0.0703125 0.377734 0.0693359 0.377734 0.0639648 0.376172 0.059082 0.376172 0.0576172 0.374219 0.0527344 0.373828 0.050293 0.370703 0.0439453 0.370312 0.0410156 0.36875 0.0361328 0.36875 0.0341797 0.367188 0.0292969 0.367188 0.0268555 0.366797 0.0263672 0.366797 0.0244141 0.366406 0.0239258 0.366406 0.0224609 0.364844 0.0175781 0.362891 0.0146484 0.361328 0.00976562 0.359766 0.0078125 0.358594 0.00488281 0.357422 0.00341797 0.355469 0.00244141 0.354687 0.00146484 0.354687 0
1 0.371094 0.0258789 0.370703 0.0273438 0.370703 0.0302734 0.373047 0.0341797 0.373437 0.0341797 0.376172 0.0375977 0.379297 0.0390625 0.384375 0.0444336 0.387109 0.0463867 0.392188 0.0532227 0.39375 0.0541992 0.399219 0.0605469 0.402344 0.0625 0.407031 0.0673828 0.411328 0.0703125 0.412891 0.0708008 0.416016 0.0732422 0.419922 0.0737305 0.423047 0.0751953 0.427734 0.0751953 0.428906 0.0742188 0.429688 0.0712891 0.429297 0.0708008 0.429297 0.0683594 0.427734 0.0639648 0.425781 0.0615234 0.423828 0.0571289 0.421484 0.0532227 0.419922 0.0488281 0.417578 0.0454102 0.415625 0.0400391 0.414453 0.0380859 0.413281 0.0332031 0.411719 0.0302734 0.411328 0.0302734 0.408984 0.0273438 0.404687 0.0244141 0.400391 0.0239258 0.4 0.0234375 0.397656 0.0234375 0.397266 0.0229492 0.385156 0.0229492 0.384766 0.0234375 0.380859 0.0234375 0.380469 0.0239258 0.374219 0.0239258 0.373828 0.0244141 0.372656 0.0244141
0 0.334375 0.00195312 0.333594 0.00244141 0.332031 0.00488281 0.327344 0.0170898 0.325391 0.0205078 0.324609 0.0253906 0.324219 0.0258789 0.324219 0.0390625 0.324609 0.0395508 0.324609 0.0458984 0.324219 0.0463867 0.324219 0.0585938 0.324609 0.059082 0.324609 0.0629883 0.324219 0.0634766 0.324219 0.0654297 0.324609 0.065918 0.324609 0.0693359 0.325391 0.0722656 0.328906 0.0761719 0.333594 0.078125 0.338281 0.078125 0.341016 0.0766602 0.342187 0.0751953 0.343359 0.0722656 0.34375 0.0463867 0.344141 0.0458984 0.344141 0.0439453 0.34375 0.043457 0.34375 0.0380859 0.343359 0.0375977 0.343359 0.0341797 0.342969 0.0336914 0.342969 0.0288086 0.342578 0.0283203 0.342578 0.0253906 0.342187 0.0249023 0.342187 0.0214844 0.341797 0.0209961 0.341406 0.0170898 0.341016 0.0166016 0.340234 0.00585938 0.339453 0.00390625 0.337891 0.00195312
1 0.353516 0.205078 0.354687 0.209473 0.364844 0.22168 0.365234 0.22168 0.369531 0.227539 0.374219 0.231445 0.376172 0.233887 0.378906 0.234863 0.379688 0.23584 0.388281 0.240723 0.389453 0.240723 0.391406 0.241699 0.392969 0.241699 0.393359 0.242188 0.394922 0.242188 0.395313 0.242676 0.396484 0.242676 0.398438 0.243652 0.4 0.243652 0.400391 0.244141 0.404297 0.244629 0.406641 0.245605 0.412109 0.249512 0.416016 0.249023 0.416797 0.248535 0.418359 0.245117 0.418359 0.242188 0.416797 0.236328 0.405859 0.227051 0.403906 0.224121 0.402344 0.223145 0.400781 0.220703 0.398047 0.21875 0.396094 0.216309 0.389062 0.211914 0.384766 0.210449 0.381641 0.208008 0.378516 0.207031 0.377344 0.206055 0.373828 0.20459 0.369141 0.204102 0.36875 0.203613 0.360156 0.203613 0.359766 0.203125 0.357812 0.203125 0.357422 0.203613 0.354297 0.204102
1 0.297266 0.363281 0.297266 0.367188 0.298047 0.369629 0.298438 0.373535 0.3 0.377441 0.301563 0.379883 0.305859 0.385254 0.310547 0.387695 0.3125 0.389648 0.320703 0.394531 0.321484 0.395508 0.325 0.396973 0.326953 0.396973 0.327344 0.397461 0.340625 0.397461 0.341016 0.397949 0.342969 0.397949 0.343359 0.397461 0.350781 0.397461 0.351172 0.396973 0.353125 0.396973 0.353516 0.396484 0.355078 0.396484 0.357422 0.395508 0.359766 0.392578 0.359766 0.388184 0.357031 0.384766 0.352344 0.381348 0.35 0.378418 0.347266 0.375977 0.341406 0.368164 0.333594 0.363281 0.311328 0.36377 0.310937 0.363281 0.308594 0.363281 0.308203 0.362793 0.306641 0.362793 0.304297 0.361816 0.302344 0.361816 0.301953 0.361328 0.298828 0.361328 0.298047 0.361816
1 0.164844 0.486328 0.164062 0.48877 0.164062 0.491211 0.164844 0.492676 0.164844 0.493652 0.169531 0.5 0.171875 0.504883 0.173047 0.509277 0.176172 0.513672 0.177734 0.517578 0.181641 0.52002 0.183203 0.521973 0.184766 0.522949 0.188672 0.526855 0.194531 0.530273 0.205469 0.539062 0.20625 0.539062 0.211328 0.54248 0.215234 0.543457 0.215625 0.543945 0.219531 0.543945 0.220312 0.543457 0.220703 0.541016 0.219141 0.538086 0.219141 0.537109 0.216016 0.529785 0.215234 0.526855 0.215234 0.525391 0.212109 0.517578 0.207422 0.509766 0.203125 0.504395 0.202734 0.502441 0.201563 0.500977 0.197656 0.5 0.194922 0.49707 0.188672 0.493164 0.185938 0.490234 0.177734 0.486328 0.174609 0.48584 0.174219 0.485352 0.172266 0.485352 0.171875 0.484863 0.167578 0.484863 0.167187 0.485352 0.166016 0.485352
0 0.244531 0.535156 0.243359 0.535645 0.239453 0.540527 0.237891 0.544922 0.235156 0.549805 0.234375 0.553711 0.233203 0.556152 0.230469 0.566406 0.230469 0.570312 0.230078 0.570801 0.230078 0.573242 0.230469 0.57373 0.230469 0.57959 0.230859 0.580078 0.230859 0.582031 0.231641 0.584961 0.232813 0.587891 0.233984 0.589355 0.234375 0.591309 0.235937 0.593262 0.2375 0.59375 0.241016 0.598145 0.244141 0.606445 0.245703 0.608887 0.246094 0.611328 0.249609 0.619629 0.250781 0.620605 0.252734 0.621094 0.255859 0.619141 0.258594 0.611328 0.258594 0.609375 0.258984 0.608887 0.258984 0.607422 0.260156 0.603027 0.260156 0.601074 0.260547 0.600586 0.260547 0.598633 0.260937 0.598145 0.260937 0.596191 0.261328 0.595703 0.261328 0.59375 0.262109 0.59082 0.262109 0.578613 0.261719 0.578125 0.261328 0.572754 0.260547 0.569824 0.259766 0.568359 0.258984 0.564453 0.257031 0.560059 0.257031 0.559082 0.253906 0.552734 0.252734 0.54834 0.251563 0.541016 0.250391 0.537598 0.248047 0.535156
0 0.377344 0.4375 0.371875 0.438477 0.369531 0.439941 0.368359 0.441406 0.366797 0.445312 0.363672 0.451172 0.360156 0.455078 0.358594 0.458984 0.354687 0.463379 0.352344 0.469238 0.351562 0.476074 0.351172 0.476562 0.350781 0.47998 0.348438 0.48877 0.348438 0.5 0.348828 0.500488 0.348828 0.503418 0.349219 0.503906 0.350391 0.510742 0.352734 0.51709 0.353516 0.517578 0.355078 0.517578 0.35625 0.51709 0.357031 0.516113 0.357031 0.515137 0.358594 0.512207 0.360156 0.507812 0.369141 0.49707 0.370703 0.494141 0.373828 0.490234 0.376563 0.48291 0.376563 0.481934 0.377734 0.479492 0.378906 0.474609 0.379688 0.473145 0.380469 0.470215 0.380469 0.468262 0.380859 0.467773 0.380859 0.465332 0.38125 0.464844 0.380859 0.44873 0.380469 0.448242 0.380078 0.442871 0.378516 0.438965
1 0.470313 0.493164 0.469141 0.492188 0.466406 0.491699 0.466016 0.491211 0.460547 0.491211 0.460156 0.490723 0.457813 0.490723 0.457422 0.491211 0.448437 0.491211 0.448047 0.491699 0.445703 0.491699 0.443359 0.492676 0.440625 0.492676 0.440234 0.493164 0.438281 0.493164 0.435156 0.494629 0.43125 0.495117 0.430078 0.496094 0.424219 0.498047 0.421484 0.500488 0.416797 0.501953 0.410547 0.507324 0.408594 0.507812 0.403125 0.511719 0.400781 0.512695 0.399609 0.512695 0.396094 0.515137 0.391406 0.51709 0.389062 0.519531 0.385156 0.521973 0.383203 0.524414 0.383203 0.525879 0.383984 0.526855 0.385937 0.527832 0.387109 0.527832 0.389062 0.528809 0.393359 0.528809 0.39375 0.529297 0.409375 0.529297 0.409766 0.528809 0.411719 0.528809 0.412109 0.52832 0.416016 0.52832 0.416406 0.527832 0.421094 0.527832 0.421484 0.527344 0.423438 0.527344 0.427734 0.525391 0.433984 0.52002 0.435547 0.517578 0.436328 0.515137 0.438281 0.512207 0.440625 0.510742 0.442578 0.508301 0.44375 0.507812 0.446875 0.504883 0.455469 0.500488 0.459375 0.5 0.461328 0.499023 0.463281 0.499023 0.463672 0.498535 0.466797 0.498047 0.470313 0.494629
1 0.451562 0.708496 0.451172 0.70752 0.451172 0.705078 0.450391 0.704102 0.442188 0.69873 0.440234 0.696777 0.438281 0.695801 0.435156 0.692383 0.43125 0.689941 0.428906 0.689453 0.428516 0.688965 0.421875 0.688965 0.421484 0.689453 0.419531 0.689453 0.4125 0.692383 0.407422 0.692871 0.405469 0.693848 0.39375 0.693848 0.393359 0.694336 0.391797 0.694336 0.388672 0.696777 0.389062 0.699219 0.391406 0.702637 0.396484 0.707031 0.4 0.710938 0.404687 0.714355 0.408203 0.71875 0.416016 0.724121 0.417187 0.724121 0.420312 0.725586 0.428125 0.725586 0.428516 0.725098 0.431641 0.724609 0.432031 0.724121 0.435937 0.723145 0.439453 0.719238 0.444141 0.716797 0.447266 0.713379 0.449609 0.711914 0.451172 0.709961
1 0.342578 0.730469 0.341797 0.72998 0.340234 0.72998 0.339844 0.729492 0.337109 0.729492 0.336719 0.72998 0.329297 0.731934 0.325781 0.734375 0.321094 0.736328 0.319531 0.738281 0.314063 0.742676 0.312891 0.744141 0.311719 0.747559 0.305469 0.754883 0.303125 0.760254 0.303125 0.761719 0.302734 0.762207 0.301953 0.767578 0.301172 0.769531 0.300781 0.772949 0.3 0.774902 0.3 0.776367 0.299219 0.779297 0.297656 0.782715 0.297656 0.790527 0.298047 0.791992 0.3 0.795898 0.302344 0.799316 0.305078 0.799316 0.307422 0.79834 0.308594 0.796875 0.310156 0.795898 0.313672 0.791504 0.316016 0.789551 0.31875 0.788086 0.321094 0.785645 0.325781 0.783203 0.330859 0.776367 0.331641 0.772949 0.333203 0.77002 0.333984 0.76709 0.334766 0.766113 0.334766 0.765137 0.336328 0.761719 0.337109 0.757812 0.339062 0.75293 0.339062 0.751953 0.341797 0.746094 0.343359 0.740234 0.343359 0.73877 0.34375 0.738281 0.34375 0.731934
1 0.383984 0.944336 0.382812 0.947266 0.383594 0.954102 0.385547 0.959961 0.386328 0.960938 0.387891 0.965332 0.388672 0.966309 0.390234 0.970215 0.391797 0.976562 0.392969 0.979004 0.394141 0.97998 0.399609 0.987305 0.403516 0.989258 0.407813 0.992676 0.408594 0.992676 0.412109 0.995117 0.414453 0.996094 0.424609 0.998047 0.425781 0.998535 0.426172 1 0.428125 1 0.428125 0.999023 0.430859 0.995117 0.430859 0.991699 0.430469 0.991211 0.430469 0.98877 0.429688 0.98584 0.429688 0.982422 0.426563 0.977539 0.425 0.972656 0.421094 0.968262 0.420703 0.966309 0.41875 0.962891 0.416016 0.959473 0.411328 0.955566 0.404297 0.951172 0.401953 0.950195 0.400391 0.950195 0.4 0.949707 0.397266 0.949219 0.396875 0.94873 0.395703 0.94873 0.394531 0.947754 0.391797 0.946777 0.388281 0.944336 0.386719 0.944336 0.386328 0.943848 0.384766 0.943848
1 0.697266 0.786133 0.696875 0.787598 0.698438 0.789551 0.698828 0.791016 0.701562 0.792969 0.703906 0.79541 0.705859 0.796387 0.707422 0.796387 0.707812 0.796875 0.709375 0.796875 0.711719 0.797852 0.718359 0.801758 0.719531 0.804199 0.721094 0.806152 0.724219 0.806641 0.724219 0.80127 0.723437 0.799805 0.723437 0.79834 0.722656 0.796387 0.722266 0.790527 0.721094 0.786621 0.718359 0.783203 0.717578 0.782715 0.715625 0.782715 0.715234 0.782227 0.704297 0.782715 0.703906 0.783203 0.701172 0.783691
1 0.532422 0.54834 0.531641 0.549316 0.53125 0.550781 0.53125 0.553711 0.532422 0.557617 0.533984 0.55957 0.535937 0.560547 0.537891 0.560547 0.538672 0.560059 0.540234 0.557617 0.540234 0.555176 0.539453 0.552734 0.536719 0.548828
