1 0.00585938 0.315918 0.0015625 0.319336 0 0.319336 0 0.360352 0.0015625 0.360352 0.00703125 0.364746 0.00976562 0.365234 0.0105469 0.364746 0.00976562 0.353516 0.00820313 0.349121 0.0078125 0.329102 0.0128906 0.320801 0.0128906 0.318848 0.0101563 0.315918
1 0.340625 0.963379 0.337891 0.959961 0.333203 0.960449 0.325391 0.963379 0.317188 0.96875 0.314453 0.97168 0.309766 0.973633 0.298047 0.984375 0.298047 0.98877 0.300781 0.989258 0.313281 0.987305 0.322266 0.983398 0.338672 0.970703 0.340234 0.968262
2 0.279297 0.256348 0.277344 0.260742 0.278125 0.270996 0.277734 0.290527 0.274609 0.309082 0.275 0.315918 0.277344 0.314453 0.283984 0.297363 0.286719 0.281738 0.285156 0.260254 0.283984 0.257812
1 0.170313 0.0126953 0.174219 0.0141602 0.178125 0.0141602 0.185156 0.012207 0.194141 0.00488281 0.195703 0.00244141 0.195703 0 0.176563 0 0.176172 0.00244141 0.171875 0.00732422
1 0.440234 0.426758 0.438281 0.426758 0.434766 0.431152 0.430078 0.441406 0.426953 0.452148 0.422266 0.475586 0.421875 0.481934 0.423047 0.483398 0.424219 0.483398 0.432812 0.472168 0.438281 0.458496 0.441797 0.439453 0.441797 0.430664
2 0.176563 0.34375 0.174219 0.339355 0.169531 0.338379 0.164062 0.34082 0.147266 0.343262 0.138281 0.34668 0.130078 0.352539 0.122266 0.363281 0.120313 0.369141 0.123828 0.370117 0.146875 0.358398 0.166016 0.351074 0.174609 0.351074 0.175781 0.349121
2 0.213672 0.480469 0.212109 0.480957 0.203906 0.491211 0.200391 0.493652 0.192578 0.504883 0.184766 0.519531 0.184375 0.526367 0.185156 0.52832 0.189062 0.528809 0.192969 0.520996 0.205078 0.505859 0.207813 0.499512 0.213281 0.491211 0.214844 0.486816
2 0.173047 0.457031 0.173437 0.460938 0.175 0.462891 0.184766 0.470703 0.198047 0.475586 0.207031 0.475586 0.216406 0.474121 0.221094 0.471191 0.222266 0.467773 0.221484 0.463867 0.217188 0.461426 0.208594 0.461426 0.189062 0.458984 0.179297 0.456055 0.174609 0.456055
1 0.236719 0.709473 0.232031 0.709473 0.225781 0.71582 0.217969 0.734863 0.217188 0.742188 0.218359 0.758789 0.219922 0.765137 0.223438 0.768555 0.227344 0.767578 0.229297 0.764648 0.228516 0.758301 0.23125 0.725098 0.232422 0.720215 0.237109 0.711426
1 0.747266 0.773438 0.74375 0.775879 0.742578 0.779785 0.741406 0.804199 0.742578 0.812988 0.744922 0.818848 0.746875 0.829102 0.749219 0.831543 0.751953 0.832031 0.753125 0.830078 0.754297 0.823242 0.754297 0.817383 0.755859 0.808594 0.755859 0.800293 0.752344 0.775879 0.751563 0.774414
1 0.753516 0 0.735938 0 0.735938 0.00146484 0.733984 0.00292969 0.725 0.00537109 0.715625 0.0102539 0.712891 0.0131836 0.711719 0.0180664 0.713672 0.0214844 0.716797 0.0224609 0.726562 0.0219727 0.738281 0.0185547 0.746484 0.0131836 0.752734 0.00439453
1 0.578125 0.553711 0.58125 0.560059 0.590625 0.570312 0.601953 0.574219 0.610156 0.573242 0.612891 0.570312 0.611719 0.563477 0.608203 0.560547 0.585547 0.553223 0.579297 0.552734
1 0.970703 0.916504 0.96875 0.914551 0.961719 0.913086 0.958594 0.911133 0.947266 0.908691 0.940234 0.916016 0.927344 0.923828 0.926172 0.925293 0.925391 0.930176 0.929297 0.930664 0.947656 0.924805 0.96875 0.921387 0.970313 0.92041
1 0.836328 0.0991211 0.837109 0.101074 0.847656 0.109863 0.863672 0.119629 0.871875 0.121582 0.880469 0.121582 0.883203 0.119629 0.882812 0.114746 0.88125 0.112305 0.866406 0.104004 0.851562 0.101074 0.841797 0.097168 0.838281 0.0976562
1 0.0746094 0.0205078 0.0769531 0.0209961 0.0921875 0.00244141 0.0921875 0 0.075 0 0.075 0.00292969 0.0722656 0.012207 0.0730469 0.0170898
1 0.129297 0.925781 0.127344 0.923828 0.121094 0.92334 0.107031 0.924316 0.0894531 0.932129 0.0859375 0.93457 0.0855469 0.936523 0.0871094 0.939453 0.102734 0.939941 0.112109 0.937988 0.127344 0.932617 0.129297 0.930176
1 0.990234 0.694824 0.986719 0.694824 0.985156 0.696289 0.981641 0.714355 0.98125 0.73291 0.982812 0.740723 0.983203 0.750977 0.985156 0.753418 0.987109 0.752441 0.990234 0.744141 0.993359 0.727051 0.992969 0.703613 0.991406 0.696289
1 0.584766 0.890137 0.580859 0.888184 0.578906 0.888184 0.575781 0.890137 0.574219 0.897461 0.571484 0.902344 0.569531 0.911621 0.562891 0.920898 0.555078 0.936035 0.552344 0.939453 0.551953 0.946289 0.553516 0.946289 0.561328 0.939453 0.569922 0.929688 0.575391 0.92041 0.580469 0.915527 0.582031 0.910645 0.582422 0.90332 0.585156 0.895508 0.585547 0.891602
1 0.940234 0.774414 0.937891 0.775391 0.934766 0.779785 0.932813 0.806641 0.935156 0.824219 0.938281 0.828125 0.939844 0.828125 0.942969 0.822266 0.946484 0.809082 0.948047 0.79541 0.948047 0.789062 0.944141 0.777832
1 0.791406 0.0229492 0.786719 0.0253906 0.784375 0.0302734 0.773438 0.0449219 0.767578 0.0605469 0.767188 0.0668945 0.768359 0.0683594 0.772266 0.0693359 0.774609 0.0673828 0.784375 0.0522461 0.789453 0.0419922 0.792188 0.0332031 0.792969 0.0258789
1 0.482812 0.45752 0.481641 0.459961 0.480859 0.492188 0.482422 0.499023 0.487109 0.509766 0.489063 0.512207 0.491797 0.512207 0.494141 0.510254 0.494922 0.506348 0.494922 0.476074 0.488672 0.460938 0.486328 0.458496
2 0.663672 0.928223 0.666016 0.931152 0.673828 0.931641 0.677344 0.933105 0.692969 0.932617 0.704688 0.930176 0.708984 0.928223 0.711719 0.925293 0.711719 0.920898 0.708984 0.918457 0.684766 0.916504 0.676172 0.918945 0.669531 0.918945 0.667188 0.919922 0.664062 0.923828
2 0.521094 0.406738 0.521094 0.413086 0.528906 0.419922 0.543359 0.424805 0.55 0.424805 0.551562 0.42334 0.551562 0.421387 0.549219 0.41748 0.535937 0.40918 0.526563 0.405273 0.523438 0.405273
2 0.306641 0.241699 0.303516 0.245605 0.303516 0.249512 0.307422 0.270508 0.307812 0.316406 0.309766 0.320312 0.311328 0.320312 0.314063 0.316895 0.319141 0.300293 0.320312 0.28125 0.316797 0.26416 0.313281 0.256348 0.312109 0.246582 0.310156 0.243164
2 0.290625 0.76123 0.287109 0.760742 0.285156 0.764648 0.285156 0.774414 0.283594 0.790527 0.275781 0.819336 0.275391 0.822754 0.276562 0.824219 0.279687 0.824219 0.291016 0.804199 0.29375 0.79541 0.29375 0.773438 0.292578 0.764648
2 0.558984 0.513184 0.557813 0.516113 0.558984 0.518555 0.560937 0.539551 0.564063 0.554688 0.567578 0.563477 0.570312 0.566406 0.571094 0.569336 0.573047 0.570312 0.573828 0.569824 0.572656 0.559082 0.571094 0.554199 0.569141 0.540039 0.566797 0.532227 0.565625 0.52002 0.563281 0.514648 0.561328 0.513184
2 0.783984 0.416016 0.778516 0.416016 0.775391 0.42041 0.771094 0.432129 0.768359 0.449219 0.765234 0.455566 0.760938 0.461426 0.760938 0.463867 0.762109 0.46582 0.768359 0.464355 0.778516 0.452148 0.782031 0.441895 0.784766 0.427734 0.785156 0.417969
2 0.306641 0.725098 0.305078 0.728516 0.305469 0.753418 0.314063 0.775391 0.317188 0.77832 0.319141 0.77832 0.321484 0.774902 0.321484 0.771973 0.319141 0.76123 0.318359 0.75293 0.315625 0.742676 0.312109 0.733887
2 0.782422 0.134277 0.779297 0.136719 0.777734 0.144531 0.778125 0.15918 0.779297 0.164062 0.784766 0.174805 0.792188 0.185059 0.795312 0.187988 0.799609 0.188477 0.800781 0.185547 0.800391 0.179199 0.789062 0.158203 0.783984 0.135742
2 0.377734 0.400879 0.377344 0.403809 0.380078 0.407715 0.391406 0.419922 0.401172 0.42627 0.408984 0.433105 0.411328 0.434082 0.413672 0.433105 0.414062 0.430664 0.412109 0.42334 0.398828 0.410156 0.392969 0.402832 0.384766 0.397461 0.380859 0.397461
2 0.730859 0.0654297 0.728906 0.0639648 0.723437 0.0639648 0.708594 0.0717773 0.692969 0.090332 0.688672 0.0986328 0.688672 0.100098 0.690234 0.101074 0.69375 0.0996094 0.696875 0.0957031 0.701953 0.0927734 0.707812 0.0869141 0.721875 0.0776367 0.729297 0.0708008
2 0.580078 0.924805 0.580078 0.927246 0.582812 0.929688 0.599219 0.928711 0.611719 0.932129 0.61875 0.937012 0.622656 0.935547 0.621094 0.929688 0.617188 0.92334 0.612109 0.917969 0.608203 0.916016 0.598047 0.915527 0.592187 0.916992 0.583594 0.92041
2 0.0933594 0.808594 0.0953125 0.812988 0.117188 0.823242 0.121875 0.824219 0.135937 0.824219 0.141797 0.822754 0.1375 0.817383 0.107813 0.806152 0.096875 0.804688 0.0949219 0.805664
2 0.857422 0.958984 0.853516 0.959961 0.849219 0.965332 0.846094 0.974609 0.845703 0.980957 0.846875 1 0.855469 1 0.855859 0.998535 0.854297 0.972656
2 0.542188 0.662598 0.542188 0.66748 0.546484 0.671875 0.553516 0.682129 0.558984 0.685547 0.564453 0.687012 0.576172 0.687012 0.588281 0.685059 0.590234 0.682617 0.589453 0.680176 0.580469 0.67627 0.570703 0.677734 0.560937 0.677734 0.555469 0.67334 0.548047 0.660645 0.544531 0.659668
2 0.661719 0.525879 0.658203 0.525391 0.639062 0.55957 0.6375 0.567383 0.638281 0.570312 0.643359 0.569824 0.652344 0.558105 0.662109 0.537109 0.662891 0.527832
2 0.897266 0.218262 0.894141 0.217773 0.890234 0.219238 0.864062 0.238281 0.857422 0.245605 0.85625 0.250488 0.856641 0.252441 0.862109 0.253418 0.873047 0.248047 0.879687 0.241211 0.885156 0.237305 0.897266 0.223145
2 0.430859 0.384277 0.428906 0.388184 0.428516 0.394531 0.430078 0.422363 0.431641 0.425293 0.435547 0.42627 0.437891 0.423828 0.437109 0.404785 0.432422 0.385742
2 0.134375 0.0600586 0.13125 0.0610352 0.129688 0.0639648 0.126172 0.0795898 0.117578 0.104004 0.117578 0.111328 0.122266 0.114258 0.126953 0.113281 0.132031 0.106934 0.135156 0.101074 0.140234 0.0864258 0.136719 0.065918
2 0.825 0.361816 0.824219 0.365234 0.8375 0.39209 0.849609 0.410156 0.853906 0.412109 0.856641 0.407715 0.842969 0.382812 0.826953 0.361816
2 0.571094 0.265137 0.571875 0.269043 0.574219 0.272461 0.587891 0.280762 0.603516 0.28418 0.608203 0.283691 0.609766 0.282227 0.608984 0.279785 0.595703 0.270508 0.572656 0.263184
2 0.813281 0.11377 0.812891 0.112793 0.811719 0.111816 0.805078 0.111816 0.804688 0.112305 0.803125 0.112305 0.801172 0.113281 0.797656 0.11377 0.794922 0.116211 0.790625 0.116211 0.785937 0.118164 0.779687 0.123047 0.779297 0.124512 0.779297 0.128906 0.779687 0.129883 0.780469 0.129883 0.780859 0.129395 0.783984 0.129395 0.784375 0.128906 0.787891 0.128906 0.788281 0.128418 0.792969 0.12793 0.793359 0.127441 0.799219 0.127441 0.801562 0.126465 0.804297 0.123535 0.810547 0.120605 0.811719 0.119141 0.813281 0.115234
2 0.326953 0.103516 0.325391 0.103516 0.324219 0.10498 0.322266 0.105957 0.308594 0.12207 0.305469 0.124512 0.303906 0.126465 0.303906 0.128906 0.305469 0.129883 0.306641 0.129883 0.308984 0.128418 0.310937 0.12793 0.317969 0.12207 0.326953 0.111328 0.328125 0.108398 0.328125 0.105469
