1 0.19375 0.118652 0.19375 0.121094 0.196094 0.124023 0.201953 0.128418 0.204297 0.129395 0.210938 0.129395 0.212891 0.12793 0.212891 0.123535 0.208984 0.118652 0.201172 0.11377 0.196094 0.115723
1 0.357031 0.256348 0.353516 0.254395 0.345703 0.259766 0.339844 0.267578 0.338672 0.270508 0.339453 0.275391 0.343359 0.276367 0.350391 0.271973 0.354297 0.268066 0.357031 0.262207
1 0.171094 0.332031 0.169531 0.331055 0.160938 0.338379 0.153125 0.34082 0.151172 0.343262 0.151562 0.346191 0.153516 0.348633 0.157031 0.350586 0.163281 0.350098 0.167187 0.34668 0.171094 0.34082 0.171875 0.337402
1 0.178906 0.255859 0.180078 0.262207 0.1875 0.271973 0.191016 0.272949 0.194141 0.272461 0.196875 0.270508 0.196875 0.266113 0.189453 0.256836 0.185156 0.254395 0.18125 0.254395
1 0.221875 0.109375 0.219531 0.113281 0.219922 0.119629 0.221875 0.125 0.228125 0.131836 0.232031 0.130859 0.232813 0.129395 0.232422 0.125488 0.229297 0.11377 0.225 0.108398
2 0.523047 0.33252 0.523438 0.334473 0.525781 0.336426 0.535547 0.337402 0.542578 0.334473 0.544141 0.330078 0.543359 0.328125 0.540625 0.32666 0.528125 0.326172 0.523828 0.328125
2 0.787109 0.806152 0.783594 0.807617 0.782031 0.810547 0.780859 0.818359 0.782813 0.821289 0.786328 0.819824 0.788672 0.814453 0.789062 0.808105
2 0.43543 0.441357 0.434375 0.447754 0.442969 0.455078 0.449609 0.462891 0.451953 0.463867 0.453125 0.462402 0.453125 0.458008 0.451562 0.453613 0.442969 0.444336 0.439453 0.441895
1 0.905469 0.627441 0.90625 0.633789 0.9125 0.63916 0.919141 0.641602 0.923438 0.641602 0.925391 0.638184 0.924609 0.631836 0.919531 0.626465 0.910156 0.625488
1 0.775781 0.480469 0.777344 0.484375 0.781641 0.486328 0.791797 0.486328 0.794922 0.484863 0.796484 0.482422 0.796094 0.479004 0.791797 0.475586 0.783594 0.476074 0.778516 0.478027
1 0.939844 0.492188 0.937891 0.495605 0.938672 0.511719 0.939453 0.516113 0.941016 0.519043 0.944141 0.520996 0.946484 0.515625 0.946094 0.498535 0.944141 0.493164
2 0.582422 0.109375 0.583203 0.115234 0.5875 0.118652 0.591406 0.118652 0.592969 0.116699 0.593359 0.112793 0.592187 0.109863 0.5875 0.10791 0.583594 0.10791
1 0.765078 0.391016 0.758672 0.391455 0.75375 0.403564 0.754023 0.412109 0.756797 0.413086 0.761484 0.408887 0.766016 0.399658
1 0.343359 0.856445 0.34375 0.859863 0.345313 0.862793 0.351953 0.866699 0.361719 0.866699 0.364844 0.862793 0.364063 0.857422 0.362109 0.85498 0.356641 0.852539 0.348828 0.852539
1 0.443359 0.144043 0.440625 0.147461 0.439844 0.150391 0.439844 0.155762 0.441016 0.160645 0.444531 0.166992 0.450781 0.167969 0.452344 0.166504 0.453125 0.162598 0.45 0.15332 0.448828 0.145996 0.446875 0.143555
1 0.768359 0.757324 0.763281 0.757812 0.757031 0.767578 0.75625 0.773438 0.758203 0.777344 0.759766 0.77832 0.762891 0.777344 0.767188 0.772461 0.770312 0.765137 0.770312 0.759766
1 0.741406 0.915039 0.738672 0.916016 0.735547 0.92041 0.733594 0.928223 0.735156 0.935059 0.739453 0.938477 0.741797 0.936523 0.744922 0.924805 0.744922 0.918945 0.743359 0.916016
1 0.0792969 0.681641 0.078125 0.687012 0.0855469 0.698242 0.090625 0.703125 0.0925781 0.703613 0.0953125 0.70166 0.0953125 0.698242 0.0921875 0.688965 0.0890625 0.685059 0.084375 0.681641
1 0.0253906 0.319336 0.0265625 0.325195 0.0320312 0.32959 0.040625 0.33252 0.046875 0.332031 0.0496094 0.32959 0.0484375 0.325195 0.0367188 0.318848 0.0285156 0.316406
1 0.838672 0.833496 0.838672 0.838379 0.840234 0.842285 0.844922 0.847168 0.849219 0.847656 0.853516 0.844238 0.853906 0.84082 0.852734 0.837891 0.848828 0.833496 0.842578 0.831055 0.840234 0.831543
1 0.859766 0.805176 0.856641 0.803223 0.849219 0.803711 0.844531 0.807617 0.843359 0.813477 0.846484 0.817383 0.850391 0.817383 0.855469 0.814453 0.859766 0.80957
1 0.758203 0.652344 0.756641 0.650391 0.752344 0.650391 0.742578 0.654785 0.739453 0.657227 0.738672 0.663086 0.739453 0.664551 0.741406 0.665039 0.755469 0.661133 0.758984 0.657715
1 0.646875 0.338867 0.646875 0.343262 0.648438 0.345703 0.65625 0.349609 0.658984 0.349609 0.666016 0.344238 0.664062 0.339355 0.653906 0.334961 0.649609 0.335938
1 0.862109 0.958496 0.857031 0.958008 0.851953 0.962402 0.850391 0.96582 0.85 0.971191 0.850781 0.974609 0.852344 0.976562 0.854297 0.977051 0.856641 0.976074 0.860156 0.972168 0.862891 0.964355 0.862891 0.959473
1 0.533203 0.146484 0.526563 0.145996 0.523438 0.147461 0.519531 0.152832 0.517578 0.157715 0.517578 0.163574 0.520312 0.166016 0.522656 0.166016 0.524609 0.164551 0.532813 0.153809 0.534375 0.149902
1 0.448828 0.11377 0.449219 0.116211 0.462109 0.130371 0.467187 0.130859 0.467969 0.129883 0.467969 0.121582 0.466406 0.118164 0.463281 0.114746 0.45625 0.111328 0.451172 0.111328
1 0.577734 0.228027 0.580078 0.22998 0.591016 0.229492 0.599609 0.227051 0.598437 0.22168 0.591797 0.218262 0.5875 0.218262 0.581641 0.220215 0.578516 0.222656
1 0.660547 0.447754 0.660547 0.45166 0.662891 0.453125 0.675781 0.453613 0.678906 0.452148 0.677344 0.446289 0.671094 0.442383 0.665234 0.443359 0.661328 0.445801
1 0.398047 0.578613 0.399219 0.583496 0.404687 0.589355 0.410547 0.591309 0.413281 0.591309 0.416406 0.589355 0.416016 0.586426 0.407422 0.577148 0.402734 0.575684 0.4 0.576172
1 0.432422 0.433105 0.430859 0.433105 0.428516 0.435547 0.425 0.445801 0.424609 0.452637 0.427344 0.458008 0.429688 0.458008 0.432031 0.456543 0.435156 0.446777 0.435547 0.440918 0.434375 0.436035
1 0.564453 0.570312 0.563672 0.574707 0.567578 0.580078 0.570703 0.58252 0.578906 0.585938 0.580859 0.585938 0.583594 0.583496 0.583984 0.578613 0.580859 0.575195 0.56875 0.569336
1 0.784375 0.495117 0.780859 0.491699 0.775391 0.491699 0.766016 0.496094 0.764844 0.500488 0.767578 0.504883 0.772266 0.506348 0.781641 0.500977 0.783594 0.498535
1 0.909766 0.875488 0.909766 0.877441 0.911719 0.880859 0.919531 0.884766 0.923828 0.885254 0.927344 0.884277 0.930078 0.881348 0.929297 0.877441 0.927734 0.875488 0.920312 0.87207 0.9125 0.87207
1 0.657422 0.352539 0.654687 0.359375 0.654297 0.369629 0.655469 0.373047 0.660547 0.379883 0.663672 0.380371 0.666016 0.37793 0.666016 0.372559 0.663281 0.359375 0.658984 0.352539
1 0.735547 0.563477 0.73125 0.5625 0.727344 0.564453 0.721875 0.573242 0.721094 0.57959 0.723047 0.581543 0.725391 0.581543 0.733203 0.577148 0.735156 0.574219 0.736328 0.569824
1 0.423828 0.383301 0.420312 0.384766 0.416406 0.388184 0.411719 0.394531 0.410156 0.397949 0.410547 0.401367 0.411719 0.40332 0.416797 0.403809 0.420703 0.401367 0.425781 0.394043 0.425781 0.387695
1 0.876563 0.0810547 0.874609 0.0795898 0.870703 0.0805664 0.863281 0.0893555 0.863281 0.09375 0.866406 0.0956055 0.873398 0.0957031 0.876172 0.0917969 0.877734 0.0883789 0.877734 0.0839844
1 0.609375 0.504395 0.608984 0.507324 0.609766 0.510742 0.615625 0.518066 0.623828 0.519043 0.626953 0.516602 0.627344 0.510742 0.625391 0.507812 0.615625 0.50293 0.612109 0.50293
1 0.841016 0.763672 0.841016 0.769043 0.844531 0.773926 0.852344 0.780273 0.856641 0.780273 0.858203 0.778809 0.857812 0.772949 0.851562 0.765625 0.846484 0.763184
1 0.258594 0.597168 0.258984 0.599609 0.260937 0.601562 0.266797 0.604492 0.270703 0.60498 0.276172 0.604492 0.277344 0.603027 0.278125 0.599121 0.277734 0.597168 0.275 0.594238 0.265625 0.592285 0.260156 0.59375
1 0.842187 0.0957031 0.841016 0.0986328 0.841406 0.101562 0.847266 0.10791 0.853906 0.111816 0.857812 0.112305 0.86168 0.112305 0.86168 0.107129 0.85625 0.0996094 0.848828 0.0942383 0.844141 0.0942383
1 0.725391 0 0.725391 0.0078125 0.729688 0.0131836 0.732812 0.0224609 0.735156 0.0253906 0.737109 0.0253906 0.739844 0.0214844 0.739844 0.00830078 0.737109 0.00195312 0.737109 0
1 0.864844 0.37793 0.864062 0.382812 0.871875 0.393066 0.875 0.394531 0.878125 0.394531 0.880078 0.393066 0.880078 0.383789 0.876563 0.378418 0.871875 0.375977 0.868359 0.375977
1 0.684766 0.544922 0.68125 0.548828 0.682031 0.562012 0.683594 0.569824 0.685156 0.571777 0.689063 0.571777 0.690625 0.568359 0.691406 0.558594 0.688281 0.54834 0.686328 0.54541
1 0.842187 0.37793 0.842578 0.380859 0.844531 0.383301 0.852734 0.386719 0.859766 0.387695 0.8625 0.384277 0.860156 0.379883 0.853906 0.375 0.846094 0.374512 0.843359 0.375977
1 0.532813 0.635742 0.530469 0.634277 0.526563 0.634766 0.523828 0.63623 0.521094 0.639648 0.518359 0.646484 0.519531 0.652832 0.520703 0.653809 0.525 0.65332 0.529297 0.650879 0.532031 0.647949 0.533984 0.64209
1 0.797266 0.558594 0.794141 0.5625 0.793359 0.570312 0.798047 0.583008 0.800391 0.583008 0.803516 0.580078 0.805078 0.574707 0.805469 0.569336 0.803516 0.563477 0.799609 0.558594
1 0.751563 0.389648 0.748047 0.389648 0.746484 0.393066 0.746094 0.412598 0.748047 0.414551 0.751563 0.414062 0.753086 0.407324 0.754297 0.398438 0.753125 0.392578
1 0.723047 0.827148 0.720703 0.824707 0.713672 0.824707 0.707031 0.829102 0.704688 0.832031 0.704688 0.833984 0.708203 0.837891 0.716016 0.836914 0.721875 0.833008
1 0.946875 0.691406 0.945703 0.695312 0.946484 0.710449 0.949609 0.714844 0.952734 0.715332 0.955078 0.712402 0.955078 0.706055 0.953125 0.695312 0.951172 0.691895
1 0.5375 0.050293 0.534375 0.0478516 0.525781 0.0493164 0.521094 0.0541992 0.520312 0.0610352 0.521094 0.0620117 0.526563 0.0620117 0.533984 0.0585938 0.536719 0.0561523
1 0.931641 0.0361328 0.928125 0.0366211 0.926172 0.0415039 0.925 0.0522461 0.925391 0.0561523 0.927734 0.0610352 0.93125 0.0595703 0.932461 0.0532227 0.933164 0.0433594 0.932813 0.0380859
1 0.934766 0.276855 0.93125 0.28125 0.930078 0.293945 0.932031 0.298828 0.936328 0.300293 0.938281 0.296387 0.939453 0.283691 0.938281 0.278809 0.936328 0.276855
1 0.403125 0.506836 0.402344 0.51123 0.407031 0.52002 0.414844 0.521973 0.420312 0.520996 0.419922 0.515625 0.416406 0.509277 0.408203 0.505859 0.403906 0.505859
1 0.376172 0.0361328 0.377734 0.0429688 0.382812 0.0498047 0.389062 0.0527344 0.392188 0.0527344 0.395313 0.050293 0.395703 0.0454102 0.387109 0.0375977 0.382031 0.034668 0.378516 0.034668
1 0.0644531 0.0356445 0.0632812 0.0371094 0.0628906 0.0429688 0.0664062 0.0517578 0.0679687 0.0605469 0.0703125 0.0620117 0.0726563 0.0620117 0.0738281 0.0610352 0.0753906 0.0561523 0.0746094 0.0458984 0.0726563 0.0415039 0.0691406 0.0371094
1 0.881641 0.0966797 0.880078 0.0961914 0.877344 0.0976562 0.872969 0.0999512 0.867227 0.102734 0.863281 0.109375 0.863281 0.11084 0.865234 0.112793 0.873047 0.112793 0.875781 0.111328 0.882422 0.100098
1 0.776563 0.297852 0.776563 0.300781 0.777734 0.303223 0.783203 0.308594 0.787891 0.309082 0.791016 0.306152 0.790625 0.303223 0.787891 0.299805 0.782813 0.296387 0.778125 0.29541
1 0.553516 0.289551 0.550391 0.289062 0.546875 0.290039 0.539062 0.299316 0.539844 0.306152 0.541016 0.307129 0.545703 0.307129 0.548438 0.305176 0.553516 0.295898
1 0.737891 0.730469 0.7375 0.73584 0.742578 0.745605 0.751172 0.756348 0.753906 0.755859 0.754687 0.754883 0.754687 0.748535 0.751953 0.740723 0.747656 0.735352 0.741406 0.72998 0.739453 0.729492
1 0.666406 0.807129 0.667188 0.810547 0.669922 0.813965 0.676562 0.816895 0.683203 0.81543 0.685937 0.812988 0.687109 0.80957 0.686719 0.807129 0.685547 0.806152 0.66875 0.804199
1 0.620313 0.619141 0.619531 0.621094 0.620313 0.624512 0.630078 0.634766 0.634766 0.637695 0.639453 0.637695 0.640234 0.636719 0.640625 0.631836 0.6375 0.626953 0.626172 0.618652 0.621484 0.618164
1 0.494141 0.558594 0.492969 0.561035 0.492969 0.567383 0.49375 0.569824 0.498828 0.575195 0.503125 0.577637 0.506641 0.578125 0.508203 0.575195 0.506641 0.570312 0.498437 0.559082
1 0.763281 0.0375977 0.760547 0.0351562 0.754687 0.0356445 0.746875 0.0385742 0.744141 0.0424805 0.744922 0.0454102 0.747266 0.0473633 0.757422 0.0473633 0.760547 0.0458984 0.763281 0.0429688
1 0.666406 0.951172 0.663281 0.95459 0.661719 0.960938 0.661719 0.966309 0.663281 0.970703 0.665625 0.973633 0.670312 0.975586 0.671484 0.97168 0.672266 0.955078 0.671094 0.952637
1 0.482812 0.813965 0.480469 0.817871 0.480469 0.823242 0.483203 0.829102 0.486328 0.832031 0.491016 0.83252 0.494531 0.831543 0.496094 0.829102 0.495312 0.822754 0.487109 0.813965
1 0.692187 0.078125 0.689453 0.0756836 0.685937 0.0756836 0.682031 0.078125 0.679297 0.081543 0.675391 0.0893555 0.675391 0.0952148 0.678516 0.097168 0.685547 0.0927734 0.692187 0.0854492 0.692969 0.0825195
1 0.382422 0.641602 0.381641 0.647949 0.375781 0.65625 0.373828 0.657227 0.367188 0.657227 0.364453 0.655273 0.364453 0.650391 0.370312 0.646484 0.374219 0.64209 0.378906 0.640137 0.38125 0.640137
1 0.199219 0.0722656 0.198828 0.0771484 0.200391 0.0810547 0.212109 0.0864258 0.214453 0.0864258 0.216797 0.0849609 0.216016 0.078125 0.213672 0.074707 0.209766 0.0717773 0.201172 0.0703125
1 0.710156 0.524414 0.707812 0.524414 0.705859 0.525879 0.703125 0.529785 0.701562 0.534668 0.702344 0.545898 0.704688 0.548828 0.707031 0.547852 0.709375 0.542969 0.712109 0.529785 0.711719 0.526855
1 0.928516 0.661621 0.929297 0.666016 0.932813 0.667969 0.941797 0.668945 0.945312 0.666504 0.944922 0.661133 0.942969 0.65918 0.939063 0.657715 0.931641 0.657715
1 0.590234 0.485352 0.589844 0.491699 0.592187 0.494141 0.598828 0.496094 0.603516 0.496094 0.607031 0.494629 0.608203 0.492676 0.607812 0.48584 0.600391 0.480957 0.594531 0.481445
1 0.779297 0.739258 0.780859 0.745605 0.783594 0.748047 0.789453 0.748535 0.796094 0.745117 0.794922 0.739258 0.788281 0.73584 0.783203 0.736328
1 0.510547 0.5 0.511328 0.503418 0.517578 0.506836 0.525781 0.506836 0.529297 0.504883 0.528906 0.5 0.526172 0.496094 0.524219 0.495117 0.517188 0.495117 0.512891 0.49707
1 0.703125 0.782227 0.703125 0.784668 0.705859 0.786621 0.721875 0.785156 0.724609 0.783691 0.725 0.778809 0.724219 0.777344 0.720313 0.775391 0.712891 0.775391 0.708203 0.776367 0.705078 0.77832
1 0.800391 0.762207 0.799219 0.765137 0.803516 0.773926 0.809375 0.778809 0.814063 0.780762 0.815234 0.778809 0.814844 0.773438 0.812109 0.76709 0.803906 0.761719
2 0.912109 0.563477 0.9125 0.565918 0.916406 0.568848 0.924219 0.568848 0.926172 0.565918 0.925781 0.561523 0.923047 0.559082 0.917188 0.55957 0.914844 0.560547
1 0.683203 0 0.683203 0.00195312 0.684375 0.00634766 0.6875 0.0107422 0.690234 0.0131836 0.692578 0.0146484 0.696094 0.0146484 0.697266 0.0141602 0.699219 0.0107422 0.699219 0.00830078 0.698438 0.00537109 0.696094 0.00146484 0.696094 0
1 0.003125 0.978516 0.00351563 0.980469 0.00507813 0.982422 0.00664062 0.983398 0.0121094 0.983887 0.0125 0.984375 0.0214844 0.983398 0.0230469 0.981934 0.0238281 0.979492 0.0238281 0.978027 0.0226562 0.976074 0.0210938 0.975098 0.0179687 0.974609 0.0175781 0.974121 0.00742187 0.974121 0.00703125 0.974609 0.00546875 0.974609 0.00351563 0.977051
