1 0.913281 0.173828 0.910937 0.177246 0.910937 0.184082 0.915234 0.198242 0.919531 0.205078 0.923828 0.205078 0.926172 0.202637 0.927734 0.19873 0.925781 0.183594 0.918359 0.174316 0.916797 0.17334
1 0.530469 0.80127 0.528906 0.800293 0.525391 0.800781 0.517578 0.805176 0.507031 0.821777 0.507422 0.827637 0.508984 0.829102 0.512891 0.828613 0.522266 0.819336 0.529297 0.808594 0.530859 0.804688
2 0.53125 0.163574 0.530078 0.162598 0.526953 0.162598 0.521875 0.165527 0.517578 0.166504 0.511328 0.169922 0.509492 0.174561 0.511875 0.178906 0.517266 0.179688 0.522148 0.176416 0.526953 0.170898 0.53125 0.167969
1 0.537109 0.175293 0.535937 0.177246 0.535937 0.180664 0.538281 0.188965 0.541016 0.192383 0.544922 0.192871 0.546094 0.19043 0.546094 0.186523 0.544531 0.182129 0.541406 0.176758
1 0.119531 0.237793 0.122266 0.241211 0.125781 0.242188 0.134766 0.240723 0.137891 0.237793 0.140234 0.23291 0.140234 0.230469 0.138281 0.228516 0.123438 0.229004 0.119922 0.232422
1 0.176953 0.754395 0.176953 0.76123 0.181836 0.765625 0.189062 0.771484 0.194141 0.769531 0.194922 0.766602 0.194531 0.762695 0.185938 0.753906 0.182812 0.752441 0.179688 0.752441
1 0.304961 0.790137 0.311328 0.793457 0.318359 0.797363 0.332148 0.798193 0.332891 0.791748 0.326172 0.787598 0.323437 0.786133 0.313672 0.785156 0.307266 0.787598
1 0.361328 0.168945 0.362109 0.172363 0.369531 0.172852 0.374922 0.173633 0.382031 0.174316 0.386797 0.174756 0.391367 0.174463 0.393164 0.172607 0.390586 0.168311 0.38707 0.164893 0.381602 0.16333 0.377891 0.162598 0.373203 0.162646 0.369766 0.163916 0.365234 0.165527
1 0.0484375 0.77832 0.0449219 0.777832 0.0371094 0.789551 0.0359375 0.796875 0.0359375 0.806152 0.0375 0.809082 0.0417969 0.809082 0.0480469 0.793457
1 0.0835937 0.168457 0.0847656 0.170898 0.0867187 0.171875 0.0988281 0.170898 0.109766 0.171387 0.1125 0.169434 0.1125 0.16748 0.110547 0.165527 0.100781 0.160645 0.0960938 0.160645 0.0914062 0.162109
1 0.752734 0.67041 0.752734 0.673828 0.755469 0.678223 0.769922 0.683594 0.772656 0.683594 0.775391 0.681152 0.775391 0.674805 0.771875 0.670898 0.760156 0.666504 0.75625 0.666504
1 0.891406 0.432129 0.892188 0.437988 0.894531 0.442871 0.898828 0.446289 0.908594 0.446289 0.912891 0.442871 0.914453 0.438477 0.914062 0.436035 0.911719 0.434082 0.905469 0.432617 0.897656 0.428223 0.895703 0.428223 0.892578 0.430176
1 0.647656 0.172363 0.647656 0.174316 0.649609 0.177734 0.660937 0.180664 0.671094 0.178223 0.676172 0.174805 0.676172 0.171875 0.674219 0.169434 0.666797 0.16748 0.65 0.168457
1 0.281797 0.78418 0.283945 0.790137 0.287109 0.79541 0.293359 0.803223 0.298828 0.804688 0.307031 0.804688 0.311055 0.801318 0.301172 0.792969 0.291406 0.785889 0.286797 0.782471
1 0.271094 0.776367 0.269141 0.779297 0.269141 0.785645 0.270703 0.791992 0.275781 0.79834 0.278516 0.799805 0.280859 0.799316 0.282422 0.796875 0.282422 0.791504 0.28125 0.786133 0.274609 0.777344 0.272266 0.775879
1 0.732031 0.172363 0.730078 0.170898 0.724609 0.170898 0.721875 0.172363 0.714063 0.181152 0.712109 0.186035 0.712109 0.188965 0.714844 0.19043 0.717578 0.19043 0.724219 0.187012 0.729688 0.179199 0.732031 0.174316
1 0.0296875 0.173828 0.0300781 0.178223 0.0472656 0.185059 0.05 0.185059 0.0527344 0.183594 0.0542969 0.179688 0.0542969 0.177246 0.0515625 0.171875 0.0492187 0.169434 0.0457031 0.167969 0.0363281 0.167969 0.03125 0.171387
1 0.942578 0.105469 0.935547 0.0991211 0.927734 0.0991211 0.919141 0.10498 0.916406 0.109375 0.916406 0.114258 0.919531 0.117676 0.922656 0.117188 0.929688 0.112793 0.941406 0.110352 0.942578 0.109375
1 0.374414 0.164209 0.380352 0.168994 0.38082 0.175391 0.383789 0.179004 0.388281 0.184131 0.39125 0.176123 0.389844 0.17041 0.389844 0.168018 0.3875 0.164062 0.382305 0.158838 0.374609 0.151367 0.371875 0.151367 0.369922 0.15332 0.369492 0.161768
1 0.470664 0.178613 0.468828 0.180762 0.46418 0.181689 0.458711 0.182471 0.453906 0.181641 0.45207 0.180371 0.449102 0.179395 0.4475 0.177588 0.447813 0.175 0.450781 0.173828 0.453789 0.175195 0.459258 0.175293 0.463359 0.174561 0.469531 0.175488 0.471055 0.176221
1 0.127734 0.216309 0.128125 0.219727 0.130469 0.222656 0.141406 0.226074 0.152734 0.224609 0.157812 0.22168 0.158984 0.219238 0.158594 0.216309 0.144922 0.212891 0.129688 0.213379
1 0.638672 0.402832 0.635547 0.403809 0.622656 0.422852 0.621094 0.431152 0.622656 0.43457 0.627734 0.43457 0.632031 0.427734 0.635156 0.425781 0.638281 0.421875 0.639844 0.41748 0.640234 0.406738
1 0.982812 0.708008 0.979297 0.705078 0.975 0.705078 0.968359 0.709473 0.958984 0.719238 0.958594 0.721191 0.960156 0.725098 0.965625 0.72998 0.969141 0.729492 0.974609 0.726074 0.982812 0.716797 0.983984 0.711426
1 0.457422 0.157715 0.454297 0.156738 0.446875 0.162109 0.440625 0.169434 0.438672 0.17334 0.4375 0.180176 0.434766 0.187012 0.435547 0.188965 0.439453 0.187988 0.444141 0.18457 0.450781 0.174805 0.454414 0.169971 0.457422 0.164551 0.458203 0.159668
1 0.477383 0.169434 0.473047 0.16748 0.462891 0.168945 0.454336 0.169873 0.452227 0.174268 0.455039 0.174854 0.461797 0.175195 0.468281 0.174414 0.475781 0.17334
1 0.526172 0.144043 0.525391 0.143066 0.520703 0.143555 0.512891 0.147949 0.50625 0.162598 0.50625 0.165527 0.512891 0.167969 0.516406 0.165527 0.526172 0.149414
1 0.258594 0.395508 0.257031 0.392578 0.248047 0.388672 0.243359 0.38916 0.238672 0.39209 0.230078 0.401855 0.230078 0.405762 0.231641 0.408691 0.236328 0.40918 0.24375 0.404785 0.25625 0.401367 0.258594 0.398926
1 0.505859 0.187988 0.50625 0.189941 0.508984 0.192383 0.519141 0.194336 0.530078 0.19043 0.53125 0.188965 0.531641 0.183594 0.530078 0.180664 0.521875 0.176758 0.515977 0.177246 0.510156 0.18042
2 0.387891 0.843262 0.385547 0.842285 0.380859 0.843262 0.373047 0.853027 0.370703 0.859863 0.370703 0.865723 0.372656 0.870117 0.377344 0.870605 0.380469 0.868652 0.383203 0.858398 0.388672 0.848145
2 0.415625 0.46582 0.412109 0.466309 0.407813 0.472168 0.401953 0.485352 0.401562 0.490234 0.402734 0.492188 0.408984 0.492188 0.410938 0.486816 0.416797 0.477051 0.416797 0.469727
2 0.497266 0.154297 0.494141 0.15918 0.49375 0.169922 0.495312 0.174805 0.497266 0.176758 0.499219 0.176758 0.503125 0.174316 0.505039 0.166162 0.504414 0.16084 0.502734 0.15625
2 0.588672 0.656738 0.587109 0.656738 0.576172 0.664062 0.569922 0.671387 0.567578 0.677246 0.567578 0.683594 0.56875 0.686523 0.571875 0.686035 0.575391 0.681152 0.585547 0.672363 0.588672 0.668457 0.590234 0.663086 0.590234 0.660645
2 0.755078 0.164062 0.753516 0.168457 0.754297 0.177246 0.755469 0.178711 0.766406 0.180176 0.771875 0.179688 0.772656 0.178711 0.772266 0.17627 0.769922 0.172363 0.765625 0.169434 0.760156 0.163574 0.75625 0.163086
2 0.581641 0.176758 0.580469 0.171875 0.577344 0.168945 0.567187 0.167969 0.551953 0.172363 0.550391 0.173828 0.549609 0.178223 0.551953 0.182617 0.561719 0.183594 0.573438 0.179688 0.580859 0.179199
2 0.189453 0.392578 0.189844 0.394531 0.192188 0.397461 0.201563 0.402832 0.207031 0.402832 0.2125 0.401367 0.214844 0.398926 0.213672 0.392578 0.209766 0.390625 0.203906 0.390625 0.192578 0.387207 0.191016 0.388672
