1 0.501172 0.685547 0.496875 0.680664 0.487109 0.676758 0.482031 0.679199 0.472656 0.680664 0.460156 0.679688 0.440625 0.680176 0.424219 0.687012 0.415234 0.689453 0.407422 0.694336 0.392969 0.699707 0.392188 0.70166 0.39375 0.705566 0.396484 0.70752 0.4125 0.709961 0.421484 0.713867 0.435547 0.714844 0.460938 0.708496 0.474609 0.698242 0.483203 0.693848 0.49375 0.690918 0.500781 0.687012
2 0.494531 0.710449 0.492969 0.709473 0.483203 0.714355 0.477734 0.714844 0.470313 0.717773 0.467187 0.721191 0.457813 0.727539 0.439844 0.737793 0.435547 0.743652 0.430078 0.747559 0.424609 0.753906 0.4125 0.76416 0.401953 0.768066 0.392188 0.773438 0.389062 0.773926 0.380859 0.780273 0.375 0.781738 0.373437 0.783691 0.372656 0.788086 0.376563 0.791016 0.3875 0.788086 0.403516 0.780273 0.418359 0.775391 0.436328 0.762695 0.439844 0.761719 0.445703 0.757812 0.455859 0.754395 0.463281 0.74707 0.466406 0.741699 0.475 0.730957 0.48125 0.726562 0.4875 0.725098 0.492969 0.72168 0.494922 0.71582
1 0.873711 0.288623 0.870469 0.282129 0.866875 0.280664 0.864219 0.28125 0.863555 0.286084 0.867266 0.293262 0.870742 0.30376 0.869336 0.31665 0.861719 0.330762 0.845195 0.345264 0.827031 0.359961 0.798828 0.370605 0.787578 0.374023 0.76875 0.37793 0.758594 0.37793 0.750391 0.380859 0.741406 0.382324 0.729297 0.388672 0.714063 0.400391 0.701953 0.405762 0.663672 0.40625 0.656641 0.407227 0.635938 0.416504 0.625391 0.424316 0.619141 0.426758 0.604297 0.436035 0.595625 0.443018 0.590508 0.446777 0.583828 0.453467 0.578164 0.458789 0.570742 0.472412 0.566094 0.479346 0.559531 0.485059 0.556641 0.48877 0.551562 0.494629 0.543047 0.508691 0.540078 0.518994 0.538086 0.527686 0.53668 0.531836 0.535937 0.535156 0.533242 0.540625 0.528516 0.549316 0.526523 0.553613 0.525273 0.556543 0.524609 0.558594 0.521563 0.562793 0.516563 0.568262 0.510508 0.573584 0.501328 0.580371 0.499609 0.582617 0.500742 0.585107 0.504102 0.586523 0.511445 0.586719 0.516563 0.585498 0.525156 0.580469 0.532266 0.574512 0.537031 0.568506 0.54082 0.563916 0.542812 0.560547 0.544648 0.555664 0.547266 0.551953 0.548945 0.548877 0.551602 0.543945 0.556406 0.536426 0.562109 0.531738 0.571094 0.529785 0.576562 0.529785 0.586133 0.52876 0.593359 0.525293 0.603047 0.515234 0.608203 0.511719 0.611328 0.508301 0.615234 0.506836 0.621484 0.502441 0.646484 0.479004 0.655078 0.472656 0.665742 0.461768 0.669141 0.457031 0.67457 0.452246 0.677734 0.447266 0.688047 0.434717 0.702734 0.422852 0.709375 0.416992 0.724219 0.408203 0.726953 0.404785 0.738672 0.396484 0.751172 0.390137 0.780078 0.38623 0.795625 0.382178 0.818359 0.374512 0.831641 0.368652 0.847656 0.356299 0.861328 0.344238 0.865234 0.340332 0.872656 0.329102 0.874609 0.32373 0.877305 0.314111 0.877852 0.305322 0.877266 0.298096
2 0.915625 0.603516 0.914453 0.598145 0.9125 0.596191 0.910937 0.596191 0.907422 0.598633 0.907031 0.608887 0.903516 0.612305 0.898828 0.61377 0.866016 0.613281 0.833203 0.60791 0.820312 0.609863 0.812891 0.612305 0.80625 0.616211 0.805469 0.619141 0.807813 0.62207 0.814844 0.623047 0.828906 0.630859 0.835547 0.632324 0.846094 0.630859 0.850703 0.629492 0.854531 0.628418 0.858086 0.628125 0.863438 0.627881 0.867266 0.626953 0.8875 0.625 0.893359 0.625488 0.899219 0.623535 0.908203 0.622559 0.913672 0.617676 0.915234 0.612305
2 0.521875 0.36377 0.519531 0.364258 0.516406 0.368164 0.514453 0.37793 0.514453 0.399414 0.517969 0.418945 0.517969 0.433105 0.519531 0.44043 0.519922 0.453125 0.519531 0.48291 0.514844 0.504883 0.513281 0.522461 0.514062 0.560059 0.516797 0.565918 0.518359 0.56543 0.521094 0.55957 0.523438 0.544434 0.526172 0.539062 0.528906 0.529785 0.528906 0.495117 0.528125 0.469727 0.52832 0.466309 0.52793 0.459814 0.525664 0.449805 0.524609 0.446289 0.524219 0.441406 0.524609 0.401855 0.522266 0.386719 0.523047 0.368164
2 0.398438 0.626465 0.398438 0.629395 0.4 0.633789 0.403906 0.63916 0.407813 0.64209 0.417969 0.65332 0.425 0.657227 0.430469 0.658691 0.447266 0.659668 0.472656 0.668457 0.478125 0.669434 0.49375 0.678223 0.504687 0.681152 0.50918 0.682764 0.514453 0.684082 0.525 0.688965 0.528906 0.688965 0.532422 0.691895 0.542578 0.692871 0.544922 0.693848 0.548438 0.698242 0.551562 0.699707 0.553516 0.699219 0.557422 0.692383 0.553516 0.682129 0.553516 0.675781 0.552344 0.672852 0.55 0.670898 0.528906 0.668457 0.517578 0.663086 0.471875 0.655273 0.450391 0.649414 0.430469 0.647949 0.419531 0.641602 0.405078 0.626465 0.4 0.624512
2 0.495664 0.823096 0.49207 0.825586 0.48 0.844336 0.47707 0.850928 0.473711 0.859082 0.471953 0.868652 0.471016 0.877588 0.470234 0.886279 0.469531 0.895996 0.467969 0.914062 0.468164 0.923291 0.468789 0.936719 0.468789 0.94043 0.469141 0.944336 0.469531 0.947266 0.467969 0.98877 0.469922 0.992188 0.474219 0.991699 0.476172 0.989746 0.479297 0.978516 0.480859 0.967285 0.48207 0.921729 0.483711 0.904248 0.487656 0.88999 0.493984 0.865137 0.495352 0.846875 0.499844 0.831396 0.500586 0.824902 0.498398 0.822705
2 0.520379 0.911533 0.511664 0.913882 0.504484 0.918584 0.500383 0.923066 0.496793 0.92563 0.493375 0.926914 0.485344 0.926914 0.47543 0.92499 0.462785 0.921787 0.451848 0.919648 0.44125 0.918584 0.432875 0.916445 0.427234 0.915376 0.423816 0.916445 0.422281 0.919648 0.422281 0.921787 0.423648 0.92606 0.427918 0.929048 0.434586 0.930757 0.437488 0.932466 0.442273 0.938662 0.446875 0.942529 0.456117 0.944004 0.464664 0.944004 0.478508 0.94208 0.493035 0.94208 0.500555 0.939731 0.50568 0.935884 0.509613 0.929902 0.515082 0.924136 0.52243 0.922212 0.527898 0.923711 0.533711 0.926274 0.536957 0.925205 0.537641 0.920293 0.536613 0.916021 0.533879 0.912388 0.527727 0.911104
2 0.418426 0.844321 0.410059 0.833555 0.390703 0.813574 0.372406 0.799717 0.358871 0.796025 0.351238 0.797871 0.346562 0.800332 0.345332 0.807715 0.349516 0.824326 0.363547 0.839707 0.376098 0.851089 0.393816 0.859702 0.40809 0.862778 0.423102 0.866777 0.428023 0.870469 0.433437 0.877236 0.43393 0.881851 0.436391 0.884927 0.439336 0.884326 0.441312 0.881235 0.441312 0.876006 0.438359 0.868623 0.432699 0.860625 0.42507 0.852012
1 0.358262 0.697534 0.334516 0.694878 0.313254 0.69355 0.297305 0.694878 0.264703 0.699307 0.237414 0.701968 0.212605 0.709497 0.189926 0.716143 0.148461 0.725889 0.113023 0.73519 0.076875 0.748921 0.0641172 0.756455 0.0595117 0.759556 0.0577383 0.763984 0.0598633 0.767974 0.0630547 0.766641 0.0818359 0.760439 0.109125 0.750254 0.148816 0.740063 0.17823 0.731646 0.209418 0.725444 0.223238 0.723672 0.236352 0.725889 0.261512 0.73918 0.279941 0.757783 0.293406 0.767974 0.308645 0.776387 0.328848 0.776831 0.35507 0.774175 0.386609 0.767529 0.418152 0.752466 0.438352 0.740508 0.460324 0.725181 0.480383 0.712246 0.495445 0.706704 0.498988 0.704844 0.498988 0.701523 0.49516 0.700063 0.482758 0.701523 0.460891 0.708169 0.439344 0.71521 0.427543 0.716675 0.406281 0.71335 0.384129 0.705601 0.368465 0.700815
2 0.265109 0.662407 0.250934 0.66647 0.237348 0.670898 0.227309 0.673481 0.214312 0.67459 0.20191 0.66979 0.175328 0.656499 0.154953 0.651704 0.130441 0.649487 0.106816 0.651333 0.0893906 0.656133 0.0772812 0.663516 0.0666523 0.673115 0.0622227 0.680127 0.0622227 0.680864 0.0651758 0.685293 0.0693086 0.684556 0.0752148 0.681235 0.0864375 0.673481 0.100613 0.66499 0.124828 0.660933 0.153477 0.664624 0.175625 0.670161 0.19423 0.683818 0.208996 0.693047 0.229078 0.701538 0.242961 0.708921 0.268062 0.715938 0.292574 0.716675 0.315609 0.712612 0.339824 0.703755 0.366996 0.696001 0.394461 0.688618 0.418469 0.684629 0.433297 0.679834 0.43557 0.677505 0.436277 0.675034 0.434566 0.672891 0.42916 0.672524 0.410082 0.670381 0.38643 0.668276 0.369359 0.665952 0.357664 0.662925 0.344434 0.657939 0.329637 0.655137 0.310797 0.653882 0.287406 0.656943 0.27509 0.659492
1 0.14968 0.59459 0.142051 0.588745 0.135406 0.582588 0.130484 0.576743 0.125562 0.571821 0.122855 0.570283 0.118918 0.571821 0.11818 0.576128 0.120395 0.581357 0.131469 0.591514 0.147711 0.60751 0.161004 0.619507 0.174785 0.631812 0.18709 0.645347 0.195703 0.662266 0.203086 0.679492 0.210715 0.69918 0.220312 0.711489 0.232469 0.727236 0.239855 0.741265 0.248715 0.765259 0.258461 0.784087 0.275586 0.804761 0.295672 0.819155 0.327266 0.830664 0.360078 0.838623 0.381133 0.852637 0.414687 0.880127 0.429375 0.90127 0.442656 0.928174 0.447813 0.930273 0.449961 0.926514 0.435 0.890234 0.415547 0.863916 0.372801 0.815376 0.359187 0.794639 0.349836 0.781348 0.340902 0.767539 0.324316 0.752646 0.295695 0.732866 0.280656 0.725176 0.266285 0.721548 0.256711 0.717271 0.244922 0.710654 0.233652 0.702319 0.225113 0.694414 0.215883 0.680972 0.209043 0.665986 0.203234 0.653193 0.19698 0.642056 0.187137 0.630059 0.169418 0.61437 0.156375 0.600527
1 0.269172 0.80873 0.257387 0.819546 0.243043 0.833662 0.235297 0.84417 0.225406 0.864053 0.215352 0.891045 0.211395 0.923086 0.210406 0.943794 0.209996 0.964092 0.209254 0.995923 0.209254 1 0.226379 1 0.226395 0.999941 0.227551 0.987788 0.23027 0.972021 0.236781 0.960483 0.242055 0.951006 0.247578 0.932461 0.252191 0.916182 0.26266 0.900835 0.274941 0.887129 0.283926 0.878477 0.296289 0.863022 0.301563 0.85231 0.307332 0.835205 0.309887 0.827378 0.310051 0.822021 0.297938 0.813677 0.28343 0.806357 0.278238 0.805742 0.274527 0.805742
2 0.335516 0.84915 0.327641 0.852534 0.318531 0.858379 0.307949 0.867915 0.302043 0.877144 0.289738 0.889453 0.271035 0.910679 0.266605 0.916831 0.264145 0.92729 0.259223 0.940825 0.256762 0.958052 0.255285 0.979893 0.257008 0.993735 0.258914 1 0.335082 1 0.3365 0.996812 0.337977 0.981738 0.3365 0.94667 0.333301 0.917139 0.331332 0.890376 0.331578 0.881143 0.332562 0.876221 0.33773 0.870991 0.348066 0.862993 0.362832 0.852842 0.373414 0.844536 0.37809 0.837769 0.379566 0.83377 0.378582 0.828848 0.375875 0.827925 0.368 0.829155 0.360863 0.83377 0.35348 0.838999 0.342652 0.845459
2 0.229934 0.813096 0.225211 0.804604 0.222551 0.79981 0.220191 0.79981 0.219008 0.800547 0.218418 0.802021 0.218418 0.805713 0.219008 0.808667 0.219895 0.815312 0.220191 0.829341 0.218715 0.841152 0.216055 0.849272 0.213102 0.856289 0.209559 0.860718 0.205719 0.865518 0.200402 0.874375 0.195086 0.882866 0.190656 0.892095 0.186523 0.900586 0.183863 0.909448 0.181207 0.923105 0.178551 0.937871 0.175301 0.948208 0.172348 0.96002 0.170574 0.966665 0.168805 0.979585 0.168211 0.989556 0.169395 0.998042 0.171938 1 0.209898 1 0.211035 0.993613 0.212215 0.976631 0.213102 0.960391 0.212809 0.938242 0.212512 0.930488 0.215168 0.911294 0.217531 0.897632 0.220484 0.885083 0.225211 0.86958 0.229344 0.852598 0.23348 0.840781 0.23466 0.836724 0.23466 0.829341 0.232891 0.822695 0.231117 0.816787
1 0.212215 0.75563 0.207539 0.765786 0.204832 0.777783 0.196465 0.797163 0.189082 0.808853 0.181945 0.817466 0.174563 0.82208 0.166441 0.829155 0.158566 0.840229 0.147738 0.856226 0.137402 0.870991 0.127801 0.887607 0.118941 0.906987 0.11402 0.921753 0.110574 0.938364 0.111066 0.953745 0.109098 0.979277 0.107621 0.994043 0.10493 1 0.134605 1 0.138387 0.995273 0.150691 0.978662 0.162504 0.962358 0.169887 0.951592 0.176039 0.942056 0.183914 0.930059 0.18982 0.915293 0.195973 0.891914 0.198188 0.866377 0.198188 0.84792 0.201141 0.831309 0.206801 0.808237 0.214184 0.790088 0.222059 0.7704 0.229199 0.753169 0.234613 0.743325 0.23609 0.738403 0.23609 0.731943 0.233137 0.726406 0.229199 0.723022 0.224766 0.724561 0.222059 0.730713 0.216891 0.746094
2 0.402043 0.861714 0.397121 0.855049 0.389738 0.844023 0.386867 0.837358 0.382563 0.829668 0.377844 0.826079 0.374152 0.827871 0.372512 0.835049 0.374766 0.844282 0.379277 0.86043 0.386254 0.871455 0.395078 0.878613 0.403477 0.884277 0.412914 0.896577 0.42091 0.914009 0.426242 0.927852 0.42973 0.93708 0.432398 0.944258 0.434449 0.952207 0.434859 0.961182 0.43568 0.967334 0.43773 0.971948 0.443063 0.978867 0.446754 0.981689 0.451266 0.982202 0.453109 0.979893 0.453316 0.975537 0.449828 0.970923 0.444906 0.966309 0.443266 0.960669 0.441422 0.951948 0.439984 0.945542 0.438344 0.938877 0.435473 0.930415 0.430961 0.913496 0.423371 0.895039 0.414758 0.880171 0.404711 0.865044
2 0.0671367 0.962422 0.054832 0.965498 0.0486797 0.970728 0.0447422 0.977803 0.0452344 0.98334 0.0508945 0.987031 0.0634453 0.987954 0.0774727 0.983955 0.089043 0.977803 0.104547 0.975342 0.116605 0.975649 0.132109 0.982417 0.143184 0.988262 0.148844 0.990415 0.156227 0.991646 0.161641 0.990723 0.164102 0.986416 0.164102 0.983647 0.162133 0.980264 0.158195 0.979341 0.150074 0.979648 0.141707 0.976265 0.130141 0.967344 0.121773 0.962422 0.106023 0.961807 0.0892891 0.963652 0.0762422 0.96396
