1 0.0988281 0.233887 0.09375 0.240723 0.0957031 0.255859 0.0820312 0.279297 0.078125 0.289551 0.078125 0.297363 0.084375 0.327148 0.084375 0.339355 0.0871094 0.358887 0.090625 0.367188 0.096875 0.392578 0.1 0.458008 0.103516 0.470703 0.114453 0.492188 0.126172 0.507324 0.134375 0.522461 0.142187 0.529297 0.146484 0.537598 0.150391 0.537598 0.151172 0.533203 0.137109 0.51123 0.128906 0.502441 0.124219 0.490234 0.117969 0.481934 0.112891 0.469727 0.110156 0.457031 0.109375 0.413086 0.112891 0.382812 0.129297 0.344727 0.132422 0.326172 0.132422 0.312988 0.126953 0.281738 0.117969 0.255371 0.117188 0.240723 0.111719 0.234863
2 0 0.752441 0 0.760254 0.00273437 0.762207 0.0199219 0.789551 0.0375 0.808594 0.0507812 0.816406 0.0548438 0.818896 0.0614062 0.822217 0.0710937 0.825684 0.0945312 0.833984 0.1 0.833008 0.0953125 0.82666 0.0734375 0.812012 0.0378906 0.791504 0.0226562 0.775879 0.0128906 0.759766 0.00664062 0.753906
2 0.282422 0.432129 0.280469 0.43457 0.278906 0.440918 0.276953 0.471191 0.277734 0.476562 0.282813 0.494141 0.284766 0.510254 0.294922 0.554688 0.295703 0.5625 0.296094 0.603516 0.29375 0.611328 0.29375 0.618652 0.296094 0.622559 0.298828 0.623535 0.302344 0.618164 0.304688 0.60791 0.305078 0.583984 0.305703 0.57832 0.304844 0.571143 0.304688 0.563477 0.304688 0.554199 0.302734 0.539551 0.297656 0.518066 0.294922 0.501465 0.294141 0.492676 0.295312 0.470215 0.294922 0.45752 0.289062 0.442871 0.2875 0.436035 0.284766 0.432617
1 0.0500391 0.824072 0.0469531 0.827002 0.0411328 0.846045 0.0355469 0.873047 0.0332422 0.87959 0.0285156 0.885742 0.0169922 0.901904 0.0110937 0.912012 0.00546875 0.92627 0.00351563 0.930566 0 0.939941 0 1 0.024375 1 0.0253516 0.99541 0.0291016 0.985449 0.030625 0.976855 0.0319531 0.968115 0.0336719 0.958594 0.0349609 0.953955 0.0365625 0.948877 0.0409375 0.934082 0.0413672 0.930566 0.0420312 0.926758 0.0438672 0.912891 0.0447656 0.901855 0.0453125 0.895508 0.0478906 0.873926 0.0558594 0.829688 0.0535937 0.824805
2 0.0570312 0.217285 0.0519531 0.228516 0.0512109 0.232813 0.0508203 0.237354 0.0498828 0.241797 0.0482031 0.249512 0.0450391 0.25708 0.0417969 0.265137 0.0369531 0.273145 0.0332812 0.280078 0.0309375 0.28418 0.0279687 0.289746 0.0263672 0.296094 0.0249609 0.30083 0.023125 0.307129 0.0214844 0.314941 0.0203125 0.320801 0.0183594 0.345703 0.0183594 0.356934 0.0195312 0.365234 0.0222656 0.375 0.0273438 0.387695 0.0285156 0.395996 0.0355469 0.416016 0.0367188 0.422852 0.0441406 0.446289 0.0445313 0.45166 0.0503906 0.475586 0.0527344 0.490723 0.0554687 0.501465 0.0617188 0.516113 0.0648438 0.52002 0.06875 0.520996 0.0710937 0.519043 0.071875 0.51416 0.0699219 0.508301 0.0675781 0.504883 0.0628906 0.48877 0.0621094 0.479492 0.0617578 0.475781 0.0609375 0.470215 0.0601953 0.466797 0.059375 0.461426 0.0574219 0.45166 0.0550781 0.445801 0.0535156 0.431641 0.0528125 0.428369 0.0511719 0.421387 0.046875 0.408203 0.0455078 0.403906 0.0433594 0.397461 0.04375 0.387695 0.0453125 0.378906 0.0546875 0.354492 0.0558594 0.344727 0.059375 0.333984 0.0625391 0.329395 0.0652344 0.325195 0.0699219 0.31543 0.071875 0.307617 0.071875 0.293457 0.0671875 0.272461 0.0652344 0.257324 0.0641016 0.23623 0.0642969 0.227637 0.0644531 0.220703 0.0633984 0.214551 0.0611328 0.21123 0.0594922 0.211279 0.0580859 0.212549
2 0.0473281 0.668267 0.0448672 0.654731 0.041668 0.645498 0.0332969 0.63627 0.0251758 0.630117 0.0190234 0.624888 0.0168086 0.621196 0.0168086 0.61689 0.0182852 0.610122 0.0219766 0.601509 0.0227148 0.592588 0.0165625 0.575361 0.0116406 0.563057 0.00794922 0.55998 0.00401172 0.55875 0 0.560518 0 0.565322 0.00302734 0.567363 0.00622656 0.574438 0.00819531 0.581821 0.0104102 0.588896 0.0113945 0.594126 0.0113945 0.599048 0.00893359 0.604893 0.00622656 0.610737 0.00573437 0.618428 0.00696484 0.629194 0.0128711 0.639961 0.0212383 0.654731 0.0315742 0.670728 0.0411758 0.694722 0.0480664 0.706411 0.0512656 0.70918 0.0539727 0.70395 0.0532344 0.698105 0.0490508 0.675342
1 0.0977891 1 0.096125 0.993203 0.0913398 0.984229 0.0839883 0.971411 0.0739062 0.950244 0.0670703 0.936377 0.0619414 0.923984 0.0564727 0.917129 0.0503203 0.913091 0.0448516 0.911812 0.0381875 0.911382 0.0299844 0.913945 0.0234883 0.918623 0.020582 0.926104 0.0209258 0.934243 0.0233164 0.944282 0.0269062 0.951099 0.0313516 0.955815 0.0340859 0.957524 0.037332 0.957524 0.0398945 0.954941 0.0405781 0.946631 0.0383594 0.938491 0.0381875 0.931016 0.0417773 0.927383 0.0446797 0.929307 0.0469023 0.936162 0.0475859 0.946206 0.0453633 0.954941 0.0455469 0.966064 0.0479297 0.984639 0.0494648 0.995127 0.05125 1
1 0.765336 0.888437 0.775672 0.869053 0.784531 0.850288 0.796098 0.818604 0.805203 0.796763 0.811109 0.781997 0.821223 0.753818 0.827426 0.731299 0.832152 0.703613 0.832742 0.685522 0.831168 0.652271 0.830969 0.639194 0.830969 0.628179 0.834047 0.612554 0.839582 0.594434 0.844508 0.573208 0.847461 0.55229 0.848691 0.532603 0.844508 0.516602 0.843742 0.494209 0.845023 0.476948 0.847434 0.456646 0.85418 0.418564 0.858707 0.397026 0.863406 0.378325 0.863406 0.371128 0.861781 0.36728 0.857672 0.366265 0.85398 0.373711 0.848863 0.394722 0.843941 0.415239 0.83941 0.444712 0.835719 0.471104 0.83348 0.496729 0.834957 0.513374 0.837023 0.52814 0.83732 0.545122 0.83673 0.561362 0.832301 0.58499 0.824621 0.605293 0.815465 0.623384 0.801289 0.644053 0.787359 0.664697 0.776137 0.693862 0.769937 0.721914 0.769937 0.757725 0.772301 0.779136 0.774023 0.806978 0.770477 0.827646 0.76398 0.86272 0.757484 0.87896 0.756598 0.888188 0.756598 0.892988 0.759551 0.894834 0.763086 0.893359
1 0.834488 0.439541 0.834242 0.427852 0.835473 0.412471 0.836949 0.401396 0.837934 0.389399 0.837934 0.368789 0.832273 0.346641 0.827844 0.330947 0.825336 0.309321 0.823859 0.285327 0.824152 0.269453 0.828879 0.257271 0.830355 0.24583 0.830059 0.23623 0.825926 0.221465 0.824449 0.213345 0.825926 0.207437 0.831242 0.202266 0.834785 0.201899 0.837738 0.201899 0.848664 0.209648 0.854867 0.221094 0.856344 0.228477 0.859594 0.23623 0.86284 0.234751 0.868156 0.227002 0.875246 0.214448 0.879676 0.203745 0.882035 0.200054 0.883512 0.199316 0.886172 0.200054 0.886762 0.209282 0.882332 0.226631 0.877902 0.236968 0.874359 0.243242 0.868453 0.248413 0.864613 0.249888 0.859 0.249888 0.851914 0.242505 0.846895 0.233276 0.846008 0.224419 0.842465 0.217402 0.840988 0.216294 0.842465 0.224048 0.848961 0.242876 0.853391 0.251367 0.856934 0.25875 0.860184 0.266499 0.86166 0.277573 0.86166 0.293447 0.86107 0.308955 0.86225 0.325566 0.864023 0.342915 0.86343 0.360269 0.857449 0.371772 0.848836 0.396382 0.84416 0.409917 0.842191 0.428989 0.840469 0.439756 0.839977 0.443447 0.836531 0.443447
2 0.436367 0.16875 0.439609 0.167383 0.444141 0.16499 0.457813 0.15625 0.476562 0.129395 0.494922 0.110352 0.510547 0.0898438 0.527734 0.0556641 0.545703 0.027832 0.547266 0.0205078 0.546094 0.0175781 0.543359 0.0175781 0.520703 0.0507812 0.510156 0.0732422 0.499219 0.0893555 0.479687 0.112305 0.442188 0.142578 0.425 0.161621 0.412109 0.171875 0.411328 0.174805 0.416406 0.175781 0.423828 0.171875 0.430273 0.170801
2 0.465434 0.178213 0.457066 0.176675 0.447219 0.172676 0.440082 0.168984 0.433191 0.166216 0.431469 0.166216 0.4295 0.166216 0.427285 0.168062 0.426793 0.172676 0.432945 0.17729 0.444512 0.18375 0.46248 0.188672 0.477984 0.193594 0.486352 0.198516 0.49275 0.207437 0.49718 0.216665 0.503332 0.226509 0.510961 0.233892 0.51982 0.238506 0.532617 0.242505 0.540492 0.242505 0.552309 0.239429 0.560922 0.238813 0.57175 0.24189 0.580609 0.246504 0.58625 0.248682 0.589961 0.246504 0.589961 0.242505 0.586516 0.240044 0.572242 0.228354 0.562891 0.221895 0.551324 0.21728 0.539754 0.215127 0.531141 0.216357 0.52302 0.217896 0.514898 0.217896 0.510223 0.216665 0.503578 0.208975 0.49841 0.200669 0.491273 0.192363 0.483645 0.185596 0.475523 0.181597
1 0.243922 0.303184 0.248641 0.287549 0.256227 0.271655 0.269148 0.258066 0.279813 0.242427 0.289043 0.221406 0.29257 0.207026 0.29257 0.194106 0.291586 0.185186 0.287156 0.174111 0.282969 0.165493 0.280016 0.153188 0.279605 0.132427 0.281309 0.113403 0.283875 0.103584 0.288141 0.0976123 0.293613 0.0926904 0.297367 0.0873584 0.299133 0.0812793 0.298723 0.0755908 0.296445 0.0693604 0.290027 0.0625928 0.28732 0.0533398 0.285328 0.0447754 0.28375 0.0339307 0.283629 0.0296533 0.284613 0.0251904 0.284754 0.0221631 0.283195 0.0202148 0.281617 0.0207568 0.27934 0.0241406 0.276922 0.0294727 0.276777 0.0335742 0.279055 0.0401611 0.279195 0.0492383 0.280059 0.0540332 0.280488 0.061875 0.281473 0.0690039 0.284324 0.0723877 0.289594 0.074873 0.291871 0.0780762 0.291727 0.0803857 0.288469 0.0825098 0.282336 0.0850244 0.278211 0.0887402 0.273781 0.0964062 0.271508 0.108687 0.268531 0.128887 0.26716 0.143423 0.264082 0.153882 0.258277 0.166929 0.252453 0.180596 0.247367 0.194619 0.244496 0.199233 0.244293 0.206665 0.244293 0.212563 0.242242 0.219482 0.242242 0.225122 0.244086 0.229482 0.243063 0.239224 0.241012 0.247686 0.239781 0.254092 0.236211 0.268628 0.234488 0.285239 0.233504 0.303081 0.23375 0.310156 0.23498 0.313848 0.23818 0.316616 0.242363 0.312617
2 0.212758 0.310859 0.197254 0.306553 0.178551 0.305937 0.16452 0.308091 0.155414 0.312397 0.149262 0.319165 0.149262 0.323779 0.153445 0.323472 0.165012 0.318857 0.177566 0.316396 0.189379 0.316396 0.20193 0.319473 0.219648 0.328394 0.235152 0.33332 0.253609 0.334858 0.267887 0.33332 0.284141 0.325 0.294957 0.313628 0.308738 0.294863 0.314398 0.286558 0.316121 0.281328 0.316121 0.279175 0.314398 0.277637 0.307016 0.281021 0.296926 0.291172 0.282898 0.303169 0.268871 0.311782 0.253363 0.317012 0.243273 0.317627 0.23023 0.316396
2 0.251395 0.315781 0.233922 0.333936 0.218172 0.352085 0.20759 0.36439 0.200945 0.37208 0.19873 0.378848 0.199961 0.380386 0.203406 0.381001 0.208328 0.380078 0.22334 0.371157 0.242781 0.355469 0.258039 0.330239 0.271824 0.309937 0.285852 0.291172 0.297172 0.275176 0.308 0.267178 0.320305 0.260718 0.326457 0.257026 0.32941 0.254258 0.329164 0.250259 0.325227 0.248721 0.316613 0.251797 0.305047 0.257949 0.286098 0.272407 0.274531 0.28625 0.263207 0.300708
