1 0.823047 0.246094 0.813281 0.25293 0.804297 0.279785 0.807031 0.300293 0.817578 0.304688 0.826172 0.302734 0.830078 0.294922 0.829688 0.278809
1 0.217188 0.935547 0.217969 0.939941 0.221875 0.944824 0.232813 0.953125 0.239844 0.952148 0.244922 0.946289 0.243359 0.939941 0.235937 0.934082 0.227734 0.930664 0.222656 0.930664
2 0.103125 0.911621 0.1 0.913086 0.0945312 0.922363 0.0925781 0.931641 0.0976562 0.931641 0.102344 0.925293 0.104297 0.917969
1 0.664844 0.882324 0.660547 0.886719 0.660547 0.899414 0.662891 0.914062 0.6625 0.925293 0.664453 0.927734 0.667188 0.927734 0.673438 0.918945 0.676953 0.899414 0.673438 0.88623 0.670703 0.883301
1 0.371094 0.0834961 0.367969 0.0800781 0.350391 0.0874023 0.340625 0.0893555 0.336719 0.0927734 0.336328 0.097168 0.3375 0.100098 0.344531 0.104004 0.360547 0.103027 0.363672 0.101074 0.369922 0.0913086
1 0.510156 0.540039 0.505469 0.540527 0.492969 0.54834 0.481641 0.558105 0.48125 0.56543 0.486328 0.566406 0.505469 0.560059 0.509766 0.549805
1 0.467187 0.592773 0.467578 0.599121 0.482422 0.617188 0.490234 0.62207 0.49375 0.62207 0.496484 0.619141 0.497266 0.612305 0.496094 0.609375 0.479297 0.591797 0.470313 0.589355
1 0.807031 0.772461 0.805078 0.776367 0.805469 0.80957 0.810156 0.816895 0.814063 0.817383 0.821875 0.809082 0.820703 0.797852 0.822266 0.783691 0.815234 0.774902
2 0.359766 0.45752 0.356641 0.45459 0.351562 0.45459 0.342187 0.459473 0.335547 0.470215 0.335547 0.476074 0.338672 0.477539 0.344531 0.473145 0.357812 0.469238 0.360547 0.463379
1 0.673438 0.108398 0.665625 0.107422 0.661328 0.110352 0.653125 0.121094 0.650391 0.12793 0.649219 0.139648 0.653516 0.14502 0.658203 0.145508 0.665234 0.140137 0.673828 0.12793 0.676562 0.118652
1 0.741406 0.738281 0.7375 0.734863 0.728125 0.734863 0.724219 0.737305 0.712891 0.753906 0.712891 0.758789 0.716797 0.762695 0.721094 0.762207 0.73125 0.750977 0.740625 0.744629
1 0.689844 0.495117 0.681641 0.495117 0.669922 0.504883 0.666797 0.510742 0.666797 0.521484 0.669531 0.524414 0.673438 0.523926 0.682813 0.516602 0.691406 0.501953
1 0.764844 0.327148 0.762891 0.344238 0.768359 0.354492 0.774609 0.358887 0.780078 0.358887 0.785547 0.35498 0.788672 0.349121 0.788281 0.342773 0.782813 0.328613 0.775781 0.32373 0.771484 0.32373
1 0.477734 0.333496 0.475781 0.34375 0.479687 0.35498 0.496484 0.364258 0.500391 0.36377 0.503516 0.36084 0.504687 0.350586 0.502344 0.343262 0.485156 0.332031
1 0.583984 0.515137 0.584766 0.520508 0.599219 0.540527 0.615625 0.55127 0.619141 0.550293 0.623828 0.544922 0.623437 0.539062 0.610547 0.519043 0.599219 0.513184
1 0.462891 0.437012 0.460938 0.441406 0.462891 0.452637 0.474219 0.472168 0.479687 0.472656 0.48125 0.469238 0.48125 0.461426 0.475 0.442871 0.469531 0.437012
1 0.123047 0.0170898 0.117578 0.0195312 0.111719 0.0356445 0.114062 0.0517578 0.119141 0.0600586 0.123828 0.0585938 0.127344 0.0478516 0.126172 0.0268555
1 0.349609 0.217773 0.344922 0.226562 0.346484 0.23291 0.357031 0.246094 0.366016 0.24707 0.36875 0.239258 0.366016 0.226562 0.357031 0.217773
1 0.189062 0.0585938 0.185547 0.0600586 0.182031 0.0654297 0.182031 0.0761719 0.185938 0.0859375 0.192188 0.0927734 0.194922 0.0932617 0.198047 0.0913086 0.2 0.0849609 0.200391 0.0722656 0.19375 0.0600586
1 0.591406 0.464844 0.587109 0.461914 0.561328 0.469727 0.557031 0.475586 0.556641 0.481934 0.563672 0.487305 0.571484 0.48877 0.576172 0.487305 0.5875 0.474121
1 0.311328 0.353027 0.308984 0.360352 0.312109 0.369629 0.323437 0.381348 0.330859 0.380859 0.331641 0.374023 0.328516 0.364746 0.321094 0.35791 0.317969 0.352539 0.313672 0.351074
1 0.0789062 0.130371 0.075 0.133301 0.0722656 0.142578 0.0722656 0.149414 0.0753906 0.166016 0.0792969 0.169434 0.0839844 0.169922 0.0898438 0.165527 0.0902344 0.157715 0.0808594 0.131348
1 0.694531 0.775391 0.692578 0.774414 0.676953 0.782715 0.66875 0.795898 0.668359 0.80127 0.674219 0.802734 0.686719 0.794434 0.694531 0.78418
1 0.00898437 0.98291 0.0109375 0.98877 0.0191406 0.991699 0.025 0.996582 0.0332031 0.995117 0.040625 0.98877 0.0390625 0.983887 0.0246094 0.975098 0.0136719 0.977539
2 0.602344 0.0664062 0.598047 0.0712891 0.596875 0.0874023 0.60625 0.11084 0.609766 0.111816 0.6125 0.10791 0.613281 0.0947266 0.607422 0.0708008 0.605078 0.0668945
2 0.483594 0.32373 0.483594 0.329102 0.485547 0.332031 0.505078 0.345703 0.521094 0.347656 0.525391 0.344238 0.522656 0.339355 0.489844 0.320801
2 0.492969 0.310059 0.488281 0.308594 0.474219 0.3125 0.462891 0.321777 0.462109 0.328125 0.469141 0.32959 0.482031 0.324707 0.492578 0.315918
2 0.590625 0.182129 0.591797 0.1875 0.612109 0.203613 0.611719 0.192383 0.606641 0.183105 0.6 0.180176
2 0.528516 0.706543 0.528906 0.713867 0.535156 0.721191 0.544531 0.727539 0.548828 0.727539 0.550391 0.725586 0.55 0.716309 0.541406 0.70752 0.535547 0.70459
1 0.534766 0.591016 0.53375 0.595996 0.534453 0.601611 0.538242 0.619092 0.541406 0.632275 0.543867 0.637842 0.548672 0.641016 0.553203 0.63999 0.556328 0.630762 0.556523 0.611523 0.549531 0.600342 0.539258 0.592383
1 0.625977 0.628906 0.625625 0.638916 0.626563 0.642578 0.632422 0.65332 0.638672 0.65918 0.644375 0.659229 0.650703 0.654053 0.646719 0.639893 0.636758 0.62998 0.628984 0.624414 0.627031 0.624756
1 0.620273 0.641357 0.623633 0.640967 0.625781 0.643555 0.628516 0.659668 0.634375 0.670898 0.634375 0.675781 0.630859 0.680664 0.625781 0.682129 0.618359 0.677734 0.609961 0.665576 0.611094 0.653076 0.613359 0.647949 0.617461 0.643359
2 0.664844 0.881836 0.660547 0.88623 0.660156 0.89502 0.662891 0.915527 0.6625 0.925781 0.666406 0.928223 0.673828 0.918457 0.676953 0.897949 0.673828 0.886719 0.670312 0.882812
1 0.444531 0 0.444531 0.00341797 0.444922 0.00390625 0.444922 0.00585938 0.445312 0.00634766 0.446484 0.0136719 0.449609 0.0214844 0.451172 0.0234375 0.455078 0.0263672 0.45625 0.0263672 0.456641 0.0268555 0.461719 0.0268555 0.462891 0.0263672 0.463672 0.0253906 0.462891 0.0180664 0.461719 0.0151367 0.461328 0.0112305 0.460938 0.0107422 0.460938 0.00830078 0.460547 0.0078125 0.460156 0.00488281 0.457813 0.00146484 0.457813 0
1 0.626172 0.228516 0.623828 0.231445 0.621875 0.236328 0.622266 0.242676 0.622656 0.243164 0.622656 0.244629 0.623437 0.247559 0.624609 0.249512 0.625391 0.252441 0.625781 0.26123 0.626172 0.261719 0.626172 0.26416 0.626563 0.264648 0.627344 0.270996 0.627734 0.271973 0.630078 0.273926 0.631641 0.273926 0.633984 0.272461 0.634766 0.272461 0.637109 0.268555 0.6375 0.265137 0.637891 0.264648 0.637891 0.262207 0.638281 0.261719 0.638281 0.250488 0.635938 0.243164 0.632812 0.239258 0.630469 0.232422 0.627734 0.228516
1 0.817578 0.317871 0.817578 0.324219 0.819531 0.328613 0.819531 0.32959 0.821094 0.333496 0.821094 0.334961 0.822266 0.338379 0.825391 0.342773 0.827734 0.34375 0.832031 0.34375 0.832422 0.343262 0.833594 0.343262 0.836719 0.341309 0.840234 0.337402 0.840625 0.335938 0.841406 0.334961 0.841406 0.327637 0.840234 0.325684 0.837891 0.324707 0.834375 0.324219 0.832422 0.322266 0.829297 0.320312 0.826953 0.317383 0.824219 0.315918 0.821094 0.31543 0.820703 0.315918 0.81875 0.315918
2 0.394531 0.252441 0.392578 0.250488 0.389062 0.250977 0.388672 0.251465 0.387109 0.251465 0.384766 0.252441 0.382031 0.254395 0.380859 0.255859 0.378125 0.257324 0.376563 0.258789 0.376172 0.259766 0.376563 0.263672 0.380469 0.267578 0.382031 0.267578 0.382422 0.268066 0.386328 0.268066 0.386719 0.267578 0.388281 0.267578 0.389844 0.266602 0.392578 0.263672 0.394531 0.256836
2 0.146875 0.0410156 0.144531 0.0473633 0.144531 0.0498047 0.145313 0.0517578 0.146484 0.0532227 0.153906 0.0571289 0.157031 0.0571289 0.157422 0.0566406 0.158984 0.0566406 0.159766 0.0556641 0.160547 0.0527344 0.159766 0.050293 0.158203 0.0483398 0.156641 0.0478516 0.155469 0.046875 0.151953 0.0424805 0.151172 0.0405273 0.150391 0.0400391 0.148828 0.0400391
1 0.511328 0.992676 0.509766 0.98877 0.507031 0.986328 0.505859 0.986328 0.505469 0.98584 0.5 0.98584 0.499609 0.986328 0.498047 0.986328 0.496094 0.987305 0.494531 0.987305 0.491016 0.989258 0.490234 0.989258 0.489063 0.990234 0.485156 0.991699 0.482031 0.994629 0.480859 0.997559 0.480859 1 0.508594 1 0.508594 0.999023 0.511328 0.995605
2 0.752734 0.777344 0.751953 0.777344 0.750391 0.778809 0.749219 0.783203 0.749219 0.784668 0.748828 0.785156 0.748828 0.787109 0.748437 0.787598 0.748437 0.791992 0.750781 0.79541 0.751953 0.79541 0.752734 0.794434 0.753906 0.791016 0.753906 0.783691 0.754297 0.783203 0.754687 0.778809
2 0.748047 0.792969 0.744141 0.793945 0.743359 0.794434 0.741016 0.79834 0.741016 0.799805 0.741406 0.80127 0.742578 0.802734 0.744531 0.803711 0.748437 0.803711 0.749609 0.802246 0.749609 0.80127 0.750391 0.799805 0.750391 0.797852
2 0.716406 0.778809 0.713672 0.777344 0.703203 0.779687 0.698828 0.781738 0.698047 0.782715 0.698047 0.784668 0.699609 0.786621 0.701562 0.787598 0.703125 0.787598 0.705977 0.787842 0.708477 0.787842 0.712109 0.784668 0.714063 0.783691 0.716016 0.78125
1 0.588281 0.492676 0.587891 0.494141 0.587891 0.497559 0.588281 0.498535 0.592578 0.50293 0.596094 0.507812 0.599609 0.510254 0.602734 0.513672 0.60625 0.515137 0.610547 0.518066 0.6125 0.518066 0.614453 0.516602 0.614844 0.515137 0.614844 0.511719 0.612109 0.505371 0.607812 0.5 0.60625 0.499023 0.600781 0.492676 0.598437 0.491699 0.596094 0.489746 0.592969 0.489258 0.592578 0.48877 0.591016 0.489258
