1 0.512891 0.362793 0.512891 0.365723 0.514062 0.367676 0.517969 0.368164 0.532031 0.375 0.539453 0.381348 0.556641 0.391113 0.567578 0.395508 0.573438 0.395508 0.575 0.394043 0.574219 0.391602 0.567578 0.388672 0.560547 0.383301 0.526563 0.362793 0.51875 0.360352 0.514844 0.36084
1 0.413398 0.858936 0.409336 0.860645 0.413516 0.870752 0.417187 0.881299 0.424141 0.898193 0.430898 0.908301 0.432773 0.920654 0.437266 0.908008 0.431758 0.892578 0.429648 0.88584 0.422891 0.871924 0.417305 0.862256
1 0.516406 0.763184 0.521094 0.758301 0.526563 0.756348 0.552344 0.756348 0.571875 0.758789 0.573828 0.760254 0.574609 0.76416 0.572656 0.766602 0.561055 0.76543 0.537969 0.763428 0.523945 0.761865 0.517188 0.762354 0.515859 0.761182
1 0.137891 0.533203 0.136719 0.535156 0.13582 0.542725 0.134414 0.555127 0.135586 0.569189 0.136719 0.583984 0.139063 0.603027 0.141016 0.605469 0.142969 0.605957 0.144531 0.602539 0.14457 0.587988 0.143125 0.57583 0.142695 0.559229 0.14375 0.554199 0.142344 0.547461 0.141406 0.535156 0.139844 0.533203
1 0.135156 0.849121 0.134766 0.852051 0.135547 0.853027 0.142969 0.856445 0.166406 0.876465 0.171094 0.877441 0.172266 0.875977 0.173047 0.873047 0.172266 0.870117 0.158984 0.856445 0.147266 0.850098 0.142578 0.849609 0.138672 0.847656
1 0.846094 0.219385 0.851914 0.228467 0.856719 0.233643 0.862891 0.241699 0.871094 0.254883 0.875 0.258789 0.880078 0.260742 0.884766 0.260742 0.888672 0.259277 0.891406 0.256836 0.891797 0.251953 0.889844 0.249023 0.881641 0.248535 0.877344 0.246094 0.875 0.243164 0.870703 0.232422 0.861289 0.223535 0.84918 0.214453 0.845508 0.215039
1 0.0453125 0.783203 0.0398437 0.78418 0.0296875 0.797363 0.00976562 0.836914 0.00859375 0.841309 0.009375 0.843262 0.0152344 0.839844 0.0230469 0.829102 0.0367188 0.803223 0.0386719 0.797852 0.0457031 0.789062
1 0.297266 0.79834 0.297656 0.804688 0.300781 0.810059 0.305391 0.814893 0.312109 0.821289 0.317578 0.829102 0.319844 0.834375 0.329766 0.851904 0.336875 0.86333 0.341484 0.866602 0.340508 0.857812 0.338164 0.852148 0.336719 0.847656 0.331328 0.83833 0.328437 0.834521 0.325664 0.830469 0.323281 0.827441 0.32125 0.823096 0.31875 0.819824 0.316406 0.816895 0.313672 0.81543 0.308594 0.809082 0.302344 0.798828 0.299609 0.797363
1 0.149766 0.234375 0.150234 0.2396 0.152305 0.245361 0.158242 0.247998 0.165313 0.250439 0.166719 0.251367 0.169336 0.252246 0.171172 0.252881 0.173242 0.253369 0.174961 0.254004 0.177344 0.255029 0.178164 0.255469 0.180898 0.25708 0.182383 0.258008 0.183711 0.258643 0.185703 0.259668 0.191016 0.262695 0.194141 0.262207 0.19375 0.256348 0.188672 0.25 0.185938 0.248047 0.169531 0.243652 0.164062 0.239746 0.152773 0.234082
1 0.900938 0.785303 0.90293 0.788965 0.910078 0.790723 0.915625 0.795117 0.920156 0.797852 0.925273 0.801514 0.931797 0.806641 0.934102 0.806934 0.936836 0.808057 0.940312 0.809668 0.945312 0.812988 0.960938 0.818359 0.963672 0.818359 0.964453 0.816895 0.964844 0.8125 0.964063 0.810547 0.959375 0.806152 0.950781 0.805176 0.94375 0.799316 0.935937 0.79834 0.927734 0.79248 0.924687 0.78877 0.918398 0.785547 0.905117 0.784033
1 0.848906 0.135645 0.847969 0.141016 0.851562 0.149121 0.855078 0.152686 0.858398 0.157764 0.873711 0.175 0.883047 0.185596 0.887852 0.185156 0.871406 0.158545 0.867344 0.155225 0.863867 0.149756 0.860156 0.144678 0.855703 0.136328
1 0.371484 0.715332 0.368359 0.713379 0.357031 0.716797 0.336328 0.719238 0.326562 0.722168 0.315234 0.727539 0.310937 0.730957 0.307812 0.73584 0.309375 0.739258 0.311719 0.739258 0.319922 0.733887 0.351953 0.726074 0.356641 0.723633 0.364844 0.72168 0.369531 0.719238
1 0.852734 0.120605 0.852734 0.125488 0.858984 0.134277 0.859375 0.136719 0.861719 0.140137 0.8625 0.14502 0.865234 0.147461 0.869375 0.155713 0.877344 0.167627 0.884336 0.179199 0.888984 0.184375 0.893555 0.183154 0.89168 0.178516 0.887773 0.174902 0.883672 0.165479 0.878359 0.155127 0.875547 0.149072 0.871484 0.13916 0.867969 0.13623 0.865234 0.129883 0.857812 0.120117 0.853906 0.119141
1 0.0730469 0.476562 0.0695313 0.476562 0.0492187 0.484375 0.0382813 0.486328 0.0304687 0.489258 0.0167969 0.496094 0.0132812 0.499512 0.0128906 0.501465 0.0148437 0.503906 0.01875 0.503906 0.0304687 0.498535 0.053125 0.493652 0.0589844 0.491211 0.0632812 0.487305 0.0722656 0.481934
1 0.885586 0.15 0.885391 0.15332 0.884102 0.156982 0.882812 0.158252 0.881836 0.159863 0.880625 0.161377 0.879258 0.163281 0.878164 0.164453 0.877031 0.165625 0.874492 0.168457 0.873945 0.168604 0.872539 0.169922 0.869883 0.172266 0.867031 0.174316 0.863281 0.177441 0.86 0.180127 0.856133 0.183154 0.849336 0.18667 0.844531 0.189941 0.838281 0.195801 0.834492 0.195752 0.835547 0.191895 0.839453 0.187012 0.853125 0.173828 0.866797 0.165039 0.869531 0.162109 0.875078 0.157129 0.879961 0.151172 0.883789 0.148193
1 0.125 0.230469 0.125781 0.23291 0.136719 0.231445 0.145313 0.23291 0.150039 0.233594 0.15457 0.234277 0.159297 0.235205 0.1625 0.236816 0.170703 0.239258 0.174219 0.243164 0.176953 0.244629 0.181758 0.243701 0.183047 0.240723 0.180625 0.237793 0.175781 0.234375 0.165898 0.229053 0.159766 0.22666 0.1375 0.224609 0.126953 0.227539
1 0.362656 0.833203 0.360547 0.825586 0.357227 0.833887 0.353672 0.839111 0.346875 0.840332 0.340234 0.839844 0.336602 0.838281 0.321758 0.832373 0.322734 0.836963 0.327891 0.842676 0.343477 0.847852 0.353984 0.846631 0.360312 0.840137
1 0.164492 0.224365 0.161719 0.223145 0.157812 0.250977 0.156641 0.259277 0.154297 0.265625 0.153516 0.272461 0.150781 0.282715 0.149609 0.303711 0.151523 0.312598 0.15375 0.309473 0.156641 0.291992 0.162109 0.271484 0.162891 0.263672 0.165234 0.257324 0.167773 0.229053
1 0.274219 0.769531 0.275781 0.773438 0.279297 0.776367 0.285938 0.779785 0.295703 0.78125 0.298047 0.782715 0.308203 0.78125 0.333594 0.781738 0.337109 0.779785 0.337109 0.777832 0.334766 0.774414 0.330078 0.772949 0.292578 0.772461 0.283594 0.771484 0.279687 0.768555 0.275391 0.768066
1 0.0535156 0.813477 0.0492187 0.814453 0.0433594 0.819824 0.0363281 0.831055 0.0273438 0.853027 0.0234375 0.866699 0.0230469 0.875977 0.0234375 0.881348 0.0246094 0.882812 0.0269531 0.881348 0.0273438 0.877441 0.0433594 0.839844 0.05 0.827148 0.0539063 0.822754 0.0550781 0.819824 0.0550781 0.816895
1 0.396563 0.832666 0.38832 0.83125 0.378008 0.839551 0.374844 0.843604 0.372578 0.847363 0.369141 0.849951 0.366172 0.854736 0.361719 0.857861 0.355859 0.861328 0.346719 0.862354 0.343867 0.86582 0.352305 0.868213 0.356875 0.867969 0.360156 0.866406 0.3625 0.865234 0.368438 0.859082 0.372656 0.855469 0.380859 0.846143 0.388477 0.839404 0.399141 0.835693
1 0.387305 0.822363 0.383906 0.824805 0.382852 0.826904 0.382109 0.828613 0.381953 0.831445 0.379141 0.834961 0.371797 0.840186 0.368359 0.842627 0.364844 0.845215 0.360859 0.848242 0.351016 0.852539 0.351875 0.857178 0.357187 0.85791 0.361719 0.856445 0.366797 0.854492 0.36875 0.851562 0.372383 0.849902 0.377773 0.84585 0.382617 0.841455 0.387031 0.837793 0.38707 0.833008 0.388359 0.827588
1 0.125391 0.893066 0.123438 0.895508 0.123828 0.897461 0.136719 0.925293 0.142187 0.94043 0.144531 0.955566 0.146094 0.958496 0.147656 0.958496 0.150781 0.955078 0.151172 0.948242 0.147266 0.928711 0.142578 0.915527 0.136328 0.904297 0.128516 0.894043
1 0.630469 0.630859 0.629297 0.632324 0.629297 0.635742 0.631641 0.64209 0.644141 0.660156 0.646875 0.66748 0.658203 0.683594 0.661328 0.691406 0.6625 0.692871 0.665625 0.693848 0.666406 0.692383 0.665625 0.68457 0.658203 0.668945 0.641406 0.642578 0.633594 0.632324
1 0.676953 0.59375 0.675391 0.59668 0.675391 0.607422 0.676562 0.612793 0.680078 0.620117 0.700391 0.647949 0.704297 0.650879 0.707812 0.649902 0.708984 0.648438 0.708984 0.645996 0.705859 0.639648 0.683594 0.608887 0.678906 0.594727
1 0.883555 0.741699 0.881992 0.744971 0.882031 0.750977 0.884766 0.765137 0.893437 0.777734 0.904062 0.789111 0.912109 0.791992 0.914062 0.791504 0.914844 0.789062 0.911328 0.786133 0.908203 0.781738 0.90293 0.77627 0.894141 0.766113 0.890625 0.759766 0.887891 0.748535 0.887227 0.743262
1 0.310156 0.634277 0.307031 0.635254 0.306641 0.644043 0.304297 0.660156 0.300391 0.671875 0.29375 0.678223 0.285156 0.682617 0.283594 0.685059 0.284375 0.688477 0.285938 0.689453 0.290234 0.689453 0.297266 0.687012 0.302734 0.682617 0.309766 0.67334 0.313281 0.659668 0.312891 0.64209 0.311328 0.635742
1 0.317227 0.80293 0.315156 0.804932 0.316797 0.809277 0.320312 0.813965 0.321172 0.823779 0.323047 0.828125 0.325391 0.833496 0.328906 0.835938 0.332539 0.839648 0.335859 0.84458 0.339922 0.854541 0.340469 0.849609 0.335313 0.835547 0.330859 0.824219 0.327734 0.816895 0.321875 0.807617
1 0.917578 0.796875 0.915234 0.796387 0.905469 0.816895 0.897656 0.837891 0.894531 0.84375 0.888672 0.850586 0.888281 0.853516 0.889062 0.85498 0.892578 0.85498 0.897266 0.851074 0.906641 0.838379 0.916797 0.814941 0.919922 0.804199 0.919961 0.801123
1 0.4125 0.46582 0.408594 0.461914 0.394922 0.462891 0.373047 0.466797 0.369531 0.468262 0.365234 0.468262 0.357812 0.470215 0.356641 0.472168 0.357812 0.474609 0.360156 0.475586 0.372266 0.473633 0.396094 0.472656 0.409766 0.46875 0.412109 0.467285
1 0.599609 0.849609 0.598828 0.851562 0.599609 0.861328 0.607422 0.87207 0.630469 0.89209 0.634375 0.894531 0.6375 0.89502 0.640234 0.893555 0.641016 0.890625 0.638281 0.886719 0.622656 0.874023 0.608203 0.858887 0.605859 0.854004 0.604297 0.84668 0.602734 0.84668
1 0.383203 0.665527 0.380078 0.664551 0.374219 0.668945 0.365625 0.671875 0.353125 0.671875 0.336719 0.674316 0.321875 0.67334 0.319141 0.674805 0.318359 0.677246 0.320703 0.681641 0.326172 0.683105 0.360938 0.681641 0.374609 0.677246 0.383203 0.666992
1 0.981641 0.769043 0.980078 0.770996 0.980078 0.774902 0.983984 0.784668 0.988672 0.803223 0.988281 0.813477 0.989844 0.817383 0.989453 0.823242 0.990625 0.825684 0.99375 0.82666 0.996094 0.824219 0.996875 0.820312 0.996875 0.810547 0.994922 0.792969 0.992578 0.78418 0.989062 0.776367 0.983203 0.769531
1 0.864258 0.164502 0.861914 0.168652 0.859062 0.180762 0.856484 0.197754 0.854453 0.206787 0.854023 0.213867 0.853711 0.216992 0.852969 0.219189 0.852227 0.224707 0.851172 0.234521 0.852617 0.236816 0.855742 0.23457 0.857422 0.231934 0.861914 0.210693 0.862891 0.206055 0.864062 0.202148 0.868477 0.172559
1 0.168008 0.530176 0.181641 0.538916 0.197773 0.539893 0.204805 0.536084 0.20957 0.527783 0.207852 0.520117 0.196563 0.533496 0.179102 0.529102
1 0.298828 0.783203 0.298438 0.788574 0.300391 0.789551 0.307031 0.789551 0.31875 0.79541 0.335938 0.807129 0.341797 0.815918 0.344141 0.815918 0.344531 0.8125 0.342578 0.806152 0.339062 0.799316 0.334766 0.79541 0.322266 0.787598 0.317188 0.785645 0.311719 0.78125 0.302344 0.780762
1 0.141562 0.535156 0.144531 0.53418 0.149609 0.534668 0.158203 0.540527 0.169141 0.553223 0.19082 0.577783 0.190781 0.577832 0.189336 0.582666 0.184492 0.582324 0.176328 0.574805 0.155469 0.55249 0.146094 0.545898 0.142187 0.539062 0.141055 0.537061
1 0.316797 0.86377 0.316797 0.866699 0.317969 0.868164 0.323437 0.869141 0.331211 0.871777 0.342617 0.877051 0.350508 0.880273 0.361719 0.883789 0.369531 0.882812 0.372266 0.881348 0.369922 0.876953 0.366016 0.874512 0.353516 0.870117 0.34668 0.868652 0.336328 0.865723 0.331641 0.864746 0.327344 0.862305 0.321875 0.860889 0.317578 0.861816
1 0.411328 0.818359 0.411719 0.824219 0.416016 0.827637 0.433594 0.835449 0.443359 0.842773 0.452734 0.846191 0.458203 0.850098 0.461719 0.850098 0.463281 0.848633 0.462891 0.845703 0.455078 0.836914 0.439453 0.82666 0.419531 0.818359 0.413281 0.817383
1 0.455859 0.884326 0.444141 0.893555 0.440508 0.896582 0.436719 0.898926 0.427422 0.905469 0.422031 0.909863 0.415625 0.918457 0.411719 0.927246 0.408945 0.928418 0.40625 0.926758 0.407813 0.918457 0.416016 0.905273 0.426953 0.894531 0.440352 0.885352 0.451406 0.881738
1 0.850391 0.430664 0.848828 0.427734 0.845703 0.42627 0.831641 0.42627 0.798438 0.438477 0.786719 0.441895 0.786328 0.443848 0.7875 0.446777 0.792969 0.446777 0.8375 0.433594 0.849219 0.433105 0.850391 0.432129
1 0.335547 0.871094 0.330859 0.868652 0.329297 0.869141 0.319922 0.878418 0.309375 0.88623 0.290625 0.897949 0.282422 0.901367 0.282031 0.905762 0.287109 0.906738 0.295703 0.904297 0.302734 0.900879 0.307031 0.896484 0.314844 0.89209 0.322656 0.884766 0.334766 0.876465 0.335938 0.873047
1 0.524219 0.812012 0.524609 0.81543 0.527344 0.817383 0.53668 0.815723 0.545977 0.819629 0.551953 0.822754 0.565 0.826367 0.576797 0.834668 0.575898 0.82666 0.55625 0.813477 0.540625 0.809082 0.528125 0.80957
1 0.303125 0.314941 0.301563 0.318359 0.301953 0.329102 0.306641 0.342285 0.319922 0.366211 0.326172 0.374023 0.328516 0.375 0.33125 0.374512 0.331641 0.369141 0.330859 0.367188 0.324219 0.359863 0.319922 0.352051 0.313672 0.337402 0.307812 0.32666 0.305859 0.316406
1 0.18125 0.541992 0.177734 0.544434 0.174609 0.552393 0.171484 0.5625 0.172656 0.568848 0.171094 0.576172 0.172266 0.597168 0.171875 0.603516 0.172656 0.607422 0.171875 0.617676 0.173437 0.620605 0.176563 0.620117 0.178516 0.617676 0.178906 0.584473 0.180078 0.578613 0.178906 0.558594 0.182031 0.544434
1 0.417969 0.987793 0.416406 0.984375 0.405859 0.98584 0.398828 0.984863 0.396875 0.98584 0.387109 0.986328 0.383984 0.987793 0.380859 0.991211 0.377344 0.992676 0.365625 0.992188 0.361719 0.993164 0.360547 0.994141 0.360156 0.999023 0.360547 1 0.399961 0.999023 0.417187 0.990234
1 0.372656 0.486328 0.370703 0.484375 0.366797 0.484863 0.360938 0.490723 0.323828 0.512695 0.318359 0.51416 0.310937 0.518066 0.309375 0.520996 0.310547 0.521973 0.323203 0.519824 0.344922 0.510254 0.369922 0.493652 0.371875 0.490723
1 0.401562 0.445801 0.401172 0.447754 0.402734 0.453125 0.421484 0.475586 0.425391 0.483398 0.43125 0.5 0.439453 0.51123 0.44375 0.511719 0.44375 0.509277 0.441016 0.506348 0.431641 0.47998 0.423828 0.465332 0.414844 0.455078 0.409766 0.451172 0.405078 0.444824
1 0.0597656 0.490234 0.0597656 0.491699 0.0617188 0.494141 0.0734375 0.49707 0.0851563 0.501953 0.103906 0.507812 0.111719 0.507324 0.113672 0.506348 0.115234 0.50293 0.115234 0.500977 0.103125 0.498047 0.0960938 0.492676 0.0917969 0.492676 0.0800781 0.487793 0.0640625 0.486816
1 0.442969 0.892676 0.439883 0.899268 0.435937 0.918457 0.436719 0.924316 0.436328 0.940918 0.434766 0.949707 0.434766 0.956543 0.435937 0.958496 0.439063 0.958008 0.440234 0.956543 0.441797 0.949219 0.44375 0.925293 0.44375 0.914062 0.444531 0.911133 0.444531 0.90625
1 0.245312 0.65625 0.242969 0.65625 0.235937 0.661621 0.224219 0.672852 0.217188 0.681152 0.211328 0.689941 0.208984 0.695312 0.209375 0.70166 0.211328 0.706055 0.216406 0.707031 0.21875 0.705078 0.219531 0.696777 0.236328 0.67627 0.237891 0.672363 0.244922 0.662598 0.246094 0.658203
1 0.868047 0.186377 0.866875 0.189062 0.869219 0.197559 0.874648 0.212012 0.876953 0.221191 0.880195 0.229102 0.884141 0.237158 0.886797 0.240381 0.890234 0.241211 0.893359 0.241211 0.896445 0.24043 0.897383 0.236475 0.893164 0.23291 0.888789 0.228467 0.885547 0.222412 0.883984 0.217773 0.878516 0.205078 0.875391 0.193359 0.872109 0.187891
1 0.11875 0.429199 0.118359 0.432617 0.120703 0.436035 0.124609 0.445312 0.129688 0.461914 0.132812 0.469238 0.133594 0.474121 0.132812 0.480957 0.142969 0.491699 0.147266 0.493652 0.148828 0.491699 0.148828 0.489746 0.143359 0.478516 0.139453 0.463379 0.132812 0.44873 0.13125 0.442871 0.128125 0.439453 0.123438 0.431641
1 0.878555 0.189697 0.864805 0.189355 0.849531 0.197266 0.839648 0.203125 0.833594 0.208008 0.828906 0.212891 0.828203 0.21748 0.830625 0.223633 0.836328 0.215234 0.841914 0.20918 0.850703 0.203809 0.860117 0.199219 0.868047 0.197949
1 0.137109 0.438477 0.135937 0.440918 0.136328 0.442871 0.169141 0.483398 0.177344 0.490234 0.18125 0.490234 0.180859 0.485352 0.15 0.446777 0.139453 0.437988
1 0.200469 0.524414 0.199805 0.523389 0.201563 0.525391 0.197266 0.52002 0.194922 0.519043 0.172656 0.520508 0.166016 0.522949 0.158203 0.52793 0.154688 0.530273 0.152734 0.533691 0.152734 0.535645 0.155469 0.536621 0.162109 0.534668 0.164258 0.532178 0.16918 0.529541 0.174219 0.527832 0.179609 0.528662 0.182539 0.5271 0.187969 0.527393 0.192969 0.525781 0.196563 0.524707 0.199961 0.526709 0.201641 0.525537 0.201328 0.525244
1 0.431641 0.608398 0.432031 0.612793 0.438281 0.618652 0.451562 0.627441 0.483594 0.641602 0.486719 0.64209 0.4875 0.640625 0.487891 0.636719 0.487109 0.634766 0.48125 0.630371 0.469531 0.625488 0.449609 0.614746
1 0.381055 0.827588 0.386445 0.829297 0.400312 0.833984 0.411719 0.84292 0.422578 0.855811 0.425938 0.862451 0.425391 0.852539 0.416641 0.839111 0.400234 0.823193 0.388437 0.820361
1 0.917109 0.775391 0.913047 0.778516 0.923242 0.787012 0.930859 0.792969 0.947773 0.803613 0.966016 0.810693 0.969336 0.807813 0.948594 0.797217 0.941016 0.788086 0.927109 0.778906
1 0.936094 0.777539 0.936289 0.780957 0.939141 0.78623 0.943867 0.789844 0.951172 0.794434 0.955977 0.798389 0.958594 0.800488 0.96207 0.801855 0.965234 0.805664 0.970703 0.808691 0.978906 0.813965 0.984805 0.815283 0.990234 0.815723 0.989727 0.812354 0.985742 0.808105 0.978516 0.804688 0.972266 0.801758 0.970703 0.798828 0.962891 0.794434 0.959062 0.791211 0.955078 0.789062 0.94875 0.781836 0.944453 0.779541 0.941914 0.777881 0.938594 0.775293
1 0.848359 0.208008 0.843125 0.211182 0.848516 0.216309 0.865508 0.228809 0.879141 0.237451 0.891797 0.242188 0.899609 0.23877 0.903555 0.235986 0.899609 0.232422 0.891445 0.226025 0.885273 0.225 0.882148 0.222412 0.87707 0.218799 0.871172 0.217285 0.86875 0.216309 0.866016 0.214355 0.853789 0.208838
1 0.30625 0.828613 0.304688 0.832031 0.305078 0.833984 0.315234 0.842285 0.322266 0.852051 0.326094 0.856055 0.329297 0.861816 0.335977 0.871484 0.337695 0.867236 0.332969 0.854688 0.331055 0.85083 0.326523 0.845117 0.324219 0.841309 0.323437 0.837402 0.316914 0.831836 0.307422 0.828125
1 0.112109 0.933105 0.109766 0.933594 0.107813 0.936035 0.101953 0.955566 0.0988281 0.977539 0.0988281 1 0.104688 1 0.105469 0.998047 0.110937 0.954102 0.114062 0.9375 0.113672 0.934082
1 0.835156 0.330078 0.836328 0.334961 0.841016 0.34375 0.851953 0.36084 0.85625 0.366211 0.861328 0.369629 0.863672 0.369141 0.863672 0.364258 0.861328 0.35791 0.857031 0.353516 0.851562 0.344238 0.838281 0.32959
1 0.485938 0.285156 0.482031 0.28418 0.478516 0.285645 0.466016 0.297852 0.455859 0.309082 0.442578 0.326172 0.441016 0.330078 0.441797 0.33252 0.443359 0.333984 0.445312 0.333496 0.451953 0.328125 0.459375 0.317383 0.472266 0.305664 0.476562 0.297852 0.485938 0.286621
1 0.745313 0.538086 0.741016 0.538574 0.736719 0.541992 0.730469 0.554688 0.724219 0.587402 0.723828 0.602539 0.725 0.604492 0.728125 0.603516 0.729297 0.601562 0.730469 0.590332 0.735938 0.573242 0.738672 0.553223 0.742969 0.546387 0.746484 0.543945 0.747656 0.540527
1 0.941406 0.933105 0.940625 0.930176 0.938672 0.929199 0.931641 0.932617 0.924609 0.93457 0.914453 0.935059 0.905469 0.937012 0.880859 0.947754 0.878906 0.950684 0.880469 0.953613 0.889062 0.953613 0.892578 0.952148 0.903516 0.950684 0.917188 0.945312 0.931641 0.943848 0.939453 0.94043 0.941016 0.937988
1 0.188672 0.221191 0.187109 0.229492 0.185469 0.234033 0.183086 0.238818 0.181172 0.244727 0.17918 0.251807 0.176641 0.257812 0.172852 0.265332 0.163281 0.270605 0.16418 0.276025 0.173203 0.274658 0.183086 0.264941 0.186719 0.250781 0.188867 0.246436 0.189844 0.241699 0.191016 0.229492 0.191016 0.222168
1 0.576953 0.80127 0.575391 0.800781 0.560547 0.816406 0.555078 0.819336 0.546484 0.82959 0.540234 0.833496 0.538672 0.835938 0.538672 0.838379 0.542578 0.839355 0.553125 0.834473 0.5625 0.825684 0.565234 0.824219 0.567969 0.819336 0.576172 0.809082 0.577344 0.805176
1 0.638281 0.0185547 0.634766 0.0180664 0.619141 0.0327148 0.610547 0.0429688 0.60625 0.0498047 0.604297 0.0571289 0.601562 0.0625 0.592969 0.0712891 0.594141 0.0751953 0.602344 0.0717773 0.607422 0.0668945 0.618359 0.0478516 0.625 0.0390625 0.6375 0.0263672 0.638672 0.0234375
1 0.597656 0.710938 0.596875 0.709473 0.594922 0.709473 0.582422 0.717773 0.575 0.724121 0.560547 0.731934 0.554688 0.736816 0.543359 0.740723 0.545703 0.744141 0.553906 0.744629 0.573047 0.736816 0.595313 0.71875 0.597656 0.715332
1 0.09375 0.490234 0.0953125 0.493164 0.0996094 0.494141 0.106641 0.48877 0.117969 0.48584 0.132812 0.485352 0.140234 0.487793 0.142969 0.491699 0.145313 0.492676 0.148438 0.491699 0.146484 0.484863 0.142578 0.479492 0.138672 0.47998 0.134766 0.477539 0.127734 0.476562 0.116797 0.476562 0.104297 0.47998 0.0964844 0.485352
1 0.599609 0.705078 0.598437 0.708496 0.598828 0.711426 0.608984 0.728027 0.620313 0.750977 0.630469 0.763672 0.634375 0.765137 0.634766 0.763184 0.631641 0.755371 0.628906 0.751465 0.619922 0.730469 0.607422 0.710449 0.604297 0.707031
1 0.134375 0.548828 0.154297 0.553174 0.173359 0.562646 0.16707 0.565771 0.161055 0.56416 0.15332 0.563184 0.147578 0.563086 0.138828 0.562646 0.135781 0.560547 0.125781 0.560059 0.123438 0.556152 0.123438 0.552734 0.129102 0.549463
1 0.442578 0.608887 0.444141 0.61084 0.448437 0.61377 0.463672 0.618652 0.483984 0.621094 0.494922 0.619629 0.497656 0.618164 0.497656 0.614746 0.495703 0.612305 0.482422 0.612793 0.470703 0.611328 0.448047 0.605957 0.443359 0.605957
1 0.549609 0.694824 0.548047 0.694336 0.545312 0.695801 0.542578 0.699707 0.525391 0.733398 0.521094 0.74707 0.520703 0.761719 0.522266 0.761719 0.526172 0.757812 0.527344 0.749023 0.537891 0.727051 0.544531 0.709961 0.549609 0.701172
1 0.895508 0.125195 0.873359 0.136719 0.863477 0.14082 0.860313 0.143408 0.856875 0.145459 0.853438 0.147998 0.849219 0.150391 0.845313 0.15332 0.839844 0.161621 0.836719 0.163086 0.837109 0.166504 0.842578 0.165527 0.845313 0.161621 0.850781 0.15918 0.854648 0.156543 0.861758 0.153174 0.869766 0.14834 0.875078 0.145459 0.888242 0.138281 0.898516 0.130908
1 0.124297 0.581396 0.12918 0.57832 0.125664 0.573291 0.114648 0.576172 0.103164 0.578564 0.0925781 0.581543 0.0753906 0.58252 0.0734375 0.583984 0.0734375 0.586914 0.075 0.589355 0.0988672 0.586865 0.107422 0.585449 0.1225 0.582812
1 0.0773047 0.161963 0.0796094 0.16416 0.0892969 0.163086 0.0975781 0.161621 0.104688 0.161621 0.116406 0.166016 0.126172 0.17334 0.128906 0.172852 0.129688 0.170898 0.129688 0.167969 0.126953 0.162598 0.11875 0.156738 0.110937 0.152832 0.0992187 0.151855 0.0960938 0.15332 0.0929688 0.153174 0.0896875 0.154834 0.0867187 0.155762 0.0821484 0.157812
1 0.134766 0.563477 0.130859 0.560547 0.126172 0.560547 0.119922 0.565918 0.103906 0.574219 0.0957031 0.580078 0.0925 0.58252 0.0919141 0.587402 0.0957812 0.589355 0.107031 0.587402 0.110937 0.587402 0.122656 0.583008 0.126562 0.580078 0.1325 0.56792
2 0.0984375 0.128418 0.0972656 0.12793 0.0949219 0.12793 0.09375 0.129395 0.0921875 0.133789 0.090625 0.140137 0.0898438 0.141113 0.0882813 0.14502 0.0878906 0.147461 0.0867187 0.149902 0.0851563 0.155762 0.0820312 0.161621 0.0816406 0.164551 0.08125 0.165039 0.0808594 0.170898 0.0804688 0.171387 0.0804688 0.172852 0.0796875 0.175293 0.0796875 0.177246 0.0785156 0.181641 0.0785156 0.184082 0.078125 0.18457 0.078125 0.187012 0.0777344 0.1875 0.0777344 0.189941 0.0773438 0.19043 0.0773438 0.195312 0.0789062 0.197754 0.0804688 0.197754 0.0820312 0.195312 0.0832031 0.190918 0.0855469 0.185547 0.0867187 0.179688 0.0890625 0.174316 0.0894531 0.172363 0.0917969 0.167969 0.0929688 0.163574 0.0941406 0.161621 0.09375 0.158691 0.0949219 0.15625 0.0957031 0.155762 0.096875 0.153809 0.0976562 0.150879 0.0976562 0.147461 0.0980469 0.146973 0.0984375 0.143555 0.100391 0.13623 0.100391 0.130371
1 0.877734 0.381348 0.877344 0.379395 0.874609 0.375977 0.874219 0.374023 0.873047 0.371582 0.865234 0.366699 0.8625 0.366699 0.862109 0.366211 0.860156 0.366211 0.859766 0.366699 0.852734 0.366699 0.850781 0.367676 0.845313 0.367676 0.844922 0.368164 0.842969 0.368164 0.842578 0.368652 0.841406 0.368652 0.839453 0.367676 0.834375 0.367676 0.833594 0.368652 0.834375 0.370117 0.835547 0.370605 0.8375 0.372559 0.841797 0.374023 0.846484 0.376953 0.849219 0.376953 0.849609 0.377441 0.862891 0.377441 0.863281 0.37793 0.865625 0.37793 0.867188 0.379395 0.868359 0.384766 0.869141 0.385742 0.873437 0.38623 0.876172 0.384277
1 0.475508 0.944482 0.470703 0.93457 0.463281 0.921387 0.459375 0.909668 0.450313 0.889014 0.438945 0.869922 0.437031 0.87207 0.446484 0.896973 0.449609 0.911133 0.45625 0.922852 0.463672 0.94043 0.471484 0.952002 0.473008 0.953271 0.475391 0.952002 0.477227 0.950391
1 0.478242 0.95127 0.476797 0.950879 0.47543 0.951611 0.47457 0.952148 0.47332 0.953662 0.472969 0.957178 0.471016 0.96543 0.469922 0.973145 0.469531 0.999023 0.469922 1 0.475391 1 0.476562 0.983398 0.480078 0.966797 0.479687 0.959961 0.478789 0.952637
