1 0.0105469 0.547852 0.0113281 0.550781 0.0265625 0.561035 0.0308594 0.56543 0.034375 0.566406 0.0363281 0.564453 0.034375 0.558105 0.0285156 0.55127 0.0144531 0.54541 0.0128906 0.54541
2 0.187109 0.661133 0.180469 0.65918 0.171875 0.661621 0.169141 0.665527 0.169531 0.673828 0.173828 0.678223 0.178516 0.678711 0.183594 0.674316 0.1875 0.666504
1 0.323047 0.602539 0.317188 0.601074 0.313281 0.604492 0.304297 0.618164 0.303125 0.624512 0.304688 0.628418 0.30625 0.629395 0.311328 0.629395 0.319531 0.625 0.323047 0.621582 0.325781 0.614746 0.325781 0.60791
1 0.396094 0.246582 0.395313 0.25293 0.399609 0.264648 0.403906 0.268555 0.408203 0.268066 0.409375 0.266602 0.409766 0.261719 0.405469 0.250977 0.4 0.246582
1 0.422266 0.484863 0.422266 0.486816 0.425391 0.490723 0.429297 0.492188 0.438672 0.491699 0.441406 0.48877 0.441406 0.484863 0.439453 0.482422 0.436328 0.480957 0.427734 0.480469 0.425391 0.481445
1 0.145313 0.705078 0.145313 0.710449 0.149219 0.715332 0.156641 0.719238 0.159766 0.719238 0.1625 0.716797 0.161719 0.713379 0.157422 0.708984 0.149609 0.705078
1 0.849609 0.661621 0.844922 0.661621 0.842187 0.665527 0.840625 0.67041 0.841406 0.680664 0.842969 0.683594 0.844922 0.68457 0.848047 0.682129 0.851953 0.670898 0.852344 0.665039
1 0.995313 0.573242 0.992188 0.571777 0.989062 0.571777 0.977734 0.576172 0.976953 0.580078 0.981641 0.584473 0.987109 0.584961 0.994922 0.579102
1 0.779687 0.908691 0.777734 0.905273 0.771484 0.904297 0.762891 0.907227 0.759766 0.90918 0.758594 0.912109 0.762891 0.916992 0.769141 0.917969 0.774219 0.916016 0.779687 0.911621
1 0.140625 0.0161133 0.141406 0.0195312 0.145703 0.0234375 0.15625 0.0249023 0.159766 0.0229492 0.158984 0.0180664 0.150391 0.00830078 0.145703 0.00927734
1 0.585547 0.107422 0.580469 0.107422 0.576172 0.111328 0.574219 0.118652 0.574609 0.123535 0.576172 0.126465 0.580859 0.126953 0.585547 0.121094 0.587109 0.109375
2 0.703516 0.889648 0.701953 0.888672 0.696875 0.888672 0.693359 0.890625 0.691016 0.893555 0.685547 0.907715 0.685547 0.912109 0.687891 0.916504 0.689063 0.91748 0.693359 0.916992 0.698047 0.910645 0.699609 0.904785 0.703516 0.896484 0.704297 0.892578
1 0.369531 0.555176 0.368359 0.557129 0.368359 0.560547 0.371875 0.568359 0.377344 0.574219 0.380859 0.575684 0.384375 0.575195 0.385156 0.574219 0.384766 0.569824 0.38125 0.563477 0.377734 0.559082 0.373828 0.556152
1 0.24375 0.510254 0.242188 0.513672 0.243359 0.52002 0.248047 0.527344 0.250391 0.528809 0.252734 0.528809 0.254297 0.525879 0.254297 0.519043 0.249609 0.512207 0.247656 0.510742
1 0.287109 0.49707 0.282422 0.498047 0.279297 0.503418 0.278516 0.51123 0.279687 0.514648 0.282031 0.516602 0.285938 0.515625 0.289062 0.509766 0.289453 0.500977
1 0.350391 0.574219 0.349219 0.573242 0.34375 0.573242 0.338281 0.575195 0.335156 0.579102 0.334766 0.584473 0.336719 0.586426 0.342187 0.586426 0.346875 0.584473 0.350781 0.580078
1 0.107031 0.474609 0.10625 0.475586 0.10625 0.481934 0.110156 0.490234 0.112891 0.493164 0.115234 0.494141 0.119531 0.492676 0.120313 0.489258 0.116406 0.47998 0.112109 0.475098
1 0.161719 0.208008 0.158594 0.208008 0.154297 0.210938 0.149609 0.222656 0.149609 0.227539 0.150391 0.228516 0.155469 0.228516 0.161719 0.219238 0.162891 0.216309 0.162891 0.210938
1 0.348047 0.90918 0.345703 0.90625 0.337109 0.906738 0.33125 0.911621 0.330078 0.916992 0.332813 0.919922 0.341406 0.918945 0.346875 0.914551 0.348047 0.912109
1 0.201172 0.134766 0.196875 0.132812 0.189062 0.133789 0.184766 0.138184 0.183984 0.14502 0.185547 0.146973 0.190234 0.146973 0.192969 0.145508 0.200391 0.13916
1 0.55625 0.675781 0.553906 0.674316 0.55 0.674316 0.546875 0.675781 0.540234 0.682129 0.538281 0.686035 0.538672 0.687988 0.541016 0.689941 0.544531 0.689941 0.551562 0.687012 0.555469 0.681641
1 0.908984 0.277344 0.903906 0.278809 0.900781 0.284668 0.899609 0.296875 0.903516 0.301758 0.908594 0.301758 0.911328 0.294922 0.9125 0.28125 0.911719 0.279297
1 0.369531 0.362793 0.364453 0.362305 0.358594 0.368164 0.354687 0.378906 0.355859 0.383301 0.358594 0.383301 0.361719 0.381348 0.36875 0.373535 0.369922 0.369629
1 0.879687 0.855957 0.879687 0.858887 0.88125 0.862305 0.889844 0.868652 0.894922 0.870117 0.899609 0.870117 0.901953 0.868164 0.901953 0.865234 0.900781 0.862793 0.892188 0.85498 0.887109 0.853027 0.883594 0.853027 0.880469 0.854492
1 0.106641 0.338867 0.107031 0.345703 0.111328 0.350098 0.122266 0.35498 0.124219 0.354004 0.125391 0.348633 0.122266 0.343262 0.114453 0.337891 0.108984 0.337402
1 0.583594 0.65625 0.583203 0.657715 0.584766 0.662598 0.596094 0.675781 0.598437 0.677246 0.604297 0.677246 0.604297 0.670898 0.596484 0.661133 0.587891 0.65625
1 0.872656 0.978027 0.873047 0.980957 0.876172 0.983887 0.881641 0.983887 0.889844 0.980469 0.891016 0.979004 0.891406 0.974121 0.889062 0.97168 0.88125 0.970703 0.875391 0.973633
1 0.541797 0.530273 0.541016 0.528809 0.536328 0.528809 0.533594 0.532715 0.529687 0.535645 0.525 0.53125 0.519531 0.529785 0.513281 0.529785 0.509766 0.533691 0.509766 0.536621 0.510938 0.540527 0.513672 0.542969 0.519141 0.54248 0.524219 0.543945 0.524609 0.544922 0.523047 0.548828 0.524219 0.550781 0.526953 0.550781 0.539844 0.539551 0.541797 0.534668
1 0.0679687 0.239746 0.0660156 0.238281 0.0601563 0.239258 0.0535156 0.245605 0.0519531 0.252441 0.0550781 0.254883 0.0617188 0.253418 0.0667969 0.246582 0.0683594 0.243164
1 0.0992187 0.606934 0.0996094 0.610352 0.101953 0.612305 0.112109 0.61084 0.116406 0.608398 0.115234 0.604004 0.111328 0.600586 0.103516 0.601562
1 0.650391 0.460938 0.646484 0.461914 0.639844 0.470703 0.637891 0.476074 0.637109 0.481445 0.6375 0.487305 0.639062 0.491699 0.642188 0.492676 0.644531 0.488281 0.649609 0.47168 0.651172 0.462402
1 0.926172 0.977051 0.925781 0.97998 0.927344 0.983887 0.931641 0.988281 0.938281 0.991211 0.944141 0.989746 0.94375 0.984863 0.939063 0.97998 0.930859 0.976074 0.926953 0.976074
2 0.80625 0.584961 0.805078 0.587402 0.805078 0.59082 0.807422 0.597656 0.814844 0.60498 0.817969 0.609863 0.822266 0.61084 0.823438 0.606934 0.819531 0.597168 0.810156 0.587402
1 0.24041 0.869985 0.240062 0.873857 0.239309 0.876182 0.238687 0.879282 0.238895 0.881606 0.239375 0.882896 0.241164 0.883584 0.244195 0.882896 0.248531 0.882207 0.250734 0.880313 0.252387 0.877129 0.253145 0.872568 0.252871 0.866973 0.252871 0.861382 0.254387 0.856904 0.254453 0.853892 0.253559 0.851997 0.252387 0.851914 0.249773 0.854238 0.246535 0.857764 0.244195 0.859917 0.241992 0.863706 0.241164 0.866802
1 0.277215 0.887852 0.273703 0.891035 0.271984 0.894224 0.270813 0.89749 0.270813 0.901538 0.272535 0.905151 0.275496 0.906528 0.27873 0.903516 0.28107 0.899473 0.283551 0.894653 0.287336 0.888198 0.286992 0.885015 0.28582 0.882773 0.283687 0.882173 0.280727 0.883638 0.278523 0.885874
1 0.290848 0.924429 0.287062 0.924595 0.284168 0.926841 0.282313 0.929497 0.282586 0.93208 0.28534 0.935522 0.289125 0.936729 0.294359 0.936641 0.298078 0.933716 0.29966 0.930186 0.298695 0.926401 0.295254 0.924678
1 0.266684 0.956445 0.266613 0.960488 0.266957 0.966255 0.268746 0.971592 0.272328 0.975894 0.275906 0.973306 0.276457 0.969868 0.275906 0.96376 0.275496 0.957822 0.274875 0.951021 0.273086 0.947925 0.270332 0.947837 0.267715 0.950508
1 0.296219 0.957393 0.293395 0.95541 0.291535 0.95395 0.289473 0.954121 0.286922 0.95541 0.284652 0.95937 0.284719 0.965396 0.28541 0.967114 0.289883 0.970557 0.293395 0.971504 0.298902 0.970903 0.302965 0.970474 0.307234 0.96832 0.309988 0.964277 0.309852 0.961006 0.307855 0.958423 0.305652 0.957393 0.302758 0.957305
2 0.616227 0.372114 0.614207 0.367798 0.613016 0.365273 0.61123 0.36334 0.609805 0.364526 0.609207 0.369585 0.609207 0.376426 0.610625 0.381201 0.613133 0.384458 0.615633 0.3852 0.617535 0.383711 0.617895 0.381929 0.617297 0.37583
2 0.675613 0.294912 0.673531 0.292065 0.672344 0.291445 0.669367 0.292559 0.668676 0.293799 0.668676 0.296895 0.670758 0.301729 0.674027 0.304458 0.676805 0.3052 0.678293 0.304458 0.678293 0.302969 0.677203 0.300493 0.676508 0.298633
