1 0.649219 0.456543 0.649609 0.460449 0.651953 0.462402 0.654687 0.463379 0.666016 0.462891 0.66875 0.461426 0.670703 0.458008 0.670703 0.456543 0.667969 0.454102 0.659766 0.452637 0.654297 0.453125
1 0.716016 0.329102 0.714844 0.331543 0.714844 0.340332 0.716797 0.352051 0.719141 0.356445 0.725 0.360352 0.726172 0.359375 0.726562 0.357422 0.726172 0.354004 0.723828 0.348633 0.723828 0.344727 0.722656 0.339844 0.717187 0.329102
1 0.594531 0.290527 0.592969 0.289551 0.590625 0.289551 0.580078 0.294434 0.577344 0.294922 0.575781 0.295898 0.575781 0.300293 0.576562 0.301758 0.579297 0.303711 0.584375 0.303711 0.588672 0.299805 0.594141 0.296387
1 0.614062 0.330078 0.614844 0.331055 0.624219 0.329102 0.628516 0.329102 0.63125 0.330078 0.634766 0.329102 0.634766 0.324219 0.631641 0.320312 0.625781 0.317871 0.621875 0.317871 0.617969 0.319336 0.614453 0.324219
1 0.875781 0.290527 0.874219 0.294434 0.874609 0.301758 0.873828 0.304199 0.873828 0.310547 0.875391 0.314453 0.876563 0.320801 0.878516 0.321289 0.880859 0.320312 0.883984 0.31543 0.883984 0.306641 0.882812 0.299316 0.879687 0.29248 0.877734 0.290527
1 0.882031 0.539062 0.880859 0.537598 0.876953 0.535645 0.869531 0.535645 0.860938 0.540039 0.858203 0.543457 0.858203 0.544434 0.858984 0.54541 0.868359 0.545898 0.880078 0.544434 0.881641 0.54248
1 0.931641 0.565918 0.926953 0.568848 0.922656 0.578613 0.922266 0.590332 0.923828 0.593262 0.928516 0.59375 0.930469 0.592285 0.932422 0.589355 0.933594 0.581055 0.933203 0.568359
1 0.826953 0.347656 0.825391 0.350098 0.824219 0.35791 0.825391 0.382812 0.826953 0.382812 0.830078 0.379883 0.833203 0.374512 0.833203 0.365723 0.830859 0.352051 0.829297 0.348633
1 0.110156 0.287109 0.108984 0.289551 0.108984 0.291992 0.110156 0.297363 0.110352 0.318994 0.111211 0.321924 0.114727 0.32085 0.117969 0.315918 0.120313 0.310059 0.121094 0.306641 0.120703 0.300781 0.11875 0.295898 0.112109 0.287109
1 0.658594 0.153809 0.657422 0.153809 0.65625 0.155762 0.652734 0.166016 0.649609 0.171387 0.649219 0.174316 0.650391 0.17627 0.654297 0.176758 0.655859 0.175781 0.660937 0.17041 0.662109 0.16748 0.662891 0.162598 0.661328 0.158203
1 0.330078 0.513184 0.329297 0.51416 0.328516 0.519531 0.328516 0.525879 0.329688 0.529297 0.335156 0.537598 0.337109 0.54248 0.338672 0.544434 0.341797 0.54541 0.342578 0.544922 0.343359 0.541504 0.343359 0.537109 0.342187 0.530762 0.339844 0.525879 0.334766 0.520996 0.332422 0.514648 0.33125 0.513184
1 0.853516 0.241699 0.853906 0.247559 0.857422 0.251953 0.864453 0.256836 0.870313 0.257324 0.874219 0.254883 0.875391 0.252441 0.875391 0.250977 0.873437 0.248535 0.869141 0.245117 0.861328 0.242676 0.858203 0.240234 0.855859 0.240234
1 0.868359 0.452148 0.86875 0.45752 0.873828 0.460449 0.881602 0.458936 0.884766 0.459473 0.886328 0.458496 0.887891 0.455566 0.8875 0.451172 0.885547 0.450684 0.880195 0.449365 0.873633 0.449365 0.870313 0.449707
1 0.939453 0.313477 0.938281 0.314941 0.9375 0.319824 0.9375 0.32959 0.938672 0.333984 0.942187 0.340332 0.947266 0.34082 0.948047 0.339844 0.947656 0.333496 0.943359 0.314453
1 0.733203 0.857422 0.733594 0.859375 0.735547 0.86084 0.744141 0.861328 0.747266 0.863281 0.751953 0.864258 0.753516 0.862793 0.752734 0.855957 0.749609 0.852051 0.745313 0.849121 0.741797 0.849121 0.739453 0.850098
1 0.141016 0.916016 0.141797 0.921387 0.146484 0.922852 0.15 0.922852 0.155078 0.921387 0.157031 0.919434 0.157812 0.916992 0.157422 0.915039 0.155469 0.913086 0.148438 0.910156 0.146094 0.910156 0.142969 0.912109
1 0.819922 0.888184 0.819922 0.891602 0.825391 0.898926 0.828906 0.900879 0.837891 0.901367 0.841406 0.900391 0.844141 0.897461 0.844141 0.895508 0.842578 0.893555 0.836328 0.890625 0.828516 0.888672 0.823047 0.88623 0.821484 0.88623
1 0.971875 0.615723 0.970313 0.615723 0.96875 0.617676 0.965625 0.627441 0.964844 0.642578 0.966406 0.645508 0.970313 0.64502 0.971484 0.643555 0.973828 0.638184 0.975391 0.632324 0.975781 0.626465 0.974219 0.618164
1 0.208984 0.349121 0.208594 0.348145 0.205859 0.34668 0.200391 0.34668 0.194141 0.348145 0.186328 0.352539 0.182812 0.356445 0.180078 0.35791 0.178984 0.36001 0.179961 0.361816 0.187109 0.360938 0.198047 0.359375 0.201172 0.357422 0.207813 0.35498 0.208984 0.353516
1 0.915234 0.783203 0.911719 0.782227 0.909375 0.785156 0.905469 0.788086 0.901953 0.79541 0.9 0.797852 0.899219 0.801758 0.898047 0.803711 0.896875 0.808594 0.898047 0.811523 0.901172 0.811523 0.903906 0.809082 0.908203 0.803223 0.910156 0.794434 0.915625 0.784668
1 0.666797 0.470703 0.665234 0.471191 0.664453 0.473633 0.660156 0.480957 0.658984 0.485352 0.658594 0.493164 0.659375 0.497559 0.660937 0.5 0.662891 0.5 0.664062 0.498047 0.668359 0.483887 0.66875 0.475586
2 0.791406 0.515625 0.789062 0.515137 0.786328 0.516113 0.78125 0.523438 0.78125 0.526855 0.782422 0.530762 0.784766 0.530762 0.786719 0.529785 0.792578 0.522949 0.792969 0.518555
2 0.860938 0.754883 0.85625 0.754883 0.853125 0.756836 0.85 0.76123 0.847266 0.763672 0.845313 0.768555 0.845313 0.771973 0.846484 0.775391 0.848828 0.776367 0.850391 0.775879 0.852734 0.772461 0.859375 0.76709 0.861328 0.76123
1 0.0933594 0.618164 0.09375 0.62207 0.0945312 0.623047 0.0992187 0.625488 0.10625 0.633789 0.111328 0.63623 0.113672 0.635742 0.115625 0.633789 0.115234 0.630859 0.109766 0.624512 0.108594 0.621582 0.105469 0.618652 0.1 0.616211 0.0957031 0.616211
1 0.873828 0.520508 0.872266 0.519043 0.868359 0.51709 0.862891 0.516602 0.853516 0.520996 0.850781 0.523926 0.850391 0.526367 0.852734 0.528809 0.873047 0.525879 0.874609 0.524902
1 0.856641 0.0551758 0.857812 0.0615234 0.860938 0.0654297 0.864453 0.0683594 0.867969 0.0698242 0.873047 0.0693359 0.877734 0.0664062 0.880078 0.0620117 0.880078 0.0610352 0.878906 0.0600586 0.867188 0.0576172 0.862109 0.0546875
1 0.1125 0.400879 0.111328 0.398926 0.107813 0.397461 0.0996094 0.397949 0.0917969 0.40332 0.0886719 0.407227 0.0882813 0.412109 0.090625 0.413574 0.0929688 0.413574 0.103125 0.408203 0.110547 0.405762 0.1125 0.403809
1 0.905469 0.0854492 0.905078 0.090332 0.908594 0.0952148 0.914062 0.100586 0.919531 0.104004 0.923438 0.103516 0.924219 0.100586 0.923047 0.0947266 0.919922 0.0898438 0.916797 0.0869141 0.9125 0.0844727 0.908203 0.0839844
1 0.787109 0.417969 0.785156 0.415527 0.782813 0.414551 0.775781 0.414551 0.771875 0.415527 0.763281 0.42041 0.756641 0.421875 0.755469 0.42334 0.762109 0.428223 0.769141 0.428711 0.779687 0.42334 0.785547 0.421875
1 0.510547 0.251465 0.510938 0.253418 0.5125 0.254883 0.516406 0.254883 0.525 0.253418 0.533594 0.253418 0.535156 0.251953 0.535156 0.249512 0.534375 0.246582 0.532422 0.244629 0.525781 0.241699 0.521875 0.241699 0.517188 0.244141 0.513672 0.24707
1 0.842578 0.67334 0.837109 0.672852 0.830469 0.675781 0.826562 0.680176 0.825391 0.683594 0.825 0.691406 0.825781 0.695801 0.828906 0.699707 0.830859 0.699707 0.831641 0.69873 0.833594 0.689941 0.835938 0.68457 0.840625 0.679199 0.843359 0.677246 0.84375 0.674805
1 0.103125 0.282227 0.0996094 0.283203 0.0984375 0.290039 0.0960938 0.294434 0.0921875 0.304688 0.0921875 0.314941 0.0953125 0.314453 0.0980469 0.308594 0.103516 0.301074 0.105156 0.29624 0.105859 0.286133
1 0.368359 0.40332 0.367188 0.404785 0.366406 0.407715 0.366797 0.416113 0.367188 0.421875 0.370312 0.433594 0.371875 0.4375 0.373711 0.437402 0.374492 0.432715 0.375 0.426221 0.375 0.416992 0.373437 0.412109 0.371484 0.409668 0.369922 0.404785
1 0.163672 0.987305 0.161719 0.986328 0.158984 0.987793 0.15625 0.991211 0.153906 0.992188 0.148438 0.998047 0.148438 1 0.161328 1 0.164062 0.993164
1 0.491406 0.686523 0.490625 0.685059 0.486719 0.683105 0.482422 0.683105 0.476172 0.685059 0.466016 0.694824 0.466016 0.697266 0.467187 0.69873 0.472266 0.69873 0.482812 0.695801 0.490625 0.691895 0.491797 0.69043
1 0.613672 0.896973 0.614844 0.898438 0.616016 0.898438 0.619141 0.895508 0.638281 0.894531 0.641406 0.893555 0.642188 0.892578 0.642188 0.890625 0.635547 0.885254 0.632422 0.884277 0.625781 0.884277 0.616406 0.890625 0.614453 0.893555
1 0.255469 0.339844 0.251172 0.338867 0.248828 0.340332 0.24375 0.346191 0.240234 0.354492 0.238281 0.36377 0.238281 0.368652 0.239453 0.371582 0.240625 0.371582 0.242578 0.367676 0.246094 0.36377 0.251953 0.353516 0.255859 0.345215
1 0.021875 0.753418 0.0210938 0.756348 0.0207031 0.767578 0.021875 0.779785 0.0238281 0.784668 0.0277344 0.787109 0.0300781 0.787598 0.0320312 0.785156 0.0320312 0.782227 0.0304687 0.777832 0.0289063 0.765137 0.0257812 0.756348
1 0.782031 0.0913086 0.783203 0.0947266 0.787109 0.0952148 0.791797 0.0922852 0.801562 0.090332 0.804297 0.0869141 0.804297 0.0844727 0.798828 0.081543 0.791016 0.0810547 0.7875 0.0830078 0.785156 0.0874023 0.782422 0.0898438
1 0.413672 0.691406 0.412891 0.694336 0.413281 0.696777 0.426953 0.702637 0.431641 0.702148 0.432422 0.701172 0.432812 0.695801 0.431641 0.694336 0.424219 0.689453 0.421094 0.687988 0.418359 0.687988 0.415625 0.688965
1 0.852734 0.10791 0.853125 0.11084 0.857422 0.11377 0.866016 0.116211 0.871484 0.118652 0.873437 0.118652 0.875391 0.116211 0.875391 0.11377 0.872266 0.109863 0.865234 0.104492 0.85625 0.104492 0.853906 0.105469
1 0.555859 0.946289 0.554688 0.948242 0.554688 0.950684 0.560547 0.965332 0.564063 0.969238 0.567578 0.971191 0.569141 0.970703 0.569922 0.969727 0.570312 0.964355 0.569141 0.958984 0.565234 0.951172 0.5625 0.948242 0.557422 0.945801
1 0.739062 0.48877 0.735938 0.487793 0.730859 0.492676 0.725391 0.495605 0.722266 0.499023 0.717969 0.500977 0.715625 0.504883 0.716016 0.509277 0.717969 0.509766 0.723437 0.508301 0.733203 0.501953 0.739453 0.491699
1 0.25625 0.27002 0.256641 0.273438 0.257812 0.275391 0.264062 0.276367 0.275391 0.274902 0.278906 0.272949 0.280078 0.270996 0.279687 0.26709 0.275781 0.263672 0.265625 0.263672 0.260156 0.264648 0.257422 0.26709
1 0.494922 0.641113 0.491406 0.63916 0.489063 0.63916 0.485156 0.640625 0.482422 0.644043 0.480859 0.647949 0.477734 0.652832 0.473438 0.656738 0.473438 0.661133 0.474219 0.662109 0.475781 0.662109 0.483984 0.65918 0.486328 0.65625 0.489063 0.650879 0.494922 0.643555
1 0.362109 0.158691 0.364453 0.164551 0.368359 0.169434 0.373047 0.172852 0.376172 0.173828 0.380469 0.17334 0.380469 0.168945 0.376953 0.163086 0.372266 0.159668 0.366797 0.157227 0.363672 0.157227
1 0.0277344 0.562012 0.0269531 0.563965 0.0308594 0.569336 0.0320312 0.57373 0.0328125 0.581055 0.0355469 0.589355 0.0367188 0.59082 0.0402344 0.59082 0.0421875 0.589844 0.0429688 0.587402 0.0390625 0.57373 0.0378906 0.566895 0.0355469 0.563477 0.0308594 0.561523
1 0.892969 0.709961 0.893359 0.711426 0.896875 0.715332 0.903906 0.720215 0.913281 0.720215 0.915234 0.719238 0.916016 0.717285 0.916016 0.715332 0.915234 0.714355 0.904687 0.708496 0.894922 0.70752
1 0.261719 0.207031 0.259766 0.210938 0.259766 0.214844 0.262891 0.225098 0.264453 0.227051 0.267578 0.229004 0.271094 0.228027 0.271875 0.227051 0.271875 0.22168 0.269922 0.21582 0.268359 0.207031 0.267188 0.206055 0.264062 0.206055
1 0.45625 0.104004 0.451953 0.100098 0.449219 0.0986328 0.445703 0.0986328 0.442578 0.100586 0.433203 0.11377 0.432031 0.118652 0.432422 0.120605 0.434375 0.12207 0.437109 0.12207 0.439453 0.121094 0.447656 0.111816 0.451172 0.109375 0.455078 0.108887 0.45625 0.106934
1 0.989102 0.585889 0.984883 0.588135 0.985938 0.592627 0.987187 0.600732 0.987383 0.61084 0.989453 0.615234 0.991484 0.619434 0.995586 0.620313 0.995742 0.617578 0.996094 0.60791 0.996719 0.599609 0.994922 0.59375 0.991172 0.587695
1 0.226953 0.629395 0.224219 0.62793 0.21875 0.62793 0.216797 0.628418 0.212891 0.631348 0.210938 0.63623 0.210938 0.638672 0.2125 0.644043 0.214062 0.64502 0.216406 0.64502 0.220703 0.640137 0.225391 0.637207 0.227734 0.633301
1 0.855859 0.45459 0.855078 0.45752 0.856641 0.464355 0.859766 0.469238 0.860547 0.472656 0.863281 0.479004 0.866797 0.481934 0.873047 0.482422 0.873437 0.480469 0.871875 0.478516 0.864844 0.460449 0.861719 0.456055 0.858203 0.454102
1 0.763281 0.938477 0.764766 0.943359 0.766836 0.945215 0.774883 0.945459 0.779297 0.943994 0.782813 0.941406 0.782422 0.937988 0.780078 0.935547 0.765625 0.935059 0.763672 0.936523
1 0.9875 0.34082 0.986719 0.342285 0.986719 0.344238 0.991016 0.352051 0.994141 0.363281 0.996094 0.366211 0.997266 0.369629 0.998047 0.370605 1 0.370605 1 0.346191 0.998047 0.345703 0.994531 0.341797 0.991016 0.340332
1 0.127344 0.779297 0.128516 0.78125 0.128906 0.784668 0.133594 0.797363 0.135547 0.799805 0.136719 0.803223 0.137891 0.804688 0.139453 0.804688 0.140625 0.803223 0.140234 0.79248 0.138672 0.787109 0.132812 0.779785 0.13125 0.778809
1 0.155078 0.960449 0.152344 0.959961 0.146484 0.962891 0.136328 0.972168 0.134766 0.974121 0.134766 0.976562 0.136719 0.978516 0.140625 0.978516 0.146094 0.976074 0.152344 0.970703 0.155469 0.966309 0.155859 0.962891
1 0.232422 0.727051 0.23125 0.727539 0.230078 0.729492 0.228906 0.739746 0.227734 0.743652 0.227344 0.750488 0.228906 0.753906 0.233203 0.75293 0.238281 0.745117 0.237891 0.733887 0.236328 0.730469
1 0.0398437 0.71582 0.0378906 0.713379 0.0359375 0.712891 0.0324219 0.710449 0.0246094 0.709961 0.021875 0.711914 0.0101563 0.724121 0.009375 0.726074 0.0117188 0.728027 0.0175781 0.727051 0.0222656 0.724609 0.0296875 0.719238 0.0382813 0.719238 0.0394531 0.718262
1 0.636328 0.225586 0.634766 0.223633 0.628516 0.223633 0.624219 0.224609 0.617188 0.224121 0.613281 0.225098 0.611719 0.226074 0.611719 0.227051 0.615625 0.231934 0.61875 0.233887 0.623047 0.234375 0.628516 0.23291 0.632422 0.22998 0.635156 0.229004 0.636328 0.227539
1 0.166797 0.137695 0.165234 0.137695 0.157812 0.152832 0.156641 0.156738 0.155078 0.169434 0.157812 0.175781 0.158984 0.175781 0.1625 0.169922 0.166406 0.154785 0.168359 0.149902 0.168359 0.143066
1 0.286328 0.203125 0.284766 0.206543 0.283984 0.210938 0.282031 0.216309 0.28125 0.228027 0.282422 0.231445 0.286719 0.237793 0.288672 0.237793 0.289453 0.236816 0.289062 0.228516 0.290234 0.208984 0.287891 0.203125
1 0.582422 0.275879 0.583984 0.28125 0.591797 0.288086 0.596875 0.289551 0.601562 0.289551 0.603906 0.288574 0.604688 0.287109 0.604688 0.285156 0.6 0.280762 0.594922 0.277832 0.588672 0.276367 0.584766 0.274414 0.583594 0.274414
1 0.373047 0.0161133 0.371484 0.0205078 0.371875 0.0410156 0.376172 0.0527344 0.380469 0.0532227 0.38125 0.0512695 0.38125 0.0410156 0.380078 0.0288086 0.376953 0.0180664 0.375391 0.0166016
1 0.748828 0.481445 0.747656 0.484375 0.748828 0.500977 0.751172 0.509277 0.753125 0.51123 0.755859 0.511719 0.756641 0.510254 0.757422 0.499023 0.756641 0.491211 0.753516 0.48291 0.751953 0.480957
1 0.892578 0.324707 0.891406 0.325195 0.890625 0.330078 0.888672 0.334473 0.887109 0.34375 0.887109 0.350098 0.886328 0.35498 0.887891 0.358887 0.889062 0.359863 0.892969 0.356934 0.894922 0.348145 0.896484 0.344238 0.896094 0.334473 0.894531 0.331543 0.893359 0.325195
1 0.523047 0.0991211 0.522266 0.0981445 0.520312 0.0981445 0.513281 0.101074 0.502734 0.11377 0.500391 0.118652 0.500391 0.120117 0.501563 0.121582 0.506641 0.120605 0.5125 0.115234 0.518359 0.111328 0.523047 0.101562
2 0.369922 0.857422 0.369141 0.85791 0.368359 0.860352 0.367969 0.866211 0.364844 0.881348 0.365234 0.890137 0.365625 0.891113 0.369141 0.89209 0.372266 0.88916 0.375781 0.887207 0.376953 0.885254 0.376563 0.880859 0.373047 0.877441 0.372266 0.875 0.372266 0.871582 0.370703 0.866211 0.370703 0.861328
2 0.961328 0.337402 0.959766 0.338867 0.959766 0.348145 0.958984 0.351562 0.958984 0.355957 0.960938 0.361816 0.962109 0.363281 0.966406 0.36377 0.96875 0.358887 0.96875 0.354004 0.969531 0.350098 0.96875 0.34375 0.967578 0.340332 0.965625 0.337891
1 0.932031 0.695801 0.930859 0.696289 0.928906 0.700684 0.925391 0.705078 0.921484 0.712402 0.91875 0.71582 0.917188 0.719727 0.917188 0.72168 0.917969 0.724609 0.919141 0.726074 0.920703 0.726074 0.924609 0.722656 0.931641 0.713867 0.933203 0.70752 0.933203 0.69873
1 0.451562 0.695801 0.451172 0.701172 0.455469 0.712891 0.458984 0.717773 0.4625 0.720703 0.466406 0.721191 0.467187 0.720215 0.466797 0.715332 0.463672 0.708496 0.460547 0.70459 0.455859 0.695801
1 0.641875 0.116113 0.640547 0.116016 0.635156 0.123535 0.628125 0.138672 0.621484 0.147461 0.621094 0.150391 0.622266 0.15332 0.625 0.153809 0.628906 0.152344 0.632031 0.149902 0.636719 0.143555 0.639844 0.133789 0.640781 0.122852 0.642539 0.118555
1 0.822773 0.973437 0.821758 0.970996 0.818594 0.968408 0.810937 0.967627 0.803984 0.973584 0.800195 0.9771 0.798359 0.980371 0.80375 0.980908 0.811992 0.980811 0.817109 0.979248 0.821094 0.97793
1 0.417187 0.777832 0.415234 0.777832 0.414453 0.778809 0.410938 0.789551 0.410547 0.805664 0.411328 0.808594 0.413672 0.809082 0.416016 0.807617 0.419141 0.794922 0.418359 0.779297
1 0.553516 0.0126953 0.554297 0.0175781 0.559766 0.0229492 0.563281 0.0249023 0.567187 0.0288086 0.571094 0.03125 0.573438 0.03125 0.575 0.0297852 0.575781 0.0258789 0.574609 0.0224609 0.571484 0.0200195 0.567969 0.0151367 0.560937 0.0117188 0.555469 0.0117188
1 0.0878906 0 0.0792969 0 0.0792969 0.00195312 0.0769531 0.00683594 0.0765625 0.0141602 0.0773438 0.0229492 0.078125 0.0258789 0.0796875 0.027832 0.0808594 0.027832 0.0835937 0.0258789 0.0851563 0.0229492 0.0875 0.00927734
1 0.166797 0.782715 0.164062 0.78125 0.161328 0.78125 0.152734 0.786621 0.147656 0.792969 0.147656 0.794434 0.149609 0.796387 0.155078 0.796875 0.157812 0.794922 0.166797 0.784668
1 0.856641 0.767578 0.854297 0.77002 0.853516 0.772461 0.853516 0.779785 0.855078 0.784668 0.857422 0.788086 0.861719 0.788574 0.864453 0.785156 0.864453 0.780762 0.860938 0.771484 0.858203 0.767578
1 0.207422 0.592285 0.207813 0.596191 0.210156 0.598145 0.212891 0.599121 0.225781 0.599609 0.228125 0.599121 0.229297 0.597656 0.229687 0.593262 0.224219 0.588867 0.212109 0.589355
1 0.903516 0.8125 0.900781 0.814453 0.898438 0.818359 0.896484 0.82666 0.896484 0.831543 0.899609 0.838867 0.900391 0.843262 0.902344 0.844727 0.904687 0.845215 0.90625 0.842773 0.905469 0.837891 0.90625 0.816406 0.905078 0.812988
1 0.689453 0.509277 0.689453 0.510742 0.69375 0.516113 0.700781 0.522461 0.705469 0.523438 0.714063 0.523438 0.717187 0.520996 0.716016 0.518555 0.710938 0.516113 0.70625 0.512207 0.702734 0.510742 0.698438 0.507324 0.693359 0.506836
1 0.511328 0.151855 0.508984 0.152344 0.507031 0.157715 0.507812 0.166504 0.507422 0.178223 0.508984 0.180664 0.510156 0.180664 0.512109 0.179199 0.514062 0.175781 0.516016 0.17041 0.516797 0.165039 0.516406 0.15918 0.514844 0.153809 0.513672 0.152344
1 0.849609 0.88623 0.85 0.891602 0.855469 0.901367 0.860938 0.904297 0.866406 0.904785 0.869141 0.902832 0.869141 0.899902 0.861328 0.891602 0.857031 0.88916 0.853906 0.88623
1 0.644375 0.117139 0.642422 0.119385 0.641953 0.123682 0.642969 0.130859 0.644531 0.141602 0.646484 0.14502 0.647656 0.14502 0.65 0.143066 0.650391 0.133789 0.647266 0.119629 0.646094 0.118164
1 0.882422 0.268066 0.882031 0.265137 0.880469 0.263184 0.873437 0.26416 0.864453 0.263672 0.859766 0.265625 0.859766 0.26709 0.864062 0.272461 0.869922 0.274902 0.878125 0.274902 0.881641 0.271973
1 0.665625 0.856934 0.661719 0.856934 0.658984 0.859375 0.655078 0.861328 0.650391 0.865723 0.645703 0.87207 0.644922 0.875 0.645312 0.878906 0.646875 0.879883 0.651953 0.875977 0.654297 0.875488 0.658594 0.873047 0.662109 0.869629 0.666016 0.863281 0.666406 0.86084
1 0.716016 0.733887 0.712109 0.733398 0.70625 0.73877 0.705078 0.740723 0.703906 0.748535 0.704297 0.754395 0.708203 0.758789 0.709375 0.758789 0.710156 0.757324 0.713672 0.743164 0.716797 0.736328 0.716797 0.734863
1 0.607812 0.812012 0.605859 0.8125 0.603906 0.814941 0.601562 0.822266 0.598828 0.833496 0.598047 0.843262 0.598828 0.844238 0.600781 0.84375 0.604297 0.839844 0.609766 0.828613 0.610156 0.816895
1 0.29375 0.616699 0.29375 0.619141 0.294531 0.620605 0.306641 0.625977 0.310156 0.626465 0.316406 0.628906 0.320312 0.628906 0.322266 0.627441 0.322266 0.623535 0.319922 0.620117 0.309766 0.614258 0.307031 0.613281 0.301953 0.613281 0.295312 0.615234
1 0.791406 0.100586 0.791406 0.107422 0.794531 0.118652 0.799609 0.124512 0.803125 0.126465 0.807031 0.126953 0.808203 0.125488 0.808203 0.123047 0.807031 0.120117 0.803516 0.115723 0.802734 0.110352 0.801172 0.106445 0.794531 0.100098
1 0.615234 0.870605 0.615234 0.872559 0.618359 0.87793 0.624219 0.882812 0.626953 0.883789 0.635938 0.883789 0.638281 0.881836 0.637891 0.877441 0.636719 0.875977 0.630469 0.87207 0.622656 0.871094 0.619922 0.869629 0.616016 0.869629
1 0.641797 0.551758 0.638672 0.555176 0.6375 0.558105 0.637891 0.563477 0.641016 0.574707 0.642578 0.57666 0.646484 0.57666 0.648047 0.574707 0.648438 0.567383 0.646094 0.557617 0.642969 0.551758
1 0.489453 0.952637 0.488672 0.955566 0.494531 0.970215 0.495312 0.973145 0.495312 0.979492 0.497266 0.981445 0.498828 0.981445 0.500781 0.97998 0.501563 0.977051 0.501953 0.96875 0.501172 0.963867 0.494922 0.95459 0.491016 0.952637
1 0.654297 0 0.646094 0 0.646094 0.00146484 0.64375 0.00683594 0.642578 0.0146484 0.642578 0.0209961 0.644141 0.0297852 0.645703 0.0332031 0.647656 0.0332031 0.650391 0.03125 0.652344 0.0268555 0.652344 0.0249023 0.654687 0.0161133
1 0.563672 0.487793 0.560937 0.493652 0.559766 0.501953 0.562891 0.520996 0.564453 0.523926 0.567969 0.523438 0.569531 0.520996 0.570312 0.516602 0.570312 0.508789 0.569141 0.501465 0.565625 0.489746 0.564453 0.487793
1 0.786562 0.152979 0.784687 0.15498 0.783984 0.162109 0.784023 0.170703 0.785078 0.177783 0.786602 0.180225 0.789453 0.187012 0.792969 0.1875 0.794922 0.185059 0.793438 0.180078 0.792383 0.174805 0.792578 0.16748 0.790117 0.160352 0.787656 0.154102
1 0.983203 0.759277 0.978906 0.757812 0.974219 0.757812 0.969141 0.763184 0.966016 0.768066 0.964063 0.773926 0.964063 0.778809 0.966016 0.783203 0.967187 0.783203 0.975391 0.770508 0.983203 0.763672
1 0.703125 0.559082 0.701953 0.557617 0.700391 0.557617 0.6875 0.567383 0.683594 0.573242 0.683594 0.575195 0.684766 0.577637 0.689453 0.57666 0.700391 0.569824 0.703906 0.564453
1 0.0289063 0.483398 0.0277344 0.485352 0.0265625 0.490234 0.0289063 0.503906 0.0316406 0.510742 0.0328125 0.512207 0.0367188 0.511719 0.0382813 0.509277 0.0390625 0.505371 0.0382813 0.499023 0.0335937 0.487305 0.03125 0.484375
1 0.729297 0.55127 0.728242 0.552979 0.731953 0.558398 0.736953 0.564307 0.744141 0.570312 0.745703 0.569824 0.746875 0.568359 0.747656 0.562988 0.746484 0.560059 0.744531 0.557617 0.737812 0.552002 0.7325 0.55083
1 0.815234 0.523926 0.815625 0.526367 0.822656 0.53125 0.826562 0.532227 0.830078 0.53418 0.838672 0.53418 0.841797 0.532227 0.845313 0.53125 0.846875 0.529785 0.846875 0.525391 0.844531 0.524414 0.821484 0.521484 0.817187 0.521484
1 0.737109 0.762695 0.735547 0.762207 0.732812 0.763184 0.727734 0.77002 0.724219 0.783203 0.724609 0.786133 0.725781 0.788574 0.727344 0.789551 0.730078 0.789551 0.732812 0.787598 0.734766 0.784668 0.736328 0.779297 0.737891 0.764648
1 0.817578 0.952148 0.816797 0.953613 0.817187 0.959961 0.820937 0.965479 0.823828 0.97085 0.827852 0.973584 0.832305 0.975 0.835547 0.975098 0.835938 0.972656 0.835156 0.969238 0.823828 0.958008 0.821484 0.956543 0.818359 0.952148
1 0.762891 0.49707 0.761719 0.499023 0.761719 0.502441 0.763672 0.510742 0.763672 0.516602 0.764453 0.52002 0.769531 0.526855 0.770703 0.530273 0.772266 0.530762 0.773047 0.528809 0.773828 0.519043 0.771875 0.510254 0.767188 0.501465 0.764062 0.497559
1 0.615625 0.668457 0.614844 0.67041 0.615234 0.672363 0.617578 0.673828 0.625 0.681152 0.630078 0.684082 0.633203 0.684082 0.635547 0.682617 0.636719 0.676758 0.634375 0.672852 0.630469 0.67041 0.623828 0.667969
1 0.690625 0.39209 0.690625 0.393555 0.691797 0.39502 0.701172 0.401855 0.705078 0.402344 0.708203 0.404297 0.7125 0.404297 0.713672 0.40332 0.711328 0.395508 0.705078 0.390137 0.701562 0.38916 0.694531 0.38916 0.692187 0.390137
1 0.525391 0.212891 0.525781 0.217285 0.532422 0.224609 0.537109 0.227539 0.549219 0.227539 0.552734 0.226562 0.555078 0.223145 0.554688 0.22168 0.553125 0.220215 0.541406 0.217773 0.535156 0.214844
1 0.794531 0.0415039 0.792969 0.0395508 0.788281 0.0375977 0.783203 0.0380859 0.775781 0.0429688 0.772266 0.0444336 0.770703 0.0463867 0.770312 0.0517578 0.771094 0.0532227 0.774219 0.0541992 0.779687 0.0532227 0.783203 0.0512695 0.785547 0.0488281 0.792969 0.0449219 0.794141 0.043457
1 0.353906 0.611328 0.352734 0.612305 0.352734 0.627441 0.354687 0.633301 0.357812 0.637695 0.360938 0.639648 0.364453 0.63916 0.365625 0.638184 0.365625 0.636719 0.361719 0.625977 0.359766 0.622559 0.358203 0.616211 0.35625 0.612793
1 0.908594 0.622559 0.908203 0.623535 0.908984 0.625 0.908984 0.62793 0.912109 0.640137 0.917578 0.647949 0.921875 0.647949 0.923047 0.645996 0.921484 0.636719 0.916797 0.628418 0.913281 0.624023
1 0.880078 0.00976562 0.878125 0.0117188 0.877344 0.0166016 0.877344 0.0224609 0.878516 0.0268555 0.880859 0.0317383 0.887891 0.0419922 0.892578 0.0424805 0.894141 0.0410156 0.894531 0.0371094 0.890234 0.0322266 0.883984 0.0195312 0.881641 0.0102539
1 0.531641 0.741699 0.530078 0.743652 0.53125 0.759766 0.532422 0.762695 0.534375 0.765137 0.535937 0.766113 0.539453 0.766113 0.540625 0.765137 0.540625 0.763184 0.539453 0.760254 0.537891 0.748535 0.535547 0.743164 0.533984 0.741699
1 0.937109 0.445068 0.940508 0.445703 0.946875 0.452979 0.949492 0.456689 0.953711 0.458105 0.957773 0.455713 0.960586 0.452588 0.96125 0.450684 0.960156 0.447754 0.955313 0.44751 0.947656 0.440771 0.942578 0.440918 0.939102 0.44165
1 0.662891 0.189453 0.661328 0.19043 0.660937 0.191895 0.654297 0.200684 0.650781 0.20752 0.647656 0.211426 0.646094 0.21582 0.646484 0.21875 0.651563 0.218262 0.656641 0.213379 0.6625 0.205566 0.664453 0.198242
1 0.747266 0.0722656 0.745313 0.0761719 0.745313 0.081543 0.747266 0.0869141 0.752344 0.0947266 0.755078 0.101074 0.759375 0.101074 0.760547 0.0996094 0.760156 0.0932617 0.759375 0.0888672 0.757031 0.0825195 0.751953 0.0742188 0.748437 0.0717773
1 0.346484 0.867188 0.344922 0.867188 0.342969 0.869629 0.341016 0.870605 0.332031 0.881836 0.327734 0.890137 0.327344 0.892578 0.328516 0.894531 0.333594 0.894531 0.336719 0.89209 0.339844 0.887695 0.346094 0.876953 0.346875 0.873535
1 0.176953 0.921387 0.174219 0.92627 0.173437 0.935059 0.176953 0.944824 0.178516 0.952148 0.179688 0.953125 0.182031 0.953125 0.183984 0.950684 0.185156 0.945801 0.184766 0.935547 0.180469 0.922852 0.178906 0.921387
1 0.720703 0.71582 0.719531 0.713867 0.717578 0.712891 0.710156 0.71582 0.698438 0.71582 0.697656 0.716797 0.697656 0.72168 0.699219 0.724121 0.703516 0.726562 0.709766 0.727051 0.713672 0.725586 0.717187 0.723145 0.719531 0.720215
1 0.202344 0.583496 0.202344 0.585449 0.203516 0.588379 0.207422 0.591309 0.211328 0.591309 0.214453 0.590332 0.225 0.591309 0.226953 0.589844 0.226953 0.587402 0.222656 0.581543 0.219531 0.580078 0.210938 0.57959 0.203906 0.582031
1 0.873437 0.732422 0.872266 0.733887 0.872266 0.735352 0.874609 0.742188 0.875781 0.75293 0.880078 0.760254 0.881641 0.760742 0.883203 0.759766 0.884766 0.756836 0.884766 0.75 0.883984 0.744141 0.879687 0.734375 0.876563 0.731934
1 0.457813 0.377441 0.456641 0.378906 0.456641 0.383301 0.458203 0.386719 0.462422 0.390381 0.463945 0.397803 0.466406 0.399902 0.469141 0.399902 0.472266 0.398438 0.473438 0.395996 0.473828 0.392578 0.468203 0.382715 0.464766 0.380127 0.459766 0.377441
1 0.453125 0.737305 0.449219 0.737305 0.444922 0.739258 0.440234 0.745117 0.439063 0.747559 0.438281 0.751465 0.438281 0.755859 0.439063 0.758789 0.443359 0.763672 0.444141 0.763672 0.445703 0.755371 0.448437 0.748535 0.454688 0.740723 0.454688 0.73877
1 0.316016 0.791016 0.314844 0.79248 0.314844 0.794434 0.317578 0.799316 0.324609 0.806641 0.329297 0.814941 0.333594 0.815918 0.334766 0.813965 0.334766 0.807129 0.330859 0.799316 0.326953 0.79541 0.319141 0.790527
1 0.895312 0.21875 0.894141 0.220703 0.893359 0.224609 0.892969 0.236816 0.894531 0.24707 0.895703 0.25 0.897266 0.250488 0.9 0.247559 0.901172 0.244141 0.902344 0.236328 0.902344 0.227051 0.900781 0.223633 0.897266 0.219238
1 0.739453 0.148926 0.738672 0.150391 0.738672 0.153809 0.742578 0.157227 0.746484 0.162109 0.747656 0.165039 0.750781 0.168945 0.754297 0.171387 0.758594 0.176758 0.758984 0.178223 0.760547 0.178223 0.760938 0.168457 0.759375 0.163574 0.756641 0.159668 0.749609 0.152832 0.742969 0.149414
1 0.698555 0.428662 0.695703 0.430615 0.691406 0.436035 0.689063 0.442871 0.689063 0.452148 0.691016 0.456543 0.693438 0.460205 0.697266 0.460449 0.696367 0.453076 0.696875 0.446777 0.698828 0.438477 0.699492 0.43208
1 0.211328 0.412109 0.209766 0.409668 0.208594 0.40918 0.203906 0.40918 0.200391 0.411133 0.194141 0.413086 0.184766 0.421387 0.184766 0.423828 0.185938 0.42627 0.191016 0.426758 0.205469 0.422852 0.210547 0.417969
1 0.0925781 0.619629 0.0910156 0.620117 0.0902344 0.621582 0.0894531 0.627441 0.0871094 0.629883 0.0855469 0.634766 0.0832031 0.638184 0.0824219 0.64209 0.0824219 0.652344 0.0832031 0.657715 0.084375 0.658691 0.0875 0.656738 0.0929688 0.63623 0.0925781 0.627441 0.0945312 0.622559 0.0945312 0.621582
1 0.944531 0.241211 0.942578 0.240723 0.933203 0.246094 0.930078 0.249512 0.927734 0.253906 0.926562 0.259277 0.926562 0.266602 0.927344 0.267578 0.928516 0.267578 0.93125 0.265137 0.941797 0.250977 0.945703 0.247559 0.946094 0.245605
1 0.586328 0.977051 0.583203 0.975098 0.578906 0.974609 0.577734 0.976074 0.574336 0.980176 0.571367 0.982324 0.567187 0.988281 0.562773 0.994238 0.563281 0.998535 0.567148 0.998242 0.570234 0.996387 0.575937 0.992383 0.578906 0.988281 0.583711 0.983447 0.586719 0.980469
1 0.927734 0.85791 0.924609 0.858398 0.922266 0.86084 0.92 0.866113 0.919023 0.871289 0.920312 0.880859 0.923047 0.889893 0.919844 0.896875 0.922656 0.902832 0.928516 0.902344 0.930469 0.899902 0.933594 0.893066 0.933125 0.883936 0.930078 0.878418 0.930859 0.861328
1 0.592187 0.30957 0.592578 0.311523 0.594531 0.314941 0.600781 0.319336 0.607422 0.319336 0.612109 0.315918 0.612109 0.310547 0.610547 0.309082 0.596875 0.307617 0.594141 0.308105
1 0.592969 0.724609 0.592969 0.726074 0.595313 0.728027 0.599219 0.72998 0.603516 0.730957 0.620313 0.730957 0.622656 0.730469 0.623437 0.729492 0.623437 0.725098 0.622656 0.724121 0.61875 0.722168 0.6125 0.720703 0.602344 0.720703 0.594531 0.723145
1 0.5875 0.0883789 0.585938 0.0893555 0.584375 0.0922852 0.581641 0.105957 0.581641 0.114258 0.582812 0.120605 0.584375 0.123047 0.5875 0.121582 0.590234 0.111328 0.588672 0.0908203
1 0.705859 0.386719 0.705859 0.389648 0.707031 0.391602 0.7125 0.394531 0.717969 0.394531 0.723047 0.396973 0.725 0.396973 0.726172 0.394531 0.726172 0.39209 0.724609 0.387695 0.720703 0.383789 0.708594 0.383301
1 0.760547 0.301758 0.759375 0.302246 0.757812 0.305176 0.75625 0.313965 0.757031 0.32666 0.757812 0.330078 0.759375 0.33252 0.761328 0.331055 0.763281 0.327148 0.765234 0.320312 0.764844 0.306641 0.762891 0.302734
1 0.875781 0.424902 0.873867 0.42876 0.874961 0.431592 0.878359 0.435352 0.879102 0.441357 0.880078 0.445801 0.884062 0.449756 0.888203 0.4521 0.889766 0.451172 0.890352 0.448682 0.889844 0.442383 0.888672 0.435059 0.885625 0.427197 0.880937 0.424268
1 1 0.944336 0.996875 0.944824 0.992578 0.949707 0.990234 0.953613 0.985547 0.952148 0.983203 0.94873 0.980859 0.949219 0.980469 0.952637 0.981641 0.958496 0.984766 0.961426 0.988281 0.962891 0.996094 0.962402 1 0.960938
1 0.775781 0.178711 0.776563 0.184082 0.782031 0.192871 0.783984 0.19873 0.786328 0.200195 0.788672 0.199707 0.789844 0.197754 0.789844 0.188477 0.787891 0.183594 0.785156 0.180176 0.782031 0.178223 0.778516 0.177734
1 0.809766 0.821777 0.809766 0.828125 0.8125 0.834961 0.815625 0.839355 0.819141 0.842773 0.821875 0.844238 0.826953 0.844238 0.828516 0.842773 0.826562 0.838379 0.818359 0.82666 0.813281 0.821777
1 0.0179687 0.573242 0.0175781 0.575195 0.0183594 0.577148 0.0199219 0.589844 0.021875 0.59668 0.0253906 0.604004 0.0261719 0.608398 0.0285156 0.610352 0.0300781 0.610352 0.0316406 0.608887 0.0316406 0.605469 0.0269531 0.584473 0.021875 0.574707 0.0207031 0.57373
1 0.50625 0.532715 0.506641 0.535645 0.510938 0.541504 0.514062 0.544434 0.521094 0.547852 0.526172 0.54834 0.528516 0.549316 0.530078 0.548828 0.53125 0.54541 0.530469 0.543457 0.525781 0.541016 0.518359 0.535156 0.512109 0.532227 0.508984 0.531738
1 0.947656 0.963867 0.947734 0.968506 0.949219 0.973193 0.951094 0.977002 0.954883 0.980371 0.961719 0.983398 0.962891 0.983398 0.963672 0.982422 0.963672 0.975098 0.959375 0.966797 0.951953 0.962891
1 1 0.741699 0.997266 0.742188 0.990234 0.749023 0.985547 0.754883 0.985547 0.759277 0.989844 0.759766 0.997266 0.75415 1 0.751855
1 0.671875 0.871094 0.670312 0.874023 0.670312 0.879395 0.671484 0.885254 0.670312 0.89209 0.671484 0.895996 0.675 0.896484 0.678125 0.894043 0.679297 0.89209 0.680469 0.885742 0.679688 0.881836 0.676172 0.872559 0.674609 0.870605
1 0.581641 0.974609 0.580469 0.973145 0.576562 0.973145 0.573047 0.97168 0.56875 0.972656 0.557813 0.980957 0.555859 0.983398 0.555859 0.986816 0.557031 0.98877 0.560937 0.98877 0.567969 0.986328 0.575 0.977539 0.576562 0.976562 0.580859 0.976562
1 0.532383 0.260547 0.530977 0.263135 0.532422 0.268066 0.533594 0.271973 0.533984 0.279297 0.535937 0.286621 0.540625 0.294922 0.543359 0.296387 0.546875 0.295898 0.547266 0.290039 0.54375 0.282227 0.542969 0.275879 0.541406 0.270996 0.536602 0.262891
1 0.771484 0.349609 0.767969 0.350586 0.765625 0.352539 0.761719 0.358887 0.759766 0.371094 0.759766 0.37793 0.760547 0.379395 0.762891 0.380371 0.764453 0.379883 0.767578 0.373047 0.770312 0.35791 0.771484 0.35498
1 0.271094 0.831543 0.267578 0.831543 0.261719 0.835938 0.258594 0.840332 0.257031 0.846191 0.257031 0.853516 0.258203 0.855957 0.260547 0.856445 0.264453 0.853516 0.266797 0.846191 0.271094 0.838379 0.271875 0.833984
1 0.821094 0.712402 0.820312 0.71582 0.826172 0.726074 0.833203 0.731445 0.835938 0.731445 0.838281 0.729492 0.839063 0.724609 0.833203 0.71582 0.826953 0.712402
1 0.820312 0.540527 0.821094 0.546875 0.825781 0.554688 0.829297 0.556641 0.830859 0.556641 0.834766 0.554199 0.836328 0.550293 0.834766 0.546387 0.825 0.538574 0.821484 0.538086
1 0.66875 0.387207 0.666406 0.391113 0.664844 0.397949 0.663789 0.408887 0.669141 0.424561 0.670664 0.423584 0.672266 0.411621 0.673047 0.402832 0.673047 0.39209 0.670703 0.387207
1 0.771875 0.0161133 0.770703 0.0146484 0.767578 0.0141602 0.764844 0.0161133 0.7625 0.0195312 0.75625 0.0239258 0.750781 0.0317383 0.750781 0.0366211 0.752734 0.0371094 0.755469 0.0361328 0.762891 0.03125 0.771094 0.0214844
1 0.86875 0.730469 0.867188 0.728027 0.864844 0.726562 0.857422 0.727051 0.848828 0.72998 0.844141 0.734375 0.844141 0.73584 0.848437 0.738281 0.857812 0.738281 0.867969 0.734863
1 0.132812 0.0517578 0.133203 0.0561523 0.145313 0.0605469 0.151172 0.0595703 0.154688 0.0581055 0.156641 0.0561523 0.156641 0.0517578 0.155078 0.050293 0.140625 0.0493164 0.134375 0.050293
1 0.575781 0.12207 0.571875 0.121582 0.562109 0.132812 0.560547 0.135254 0.559375 0.13916 0.558984 0.145508 0.559766 0.146484 0.561719 0.146484 0.564844 0.144531 0.570312 0.13916 0.571094 0.136719 0.575 0.130371 0.576562 0.125
1 0.278516 0.630371 0.276953 0.633301 0.276562 0.637207 0.279297 0.647461 0.287109 0.657715 0.290234 0.659668 0.292969 0.65918 0.294141 0.657715 0.294141 0.65625 0.291406 0.645996 0.286719 0.63916 0.281641 0.634277 0.280078 0.630371
1 0.576953 0.812012 0.567969 0.812012 0.565625 0.813477 0.563281 0.816406 0.560547 0.82666 0.560937 0.832031 0.561719 0.833008 0.564844 0.833984 0.567578 0.831055 0.576953 0.817871 0.577734 0.814453
1 0.231641 0.213867 0.232813 0.21582 0.241406 0.216309 0.248047 0.213867 0.252734 0.209473 0.258203 0.208008 0.255469 0.205078 0.24375 0.204102 0.232813 0.209473 0.231641 0.211426
1 0.770312 0.695312 0.770312 0.696777 0.771484 0.69873 0.777344 0.700684 0.794922 0.70166 0.796094 0.700684 0.795703 0.696289 0.794922 0.695312 0.791016 0.693359 0.782813 0.690918 0.775391 0.691406
1 0.560937 0.898438 0.556641 0.898926 0.554297 0.900391 0.545703 0.911133 0.541797 0.922363 0.541797 0.92627 0.542578 0.927246 0.545703 0.927734 0.550781 0.921387 0.553906 0.914551 0.557813 0.90918 0.561719 0.901367
1 0.0671875 0.592285 0.0640625 0.592773 0.0613281 0.602539 0.0617188 0.609863 0.0625 0.612793 0.0621094 0.623535 0.0636719 0.625977 0.0652344 0.625977 0.06875 0.62207 0.0707031 0.617188 0.0703125 0.603027 0.06875 0.594238
1 0.902734 0.78418 0.900781 0.782227 0.896875 0.780762 0.888672 0.780762 0.882422 0.783203 0.878906 0.785645 0.877734 0.787598 0.877734 0.790039 0.880078 0.791992 0.899609 0.791016 0.901172 0.790527 0.902344 0.789062
1 0.0300781 0.432129 0.028125 0.432129 0.0261719 0.43457 0.0242188 0.442871 0.0238281 0.463867 0.025 0.466797 0.028125 0.466797 0.0304687 0.46582 0.0328125 0.462891 0.0347656 0.451172 0.034375 0.441406 0.0324219 0.435059
1 0.513672 0.074707 0.512891 0.0761719 0.514453 0.0810547 0.517578 0.0854492 0.520312 0.09375 0.521875 0.0957031 0.524609 0.097168 0.527344 0.0961914 0.528516 0.0947266 0.528906 0.090332 0.525391 0.0795898 0.521094 0.074707
1 0.412891 0.406738 0.413281 0.409668 0.416016 0.413086 0.418945 0.415039 0.42207 0.416113 0.424492 0.416016 0.428125 0.415527 0.43125 0.415039 0.432812 0.413574 0.432422 0.410645 0.428125 0.407715 0.422266 0.406738 0.416406 0.404297 0.413672 0.405273
1 0.0246094 0.904297 0.0222656 0.901855 0.0199219 0.901855 0.00703125 0.904785 0.00234375 0.908691 0 0.908691 0 0.91748 0.00546875 0.91748 0.00976562 0.915527 0.0164063 0.914062 0.0230469 0.908691 0.0246094 0.906738
1 0.734375 0.803223 0.733594 0.802246 0.729688 0.800781 0.724609 0.800293 0.713672 0.804688 0.709375 0.805664 0.708203 0.807129 0.708203 0.808594 0.713281 0.8125 0.717578 0.813477 0.724219 0.811523 0.729297 0.809082 0.733594 0.805176
1 0.201953 0.307129 0.200781 0.306152 0.192969 0.307129 0.189844 0.309082 0.183594 0.319824 0.184375 0.323242 0.185156 0.324219 0.186328 0.324219 0.189844 0.322266 0.195703 0.316895 0.199219 0.314941 0.202344 0.311035
1 0.614844 0.774414 0.615625 0.776855 0.617969 0.780273 0.626953 0.783203 0.631641 0.783203 0.636328 0.780762 0.637891 0.778809 0.636719 0.776855 0.628906 0.772949 0.616797 0.772461 0.615625 0.772949
1 0.832031 0.744629 0.832422 0.748047 0.834375 0.750977 0.841016 0.755371 0.850391 0.755371 0.853125 0.750977 0.852734 0.749023 0.841406 0.742676 0.833594 0.743164
1 0.714844 0.496582 0.713672 0.495117 0.712109 0.495117 0.706641 0.499023 0.699219 0.500977 0.697266 0.504395 0.697266 0.506348 0.699219 0.508301 0.702734 0.509766 0.705859 0.509766 0.708203 0.508789 0.715234 0.501465
1 0.460938 0.945312 0.461328 0.949707 0.466406 0.953613 0.478125 0.95752 0.483203 0.957031 0.484766 0.955566 0.484766 0.954102 0.483594 0.952148 0.475 0.945312 0.471094 0.943848 0.464844 0.943848
1 0.870313 0.798828 0.872266 0.800293 0.876563 0.80127 0.888281 0.800781 0.891406 0.799316 0.892578 0.797852 0.893359 0.793457 0.891406 0.791992 0.876953 0.791992 0.871484 0.794434 0.870313 0.796387
1 0.103906 0.79248 0.103516 0.806152 0.10625 0.813477 0.111719 0.818359 0.114453 0.819336 0.118359 0.818848 0.11875 0.816895 0.117578 0.812988 0.114062 0.808105 0.109375 0.797363 0.107422 0.794922 0.105859 0.794434
1 0.290234 0.891602 0.287109 0.895508 0.285547 0.899902 0.285547 0.908691 0.287891 0.912598 0.291797 0.916016 0.29375 0.916992 0.298828 0.916992 0.299609 0.916016 0.299609 0.914551 0.295312 0.905762 0.294141 0.901367 0.293359 0.893555 0.292187 0.891602
1 0.462891 0.642578 0.458203 0.641602 0.448047 0.646973 0.44375 0.650391 0.440625 0.654785 0.438672 0.65625 0.438672 0.657715 0.451953 0.658203 0.459766 0.651367 0.462109 0.647461
1 0.795703 0.929688 0.795312 0.931152 0.797109 0.935059 0.802734 0.943262 0.808086 0.9479 0.813086 0.952148 0.815703 0.953027 0.817969 0.952637 0.817969 0.949219 0.814844 0.944336 0.809766 0.939453 0.807422 0.935547 0.799219 0.929199
2 0.420312 0.640625 0.414844 0.640625 0.411719 0.643555 0.407813 0.65625 0.408594 0.657715 0.413281 0.658203 0.416797 0.655273 0.421094 0.644043 0.421094 0.641602
1 0.526563 0.977051 0.526172 0.979492 0.530469 0.983887 0.535937 0.993164 0.541797 1 0.550391 1 0.550391 0.997559 0.548438 0.993164 0.540234 0.983887 0.530078 0.976074 0.528125 0.976074
1 0.385937 0.862793 0.385937 0.867676 0.390625 0.873047 0.396484 0.875 0.401172 0.875 0.404297 0.872559 0.403906 0.867188 0.400391 0.864258 0.389453 0.86084 0.387109 0.861328
1 0.460156 0.896484 0.458203 0.896484 0.453906 0.899902 0.444531 0.910645 0.442188 0.915527 0.442188 0.921875 0.444141 0.922363 0.448828 0.919922 0.454297 0.915527 0.457031 0.912109 0.461719 0.901855 0.461719 0.899414
1 0.646875 0.797852 0.646875 0.799316 0.648438 0.800781 0.649219 0.803711 0.655859 0.812988 0.6625 0.818848 0.666016 0.818359 0.665625 0.812012 0.658203 0.801758 0.651172 0.797852
1 0.851562 0.451172 0.850391 0.449707 0.848828 0.449707 0.839453 0.458496 0.834766 0.460938 0.832812 0.465332 0.833203 0.467285 0.838672 0.467285 0.842578 0.468262 0.845313 0.466309 0.851172 0.45752
1 0.346875 0.821777 0.345313 0.820312 0.342969 0.820801 0.333984 0.825684 0.330078 0.831543 0.327344 0.837402 0.327734 0.841797 0.328906 0.843262 0.331641 0.843262 0.333203 0.842285 0.335156 0.838867 0.346484 0.824707
1 0.0875 0.707031 0.0863281 0.709473 0.0863281 0.713379 0.0894531 0.724609 0.0949219 0.731445 0.0996094 0.731934 0.100391 0.730957 0.0996094 0.724609 0.0933594 0.709961 0.0914062 0.708008
1 0.375 0.720703 0.374609 0.725098 0.377734 0.734863 0.384375 0.743164 0.386328 0.744141 0.389062 0.744141 0.390625 0.741211 0.390625 0.73877 0.385937 0.726562 0.384766 0.724609 0.38125 0.72168 0.377734 0.720215
1 0.627422 0.361621 0.626016 0.365234 0.626953 0.375 0.627344 0.391113 0.628125 0.39502 0.630078 0.397461 0.63125 0.397461 0.634766 0.393066 0.634766 0.383301 0.633984 0.37793 0.632031 0.372559
1 0.732422 0.528809 0.732422 0.530273 0.735156 0.533203 0.74375 0.538086 0.750391 0.540039 0.755859 0.540527 0.756641 0.539551 0.75625 0.534668 0.747656 0.52832 0.741406 0.526367 0.735938 0.526367
1 0 0.109863 0.000273437 0.139941 0.00546875 0.144043 0.00664062 0.143555 0.00742187 0.141602 0.00742187 0.138184 0.00484375 0.134668 0.00625 0.123047 0.00546875 0.111816 0.00507813 0.11084 0.003125 0.109863
1 0.721484 0.446289 0.723047 0.45166 0.724609 0.453613 0.733203 0.458008 0.737109 0.458496 0.741016 0.45752 0.744922 0.452637 0.744922 0.451172 0.744141 0.450195 0.734766 0.445312 0.723828 0.443359
1 0.257422 0.929199 0.25625 0.927734 0.251953 0.928223 0.244922 0.93457 0.2375 0.938965 0.231641 0.944824 0.230859 0.94873 0.23125 0.950684 0.232422 0.95166 0.247656 0.950195 0.251953 0.947754 0.256641 0.939453 0.257812 0.932129
1 0.698047 0.907715 0.697266 0.90918 0.697266 0.911621 0.700781 0.92041 0.703516 0.923828 0.705859 0.928711 0.707812 0.931152 0.712891 0.93457 0.71875 0.935059 0.718359 0.930664 0.715234 0.927734 0.713672 0.924316 0.705859 0.912598 0.702344 0.908203 0.700781 0.907227
1 0.728125 0.480957 0.728906 0.484375 0.732031 0.486816 0.736719 0.486816 0.74375 0.483398 0.746875 0.483398 0.750391 0.481934 0.748828 0.476074 0.744922 0.474121 0.736719 0.474609
1 0.531641 0.0205078 0.53125 0.0239258 0.532031 0.027832 0.533203 0.0307617 0.535547 0.0336914 0.544141 0.0380859 0.547656 0.0390625 0.549609 0.0380859 0.550391 0.0327148 0.55 0.0268555 0.549219 0.0244141 0.546875 0.0209961 0.541406 0.0175781 0.535156 0.0180664 0.532813 0.019043
1 0.691016 0.211426 0.689453 0.209473 0.678516 0.209961 0.666797 0.214844 0.665234 0.216797 0.665234 0.21875 0.666406 0.220703 0.667969 0.221191 0.677344 0.221191 0.682813 0.219238 0.689844 0.215332 0.691016 0.213379
1 0.729688 0.97168 0.728906 0.972656 0.728906 0.976074 0.73125 0.983398 0.740234 0.992188 0.743359 0.990723 0.744531 0.98877 0.744531 0.983398 0.735547 0.972168 0.733984 0.971191
1 0.926953 0.62207 0.925391 0.624023 0.922266 0.632324 0.921484 0.640137 0.921875 0.643066 0.923047 0.645508 0.926562 0.648438 0.929297 0.648438 0.930469 0.646973 0.929688 0.641113 0.930469 0.626953 0.929688 0.623047 0.928906 0.62207
1 0.529687 0.476562 0.529297 0.481445 0.533203 0.492188 0.536719 0.498047 0.539453 0.499512 0.541406 0.499512 0.542578 0.496582 0.542188 0.492676 0.537891 0.481934 0.533984 0.476562
1 0.148828 0.103027 0.148438 0.105957 0.149609 0.109375 0.153125 0.116211 0.15625 0.120117 0.158594 0.121582 0.163281 0.121582 0.167187 0.119141 0.167187 0.11377 0.165625 0.111816 0.158594 0.107422 0.153516 0.103027 0.151562 0.102051 0.149609 0.102051
1 0.403516 0.367676 0.401953 0.369629 0.400391 0.374512 0.400391 0.380371 0.401172 0.383301 0.405469 0.392578 0.407031 0.394531 0.411719 0.39502 0.412109 0.391602 0.410547 0.387207 0.410156 0.383301 0.405859 0.373535 0.405078 0.368164
1 0.299219 0.709961 0.298047 0.710449 0.294141 0.715332 0.292969 0.721191 0.294141 0.725586 0.297656 0.731445 0.300391 0.734375 0.303516 0.735352 0.304688 0.733887 0.305078 0.730469 0.302734 0.724609 0.301953 0.712891 0.300391 0.710449
1 0.829297 0.645508 0.827734 0.643555 0.822656 0.643555 0.816797 0.645508 0.813672 0.647461 0.811328 0.647461 0.805469 0.649902 0.804297 0.651855 0.804688 0.656738 0.805859 0.657715 0.811328 0.657715 0.817969 0.655762 0.822656 0.652832 0.824609 0.650391 0.828906 0.647949
1 0.216406 0.432129 0.217188 0.433105 0.221875 0.433105 0.223828 0.432129 0.239063 0.430176 0.242188 0.428711 0.242969 0.427734 0.242969 0.425781 0.242188 0.422852 0.240234 0.421387 0.227344 0.419922 0.223828 0.421387 0.219141 0.425293 0.217188 0.427734
1 0.395703 0.396484 0.395313 0.399414 0.396094 0.403809 0.4 0.411621 0.407813 0.419434 0.410938 0.421387 0.412891 0.421387 0.414844 0.41748 0.414453 0.413574 0.410156 0.408203 0.399219 0.399902 0.396875 0.396484
1 0.883984 0.272461 0.882812 0.274902 0.882812 0.282227 0.883984 0.287598 0.885938 0.29248 0.888281 0.295898 0.892188 0.296387 0.892578 0.293457 0.890234 0.27832 0.887109 0.273438 0.885938 0.272461
1 0.948047 0.0219727 0.946094 0.0219727 0.944141 0.0234375 0.939453 0.0292969 0.933594 0.0336914 0.932031 0.0390625 0.932031 0.0424805 0.932813 0.043457 0.935937 0.0444336 0.948047 0.034668 0.949609 0.0302734 0.949609 0.0249023
1 0.685547 0.17334 0.682813 0.169922 0.682422 0.168457 0.678516 0.164062 0.675781 0.164062 0.669141 0.17041 0.662891 0.178711 0.661328 0.182129 0.661328 0.184082 0.6625 0.186035 0.667188 0.186035 0.676172 0.179199 0.678516 0.17627 0.684375 0.174805
1 0.040625 0.629883 0.0382813 0.628418 0.0363281 0.628418 0.0328125 0.630859 0.021875 0.646484 0.021875 0.648438 0.0242188 0.649902 0.0273438 0.649902 0.034375 0.647461 0.0386719 0.642578 0.040625 0.638184 0.0414062 0.633789
1 0.209766 0.823242 0.205469 0.82373 0.197266 0.827637 0.189844 0.837402 0.189062 0.842285 0.190625 0.843262 0.19375 0.843262 0.198047 0.839844 0.205078 0.835938 0.210938 0.829102 0.211328 0.827148
1 0.419141 0.89502 0.419141 0.897461 0.419922 0.899414 0.422266 0.901855 0.426953 0.904785 0.434766 0.907227 0.439453 0.907227 0.440625 0.905273 0.441016 0.900391 0.439453 0.897949 0.435937 0.895508 0.428125 0.892578 0.421875 0.893066
1 0.617695 0.378369 0.618359 0.39209 0.620313 0.40332 0.622656 0.40918 0.625781 0.413574 0.628906 0.413574 0.629687 0.412109 0.629297 0.397949 0.623047 0.383203 0.620352 0.378174
1 0.807031 0.277832 0.807031 0.282715 0.809766 0.287598 0.814063 0.291504 0.826172 0.297852 0.829297 0.297363 0.830078 0.296387 0.830078 0.294434 0.828125 0.290039 0.823047 0.283691 0.811328 0.276855 0.808203 0.276855
1 0.919531 0.00341797 0.91875 0.00537109 0.91875 0.00927734 0.919922 0.0136719 0.923438 0.0219727 0.928906 0.0292969 0.930859 0.0307617 0.932422 0.0307617 0.934375 0.0273438 0.933984 0.0219727 0.930078 0.0141602 0.928516 0.00927734 0.925 0.00488281 0.920703 0.00292969
1 0.988438 0.943457 0.98707 0.94082 0.982227 0.944434 0.977734 0.945312 0.964063 0.952148 0.962891 0.953613 0.963398 0.957324 0.978008 0.957764 0.98332 0.955762 0.986563 0.949316
1 0.947656 0.967773 0.946484 0.967773 0.945312 0.969727 0.943359 0.970215 0.941016 0.973145 0.938672 0.97998 0.938672 0.986328 0.939453 0.991211 0.940625 0.995117 0.942578 0.997559 0.944922 0.99707 0.946875 0.994629 0.948047 0.97998
1 0.309766 0.860352 0.307422 0.862793 0.306641 0.865234 0.306641 0.873047 0.308594 0.89209 0.310156 0.89502 0.311328 0.89502 0.313672 0.892578 0.315625 0.887695 0.316797 0.882324 0.316406 0.871094 0.314063 0.864746 0.311719 0.86084
1 0.315234 0.254395 0.3125 0.25293 0.309766 0.25293 0.303125 0.259277 0.299609 0.266113 0.297266 0.272949 0.296875 0.277344 0.298047 0.281738 0.3 0.281738 0.302734 0.279785 0.310547 0.27002 0.315234 0.259277
1 0.113672 0.344238 0.112891 0.343262 0.110547 0.343262 0.0970312 0.351953 0.0935156 0.3604 0.0912109 0.370068 0.0938672 0.371729 0.0958984 0.368018 0.100781 0.360693 0.109336 0.353027 0.112891 0.350098
1 0.540234 0.930664 0.539844 0.929688 0.536328 0.928711 0.532031 0.928711 0.528125 0.929688 0.521484 0.934082 0.51875 0.938477 0.51875 0.940918 0.520703 0.942383 0.523047 0.942383 0.536328 0.938477 0.539453 0.935547
1 0.802734 0.0244141 0.801172 0.0258789 0.800391 0.0297852 0.801953 0.043457 0.806641 0.0522461 0.810547 0.0532227 0.811328 0.050293 0.810156 0.0361328 0.80625 0.0263672
1 0 0.225586 0 0.228516 0.0015625 0.228516 0.00507813 0.234863 0.0140625 0.244629 0.0179687 0.24707 0.0214844 0.246094 0.0214844 0.240234 0.0175781 0.232422 0.0132812 0.227539 0.00703125 0.223145 0.00429688 0.223145 0.0015625 0.225586
1 0.819922 0.574707 0.819141 0.579102 0.824219 0.587891 0.828906 0.591309 0.833594 0.591309 0.834766 0.590332 0.835156 0.587402 0.833984 0.584961 0.825391 0.575195 0.822266 0.573242
1 0.205859 0.876953 0.205078 0.875488 0.200391 0.873535 0.196484 0.870605 0.192188 0.870117 0.188672 0.87207 0.184766 0.876465 0.180859 0.882812 0.180078 0.887695 0.180859 0.88916 0.183203 0.88916 0.1875 0.885742 0.192969 0.882812 0.202344 0.881348 0.204297 0.880371
1 0.473047 0.0356445 0.469922 0.0356445 0.4625 0.0454102 0.461719 0.0473633 0.460938 0.0527344 0.462109 0.0673828 0.463281 0.0703125 0.466797 0.0703125 0.468359 0.0673828 0.469141 0.0551758 0.472266 0.0405273 0.473438 0.0375977
1 0.730859 0.94873 0.729297 0.95166 0.729297 0.956055 0.73125 0.961914 0.737109 0.970215 0.742188 0.972168 0.745703 0.972168 0.746484 0.971191 0.746094 0.966309 0.740625 0.956543 0.734375 0.949219
1 0.998359 0.583887 0.998281 0.580615 0.995703 0.579102 0.988281 0.57666 0.983203 0.57666 0.978125 0.578125 0.971484 0.58252 0.966797 0.587891 0.966797 0.589844 0.968359 0.591797 0.971484 0.592285 0.975 0.58877 0.986328 0.584082 0.995625 0.58457
1 0.133594 0.886719 0.135547 0.890625 0.140234 0.892578 0.150781 0.899414 0.156641 0.901367 0.162109 0.900879 0.161719 0.896484 0.160547 0.89502 0.147266 0.885254 0.137891 0.884277 0.134766 0.885254
1 0.0664062 0.963379 0.0648438 0.961426 0.0621094 0.960449 0.0570312 0.960938 0.053125 0.962402 0.0433594 0.969727 0.0402344 0.973633 0.0386719 0.977539 0.0386719 0.97998 0.0402344 0.981445 0.0433594 0.981445 0.05 0.979004 0.0558594 0.974121 0.0640625 0.969238 0.0660156 0.966797
1 0.687891 0.729492 0.687891 0.731934 0.689453 0.734375 0.697266 0.73877 0.703906 0.73877 0.705078 0.738281 0.707031 0.734863 0.705859 0.729004 0.704297 0.727051 0.702344 0.726074 0.696875 0.725586 0.689844 0.728027
1 0.790234 0.556641 0.791016 0.558594 0.792578 0.560059 0.8 0.5625 0.803516 0.5625 0.807813 0.560547 0.812109 0.555176 0.812109 0.553711 0.810547 0.552734 0.799219 0.551758 0.791797 0.553223 0.790234 0.554199
1 0.182031 0.583008 0.182031 0.586426 0.182812 0.589355 0.190234 0.597168 0.196094 0.599609 0.199609 0.599609 0.201953 0.598633 0.201953 0.597168 0.2 0.595215 0.198437 0.591309 0.191797 0.582031 0.189062 0.580566 0.185547 0.580078
1 0.375391 0.182617 0.375391 0.184082 0.377344 0.186035 0.383594 0.1875 0.390625 0.190918 0.395703 0.192383 0.398047 0.191895 0.399219 0.188965 0.398438 0.186035 0.395703 0.182129 0.388672 0.176758 0.379688 0.176758 0.376953 0.179199
1 0.854297 0.430664 0.854297 0.433594 0.855859 0.437012 0.858984 0.440918 0.861719 0.442871 0.864453 0.443848 0.870313 0.443848 0.873437 0.444824 0.877344 0.442383 0.877344 0.440918 0.875 0.437012 0.869023 0.432422 0.859844 0.433398 0.856367 0.428662 0.855117 0.427979
1 0.248047 0.797852 0.248047 0.799805 0.250391 0.803223 0.257812 0.810059 0.263672 0.812988 0.268359 0.8125 0.268359 0.807129 0.266406 0.802734 0.263281 0.799316 0.260937 0.797852 0.255078 0.796387 0.250781 0.796387
1 0.291406 0.387207 0.291406 0.389648 0.292578 0.391602 0.294141 0.397461 0.298828 0.404785 0.302344 0.408691 0.306641 0.40918 0.307422 0.408203 0.307031 0.401855 0.301563 0.393555 0.298438 0.386719 0.296875 0.385254 0.294141 0.385254
1 0.467187 0.143066 0.466016 0.143066 0.463672 0.146484 0.460156 0.154785 0.457813 0.162598 0.457422 0.168457 0.458594 0.173828 0.462109 0.177734 0.463672 0.177246 0.46875 0.153809 0.46875 0.146484
1 0.637891 0.349609 0.636328 0.353027 0.636328 0.36084 0.637891 0.367676 0.640625 0.374512 0.646875 0.381348 0.649219 0.382324 0.653125 0.381836 0.654687 0.379883 0.654687 0.376953 0.653516 0.374023 0.65 0.369629 0.646875 0.362793 0.641016 0.354492 0.639844 0.351074
1 0.758984 0.557129 0.758984 0.560059 0.771094 0.574707 0.778516 0.580566 0.780469 0.580566 0.782422 0.579102 0.782422 0.572754 0.771875 0.55957 0.764453 0.556641 0.759766 0.556152
1 0.694922 0.524902 0.69375 0.523926 0.687891 0.523926 0.682031 0.526855 0.675391 0.528809 0.673047 0.530273 0.670703 0.533203 0.670312 0.535645 0.671875 0.538574 0.675391 0.539062 0.686328 0.534668 0.69375 0.530273
1 0.530703 0.183545 0.528125 0.188477 0.526563 0.191895 0.526563 0.19873 0.530859 0.210449 0.533594 0.212891 0.534766 0.211914 0.535937 0.208984 0.535547 0.20166 0.533008 0.193799 0.533164 0.184619
1 0.716797 0.816406 0.716406 0.818848 0.717187 0.823242 0.720313 0.83252 0.728125 0.842773 0.732031 0.844727 0.734766 0.844727 0.736719 0.84375 0.736719 0.841309 0.735938 0.839355 0.720313 0.816895
1 0.217188 0.925781 0.215234 0.92627 0.213281 0.928711 0.211328 0.935547 0.206641 0.943848 0.201953 0.949219 0.201953 0.951172 0.203125 0.952637 0.209375 0.953125 0.213281 0.950684 0.217188 0.945801 0.219141 0.94043 0.219141 0.930664
1 0.819141 0.549805 0.817187 0.549805 0.8125 0.553223 0.805469 0.567871 0.804297 0.572266 0.804297 0.574707 0.807422 0.575195 0.816406 0.568848 0.818359 0.565918 0.820312 0.560547 0.820703 0.552734
1 0.642578 0.909668 0.642578 0.911621 0.645703 0.915527 0.653516 0.918457 0.664062 0.916504 0.665625 0.915527 0.666797 0.913086 0.666797 0.910645 0.657422 0.908691 0.650391 0.905273 0.645703 0.905762
1 0 0.369141 0 0.379883 0.0102344 0.380225 0.0140625 0.381348 0.0152344 0.379883 0.0132812 0.374902 0.0065625 0.369385
1 0.155469 0.80127 0.154297 0.799805 0.147656 0.800293 0.137891 0.807129 0.133984 0.813477 0.133203 0.817383 0.133984 0.821777 0.135547 0.821777 0.138281 0.819336 0.147656 0.814453 0.15 0.811523 0.154297 0.80957 0.155859 0.806641
1 0.469141 0.507324 0.468359 0.508789 0.469141 0.516113 0.475 0.532715 0.477344 0.537109 0.482031 0.538086 0.483203 0.536621 0.483594 0.53418 0.478516 0.518066 0.474219 0.510254 0.471094 0.506836
1 0.819922 0.85791 0.819922 0.861328 0.821484 0.86377 0.830469 0.870117 0.834766 0.869629 0.838672 0.866699 0.840625 0.863281 0.840625 0.860352 0.839453 0.858887 0.833594 0.857422 0.829688 0.855469 0.825 0.85498 0.821875 0.855957
1 0.594883 0.233154 0.592383 0.234375 0.588281 0.23877 0.582422 0.241699 0.574375 0.243555 0.57082 0.244824 0.570977 0.2479 0.575781 0.250488 0.578906 0.251953 0.584766 0.251465 0.591016 0.24707 0.594141 0.243164 0.595313 0.23877
1 0.595703 0.959473 0.592578 0.960938 0.591406 0.963379 0.589453 0.974609 0.586328 0.984375 0.586328 0.995605 0.587109 0.998535 0.588281 0.999512 0.591406 0.998535 0.591406 0.993652 0.592578 0.991699 0.596875 0.977051 0.597656 0.963379
1 0.654297 0.924316 0.654297 0.931641 0.65625 0.93457 0.664453 0.942383 0.667969 0.943359 0.674609 0.942871 0.675781 0.941406 0.675781 0.939453 0.674609 0.937988 0.671484 0.936523 0.665625 0.929688 0.662109 0.927246 0.659766 0.924316 0.658203 0.92334
1 0.368359 0.608887 0.367969 0.61377 0.373047 0.621094 0.380469 0.626953 0.382422 0.626953 0.383984 0.625977 0.384766 0.624023 0.384375 0.617676 0.382422 0.615234 0.373828 0.608398 0.369531 0.60791
1 0.673047 0.108887 0.671875 0.110352 0.671484 0.115723 0.672656 0.119141 0.674219 0.128418 0.675781 0.131836 0.678906 0.135742 0.680859 0.140137 0.684766 0.145508 0.686328 0.145508 0.687109 0.144043 0.686719 0.138672 0.685156 0.134277 0.683984 0.12793 0.678125 0.114258 0.674219 0.108887
1 0.895703 0.602051 0.89375 0.606445 0.89375 0.610352 0.894922 0.61377 0.899609 0.619629 0.903125 0.620605 0.905859 0.620117 0.907031 0.618652 0.907422 0.616211 0.907031 0.611816 0.905469 0.60791 0.903906 0.605957 0.899609 0.603027
1 0.978125 0.940918 0.976172 0.938965 0.972656 0.937988 0.965234 0.938477 0.9625 0.939941 0.958203 0.944336 0.955859 0.949219 0.955859 0.950684 0.957812 0.952637 0.963672 0.952637 0.966797 0.95166 0.96875 0.949219 0.971094 0.947754 0.977734 0.945801 0.978516 0.944336
1 0.207813 0.106934 0.20625 0.105957 0.203906 0.105957 0.201953 0.106934 0.195703 0.113281 0.1875 0.129395 0.187109 0.134766 0.187891 0.135742 0.190234 0.13623 0.193359 0.134277 0.199219 0.127441 0.203125 0.120605 0.20625 0.112793 0.208594 0.110352 0.208594 0.108398
1 0.302344 0.924805 0.298438 0.924316 0.291406 0.929199 0.283594 0.939941 0.282813 0.943359 0.283203 0.945801 0.288281 0.946289 0.295312 0.940918 0.299219 0.936035 0.301172 0.932129 0.302734 0.92627
1 0.885938 0.311035 0.885547 0.315918 0.887891 0.319336 0.892188 0.322266 0.900781 0.322266 0.902734 0.320801 0.902734 0.318359 0.900781 0.31543 0.895703 0.3125 0.892578 0.30957 0.890234 0.308594 0.8875 0.308594
1 0.678516 0.861328 0.679297 0.868164 0.685156 0.873535 0.689453 0.874512 0.696484 0.874512 0.699219 0.873047 0.700391 0.871094 0.700781 0.866699 0.692578 0.86377 0.685547 0.858887 0.680859 0.858398
1 0.824219 0.753906 0.824219 0.755371 0.826172 0.758789 0.832812 0.762695 0.8375 0.766602 0.843359 0.76709 0.846875 0.765137 0.847656 0.759766 0.842578 0.756348 0.83125 0.751953 0.826562 0.751465 0.825391 0.751953
1 0 0.35791 0 0.368652 0.00585938 0.369141 0.00976562 0.371582 0.0125 0.371094 0.0140625 0.369629 0.0136719 0.367676 0.0109375 0.363281 0.00625 0.358398
1 0.237109 0.192871 0.237891 0.197266 0.239453 0.199707 0.248438 0.20459 0.252734 0.20459 0.259766 0.198242 0.259766 0.196289 0.257422 0.193359 0.252734 0.191406 0.239063 0.191406
1 0.718359 0.0737305 0.717187 0.0722656 0.711328 0.0722656 0.708203 0.0732422 0.700391 0.0737305 0.692187 0.0766602 0.689453 0.0791016 0.689063 0.0810547 0.690625 0.0830078 0.692969 0.0839844 0.704297 0.0844727 0.713281 0.0810547 0.718359 0.0766602
1 0.0574219 0.896973 0.0558594 0.896973 0.053125 0.899414 0.05 0.905273 0.0453125 0.918945 0.0453125 0.922363 0.0460938 0.923828 0.0496094 0.924316 0.0527344 0.921875 0.0582031 0.913574 0.059375 0.909668 0.059375 0.90332 0.0585938 0.898926
1 0.795703 0.870605 0.795703 0.872559 0.797266 0.875 0.800781 0.87793 0.807031 0.881348 0.81875 0.881348 0.821094 0.87793 0.820703 0.875977 0.819531 0.874512 0.811328 0.870117 0.803906 0.868164 0.798828 0.868164
1 0.790625 0.631836 0.790234 0.633301 0.791016 0.636719 0.797266 0.645996 0.803125 0.649902 0.805469 0.649414 0.808203 0.646973 0.807031 0.641602 0.803516 0.637695 0.799609 0.635254 0.796094 0.630859 0.79375 0.630371
1 0.760547 0.916992 0.758984 0.91748 0.757422 0.919922 0.755078 0.921875 0.748437 0.933594 0.744922 0.943848 0.744922 0.946777 0.746875 0.949219 0.748437 0.949219 0.751172 0.944824 0.75625 0.939453 0.757031 0.936523 0.760156 0.931152 0.761719 0.925781 0.761719 0.921875
1 0.046875 0.696289 0.04375 0.695801 0.0300781 0.701172 0.0273438 0.706055 0.0277344 0.708496 0.0289063 0.709473 0.0339844 0.709473 0.0417969 0.707031 0.0464844 0.701172
1 0.7625 0.431641 0.760547 0.429688 0.758984 0.429688 0.753125 0.436035 0.747266 0.438965 0.745703 0.440918 0.745703 0.443848 0.746875 0.447266 0.749609 0.447754 0.75625 0.445801 0.760547 0.442871 0.763281 0.438477 0.763281 0.434082
1 0.777734 0.354492 0.775781 0.357422 0.775781 0.36084 0.777734 0.371094 0.779687 0.375 0.782422 0.378418 0.786328 0.380859 0.7875 0.380859 0.788672 0.379883 0.789062 0.37793 0.787891 0.37207 0.785937 0.366699 0.780078 0.35498
1 0.43125 0.287109 0.429297 0.290039 0.429688 0.294922 0.432812 0.299316 0.435156 0.304199 0.437109 0.306641 0.440625 0.309082 0.447266 0.310547 0.448828 0.306641 0.448828 0.304688 0.447266 0.30127 0.4375 0.290527 0.432422 0.287109
1 0.896094 0.359863 0.892188 0.359863 0.891406 0.36084 0.887891 0.37207 0.883594 0.380859 0.883594 0.384766 0.887109 0.385254 0.890625 0.383789 0.897266 0.374512 0.897656 0.362793
1 0.582812 0.0170898 0.583594 0.0180664 0.584766 0.0180664 0.5875 0.0166016 0.592969 0.00976562 0.596875 0.0078125 0.601562 0.00390625 0.604297 0.00292969 0.605078 0.00195312 0.605078 0 0.5875 0 0.587109 0.00244141 0.583203 0.00830078 0.582422 0.0112305
1 0.786719 0.239258 0.785547 0.240723 0.785156 0.24707 0.786328 0.251953 0.791016 0.262207 0.794141 0.265625 0.795703 0.265137 0.797266 0.260254 0.797266 0.254883 0.796484 0.250488 0.791406 0.240234
1 0.832422 0.216309 0.833594 0.21875 0.839063 0.220703 0.841797 0.223145 0.848828 0.225098 0.862891 0.226074 0.864062 0.225586 0.865234 0.223633 0.864453 0.22168 0.860156 0.219727 0.855859 0.216309 0.851172 0.214844 0.833594 0.213379
1 0.869531 0.864746 0.868359 0.866211 0.867969 0.869141 0.867969 0.882324 0.86875 0.88623 0.872656 0.890137 0.876172 0.891113 0.877734 0.890625 0.879687 0.88623 0.879687 0.87793 0.878516 0.873047 0.873828 0.865234
1 0.0859375 0.686523 0.0863281 0.691895 0.0921875 0.697266 0.0980469 0.699219 0.102734 0.699219 0.105859 0.697266 0.105859 0.694824 0.105078 0.693359 0.0957031 0.6875 0.0898438 0.686035
1 0.996367 0.694482 0.99543 0.691943 0.993047 0.691016 0.990078 0.692676 0.986328 0.698242 0.983984 0.699707 0.976953 0.700439 0.971484 0.698779 0.969297 0.699219 0.968984 0.702441 0.971094 0.704834 0.974258 0.707568 0.9775 0.70957 0.983203 0.709912 0.987383 0.708691 0.990469 0.705322 0.994219 0.700244 0.995195 0.6979
1 0.541016 0.406738 0.540234 0.407715 0.539844 0.418945 0.540625 0.421875 0.545312 0.429688 0.547656 0.432129 0.549219 0.432129 0.55 0.428711 0.55 0.42334 0.547656 0.413086 0.544922 0.407715
1 0.636719 0.758789 0.6375 0.762695 0.640234 0.766113 0.642578 0.768066 0.646875 0.77002 0.653125 0.769531 0.657422 0.767578 0.659375 0.765625 0.659375 0.763184 0.658203 0.761719 0.645312 0.756348 0.638672 0.755859
1 0.629687 0.0947266 0.630469 0.0996094 0.632812 0.104492 0.639453 0.111816 0.641797 0.112793 0.648047 0.112793 0.65 0.112305 0.651172 0.11084 0.651172 0.109375 0.637891 0.0957031 0.633594 0.0942383
1 0.665234 0.561523 0.6625 0.561035 0.657422 0.569336 0.654687 0.578125 0.653125 0.587891 0.653516 0.59375 0.654297 0.594238 0.658984 0.591309 0.660547 0.587891 0.660937 0.584961 0.665625 0.570312
1 0.787891 0.952148 0.785547 0.953125 0.781641 0.958984 0.780469 0.963867 0.779687 0.970703 0.78125 0.978516 0.782422 0.980469 0.783984 0.980469 0.785156 0.979004 0.788672 0.969727 0.789844 0.964355 0.789844 0.955078
1 0.364453 0.106445 0.363672 0.106934 0.3625 0.109863 0.362891 0.123047 0.363672 0.126465 0.367578 0.134766 0.368359 0.14209 0.370312 0.143555 0.372266 0.142578 0.373437 0.140137 0.373828 0.12793 0.369922 0.114746 0.367969 0.111816 0.366016 0.106934
1 0.529297 0.104004 0.529297 0.10791 0.530078 0.110352 0.539062 0.120605 0.541406 0.12207 0.547266 0.121582 0.549219 0.120605 0.549219 0.11377 0.54375 0.108887 0.535547 0.103027 0.532422 0.102539
1 0.561328 0.652832 0.559766 0.652344 0.545312 0.657227 0.537109 0.663086 0.534766 0.666016 0.534375 0.66748 0.536328 0.67041 0.540625 0.67041 0.551562 0.666992 0.561328 0.657715
1 0.0675781 0.12207 0.0660156 0.124512 0.0660156 0.139648 0.0667969 0.148926 0.0679687 0.150879 0.071875 0.150879 0.0734375 0.149902 0.0742188 0.146973 0.075 0.139648 0.0746094 0.134766 0.0722656 0.128418 0.0703125 0.125977 0.0695313 0.123535
1 0.856641 0.975098 0.853906 0.977051 0.851562 0.981445 0.852852 0.988916 0.85457 0.992871 0.854297 0.998535 0.855469 1 0.861328 1 0.8625 0.997559 0.862891 0.994629 0.8625 0.990723 0.860156 0.983398 0.859375 0.977539 0.858203 0.975098
1 0.951953 0.660156 0.948438 0.660156 0.946484 0.661133 0.943359 0.668945 0.941406 0.682129 0.941406 0.688477 0.942578 0.692871 0.944141 0.693848 0.947266 0.693848 0.948828 0.692871 0.951797 0.687793 0.952852 0.682568 0.953125 0.676123 0.953125 0.669824 0.953086 0.665723 0.953516 0.662598
1 0.553516 0.123535 0.551562 0.124023 0.544922 0.131348 0.544141 0.133789 0.544141 0.146973 0.545312 0.149414 0.548047 0.151367 0.55 0.149902 0.552344 0.138672 0.552344 0.135254 0.554688 0.129395 0.554688 0.125
1 0.0878906 0.165527 0.0875 0.169434 0.0917969 0.177734 0.0957031 0.180176 0.0996094 0.181152 0.103516 0.181152 0.108594 0.179199 0.108984 0.175781 0.107813 0.17334 0.101953 0.171387 0.0914062 0.163574 0.0894531 0.164062
1 0.811719 0 0.801562 0 0.801562 0.00195312 0.797266 0.00488281 0.790234 0.0146484 0.787109 0.0205078 0.787109 0.0224609 0.791016 0.0234375 0.800391 0.0170898 0.808594 0.0078125 0.811328 0.00341797
1 0.202734 0.29541 0.202344 0.30127 0.203516 0.304199 0.212109 0.314941 0.218359 0.320801 0.221484 0.321777 0.222266 0.320801 0.221875 0.314941 0.217578 0.305664 0.209375 0.296875 0.205078 0.294434
1 0.824609 0.225586 0.823828 0.226562 0.824219 0.231934 0.829297 0.256348 0.830078 0.257324 0.833984 0.257324 0.835156 0.255859 0.836328 0.24707 0.836328 0.240723 0.835156 0.23584 0.832031 0.22998 0.826953 0.225586
1 0.43125 0.569336 0.429688 0.567871 0.426953 0.567871 0.424609 0.570801 0.417187 0.57666 0.411328 0.584961 0.408203 0.592285 0.408203 0.594238 0.410156 0.595215 0.413281 0.594727 0.424219 0.584473 0.430078 0.575195
1 0.266797 0.31543 0.267969 0.319824 0.273438 0.324219 0.280469 0.32666 0.284766 0.32666 0.286719 0.325684 0.287109 0.324707 0.286328 0.320312 0.285547 0.319336 0.279687 0.316406 0.275 0.31543 0.272266 0.313965 0.269141 0.313965
1 0.782031 0.767578 0.782031 0.77002 0.785547 0.774902 0.791406 0.778809 0.793359 0.779297 0.798828 0.779297 0.802734 0.776855 0.805078 0.773926 0.805469 0.771484 0.805078 0.768555 0.803516 0.767578 0.792578 0.767578 0.7875 0.765137 0.783203 0.765137
1 0.116406 0.794434 0.116016 0.799316 0.120313 0.804199 0.130469 0.808105 0.134375 0.808105 0.135156 0.807129 0.135547 0.802734 0.130469 0.796387 0.121875 0.793945
1 0.279687 0.173828 0.278906 0.172852 0.276562 0.172363 0.262891 0.172852 0.254688 0.178223 0.251953 0.181641 0.251563 0.1875 0.252344 0.188477 0.257422 0.188477 0.260547 0.187012 0.263672 0.187012 0.270313 0.184082 0.277344 0.179199 0.278516 0.177734
1 0.613672 0.843262 0.613281 0.848145 0.615625 0.855957 0.619531 0.862793 0.626172 0.864746 0.628125 0.864746 0.631641 0.862793 0.631641 0.86084 0.629687 0.85791 0.625391 0.854492 0.621875 0.850098 0.619922 0.846191 0.615234 0.842285
1 0.153125 0.818848 0.152344 0.820801 0.152344 0.824219 0.153906 0.828613 0.160156 0.835938 0.169922 0.843262 0.172266 0.844238 0.175 0.844238 0.176172 0.842773 0.175 0.836426 0.166406 0.825195 0.158203 0.819824 0.155078 0.818359
1 0.669141 0.494141 0.668359 0.496094 0.668359 0.505859 0.667188 0.509277 0.667188 0.51123 0.669141 0.512695 0.673828 0.512207 0.676562 0.508789 0.676953 0.500488 0.673828 0.495605 0.671094 0.494141
1 0.783203 0.617676 0.782031 0.617676 0.779297 0.620117 0.777734 0.625977 0.777734 0.640625 0.778516 0.644043 0.780859 0.645508 0.782813 0.645508 0.784375 0.644531 0.787109 0.637207 0.786719 0.632812 0.784375 0.625
1 0.704297 0.411133 0.704297 0.414062 0.70625 0.416504 0.708203 0.41748 0.721875 0.416504 0.725391 0.415527 0.727344 0.413574 0.727344 0.411133 0.726172 0.409668 0.717969 0.407227 0.708594 0.407715 0.705469 0.40918
1 0.855469 0.330078 0.855078 0.333984 0.855859 0.335449 0.860156 0.336914 0.868359 0.341797 0.873047 0.341797 0.875 0.340332 0.875 0.337891 0.873828 0.335449 0.867578 0.328613 0.865625 0.327637 0.857812 0.327637 0.856641 0.328125
1 0.0253906 0.933105 0.0226562 0.93457 0.0214844 0.936523 0.0199219 0.948242 0.0199219 0.960938 0.0207031 0.965332 0.021875 0.966797 0.025 0.966309 0.0257812 0.965332 0.0265625 0.958496 0.0285156 0.95166 0.0273438 0.936523 0.0265625 0.934082
1 0.932031 0 0.932031 0.00244141 0.934766 0.0102539 0.94375 0.0224609 0.944141 0.0258789 0.946875 0.0268555 0.948047 0.0249023 0.948438 0.0209961 0.945312 0.00732422 0.941797 0.00195312 0.941797 0
1 0.325781 0.605469 0.324609 0.609375 0.325391 0.623535 0.326953 0.627441 0.329297 0.63916 0.330078 0.640625 0.33125 0.640625 0.333594 0.637207 0.333594 0.625 0.332422 0.615234 0.329688 0.607422 0.327344 0.605469
1 0.628125 0.0737305 0.624609 0.0737305 0.622656 0.0756836 0.621094 0.0825195 0.617969 0.0893555 0.618359 0.0917969 0.621875 0.09375 0.624609 0.09375 0.626953 0.0927734 0.628516 0.0908203 0.630078 0.0844727 0.630078 0.0795898 0.629297 0.0756836
1 0.893359 0.609375 0.891797 0.609863 0.889062 0.613281 0.885156 0.616211 0.883594 0.620117 0.883594 0.623047 0.886719 0.628906 0.891797 0.633789 0.893359 0.633789 0.894922 0.629883 0.894922 0.625488 0.894141 0.623535 0.894531 0.611816
1 0.314063 0.239258 0.313281 0.240723 0.313281 0.242676 0.321094 0.252441 0.326562 0.260254 0.328906 0.267578 0.330469 0.268066 0.33125 0.266602 0.332031 0.260742 0.332031 0.256348 0.330469 0.249512 0.327344 0.246094 0.325 0.244629 0.322266 0.241211 0.31875 0.239258
1 0.0539063 0.706055 0.0535156 0.710449 0.0542969 0.711426 0.0632812 0.715332 0.0769531 0.718262 0.0808594 0.718262 0.0828125 0.716309 0.0824219 0.714844 0.0773438 0.709473 0.0726563 0.706055 0.0683594 0.704102 0.0589844 0.703613 0.0554687 0.70459
1 0.456641 0.529297 0.456641 0.534668 0.458984 0.538086 0.469922 0.544922 0.472266 0.544922 0.474609 0.543457 0.475391 0.541504 0.475391 0.538574 0.473047 0.536133 0.466797 0.531738 0.4625 0.530273 0.460938 0.528809 0.457813 0.52832
1 0.696875 0.46582 0.694141 0.463379 0.691406 0.463379 0.686328 0.465332 0.679688 0.473633 0.678516 0.478516 0.678906 0.483398 0.680469 0.484863 0.682422 0.484863 0.691797 0.477051 0.696094 0.475098 0.697656 0.472656 0.697656 0.468262
1 0.485156 0.0170898 0.484375 0.0195312 0.484375 0.0229492 0.489063 0.0371094 0.490625 0.0449219 0.49375 0.0463867 0.494922 0.0439453 0.496094 0.0380859 0.496094 0.0307617 0.494531 0.0263672 0.491406 0.0214844 0.4875 0.0170898
1 0.860547 0.134766 0.859375 0.137695 0.860547 0.15332 0.864453 0.161621 0.867578 0.164551 0.869141 0.165039 0.869922 0.164551 0.869922 0.158691 0.870703 0.155273 0.870313 0.147949 0.865234 0.137695 0.862891 0.135254
1 0.403516 0.477539 0.403125 0.476562 0.4 0.476562 0.398047 0.478516 0.392578 0.481445 0.381641 0.484863 0.379688 0.486816 0.378906 0.491211 0.381641 0.493164 0.393359 0.492676 0.395313 0.491699 0.403125 0.481934
1 0.204687 0.547363 0.201563 0.54834 0.197656 0.553711 0.194922 0.559082 0.191797 0.571777 0.191797 0.575684 0.192969 0.578125 0.194922 0.577148 0.197656 0.574219 0.20625 0.558594 0.207031 0.555664 0.207031 0.550781 0.206641 0.549316
1 0.895703 0.0400391 0.894531 0.0405273 0.892578 0.043457 0.892188 0.0571289 0.894141 0.0673828 0.896094 0.0708008 0.897266 0.0708008 0.898828 0.0683594 0.9 0.0644531 0.900781 0.050293 0.897266 0.0415039
1 0.0566406 0.681152 0.0542969 0.686035 0.0542969 0.691895 0.0558594 0.695801 0.0609375 0.701172 0.0640625 0.702148 0.0667969 0.701172 0.0679687 0.69873 0.0679687 0.695801 0.0625 0.688477 0.0613281 0.685547 0.0609375 0.681641 0.0601563 0.680664
1 0.81875 0.469238 0.818359 0.472656 0.819141 0.476562 0.817187 0.48877 0.817187 0.500488 0.818359 0.50293 0.819531 0.50293 0.821875 0.500488 0.823047 0.495117 0.825 0.491211 0.825781 0.487793 0.825781 0.483887 0.822266 0.470215
1 0.757031 0.597656 0.752344 0.597168 0.746875 0.601562 0.740625 0.612305 0.739062 0.616211 0.738672 0.622559 0.739453 0.624512 0.742188 0.624023 0.748828 0.617676 0.753125 0.61084 0.757422 0.599121
1 0.586719 0.851562 0.587109 0.854492 0.589453 0.856934 0.598047 0.860352 0.603516 0.860352 0.607422 0.858398 0.610938 0.85791 0.6125 0.856445 0.611719 0.852539 0.603516 0.850586 0.600781 0.849121 0.588672 0.850098
1 0.354297 0.90625 0.354687 0.910645 0.355469 0.911621 0.369141 0.919922 0.374219 0.919922 0.375 0.91748 0.374219 0.912109 0.373437 0.910156 0.369141 0.905273 0.366016 0.903809 0.357422 0.903809
1 0.240234 0.597656 0.239063 0.599609 0.238281 0.606445 0.238281 0.61377 0.239453 0.621582 0.244141 0.631836 0.247656 0.635742 0.249219 0.635742 0.251172 0.633301 0.251172 0.630371 0.25 0.625 0.248828 0.61084 0.245703 0.601562 0.243359 0.598633
1 0.839453 0.550293 0.838281 0.551758 0.8375 0.555664 0.837891 0.568359 0.842187 0.572266 0.845703 0.57373 0.847656 0.573242 0.849219 0.571777 0.849609 0.568359 0.846484 0.563477 0.844922 0.554688 0.842578 0.550293
1 0.934062 0.755127 0.929883 0.754053 0.923438 0.758301 0.919141 0.76416 0.914453 0.773926 0.9125 0.782227 0.912891 0.785156 0.917188 0.785156 0.923047 0.775488 0.927852 0.767236 0.930859 0.760107
1 0.5875 0.308105 0.583984 0.30957 0.578516 0.32666 0.578516 0.330566 0.580078 0.335449 0.582812 0.338379 0.584766 0.338379 0.586719 0.335449 0.586719 0.330566 0.589844 0.319824 0.589844 0.312012 0.589453 0.310059
1 0.228906 0.851074 0.227734 0.852539 0.226562 0.859375 0.226953 0.869629 0.227734 0.872559 0.229687 0.875977 0.231641 0.882812 0.233594 0.884277 0.235937 0.884766 0.2375 0.882812 0.2375 0.87793 0.236328 0.869141 0.232031 0.852539
1 0.0265625 0.224121 0.0265625 0.228516 0.0335937 0.238281 0.0441406 0.247559 0.046875 0.248047 0.0488281 0.247559 0.0496094 0.246582 0.0496094 0.241211 0.0472656 0.236328 0.0441406 0.231934 0.0371094 0.226074 0.0332031 0.225098 0.0300781 0.223145 0.0277344 0.223145
1 0.851562 0.904297 0.848828 0.903809 0.840234 0.913574 0.835938 0.92041 0.836719 0.924316 0.842969 0.924805 0.846094 0.92334 0.847266 0.921875 0.851562 0.910156
1 0.843359 0.46875 0.843359 0.471094 0.845391 0.475928 0.848906 0.481885 0.854023 0.48623 0.859375 0.486328 0.862773 0.485254 0.864727 0.479834 0.862227 0.478027 0.85668 0.47749 0.852539 0.473242 0.849258 0.469531 0.846875 0.466406 0.844883 0.46626
1 0.79375 0.0439453 0.792188 0.0458984 0.79375 0.0488281 0.794531 0.0537109 0.799609 0.0708008 0.801953 0.0771484 0.803516 0.078125 0.80625 0.0756836 0.807031 0.0722656 0.807031 0.065918 0.805859 0.0610352 0.800391 0.0473633 0.798828 0.0454102 0.795703 0.0439453
1 0.496094 0.905762 0.494531 0.904297 0.487891 0.904297 0.482031 0.90625 0.478516 0.90918 0.475 0.915039 0.474219 0.918457 0.474609 0.923828 0.475391 0.924805 0.478516 0.924805 0.485156 0.917969 0.494922 0.912109 0.496094 0.910645
1 0.519922 0.342773 0.519922 0.345215 0.521484 0.348145 0.525781 0.354004 0.529687 0.356934 0.534766 0.359375 0.540625 0.360352 0.546484 0.359863 0.547266 0.358887 0.546094 0.354492 0.53125 0.34668 0.525391 0.342285 0.520703 0.341309
1 0.486328 0.333496 0.485547 0.334473 0.484766 0.338867 0.485156 0.350098 0.487109 0.35498 0.489844 0.359375 0.49375 0.359863 0.494141 0.352539 0.492969 0.348633 0.492188 0.339355 0.489844 0.335449
1 0.230078 0.386719 0.227734 0.38623 0.225 0.387695 0.208984 0.399902 0.207031 0.402832 0.207422 0.406738 0.208203 0.407715 0.216797 0.40625 0.222266 0.402832 0.228516 0.394043 0.230078 0.389648
1 0.822266 0.455566 0.818359 0.455566 0.816797 0.456543 0.808203 0.46582 0.801953 0.476562 0.801953 0.48291 0.806641 0.482422 0.808984 0.480957 0.817578 0.47168 0.819531 0.466797 0.822656 0.462402 0.823047 0.456543
1 0.839453 0.719727 0.839453 0.72168 0.841016 0.724121 0.849219 0.728027 0.853906 0.728027 0.857031 0.726562 0.861719 0.726562 0.863281 0.725586 0.862891 0.720703 0.861719 0.71875 0.852734 0.71582 0.844922 0.716309
1 0.860156 0.352051 0.857812 0.353516 0.855469 0.35791 0.855469 0.361816 0.858594 0.376953 0.860547 0.378906 0.862891 0.378906 0.865234 0.376465 0.866016 0.373535 0.866016 0.362793 0.863281 0.353516 0.862109 0.352051
1 0.0324219 0.916016 0.03125 0.918945 0.03125 0.928223 0.0320312 0.934082 0.0347656 0.944336 0.0359375 0.945312 0.0378906 0.945312 0.0402344 0.943359 0.0421875 0.939941 0.0417969 0.929199 0.0371094 0.919434 0.0339844 0.916016
1 0.0617188 0.29541 0.0605469 0.293945 0.0570312 0.29248 0.0511719 0.29248 0.0472656 0.293945 0.0398437 0.300781 0.0394531 0.305664 0.0414062 0.307129 0.046875 0.307129 0.0569141 0.3021 0.0613281 0.300537
1 0.861328 0.0195312 0.858203 0.0214844 0.855078 0.0253906 0.849609 0.0356445 0.848047 0.0405273 0.847266 0.0458984 0.847266 0.0546875 0.848828 0.0585938 0.850781 0.0581055 0.853516 0.0522461 0.855078 0.0463867 0.860938 0.0322266 0.8625 0.0214844
1 0.823047 0.765137 0.822266 0.769531 0.826172 0.775879 0.830469 0.77832 0.834375 0.77832 0.8375 0.775391 0.838281 0.769043 0.837109 0.767578 0.829688 0.762695 0.825391 0.762695
1 0.488672 0.39502 0.485156 0.394531 0.476562 0.398926 0.473828 0.401855 0.470313 0.408203 0.467187 0.416504 0.467109 0.422998 0.467187 0.42666 0.469141 0.426904 0.470664 0.42251 0.47375 0.418408 0.486523 0.40332 0.489844 0.397949
1 0 0.491357 0 0.495654 0.00117187 0.497559 0.00382813 0.500684 0.00679687 0.503857 0.0165625 0.508252 0.0216406 0.509131 0.0242188 0.507324 0.0242188 0.504395 0.021875 0.500488 0.0105469 0.493652 0.00503906 0.491113
1 0.121094 0.193848 0.118359 0.195312 0.116406 0.200195 0.115234 0.205566 0.115234 0.21582 0.116406 0.22168 0.118359 0.226562 0.122656 0.232422 0.123438 0.232422 0.125 0.230469 0.126172 0.226074 0.125781 0.208496 0.123828 0.195312 0.122656 0.193848
1 0.391797 0.964844 0.391016 0.967773 0.391016 0.970703 0.391797 0.973145 0.397266 0.981445 0.402734 0.985352 0.407422 0.987305 0.4125 0.987793 0.414062 0.98584 0.414062 0.983398 0.411719 0.980469 0.407031 0.976562 0.396875 0.964355 0.392969 0.963867
1 0.208203 0.701172 0.207031 0.703613 0.206641 0.708008 0.207422 0.716309 0.208984 0.720703 0.209375 0.728516 0.210938 0.732422 0.212109 0.733398 0.213672 0.733398 0.215234 0.731934 0.21875 0.726074 0.219141 0.71875 0.216797 0.710449 0.214453 0.705566 0.209766 0.701172
1 0.924219 0.734375 0.923047 0.732422 0.919531 0.730469 0.912891 0.730469 0.904687 0.733887 0.903906 0.735352 0.903906 0.739746 0.905078 0.741699 0.910156 0.744629 0.914453 0.744629 0.923438 0.739258
1 0.421602 0.416113 0.419844 0.42041 0.419922 0.428223 0.422266 0.433594 0.426172 0.438477 0.430547 0.43916 0.432422 0.442871 0.435156 0.441895 0.436055 0.434521 0.432773 0.429395 0.426523 0.421826 0.424687 0.415479
1 0.446094 0.587402 0.446094 0.588867 0.450781 0.593262 0.454297 0.594727 0.459375 0.59375 0.466406 0.59082 0.469141 0.59082 0.471875 0.589355 0.471875 0.587402 0.470313 0.584961 0.464453 0.583496 0.450391 0.583496
1 0.458594 0.349609 0.458594 0.35498 0.463281 0.364258 0.469531 0.369141 0.474609 0.369141 0.475781 0.368164 0.476562 0.364746 0.475781 0.362793 0.472656 0.36084 0.463672 0.350586 0.459766 0.349121
1 0.308516 0.351904 0.306758 0.351367 0.30207 0.356885 0.296875 0.369141 0.296094 0.373047 0.296484 0.382422 0.297656 0.389648 0.299609 0.389648 0.303516 0.384766 0.304297 0.382812 0.305859 0.373535 0.305859 0.369141 0.307227 0.360986 0.309492 0.354932
1 0.291406 0.313477 0.291016 0.315918 0.292578 0.326172 0.298047 0.34375 0.299219 0.345215 0.303516 0.346191 0.304688 0.344727 0.304688 0.339355 0.301563 0.324707 0.299219 0.319336 0.294922 0.313477
1 0.889062 0.191895 0.886719 0.19043 0.883984 0.19043 0.880469 0.192383 0.872656 0.193848 0.869922 0.195312 0.863672 0.200684 0.862891 0.202148 0.863281 0.206055 0.864062 0.20752 0.867578 0.20752 0.876172 0.206055 0.880859 0.204102 0.886719 0.19873 0.889062 0.194336
1 0.877344 0.823242 0.875391 0.82666 0.875391 0.834473 0.876172 0.836914 0.879687 0.842285 0.885547 0.848633 0.888672 0.851074 0.892188 0.851562 0.892188 0.845703 0.883594 0.832031 0.881641 0.825684 0.879687 0.82373
1 0.246094 0.804688 0.244922 0.803711 0.242578 0.803711 0.238672 0.805664 0.233203 0.813477 0.228906 0.82373 0.230859 0.825195 0.232813 0.825195 0.236328 0.82373 0.246484 0.80957 0.246875 0.806641
1 0.526445 0.136768 0.525312 0.142334 0.528516 0.15332 0.537891 0.165527 0.541016 0.166992 0.542578 0.164551 0.542578 0.158691 0.541797 0.156738 0.537109 0.149414 0.532422 0.144531 0.530078 0.139404
1 0.380859 0.634766 0.378516 0.635742 0.374609 0.641602 0.373437 0.658203 0.374609 0.666504 0.376172 0.667969 0.378125 0.666992 0.382812 0.651367 0.382812 0.641602 0.382031 0.636719
1 0.759375 0.617676 0.75625 0.618164 0.755078 0.625488 0.75625 0.635742 0.75625 0.642578 0.755469 0.644531 0.755469 0.652344 0.75625 0.65332 0.759375 0.651367 0.760547 0.647461 0.760547 0.643555 0.762891 0.637207 0.7625 0.62793 0.761328 0.625977
2 0.0230469 0.328613 0.0230469 0.330078 0.0238281 0.331055 0.0296875 0.333496 0.0414062 0.341309 0.0484375 0.344727 0.0507812 0.34375 0.0511719 0.339355 0.0484375 0.334473 0.0429688 0.329102 0.0371094 0.325684 0.0269531 0.326172
2 0.8875 0.367676 0.883203 0.366211 0.876172 0.366211 0.871094 0.368164 0.867969 0.370605 0.866406 0.373047 0.865625 0.378906 0.86875 0.382812 0.872656 0.382324 0.876563 0.377441 0.878906 0.376465 0.883594 0.37207 0.8875 0.369629
2 0.910937 0.16748 0.910937 0.169434 0.911719 0.17041 0.917578 0.172363 0.929688 0.171875 0.935547 0.172852 0.936328 0.172363 0.9375 0.169434 0.937109 0.16748 0.934375 0.164062 0.932031 0.162109 0.928125 0.160645 0.923047 0.160645 0.919141 0.161621 0.914453 0.164062
2 0.927344 0.194336 0.925391 0.191895 0.922656 0.191895 0.91875 0.195801 0.909766 0.199219 0.907422 0.20166 0.907422 0.204102 0.908203 0.205566 0.910156 0.206543 0.920703 0.207031 0.923047 0.205566 0.927344 0.19873
2 0.472656 0.318359 0.471484 0.316895 0.46875 0.317383 0.465234 0.319336 0.461328 0.323242 0.454297 0.333008 0.453125 0.335938 0.452734 0.340332 0.453906 0.341309 0.455859 0.341309 0.463672 0.334961 0.471094 0.325195 0.472656 0.320801
2 0.040625 0.613281 0.0390625 0.612305 0.0355469 0.612305 0.0332031 0.613281 0.028125 0.619629 0.0210938 0.623047 0.0195312 0.627441 0.0214844 0.628906 0.0316406 0.628418 0.0335937 0.625977 0.0367188 0.624512 0.0394531 0.620117 0.040625 0.617188
2 0.585938 0.074707 0.584766 0.0732422 0.579297 0.0727539 0.573438 0.0742188 0.570703 0.0756836 0.567578 0.0791016 0.566016 0.0830078 0.564453 0.0908203 0.564844 0.0932617 0.567187 0.0942383 0.569141 0.0932617 0.572266 0.0883789 0.577734 0.0834961 0.583594 0.0795898 0.585938 0.0766602
2 0.788281 0.3125 0.786328 0.312988 0.785937 0.314453 0.782031 0.319336 0.78125 0.322266 0.780859 0.333008 0.781641 0.338379 0.783203 0.341309 0.786328 0.340332 0.787891 0.336426 0.789844 0.322266 0.789844 0.314941
2 0.727734 0.555176 0.724609 0.554199 0.716797 0.556152 0.712891 0.55957 0.711719 0.563965 0.7125 0.56543 0.714453 0.566406 0.720703 0.565918 0.725 0.562988 0.727344 0.560059
2 0.501563 0.592285 0.498828 0.589844 0.496484 0.59082 0.485547 0.601562 0.484766 0.603516 0.485156 0.606934 0.485938 0.60791 0.491797 0.60791 0.494531 0.606934 0.497656 0.604492 0.501172 0.598145 0.501953 0.594238
2 0.892188 0.138672 0.887891 0.138184 0.883984 0.140137 0.877734 0.147949 0.875781 0.149414 0.874219 0.152832 0.869531 0.158203 0.86875 0.163574 0.869531 0.164551 0.873437 0.164551 0.875391 0.162598 0.877344 0.162109 0.880469 0.159668 0.882812 0.154785 0.889844 0.144531 0.890625 0.141602 0.892188 0.140137
2 0.574219 0.446289 0.574609 0.448242 0.576562 0.450684 0.584375 0.45459 0.588281 0.45459 0.592187 0.451172 0.592578 0.447266 0.590234 0.445801 0.582812 0.442871 0.576172 0.443359
2 0.978516 0.916016 0.977344 0.918457 0.977344 0.922852 0.978906 0.931152 0.985938 0.938965 0.989062 0.94043 0.991016 0.94043 0.991797 0.938965 0.991797 0.934082 0.990625 0.930664 0.987891 0.927246 0.986328 0.922852 0.982812 0.916992
2 0.519141 0.519531 0.51875 0.520996 0.519922 0.523438 0.522266 0.524902 0.526172 0.524902 0.527344 0.522461 0.527344 0.520508 0.526172 0.519043 0.521094 0.518066
1 0 0.86377 0 0.87832 0.00195312 0.881348 0.00273437 0.882812 0.00585938 0.88623 0.00898437 0.885742 0.0101563 0.884277 0.0101563 0.882324 0.0105469 0.881836 0.0101563 0.876465 0.009375 0.875 0.00898437 0.872559 0.00820313 0.871582 0.00742187 0.869141 0.003125 0.864258 0.00234375 0.86377
1 0 0.501953 0 0.510254 0.00402344 0.509033 0.00746094 0.508057 0.00988281 0.505713 0.00953125 0.503418 0.0084375 0.502295 0.00570312 0.502197 0.003125 0.501953
1 0 0.512207 0 0.522949 0.00703125 0.523438 0.0117188 0.521484 0.0140625 0.518066 0.0145313 0.515918 0.0139844 0.513232 0.0123828 0.512109 0.0105859 0.511963 0.00835937 0.512451 0.00582031 0.512695
1 0.50625 0.137207 0.505078 0.137207 0.503516 0.138184 0.500781 0.141602 0.498437 0.147949 0.497266 0.149902 0.497266 0.151855 0.496875 0.152344 0.496484 0.155273 0.495312 0.158203 0.495312 0.161133 0.494531 0.164062 0.494531 0.171875 0.495703 0.17334 0.496875 0.17334 0.497266 0.173828 0.498828 0.17334 0.500781 0.170898 0.501172 0.169434 0.502734 0.166992 0.504687 0.161621 0.505469 0.160645 0.505859 0.158691 0.506641 0.157227 0.508203 0.151367 0.508594 0.147461 0.508984 0.146973 0.508984 0.141113 0.508203 0.13916
