1 0.178906 0.126953 0.176953 0.126953 0.174609 0.129395 0.166016 0.142578 0.162109 0.154785 0.162109 0.158691 0.166016 0.157715 0.170703 0.151367 0.173047 0.145508 0.176953 0.138672 0.179688 0.131348 0.179688 0.128906
1 0.108594 0.15332 0.109375 0.155273 0.115234 0.157227 0.119531 0.156738 0.122266 0.157715 0.125781 0.161133 0.128125 0.161133 0.130078 0.160156 0.131641 0.160645 0.138281 0.166016 0.139453 0.166016 0.140234 0.164062 0.140234 0.161621 0.139063 0.158691 0.132422 0.150391 0.126953 0.146973 0.121875 0.146484 0.116406 0.149414 0.110937 0.150879
1 0.0527344 0.0629883 0.0511719 0.0683594 0.0503906 0.0800781 0.0515625 0.0849609 0.0546875 0.0888672 0.0601563 0.0927734 0.0652344 0.0932617 0.0660156 0.0917969 0.0613281 0.0849609 0.0582031 0.0756836 0.0570312 0.0634766 0.05625 0.0625
1 0.0941406 0.0957031 0.0945312 0.100586 0.101953 0.108887 0.107422 0.111328 0.110547 0.111816 0.119141 0.111328 0.117578 0.107422 0.107422 0.102051 0.0988281 0.0957031 0.0960938 0.0947266
1 0.114062 0.193359 0.114062 0.195801 0.114844 0.197754 0.122266 0.200195 0.125 0.202637 0.133984 0.207031 0.142969 0.207031 0.144922 0.20459 0.144922 0.20166 0.143359 0.199219 0.128516 0.19043 0.123438 0.188965 0.119531 0.189453 0.115625 0.191406
1 0.0597656 0.0708008 0.0597656 0.0727539 0.0632812 0.0771484 0.0660156 0.078125 0.0691406 0.078125 0.071875 0.0766602 0.075 0.0732422 0.075 0.0712891 0.0730469 0.0698242 0.0609375 0.0688477
1 0.126953 0.149414 0.124609 0.150391 0.125 0.153809 0.120703 0.158691 0.120313 0.17627 0.121875 0.182129 0.124219 0.181641 0.125391 0.177734 0.126562 0.169434 0.129297 0.161621 0.131641 0.158203 0.130859 0.153809 0.128125 0.149902
1 0.125391 0.123047 0.125 0.126465 0.126172 0.128418 0.134766 0.133789 0.149609 0.141113 0.155078 0.141602 0.155859 0.140137 0.155859 0.137695 0.153516 0.134277 0.142578 0.126953 0.129688 0.12207 0.126172 0.12207
1 0.0910156 0.0917969 0.090625 0.0957031 0.0890625 0.0996094 0.090625 0.102051 0.090625 0.108887 0.0933594 0.117188 0.09375 0.128418 0.0929688 0.132812 0.0929688 0.138184 0.0953125 0.143066 0.0996094 0.14502 0.100391 0.144531 0.101562 0.141602 0.104297 0.138672 0.104297 0.135742 0.103125 0.134766 0.102344 0.132324 0.103125 0.125488 0.101562 0.119141 0.101562 0.11377 0.0992187 0.106934 0.1 0.103027 0.0953125 0.103027 0.0921875 0.0927734
1 0.279297 0.199707 0.279297 0.20166 0.282422 0.205566 0.289453 0.209961 0.301953 0.214844 0.307422 0.214355 0.307422 0.212402 0.302734 0.208008 0.287109 0.197754 0.281641 0.197754
1 0.376172 0.0498047 0.375 0.0478516 0.373047 0.046875 0.36875 0.046875 0.355469 0.0561523 0.355469 0.0605469 0.356641 0.0615234 0.365234 0.0610352 0.375781 0.0537109
1 0.433594 0.0258789 0.420312 0.0253906 0.415625 0.0273438 0.408984 0.0322266 0.407031 0.034668 0.40625 0.0366211 0.40625 0.0410156 0.407422 0.0419922 0.408984 0.0419922 0.415234 0.0385742 0.419141 0.0375977 0.422656 0.0351562 0.432031 0.0307617 0.433594 0.0292969
1 0.147266 0.658203 0.145703 0.658203 0.142969 0.662598 0.140625 0.671387 0.140234 0.693359 0.141797 0.696777 0.144141 0.695801 0.146094 0.69043 0.146484 0.679199 0.148438 0.666016 0.148438 0.661133
1 0.0203125 0.473633 0.0195312 0.474609 0.0203125 0.479492 0.0226562 0.481934 0.0335937 0.50293 0.0367188 0.506348 0.0371094 0.509766 0.0378906 0.510742 0.0410156 0.51123 0.0414062 0.508789 0.0398437 0.505371 0.0394531 0.496582 0.0355469 0.486816 0.0289063 0.477539 0.0222656 0.473633
1 0.567969 0.531738 0.567187 0.533203 0.567187 0.536133 0.567969 0.538574 0.570312 0.541992 0.571094 0.544922 0.576172 0.550293 0.578516 0.556152 0.580469 0.558594 0.582812 0.55957 0.584375 0.559082 0.585156 0.556641 0.585156 0.547363 0.583984 0.541016 0.582422 0.537598 0.580859 0.535645 0.576172 0.532715 0.573047 0.531738
1 0.714844 0.125488 0.712891 0.126465 0.711719 0.128418 0.706641 0.141602 0.705078 0.149414 0.705078 0.160156 0.70625 0.165527 0.708984 0.17041 0.709766 0.17334 0.713672 0.177246 0.716406 0.177246 0.717578 0.175781 0.717578 0.172852 0.716406 0.17041 0.716016 0.16748 0.713672 0.163574 0.712109 0.158691 0.712109 0.153809 0.712891 0.149902 0.716406 0.13916 0.717578 0.132812 0.717578 0.126953 0.716797 0.125488
1 0.836719 0.0200195 0.836719 0.0219727 0.842969 0.0268555 0.846484 0.0283203 0.862109 0.0307617 0.864844 0.0288086 0.866406 0.0258789 0.866016 0.0229492 0.863281 0.0205078 0.851953 0.0170898 0.837891 0.0180664
1 0.169141 0.398926 0.168359 0.412109 0.169141 0.414062 0.173047 0.418945 0.182422 0.425293 0.187109 0.427246 0.194141 0.426758 0.198047 0.424805 0.199219 0.42334 0.198828 0.419922 0.192969 0.416992 0.188672 0.416504 0.180469 0.412109 0.176563 0.408691 0.172266 0.40332 0.170703 0.398438
1 0.421484 0.231934 0.419531 0.229004 0.416406 0.227539 0.412109 0.228027 0.408594 0.229492 0.403906 0.233887 0.4 0.23584 0.391797 0.243652 0.391797 0.245117 0.392969 0.246582 0.396484 0.248047 0.403906 0.248047 0.404687 0.247559 0.405469 0.244141 0.407813 0.241699 0.411719 0.241699 0.414844 0.239746 0.420703 0.238281 0.421484 0.236816
1 0.186328 0.0161133 0.184375 0.0161133 0.18125 0.0180664 0.180078 0.0195312 0.179688 0.0224609 0.178125 0.0253906 0.178906 0.0292969 0.176953 0.0332031 0.176953 0.0454102 0.176172 0.0478516 0.176172 0.0556641 0.176563 0.0576172 0.177734 0.059082 0.181641 0.0585938 0.181641 0.0527344 0.185156 0.0424805 0.184766 0.0307617 0.186328 0.0268555 0.186719 0.0229492 0.188281 0.0175781
1 0.279297 0.243164 0.277734 0.240723 0.274609 0.23877 0.272266 0.23584 0.267578 0.234863 0.254688 0.244141 0.249609 0.251953 0.249609 0.253418 0.251172 0.256348 0.253516 0.256348 0.255469 0.257324 0.257422 0.254883 0.263672 0.250488 0.267188 0.249023 0.271094 0.249023 0.275 0.247559 0.278516 0.245117
1 0.3125 0.00927734 0.3125 0.0107422 0.313672 0.0131836 0.322266 0.0214844 0.329297 0.0263672 0.335156 0.0263672 0.335156 0.0244141 0.333594 0.0209961 0.324609 0.0131836 0.317578 0.00878906 0.314063 0.00830078
1 0.375391 0.0952148 0.371875 0.0917969 0.367578 0.0917969 0.363281 0.0942383 0.355469 0.100586 0.346094 0.103027 0.344141 0.105957 0.344141 0.108398 0.346875 0.112305 0.348438 0.113281 0.358594 0.113281 0.362109 0.11084 0.364844 0.110352 0.367188 0.106445 0.369922 0.10498 0.375 0.0996094
1 0.348828 0.55957 0.347266 0.562988 0.346484 0.566895 0.346875 0.574219 0.347656 0.577637 0.352344 0.585938 0.355078 0.589355 0.359766 0.593262 0.364844 0.59375 0.366016 0.592773 0.366016 0.587402 0.358594 0.577637 0.35625 0.572266 0.353125 0.567871 0.351172 0.560547 0.350391 0.55957
1 0.283203 0.439941 0.281641 0.442871 0.280859 0.446777 0.280859 0.451172 0.281641 0.455078 0.282813 0.45752 0.284766 0.459473 0.290234 0.461914 0.291797 0.461914 0.293359 0.459961 0.293359 0.458008 0.291797 0.45459 0.289062 0.453125 0.286328 0.450195 0.286328 0.442871 0.284375 0.439941
1 0.436719 0.0878906 0.436719 0.0957031 0.440625 0.100586 0.447266 0.103516 0.451172 0.10791 0.454297 0.10791 0.455469 0.106934 0.455859 0.103516 0.453906 0.100586 0.452344 0.0952148 0.450781 0.0932617 0.44375 0.0874023 0.438672 0.0869141
1 0.292969 0.220703 0.292969 0.225098 0.300781 0.232422 0.317969 0.241211 0.323047 0.241699 0.323828 0.240723 0.323437 0.236816 0.314453 0.228516 0.310937 0.226562 0.305078 0.225098 0.303125 0.223633 0.298438 0.222656 0.295703 0.220215
1 0.265625 0.0634766 0.263281 0.0634766 0.262109 0.0649414 0.258984 0.0717773 0.258594 0.0766602 0.258984 0.0898438 0.260937 0.0996094 0.262891 0.104492 0.264844 0.104004 0.266016 0.0991211 0.265234 0.0913086 0.265234 0.0825195 0.266406 0.0644531
1 0.462891 0.206543 0.461719 0.208496 0.460938 0.212402 0.460938 0.216797 0.462109 0.222168 0.463281 0.225098 0.464844 0.226074 0.465234 0.229492 0.467578 0.231934 0.467969 0.233398 0.469922 0.235352 0.472656 0.235352 0.474219 0.233887 0.474219 0.229004 0.472266 0.22168 0.469922 0.217285 0.467578 0.209961 0.466016 0.208008
1 0.922266 0.379395 0.919531 0.383789 0.919531 0.390137 0.921094 0.395508 0.921094 0.400391 0.922656 0.407715 0.925781 0.411621 0.929297 0.413574 0.932422 0.414062 0.933984 0.412598 0.933984 0.407715 0.932031 0.404297 0.930078 0.393066 0.930469 0.391113 0.932422 0.38916 0.932422 0.386719 0.930859 0.382324 0.928125 0.37793
1 0.810156 0.175781 0.809375 0.174316 0.80625 0.17334 0.798828 0.175293 0.793359 0.177734 0.789453 0.181152 0.7875 0.187012 0.7875 0.19043 0.788281 0.191406 0.791406 0.191895 0.796484 0.1875 0.803906 0.184082 0.810156 0.178223
1 0.300391 0.504395 0.300391 0.506836 0.301953 0.510254 0.30625 0.512695 0.310156 0.513672 0.326172 0.513672 0.329297 0.512695 0.330859 0.510742 0.330859 0.509277 0.326562 0.503906 0.323437 0.502441 0.303125 0.501953 0.301172 0.50293
1 0.351953 0.0219727 0.351953 0.0302734 0.353516 0.0336914 0.357031 0.0351562 0.359766 0.0385742 0.364844 0.0415039 0.370312 0.0410156 0.370703 0.0356445 0.369922 0.0336914 0.365625 0.0297852 0.364063 0.0273438 0.355859 0.0205078 0.353125 0.0205078
1 0.294531 0.157227 0.298047 0.163574 0.302344 0.167969 0.305859 0.17041 0.309766 0.171875 0.323047 0.172363 0.326172 0.170898 0.326172 0.168945 0.323047 0.165527 0.311328 0.163086 0.307031 0.161133 0.302734 0.157715 0.299609 0.156738 0.294922 0.15625
1 0.770312 0.118652 0.769141 0.117188 0.767188 0.117188 0.759766 0.126465 0.757812 0.130371 0.747266 0.14209 0.747266 0.143555 0.749219 0.14502 0.753125 0.144531 0.755859 0.143066 0.761719 0.137695 0.764062 0.134277 0.766797 0.126953 0.769141 0.124023
1 0.121484 0.116211 0.119141 0.115234 0.110156 0.12207 0.108203 0.124512 0.102734 0.126953 0.096875 0.134277 0.096875 0.13623 0.0988281 0.140137 0.1 0.140625 0.101172 0.13916 0.107031 0.137207 0.115234 0.129883 0.120703 0.123047 0.121875 0.119629
1 0.242969 0.624023 0.242578 0.627441 0.244531 0.632812 0.250781 0.639648 0.252344 0.643066 0.260156 0.644531 0.264062 0.644043 0.269531 0.640137 0.269531 0.637207 0.268359 0.634277 0.262891 0.628906 0.257031 0.626465 0.251563 0.626465 0.244922 0.623047
1 0.283203 0.635254 0.279687 0.635742 0.278125 0.637695 0.278125 0.639648 0.279297 0.642578 0.274609 0.657715 0.272266 0.669922 0.270703 0.672852 0.269531 0.677246 0.269141 0.681641 0.271094 0.683594 0.273828 0.681152 0.279687 0.67041 0.283203 0.656738 0.285938 0.650879 0.286328 0.645996 0.285156 0.642578 0.285547 0.638184
1 0.274219 0.0761719 0.274609 0.0776367 0.276562 0.0786133 0.282422 0.0795898 0.294531 0.0844727 0.300391 0.0844727 0.302344 0.0834961 0.304297 0.0800781 0.303516 0.0756836 0.298047 0.0756836 0.291016 0.0717773 0.285938 0.0703125 0.282813 0.0703125 0.278516 0.0717773 0.275391 0.0742188
1 0.491406 0.263184 0.489844 0.263184 0.486328 0.268555 0.483203 0.275879 0.482422 0.279297 0.480859 0.280762 0.476953 0.289551 0.475781 0.29541 0.475781 0.300781 0.476953 0.302246 0.478516 0.302246 0.482422 0.296387 0.485156 0.288574 0.491016 0.276855 0.492578 0.269043 0.492188 0.26416
1 0.415625 0.137695 0.415625 0.13916 0.417187 0.140137 0.41875 0.143066 0.421875 0.145996 0.422656 0.147949 0.426953 0.151855 0.431641 0.154785 0.434766 0.155762 0.441797 0.155762 0.444141 0.154297 0.442578 0.150391 0.439453 0.149414 0.435547 0.145996 0.428516 0.141602 0.423828 0.140137 0.419922 0.136719
1 0.289062 0.54541 0.289062 0.549316 0.291797 0.552734 0.300781 0.55957 0.307031 0.565918 0.310547 0.566406 0.313672 0.563477 0.314063 0.559082 0.312891 0.555664 0.310937 0.553223 0.303516 0.549805 0.299219 0.549805 0.295312 0.544434 0.291016 0.544434
1 0.550781 0.556152 0.550781 0.558105 0.552734 0.563477 0.557031 0.568359 0.565625 0.567871 0.573438 0.569824 0.578516 0.569824 0.586719 0.568848 0.587891 0.567871 0.587891 0.563965 0.585938 0.560547 0.583984 0.558594 0.579688 0.558105 0.575781 0.555176 0.567187 0.555176 0.565234 0.554199 0.558984 0.555176 0.555859 0.554199 0.552344 0.554688
1 0.123047 0.0244141 0.121484 0.0234375 0.118359 0.0234375 0.111328 0.027832 0.107031 0.0317383 0.101953 0.0390625 0.0992187 0.0454102 0.0988281 0.0488281 0.0996094 0.0498047 0.104297 0.0483398 0.116406 0.0380859 0.121484 0.03125 0.123047 0.0263672
1 0.0214844 0.0776367 0.0167969 0.0776367 0.00820313 0.0874023 0.0046875 0.0932617 0.00351563 0.0966797 0.003125 0.104492 0.00390625 0.10791 0.00625 0.112305 0.00898437 0.113281 0.0101563 0.112305 0.0101563 0.106445 0.0109375 0.102051 0.0148437 0.0947266 0.0183594 0.0908203 0.0214844 0.0849609 0.0222656 0.081543 0.0222656 0.0791016
1 0.273438 0.567871 0.273047 0.570312 0.274609 0.577148 0.278516 0.584473 0.279297 0.588379 0.28125 0.592285 0.280469 0.594238 0.280469 0.597168 0.28125 0.599121 0.281641 0.603516 0.283594 0.605957 0.286719 0.605469 0.287891 0.603516 0.288281 0.600586 0.288281 0.589844 0.2875 0.584473 0.283984 0.57666 0.280078 0.570312 0.276562 0.567871
1 0.446484 0.0566406 0.447656 0.0600586 0.451172 0.0644531 0.452734 0.0654297 0.461328 0.0766602 0.461719 0.0791016 0.463281 0.0820312 0.467969 0.0820312 0.471094 0.0800781 0.470703 0.0756836 0.461719 0.0595703 0.458984 0.0576172 0.455469 0.0566406
1 0.441797 0.172852 0.4375 0.177734 0.439063 0.186035 0.441016 0.189941 0.440625 0.193848 0.441406 0.200684 0.442188 0.203125 0.44375 0.203613 0.448828 0.193848 0.449609 0.189941 0.449609 0.181152 0.448437 0.175781 0.446875 0.17334
1 0.319922 0.57666 0.319141 0.575684 0.317578 0.575684 0.309766 0.584961 0.297656 0.589355 0.295312 0.591797 0.29375 0.595703 0.295312 0.597168 0.297266 0.597656 0.302734 0.597656 0.310547 0.595215 0.318359 0.584473
1 0.420703 0.500488 0.419531 0.500977 0.41875 0.502441 0.415625 0.516113 0.414844 0.523926 0.414844 0.532715 0.416406 0.535645 0.419141 0.534668 0.422266 0.529297 0.423438 0.51709 0.423438 0.504395 0.422656 0.501953
1 0.271875 0.533203 0.270703 0.533203 0.267969 0.536133 0.266016 0.541016 0.262891 0.552734 0.259766 0.55957 0.259766 0.561523 0.260937 0.5625 0.264453 0.5625 0.26875 0.557617 0.271875 0.547852 0.273438 0.538086 0.273047 0.535156
1 0.914062 0.362793 0.907813 0.362793 0.904297 0.366211 0.899219 0.369141 0.893359 0.377441 0.892188 0.381836 0.892188 0.38623 0.893359 0.38916 0.89375 0.392578 0.895703 0.395508 0.897266 0.395508 0.898047 0.393555 0.898438 0.388672 0.901172 0.385254 0.904687 0.382812 0.908984 0.37793 0.911719 0.376465 0.914062 0.373535 0.915234 0.369629 0.915234 0.364746
1 0.665234 0.419922 0.6625 0.417969 0.658203 0.418945 0.655469 0.424316 0.646484 0.432129 0.643359 0.436035 0.642578 0.437988 0.642969 0.441406 0.645312 0.443848 0.648438 0.443848 0.655078 0.44043 0.664844 0.428223
1 0.674609 0.143555 0.670703 0.142578 0.667969 0.140625 0.665234 0.140625 0.661719 0.143066 0.657813 0.146973 0.652734 0.15918 0.649219 0.165527 0.649609 0.169922 0.653906 0.177246 0.656641 0.179199 0.657813 0.181152 0.658984 0.180664 0.659766 0.171387 0.662109 0.164551 0.670703 0.151367 0.673047 0.15332 0.674219 0.152344 0.675781 0.146973
1 0.45 0.262695 0.448437 0.263672 0.448047 0.267578 0.448437 0.277832 0.45 0.288086 0.454297 0.302734 0.457813 0.307617 0.459375 0.308105 0.460547 0.307129 0.460547 0.301758 0.459766 0.297852 0.457031 0.290039 0.45625 0.282227 0.455078 0.278809 0.453906 0.270996 0.451562 0.263672
1 0.154688 0.0078125 0.151172 0.00390625 0.148438 0.00341797 0.147266 0.00244141 0.142187 0.00292969 0.141016 0.00439453 0.140625 0.00732422 0.137891 0.0117188 0.134375 0.0141602 0.131641 0.0175781 0.130469 0.0205078 0.126953 0.0244141 0.126172 0.03125 0.126562 0.0341797 0.128516 0.0351562 0.130859 0.0351562 0.133984 0.0317383 0.138672 0.0292969 0.142187 0.0229492 0.155078 0.00976562
1 0.362891 0.0209961 0.363281 0.0229492 0.365234 0.0258789 0.378125 0.0327148 0.385156 0.0322266 0.388672 0.0307617 0.391016 0.0283203 0.396875 0.0253906 0.396484 0.0219727 0.395703 0.0209961 0.392188 0.019043 0.388281 0.0180664 0.364844 0.0180664
1 0.264844 0.32959 0.2625 0.329102 0.258984 0.331543 0.254297 0.340332 0.248438 0.347168 0.246094 0.351074 0.24375 0.353027 0.237891 0.360352 0.237109 0.365234 0.237891 0.366211 0.241016 0.366699 0.247656 0.363281 0.253516 0.358887 0.257422 0.354004 0.264844 0.341797 0.266016 0.336426 0.266016 0.33252
1 0.0875 0.157227 0.0871094 0.163086 0.0886719 0.169434 0.0933594 0.178711 0.0953125 0.185547 0.0980469 0.190918 0.100781 0.194336 0.101562 0.196777 0.103516 0.19873 0.105469 0.197266 0.105078 0.189941 0.101953 0.184082 0.101562 0.180664 0.0992187 0.17334 0.09375 0.165039 0.0914062 0.160156 0.0886719 0.157227
1 0.0875 0.48584 0.0875 0.487305 0.0886719 0.489258 0.09375 0.494141 0.102734 0.499023 0.115234 0.5 0.118359 0.498535 0.117969 0.495117 0.116016 0.493164 0.102344 0.48877 0.0964844 0.48584 0.0925781 0.484863 0.0894531 0.484863
1 0.103125 0.197754 0.1 0.197754 0.0949219 0.200684 0.0875 0.209961 0.0859375 0.213379 0.0820312 0.228516 0.0835937 0.234375 0.0847656 0.234863 0.0859375 0.232422 0.0878906 0.230469 0.0894531 0.226562 0.0953125 0.216309 0.101172 0.209961 0.101562 0.205566 0.103906 0.201172
1 0.101953 0.501953 0.101562 0.500977 0.0984375 0.499512 0.0851563 0.499512 0.0785156 0.501465 0.0679687 0.501953 0.0652344 0.503906 0.0640625 0.505371 0.0640625 0.506836 0.0648438 0.508789 0.0671875 0.510742 0.0722656 0.510742 0.0761719 0.511719 0.0800781 0.51416 0.0914062 0.513672 0.0992187 0.509277 0.101172 0.505371
1 0.268359 0.266113 0.267188 0.263672 0.264062 0.260254 0.253125 0.254883 0.250781 0.254883 0.242188 0.259277 0.232422 0.266602 0.228906 0.270996 0.228906 0.272461 0.230859 0.273438 0.233203 0.273438 0.243359 0.26709 0.247656 0.265625 0.258203 0.265625 0.266016 0.268066 0.268359 0.268066
1 0.608203 0.168945 0.607031 0.166016 0.604688 0.164551 0.603125 0.164551 0.600781 0.166504 0.596094 0.168457 0.578125 0.181152 0.575391 0.18457 0.575391 0.1875 0.577344 0.188965 0.580469 0.188965 0.587109 0.186035 0.591016 0.185547 0.596094 0.183105 0.598828 0.180176 0.601953 0.179199 0.603906 0.177246 0.60625 0.17627 0.607422 0.174316
1 0.0730469 0.0126953 0.0714844 0.0117188 0.0683594 0.0131836 0.0640625 0.0136719 0.0632812 0.0166016 0.0617188 0.0185547 0.05625 0.0214844 0.0515625 0.0253906 0.0488281 0.0288086 0.0492187 0.0327148 0.0523438 0.0332031 0.0582031 0.0292969 0.0667969 0.0200195 0.0714844 0.0175781 0.0730469 0.0146484
1 0.354297 0.594727 0.351172 0.593262 0.348047 0.593262 0.341797 0.595703 0.331641 0.595703 0.329297 0.59668 0.328125 0.598633 0.328906 0.603027 0.334766 0.609375 0.339453 0.61084 0.342578 0.61084 0.348438 0.605957 0.350781 0.603027 0.353906 0.597656
1 0.0769531 0.647949 0.0753906 0.648926 0.0738281 0.653809 0.0710937 0.657715 0.0691406 0.663086 0.0660156 0.666504 0.0589844 0.678223 0.05625 0.681152 0.0550781 0.68457 0.0550781 0.687012 0.0558594 0.688477 0.0570312 0.688477 0.0632812 0.680664 0.0679687 0.67627 0.0742188 0.667969 0.0765625 0.663574 0.0785156 0.654297 0.078125 0.649902
1 0.636328 0.266602 0.636328 0.268066 0.639062 0.270996 0.659375 0.283691 0.665234 0.285645 0.669141 0.285645 0.674609 0.286621 0.676172 0.284668 0.676172 0.283203 0.674609 0.281738 0.664844 0.277832 0.647656 0.267578 0.640625 0.265137 0.6375 0.265137
1 0.466016 0.239258 0.464844 0.241211 0.464844 0.248535 0.467578 0.253906 0.46875 0.272461 0.469922 0.276367 0.469922 0.279785 0.471484 0.280273 0.472266 0.278809 0.472656 0.266602 0.471875 0.26416 0.471484 0.249023 0.470313 0.245117 0.467578 0.239746
1 0.235937 0.391602 0.235937 0.393555 0.243359 0.405273 0.249219 0.411621 0.250781 0.416016 0.251953 0.41748 0.255469 0.41748 0.255859 0.408691 0.253125 0.40332 0.25 0.399414 0.24375 0.394531 0.241797 0.39209 0.239844 0.391113
1 0.411328 0.0170898 0.411719 0.0214844 0.413281 0.0229492 0.418359 0.0244141 0.425 0.0239258 0.434766 0.0258789 0.44375 0.0219727 0.444531 0.0209961 0.444922 0.0185547 0.444531 0.0175781 0.437891 0.0185547 0.427734 0.0141602 0.415625 0.0141602 0.4125 0.015625
1 0.303516 0.763184 0.303516 0.764648 0.305859 0.770996 0.310156 0.777344 0.315234 0.780762 0.321094 0.782715 0.323047 0.782227 0.323047 0.777832 0.316016 0.768066 0.313672 0.766602 0.310937 0.763184 0.307422 0.76123 0.304688 0.761719
1 0.345703 0.150879 0.341016 0.151367 0.335938 0.158691 0.333984 0.168945 0.330859 0.173828 0.327734 0.181641 0.329297 0.189453 0.331641 0.189453 0.334766 0.186523 0.3375 0.181152 0.340625 0.172363 0.342187 0.17041 0.343359 0.165039 0.344922 0.161621 0.344922 0.158203 0.346875 0.155273 0.346875 0.15332
1 0.265234 0.437988 0.264844 0.437012 0.258594 0.437012 0.254688 0.438477 0.252344 0.438477 0.247656 0.440918 0.244922 0.441406 0.233594 0.446777 0.230859 0.450195 0.230859 0.45166 0.231641 0.452637 0.234375 0.452637 0.247266 0.449707 0.256641 0.445312 0.264844 0.439941
1 0.439063 0.207031 0.438281 0.208496 0.438281 0.215332 0.440625 0.225586 0.446484 0.237793 0.447656 0.23877 0.451562 0.23877 0.452344 0.236816 0.45 0.232422 0.449219 0.227539 0.447266 0.224121 0.444141 0.212891 0.441406 0.208008
1 0.56875 0.233887 0.566016 0.23584 0.564844 0.23877 0.564844 0.241211 0.566016 0.242676 0.566406 0.24707 0.568359 0.252441 0.569922 0.253906 0.573828 0.262695 0.576172 0.277832 0.579297 0.285645 0.580078 0.289551 0.580859 0.291016 0.583594 0.291992 0.584375 0.288574 0.584375 0.275879 0.581641 0.259766 0.584375 0.25293 0.584375 0.250488 0.582812 0.248047 0.579297 0.245605 0.577344 0.239258 0.576953 0.235352 0.575391 0.234375 0.571875 0.236816 0.571094 0.234863
1 0.314063 0.534668 0.310937 0.535645 0.305469 0.544434 0.303906 0.552734 0.302734 0.555664 0.303125 0.560059 0.305078 0.566406 0.305469 0.571777 0.307031 0.575684 0.310156 0.575684 0.311719 0.572266 0.313281 0.5625 0.312891 0.544922 0.313281 0.541016 0.314453 0.538086
1 0.544141 0.538574 0.542969 0.540527 0.543359 0.544922 0.546094 0.548828 0.548047 0.555664 0.551172 0.560059 0.552344 0.563477 0.55625 0.567383 0.557422 0.567383 0.559375 0.564941 0.559375 0.563965 0.558594 0.5625 0.557031 0.551758 0.555078 0.546387 0.549609 0.541016 0.545703 0.538574
1 0.303125 0.176758 0.303516 0.178223 0.310156 0.182129 0.321875 0.190918 0.326953 0.192383 0.328906 0.189941 0.328516 0.185059 0.325781 0.180664 0.31875 0.175781 0.305859 0.173828
1 0.914453 0.358398 0.913672 0.359863 0.913672 0.361816 0.916797 0.373047 0.917188 0.376953 0.920312 0.380859 0.924219 0.381836 0.930078 0.38916 0.930469 0.392578 0.933984 0.396484 0.939453 0.396484 0.940234 0.39502 0.940234 0.391602 0.939063 0.388672 0.937109 0.38623 0.93125 0.371582 0.927344 0.365234 0.922656 0.361328 0.917969 0.360352 0.915625 0.35791
1 0.978125 0.0126953 0.975 0.0126953 0.974609 0.0136719 0.973828 0.0273438 0.972266 0.0371094 0.971094 0.0405273 0.969922 0.0507812 0.969922 0.0561523 0.971094 0.0581055 0.974219 0.0571289 0.975391 0.0546875 0.977344 0.0449219 0.980859 0.0332031 0.980859 0.0185547 0.979297 0.0141602
1 0.204687 0.0170898 0.200781 0.0175781 0.196094 0.0244141 0.189844 0.0371094 0.189844 0.0429688 0.192969 0.0439453 0.194531 0.0424805 0.196484 0.0356445 0.198437 0.0332031 0.203516 0.0224609 0.203906 0.0200195 0.204687 0.019043
1 0.43125 0.583984 0.431641 0.589355 0.435547 0.594238 0.443359 0.601562 0.446875 0.604004 0.454297 0.604004 0.455859 0.602539 0.45625 0.595703 0.45 0.590332 0.439844 0.586426 0.435547 0.583496
1 0.627344 0.537109 0.625781 0.540527 0.625781 0.559082 0.626953 0.570801 0.628125 0.57373 0.630078 0.576172 0.632031 0.576172 0.633203 0.57373 0.633203 0.558105 0.630859 0.541992 0.630859 0.537598 0.630469 0.536621
1 0.312891 0.100586 0.312109 0.103516 0.322656 0.118652 0.325391 0.120605 0.326562 0.120605 0.327344 0.119629 0.326953 0.115234 0.324219 0.109863 0.31875 0.102539 0.314453 0.100098
1 0.202734 0.453613 0.201563 0.452637 0.196875 0.453613 0.192188 0.457031 0.186719 0.462891 0.185938 0.466797 0.184375 0.469727 0.184375 0.47168 0.186328 0.472168 0.188281 0.469238 0.189453 0.469238 0.193359 0.466797 0.200391 0.459961 0.203125 0.455078
1 0.301953 0.454102 0.301953 0.459473 0.305859 0.464355 0.309766 0.467773 0.321875 0.476074 0.327734 0.476562 0.329297 0.475098 0.329297 0.473633 0.327344 0.470215 0.320703 0.466309 0.317969 0.463379 0.313281 0.460449 0.310156 0.457031 0.303516 0.453613
1 0.238672 0.141602 0.238281 0.144531 0.238672 0.146484 0.239844 0.147949 0.248047 0.152344 0.254688 0.15918 0.258594 0.160645 0.260937 0.160645 0.262891 0.15918 0.262891 0.157715 0.258203 0.152344 0.256641 0.148926 0.254297 0.147461 0.249609 0.142578 0.242578 0.140625 0.240234 0.140625
1 0.440234 0.0615234 0.438281 0.0610352 0.435156 0.0625 0.431641 0.0673828 0.428906 0.0737305 0.426953 0.0756836 0.424219 0.0830078 0.424219 0.0849609 0.425781 0.0883789 0.428516 0.0888672 0.429688 0.0859375 0.433594 0.0830078 0.436328 0.0791016 0.438281 0.0717773 0.440234 0.0673828
1 0.350391 0.0629883 0.348047 0.0625 0.344531 0.0634766 0.340234 0.0673828 0.33125 0.0727539 0.327734 0.0771484 0.322656 0.0810547 0.321094 0.0830078 0.321094 0.0844727 0.322266 0.0854492 0.326562 0.0849609 0.333594 0.0805664 0.336328 0.0776367 0.341406 0.0751953 0.348438 0.0688477 0.350781 0.0644531
1 0.258984 0.168457 0.258203 0.169434 0.258203 0.170898 0.261719 0.177734 0.264844 0.180664 0.266797 0.184082 0.275391 0.194336 0.278906 0.194824 0.280078 0.189453 0.276562 0.181152 0.270313 0.17334 0.266406 0.170898 0.264453 0.168457
1 0.461328 0.0615234 0.458203 0.0615234 0.455469 0.0639648 0.455859 0.0683594 0.457422 0.0703125 0.459375 0.0756836 0.459375 0.0800781 0.458203 0.0854492 0.458203 0.0961914 0.459375 0.0986328 0.4625 0.0966797 0.463672 0.0932617 0.464844 0.0859375 0.46875 0.0800781 0.469531 0.0776367 0.469531 0.0756836 0.467969 0.0712891 0.465234 0.0678711 0.463672 0.0629883
1 0.439844 0.39209 0.439063 0.39209 0.437891 0.394043 0.434766 0.395508 0.423438 0.408203 0.422656 0.412109 0.422656 0.416992 0.423438 0.417969 0.428125 0.417969 0.435547 0.409668 0.440234 0.396484
1 0.0683594 0.0234375 0.0679687 0.0258789 0.0707031 0.0297852 0.0753906 0.0317383 0.0773438 0.0341797 0.0792969 0.0405273 0.0808594 0.0429688 0.0871094 0.0458984 0.0890625 0.0449219 0.0898438 0.0410156 0.0863281 0.0341797 0.0847656 0.0283203 0.0828125 0.0258789 0.0765625 0.0205078 0.0714844 0.0209961
1 0.609766 0.418945 0.608594 0.415039 0.60625 0.414551 0.599609 0.417969 0.588672 0.419922 0.5875 0.422363 0.5875 0.423828 0.588672 0.425293 0.592187 0.427246 0.600391 0.428711 0.603516 0.427734 0.607812 0.424805
1 0.664844 0.231445 0.664844 0.233887 0.665625 0.23584 0.675 0.247559 0.687891 0.257324 0.69375 0.258301 0.694922 0.256836 0.694922 0.254883 0.692969 0.251465 0.688281 0.249023 0.683594 0.242676 0.678125 0.237305 0.667188 0.230469 0.665625 0.230469
1 0.489844 0.0512695 0.486328 0.0527344 0.481641 0.0644531 0.479297 0.0751953 0.477344 0.0791016 0.476953 0.0834961 0.475781 0.0869141 0.475781 0.0888672 0.477344 0.090332 0.479297 0.0898438 0.483203 0.0859375 0.487109 0.0761719 0.490625 0.0576172 0.490625 0.0527344
1 0.519141 0.217285 0.517578 0.21582 0.514844 0.215332 0.508984 0.212402 0.50625 0.209961 0.502344 0.209473 0.499609 0.214355 0.485938 0.220703 0.485156 0.222656 0.485156 0.225586 0.488281 0.226562 0.491406 0.226562 0.49375 0.225586 0.498437 0.226562 0.502344 0.222656 0.513281 0.222656 0.518359 0.221191 0.519141 0.220215
1 0.310156 0.640137 0.305859 0.639648 0.302344 0.642578 0.302734 0.645996 0.304688 0.651367 0.303516 0.658203 0.300781 0.665527 0.300781 0.666992 0.301953 0.669434 0.303125 0.669434 0.310156 0.658691 0.311719 0.654785 0.312891 0.645996 0.311719 0.641602
1 0.413672 0.60791 0.413281 0.611328 0.414844 0.614746 0.422266 0.623047 0.424609 0.624512 0.439063 0.628418 0.441406 0.626953 0.442188 0.622559 0.441016 0.621094 0.431641 0.617188 0.424609 0.611816 0.416797 0.607422
1 0.392969 0.800293 0.392578 0.807617 0.394922 0.818359 0.399609 0.827148 0.401172 0.828125 0.403906 0.832031 0.406641 0.831543 0.407422 0.830566 0.407422 0.826172 0.403906 0.816406 0.399609 0.808105 0.397656 0.802246 0.396094 0.800293
1 0.264453 0.478516 0.262891 0.478516 0.260156 0.480957 0.257812 0.486816 0.257422 0.498047 0.25625 0.502441 0.25625 0.504883 0.254297 0.509766 0.254688 0.518066 0.255859 0.518066 0.257422 0.514648 0.262891 0.508789 0.264453 0.503906 0.265625 0.495117 0.266016 0.481445
1 0.101953 0.211914 0.0988281 0.212402 0.096875 0.217773 0.0953125 0.233398 0.0960938 0.23584 0.0980469 0.236816 0.0996094 0.236816 0.101562 0.234375 0.103516 0.229492 0.103516 0.214844 0.103125 0.212891
1 0.189844 0.0444336 0.188672 0.0454102 0.188281 0.0541992 0.189453 0.0610352 0.191406 0.0644531 0.191406 0.065918 0.192969 0.0693359 0.192969 0.0712891 0.197266 0.0712891 0.198828 0.0703125 0.201563 0.0664062 0.202344 0.0620117 0.202344 0.0561523 0.200391 0.0522461 0.194141 0.0449219
1 0.330859 0.614258 0.330859 0.616699 0.332031 0.619141 0.336328 0.622559 0.34375 0.625977 0.357422 0.634766 0.360547 0.63623 0.362109 0.635742 0.362109 0.633789 0.358984 0.627441 0.350391 0.618652 0.347656 0.617676 0.342187 0.61377 0.339062 0.612793 0.333203 0.612305
1 0.5125 0.314453 0.512109 0.318848 0.514062 0.322266 0.517969 0.32666 0.528516 0.331055 0.533203 0.330566 0.533203 0.325195 0.532031 0.322266 0.529297 0.319336 0.519141 0.313477 0.514062 0.312988
1 0.390234 0.13623 0.389844 0.138672 0.391406 0.143066 0.396484 0.147949 0.40625 0.152832 0.4125 0.158691 0.416406 0.161133 0.420703 0.162109 0.423047 0.160156 0.423438 0.158203 0.419531 0.150879 0.415234 0.148438 0.411328 0.144531 0.407813 0.142578 0.402734 0.138184 0.394141 0.135254 0.391406 0.135254
1 0.699219 0.18457 0.697266 0.184082 0.692187 0.1875 0.689844 0.191895 0.6875 0.200684 0.684766 0.20459 0.681641 0.213867 0.681641 0.22168 0.685156 0.22168 0.686328 0.220215 0.686719 0.216797 0.691406 0.20752 0.698828 0.19873 0.700391 0.192871 0.700391 0.187012
1 0.416406 0.183105 0.412891 0.182617 0.408594 0.185059 0.407031 0.188965 0.403516 0.193359 0.401172 0.194336 0.398828 0.196777 0.397656 0.201172 0.397656 0.205078 0.400391 0.207031 0.404297 0.207031 0.408203 0.200684 0.411719 0.19873 0.416016 0.192871 0.417187 0.1875 0.417187 0.185059
1 0.248047 0.134277 0.248047 0.135742 0.25 0.137207 0.25625 0.13916 0.260156 0.13916 0.262891 0.140625 0.267578 0.139648 0.271094 0.140137 0.275391 0.137695 0.277734 0.135254 0.277344 0.131836 0.275391 0.129883 0.255078 0.129883 0.251172 0.130859
1 0.919922 0.400879 0.916406 0.402344 0.914453 0.404297 0.908203 0.416016 0.907422 0.419922 0.907031 0.431641 0.908594 0.434082 0.911719 0.433594 0.912891 0.432617 0.914844 0.426758 0.923047 0.412109 0.922266 0.407715 0.922656 0.404297
1 0.634375 0.204102 0.634766 0.208496 0.6375 0.213379 0.643359 0.220703 0.646484 0.222656 0.649219 0.225586 0.653906 0.227539 0.657031 0.227539 0.659375 0.226562 0.660547 0.225098 0.659766 0.220703 0.655859 0.21875 0.650391 0.214844 0.647656 0.211914 0.644531 0.210449 0.641406 0.20752 0.638672 0.203613 0.635156 0.203125
1 0.414062 0.0825195 0.414844 0.0883789 0.417187 0.0917969 0.419531 0.097168 0.423047 0.102051 0.430078 0.106445 0.434766 0.10791 0.437891 0.107422 0.440234 0.10498 0.440234 0.102539 0.439453 0.101074 0.432031 0.0942383 0.430078 0.0917969 0.427734 0.0869141 0.425781 0.0859375 0.423047 0.0830078 0.416797 0.0795898 0.415625 0.0795898
1 0.662109 0.181641 0.661328 0.183594 0.661328 0.186035 0.663672 0.190918 0.664453 0.194824 0.667969 0.202148 0.670312 0.211426 0.673047 0.213867 0.677344 0.212891 0.678906 0.209961 0.680078 0.20459 0.682422 0.20166 0.682031 0.199219 0.677734 0.193848 0.676562 0.19043 0.672656 0.185059 0.666797 0.181152
1 0.412109 0.00585938 0.412109 0.0102539 0.415625 0.0146484 0.419141 0.0175781 0.424609 0.0166016 0.426953 0.0180664 0.435547 0.0180664 0.435547 0.0166016 0.432422 0.012207 0.428516 0.00976562 0.424219 0.00878906 0.419922 0.00488281 0.414844 0.00439453 0.412891 0.00488281
1 0.976172 0.333008 0.974219 0.330566 0.971094 0.32959 0.950391 0.331055 0.941406 0.333008 0.939844 0.333984 0.939453 0.337891 0.941406 0.340332 0.946484 0.342773 0.958594 0.343262 0.967578 0.341797 0.973437 0.339844 0.975781 0.337891
1 0.767578 0.70166 0.767578 0.706055 0.770312 0.709473 0.780469 0.71582 0.782422 0.717773 0.787891 0.719727 0.796875 0.726074 0.799609 0.726562 0.800781 0.725098 0.800781 0.720215 0.8 0.718262 0.794922 0.710938 0.786328 0.705566 0.780078 0.703125 0.771484 0.701172
1 0.514062 0.592773 0.513672 0.59375 0.513672 0.603516 0.510938 0.61084 0.510938 0.615234 0.5125 0.617188 0.514844 0.617188 0.516797 0.615723 0.519922 0.611816 0.521875 0.605957 0.521875 0.600098 0.520312 0.596191 0.51875 0.594238
1 0.700781 0.196289 0.699609 0.199219 0.699609 0.203125 0.701562 0.209473 0.703906 0.212891 0.713281 0.220215 0.718359 0.226562 0.721484 0.235352 0.722656 0.236816 0.724609 0.237305 0.725391 0.23584 0.726172 0.22998 0.725781 0.222656 0.723437 0.216309 0.723047 0.213379 0.718359 0.205078 0.717969 0.200684 0.716797 0.198242 0.714063 0.196777 0.709375 0.196289 0.705859 0.194824
1 0.490625 0.200684 0.489844 0.199707 0.485156 0.199219 0.472656 0.200195 0.468359 0.201172 0.467187 0.203125 0.467187 0.206055 0.46875 0.20752 0.473438 0.209473 0.483203 0.208984 0.490234 0.206055 0.491016 0.205078
1 0.210938 0.513184 0.2125 0.518066 0.216016 0.523438 0.220703 0.528809 0.225 0.531738 0.231641 0.538086 0.235547 0.540039 0.237109 0.539062 0.237109 0.536133 0.235937 0.533691 0.220703 0.517578 0.214062 0.512207 0.211719 0.512207
1 0.263672 0.579102 0.263672 0.583984 0.265625 0.586426 0.266797 0.589355 0.271875 0.595215 0.277734 0.599609 0.279687 0.602539 0.282031 0.601562 0.286719 0.602539 0.288281 0.597168 0.288281 0.595215 0.2875 0.59375 0.282813 0.591797 0.278906 0.585938 0.276172 0.584473 0.270313 0.579102 0.267969 0.578125 0.265234 0.578125
1 0.693359 0.263672 0.693359 0.26709 0.696484 0.269043 0.712891 0.274414 0.719922 0.277832 0.724609 0.27832 0.725781 0.276855 0.725391 0.274414 0.723437 0.273438 0.717969 0.267578 0.708594 0.263184 0.698438 0.261719 0.694141 0.262695
1 0.0554687 0.0410156 0.0558594 0.0454102 0.0652344 0.0512695 0.0699219 0.0522461 0.0710937 0.0532227 0.0765625 0.0522461 0.0789062 0.0537109 0.0847656 0.0537109 0.0886719 0.0527344 0.090625 0.0498047 0.0894531 0.0483398 0.0800781 0.0439453 0.0777344 0.0405273 0.0761719 0.0395508 0.0605469 0.0371094 0.05625 0.0395508
1 0.789844 0.200195 0.789453 0.205078 0.790234 0.208496 0.797656 0.225586 0.801953 0.230469 0.805859 0.232422 0.810937 0.230957 0.8125 0.229004 0.8125 0.227539 0.811328 0.225098 0.803906 0.216309 0.799219 0.208008 0.794922 0.202148 0.791406 0.199707
1 0.514453 0.227539 0.512891 0.224609 0.510547 0.223633 0.500781 0.224121 0.497656 0.225586 0.485938 0.225586 0.483594 0.228516 0.483594 0.231934 0.484766 0.233887 0.4875 0.234863 0.489453 0.236816 0.491016 0.236816 0.492578 0.234375 0.494141 0.233398 0.509766 0.230957 0.513672 0.229492
1 0.407422 0.105957 0.407422 0.10791 0.411719 0.111328 0.419531 0.112793 0.423047 0.115723 0.427734 0.118164 0.432031 0.117188 0.434375 0.112305 0.433594 0.110352 0.431641 0.109375 0.426953 0.104492 0.420703 0.101562 0.411719 0.101562 0.409375 0.102539
1 0.189062 0.0166016 0.1875 0.0151367 0.182422 0.0141602 0.166406 0.0151367 0.161328 0.0205078 0.150781 0.0283203 0.150391 0.0307617 0.151562 0.0327148 0.155078 0.0336914 0.158594 0.0322266 0.170703 0.03125 0.174219 0.0292969 0.178906 0.0292969 0.184766 0.0273438 0.186328 0.0253906 0.189062 0.0185547
1 0.839063 0.188477 0.838281 0.187012 0.837109 0.186523 0.832812 0.186523 0.826953 0.187988 0.814453 0.189453 0.804688 0.192871 0.803125 0.195312 0.802734 0.197754 0.806641 0.200684 0.81875 0.200195 0.834375 0.193848 0.839063 0.189941
1 0.251953 0.208496 0.252734 0.209473 0.260547 0.211426 0.264844 0.213867 0.266797 0.213867 0.278125 0.217773 0.283984 0.217285 0.283984 0.21582 0.281641 0.212402 0.271484 0.208008 0.261328 0.205078 0.253516 0.205078 0.252344 0.205566
1 0.322266 0.248047 0.323047 0.25293 0.327734 0.26123 0.330469 0.268555 0.333594 0.280762 0.334375 0.286621 0.335938 0.288086 0.337891 0.288086 0.339844 0.283203 0.339844 0.273926 0.339062 0.270996 0.339062 0.266602 0.337109 0.259766 0.334766 0.255371 0.330859 0.251465 0.326172 0.248535
1 0.408594 0.432617 0.407422 0.43457 0.406641 0.438477 0.406641 0.444824 0.407813 0.451172 0.413281 0.459473 0.415234 0.463867 0.419922 0.46582 0.420703 0.464355 0.420703 0.461914 0.419141 0.45459 0.414453 0.443359 0.411719 0.434082
1 0.450781 0.355957 0.447266 0.356445 0.442188 0.36377 0.439453 0.369629 0.438281 0.376465 0.438281 0.389648 0.4375 0.391602 0.4375 0.39502 0.438672 0.395996 0.441016 0.393555 0.444141 0.386719 0.446094 0.374023 0.451172 0.36084 0.451562 0.356445
1 0.30625 0.0961914 0.304688 0.0986328 0.305078 0.110352 0.30625 0.119141 0.309375 0.126953 0.310156 0.12793 0.3125 0.12793 0.313672 0.126953 0.312891 0.123535 0.311719 0.101562 0.309766 0.0976562
1 0.0816406 0.0981445 0.0792969 0.0981445 0.0765625 0.103516 0.0773438 0.106445 0.0773438 0.111328 0.0734375 0.119629 0.0738281 0.122559 0.075 0.123535 0.0773438 0.123535 0.0804688 0.12207 0.0824219 0.119629 0.0835937 0.116211 0.0839844 0.103516 0.0832031 0.0996094
1 0.5375 0.549316 0.536328 0.549316 0.535156 0.550781 0.533984 0.554688 0.531641 0.57666 0.528516 0.585938 0.528516 0.588867 0.529687 0.590332 0.532813 0.588867 0.537109 0.582031 0.538672 0.577148 0.539453 0.569824 0.539453 0.554199
1 0.570312 0.492676 0.570312 0.495117 0.572656 0.499512 0.579297 0.503418 0.593359 0.507324 0.6 0.507324 0.603516 0.506348 0.605078 0.504395 0.604688 0.500977 0.592187 0.496094 0.583984 0.494141 0.580859 0.494141 0.573047 0.491211 0.571875 0.491211
1 0.68125 0.138672 0.678906 0.141602 0.673438 0.144043 0.671094 0.149414 0.671094 0.154297 0.669531 0.157227 0.669531 0.160645 0.670312 0.164551 0.672266 0.168945 0.671484 0.174316 0.674219 0.178711 0.68125 0.181152 0.683203 0.183105 0.686328 0.18457 0.6875 0.186035 0.685937 0.188477 0.686328 0.189941 0.690234 0.191406 0.69375 0.191406 0.696484 0.19043 0.696875 0.187988 0.695703 0.185547 0.697656 0.182129 0.696875 0.177246 0.692578 0.171387 0.689453 0.161133 0.686328 0.15918 0.684766 0.157227 0.684375 0.155273 0.682422 0.15332 0.681641 0.149902 0.682813 0.145996 0.682813 0.13916
1 0.208203 0.354492 0.207031 0.356445 0.207031 0.362305 0.209375 0.373535 0.208984 0.381348 0.211328 0.385742 0.216016 0.389648 0.220312 0.389648 0.220312 0.385254 0.21875 0.382324 0.215234 0.367676 0.212109 0.35791 0.209766 0.354492
1 0.337109 0.103516 0.337891 0.108398 0.344922 0.115234 0.349219 0.115723 0.354687 0.112305 0.354687 0.110352 0.353516 0.10791 0.35 0.103027 0.344141 0.100586 0.340625 0.100586 0.338281 0.101562
1 0.492969 0.180664 0.491016 0.182129 0.490625 0.186523 0.492188 0.193848 0.493359 0.204102 0.498047 0.212402 0.499219 0.212402 0.503125 0.209473 0.503125 0.206055 0.5 0.200684 0.497656 0.187012 0.495312 0.181152
1 0.965234 0.184082 0.965234 0.186523 0.966016 0.188477 0.970313 0.192871 0.980078 0.197754 0.985938 0.199707 0.994922 0.200195 1 0.19873 1 0.192383 0.99375 0.191895 0.989062 0.189453 0.978906 0.186523 0.971875 0.182617 0.966797 0.182129
1 0.00976562 0.162598 0.009375 0.166992 0.0105469 0.169434 0.0152344 0.175293 0.0167969 0.178711 0.0222656 0.184082 0.0246094 0.185547 0.0292969 0.186035 0.0324219 0.185059 0.0375 0.181641 0.0375 0.176758 0.0332031 0.176758 0.0292969 0.175781 0.0222656 0.170898 0.0183594 0.166016 0.0140625 0.162598
1 0.275 0.648926 0.270703 0.648926 0.267188 0.650879 0.263281 0.654297 0.258984 0.654297 0.255078 0.657227 0.252344 0.658203 0.247656 0.666016 0.247656 0.669922 0.248438 0.67334 0.253125 0.673828 0.256641 0.668945 0.260156 0.665527 0.263281 0.663574 0.271094 0.663574 0.273828 0.660156 0.276562 0.658691 0.276562 0.657227 0.275 0.654297
1 0.619922 0.38623 0.615625 0.386719 0.614062 0.388184 0.610547 0.399902 0.610938 0.404785 0.609375 0.416504 0.610938 0.42041 0.614453 0.42334 0.616016 0.421875 0.61875 0.416992 0.620313 0.412598 0.620703 0.392578 0.621875 0.388184
1 0.588672 0.241211 0.586719 0.240723 0.580078 0.246582 0.575781 0.246094 0.574219 0.24707 0.571484 0.24707 0.567578 0.245605 0.564844 0.24707 0.564844 0.248535 0.566016 0.25 0.566406 0.251953 0.571875 0.257324 0.575781 0.257812 0.583203 0.255859 0.585547 0.253906 0.588281 0.249512
1 0.728516 0.541504 0.726953 0.543945 0.726953 0.551758 0.730859 0.566406 0.729297 0.577148 0.729688 0.580078 0.731641 0.582031 0.733203 0.582031 0.735547 0.580566 0.739062 0.575684 0.740234 0.570312 0.740234 0.5625 0.738281 0.555176 0.732812 0.544434 0.731641 0.542969
1 0.226172 0.435059 0.223047 0.433594 0.212891 0.433594 0.204297 0.435547 0.202344 0.437012 0.196094 0.438965 0.192969 0.442871 0.192969 0.444336 0.19375 0.445312 0.2 0.445312 0.216406 0.440918 0.221094 0.438965 0.224219 0.438965 0.225781 0.4375
1 0.803906 0.518555 0.802344 0.518555 0.798828 0.521484 0.789844 0.532715 0.788672 0.537109 0.785156 0.542969 0.783203 0.547852 0.782422 0.553711 0.783594 0.555176 0.787891 0.553223 0.791016 0.546875 0.794531 0.54248 0.797656 0.535645 0.803125 0.527832 0.805078 0.522949 0.805078 0.52002
1 0.148828 0.645996 0.146484 0.643066 0.143359 0.641602 0.134766 0.64209 0.13125 0.644043 0.115625 0.648926 0.114453 0.649902 0.114453 0.650879 0.115625 0.651855 0.125391 0.654297 0.132031 0.654297 0.139063 0.652344 0.143359 0.649902 0.146484 0.649902 0.148828 0.647461
1 0.0921875 0.822266 0.0921875 0.827148 0.0933594 0.82959 0.0941406 0.833984 0.101562 0.851074 0.103516 0.853516 0.105859 0.854492 0.111328 0.854492 0.112891 0.853516 0.114062 0.851074 0.114062 0.849121 0.109375 0.845215 0.10625 0.841309 0.0953125 0.823242
1 0.346484 0.586914 0.345313 0.584473 0.342578 0.582031 0.3375 0.581543 0.333203 0.583008 0.330859 0.583008 0.326562 0.584961 0.325 0.586914 0.325 0.590332 0.326562 0.595703 0.333984 0.594727 0.342578 0.592773 0.345703 0.590332 0.346484 0.588867
1 0.455078 0.256836 0.453516 0.259277 0.455078 0.26416 0.460156 0.270996 0.460938 0.275391 0.462891 0.279297 0.465234 0.281738 0.466016 0.283691 0.466797 0.283691 0.467187 0.278809 0.466406 0.270508 0.464062 0.263672 0.459375 0.256836
1 0.224219 0.749023 0.220703 0.752441 0.218359 0.76123 0.217969 0.768066 0.21875 0.774902 0.219922 0.778809 0.221484 0.780762 0.231641 0.788086 0.2375 0.790039 0.241016 0.790039 0.243359 0.788086 0.243359 0.786621 0.241797 0.785156 0.241016 0.783203 0.237109 0.780762 0.229687 0.771973 0.226953 0.763672 0.226953 0.758301 0.228125 0.751465 0.226562 0.749512
1 0.0878906 0.00390625 0.0867187 0.00488281 0.0867187 0.0112305 0.0902344 0.0283203 0.0910156 0.0375977 0.0917969 0.0410156 0.0925781 0.0415039 0.0957031 0.0400391 0.0976562 0.0366211 0.0984375 0.0336914 0.0980469 0.0239258 0.096875 0.0180664 0.0941406 0.0131836 0.0925781 0.00634766 0.090625 0.00439453
1 0.423828 0.47998 0.423047 0.479492 0.421094 0.480957 0.418359 0.480957 0.414844 0.47998 0.412109 0.477539 0.409375 0.477539 0.403906 0.483398 0.400781 0.481934 0.396094 0.481934 0.395313 0.48291 0.395313 0.486328 0.398047 0.491211 0.400781 0.494141 0.403516 0.496094 0.40625 0.496094 0.411328 0.493652 0.416016 0.48877 0.418359 0.487305 0.420312 0.484375 0.423438 0.48291
1 0.173828 0.474609 0.172266 0.472656 0.167578 0.470703 0.158203 0.471191 0.149609 0.47998 0.148438 0.482422 0.147656 0.486816 0.151172 0.486816 0.153906 0.483887 0.157812 0.481445 0.162109 0.47998 0.166406 0.480957 0.170703 0.480469 0.173047 0.478516
1 0.184766 0.0454102 0.180078 0.0522461 0.180859 0.0639648 0.184375 0.0727539 0.185547 0.0742188 0.187891 0.0756836 0.190625 0.0756836 0.19375 0.0737305 0.194922 0.0717773 0.19375 0.0688477 0.194531 0.0644531 0.191016 0.0605469 0.190625 0.0581055 0.189844 0.0571289 0.190234 0.0522461 0.187891 0.0493164 0.186328 0.0454102
1 0.210156 0.378906 0.208594 0.378906 0.203906 0.383789 0.202344 0.387695 0.196094 0.395996 0.190625 0.40918 0.190234 0.415527 0.191016 0.416992 0.194531 0.416992 0.203906 0.399902 0.212109 0.38916 0.212891 0.383789
1 0.156641 0.0327148 0.15625 0.034668 0.157422 0.0400391 0.159375 0.0444336 0.163281 0.050293 0.166016 0.0585938 0.170313 0.0644531 0.173437 0.0668945 0.176172 0.065918 0.176563 0.0639648 0.174609 0.0595703 0.171875 0.0561523 0.169922 0.0483398 0.166797 0.0400391 0.162109 0.0332031
1 0.0488281 0.129883 0.0484375 0.131348 0.05 0.132812 0.0507812 0.135742 0.0535156 0.13916 0.0566406 0.146973 0.0613281 0.154297 0.0636719 0.159668 0.0679687 0.164062 0.0714844 0.166016 0.0734375 0.166016 0.075 0.165039 0.0757812 0.163086 0.0753906 0.158203 0.0707031 0.151855 0.0699219 0.149414 0.0578125 0.134277 0.0546875 0.132812 0.0527344 0.130371
1 0.533594 0.520508 0.531641 0.517578 0.530078 0.516602 0.518359 0.517578 0.508594 0.523438 0.501172 0.526855 0.499609 0.52832 0.499609 0.530273 0.501953 0.531738 0.511328 0.53125 0.524219 0.525879 0.532031 0.524414 0.533203 0.523438
1 0.445703 0.687988 0.446094 0.690918 0.451172 0.694824 0.461719 0.699219 0.463672 0.699219 0.465625 0.697754 0.465234 0.693359 0.462891 0.689941 0.454297 0.685059 0.449609 0.68457 0.446875 0.686035
1 0.239844 0.763184 0.236328 0.768066 0.234375 0.774902 0.234766 0.779785 0.237891 0.78418 0.238672 0.786621 0.242969 0.791016 0.249219 0.791504 0.251563 0.789551 0.252344 0.787109 0.243359 0.777344 0.242578 0.775391 0.241797 0.764648 0.241016 0.763184
1 0.279687 0.649414 0.277344 0.648926 0.274609 0.646973 0.270703 0.649414 0.266797 0.65332 0.265234 0.657715 0.264844 0.663086 0.263672 0.666504 0.260156 0.672852 0.254297 0.681152 0.255469 0.68457 0.263281 0.68457 0.265625 0.683594 0.267969 0.681152 0.269141 0.678223 0.269531 0.674316 0.271875 0.67041 0.272266 0.665527 0.273828 0.661621 0.274219 0.657715 0.276172 0.655762 0.279687 0.655273 0.280469 0.654297 0.280469 0.651367
1 0.135547 0.248047 0.124219 0.250488 0.117969 0.25 0.114453 0.252441 0.109375 0.258789 0.109375 0.261719 0.110547 0.263672 0.1125 0.26416 0.129297 0.257812 0.132422 0.254883
1 0.646875 0.520996 0.646875 0.522949 0.648047 0.524902 0.658594 0.527344 0.682813 0.528809 0.685547 0.527832 0.686328 0.526367 0.686328 0.524414 0.684766 0.521973 0.677344 0.518066 0.672266 0.51709 0.657031 0.516602 0.650391 0.518066
1 0.423438 0.200195 0.422656 0.200684 0.421875 0.20459 0.419141 0.209961 0.417969 0.215332 0.416016 0.218262 0.4125 0.221191 0.4125 0.226074 0.419922 0.225586 0.424609 0.216797 0.425 0.207031 0.424219 0.20166
1 0.501953 0.368164 0.501172 0.369141 0.501953 0.372559 0.507031 0.381348 0.509766 0.390137 0.513672 0.396973 0.516406 0.403809 0.518359 0.404297 0.519922 0.401367 0.519922 0.394043 0.516797 0.385254 0.513672 0.378418 0.50625 0.370117
1 0.299609 0.111816 0.298047 0.111816 0.294531 0.114258 0.290234 0.12207 0.289453 0.125488 0.289453 0.13916 0.290234 0.141113 0.292187 0.141113 0.294531 0.138672 0.296094 0.130371 0.301563 0.119629 0.302344 0.114746
1 0.435547 0.24707 0.434766 0.248535 0.433203 0.257812 0.432812 0.268555 0.434766 0.275391 0.436719 0.277344 0.439453 0.277832 0.440234 0.276367 0.439453 0.253906 0.437891 0.248047
1 0.295312 0.0991211 0.292187 0.0966797 0.283594 0.0986328 0.274219 0.104492 0.271484 0.107422 0.271484 0.109375 0.272656 0.11084 0.279297 0.111328 0.283594 0.10791 0.287109 0.106934 0.292578 0.103516 0.295312 0.100098
1 0.327344 0.724609 0.326172 0.722168 0.325 0.722168 0.322656 0.724609 0.321484 0.727539 0.318359 0.730469 0.311328 0.73291 0.30625 0.732422 0.301953 0.730957 0.300781 0.731445 0.300781 0.733398 0.303125 0.736816 0.309766 0.740723 0.316406 0.740723 0.323437 0.736328 0.326953 0.73291
1 0.364453 0.266113 0.3625 0.27002 0.3625 0.278809 0.363281 0.282227 0.363672 0.29541 0.364844 0.298828 0.368359 0.303711 0.370703 0.303711 0.371875 0.302246 0.371875 0.297852 0.371094 0.29541 0.370703 0.283691 0.369531 0.275879 0.366016 0.266113
1 0.35 0.383789 0.345313 0.382812 0.342578 0.384766 0.337109 0.390625 0.332031 0.40332 0.332031 0.407227 0.333984 0.411621 0.3375 0.411133 0.339453 0.404785 0.341797 0.401855 0.345313 0.394531 0.350391 0.388672 0.350781 0.384766
1 0.766406 0.00976562 0.766406 0.0126953 0.767188 0.0141602 0.772266 0.0175781 0.777344 0.0195312 0.783594 0.0239258 0.790234 0.0268555 0.796094 0.0273438 0.801172 0.0263672 0.804297 0.0249023 0.805078 0.0229492 0.805078 0.0214844 0.804297 0.0205078 0.798828 0.019043 0.795703 0.0166016 0.782813 0.012207 0.778906 0.00976562 0.773047 0.00878906 0.767578 0.00878906
1 0.403906 0.431641 0.400781 0.432617 0.399609 0.435547 0.395313 0.459473 0.394141 0.462402 0.39375 0.47168 0.395703 0.475586 0.396875 0.475586 0.398047 0.473633 0.399609 0.466309 0.404297 0.452148 0.405078 0.444824 0.405078 0.433105
1 0.307031 0.39502 0.303125 0.395996 0.307812 0.412598 0.307812 0.41748 0.305469 0.422363 0.304297 0.426758 0.301953 0.431152 0.301563 0.4375 0.302344 0.439453 0.303516 0.439453 0.312109 0.428223 0.315625 0.42041 0.316016 0.416992 0.314844 0.409668 0.311719 0.40332 0.310937 0.399414
1 0.0980469 0.775391 0.0984375 0.777832 0.0996094 0.779297 0.10625 0.779785 0.111719 0.782227 0.118359 0.790039 0.120313 0.790039 0.122266 0.787598 0.122266 0.78418 0.118359 0.774902 0.114844 0.770996 0.106641 0.770996 0.0996094 0.773926
1 0.217578 0.525879 0.216406 0.525879 0.214453 0.528809 0.214844 0.54541 0.213672 0.54834 0.213672 0.55127 0.212109 0.559082 0.210547 0.563477 0.210547 0.56543 0.211719 0.566406 0.215234 0.565918 0.217188 0.563965 0.21875 0.560059 0.221875 0.544434 0.221484 0.533203
1 0.214844 0.162598 0.214062 0.166504 0.21875 0.174805 0.221094 0.181152 0.226953 0.187988 0.228906 0.191406 0.232031 0.191895 0.232813 0.19043 0.232813 0.186035 0.23125 0.181152 0.227734 0.176758 0.225781 0.171875 0.221484 0.165527 0.217188 0.162109
1 0.323047 0.588379 0.321875 0.588867 0.316406 0.59668 0.313672 0.606445 0.313672 0.616211 0.316016 0.623047 0.31875 0.626465 0.319922 0.625977 0.321094 0.624023 0.321484 0.609375 0.324609 0.598633 0.325391 0.593262 0.325 0.589844
1 0.278516 0.112793 0.277344 0.114746 0.277344 0.120605 0.278516 0.127441 0.280078 0.129883 0.282031 0.13623 0.283203 0.137207 0.286719 0.137695 0.2875 0.135254 0.287109 0.131348 0.283984 0.121582 0.282813 0.115723 0.28125 0.113281
1 0.657422 0.658203 0.656641 0.664062 0.657813 0.683594 0.659766 0.692871 0.661719 0.696289 0.662891 0.696289 0.664844 0.693848 0.665234 0.690918 0.664062 0.669922 0.662891 0.665039 0.659375 0.658203
1 0.244531 0.493652 0.242578 0.497559 0.241406 0.510742 0.242188 0.51416 0.242188 0.518066 0.243359 0.521484 0.244922 0.523438 0.248047 0.524902 0.248828 0.523926 0.248828 0.518555 0.247656 0.51416 0.247656 0.508301 0.249219 0.499512 0.249219 0.496094 0.248047 0.493164
1 0.448437 0.336914 0.446875 0.335938 0.442969 0.335938 0.4375 0.337891 0.434766 0.341309 0.43125 0.342285 0.425 0.347168 0.423438 0.349609 0.423828 0.353027 0.425781 0.354004 0.428516 0.354004 0.430859 0.352051 0.435547 0.350586 0.444531 0.343262 0.447656 0.341797 0.448828 0.338379
1 0.582812 0.553711 0.582812 0.547363 0.580469 0.54248 0.578516 0.54248 0.576172 0.544434 0.569922 0.541992 0.564844 0.541992 0.558594 0.543457 0.552734 0.543457 0.550781 0.54248 0.548047 0.54248 0.545703 0.544434 0.544922 0.546387 0.544922 0.549316 0.547656 0.554199 0.551953 0.557129 0.55625 0.557129 0.563672 0.555664 0.568359 0.556152 0.571484 0.554688 0.575781 0.554688 0.580078 0.557129 0.58125 0.556641
1 0.268359 0.143066 0.26875 0.145996 0.269922 0.147461 0.276953 0.151855 0.280078 0.154785 0.286719 0.157227 0.294141 0.157227 0.294922 0.15625 0.294922 0.153809 0.29375 0.152344 0.2875 0.148438 0.283203 0.147461 0.279687 0.144531 0.272656 0.14209 0.269531 0.14209
1 0.241016 0.224121 0.241406 0.225586 0.244531 0.228516 0.259375 0.237305 0.266406 0.23877 0.271094 0.23877 0.274219 0.236816 0.273047 0.234863 0.260547 0.226562 0.245703 0.222168 0.243359 0.222168
1 0.0746094 0.233887 0.0742188 0.236816 0.0753906 0.239746 0.0824219 0.247559 0.0902344 0.253418 0.0945312 0.258789 0.0949219 0.260254 0.100391 0.268066 0.103125 0.27002 0.104297 0.27002 0.105859 0.268555 0.105469 0.265137 0.101172 0.254395 0.0996094 0.251953 0.0953125 0.248535 0.0914062 0.243164 0.0871094 0.241211 0.084375 0.238281 0.0765625 0.23291 0.0753906 0.23291
1 0.569531 0.229004 0.568359 0.231934 0.565625 0.235352 0.565625 0.237793 0.569531 0.241699 0.572656 0.243164 0.575 0.245605 0.578516 0.246094 0.582812 0.25293 0.584766 0.25293 0.586328 0.243164 0.583203 0.240723 0.580078 0.236816 0.578516 0.232422 0.575781 0.229492 0.573047 0.228027 0.571094 0.228027
1 0.407813 0.470703 0.404297 0.470703 0.40625 0.477539 0.407422 0.485352 0.403516 0.492676 0.403516 0.494629 0.404687 0.495605 0.407813 0.495117 0.412891 0.490723 0.414844 0.483398 0.413281 0.477051
1 0.344141 0.121582 0.342187 0.127441 0.342969 0.128906 0.344531 0.140625 0.346094 0.144531 0.350391 0.149414 0.357031 0.152344 0.360547 0.156738 0.365234 0.156738 0.367188 0.153809 0.367188 0.146973 0.366016 0.142578 0.361719 0.137695 0.360156 0.137695 0.358594 0.139648 0.357031 0.140137 0.355469 0.138184 0.354687 0.135254 0.349609 0.126465 0.350391 0.123047 0.347656 0.121094
1 0.451172 0.207031 0.450391 0.208496 0.450391 0.218262 0.451172 0.22168 0.452734 0.224609 0.453125 0.228516 0.454297 0.231934 0.455078 0.240234 0.457422 0.243164 0.457813 0.244629 0.458594 0.244629 0.458984 0.226074 0.45625 0.217285 0.454688 0.208984 0.452344 0.207031
1 0.270703 0.625977 0.269922 0.626953 0.270313 0.630859 0.28125 0.646484 0.285156 0.655273 0.2875 0.657715 0.290625 0.65918 0.291406 0.658203 0.291016 0.650391 0.289062 0.643066 0.286719 0.637695 0.284375 0.634277 0.278906 0.628906 0.272656 0.625977
1 0.31875 0.34082 0.317578 0.342773 0.316797 0.346191 0.316797 0.352051 0.318359 0.356934 0.321484 0.362305 0.330859 0.370605 0.337109 0.374023 0.340625 0.373535 0.341016 0.37207 0.339844 0.369141 0.336328 0.366211 0.323047 0.349121 0.321875 0.341309
1 0.895703 0.152344 0.894922 0.155762 0.894922 0.15918 0.895703 0.162109 0.898047 0.165039 0.9 0.169434 0.907422 0.177246 0.915234 0.181641 0.921875 0.183594 0.926953 0.183594 0.928516 0.182129 0.928516 0.180176 0.927734 0.178711 0.923438 0.174316 0.913281 0.169434 0.899219 0.159668 0.897266 0.15625 0.896484 0.152344
1 0.29375 0.596191 0.292187 0.597168 0.291016 0.599121 0.290625 0.611816 0.292578 0.619141 0.298438 0.631348 0.301172 0.634277 0.303125 0.634766 0.303906 0.631836 0.303516 0.626953 0.301172 0.621582 0.298047 0.61084 0.296484 0.602539 0.296484 0.598633 0.294922 0.596191
1 0.411328 0.161133 0.410938 0.162598 0.412109 0.166504 0.413672 0.169434 0.421094 0.178223 0.421484 0.182129 0.423828 0.186035 0.427734 0.187988 0.428516 0.186523 0.428516 0.180176 0.426953 0.174805 0.422266 0.169922 0.419922 0.165039 0.414453 0.163086 0.412891 0.161133
1 0.103125 0.0595703 0.100391 0.0571289 0.0953125 0.0571289 0.0914062 0.0551758 0.08125 0.0581055 0.0769531 0.0581055 0.0746094 0.0605469 0.078125 0.0625 0.08125 0.0629883 0.0835937 0.065918 0.0871094 0.0644531 0.0921875 0.065918 0.0957031 0.0625 0.0996094 0.0634766 0.102734 0.0610352
1 0.7625 0.169922 0.760156 0.166992 0.755078 0.167969 0.748437 0.172852 0.744922 0.173828 0.739844 0.177246 0.738672 0.180176 0.738672 0.182129 0.740625 0.183594 0.748437 0.183594 0.752734 0.182129 0.761719 0.172852
1 0.691797 0.422363 0.691016 0.42334 0.691016 0.424805 0.694141 0.429688 0.695312 0.437012 0.696484 0.44043 0.701562 0.447266 0.708203 0.452637 0.709766 0.452637 0.710938 0.451172 0.710547 0.447266 0.707031 0.44043 0.703125 0.436035 0.701172 0.430176 0.696875 0.424316 0.694141 0.422363
1 0.404297 0.0732422 0.398438 0.0751953 0.397656 0.0771484 0.398828 0.0800781 0.396094 0.0834961 0.39375 0.0844727 0.391016 0.0883789 0.389844 0.0917969 0.386328 0.0947266 0.385547 0.0961914 0.384766 0.103516 0.385156 0.111816 0.384375 0.115723 0.385547 0.126465 0.387891 0.128906 0.389844 0.128906 0.391406 0.126953 0.392969 0.123047 0.393359 0.111328 0.397266 0.102539 0.397656 0.0996094 0.399609 0.0947266 0.401562 0.0913086 0.403516 0.0839844 0.403516 0.0810547 0.406641 0.0766602 0.406641 0.0756836
1 0.362891 0.191895 0.360547 0.191895 0.357812 0.194824 0.353516 0.196289 0.350781 0.201172 0.348047 0.209473 0.347656 0.216309 0.346484 0.222656 0.346484 0.228027 0.348828 0.231934 0.35 0.231934 0.353125 0.228516 0.355078 0.220215 0.361719 0.209473 0.362109 0.205078 0.364453 0.201172 0.364453 0.193359
1 0.536328 0.248047 0.534766 0.250488 0.534766 0.25293 0.539062 0.263672 0.541406 0.277832 0.540234 0.291016 0.541016 0.291992 0.544141 0.291016 0.546094 0.288574 0.547266 0.28418 0.549219 0.280273 0.549609 0.273926 0.548438 0.26709 0.545312 0.259277
1 0.217578 0.0561523 0.215625 0.0556641 0.212109 0.0581055 0.208594 0.0629883 0.204297 0.0654297 0.201172 0.0703125 0.195703 0.0742188 0.194531 0.0761719 0.192969 0.0771484 0.189062 0.0776367 0.185938 0.0810547 0.185156 0.0844727 0.190625 0.0849609 0.200781 0.0810547 0.208594 0.0751953 0.213281 0.0683594 0.217188 0.0605469
1 0.679297 0.10498 0.678906 0.10791 0.684375 0.111816 0.688672 0.118164 0.694531 0.125 0.697266 0.125977 0.701172 0.128906 0.702344 0.128906 0.704297 0.130859 0.705859 0.130859 0.710156 0.12793 0.711328 0.124512 0.711328 0.122559 0.708594 0.118164 0.697266 0.112793 0.694531 0.109863 0.6875 0.105469 0.686328 0.104004 0.681641 0.103516
1 0.403906 0.205078 0.401172 0.206055 0.399609 0.208008 0.398438 0.216797 0.394922 0.221191 0.392969 0.228027 0.392578 0.23291 0.391406 0.235352 0.391406 0.237305 0.392188 0.23877 0.393359 0.23877 0.400781 0.231934 0.401953 0.229004 0.402734 0.220703 0.405078 0.216309 0.405469 0.208008
1 0.598437 0.373047 0.598437 0.374023 0.600781 0.377441 0.608203 0.381348 0.621484 0.385254 0.623437 0.385254 0.625 0.382324 0.624609 0.378418 0.623828 0.376465 0.622266 0.375488 0.604297 0.37207 0.599609 0.37207
1 0.100391 0.0654297 0.0984375 0.0654297 0.0953125 0.0673828 0.0921875 0.0712891 0.0882813 0.0742188 0.0820312 0.0825195 0.0769531 0.0878906 0.0753906 0.0917969 0.0753906 0.0952148 0.0765625 0.097168 0.0808594 0.0976562 0.0832031 0.0966797 0.0914062 0.0888672 0.0933594 0.0849609 0.0941406 0.0800781 0.0976562 0.0761719 0.100391 0.0712891
1 0.264062 0.413574 0.263672 0.416016 0.268359 0.42041 0.275391 0.424805 0.282813 0.433105 0.294531 0.44043 0.296484 0.439941 0.296094 0.435059 0.294141 0.432129 0.287109 0.424316 0.282422 0.421387 0.277344 0.416016 0.271484 0.413574
1 0.696875 0.130371 0.692969 0.130371 0.689844 0.134766 0.688672 0.137695 0.688281 0.143066 0.686328 0.149902 0.682422 0.158691 0.682813 0.165527 0.685547 0.168945 0.689844 0.168945 0.695312 0.166504 0.696875 0.165039 0.698828 0.15918 0.698828 0.154297 0.700781 0.141602 0.701953 0.138184 0.701953 0.135254 0.700781 0.133789 0.699219 0.133301
1 0.432422 0.50293 0.431641 0.50293 0.430469 0.504883 0.430078 0.509766 0.428516 0.515625 0.426563 0.519043 0.422656 0.529785 0.418359 0.537109 0.418359 0.541016 0.419141 0.541992 0.420703 0.541992 0.426953 0.537598 0.432812 0.52832 0.434766 0.521484 0.435156 0.511719 0.434375 0.509277 0.434375 0.505859
1 0.726953 0.192383 0.724609 0.195801 0.724609 0.19873 0.725781 0.202148 0.728906 0.204102 0.729688 0.205566 0.728516 0.208984 0.729297 0.209473 0.731641 0.208008 0.734766 0.212402 0.735938 0.212891 0.736328 0.217285 0.734375 0.219727 0.734375 0.220703 0.738281 0.224609 0.739453 0.228516 0.741016 0.229004 0.74375 0.227539 0.745313 0.224609 0.747266 0.217773 0.747266 0.212891 0.745703 0.208008 0.740625 0.199707 0.734766 0.195801 0.732422 0.192871
1 0.33125 0.349609 0.33125 0.354004 0.332422 0.356445 0.336328 0.359863 0.341797 0.367188 0.344531 0.374512 0.353125 0.385254 0.357812 0.385254 0.357812 0.376953 0.355469 0.373535 0.354297 0.369629 0.350781 0.363281 0.343359 0.356445 0.341406 0.353516 0.336719 0.351074 0.333984 0.348633
1 0.302734 0.0366211 0.303516 0.0415039 0.306641 0.0454102 0.313672 0.0498047 0.317969 0.050293 0.319531 0.0498047 0.321484 0.0478516 0.325781 0.046875 0.327344 0.0454102 0.328125 0.0429688 0.328125 0.0405273 0.326562 0.0390625 0.3125 0.0395508
1 0.575 0.572754 0.573828 0.571289 0.570703 0.571777 0.563672 0.580566 0.562109 0.583984 0.557813 0.589355 0.554688 0.592285 0.548828 0.595703 0.548047 0.600098 0.550391 0.602051 0.553906 0.602051 0.560156 0.599121 0.567969 0.591797 0.574219 0.580078 0.575391 0.57666
2 0.0839844 0.588379 0.08125 0.589355 0.0796875 0.591797 0.0785156 0.598145 0.0785156 0.60498 0.0777344 0.609863 0.0753906 0.615234 0.0710937 0.620117 0.0695313 0.623535 0.0691406 0.627441 0.0707031 0.628906 0.0753906 0.628418 0.0789062 0.625488 0.0820312 0.624023 0.084375 0.621094 0.0867187 0.615234 0.0878906 0.60498 0.0859375 0.591797 0.0847656 0.588867
2 0.442188 0.319824 0.440234 0.318359 0.435156 0.319336 0.430469 0.321777 0.426953 0.324707 0.423047 0.326172 0.421875 0.328613 0.421875 0.331055 0.423438 0.335938 0.426563 0.338867 0.428516 0.338867 0.43125 0.335449 0.436328 0.331543 0.437891 0.328613 0.442578 0.323242
1 0.155078 0.614258 0.152344 0.613281 0.144922 0.614258 0.139063 0.617188 0.130859 0.623535 0.125391 0.625977 0.122266 0.628418 0.117188 0.629395 0.116797 0.631836 0.119141 0.634766 0.122266 0.63623 0.125391 0.63623 0.127734 0.634766 0.131055 0.633301 0.133203 0.631348 0.139453 0.62793 0.148047 0.620605 0.154297 0.616699 0.155078 0.615723
1 0.0570312 0.513184 0.0574219 0.517578 0.0585938 0.520508 0.0625 0.525879 0.0728516 0.531396 0.0814453 0.530664 0.0873047 0.525635 0.0891406 0.520312 0.0890625 0.517969 0.0889844 0.513525 0.0876172 0.512988 0.0859766 0.514062 0.0839844 0.51709 0.0809375 0.521484 0.0703125 0.519922 0.0647266 0.515186 0.0628906 0.51123 0.0613281 0.507812 0.0597656 0.507812
1 0.0488281 0.456543 0.0448828 0.456445 0.0414844 0.458154 0.0388281 0.461816 0.0376563 0.466455 0.0380078 0.470947 0.0379297 0.478271 0.0379297 0.489014 0.0389062 0.495996 0.0401953 0.496729 0.0428516 0.490625 0.04375 0.482812 0.0444141 0.469385 0.0452344 0.46582 0.0471094 0.463672 0.0496875 0.465039 0.0517578 0.465527 0.0533203 0.463184 0.0519531 0.459473
1 0.0605859 0.526563 0.0620703 0.530273 0.0644531 0.532715 0.0652344 0.533691 0.0677344 0.537061 0.0710937 0.541504 0.0742188 0.54541 0.0765625 0.547803 0.0796875 0.550342 0.0833594 0.553125 0.0863281 0.555176 0.0882813 0.555176 0.0902344 0.553223 0.0898438 0.549316 0.0875 0.544922 0.0804688 0.539062 0.0747266 0.534131 0.0714844 0.530957 0.0675 0.528027 0.0637891 0.525244 0.0617578 0.525244
1 0.0382813 0.549316 0.0328125 0.550293 0.0285156 0.556152 0.0265625 0.568359 0.0238281 0.578613 0.0216797 0.586377 0.0199219 0.592285 0.0167969 0.603027 0.0164063 0.611328 0.0179687 0.613281 0.0222656 0.612305 0.0234375 0.610352 0.0246094 0.605469 0.0266797 0.599072 0.0282422 0.593604 0.0310937 0.586719 0.0321094 0.583496 0.0335937 0.580078 0.0347656 0.578125 0.0355469 0.572266 0.0371094 0.567871 0.0367188 0.563965 0.0378906 0.557129 0.040625 0.553223 0.040625 0.551758
1 0.025 0.603027 0.0242188 0.60498 0.0242188 0.608887 0.0287891 0.618994 0.0335547 0.624219 0.0356641 0.628418 0.0383984 0.629834 0.0411328 0.629004 0.0421875 0.626465 0.0421875 0.621582 0.040625 0.617188 0.0324219 0.60791 0.0300781 0.602539 0.0285156 0.601562
1 0.767188 0.407715 0.764062 0.405762 0.753867 0.40625 0.747617 0.409863 0.740273 0.412256 0.734766 0.415039 0.732031 0.418945 0.730469 0.422852 0.730469 0.424805 0.731641 0.42627 0.735547 0.425293 0.738281 0.42627 0.741797 0.42627 0.745898 0.424609 0.749609 0.422852 0.752891 0.418994 0.755469 0.416553 0.759805 0.414795 0.763672 0.413086 0.767188 0.408691
1 0.946484 0.793457 0.945703 0.793945 0.945312 0.794922 0.945312 0.800293 0.945703 0.800781 0.946094 0.805176 0.947266 0.80957 0.954688 0.827637 0.957422 0.83252 0.957812 0.833984 0.959375 0.835938 0.9625 0.836426 0.963672 0.834961 0.963672 0.82959 0.961719 0.825195 0.961328 0.822266 0.960156 0.819824 0.960156 0.818848 0.958594 0.814941 0.955859 0.811035 0.955469 0.80957 0.954688 0.808594 0.951953 0.802246 0.951172 0.799316 0.949609 0.797363 0.948047 0.793945
1 0.545312 0.961914 0.544531 0.963379 0.544922 0.964355 0.544922 0.966797 0.546875 0.969727 0.548438 0.975586 0.548438 0.980469 0.548828 0.980957 0.548828 0.983887 0.548438 0.984375 0.548438 0.99707 0.548828 0.997559 0.548828 1 0.554688 1 0.554688 0.996582 0.555078 0.996094 0.555078 0.987305 0.555469 0.98584 0.555078 0.985352 0.555078 0.978027 0.554688 0.977539 0.554688 0.974121 0.554297 0.973633 0.553906 0.970215 0.553125 0.968262 0.549609 0.964355
1 0.754363 0.428779 0.754078 0.420586 0.753652 0.415425 0.753652 0.414536 0.753508 0.411333 0.753508 0.409194 0.752367 0.406348 0.750516 0.404033 0.748949 0.404922 0.747383 0.408481 0.747383 0.410083 0.747527 0.416851 0.748664 0.426108 0.749805 0.43376 0.75123 0.439102 0.753367 0.441953 0.755359 0.444087 0.756641 0.444087 0.759203 0.444087 0.759633 0.444087 0.760344 0.441953 0.760344 0.441772 0.758922 0.438389 0.758207 0.436255 0.756926 0.433408 0.7565 0.432515 0.755074 0.430381
1 0.720184 0.434829 0.715766 0.436968 0.712633 0.438745 0.711777 0.44231 0.712633 0.443198 0.716621 0.445869 0.721891 0.445869 0.727445 0.442485 0.733711 0.437856 0.73941 0.433228 0.743109 0.426284 0.743109 0.423257 0.740832 0.422544 0.739266 0.422544 0.737559 0.423613 0.730008 0.428423 0.729297 0.428955 0.726305 0.430913
1 0.716621 0.411509 0.71491 0.418628 0.714199 0.425215 0.714199 0.431626 0.714199 0.43394 0.714344 0.436968 0.715195 0.440884 0.717762 0.442129 0.72018 0.439995 0.720039 0.436787 0.718898 0.432871 0.720324 0.425039 0.723316 0.416494 0.726734 0.409019 0.728727 0.404209 0.728441 0.401719 0.725879 0.400117 0.723172 0.400117 0.720609 0.401538 0.718898 0.404209
1 0.686145 0.417383 0.683152 0.41667 0.682012 0.416851 0.678738 0.418452 0.674035 0.421479 0.672613 0.422544 0.669336 0.425928 0.666348 0.432515 0.665918 0.436968 0.666914 0.441953 0.66777 0.443018 0.669906 0.441953 0.670617 0.438032 0.673324 0.432871 0.676602 0.428599 0.681586 0.425928 0.687711 0.425571 0.699246 0.428955 0.702664 0.429844 0.70423 0.429487 0.704516 0.428779 0.699531 0.42415 0.693406 0.42041 0.689562 0.418628
1 0.651391 0.411509 0.655379 0.41792 0.659512 0.423257 0.66293 0.425396 0.665066 0.423794 0.665777 0.420586 0.665207 0.418452 0.662074 0.417207 0.659512 0.413467 0.656805 0.409019 0.655664 0.404746 0.654523 0.400293 0.654383 0.395664 0.654383 0.392637 0.652957 0.390679 0.650965 0.392104 0.649539 0.398154 0.649113 0.402783 0.649539 0.407236
1 0.641062 0.39606 0.637008 0.394082 0.633148 0.394082 0.627316 0.395688 0.622566 0.399272 0.620195 0.401499 0.619797 0.404219 0.62059 0.405825 0.62316 0.404961 0.628602 0.403726 0.633941 0.403726 0.638984 0.405703 0.644426 0.408916 0.648875 0.410522 0.649863 0.410029 0.650559 0.407554 0.648383 0.404463 0.644723 0.399766
1 0.62593 0.390991 0.617918 0.397666 0.615547 0.400879 0.613766 0.403599 0.612777 0.406567 0.613766 0.408794 0.618414 0.409536 0.624348 0.408296 0.629887 0.405576 0.634535 0.402734 0.639383 0.397295 0.641062 0.392842 0.640965 0.390991 0.640074 0.388145 0.636512 0.386294 0.633348 0.386167 0.630875 0.3879 0.628602 0.389629
1 0.464539 0.606367 0.458027 0.611006 0.454156 0.615127 0.449539 0.620381 0.44616 0.625015 0.44418 0.629238 0.443687 0.631299 0.443934 0.632124 0.443934 0.632227 0.445418 0.631611 0.449949 0.628418 0.457781 0.624087 0.467508 0.617188 0.474926 0.612036 0.479375 0.609253 0.481848 0.60647 0.481766 0.604824 0.480117 0.602451 0.473191 0.603276 0.46825 0.604512
2 0.447395 0.607192 0.445254 0.613784 0.444922 0.618833 0.44484 0.624399 0.445664 0.628931 0.446738 0.630889 0.447973 0.630991 0.449785 0.628726 0.449949 0.624087 0.450609 0.61832 0.452836 0.610801 0.45498 0.607915 0.456711 0.605234 0.455887 0.602246 0.454566 0.601631 0.452508 0.601631 0.449211 0.604307
1 0.460586 0.598193 0.459184 0.600444 0.456711 0.606216 0.455063 0.612603 0.453414 0.618682 0.453332 0.624448 0.455887 0.630938 0.457945 0.634238 0.460008 0.635781 0.461656 0.635371 0.461656 0.63228 0.460254 0.625786 0.460336 0.619399 0.46248 0.611367 0.465281 0.605186 0.467918 0.601992 0.468578 0.601372 0.469074 0.599312 0.468906 0.597148 0.466684 0.595396 0.464539 0.594883 0.46248 0.596323
1 0.0579727 0.565654 0.0578516 0.555273 0.0555977 0.546519 0.054293 0.542217 0.0514414 0.538359 0.0497812 0.538062 0.0471719 0.539546 0.0474062 0.545776 0.049543 0.556162 0.0515625 0.565952 0.0526289 0.575 0.0528672 0.581973 0.0538164 0.58791 0.0548867 0.589985 0.0558359 0.590874 0.0574961 0.592212 0.0579727 0.590874 0.0579727 0.582124 0.058207 0.57144
1 0.0424219 0.562393 0.0412344 0.563281 0.0373203 0.566992 0.0345898 0.571738 0.0331641 0.577378 0.0335234 0.582124 0.0355391 0.584941 0.0380313 0.587168 0.0406445 0.588652 0.0424219 0.589985 0.0426602 0.589985 0.0449141 0.59043 0.0465781 0.588354 0.0463398 0.586279 0.0444414 0.583311 0.0426602 0.5796 0.0417109 0.576484 0.0417109 0.575298 0.0426602 0.572925 0.0433711 0.571592 0.0455078 0.568921 0.0468125 0.564766 0.0477656 0.561797 0.0477656 0.559277 0.0465781 0.55646 0.0439648 0.558091
1 0.0484766 0.566992 0.0463398 0.563579 0.0428984 0.560317 0.0395742 0.558237 0.0368437 0.556904 0.034707 0.557939 0.0337578 0.561206 0.0357773 0.563579 0.0391016 0.568179 0.0459844 0.577822 0.0506133 0.583457 0.0545273 0.586426 0.0561914 0.587314 0.0579727 0.584941 0.0579727 0.584053 0.0563086 0.578857 0.0520352 0.572183 0.0502578 0.569365 0.0502578 0.569365
1 0.0235742 0.630757 0.025832 0.631792 0.0285625 0.632236 0.0339023 0.631494 0.0392422 0.62853 0.0455313 0.623779 0.0471953 0.621406 0.0481445 0.618145 0.0482617 0.615176 0.0482617 0.614585 0.0477891 0.613691 0.0463633 0.613843 0.0451758 0.614878 0.0433945 0.616069 0.0423281 0.617256 0.0405469 0.618887 0.0366328 0.621704 0.0315273 0.623931 0.0277305 0.624375 0.0245273 0.624077 0.022625 0.623188 0.022625 0.623188 0.0216758 0.624673 0.0216758 0.627344
1 0.0671328 0.575122 0.0649961 0.583428 0.0598945 0.593223 0.058707 0.594702 0.0559766 0.598267 0.0526523 0.602124 0.0468398 0.606426 0.0433945 0.610576 0.0432773 0.613545 0.0448203 0.614878 0.0527734 0.609985 0.0588242 0.604053 0.0695078 0.588325 0.0717617 0.583281 0.0703359 0.57438 0.0690313 0.571562 0.068082 0.571411 0.0671328 0.573491
1 0.0481445 0.621406 0.0437539 0.626304 0.0430391 0.629272 0.0438711 0.632236 0.0455313 0.634165 0.0482617 0.633423 0.0496875 0.631201 0.052418 0.627935 0.0571641 0.620815 0.0585859 0.615176 0.058707 0.607017 0.0572812 0.601675 0.0549102 0.596929 0.0527734 0.592925 0.0526523 0.590552 0.0507539 0.591143 0.0502812 0.593223 0.0507539 0.596782 0.050875 0.601826 0.050875 0.609834 0.0509922 0.612358 0.0509922 0.614287 0.0501602 0.6177
1 0.0714297 0.551753 0.0668984 0.554536 0.0654141 0.555669 0.0627773 0.556392 0.0571719 0.557422 0.0545352 0.557422 0.0518984 0.558145 0.0506602 0.559688 0.0512383 0.563501 0.0546172 0.566177 0.0560195 0.566694 0.0610469 0.566694 0.069207 0.562881 0.0737383 0.558452 0.076707 0.554639 0.0771992 0.55124 0.0766211 0.548872 0.0748086 0.549385 0.0732422 0.550312
1 0.0687109 0.539648 0.065168 0.533105 0.0617031 0.528882 0.0573359 0.525483 0.0544531 0.523218 0.0519805 0.52332 0.0507422 0.524658 0.0511563 0.526924 0.0525547 0.529194 0.0568438 0.534136 0.0582422 0.535684 0.0606328 0.538364 0.0617891 0.54104 0.0634375 0.544541 0.0647539 0.547739 0.0659922 0.55083 0.0662383 0.554741 0.0662383 0.558145 0.0659102 0.560513 0.065168 0.562573 0.0663203 0.565972 0.0685469 0.565664 0.0703594 0.562676 0.0723359 0.557935 0.0720078 0.549692 0.0707695 0.544336
1 0.0621172 0.544854 0.0608789 0.54001 0.0581602 0.535273 0.0528047 0.529194 0.0485195 0.526104 0.0457969 0.524453 0.0434063 0.524043 0.0406875 0.524556 0.0396172 0.526514 0.0420898 0.528779 0.046457 0.532388 0.0511563 0.537334 0.0540391 0.54145 0.0567617 0.545469 0.0599727 0.551753 0.0609648 0.555464 0.0618711 0.557319 0.0630234 0.557832 0.0636016 0.555874 0.0637656 0.551548 0.0629414 0.547632
2 0.0412656 0.517446 0.0408516 0.514668 0.0405234 0.510957 0.0401094 0.509307 0.0401094 0.509307 0.038875 0.508589 0.0375547 0.509414 0.0373906 0.514253 0.0377227 0.515903 0.0382148 0.525381 0.0382148 0.530327 0.0396172 0.536406 0.042582 0.542588 0.0450547 0.546396 0.0489297 0.549487 0.050168 0.547842 0.0504961 0.544233 0.0485195 0.537539 0.0460469 0.532285 0.0442305 0.525791 0.042582 0.520747
1 0.0746563 0.480098 0.073418 0.477866 0.0721836 0.476494 0.0708086 0.474346 0.0684727 0.470913 0.0681992 0.470571 0.065793 0.466533 0.0644219 0.464814 0.0629102 0.465503 0.0627031 0.468252 0.0645586 0.473315 0.0666172 0.478296 0.0700547 0.484565 0.0736953 0.491431 0.0780195 0.49873 0.0804258 0.503535 0.0827578 0.507744 0.0855078 0.509116 0.0864688 0.507402 0.0862617 0.503711 0.0860547 0.502251 0.0820742 0.494438 0.077332 0.48396
1 0.0649141 0.495146 0.0631992 0.498154 0.0611367 0.501245 0.0600391 0.504678 0.0592852 0.510088 0.0599023 0.51249 0.062168 0.511377 0.0636094 0.508115 0.0662891 0.503994 0.0692422 0.500474 0.0717852 0.497812 0.0816758 0.496006 0.0841484 0.495576 0.0864141 0.493691 0.0860703 0.49 0.0830469 0.487852 0.0761797 0.486479 0.0730898 0.48751 0.0709609 0.489053 0.0675273 0.492314
1 0.160375 0.513999 0.157945 0.517373 0.156461 0.521255 0.155852 0.525557 0.155648 0.529355 0.156191 0.530029 0.156863 0.530029 0.159566 0.52623 0.162871 0.522012 0.16618 0.516274 0.171852 0.506743 0.174684 0.500498 0.177992 0.492734 0.178328 0.49189 0.180895 0.487671 0.183887 0.484399 0.186719 0.482627 0.188812 0.482207 0.189555 0.480688 0.188477 0.477988 0.186516 0.476973 0.18375 0.476382 0.17943 0.477144 0.175852 0.479844 0.172613 0.484229 0.170453 0.489209 0.168766 0.49562 0.168496 0.496719 0.16566 0.502793 0.165523 0.503301 0.162555 0.509878
1 0.132309 0.547334 0.131836 0.545815 0.127988 0.538726 0.127785 0.538223 0.125895 0.534341 0.125219 0.532988 0.124141 0.530879 0.123129 0.529697 0.120902 0.53333 0.121102 0.537549 0.123398 0.544551 0.124477 0.546826 0.125965 0.550288 0.128324 0.556108 0.13116 0.562437 0.134535 0.567583 0.136762 0.56792 0.139191 0.566909 0.139664 0.564883 0.138047 0.560664 0.134602 0.552227 0.134535 0.552227
1 0.153031 0.547754 0.15202 0.543115 0.151141 0.53915 0.150734 0.537461 0.150063 0.53645 0.148777 0.537207 0.147902 0.540161 0.147902 0.545815 0.147902 0.551216 0.147156 0.556616 0.146012 0.55999 0.144187 0.564971 0.143313 0.568765 0.145336 0.57231 0.148645 0.572227 0.149453 0.570791 0.149992 0.570366 0.152219 0.565054 0.153438 0.560244 0.15418 0.555352 0.15418 0.554253 0.154109 0.551133
1 0.153785 0.574292 0.148766 0.570039 0.145039 0.567407 0.141152 0.565078 0.136535 0.565684 0.134672 0.569023 0.135969 0.573887 0.142934 0.577935 0.151926 0.583604 0.152734 0.584316 0.15468 0.587148 0.158648 0.592109 0.160996 0.593833 0.163344 0.593022 0.165207 0.589683 0.16391 0.584214 0.158 0.576621
1 0.153594 0.593369 0.153691 0.599082 0.156414 0.603452 0.157582 0.60394 0.161078 0.60479 0.165066 0.606128 0.169828 0.608315 0.170605 0.610381 0.16973 0.61293 0.171187 0.615483 0.172063 0.615117 0.174492 0.611958 0.175563 0.608555 0.17527 0.604668 0.173133 0.601753 0.167594 0.599565 0.162246 0.596406 0.158551 0.593369 0.157387 0.590454 0.156121 0.588872 0.154664 0.58936 0.15418 0.590576
1 0.118602 0.61123 0.115105 0.61123 0.112187 0.610259 0.11141 0.610381 0.110535 0.610381 0.108496 0.612808 0.108785 0.614268 0.113062 0.616333 0.116855 0.617061 0.123074 0.617305 0.127645 0.615361 0.131824 0.611836 0.136391 0.606978 0.14057 0.601509 0.142125 0.59835 0.142027 0.595801 0.139891 0.596528 0.136 0.599321 0.132695 0.603452 0.127934 0.607461 0.123559 0.609287
2 0.12359 0.580381 0.122812 0.586699 0.122812 0.589614 0.123395 0.597026 0.125629 0.602373 0.127867 0.605288 0.129129 0.603828 0.128156 0.601401 0.12777 0.596904 0.129129 0.593867 0.12952 0.591074 0.129422 0.588276 0.129129 0.583784 0.129617 0.579531 0.129617 0.575884 0.129617 0.572485 0.128645 0.569204 0.127672 0.568232 0.126602 0.568838 0.124852 0.57042 0.124465 0.574912
1 0.162762 0.568232 0.160816 0.564585 0.159746 0.561182 0.159844 0.557173 0.160816 0.553892 0.158777 0.551099 0.157219 0.550493 0.154012 0.55438 0.153043 0.56082 0.152555 0.566772 0.153234 0.570537 0.153527 0.571147 0.15693 0.575034 0.161398 0.579653 0.163637 0.58269 0.164316 0.586089 0.165191 0.588643 0.165676 0.58937 0.167039 0.58937 0.16898 0.587671 0.169566 0.584878 0.169566 0.581475 0.166941 0.576494 0.164707 0.571514
1 0.274879 0.479951 0.273781 0.478408 0.273094 0.4754 0.273164 0.472739 0.272062 0.471108 0.270965 0.471709 0.26973 0.474629 0.269387 0.477549 0.268766 0.481069 0.26959 0.484243 0.271379 0.486392 0.273164 0.487163 0.276527 0.487939 0.278727 0.489224 0.281953 0.490942 0.282711 0.490942 0.283191 0.488794 0.282711 0.485791 0.280238 0.482441 0.27859 0.48064 0.276805 0.48021
1 0.809621 0.109702 0.809621 0.113262 0.811187 0.11415 0.81532 0.113975 0.819023 0.111479 0.823152 0.107744 0.827996 0.105249 0.833977 0.103823 0.83725 0.102222 0.838816 0.0997314 0.838961 0.0975928 0.83725 0.0961719 0.834402 0.0963477 0.829703 0.0977734 0.824434 0.0988428 0.821301 0.0999072 0.814605 0.103823 0.812043 0.106851
2 0.82059 0.0860205 0.818168 0.0931445 0.816742 0.0979492 0.814605 0.103115 0.813609 0.106138 0.813754 0.107744 0.81418 0.10792 0.817172 0.106675 0.82016 0.103647 0.823723 0.0995508 0.825145 0.0951025 0.826855 0.0885156 0.828422 0.0831738 0.829562 0.0760547 0.830273 0.0696436 0.831129 0.0667969 0.831695 0.0637695 0.828848 0.0655518 0.826145 0.0682227 0.823863 0.0751611 0.822441 0.0808594
1 0.817172 0.0742725 0.813895 0.0796143 0.812898 0.0838867 0.812754 0.0894043 0.811758 0.0933203 0.805492 0.100444 0.804211 0.10543 0.804211 0.107207 0.808055 0.105073 0.812469 0.101514 0.815887 0.0961719 0.818594 0.0904736 0.82073 0.0847754 0.824859 0.0783691 0.826996 0.0721387 0.827281 0.0644824 0.827141 0.0635938 0.824719 0.0644824 0.822867 0.0657275 0.82002 0.0701807
1 0.826145 0.00484375 0.824148 0.0110742 0.823008 0.0160596 0.822297 0.0226465 0.821871 0.0295898 0.823293 0.036709 0.827996 0.0429395 0.83127 0.0456104 0.834547 0.0466797 0.837535 0.0461475 0.837965 0.043833 0.835969 0.0409814 0.832266 0.0374219 0.830844 0.034751 0.830559 0.028877 0.83184 0.0178369 0.83298 0.0116064 0.834117 0.00662109 0.834402 0.0025293 0.834262 0.000214844 0.834199 0 0.827598 0 0.827566 3.41797e-05
1 0.847078 0.0979492 0.847363 0.0927881 0.848504 0.0867334 0.848789 0.08104 0.848504 0.0756982 0.845227 0.064126 0.840812 0.0580713 0.839672 0.0575391 0.83782 0.0586084 0.83725 0.0594971 0.838961 0.0630566 0.841238 0.0689307 0.84252 0.0751611 0.842664 0.0835303 0.842664 0.0911865 0.842949 0.101333 0.843375 0.104893 0.844656 0.107031 0.846367 0.105605 0.847078 0.100088
1 0.83782 0.0796143 0.833832 0.0824609 0.828562 0.0869141 0.828422 0.0901172 0.828422 0.0901172 0.830844 0.0938574 0.832551 0.0949219 0.834117 0.093501 0.839672 0.0886914 0.841523 0.086377 0.844371 0.0851318 0.847508 0.0842432 0.849074 0.082998 0.849359 0.0799707 0.847223 0.0746289 0.845938 0.0735596 0.844371 0.0735596 0.843945 0.0735596 0.842238 0.075874 0.840242 0.077832
2 0.791535 0.0543359 0.79125 0.0625244 0.791391 0.0737402 0.792391 0.0760547 0.792816 0.0813965 0.792816 0.0828174 0.795094 0.0869141 0.797801 0.0902979 0.798512 0.0869141 0.796805 0.0781885 0.79709 0.0625244 0.797516 0.051665 0.79709 0.0441846 0.796094 0.0409814 0.794383 0.0393799 0.793387 0.0413379 0.792676 0.0481055
1 0.797375 0.0596729 0.793527 0.062168 0.786977 0.0669727 0.782277 0.0714258 0.78 0.0748096 0.780285 0.0774756 0.782277 0.0765869 0.789824 0.0730273 0.79709 0.0683984 0.80307 0.066084 0.809195 0.0651953 0.816316 0.0648389 0.817457 0.0630566 0.817027 0.0607422 0.81418 0.0586084 0.809906 0.0578955 0.802785 0.0584277
1 0.815605 0.0554004 0.813184 0.0584277 0.810617 0.0627002 0.809906 0.0675098 0.810902 0.0780127 0.811332 0.0815723 0.813469 0.0847754 0.814465 0.0847754 0.815605 0.0815723 0.815605 0.0769434 0.816602 0.0696436 0.819164 0.0643018 0.822297 0.0589648 0.826426 0.0534424 0.828562 0.0502393 0.827711 0.0475684 0.825574 0.0461475 0.822867 0.0461475 0.81959 0.0493506
1 0.803355 0.0422266 0.80193 0.0529102 0.800793 0.0605664 0.798512 0.0682227 0.797801 0.0724951 0.798941 0.0760547 0.80307 0.0735596 0.805207 0.0676855 0.807484 0.0575391 0.810191 0.0466797 0.810336 0.040625 0.811332 0.0377783 0.813039 0.0342187 0.81432 0.0315479 0.814465 0.0278076 0.812898 0.0253174 0.809906 0.0258496 0.806633 0.0317236 0.804496 0.0361768
1 0.813609 0.0461426 0.807344 0.038667 0.804066 0.0356396 0.798512 0.0335059 0.793527 0.0336816 0.790539 0.0361768 0.790965 0.0404492 0.794523 0.0415186 0.798656 0.0411621 0.801789 0.0441846 0.805492 0.0504199 0.811187 0.0557568 0.815887 0.0587842 0.818023 0.0605664 0.820305 0.06021 0.821871 0.0580713 0.821441 0.0550439 0.817027 0.0500635
1 0.845656 0.0627002 0.839246 0.0616357 0.838816 0.0616357 0.835828 0.0614551 0.832836 0.064126 0.834973 0.0685742 0.836684 0.0687549 0.845371 0.0705322 0.850926 0.0701807 0.85477 0.0655518 0.855766 0.0609229 0.855766 0.06021 0.857617 0.0546924 0.857762 0.0523779 0.857047 0.0509521 0.856906 0.0509521 0.85648 0.0513086 0.85548 0.0529102 0.853059 0.0564697 0.851207 0.0598535 0.849359 0.0614551
1 0.835684 0.0247803 0.83127 0.0237158 0.825859 0.0240674 0.821301 0.0269189 0.818023 0.0326172 0.818738 0.0363525 0.82073 0.0383105 0.824434 0.0383105 0.827281 0.0354639 0.833691 0.0338623 0.837535 0.0343945 0.840102 0.0383105 0.841668 0.0411621 0.842805 0.0424072 0.843945 0.0418701 0.846367 0.0390234 0.845797 0.0354639 0.843375 0.0290527 0.840102 0.0258496
2 0.856336 0.0351074 0.854199 0.0313672 0.852633 0.0285205 0.850355 0.0253174 0.847934 0.0260303 0.847078 0.0306592 0.8495 0.0359961 0.852348 0.0408057 0.858758 0.0459668 0.860609 0.046499 0.86075 0.0454346 0.860039 0.0427637 0.857762 0.0375977
1 0.867301 0.0098291 0.862602 0.0180176 0.86018 0.0237158 0.859898 0.0276318 0.86018 0.0343945 0.861465 0.0388477 0.863031 0.0390234 0.863457 0.0363525 0.86659 0.0262061 0.871004 0.0185498 0.877129 0.0085791 0.881262 0.00413086 0.883965 0.00128418 0.884074 0 0.876551 0 0.876273 0.000214844 0.871574 0.00501953
1 0.806094 0 0.809336 0.0044873 0.81418 0.00964844 0.82002 0.0157031 0.823723 0.0178369 0.82657 0.0190869 0.828422 0.0192627 0.829133 0.0174805 0.827996 0.0141016 0.823723 0.0100049 0.81959 0.00501953 0.816246 0
1 0.133832 0.632637 0.128848 0.631035 0.124578 0.628896 0.121016 0.627114 0.117172 0.625337 0.11475 0.623555 0.113754 0.623555 0.113184 0.623555 0.111617 0.624624 0.110617 0.629966 0.111617 0.631211 0.113754 0.63335 0.115605 0.634771 0.121301 0.638687 0.127281 0.640645 0.134832 0.641357 0.140387 0.638867 0.143375 0.634238 0.143945 0.630322 0.144371 0.626938 0.144371 0.624448 0.142379 0.624448 0.140527 0.626582 0.138961 0.629077 0.136969 0.631567
2 0.119621 0.677534 0.118766 0.674863 0.116914 0.672192 0.116059 0.671304 0.115203 0.67166 0.114922 0.67415 0.116488 0.680562 0.119477 0.687148 0.122324 0.689639 0.123039 0.686079 0.121898 0.682163 0.120758 0.680205
1 0.391746 0.155024 0.388895 0.152891 0.386758 0.151465 0.386758 0.151465 0.385191 0.153066 0.386191 0.156807 0.387613 0.166064 0.387613 0.176567 0.387328 0.184224 0.387473 0.187783 0.388184 0.189565 0.389609 0.190986 0.392172 0.191523 0.393879 0.188853 0.394023 0.180664 0.394449 0.173184 0.393738 0.161968 0.392742 0.15752
1 0.39616 0.154492 0.39616 0.154492 0.39502 0.16019 0.394879 0.161968 0.394879 0.166597 0.395305 0.168555 0.396586 0.173008 0.399434 0.177637 0.403281 0.18084 0.404848 0.181729 0.407125 0.181909 0.40727 0.178169 0.403422 0.173184 0.40157 0.168735 0.40157 0.162505 0.401855 0.156626 0.402285 0.15271 0.402141 0.148794 0.400148 0.148618 0.398297 0.149507
1 0.410543 0.167134 0.410543 0.167134 0.408977 0.163926 0.408691 0.160723 0.408691 0.156626 0.408977 0.153604 0.407836 0.152002 0.405844 0.153247 0.404563 0.154136 0.402285 0.158765 0.401855 0.164995 0.403707 0.172827 0.408836 0.18333 0.411539 0.190098 0.413961 0.195796 0.415527 0.199175 0.416523 0.199712 0.416809 0.199712 0.417523 0.198286 0.417809 0.193838 0.418234 0.186182 0.418234 0.179951 0.415672 0.174609 0.413961 0.170869
1 0.385352 0.161426 0.381488 0.160903 0.37807 0.16019 0.375367 0.160723 0.375508 0.162861 0.381633 0.168379 0.388043 0.174077 0.388754 0.175679 0.392742 0.182798 0.394734 0.186182 0.397187 0.188818 0.399648 0.19043 0.403422 0.190811 0.406414 0.190986 0.409406 0.189028 0.410117 0.186357 0.409121 0.185112 0.405984 0.182979 0.402852 0.180308 0.397297 0.173184 0.39032 0.165352
1 0.386691 0 0.38057 0.00438477 0.376793 0.00755859 0.373906 0.0103906 0.372945 0.0138281 0.372945 0.0159717 0.376035 0.0174316 0.379883 0.0151123 0.383316 0.0125391 0.388125 0.00875977 0.39307 0.00515625 0.397602 0.00129395 0.399203 0
1 0.386781 0 0.387836 0.00356934 0.390754 0.0100098 0.395047 0.0173779 0.39934 0.0228906 0.402547 0.02625 0.404836 0.0278955 0.406152 0.0286133 0.408156 0.0280371 0.408043 0.0259668 0.405008 0.0210986 0.401574 0.0142334 0.39768 0.00714844 0.395793 0.00235352 0.394805 0
2 0.399527 0.0312744 0.398223 0.0262939 0.39609 0.0223437 0.394441 0.0188232 0.391352 0.0137598 0.389566 0.012041 0.386957 0.0123828 0.386406 0.0129834 0.387027 0.0157324 0.388949 0.0180518 0.391352 0.0232861 0.392039 0.0251758 0.39307 0.027666 0.393551 0.0296387 0.394305 0.0335889 0.394785 0.0387402 0.394992 0.0443213 0.395473 0.04604 0.397465 0.0496436 0.398223 0.0505029 0.399594 0.0508447 0.400625 0.0497314 0.400625 0.0462988 0.400625 0.0412305 0.400145 0.0335889 0.400145 0.0335889
1 0.382383 0.0522412 0.378703 0.0615869 0.374668 0.0667822 0.372887 0.0700439 0.371582 0.0749414 0.371344 0.0759814 0.370039 0.0792432 0.36743 0.0826563 0.365293 0.085918 0.36648 0.087998 0.36707 0.0884424 0.368258 0.088291 0.371105 0.0832471 0.375617 0.0783545 0.381789 0.0693018 0.384758 0.0647021 0.387012 0.0605518 0.387961 0.0556543 0.387961 0.0519482 0.389266 0.0482373 0.390336 0.0471973 0.392113 0.0449707 0.392113 0.042749 0.391641 0.0408203 0.390336 0.0393359 0.389383 0.0393359 0.387129 0.0406689 0.385469 0.041709 0.383688 0.0460107
1 0.389977 0.0598096 0.383805 0.0651514 0.379535 0.0703418 0.37348 0.0798389 0.37182 0.0836963 0.372293 0.088291 0.37443 0.0927441 0.37716 0.0940771 0.378227 0.0918555 0.37716 0.0894775 0.380129 0.0835449 0.384398 0.0776123 0.389621 0.0712305 0.394012 0.0645557 0.397098 0.0599561 0.399355 0.0568408 0.400305 0.0532813 0.399473 0.0504639 0.397691 0.0495703 0.395437 0.0506104 0.393672 0.052832 0.392461 0.0558105
2 0.104406 0 0.102559 0.00307617 0.101609 0.00945801 0.101254 0.0153906 0.103984 0.019248 0.108258 0.0219189 0.111816 0.0204346 0.11241 0.0189502 0.111223 0.0170215 0.108613 0.0147998 0.108258 0.0130176 0.110039 0.00544922 0.111344 0.00174316 0.112449 0
1 0.0671289 0 0.0644609 0.00188965 0.0593594 0.00871582 0.0569844 0.0119775 0.0534258 0.0147998 0.052 0.0156885 0.050457 0.0177637 0.0509336 0.0198438 0.0529492 0.0207324 0.0593594 0.0188037 0.0658867 0.0146484 0.0674297 0.0134619 0.0713477 0.00960449 0.0759766 0.00544922 0.0802461 0.00204102 0.0829648 0
1 0 0.0698389 0.00281641 0.0717041 0.00608203 0.0734326 0.012707 0.0750439 0.0153789 0.0721973 0.0154766 0.0694775 0.0139961 0.0658936 0.0102344 0.0629248 0.00578516 0.059834 0.00222656 0.0587207 -0 0.0587207
1 0 0.0473242 0.00400391 0.0472266 0.0107305 0.0493262 0.0136992 0.0531592 0.015875 0.0574854 0.0179492 0.0626807 0.0183477 0.0652734 0.017457 0.0671289 0.0159727 0.0663867 0.0135977 0.0628027 0.00964062 0.0583545 0.00528906 0.0563721 0.00232422 0.0555078 0 0.0554248
2 0.256125 0.393921 0.248434 0.398838 0.240059 0.40439 0.232883 0.410161 0.22707 0.412012 0.225859 0.414551 0.227813 0.417285 0.23425 0.419131 0.238352 0.419346 0.24177 0.417852 0.249461 0.414004 0.259543 0.408662 0.263988 0.402681 0.269805 0.393799 0.269625 0.390078 0.266723 0.386445 0.264672 0.384736 0.260227 0.386875 0.258004 0.390508
2 0.654645 0.364087 0.652508 0.37165 0.650609 0.380996 0.649305 0.387822 0.648711 0.392437 0.651559 0.394053 0.653102 0.391533 0.655238 0.385596 0.658797 0.379663 0.661055 0.374917 0.661648 0.371504 0.662121 0.3675 0.663547 0.361133 0.666273 0.35667 0.667699 0.350732 0.667699 0.347471 0.665918 0.345557 0.664496 0.346284 0.659629 0.354888 0.657969 0.358301
1 0.676719 0.406235 0.685027 0.407715 0.685027 0.407715 0.693691 0.408013 0.702 0.407271 0.710309 0.405493 0.71648 0.404897 0.71909 0.402378 0.719801 0.399854 0.717191 0.397183 0.710664 0.397925 0.702473 0.398521 0.693098 0.398369 0.684195 0.398369 0.678023 0.398965 0.676957 0.399409 0.674582 0.401636 0.674582 0.403711
