1 0.353906 0.331445 0.353828 0.336279 0.355898 0.339404 0.361211 0.342773 0.364961 0.34541 0.368242 0.346387 0.372695 0.346094 0.374375 0.344531 0.374766 0.34126 0.373047 0.337402 0.371758 0.333838 0.366133 0.329297 0.360938 0.327734 0.357187 0.328809
1 0.537773 0.551855 0.535859 0.553125 0.533945 0.555322 0.532422 0.563477 0.531523 0.57251 0.533438 0.578027 0.536016 0.582129 0.539062 0.581787 0.540469 0.579443 0.542578 0.56543 0.542383 0.557861 0.540234 0.553174
1 0.543164 0.546338 0.539922 0.547803 0.538594 0.5521 0.540234 0.556152 0.542578 0.561035 0.544922 0.563965 0.550391 0.565186 0.553203 0.561914 0.553242 0.556787 0.552734 0.553125 0.551406 0.550244 0.547227 0.546875
1 0.563398 0.528467 0.560781 0.527393 0.555859 0.52832 0.549219 0.529639 0.545195 0.533008 0.544102 0.537598 0.547773 0.540869 0.552734 0.541992 0.559375 0.539551 0.562617 0.53667 0.564063 0.533252
1 0.579531 0.605371 0.576133 0.604199 0.573594 0.605957 0.568359 0.61377 0.565117 0.619971 0.56332 0.628809 0.564492 0.63208 0.567578 0.633447 0.570312 0.631543 0.57418 0.625 0.577813 0.620117 0.581055 0.613721 0.581367 0.608252
1 0.587617 0.616211 0.586992 0.613672 0.585195 0.612988 0.583906 0.614746 0.582031 0.620508 0.577578 0.62417 0.570742 0.625684 0.567539 0.629199 0.566328 0.634131 0.569492 0.637549 0.576797 0.637939 0.582969 0.634717 0.586797 0.625879
1 0.194141 0.313477 0.192969 0.312012 0.187891 0.311523 0.180859 0.313965 0.176953 0.320801 0.176563 0.323242 0.177344 0.325684 0.178906 0.328125 0.180469 0.329102 0.184766 0.330078 0.185938 0.32959 0.19375 0.319824
1 0.222266 0.310547 0.221094 0.309082 0.218359 0.308105 0.214453 0.308105 0.211328 0.309082 0.208203 0.311035 0.205469 0.313965 0.205469 0.318848 0.207031 0.321289 0.208984 0.322266 0.213281 0.322266 0.217188 0.321289 0.219922 0.319336 0.222656 0.314941
1 0.232031 0.322754 0.227734 0.323242 0.219922 0.329102 0.217578 0.334473 0.217188 0.338867 0.219531 0.34082 0.221484 0.34082 0.225781 0.338379 0.227344 0.336426 0.230469 0.334473 0.233594 0.330078 0.233984 0.325195
1 0.210938 0.32959 0.209375 0.327637 0.205859 0.32666 0.198047 0.327148 0.191797 0.330078 0.189453 0.333496 0.189453 0.334961 0.191406 0.338867 0.192969 0.339844 0.198047 0.340332 0.207813 0.335449 0.210547 0.332031
1 0.219531 0.340332 0.216797 0.337891 0.208594 0.338379 0.204297 0.339844 0.201172 0.342285 0.199219 0.342773 0.197656 0.344727 0.197656 0.347168 0.198828 0.350098 0.204687 0.353516 0.213281 0.352539 0.216406 0.351074 0.217578 0.349609
1 0.166016 0.328613 0.164062 0.327148 0.161719 0.327148 0.156641 0.329102 0.149609 0.337891 0.148438 0.341309 0.148828 0.345703 0.150391 0.347168 0.155859 0.347656 0.160547 0.345703 0.1625 0.343262 0.165234 0.337402 0.166016 0.334473
1 0.166406 0.32666 0.164453 0.32959 0.164844 0.334961 0.166016 0.337891 0.170703 0.344238 0.173828 0.345703 0.177734 0.346191 0.178516 0.345215 0.178906 0.336426 0.178125 0.33252 0.176563 0.32959 0.174609 0.327637 0.171484 0.326172
1 0.169531 0.359863 0.165234 0.360352 0.160156 0.369141 0.158984 0.373535 0.158594 0.378418 0.159766 0.383301 0.161328 0.385742 0.163281 0.385254 0.167969 0.378906 0.170313 0.373047 0.171484 0.36377 0.170703 0.36084
1 0.185938 0.370605 0.180859 0.370117 0.173047 0.377441 0.172266 0.380859 0.169141 0.388184 0.169141 0.389648 0.170313 0.39209 0.174219 0.392578 0.178125 0.390137 0.183203 0.385254 0.185938 0.380859 0.186719 0.37793 0.187109 0.37207
1 0.207813 0.396484 0.203906 0.394531 0.200781 0.39502 0.196484 0.397461 0.192188 0.403809 0.191406 0.408203 0.191797 0.412109 0.192969 0.413574 0.196875 0.413574 0.201563 0.410156 0.207031 0.403809 0.208203 0.401367
1 0.165234 0.408203 0.163672 0.411133 0.163672 0.417969 0.165234 0.423828 0.170313 0.428223 0.175 0.428223 0.176172 0.426758 0.176953 0.42334 0.175 0.418945 0.174609 0.415527 0.170703 0.408691 0.166797 0.407715
1 0.179688 0.45166 0.177734 0.449707 0.173828 0.450195 0.166406 0.455078 0.163281 0.462402 0.163281 0.467285 0.165625 0.46875 0.169922 0.46875 0.174219 0.466797 0.179688 0.458496
1 0.114062 0.43457 0.112109 0.437012 0.110547 0.442383 0.110937 0.444336 0.112891 0.446289 0.113672 0.44873 0.117188 0.452637 0.122656 0.454102 0.125 0.44873 0.125391 0.442383 0.124609 0.438965 0.122656 0.436523 0.119531 0.43457
1 0.110547 0.438477 0.107813 0.443848 0.107813 0.449219 0.109766 0.454102 0.111719 0.456543 0.115234 0.458984 0.118359 0.459961 0.122266 0.458984 0.123438 0.456543 0.123047 0.446777 0.118359 0.440918 0.113672 0.438477
1 0.385547 0 0.385547 0.00146484 0.383203 0.00439453 0.383203 0.0078125 0.385156 0.0136719 0.3875 0.0161133 0.387891 0.0180664 0.391797 0.0219727 0.39375 0.0219727 0.396484 0.0205078 0.397656 0.019043 0.398438 0.0161133 0.398438 0.00976562 0.396875 0.00488281 0.391406 0.00195312 0.391016 0
1 0.369531 0.0283203 0.369531 0.0297852 0.372656 0.0336914 0.375 0.034668 0.379688 0.034668 0.382031 0.0336914 0.386328 0.0297852 0.386719 0.0253906 0.384766 0.0234375 0.375781 0.0219727 0.372656 0.0229492
1 0.36875 0.034668 0.367578 0.0361328 0.365625 0.0424805 0.365625 0.0449219 0.368359 0.0512695 0.373437 0.0576172 0.378906 0.0595703 0.382031 0.0595703 0.383594 0.0585938 0.385547 0.0551758 0.385937 0.0493164 0.384375 0.0444336 0.382422 0.0410156 0.373047 0.0336914
1 0.371094 0.0161133 0.371094 0.0185547 0.373437 0.0224609 0.380469 0.0239258 0.383984 0.0263672 0.389062 0.0263672 0.392969 0.0214844 0.392578 0.0180664 0.388672 0.0136719 0.387891 0.0117188 0.385547 0.00927734 0.382422 0.00830078 0.376953 0.00830078 0.374219 0.00976562 0.372266 0.0126953
1 0.381641 0.0688477 0.379688 0.0688477 0.376953 0.0703125 0.371094 0.0795898 0.367969 0.0874023 0.368359 0.0917969 0.369922 0.0942383 0.373047 0.0952148 0.376953 0.0917969 0.378906 0.0888672 0.379688 0.0859375 0.382031 0.081543 0.383203 0.0722656
1 0.361328 0.0869141 0.360547 0.0878906 0.358984 0.0952148 0.358984 0.11084 0.360547 0.116699 0.364844 0.117188 0.366797 0.114746 0.368359 0.109863 0.368359 0.0981445 0.366016 0.0878906 0.365234 0.0869141
1 0.376563 0.134277 0.375 0.136719 0.373828 0.141113 0.373828 0.145996 0.375 0.150879 0.376563 0.152832 0.379297 0.154297 0.382031 0.154297 0.385937 0.152344 0.387109 0.150879 0.387109 0.141602 0.385937 0.137695 0.382031 0.133789
1 0.391016 0.158203 0.389062 0.155762 0.384375 0.155273 0.379297 0.157227 0.377344 0.15918 0.374609 0.164551 0.374609 0.168457 0.375781 0.169922 0.378516 0.170898 0.382031 0.170898 0.383984 0.169922 0.389453 0.165527 0.391016 0.162598
1 0.371875 0.154297 0.369922 0.152832 0.368359 0.152832 0.364844 0.155273 0.358984 0.157715 0.355859 0.162598 0.355859 0.166016 0.357031 0.16748 0.358594 0.167969 0.365625 0.167969 0.369531 0.165039 0.371875 0.161621
1 0.353516 0.145996 0.349219 0.148438 0.345313 0.154297 0.345313 0.162109 0.346094 0.164551 0.348438 0.166504 0.349609 0.166504 0.350391 0.165527 0.351172 0.161621 0.355078 0.157227 0.355859 0.155273 0.355469 0.148438
1 0.328125 0.137695 0.328125 0.13916 0.329688 0.142578 0.333984 0.147949 0.337891 0.150879 0.342578 0.151855 0.346094 0.147461 0.346484 0.142578 0.342187 0.137695 0.334766 0.135254 0.329688 0.135742
1 0.369141 0.172852 0.364844 0.173828 0.361719 0.177734 0.360156 0.181152 0.358984 0.187988 0.359375 0.196289 0.360938 0.19873 0.362109 0.19873 0.364844 0.196777 0.371094 0.186035 0.371875 0.182617 0.371875 0.177246 0.371094 0.174805
1 0.392188 0.177246 0.391016 0.178223 0.389453 0.181641 0.389062 0.186035 0.390625 0.197266 0.392188 0.199707 0.39375 0.200195 0.396875 0.199219 0.398047 0.197266 0.399219 0.193359 0.399609 0.188477 0.397656 0.180664 0.396094 0.178711
1 0.421484 0.157227 0.420312 0.158203 0.420312 0.15918 0.421094 0.160645 0.423047 0.174805 0.425 0.179199 0.427734 0.183105 0.43125 0.183105 0.433203 0.181152 0.435156 0.174316 0.433984 0.164062 0.431641 0.158691 0.429297 0.156738 0.425781 0.15625
1 0.457031 0.114258 0.455469 0.112305 0.453906 0.111816 0.446875 0.112305 0.441016 0.115234 0.439453 0.117188 0.439063 0.120117 0.440234 0.123047 0.442969 0.125488 0.450781 0.124512 0.457031 0.120117
1 0.436328 0.125977 0.426563 0.125488 0.424219 0.126465 0.422656 0.129883 0.423047 0.138672 0.424219 0.139648 0.428516 0.140137 0.431641 0.138672 0.433203 0.136719 0.435156 0.135742 0.435547 0.130859 0.436328 0.129395
1 0.451953 0.126953 0.447266 0.126953 0.442969 0.129395 0.437109 0.135742 0.433984 0.141602 0.433594 0.146973 0.434766 0.149414 0.436328 0.149414 0.437891 0.147949 0.443359 0.147461 0.446875 0.145996 0.450391 0.143066 0.452344 0.140137 0.453516 0.135254 0.453516 0.129883
1 0.470703 0.13623 0.46875 0.134277 0.464844 0.134277 0.458203 0.137207 0.453906 0.14209 0.454297 0.147461 0.458203 0.150391 0.460938 0.150391 0.467578 0.148438 0.469922 0.145996 0.471875 0.142578
1 0.486328 0.117188 0.483984 0.119629 0.481641 0.125977 0.481641 0.134277 0.482422 0.138184 0.485156 0.141113 0.487109 0.141602 0.489844 0.139648 0.491016 0.137695 0.491797 0.134766 0.491406 0.123047 0.490234 0.119141 0.489453 0.118164
1 0.505469 0.0947266 0.501563 0.0986328 0.500781 0.103516 0.500781 0.111816 0.501953 0.116699 0.503516 0.119629 0.504687 0.120605 0.506641 0.120605 0.508203 0.118652 0.511328 0.11084 0.511719 0.100098 0.510156 0.0957031
1 0.521094 0.126953 0.517969 0.127441 0.516797 0.128906 0.515625 0.133789 0.514844 0.145508 0.516797 0.149902 0.51875 0.149902 0.520312 0.148926 0.522266 0.146484 0.523828 0.141602 0.523828 0.131836 0.522656 0.128418
1 0.505078 0.147949 0.503516 0.149414 0.502734 0.15332 0.503906 0.158691 0.508594 0.165039 0.510938 0.166016 0.513672 0.166016 0.515625 0.162598 0.515625 0.159668 0.514062 0.154785 0.509766 0.149902 0.506641 0.147949
1 0.501172 0.182617 0.499609 0.181641 0.496875 0.181641 0.492969 0.185059 0.487109 0.197754 0.485938 0.203613 0.485938 0.205566 0.486719 0.206543 0.491406 0.207031 0.496094 0.204102 0.498437 0.20166 0.502344 0.19043 0.502734 0.186035
1 0.478906 0.0874023 0.479297 0.0932617 0.486719 0.104492 0.489453 0.105957 0.492578 0.105957 0.494922 0.104492 0.495312 0.0991211 0.494531 0.0957031 0.489063 0.0883789 0.483594 0.0854492 0.480859 0.0854492
1 0.502734 0.0214844 0.493359 0.0268555 0.492188 0.0288086 0.491797 0.0336914 0.49375 0.0356445 0.498437 0.0351562 0.503516 0.0302734 0.504297 0.0273438 0.504297 0.0244141
1 0.48125 0.0229492 0.478516 0.0224609 0.476172 0.0253906 0.474219 0.0385742 0.474219 0.0458984 0.475 0.0478516 0.478906 0.0478516 0.482031 0.0444336 0.483203 0.0415039 0.483594 0.027832 0.482812 0.0244141
1 0.466016 0.0263672 0.462891 0.027832 0.462109 0.0292969 0.461719 0.0429688 0.462891 0.0458984 0.466797 0.046875 0.467969 0.0458984 0.469141 0.0419922 0.469531 0.0322266 0.468359 0.0283203
1 0.558984 0.123535 0.559766 0.125 0.565234 0.12793 0.573828 0.12793 0.576172 0.126953 0.580469 0.122559 0.579688 0.119141 0.578125 0.117188 0.569531 0.114258 0.565234 0.114746 0.560547 0.117676 0.559375 0.119141
1 0.448437 0.242676 0.442969 0.242676 0.441797 0.244141 0.441016 0.24707 0.441016 0.260742 0.443359 0.263672 0.448047 0.262207 0.45 0.259277 0.450781 0.256348 0.451172 0.24707 0.450391 0.244629
1 0.572266 0.106934 0.572266 0.109863 0.573047 0.111816 0.579297 0.117188 0.583203 0.118652 0.5875 0.118652 0.589063 0.117676 0.589844 0.115723 0.589453 0.111328 0.588672 0.109375 0.583984 0.10498 0.58125 0.104004 0.576172 0.104004
1 0.641797 0.13916 0.639453 0.14209 0.639453 0.148926 0.641016 0.155273 0.645703 0.160645 0.649219 0.163086 0.651172 0.163086 0.652344 0.161621 0.653125 0.158691 0.651563 0.148438 0.646875 0.141113 0.643359 0.13916
1 0.502344 0.224609 0.498437 0.224609 0.497656 0.225586 0.494531 0.236328 0.493359 0.244141 0.494531 0.246582 0.497266 0.248047 0.498828 0.248047 0.502734 0.245605 0.505469 0.239258 0.505469 0.231445 0.504297 0.227539
1 0.485156 0.267578 0.485547 0.273438 0.489453 0.277344 0.494141 0.276367 0.498437 0.272461 0.498047 0.266602 0.494141 0.263672 0.489453 0.263184 0.487109 0.264648
1 0.466406 0.255371 0.464844 0.258789 0.464844 0.260254 0.469141 0.269531 0.473828 0.273926 0.475781 0.273926 0.477734 0.272461 0.478516 0.270508 0.478516 0.266113 0.475391 0.258789 0.473047 0.257812 0.470313 0.255371
1 0.455859 0.271973 0.455469 0.275879 0.459375 0.280762 0.46875 0.284668 0.473828 0.28418 0.475 0.282715 0.475391 0.278809 0.473047 0.275391 0.469141 0.273438 0.466406 0.270996 0.458203 0.27002
1 0.457813 0.231445 0.455078 0.236816 0.454297 0.241699 0.454297 0.249023 0.45625 0.254395 0.458203 0.256348 0.459766 0.256348 0.464453 0.251953 0.465234 0.248535 0.465234 0.243652 0.462891 0.234863 0.460547 0.231934
1 0.435937 0.227539 0.435937 0.229004 0.438672 0.23291 0.443359 0.235352 0.45 0.235352 0.452344 0.233398 0.451953 0.228516 0.450781 0.227051 0.444922 0.224121 0.438672 0.224121
1 0.427734 0.250977 0.424609 0.259766 0.425 0.268555 0.426172 0.271973 0.428516 0.274902 0.432031 0.276367 0.433984 0.274414 0.434766 0.271973 0.435156 0.262695 0.434375 0.255859 0.432031 0.250977
1 0.489453 0.305176 0.4875 0.310059 0.4875 0.315918 0.489453 0.32373 0.491797 0.330566 0.493359 0.333008 0.498047 0.333008 0.499609 0.330566 0.499609 0.321289 0.498047 0.313477 0.494922 0.309082 0.492578 0.307617 0.490625 0.305176
1 0.447656 0.3125 0.442969 0.3125 0.439844 0.31543 0.4375 0.322266 0.437109 0.330078 0.438672 0.334961 0.440234 0.335449 0.442969 0.334473 0.444922 0.332031 0.446094 0.328125 0.447656 0.325684 0.45 0.318848 0.449609 0.314941
1 0.364844 0.219727 0.357812 0.215332 0.351172 0.215332 0.344922 0.218262 0.343359 0.220215 0.343359 0.224609 0.349219 0.229004 0.357031 0.228516 0.3625 0.225586 0.364063 0.223633
1 0.348438 0.236816 0.345703 0.234863 0.337109 0.235352 0.334766 0.236816 0.328125 0.243652 0.328516 0.24707 0.329297 0.248535 0.332422 0.25 0.342578 0.249512 0.344531 0.248047 0.348047 0.243164 0.348828 0.241211
1 0.323047 0.243164 0.321875 0.242188 0.31875 0.241699 0.316797 0.242676 0.313281 0.246582 0.307031 0.258789 0.307031 0.260742 0.309375 0.263672 0.311328 0.263672 0.316406 0.260742 0.319531 0.257324 0.323437 0.248047
1 0.313672 0.268066 0.314063 0.271973 0.319141 0.276367 0.326953 0.277344 0.330078 0.275879 0.331641 0.272461 0.33125 0.270508 0.329297 0.268066 0.325781 0.266113 0.316797 0.265625 0.314063 0.26709
1 0.302734 0.241699 0.298047 0.242676 0.294531 0.246582 0.293359 0.249023 0.292187 0.259277 0.293359 0.26416 0.294922 0.265625 0.299219 0.264648 0.301563 0.259766 0.301953 0.255859 0.304297 0.248535 0.304297 0.244629 0.303516 0.242188
1 0.345313 0.253418 0.341406 0.252441 0.338281 0.254883 0.333203 0.260742 0.332422 0.263184 0.333203 0.266113 0.334375 0.267578 0.338672 0.267578 0.342187 0.266113 0.345703 0.259766 0.346094 0.255371
1 0.373828 0.239746 0.371094 0.239746 0.364453 0.243652 0.360938 0.24707 0.360156 0.250977 0.360547 0.252441 0.362891 0.253906 0.366797 0.254395 0.36875 0.253906 0.373828 0.250488 0.375391 0.248047 0.375781 0.244141
1 0.367188 0.259277 0.365234 0.257324 0.360547 0.257324 0.357812 0.258789 0.351562 0.266602 0.351172 0.268555 0.351953 0.271484 0.352734 0.272461 0.358203 0.272461 0.3625 0.267578 0.366406 0.264648 0.367188 0.262207
1 0.373047 0.268555 0.369922 0.267578 0.36875 0.268066 0.364063 0.274902 0.363281 0.280273 0.363672 0.283203 0.364844 0.285156 0.369922 0.28418 0.373047 0.279785 0.374219 0.275391 0.373828 0.27002
1 0.380078 0.252441 0.376953 0.254883 0.375 0.262695 0.375 0.266602 0.376172 0.275879 0.378125 0.278809 0.379688 0.279785 0.381641 0.279785 0.384375 0.275879 0.385937 0.269531 0.385937 0.263672 0.385156 0.259766 0.381641 0.25293
1 0.374219 0.284668 0.373828 0.287109 0.374609 0.289062 0.377344 0.291992 0.38125 0.293945 0.383203 0.295898 0.389453 0.296875 0.39375 0.295898 0.394922 0.294434 0.394531 0.291504 0.390234 0.286133 0.387109 0.283691 0.384766 0.282715 0.377734 0.282715 0.375781 0.283203
1 0.396094 0.280762 0.396094 0.286621 0.399609 0.292969 0.405078 0.294922 0.408203 0.293945 0.409766 0.29248 0.410156 0.289062 0.408984 0.28418 0.404297 0.279297 0.401953 0.27832 0.399219 0.27832
1 0.399219 0.310059 0.397656 0.3125 0.397266 0.31543 0.398047 0.319336 0.401172 0.32666 0.405078 0.330566 0.410547 0.330566 0.412109 0.327148 0.411719 0.321289 0.404687 0.312012 0.400391 0.30957
1 0.39375 0.316895 0.391797 0.316895 0.389453 0.322266 0.389453 0.32666 0.387891 0.32959 0.387891 0.332031 0.385937 0.336914 0.386328 0.342285 0.388672 0.345703 0.392578 0.344727 0.396484 0.34082 0.399219 0.331055 0.397656 0.322266 0.396875 0.320312
1 0.359375 0.278809 0.357422 0.277832 0.352734 0.27832 0.35 0.279785 0.348438 0.281738 0.347266 0.285156 0.346484 0.291992 0.348828 0.297852 0.350391 0.297852 0.353906 0.295898 0.358594 0.291016 0.359375 0.288086
1 0.341406 0.281738 0.339062 0.279297 0.329688 0.280762 0.326172 0.282715 0.322266 0.286133 0.321875 0.289062 0.323047 0.291016 0.325781 0.291992 0.333984 0.291504 0.339453 0.288086 0.341406 0.284668
1 0.333984 0.302734 0.330469 0.303711 0.328125 0.306641 0.325391 0.3125 0.324609 0.316895 0.324609 0.322754 0.326172 0.327148 0.330469 0.327148 0.332813 0.323242 0.334375 0.318359 0.335547 0.310059 0.335156 0.305176
1 0.364063 0.313965 0.3625 0.312012 0.360938 0.312012 0.358984 0.313477 0.353516 0.31543 0.350781 0.318359 0.349609 0.321289 0.35 0.324219 0.351172 0.325684 0.353906 0.32666 0.358594 0.325684 0.362891 0.322266 0.364453 0.318359
1 0.318359 0.372559 0.31875 0.376465 0.322656 0.381348 0.326562 0.383789 0.330078 0.384766 0.333594 0.384277 0.336719 0.381836 0.3375 0.379395 0.337109 0.375977 0.334766 0.373535 0.327734 0.369629 0.322266 0.370117
1 0.463281 0.34082 0.462109 0.341797 0.460938 0.345703 0.460938 0.350586 0.462109 0.356445 0.466406 0.362793 0.470703 0.364258 0.471875 0.362793 0.471875 0.356934 0.469141 0.346191 0.466406 0.341309
1 0.438281 0.424805 0.437891 0.427734 0.438672 0.431152 0.443359 0.436035 0.452734 0.436523 0.455078 0.435547 0.45625 0.433594 0.456641 0.431641 0.455859 0.429199 0.450781 0.42334 0.448047 0.422363 0.441406 0.422363 0.439453 0.422852
1 0.423828 0.429199 0.419141 0.430176 0.416797 0.437012 0.416797 0.441895 0.417578 0.445312 0.419141 0.447754 0.420312 0.448242 0.424609 0.447266 0.425781 0.445801 0.427344 0.440918 0.427344 0.437012 0.426172 0.432129
1 0.433203 0.451172 0.432031 0.449707 0.428516 0.44873 0.423047 0.449219 0.419922 0.450684 0.416406 0.451172 0.412891 0.454102 0.412109 0.456543 0.412109 0.459473 0.413281 0.461426 0.415625 0.462891 0.422266 0.464355 0.425781 0.463867 0.427734 0.462891 0.432812 0.455566
1 0.444141 0.450195 0.442188 0.449707 0.438672 0.45166 0.429688 0.462402 0.428125 0.466309 0.429297 0.470215 0.430469 0.471191 0.432812 0.471191 0.439453 0.467285 0.440625 0.46582 0.444141 0.458496
1 0.408594 0.469238 0.408594 0.472168 0.409375 0.474121 0.412109 0.476562 0.419531 0.477051 0.423438 0.474609 0.423438 0.469727 0.420703 0.467285 0.418359 0.466309 0.4125 0.46582 0.410547 0.466797
1 0.389844 0.439453 0.388281 0.439453 0.385156 0.441895 0.383203 0.447266 0.382422 0.451172 0.382812 0.458984 0.384375 0.461426 0.388672 0.461914 0.390625 0.458984 0.391406 0.455078 0.392969 0.452148 0.392969 0.442871 0.391406 0.44043
1 0.373047 0.460938 0.371875 0.461914 0.371094 0.465332 0.371094 0.467773 0.372266 0.472168 0.376172 0.481445 0.378125 0.483398 0.381641 0.484375 0.383203 0.482422 0.383984 0.479492 0.382422 0.469238 0.378906 0.462402 0.376563 0.460938
1 0.373047 0.484375 0.369531 0.483887 0.367578 0.486328 0.3625 0.496582 0.362109 0.499023 0.362891 0.502441 0.364453 0.503418 0.367969 0.50293 0.369922 0.501953 0.373047 0.498535 0.374609 0.493164 0.374609 0.48877
1 0.397266 0.500488 0.395313 0.49707 0.392969 0.495605 0.387891 0.495117 0.383594 0.496094 0.378906 0.5 0.378125 0.501953 0.378516 0.506348 0.38125 0.510254 0.383984 0.51123 0.387891 0.510742 0.391797 0.509277 0.395313 0.506836 0.397266 0.50293
1 0.507812 0.477539 0.506641 0.479004 0.506641 0.482422 0.508984 0.487793 0.516797 0.498535 0.521875 0.499023 0.523047 0.496094 0.523047 0.492188 0.521094 0.48584 0.514062 0.478027 0.511328 0.477051
1 0.432422 0.513672 0.432422 0.518555 0.435156 0.522461 0.439453 0.523926 0.444922 0.524414 0.449219 0.523926 0.451172 0.522949 0.451562 0.521973 0.451172 0.517578 0.448828 0.515137 0.442969 0.51123 0.440234 0.510254 0.437109 0.510254 0.434375 0.51123
1 0.421484 0.555664 0.419922 0.554688 0.416016 0.554688 0.413281 0.556152 0.409766 0.560547 0.408203 0.563477 0.407813 0.568848 0.409766 0.572266 0.412891 0.573242 0.415625 0.571777 0.419141 0.568359 0.421875 0.561523
1 0.460938 0.540039 0.460156 0.546387 0.462109 0.556152 0.466016 0.561035 0.469922 0.562988 0.473828 0.562012 0.475 0.560059 0.475 0.556152 0.471875 0.549316 0.469141 0.545898 0.467578 0.541992 0.466016 0.540039 0.464062 0.539062 0.462109 0.539062
1 0.494531 0.539062 0.493359 0.540527 0.492969 0.546387 0.494141 0.552734 0.496484 0.558594 0.498828 0.562012 0.501172 0.563477 0.505469 0.563477 0.505859 0.557129 0.503516 0.546875 0.499609 0.540039 0.498437 0.539062
1 0.512109 0.536133 0.512109 0.540527 0.513281 0.54248 0.51875 0.543945 0.521875 0.543945 0.524609 0.542969 0.526953 0.541016 0.527734 0.538574 0.527734 0.536133 0.526172 0.532715 0.520312 0.530762 0.517969 0.530762 0.514062 0.532715
1 0.461328 0.579102 0.459375 0.57959 0.458203 0.581055 0.457031 0.584961 0.456641 0.598633 0.457422 0.601074 0.458984 0.603027 0.463672 0.604004 0.466406 0.599609 0.467187 0.594727 0.467187 0.586426 0.466016 0.582031 0.464062 0.57959
1 0.519141 0.566895 0.516406 0.566895 0.513672 0.569336 0.512109 0.571777 0.510547 0.57666 0.509766 0.589355 0.510156 0.59082 0.512891 0.593262 0.514453 0.593262 0.517188 0.59082 0.521484 0.581055 0.521484 0.569336
1 0.592578 0.594727 0.591016 0.598145 0.591016 0.601562 0.594141 0.609375 0.596094 0.611816 0.598437 0.613281 0.602734 0.612793 0.603906 0.611328 0.604297 0.603027 0.601172 0.596191 0.599609 0.594727 0.596484 0.59375
1 0.599609 0.63623 0.595313 0.63623 0.590234 0.64209 0.586719 0.651367 0.586719 0.655762 0.587891 0.658691 0.591406 0.65918 0.596484 0.65332 0.599609 0.646973 0.600781 0.642578 0.600781 0.638184
1 0.528516 0.603516 0.526172 0.600098 0.525 0.599609 0.516797 0.599609 0.513281 0.601074 0.509766 0.604004 0.508984 0.605957 0.508984 0.61084 0.509766 0.612305 0.511328 0.612793 0.516797 0.612793 0.520703 0.611816 0.526953 0.608398 0.527734 0.607422
1 0.534766 0.625488 0.530859 0.622559 0.526172 0.623047 0.519922 0.625977 0.51875 0.627441 0.518359 0.631348 0.521094 0.634277 0.526953 0.634277 0.533203 0.630371 0.534766 0.62793
1 0.577344 0.494141 0.576953 0.499023 0.578516 0.503418 0.580469 0.506348 0.587891 0.51123 0.592969 0.511719 0.594531 0.510254 0.594531 0.506348 0.592969 0.500977 0.586719 0.493164 0.584766 0.491699 0.579688 0.491699
1 0.595313 0.46582 0.594141 0.467285 0.594141 0.472656 0.595703 0.477051 0.601953 0.484375 0.607812 0.486328 0.608594 0.484375 0.608594 0.477539 0.607031 0.472656 0.604688 0.469727 0.6 0.466797
1 0.609766 0.481934 0.608594 0.483398 0.607812 0.486328 0.609766 0.489746 0.610547 0.49707 0.612109 0.501953 0.614844 0.503906 0.619141 0.503418 0.620703 0.502441 0.621875 0.498047 0.621875 0.493164 0.619922 0.48584 0.615625 0.480957 0.6125 0.480957
1 0.641797 0.490723 0.641016 0.495117 0.642578 0.498535 0.653125 0.503418 0.654687 0.503418 0.655859 0.502441 0.655859 0.496582 0.653906 0.492676 0.648438 0.490234
1 0.634766 0.504883 0.634766 0.506348 0.638281 0.510742 0.642969 0.513672 0.65 0.516113 0.654297 0.516113 0.65625 0.51416 0.65625 0.510254 0.654687 0.507812 0.648047 0.504395 0.646484 0.502441 0.643359 0.501465 0.637891 0.501953
1 0.692969 0.415039 0.690234 0.416016 0.689063 0.41748 0.684766 0.433105 0.684766 0.441895 0.685937 0.443848 0.688672 0.444824 0.690234 0.444336 0.694141 0.439453 0.697266 0.428711 0.697656 0.423828 0.694922 0.416504
1 0.728906 0.396973 0.727344 0.400391 0.727734 0.405762 0.73125 0.412598 0.733594 0.415527 0.735547 0.42041 0.739062 0.422852 0.740625 0.422852 0.742188 0.420898 0.742969 0.417969 0.742578 0.411621 0.741016 0.40625 0.7375 0.400879 0.733203 0.396484 0.731641 0.395996
1 0.66875 0.375488 0.66875 0.381836 0.672656 0.38916 0.677734 0.391602 0.682422 0.391602 0.685156 0.389648 0.685156 0.383301 0.678906 0.376465 0.673828 0.374023 0.670312 0.374023
1 0.650781 0.349121 0.645703 0.349609 0.641406 0.352539 0.639062 0.357422 0.638672 0.361816 0.639453 0.364258 0.641016 0.366211 0.642969 0.367188 0.646094 0.367188 0.649219 0.365234 0.651563 0.362305 0.653125 0.35791 0.653125 0.352539
1 0.686328 0.338867 0.684766 0.339355 0.68125 0.344727 0.680078 0.352539 0.680859 0.358887 0.681641 0.36084 0.684766 0.364258 0.686328 0.364258 0.688672 0.362305 0.690625 0.354492 0.690625 0.347168 0.689063 0.341309
1 0.698047 0.337891 0.696484 0.339355 0.695312 0.344727 0.696094 0.354492 0.7 0.359375 0.703125 0.36084 0.705859 0.36084 0.708984 0.35791 0.708984 0.353027 0.707031 0.346191 0.701562 0.337402
1 0.788281 0.375 0.786328 0.373047 0.782813 0.373047 0.778906 0.375488 0.769141 0.384277 0.768359 0.386719 0.768359 0.389648 0.770703 0.392578 0.776953 0.392578 0.780078 0.391113 0.787891 0.381348 0.788672 0.378418
1 0.763281 0.445801 0.763281 0.44873 0.764062 0.450684 0.767969 0.453125 0.779687 0.453125 0.782031 0.452148 0.783984 0.44873 0.783594 0.445801 0.780859 0.441895 0.775781 0.439453 0.767578 0.439941 0.764453 0.442871
1 0.767188 0.235352 0.767188 0.237793 0.769922 0.241211 0.774219 0.243164 0.779687 0.244141 0.784375 0.242676 0.786719 0.240234 0.786719 0.236816 0.785547 0.235352 0.779297 0.232422 0.771094 0.231934 0.768359 0.233398
1 0.85 0.164062 0.845703 0.164062 0.844141 0.165039 0.839063 0.172852 0.836719 0.181152 0.836719 0.186523 0.8375 0.19043 0.838281 0.191406 0.840234 0.192383 0.842969 0.191895 0.849219 0.184082 0.850391 0.181152 0.851953 0.172363 0.851562 0.166504
1 0.768359 0.116699 0.764453 0.117676 0.763281 0.119141 0.762891 0.121094 0.7625 0.140137 0.762891 0.142578 0.763672 0.143555 0.767969 0.142578 0.771875 0.138184 0.772656 0.135254 0.772266 0.124512 0.770703 0.120117
1 0.785547 0.0986328 0.783594 0.0966797 0.777344 0.0947266 0.775391 0.0947266 0.769141 0.0981445 0.762891 0.104004 0.761719 0.106934 0.7625 0.112305 0.764062 0.114746 0.766016 0.115723 0.768359 0.115723 0.771094 0.114258 0.774609 0.111328 0.780469 0.108398 0.783984 0.10498 0.785547 0.102539
1 0.780078 0.0859375 0.778906 0.0839844 0.773438 0.0839844 0.768359 0.0854492 0.766797 0.0864258 0.763281 0.0917969 0.759766 0.0952148 0.759766 0.097168 0.760547 0.0981445 0.764062 0.0986328 0.767578 0.0947266 0.772266 0.0947266 0.778516 0.0927734 0.780078 0.0898438
1 0.802734 0.0478516 0.802734 0.0498047 0.804688 0.0532227 0.811328 0.0571289 0.817187 0.059082 0.819531 0.059082 0.821875 0.0581055 0.823047 0.0566406 0.823047 0.0488281 0.820703 0.0454102 0.81875 0.0439453 0.815234 0.0429688 0.810547 0.0429688 0.806641 0.0444336
1 0.827734 0.074707 0.826562 0.0805664 0.828906 0.0869141 0.830859 0.0893555 0.836719 0.09375 0.841797 0.0942383 0.843359 0.0927734 0.84375 0.0878906 0.841016 0.0795898 0.833984 0.0737305 0.829297 0.0737305
1 0.841406 0.118652 0.841406 0.120117 0.842578 0.122559 0.846094 0.124023 0.857812 0.123535 0.862109 0.119629 0.861719 0.117188 0.860156 0.115234 0.851953 0.113281 0.844922 0.114258
1 0.887891 0.180664 0.884766 0.188965 0.884375 0.19873 0.886328 0.209473 0.886328 0.216797 0.887109 0.22168 0.887891 0.223633 0.889453 0.223633 0.892188 0.22168 0.893359 0.219727 0.894531 0.192383 0.894141 0.1875 0.892969 0.183594 0.889844 0.180664
1 0.884375 0.35498 0.880469 0.356445 0.877734 0.360352 0.876563 0.36377 0.876563 0.372559 0.877734 0.374512 0.880078 0.375977 0.882422 0.375977 0.884766 0.373047 0.886328 0.36377 0.886328 0.359375 0.885547 0.356445
1 0.814063 0.455566 0.810547 0.458984 0.809375 0.462891 0.809375 0.466797 0.812109 0.479492 0.813672 0.483887 0.817187 0.486816 0.81875 0.486816 0.820312 0.483887 0.821094 0.479492 0.820312 0.465332 0.81875 0.458496 0.817578 0.457031
1 0.758594 0.521484 0.759375 0.522949 0.7625 0.524414 0.772656 0.523926 0.776563 0.521973 0.779297 0.518555 0.779297 0.513672 0.775391 0.511719 0.763281 0.512207 0.760547 0.513672 0.758984 0.515625
1 0.763672 0.55957 0.762109 0.556641 0.760156 0.555664 0.751953 0.555664 0.74375 0.560547 0.741406 0.563477 0.741016 0.565918 0.742969 0.568848 0.748828 0.569336 0.753125 0.567383 0.757422 0.566895 0.761328 0.56543 0.762891 0.563965
1 0.776563 0.568848 0.775 0.566895 0.771094 0.566895 0.767188 0.568359 0.760938 0.572266 0.759375 0.574219 0.758984 0.57666 0.7625 0.581055 0.76875 0.581055 0.771484 0.57959 0.775 0.575684 0.776563 0.572266
1 0.8125 0.564941 0.811328 0.563965 0.80625 0.564453 0.798438 0.570801 0.793359 0.578613 0.792188 0.584473 0.79375 0.585449 0.800781 0.584961 0.803516 0.583984 0.807422 0.581055 0.810937 0.57666 0.813281 0.568848
1 0.791797 0.604004 0.791406 0.60791 0.794141 0.612305 0.798828 0.614746 0.805859 0.614258 0.809766 0.611328 0.809375 0.607422 0.806641 0.603027 0.803516 0.601562 0.794922 0.601074 0.792578 0.602539
1 0.811719 0.616699 0.810156 0.614746 0.802344 0.616211 0.798828 0.618164 0.794531 0.624023 0.79375 0.626465 0.794141 0.628418 0.795312 0.629883 0.8 0.630371 0.80625 0.627441 0.811328 0.624023 0.812109 0.62207
1 0.830859 0.618652 0.829688 0.617676 0.825391 0.617676 0.819922 0.621094 0.814844 0.627441 0.814453 0.635254 0.816797 0.637207 0.819141 0.637207 0.822266 0.634277 0.825781 0.632812 0.827344 0.631348 0.830469 0.625488
1 0.834375 0.632812 0.833594 0.631836 0.830078 0.631348 0.824219 0.63623 0.821094 0.637695 0.819531 0.639648 0.816016 0.641602 0.814844 0.645996 0.815625 0.649414 0.816797 0.650879 0.81875 0.651367 0.826953 0.647461 0.833594 0.639648 0.834766 0.63623
1 0.860938 0.625488 0.856641 0.625488 0.854297 0.629883 0.853125 0.634766 0.852344 0.641602 0.852734 0.647461 0.853516 0.650391 0.857422 0.65332 0.860547 0.652344 0.862109 0.650391 0.865234 0.641113 0.865234 0.633301 0.863672 0.62793
1 0.876172 0.615723 0.872656 0.618652 0.873047 0.626953 0.876172 0.638184 0.879687 0.641113 0.882031 0.641113 0.883984 0.638672 0.884375 0.636719 0.883984 0.628418 0.882422 0.618652 0.880469 0.616211
1 0.873828 0.651367 0.871875 0.651367 0.868359 0.654297 0.863672 0.665039 0.862891 0.673828 0.864844 0.676758 0.869922 0.675293 0.873828 0.67041 0.875781 0.662109 0.875781 0.655762
1 0.776172 0.620605 0.774609 0.620605 0.773047 0.62207 0.770703 0.626953 0.769922 0.631348 0.769922 0.643066 0.770703 0.647949 0.771875 0.650879 0.775 0.650879 0.777344 0.647461 0.778906 0.643066 0.779297 0.626953 0.777734 0.62207
1 0.737109 0.572266 0.734766 0.572754 0.732422 0.575684 0.730078 0.587891 0.730078 0.592773 0.731641 0.594727 0.7375 0.592773 0.739062 0.59082 0.740625 0.586914 0.740625 0.578613 0.739453 0.575195
1 0.725391 0.575195 0.723828 0.574707 0.721094 0.576172 0.715625 0.586426 0.715625 0.592285 0.717187 0.595215 0.721094 0.595703 0.725391 0.591309 0.727734 0.583496 0.727344 0.578125
1 0.670703 0.591797 0.671875 0.59668 0.673828 0.599121 0.676953 0.600098 0.689453 0.599609 0.692187 0.598145 0.693359 0.596191 0.691797 0.591309 0.688281 0.587891 0.685547 0.586426 0.680078 0.585938 0.675391 0.586914 0.672656 0.588379
1 0.674609 0.623535 0.675 0.62793 0.680859 0.635742 0.684766 0.63916 0.688281 0.63916 0.689453 0.638184 0.689453 0.631836 0.6875 0.626465 0.684766 0.623047 0.682031 0.621582 0.676953 0.621582
1 0.779687 0.649902 0.778516 0.651367 0.776953 0.658203 0.776953 0.669434 0.778516 0.675293 0.779687 0.676758 0.783203 0.67627 0.783984 0.675293 0.785547 0.670898 0.785937 0.661133 0.783984 0.65332 0.782422 0.651367
1 0.780859 0.691895 0.78125 0.694336 0.783984 0.697754 0.789062 0.700195 0.793359 0.700195 0.797266 0.69873 0.799219 0.696777 0.799609 0.693359 0.795312 0.689453 0.792188 0.688477 0.782813 0.688965 0.78125 0.69043
1 0.747656 0.67334 0.748047 0.675293 0.750781 0.678711 0.755469 0.681641 0.763672 0.681641 0.766016 0.677734 0.766016 0.673828 0.764844 0.671387 0.761328 0.669922 0.751563 0.668457 0.749609 0.669434
1 0.763281 0.687012 0.758984 0.686523 0.755078 0.688965 0.751563 0.692871 0.75 0.698242 0.75 0.702148 0.751172 0.70459 0.753125 0.705078 0.755859 0.704102 0.763281 0.695801 0.764453 0.692871 0.764453 0.688965
1 0.721094 0.697266 0.721094 0.702148 0.724219 0.705078 0.729688 0.705078 0.732422 0.706543 0.735547 0.707031 0.737891 0.705566 0.7375 0.696777 0.733203 0.693359 0.730078 0.692383 0.725391 0.692871 0.723047 0.694336
1 0.717578 0.706543 0.717187 0.708984 0.718359 0.712891 0.720313 0.716309 0.723047 0.717773 0.733203 0.718262 0.735547 0.716309 0.736719 0.713379 0.736719 0.710938 0.735547 0.708496 0.73125 0.706055 0.729297 0.706055 0.723047 0.703613 0.721484 0.702148 0.719922 0.703125
1 0.630469 0.678223 0.629687 0.679688 0.629687 0.682617 0.634375 0.693359 0.638672 0.697266 0.642578 0.695801 0.643359 0.694336 0.64375 0.688965 0.643359 0.686523 0.641016 0.682129 0.638672 0.679688 0.635156 0.678223
1 0.635547 0.648926 0.630859 0.648926 0.627344 0.651855 0.626172 0.653809 0.624219 0.661621 0.624609 0.665527 0.626172 0.667969 0.628906 0.667969 0.63125 0.666992 0.636719 0.65918 0.6375 0.653809
1 0.629297 0.71875 0.628516 0.72168 0.632031 0.729004 0.634375 0.737793 0.6375 0.740723 0.640234 0.740234 0.642188 0.736328 0.642188 0.729004 0.639844 0.720703 0.638281 0.719238 0.63125 0.717773
1 0.664453 0.736328 0.6625 0.734863 0.659766 0.734375 0.65 0.73584 0.643359 0.742676 0.642969 0.747559 0.644922 0.750488 0.648047 0.752441 0.657031 0.752441 0.660547 0.749512 0.663281 0.745605 0.664844 0.741211
1 0.598828 0.722656 0.598828 0.726074 0.6 0.729492 0.601953 0.731445 0.605469 0.73291 0.608594 0.73291 0.611719 0.731445 0.614062 0.728516 0.614844 0.726074 0.614453 0.721191 0.6125 0.719727 0.601562 0.719727 0.600391 0.720215
1 0.586719 0.712402 0.583594 0.716309 0.582422 0.722168 0.584375 0.729004 0.586328 0.731445 0.589063 0.731934 0.591797 0.728516 0.592578 0.724609 0.592578 0.71875 0.591797 0.71582 0.589063 0.712402
1 0.646484 0.79834 0.641797 0.79834 0.635547 0.806641 0.633203 0.813965 0.633203 0.821777 0.634375 0.824219 0.637109 0.824219 0.639453 0.823242 0.646875 0.811523 0.648047 0.808105 0.648438 0.801758
1 0.677734 0.806152 0.675781 0.809082 0.675 0.812988 0.676172 0.821289 0.678516 0.82666 0.681641 0.830566 0.684375 0.832031 0.686719 0.832031 0.689063 0.82959 0.689844 0.82666 0.689844 0.822266 0.688281 0.814453 0.685937 0.808594 0.683594 0.806152
1 0.650781 0.850098 0.65 0.851562 0.65 0.854492 0.650781 0.856445 0.660547 0.870117 0.665234 0.874023 0.669531 0.874023 0.670312 0.873047 0.670312 0.868164 0.66875 0.862305 0.666406 0.85791 0.662891 0.853516 0.654297 0.849609
1 0.757031 0.773926 0.752344 0.768066 0.74375 0.768066 0.737891 0.771484 0.735547 0.773926 0.735156 0.779297 0.736328 0.780762 0.739844 0.782227 0.748047 0.781738 0.755469 0.779297 0.757031 0.776855
1 0.746094 0.790527 0.746875 0.794434 0.748047 0.795898 0.752344 0.79834 0.756641 0.79834 0.760547 0.797363 0.763281 0.79541 0.763672 0.790039 0.7625 0.788574 0.755859 0.785156 0.751172 0.785645 0.746875 0.789062
1 0.798438 0.765137 0.796484 0.763184 0.79375 0.763184 0.788672 0.766602 0.783203 0.774414 0.783203 0.780273 0.785547 0.782227 0.791016 0.781738 0.794531 0.780273 0.796094 0.77832 0.798438 0.770996
1 0.829688 0.773926 0.826172 0.774414 0.825 0.775391 0.822656 0.783203 0.821875 0.788574 0.821875 0.79541 0.822656 0.797363 0.825391 0.799805 0.827734 0.799316 0.830859 0.79541 0.833594 0.787109 0.833594 0.779297 0.832031 0.775391
1 0.877344 0.805176 0.876172 0.805664 0.873437 0.809082 0.871094 0.813965 0.870703 0.82373 0.873437 0.830566 0.876563 0.833984 0.878906 0.833984 0.880859 0.83252 0.882031 0.828125 0.882422 0.810547 0.880859 0.806152
1 0.833594 0.857422 0.832422 0.860352 0.832422 0.862305 0.838672 0.871094 0.84375 0.874512 0.846484 0.874512 0.848437 0.873047 0.849609 0.868652 0.846484 0.861816 0.842578 0.857422 0.838672 0.855957 0.836719 0.855957
1 0.826562 0.865723 0.825391 0.868164 0.825781 0.873535 0.830078 0.881348 0.833594 0.883301 0.837891 0.883301 0.839844 0.882324 0.841406 0.880371 0.842969 0.875488 0.842578 0.873047 0.841016 0.870117 0.837891 0.868164 0.833984 0.86377 0.830078 0.863281
1 0.777734 0.82959 0.778125 0.835449 0.780078 0.837891 0.783203 0.839844 0.788672 0.839844 0.794531 0.837402 0.796875 0.833496 0.796875 0.82959 0.795312 0.827637 0.792578 0.82666 0.782422 0.82666 0.779687 0.827637
1 0.575781 0.854004 0.572266 0.85791 0.571484 0.859863 0.571094 0.870117 0.572266 0.873047 0.575391 0.875488 0.578906 0.875488 0.580078 0.875 0.581641 0.87207 0.581641 0.860352 0.579297 0.855469
1 0.55625 0.879395 0.555078 0.880371 0.552734 0.884766 0.552344 0.893555 0.554297 0.901367 0.555859 0.902832 0.558203 0.902832 0.560937 0.900879 0.561719 0.897461 0.561719 0.883789 0.559766 0.879883
1 0.533984 0.837891 0.533984 0.842285 0.540625 0.851074 0.545312 0.854492 0.549219 0.855469 0.550391 0.854004 0.549219 0.846191 0.544531 0.837891 0.541797 0.835938 0.536328 0.835938
1 0.0941406 0.881348 0.0910156 0.880371 0.0875 0.881836 0.0792969 0.89209 0.0773438 0.898926 0.0773438 0.901367 0.0792969 0.904297 0.0847656 0.903809 0.0917969 0.896973 0.0957031 0.88623 0.0957031 0.883789
1 0.519141 0.790039 0.514844 0.790527 0.511719 0.794434 0.510547 0.799316 0.510547 0.807129 0.511328 0.810547 0.512891 0.813477 0.514844 0.813477 0.518359 0.811523 0.521094 0.806152 0.522266 0.80127 0.522266 0.794922 0.521094 0.791504
1 0.510938 0.817871 0.509375 0.816406 0.504297 0.814941 0.501563 0.814941 0.496875 0.816895 0.490625 0.822266 0.489063 0.825684 0.489063 0.831055 0.490625 0.83252 0.492578 0.833008 0.500781 0.832031 0.505469 0.829102 0.510547 0.822266
1 0.507422 0.833984 0.504297 0.833496 0.498437 0.837402 0.493359 0.843262 0.491406 0.850098 0.492188 0.85498 0.494141 0.856445 0.497656 0.855957 0.499219 0.85498 0.506641 0.845703 0.508594 0.839355 0.508594 0.836426
1 0.501563 0.882812 0.498437 0.878906 0.495703 0.87793 0.492578 0.87793 0.485547 0.880859 0.483594 0.882812 0.482031 0.883301 0.480859 0.885742 0.481641 0.888184 0.485547 0.891602 0.490234 0.892578 0.499219 0.888184 0.501563 0.885742
1 0.410156 0.869141 0.410938 0.872559 0.4125 0.874512 0.423438 0.878906 0.432031 0.879395 0.434766 0.87793 0.436328 0.874023 0.436328 0.872559 0.433984 0.869141 0.429297 0.866699 0.422656 0.864746 0.415625 0.864746 0.412109 0.866211
1 0.495312 0.741699 0.492578 0.741699 0.489453 0.743652 0.485547 0.750488 0.485938 0.759277 0.4875 0.763184 0.489453 0.765137 0.491406 0.765137 0.492969 0.76416 0.495312 0.759277 0.496875 0.75 0.496875 0.745605
1 0.485547 0.73584 0.483984 0.734863 0.480859 0.734863 0.478516 0.73584 0.471094 0.744629 0.46875 0.751465 0.469141 0.756836 0.470703 0.757812 0.475 0.757812 0.480078 0.753418 0.482812 0.75 0.485547 0.741211
1 0.370312 0.961426 0.367969 0.962402 0.366016 0.970215 0.365625 0.979004 0.366406 0.981934 0.368359 0.984375 0.369922 0.984375 0.373047 0.981934 0.374219 0.978516 0.374609 0.969238 0.373828 0.965332 0.372266 0.962402
1 0.385547 0.654785 0.383984 0.654785 0.38125 0.657227 0.377734 0.668945 0.377734 0.677734 0.379297 0.681641 0.38125 0.683105 0.385937 0.681641 0.388281 0.678711 0.389453 0.675293 0.390234 0.669434 0.389844 0.661621 0.389062 0.658203
1 0.388281 0.688965 0.384375 0.687012 0.378906 0.6875 0.373828 0.688965 0.373828 0.693359 0.371875 0.695801 0.371484 0.70166 0.372656 0.70459 0.375 0.706543 0.379297 0.706543 0.389453 0.702148 0.391406 0.697266 0.391016 0.693359
1 0.262109 0.602051 0.262109 0.60791 0.263672 0.61084 0.266797 0.614258 0.275 0.619629 0.280078 0.620117 0.28125 0.618652 0.282031 0.616211 0.28125 0.610352 0.279687 0.606445 0.277344 0.603027 0.273828 0.601074 0.269531 0.600098 0.264062 0.600586
1 0.301563 0.73584 0.302344 0.740723 0.305078 0.744141 0.307031 0.745117 0.317969 0.744629 0.319141 0.743652 0.319922 0.741211 0.319531 0.736816 0.31875 0.73584 0.310547 0.731934 0.305469 0.731934
1 0.321875 0.749023 0.317969 0.742676 0.312891 0.742188 0.310156 0.742676 0.307031 0.745117 0.303516 0.746582 0.301953 0.748535 0.300781 0.752441 0.302344 0.756348 0.307422 0.758789 0.311328 0.759277 0.31875 0.756836 0.321875 0.752441
1 0.257031 0.726074 0.255078 0.726074 0.252344 0.729492 0.249609 0.736816 0.248828 0.744629 0.25 0.748535 0.251172 0.749512 0.255469 0.75 0.257812 0.748535 0.260547 0.741211 0.260547 0.731445 0.259375 0.728027
1 0.248438 0.86084 0.247266 0.861816 0.245703 0.867188 0.244922 0.877441 0.247656 0.888672 0.248828 0.890137 0.251563 0.891113 0.253906 0.88916 0.254688 0.88623 0.254688 0.869141 0.252734 0.862793 0.251953 0.861816
1 0.239063 0.806152 0.237891 0.803223 0.232813 0.799805 0.226953 0.799316 0.220703 0.800293 0.217188 0.802246 0.215234 0.805176 0.215234 0.808105 0.216016 0.810059 0.219531 0.813477 0.222266 0.814941 0.225781 0.81543 0.232031 0.813477 0.236719 0.810547 0.238281 0.808594
1 0.235937 0.95752 0.235156 0.958984 0.235156 0.965332 0.235937 0.968262 0.242188 0.976074 0.244141 0.977539 0.248047 0.978516 0.25 0.975098 0.249609 0.966797 0.248047 0.963379 0.241016 0.95752
1 0.202344 0.830078 0.196484 0.830078 0.193359 0.833008 0.190625 0.836914 0.189844 0.839844 0.189844 0.845215 0.191406 0.847656 0.19375 0.848633 0.198437 0.845215 0.201953 0.841309 0.203125 0.836426 0.203125 0.832031
1 0.102734 0.835449 0.100781 0.833008 0.0964844 0.832031 0.0867187 0.83252 0.0839844 0.833496 0.0789062 0.837402 0.0773438 0.842773 0.0773438 0.846191 0.0789062 0.848145 0.0804688 0.848633 0.0929688 0.846191 0.1 0.842773 0.102734 0.838867
1 0.178516 0.857422 0.176953 0.85791 0.174219 0.86084 0.172266 0.870605 0.173047 0.87793 0.175 0.880859 0.176563 0.881836 0.178516 0.881836 0.180469 0.879395 0.183203 0.871582 0.182812 0.860352 0.18125 0.858398
1 0.149609 0.943359 0.149219 0.948242 0.150391 0.952148 0.157812 0.959961 0.163672 0.961914 0.169531 0.961426 0.170313 0.959473 0.170313 0.95459 0.169141 0.950684 0.166406 0.946777 0.158594 0.941895 0.154688 0.94043 0.150781 0.941895
1 0.130469 0.9375 0.130469 0.943359 0.133203 0.948242 0.135156 0.950195 0.138281 0.952148 0.143359 0.952637 0.146484 0.950684 0.147266 0.94873 0.147266 0.945801 0.146094 0.942383 0.144141 0.939453 0.135937 0.935059 0.132812 0.935547
1 0.1625 0.96582 0.157422 0.966309 0.15625 0.968262 0.153906 0.969727 0.150781 0.974121 0.149219 0.977539 0.148438 0.981445 0.148438 0.986328 0.149609 0.987793 0.154688 0.986816 0.159375 0.983398 0.162109 0.979492 0.164453 0.972656 0.164453 0.969238
1 0.170703 0.972168 0.16875 0.972168 0.166797 0.973633 0.163672 0.97998 0.163281 0.989258 0.163672 0.993164 0.165234 0.996582 0.169531 0.996582 0.170703 0.995605 0.172656 0.989258 0.173437 0.980469 0.172266 0.974121
1 0.111719 0.810059 0.1125 0.813477 0.114062 0.814941 0.125 0.817871 0.130469 0.817871 0.133203 0.816406 0.134766 0.814453 0.134766 0.810059 0.132031 0.806641 0.126562 0.804688 0.122266 0.804199 0.116016 0.805664 0.114062 0.806641
1 0.096875 0.726074 0.0957031 0.724609 0.0917969 0.724121 0.0863281 0.726562 0.0792969 0.733887 0.0785156 0.737305 0.0796875 0.740723 0.0832031 0.742676 0.0882813 0.742676 0.0917969 0.741211 0.096875 0.73291 0.0976562 0.729492
1 0.0460938 0.730957 0.0441406 0.730957 0.0414062 0.733887 0.0394531 0.739746 0.0394531 0.753418 0.0402344 0.755859 0.0421875 0.757324 0.0453125 0.757324 0.0476562 0.754395 0.0507812 0.746582 0.0503906 0.73584 0.0480469 0.731934
1 0.0144531 0.751465 0.0140625 0.756348 0.0195312 0.763184 0.028125 0.768066 0.0308594 0.768066 0.0320312 0.76709 0.0324219 0.762207 0.0316406 0.759277 0.0277344 0.751465 0.0257812 0.75 0.0210938 0.748535 0.0171875 0.749023
1 0.0339844 0.782227 0.0339844 0.78418 0.0355469 0.786621 0.0371094 0.787598 0.0496094 0.787598 0.0515625 0.783203 0.0515625 0.779297 0.0484375 0.775391 0.0457031 0.774414 0.0410156 0.774414 0.0382813 0.775879
1 0.0761719 0.773438 0.0753906 0.771973 0.0726563 0.770508 0.0679687 0.770996 0.0640625 0.772461 0.0605469 0.774902 0.0574219 0.778809 0.0574219 0.783203 0.059375 0.785156 0.0613281 0.785156 0.0726563 0.780273 0.0761719 0.776855
1 0.0472656 0.78125 0.04375 0.782227 0.04375 0.784668 0.0453125 0.787109 0.0445313 0.788574 0.0441406 0.793457 0.0429688 0.797852 0.0433594 0.807129 0.0441406 0.80957 0.0460938 0.811523 0.0484375 0.812012 0.0511719 0.80957 0.0535156 0.804688 0.0550781 0.797363 0.0554687 0.786133 0.0546875 0.78418 0.0527344 0.782227
1 0.0101563 0.85498 0.00585938 0.85498 0.00390625 0.856445 0.00195312 0.859375 0 0.859863 0 0.879395 0.00195312 0.879395 0.00664062 0.877441 0.0101563 0.874023 0.0128906 0.869629 0.0136719 0.865723 0.0132812 0.860352 0.0121094 0.857422
1 0.0367188 0.924316 0.0320312 0.925293 0.0257812 0.931152 0.0242188 0.933594 0.0230469 0.937988 0.0230469 0.940918 0.0238281 0.944336 0.0253906 0.946289 0.0285156 0.947266 0.0300781 0.946777 0.0375 0.936523 0.0386719 0.931152 0.0386719 0.927734
1 0.0566406 0.927246 0.0554687 0.929688 0.0550781 0.937012 0.05625 0.946289 0.0609375 0.956055 0.0652344 0.956055 0.0675781 0.951172 0.0679687 0.948242 0.0667969 0.938965 0.0640625 0.931152 0.0609375 0.927246
1 0.0351562 0.95459 0.034375 0.956543 0.034375 0.961426 0.0355469 0.965332 0.0378906 0.968262 0.0417969 0.970703 0.0457031 0.971191 0.0496094 0.967773 0.05 0.961426 0.0488281 0.958008 0.0460938 0.954102 0.04375 0.953125 0.0382813 0.953125
1 0.0566406 0.992676 0.0546875 0.989258 0.0523438 0.987793 0.0453125 0.988281 0.0410156 0.990723 0.0382813 0.993652 0.0378906 1 0.0550781 1 0.0550781 0.998535 0.0566406 0.996094
1 0.525391 0.00537109 0.522266 0.0102539 0.522656 0.0170898 0.525781 0.0239258 0.527734 0.0263672 0.530469 0.0268555 0.533594 0.0219727 0.533984 0.0161133 0.530469 0.00585938 0.529687 0.00488281
1 0.533594 0.00488281 0.533203 0.00634766 0.535156 0.0126953 0.539844 0.0180664 0.542578 0.019043 0.545703 0.019043 0.547656 0.0175781 0.547656 0.0126953 0.546094 0.00878906 0.544531 0.00683594 0.537891 0.00244141 0.536328 0.00244141
1 0.353125 0.352051 0.349609 0.350586 0.346484 0.352539 0.344531 0.355469 0.34375 0.35791 0.341797 0.36084 0.340234 0.365234 0.339844 0.370117 0.341406 0.374512 0.342578 0.375 0.345234 0.375635 0.346836 0.375049 0.349219 0.373047 0.351172 0.370117 0.354297 0.362305 0.354297 0.354492 0.353906 0.353027
1 0.369141 0.365234 0.366016 0.361816 0.3625 0.361328 0.362109 0.36084 0.360156 0.361328 0.356641 0.363281 0.353906 0.366699 0.353516 0.366699 0.352344 0.368652 0.350781 0.373047 0.350781 0.375 0.350391 0.375488 0.350781 0.37793 0.352734 0.379395 0.35625 0.379395 0.357031 0.379883 0.357422 0.379395 0.361328 0.378906 0.366406 0.375977 0.36875 0.373047 0.369922 0.370117 0.369922 0.368164
1 0.379805 0.366943 0.378437 0.367041 0.377383 0.368701 0.376563 0.371094 0.374219 0.373047 0.371484 0.374023 0.368359 0.375 0.365625 0.376953 0.364844 0.376953 0.362891 0.378418 0.360938 0.380859 0.360938 0.384766 0.364063 0.386719 0.364648 0.387012 0.365625 0.387207 0.36793 0.387207 0.369141 0.387695 0.376953 0.386719 0.379297 0.385254 0.381641 0.381836 0.381641 0.380371 0.381602 0.373682 0.380781 0.368408
1 0.364766 0.294629 0.363281 0.293945 0.360156 0.293945 0.355078 0.297363 0.353242 0.298486 0.35 0.301758 0.348438 0.302734 0.344531 0.306641 0.34375 0.30957 0.34375 0.3125 0.344141 0.313965 0.344922 0.314941 0.349609 0.314941 0.352187 0.313818 0.356445 0.311523 0.358984 0.30957 0.362109 0.307617 0.365 0.305225 0.366016 0.302246 0.366016 0.29834 0.365898 0.296484
1 0.36875 0.299316 0.367188 0.30127 0.366797 0.302734 0.366797 0.311035 0.367188 0.311523 0.367188 0.31543 0.367969 0.318359 0.368359 0.323242 0.369531 0.327148 0.371484 0.331055 0.372656 0.33252 0.373437 0.333008 0.375 0.333008 0.375391 0.333496 0.376953 0.333496 0.378516 0.331055 0.378906 0.328125 0.379297 0.327637 0.379297 0.325195 0.379688 0.324707 0.379688 0.321289 0.379297 0.320801 0.378906 0.316895 0.377734 0.313477 0.375 0.310059 0.372656 0.303711 0.369922 0.299805
1 0.373555 0.286914 0.372305 0.286133 0.37043 0.28667 0.369297 0.289014 0.369492 0.29375 0.369453 0.295508 0.369531 0.297852 0.369922 0.299316 0.376953 0.308594 0.377734 0.308594 0.380078 0.310059 0.385547 0.310059 0.386719 0.309082 0.3875 0.307617 0.3875 0.305664 0.383594 0.299316 0.378516 0.293457 0.374688 0.290625 0.374063 0.288379
1 0.429688 0.211914 0.427344 0.211426 0.424609 0.212891 0.423047 0.214844 0.421094 0.221191 0.421094 0.223145 0.420703 0.223633 0.420312 0.227051 0.419922 0.227539 0.419922 0.233887 0.419531 0.234375 0.419531 0.236816 0.419922 0.237305 0.424609 0.237305 0.426953 0.23584 0.428516 0.23291 0.428516 0.231934 0.429688 0.229004 0.430078 0.224609 0.430469 0.224121 0.430859 0.220215 0.43125 0.219727 0.43125 0.215332 0.430859 0.214844 0.430859 0.213379
2 0.530645 0.579321 0.529613 0.577427 0.52693 0.575273 0.525207 0.575361 0.524586 0.578027 0.525551 0.581899 0.528031 0.586206 0.528855 0.589902 0.528992 0.593433 0.530094 0.597393 0.531059 0.599458 0.531746 0.600664 0.532367 0.598599 0.532781 0.593521 0.532781 0.588271 0.53209 0.582588
1 0.423828 0.234863 0.420312 0.23584 0.419531 0.236816 0.417187 0.242676 0.416406 0.243652 0.415234 0.250488 0.414844 0.250977 0.414844 0.26416 0.416406 0.269531 0.419141 0.272461 0.420703 0.272461 0.422266 0.270508 0.423047 0.268555 0.423047 0.264648 0.423438 0.26416 0.424219 0.254395 0.424609 0.253906 0.425 0.250977 0.426289 0.247852 0.426289 0.244629 0.426953 0.241797 0.427344 0.239746 0.426563 0.237793
2 0.556258 0.552295 0.555086 0.554189 0.554055 0.557373 0.553367 0.561074 0.553367 0.564087 0.554191 0.566064 0.555434 0.566753 0.556258 0.566411 0.558117 0.564258 0.559699 0.561504 0.561629 0.555049 0.562594 0.549541 0.563348 0.545757 0.563625 0.542139 0.56218 0.54042 0.560594 0.54085 0.559492 0.542998 0.558738 0.546528 0.55743 0.549971
2 0.16502 0.393628 0.162609 0.390444 0.161437 0.388467 0.159578 0.386831 0.158754 0.38709 0.158062 0.387866 0.158547 0.389585 0.159785 0.392251 0.160406 0.395181 0.160543 0.397847 0.161437 0.4 0.162953 0.40103 0.164605 0.401719 0.166258 0.403872 0.167703 0.405767 0.168461 0.406455 0.169012 0.407056 0.171215 0.408345 0.171973 0.408174 0.17266 0.406538 0.172797 0.404819 0.170801 0.401636 0.168047 0.397935
2 0.186879 0.349121 0.185707 0.348174 0.184191 0.348257 0.183434 0.349121 0.183434 0.35084 0.183918 0.351958 0.184469 0.354883 0.184469 0.359272 0.184676 0.364009 0.185707 0.365728 0.18791 0.370635 0.189012 0.373042 0.18977 0.37356 0.189977 0.373389 0.19032 0.372612 0.190871 0.370977 0.191836 0.369775 0.192387 0.368481 0.192246 0.366074 0.190801 0.36375 0.189633 0.361167 0.189426 0.356865 0.188738 0.352905 0.18798 0.351187
2 0.19818 0.359443 0.196992 0.362861 0.194254 0.364351 0.191875 0.367324 0.191637 0.37104 0.191875 0.375356 0.193422 0.376841 0.196516 0.37729 0.198418 0.376543 0.201273 0.374312 0.203773 0.370596 0.20532 0.36792 0.206746 0.362715 0.206867 0.359443 0.206508 0.355576 0.20532 0.353047 0.202105 0.351709 0.199727 0.351265 0.198301 0.351709 0.197824 0.35394 0.19818 0.356172
2 0.410602 0.720044 0.40723 0.715708 0.405941 0.713599 0.404555 0.713599 0.402672 0.714219 0.400094 0.715088 0.398012 0.71521 0.395832 0.714839 0.394344 0.713477 0.393055 0.71335 0.393055 0.71521 0.394738 0.718433 0.397613 0.722524 0.399797 0.726489 0.403168 0.730703 0.405746 0.736401 0.408125 0.742349 0.411098 0.748921 0.414074 0.752017 0.416949 0.755361 0.418039 0.756353 0.419328 0.756602 0.419625 0.75561 0.419527 0.754248 0.418832 0.752266 0.418535 0.748794 0.418535 0.746191 0.418633 0.742725 0.418832 0.739624 0.41784 0.736279 0.415461 0.730332 0.412883 0.72438
2 0.578133 0.585181 0.575039 0.589639 0.571469 0.59291 0.568258 0.594995 0.566117 0.598564 0.566234 0.601089 0.568258 0.603174 0.571469 0.60332 0.575992 0.603022 0.580988 0.601538 0.585508 0.598413 0.589434 0.595586 0.592289 0.592764 0.593242 0.58979 0.591816 0.587407 0.589078 0.587407 0.587652 0.586665 0.587652 0.585029 0.586699 0.582949 0.582891 0.582202 0.581227 0.582202 0.579797 0.583096
1 0.56457 0.584287 0.563262 0.589194 0.563262 0.590977 0.564449 0.59395 0.566949 0.594399 0.569211 0.594102 0.572898 0.591426 0.575633 0.588452 0.577539 0.584731 0.577656 0.582202 0.577656 0.582056 0.576469 0.578784 0.575039 0.577891 0.572184 0.577148 0.570398 0.577744 0.568141 0.57938 0.566832 0.581611
1 0.571391 0.554951 0.570531 0.560078 0.570297 0.564277 0.570297 0.567891 0.570961 0.570332 0.572289 0.571406 0.574047 0.57165 0.575844 0.570625 0.577836 0.568135 0.579906 0.564912 0.581742 0.561299 0.582406 0.55793 0.582406 0.554951 0.581469 0.550508 0.580727 0.548555 0.580727 0.546895 0.58143 0.545479 0.582211 0.54416 0.58225 0.542793 0.581273 0.541279 0.579086 0.540742 0.57725 0.541475 0.575688 0.543428 0.574242 0.54665 0.572719 0.550801
1 0.466758 0 0.466441 0.000820312 0.466215 0.00370605 0.465934 0.0075 0.466723 0.0127734 0.468184 0.0168555 0.470434 0.0203711 0.473023 0.0216357 0.475328 0.0212842 0.476734 0.019668 0.477523 0.0171338 0.477184 0.0143213 0.476117 0.0110889 0.474992 0.00490234 0.474934 0.001875 0.474414 9.76563e-05 0.472887 0
1 0.475375 0 0.475273 0.000683594 0.475387 0.00328125 0.475441 0.00736328 0.476004 0.0121436 0.477074 0.0142529 0.478762 0.0155859 0.48073 0.0159375 0.483598 0.0150244 0.485512 0.0126367 0.485961 0.0100342 0.486074 0.00546387 0.485566 0.00279297 0.485035 0
1 0.491457 0 0.49091 0.00335449 0.490855 0.00574219 0.491191 0.00841797 0.492543 0.00939941 0.494848 0.00996094 0.496871 0.00925781 0.498617 0.00757324 0.501824 0.00342285 0.503059 0.00152344 0.503945 0
1 0.495637 0.0114404 0.49243 0.0134766 0.491473 0.0155859 0.491418 0.0186816 0.492371 0.0209326 0.494004 0.0219141 0.496367 0.0221973 0.49991 0.0219141 0.50323 0.0209326 0.506152 0.0189648 0.50998 0.0152344 0.513074 0.0110156 0.515098 0.00813477 0.515434 0.00539062 0.515043 0.00328125 0.513184 0.0022998 0.50818 0.00321289 0.504242 0.00503906 0.499348 0.00862793 0.497887 0.00989258
1 0.510547 0.0170898 0.508984 0.0185547 0.508203 0.0214844 0.508203 0.0244141 0.507812 0.0249023 0.508203 0.0302734 0.510547 0.0356445 0.5125 0.0385742 0.513281 0.0390625 0.516797 0.0390625 0.519141 0.0375977 0.519922 0.0351562 0.519922 0.027832 0.519531 0.0273438 0.519531 0.0253906 0.517578 0.0214844 0.514453 0.0175781 0.513672 0.0170898
1 0.512891 0.0458984 0.509766 0.0488281 0.508984 0.0551758 0.508594 0.0556641 0.508594 0.0585938 0.508984 0.059082 0.508984 0.0654297 0.509375 0.065918 0.509375 0.0688477 0.509766 0.0693359 0.509766 0.0712891 0.510156 0.0717773 0.510547 0.074707 0.512891 0.0791016 0.514453 0.0791016 0.516797 0.0761719 0.517188 0.0761719 0.51875 0.0722656 0.51875 0.0708008 0.519922 0.0664062 0.519922 0.0576172 0.518359 0.0522461 0.518359 0.0507812 0.517188 0.0478516 0.514453 0.0458984
1 0.504297 0.0551758 0.503906 0.0556641 0.502344 0.0556641 0.501172 0.0571289 0.500391 0.0595703 0.500391 0.0625 0.5 0.0629883 0.500391 0.0742188 0.500781 0.074707 0.501172 0.078125 0.502344 0.0800781 0.504297 0.081543 0.506641 0.081543 0.508203 0.0795898 0.508594 0.0766602 0.508984 0.0761719 0.508984 0.0668945 0.508594 0.0664062 0.508203 0.0615234 0.507031 0.0571289 0.50625 0.0556641
1 0.508594 0.0356445 0.507812 0.0351562 0.505078 0.0351562 0.499219 0.0400391 0.496875 0.0429688 0.494531 0.0483398 0.494531 0.0541992 0.495312 0.0561523 0.496484 0.0576172 0.497266 0.0581055 0.499219 0.0581055 0.502344 0.0556641 0.503125 0.0556641 0.50625 0.0522461 0.508203 0.0478516 0.508594 0.0449219 0.510156 0.0415039 0.509766 0.0375977
1 0.498437 0.108398 0.497656 0.108887 0.492969 0.115234 0.492188 0.118164 0.491797 0.127441 0.492188 0.12793 0.492578 0.131836 0.49375 0.135254 0.498047 0.141113 0.501563 0.14209 0.502734 0.140137 0.502734 0.134277 0.501563 0.130371 0.501563 0.121582 0.501953 0.121094 0.501953 0.117188 0.501563 0.116699 0.501563 0.114258 0.500391 0.111328 0.500391 0.110352 0.499609 0.108887
1 0.389844 0.30376 0.38793 0.304004 0.385234 0.308984 0.383164 0.313525 0.380859 0.321289 0.380469 0.325195 0.379297 0.328613 0.378906 0.333496 0.378633 0.335889 0.378516 0.338379 0.379297 0.339844 0.380859 0.341309 0.383984 0.340332 0.385156 0.339355 0.38957 0.32793 0.390625 0.322266 0.390742 0.319824 0.390547 0.314941 0.390898 0.312207 0.391836 0.30752 0.391797 0.305859
1 0.460938 0.998047 0.458203 0.995117 0.455859 0.994629 0.455469 0.994141 0.451562 0.994141 0.451172 0.994629 0.447266 0.994629 0.445703 0.996094 0.442578 0.997559 0.441797 0.998535 0.441797 1 0.460938 1
1 0.367969 0.012207 0.364844 0.012207 0.359766 0.0170898 0.358594 0.0214844 0.358594 0.0263672 0.360938 0.0297852 0.363281 0.0307617 0.364844 0.0307617 0.366016 0.0288086 0.367188 0.0258789 0.367969 0.0229492 0.367969 0.0214844 0.368359 0.0209961 0.368359 0.0175781 0.369531 0.0146484 0.369531 0.0131836
1 0.366406 0 0.366406 0.00244141 0.365625 0.00512695 0.366172 0.00727539 0.369297 0.00922852 0.373242 0.00859375 0.375625 0.00722656 0.378828 0.00410156 0.380469 0
1 0.867578 0 0.867969 0.00244141 0.870703 0.00634766 0.873828 0.00830078 0.875 0.00830078 0.876563 0.00927734 0.880469 0.00830078 0.882422 0.00683594 0.883203 0.00537109 0.883594 0
2 0.883984 0.250488 0.882422 0.248047 0.881641 0.247559 0.880078 0.247559 0.878906 0.248535 0.876953 0.249023 0.874219 0.250977 0.867969 0.251953 0.867578 0.252441 0.867578 0.253906 0.867969 0.254883 0.869141 0.255859 0.870313 0.255859 0.872266 0.256836 0.873828 0.256836 0.875781 0.257812 0.877344 0.257812 0.877734 0.258301 0.881641 0.258301 0.883594 0.256348 0.883984 0.254883
2 0.673438 0.88916 0.672266 0.891113 0.672266 0.894043 0.673047 0.896484 0.673828 0.897461 0.675 0.897949 0.677734 0.897949 0.678516 0.897461 0.678906 0.896484 0.678906 0.89209 0.677344 0.890137 0.676562 0.890137 0.675391 0.88916
2 0.345313 0.689941 0.343359 0.688965 0.340625 0.688965 0.338672 0.689941 0.336719 0.692383 0.335156 0.696777 0.335547 0.699219 0.3375 0.701172 0.341016 0.700684 0.342578 0.699707 0.344531 0.696777 0.345703 0.693359
2 0.355859 0.344238 0.355859 0.351074 0.35625 0.351562 0.35625 0.353027 0.360156 0.358398 0.364844 0.360352 0.367578 0.36084 0.367969 0.361328 0.372656 0.361328 0.373437 0.36084 0.373437 0.359375 0.373828 0.358887 0.373828 0.353027 0.369531 0.347168 0.366797 0.345215 0.364453 0.344238 0.363281 0.344238 0.361719 0.343262 0.360547 0.343262 0.360156 0.342773 0.357031 0.342773
1 0.375 0.353027 0.375 0.357422 0.375391 0.358398 0.380469 0.363281 0.383984 0.364746 0.385547 0.364746 0.385937 0.365234 0.390234 0.365234 0.392578 0.364258 0.394531 0.361816 0.394531 0.358398 0.39375 0.356445 0.390625 0.353027 0.389062 0.352051 0.386328 0.351562 0.385937 0.351074 0.382031 0.350586 0.381641 0.350098 0.378906 0.350098 0.376563 0.351074
1 0.348828 0.345215 0.346484 0.342773 0.341406 0.342773 0.336719 0.344727 0.332813 0.348145 0.331641 0.350098 0.331641 0.351074 0.330859 0.352539 0.330859 0.354492 0.331641 0.356934 0.333203 0.358887 0.335156 0.359375 0.335547 0.358887 0.339062 0.358398 0.342969 0.355957 0.346484 0.353027 0.348047 0.351074 0.348828 0.349121
