1 0.0800781 0.933105 0.0789062 0.933105 0.0769531 0.93457 0.0707031 0.948242 0.0683594 0.955566 0.0683594 0.959473 0.0660156 0.96875 0.065625 0.976562 0.0660156 0.97998 0.0675781 0.984375 0.0679687 0.993652 0.06875 0.994629 0.0710937 0.993652 0.0730469 0.989746 0.0730469 0.98291 0.0738281 0.980469 0.0742188 0.973145 0.0757812 0.967773 0.0789062 0.950195 0.0804688 0.946777 0.0816406 0.941406 0.08125 0.935059
1 0.166797 0.923828 0.164453 0.923828 0.162891 0.924805 0.158984 0.930664 0.154688 0.939453 0.142578 0.95459 0.137891 0.959473 0.134375 0.964844 0.134375 0.969238 0.139453 0.967773 0.144531 0.962891 0.15 0.959473 0.155078 0.954102 0.160156 0.944824 0.162891 0.941406 0.167187 0.931641 0.167578 0.925781
1 0.173437 0.945801 0.170313 0.945312 0.167969 0.947266 0.166797 0.949219 0.163281 0.962402 0.161719 0.977051 0.1625 1 0.168359 1 0.169531 0.998535 0.171484 0.990723 0.175781 0.97998 0.176563 0.95752 0.175781 0.949219 0.175 0.947266
1 0.0167969 0.85498 0.0132812 0.854492 0.0117188 0.855469 0.0078125 0.860352 0.0046875 0.862793 0.00117187 0.867676 0 0.867676 0 0.881836 0.00273437 0.881348 0.0046875 0.87793 0.0152344 0.867676 0.0175781 0.862793 0.0179687 0.856445
1 0.0300781 0.88623 0.0285156 0.884766 0.0238281 0.883789 0.0191406 0.884277 0.0152344 0.88623 0.0109375 0.891113 0.00625 0.902344 0.0078125 0.903809 0.0101563 0.903809 0.0175781 0.895996 0.0214844 0.893555 0.0289063 0.89209 0.0300781 0.890625
1 0.0574219 0.92334 0.0558594 0.920898 0.0542969 0.919922 0.0484375 0.919922 0.0390625 0.924316 0.0328125 0.928711 0.0285156 0.930176 0.0242188 0.933594 0.0214844 0.937012 0.0203125 0.939453 0.0207031 0.943848 0.0222656 0.944824 0.0265625 0.943359 0.0289063 0.941406 0.0363281 0.937988 0.0414062 0.934082 0.0554687 0.928223 0.0574219 0.926758
1 0.0875 0.945312 0.0859375 0.949219 0.0859375 0.95459 0.0871094 0.960938 0.0914062 0.971191 0.09375 0.974121 0.096875 0.97998 0.100781 0.984863 0.103906 0.987305 0.108203 0.989258 0.1125 0.989258 0.114062 0.986328 0.113672 0.979492 0.104297 0.958008 0.0984375 0.950684 0.0914062 0.945801
1 0.0867187 0.915527 0.0867187 0.921387 0.0902344 0.927734 0.0925781 0.930664 0.0984375 0.935059 0.115234 0.943359 0.124609 0.943848 0.126562 0.943359 0.128125 0.941406 0.128125 0.939453 0.125781 0.937012 0.116406 0.932617 0.108203 0.92627 0.0953125 0.918945 0.0925781 0.916016 0.0886719 0.914551
1 0.0710937 0.867188 0.0714844 0.871094 0.0722656 0.872559 0.0753906 0.874512 0.0792969 0.875488 0.0878906 0.882324 0.0964844 0.887207 0.107422 0.889648 0.112891 0.889648 0.115234 0.888672 0.116406 0.887207 0.116016 0.880859 0.112109 0.876465 0.103125 0.870605 0.0964844 0.868164 0.0929688 0.865723 0.0875 0.864258 0.0742188 0.864258 0.0722656 0.865234
1 0.0808594 0.90625 0.0789062 0.90625 0.0742188 0.910156 0.0714844 0.914551 0.0691406 0.921387 0.0664062 0.936035 0.0664062 0.948242 0.0679687 0.952637 0.0691406 0.952637 0.0746094 0.936523 0.078125 0.932617 0.0796875 0.919434 0.0816406 0.912109 0.0816406 0.908691
1 0.248047 0.944336 0.245312 0.941895 0.239063 0.938477 0.235156 0.937988 0.230078 0.939453 0.226172 0.942383 0.221484 0.948242 0.216406 0.952637 0.213281 0.956543 0.208203 0.959961 0.20625 0.963867 0.20625 0.965332 0.207813 0.966309 0.210547 0.966309 0.217969 0.961914 0.226562 0.953125 0.235937 0.947754 0.245703 0.948242 0.248047 0.946289
1 0.237891 0.958984 0.237109 0.95752 0.234375 0.958008 0.232422 0.960449 0.228125 0.962402 0.225 0.966309 0.221094 0.968262 0.216797 0.972656 0.212109 0.972168 0.207422 0.96875 0.199609 0.96582 0.198828 0.964844 0.197266 0.964844 0.198047 0.969238 0.201563 0.973633 0.208203 0.979492 0.214844 0.981934 0.218359 0.981934 0.225 0.979004 0.226953 0.976562 0.232813 0.972168 0.237891 0.964355
1 0.307031 0.93457 0.303516 0.931152 0.299609 0.930664 0.292578 0.932129 0.286328 0.932129 0.278516 0.934082 0.275 0.937012 0.270313 0.942871 0.268359 0.947266 0.264453 0.952637 0.263672 0.955566 0.264453 0.957031 0.267578 0.958008 0.275 0.952637 0.279297 0.951172 0.284375 0.947754 0.294531 0.942871 0.304688 0.940918 0.30625 0.939453 0.307031 0.9375
1 0.233594 0.886719 0.230859 0.886719 0.228906 0.887695 0.227734 0.890137 0.226172 0.897461 0.225781 0.90625 0.223438 0.910156 0.220312 0.919922 0.220312 0.926758 0.221094 0.928223 0.225391 0.927734 0.227344 0.92334 0.233203 0.914062 0.236328 0.896484 0.236328 0.890625 0.235547 0.888672
1 0.240625 0.847656 0.239844 0.848145 0.239063 0.850586 0.239063 0.853516 0.239844 0.855957 0.239844 0.861816 0.238672 0.868652 0.238672 0.875977 0.239453 0.879883 0.238672 0.887695 0.239063 0.890137 0.241016 0.893555 0.244531 0.894043 0.246484 0.890625 0.247656 0.885742 0.247656 0.855957 0.245703 0.851074 0.24375 0.848633
1 0.237109 0.893066 0.236328 0.894531 0.236719 0.900879 0.246484 0.925781 0.250391 0.930664 0.255078 0.933594 0.258594 0.933105 0.259766 0.931641 0.259375 0.928223 0.254688 0.922363 0.247266 0.90918 0.240625 0.893555 0.239844 0.892578
1 0.259375 0.915039 0.260156 0.916992 0.263672 0.916992 0.274609 0.90918 0.278516 0.909668 0.287891 0.915527 0.291406 0.915527 0.291016 0.910645 0.283203 0.900879 0.279297 0.897949 0.274609 0.897949 0.270313 0.899902 0.267969 0.901855 0.265625 0.905762 0.260937 0.911133
2 0.122266 0.86084 0.119531 0.864258 0.118359 0.868164 0.116797 0.879883 0.116797 0.887207 0.121094 0.902344 0.126953 0.911133 0.130859 0.914062 0.132422 0.912109 0.132422 0.909668 0.125 0.892578 0.122656 0.882324 0.123047 0.875977 0.125 0.868164 0.125 0.865723 0.123828 0.861816
1 0.0582031 0.847656 0.0582031 0.853027 0.0640625 0.859863 0.0679687 0.863281 0.0714844 0.865234 0.0777344 0.864258 0.0902344 0.865234 0.0949219 0.866699 0.0996094 0.866211 0.100391 0.862793 0.1 0.861328 0.0957031 0.85791 0.0792969 0.853516 0.0714844 0.850586 0.0660156 0.849609 0.0613281 0.847168
2 0.170703 0.915039 0.171094 0.917969 0.173047 0.92041 0.178516 0.92334 0.182422 0.924316 0.186719 0.924316 0.190625 0.922363 0.191797 0.920898 0.191406 0.916504 0.188672 0.915039 0.183594 0.915039 0.178516 0.913574 0.172656 0.913574
2 0.126758 0.944043 0.125781 0.943359 0.11875 0.943848 0.115625 0.945312 0.114453 0.948242 0.114453 0.950684 0.119922 0.951172 0.123438 0.947607 0.125703 0.945996
1 0.0523438 0.997559 0.0523438 1 0.0800781 1 0.0800781 0.997559 0.0785156 0.996582 0.0738281 0.995605 0.0695313 0.993652 0.0671875 0.993652 0.065625 0.994629 0.0605469 0.993652 0.0566406 0.994141
1 0.00898437 0.994629 0.009375 1 0.0300781 1 0.0300781 0.997559 0.0265625 0.992676 0.0242188 0.991211 0.0214844 0.987793 0.0183594 0.986328 0.0121094 0.988281 0.0101563 0.991211
1 0.186328 0.983398 0.184766 0.98291 0.180859 0.986328 0.173828 0.998047 0.173828 1 0.182812 1 0.186328 0.990723
1 0.127344 0.780273 0.123047 0.782227 0.117969 0.788086 0.116016 0.792969 0.1125 0.79834 0.105859 0.806641 0.103125 0.808594 0.101953 0.811523 0.102344 0.813965 0.106641 0.816895 0.111719 0.816895 0.116016 0.813965 0.120313 0.808594 0.122656 0.804199 0.127344 0.791016 0.128516 0.785645 0.128516 0.782227
1 0.119531 0.77832 0.114844 0.77832 0.108594 0.784668 0.106641 0.785645 0.0941406 0.796387 0.0839844 0.802246 0.0832031 0.803223 0.0832031 0.806152 0.0839844 0.807617 0.0890625 0.807617 0.1 0.804199 0.101953 0.801758 0.108203 0.797363 0.111719 0.793457 0.116406 0.790039 0.119531 0.783691
1 0.009375 0.719727 0.00742187 0.724121 0.00742187 0.725586 0.00859375 0.727051 0.0125 0.72998 0.0175781 0.731445 0.0363281 0.747559 0.040625 0.747559 0.0414062 0.745605 0.0410156 0.743652 0.0382813 0.73877 0.034375 0.725586 0.0316406 0.720703 0.0300781 0.719238 0.0230469 0.717285 0.0132812 0.717285
1 0.257422 0.768555 0.255469 0.764648 0.252734 0.762695 0.249219 0.761719 0.247656 0.759766 0.244922 0.758301 0.227734 0.758301 0.223828 0.759766 0.221484 0.762695 0.219141 0.768555 0.219141 0.772949 0.219531 0.773926 0.221484 0.773926 0.223047 0.771973 0.228516 0.768066 0.233984 0.767578 0.248438 0.771973 0.251953 0.771484 0.254688 0.773438 0.255859 0.773438 0.257422 0.770508
1 0.0214844 0.694336 0.0164063 0.693848 0.0136719 0.694824 0.00585938 0.703125 0.00117187 0.710449 0 0.710449 0 0.735352 0.00195312 0.734863 0.00351563 0.729492 0.00664062 0.726074 0.00742187 0.72168 0.0113281 0.714355 0.01875 0.705566 0.0214844 0.701172 0.0222656 0.69873 0.0222656 0.695312
1 0.136328 0.670898 0.133594 0.67041 0.126562 0.672363 0.111719 0.682129 0.107031 0.681641 0.103125 0.683594 0.100781 0.685547 0.0953125 0.692383 0.0933594 0.696289 0.0929688 0.700684 0.0949219 0.702148 0.096875 0.70166 0.104297 0.696777 0.111328 0.689453 0.119531 0.687012 0.124609 0.682617 0.13125 0.679199 0.134766 0.675781 0.136719 0.672363
1 0.121484 0.666992 0.119922 0.665527 0.115625 0.666016 0.107813 0.675781 0.10625 0.679688 0.104688 0.681641 0.105078 0.683594 0.10625 0.68457 0.108984 0.68457 0.110547 0.683594 0.114062 0.678223 0.119531 0.675293 0.122656 0.671875
1 0.254688 0.773438 0.255078 0.774902 0.2625 0.779785 0.265234 0.779785 0.269141 0.77832 0.275391 0.777344 0.278516 0.775879 0.279687 0.773926 0.278906 0.771973 0.276172 0.77002 0.269922 0.769043 0.259375 0.769043
1 0.288672 0.665039 0.2875 0.663086 0.284766 0.661621 0.282813 0.661621 0.277734 0.666016 0.273047 0.667969 0.266406 0.668945 0.265234 0.669922 0.264844 0.671387 0.266797 0.674316 0.271875 0.676758 0.276172 0.677246 0.283594 0.672852 0.288672 0.66748
1 0.302734 0.646484 0.3 0.64502 0.297656 0.64502 0.290234 0.649902 0.283594 0.661133 0.282813 0.664062 0.282813 0.66748 0.283594 0.668457 0.287891 0.667969 0.289453 0.666016 0.290625 0.662598 0.297266 0.654785 0.301172 0.651367 0.302734 0.648438
2 0.213281 0.777832 0.213281 0.780273 0.215625 0.783203 0.219531 0.784668 0.225 0.785156 0.228516 0.78418 0.230078 0.782715 0.230859 0.780762 0.230469 0.77832 0.225781 0.777832 0.220312 0.775879 0.216016 0.775879
2 0.239453 0.663574 0.238672 0.665039 0.238672 0.668457 0.239453 0.672852 0.242188 0.680176 0.241797 0.686523 0.243359 0.689941 0.244922 0.689941 0.247266 0.686523 0.246094 0.676758 0.242188 0.665527 0.240625 0.663574
2 0.176563 0.61084 0.174609 0.616699 0.175 0.619629 0.186328 0.619629 0.189062 0.623047 0.190234 0.622559 0.190234 0.616699 0.184766 0.611328 0.181641 0.609375 0.177734 0.609863
1 0.09375 0.620117 0.0910156 0.620117 0.0875 0.622559 0.0867187 0.625977 0.0816406 0.637695 0.0796875 0.645508 0.0792969 0.652344 0.078125 0.655762 0.078125 0.657715 0.0796875 0.660156 0.0847656 0.659668 0.0898438 0.65332 0.0949219 0.624023 0.0949219 0.621582
1 0.0980469 0.616211 0.0957031 0.618652 0.0945312 0.62207 0.0933594 0.630371 0.0914062 0.637695 0.0917969 0.652344 0.0933594 0.661621 0.0949219 0.664062 0.0964844 0.668945 0.0984375 0.671387 0.1 0.671387 0.101953 0.667969 0.103906 0.657715 0.104297 0.638184 0.103516 0.627441 0.101953 0.619141 0.100391 0.616211
1 0.149609 0.621582 0.146094 0.626465 0.144141 0.632812 0.144141 0.638672 0.144922 0.64209 0.148438 0.649414 0.150781 0.651367 0.153516 0.652344 0.162109 0.652832 0.167578 0.650391 0.169531 0.647461 0.169922 0.641602 0.158203 0.634766 0.154297 0.62793 0.155078 0.622559 0.153516 0.621094
1 0.147266 0.651367 0.147656 0.65332 0.15 0.656738 0.154297 0.658691 0.159375 0.658691 0.162891 0.656738 0.1625 0.65332 0.160938 0.652344 0.153906 0.652344 0.150781 0.650391 0.148828 0.650391
1 0.166016 0.626953 0.167187 0.628906 0.174609 0.628418 0.179297 0.629883 0.185156 0.633789 0.195703 0.637695 0.201172 0.636719 0.205859 0.632812 0.205859 0.62793 0.204297 0.627441 0.201563 0.629395 0.197266 0.628906 0.193359 0.625977 0.189453 0.621094 0.186328 0.620117 0.173828 0.620117 0.169531 0.623047
1 0.15 0.562988 0.149609 0.564941 0.150781 0.569824 0.161719 0.584473 0.171875 0.594238 0.178516 0.598633 0.181641 0.601562 0.184766 0.605957 0.189453 0.605957 0.189844 0.602051 0.1875 0.597168 0.182031 0.588867 0.174219 0.582031 0.170313 0.57959 0.162109 0.570312 0.155078 0.561035 0.151953 0.561035
1 0.19375 0.58252 0.192188 0.585449 0.192188 0.589844 0.199219 0.597656 0.199219 0.600098 0.197656 0.602539 0.196484 0.606445 0.196094 0.611328 0.196484 0.620605 0.198437 0.62207 0.201172 0.621094 0.202734 0.616211 0.207422 0.608887 0.210938 0.592773 0.209766 0.588379 0.205078 0.583984 0.198828 0.58252
1 0.178516 0.530762 0.173828 0.530762 0.157812 0.541504 0.14375 0.54541 0.141406 0.547852 0.141797 0.550293 0.144531 0.551758 0.149609 0.553223 0.157031 0.553223 0.164453 0.55127 0.166797 0.549805 0.170313 0.54541 0.176172 0.540527 0.179297 0.535156
1 0.0839844 0.47998 0.08125 0.478516 0.0792969 0.478516 0.0777344 0.47998 0.0753906 0.489258 0.071875 0.494629 0.0632812 0.518066 0.0632812 0.521973 0.0644531 0.523926 0.0679687 0.523438 0.0695313 0.522461 0.075 0.516602 0.078125 0.51123 0.0851563 0.491699 0.0855469 0.485352
1 0.141016 0.421387 0.138281 0.418945 0.133984 0.418945 0.129297 0.421387 0.124219 0.425293 0.119531 0.426758 0.112891 0.427734 0.107422 0.426758 0.100391 0.427246 0.0980469 0.428711 0.0972656 0.430664 0.0972656 0.433105 0.107031 0.438965 0.123047 0.439453 0.125781 0.438477 0.133203 0.433105 0.1375 0.427246 0.140234 0.424805 0.141016 0.42334
1 0.171094 0.375488 0.169141 0.375488 0.165234 0.378906 0.158594 0.403809 0.155859 0.419922 0.155859 0.427246 0.157422 0.431641 0.160547 0.434082 0.162891 0.434082 0.163672 0.433105 0.163672 0.42627 0.170313 0.415039 0.173437 0.407715 0.174609 0.382812 0.173437 0.377441
1 0.14375 0.35791 0.141016 0.356934 0.137891 0.357422 0.132812 0.36377 0.122656 0.383301 0.120703 0.393555 0.120703 0.398926 0.122266 0.401367 0.123828 0.401855 0.127734 0.398926 0.138672 0.378418 0.144531 0.370117 0.146094 0.365723 0.146094 0.362305
2 0.190234 0.383301 0.186719 0.383789 0.185156 0.386719 0.185156 0.390137 0.187109 0.397461 0.186328 0.401367 0.183203 0.403809 0.182031 0.403809 0.179688 0.406738 0.179688 0.409668 0.180859 0.413574 0.183984 0.415039 0.189453 0.415039 0.191797 0.413574 0.19375 0.410645 0.195703 0.404297 0.195703 0.399902 0.19375 0.393066 0.192969 0.387207
1 0.255469 0.355469 0.251953 0.355469 0.250391 0.356445 0.248047 0.360352 0.246875 0.365723 0.244922 0.387207 0.244922 0.393066 0.248047 0.407227 0.248047 0.412598 0.249219 0.413574 0.251563 0.413574 0.252734 0.411621 0.253125 0.40332 0.254688 0.394043 0.255078 0.37793 0.257422 0.364258 0.257422 0.35791
1 0.298438 0.401367 0.295312 0.397949 0.287891 0.39502 0.281641 0.39502 0.274609 0.396973 0.270313 0.401855 0.267969 0.407227 0.264062 0.412109 0.258594 0.421875 0.258594 0.42334 0.260156 0.425293 0.264062 0.424805 0.267578 0.421387 0.277344 0.416016 0.286719 0.408203 0.296875 0.405762 0.298438 0.404297
2 0.274609 0.449219 0.273828 0.450684 0.273828 0.454102 0.276172 0.462402 0.276953 0.46875 0.279687 0.479004 0.285547 0.491699 0.287891 0.493652 0.293359 0.495605 0.299609 0.495117 0.300391 0.489746 0.299219 0.486816 0.285547 0.465332 0.282813 0.458984 0.28125 0.451172 0.278516 0.44873
1 0.180469 0.333496 0.18125 0.335449 0.186719 0.337891 0.192969 0.342285 0.203125 0.346191 0.210938 0.34668 0.217188 0.345215 0.218359 0.34375 0.219141 0.34082 0.21875 0.337891 0.217188 0.335938 0.210938 0.334961 0.202344 0.32959 0.194141 0.327148 0.187891 0.327148 0.183984 0.328613 0.18125 0.331055
1 0.292187 0.313477 0.291016 0.312012 0.287109 0.3125 0.282422 0.317383 0.278125 0.320312 0.267188 0.330078 0.264453 0.331055 0.259766 0.331055 0.255469 0.332031 0.254688 0.333008 0.254688 0.335938 0.258203 0.340332 0.262891 0.343262 0.267188 0.342773 0.276562 0.334961 0.279687 0.331055 0.283984 0.328125 0.291016 0.320801 0.292578 0.315918
1 0.272656 0.350586 0.271875 0.352051 0.271875 0.35498 0.276953 0.362305 0.282031 0.374023 0.283984 0.376465 0.285156 0.379395 0.288281 0.383301 0.290625 0.384766 0.296094 0.385254 0.298438 0.383789 0.300391 0.37793 0.299609 0.373047 0.298828 0.37207 0.295312 0.373535 0.29375 0.372559 0.290234 0.368164 0.287891 0.362793 0.282813 0.355957 0.275781 0.350098
1 0.279297 0.427734 0.277344 0.431641 0.277344 0.436523 0.280078 0.447266 0.283203 0.45459 0.284766 0.462891 0.289062 0.472168 0.291797 0.475586 0.297266 0.484375 0.299609 0.484863 0.301172 0.481445 0.301563 0.478027 0.301563 0.466797 0.299609 0.457031 0.295312 0.447266 0.285938 0.43457 0.283594 0.428711 0.282813 0.427734
2 0.110937 0.283203 0.107031 0.289062 0.105078 0.296387 0.104688 0.301758 0.105859 0.307617 0.10625 0.316406 0.107422 0.321777 0.113672 0.339355 0.115234 0.345703 0.117969 0.348145 0.119531 0.348145 0.120703 0.34668 0.121484 0.34375 0.121094 0.325195 0.116406 0.305176 0.115234 0.29248 0.115234 0.285156 0.114844 0.283691
2 0.0363281 0.327148 0.0328125 0.328613 0.0285156 0.334473 0.0246094 0.342773 0.025 0.345703 0.0304687 0.345703 0.0335937 0.341797 0.0378906 0.334473 0.0382813 0.328613
1 0.0601563 0.22998 0.0558594 0.22998 0.05 0.232422 0.0496094 0.233398 0.0496094 0.257812 0.0488281 0.263184 0.0488281 0.271973 0.0496094 0.278809 0.0492187 0.286621 0.0511719 0.288086 0.0535156 0.288086 0.0574219 0.286133 0.059375 0.28125 0.0601563 0.265625 0.0597656 0.256348 0.0605469 0.25293 0.0605469 0.240723 0.0597656 0.23877 0.0597656 0.236328 0.0613281 0.23291 0.0613281 0.231445
1 0.0753906 0.276367 0.0734375 0.274414 0.0675781 0.274414 0.0597656 0.277344 0.0464844 0.28418 0.0332031 0.283691 0.03125 0.284668 0.0308594 0.285645 0.0320312 0.287109 0.0359375 0.288574 0.0378906 0.291504 0.0398437 0.29248 0.0460938 0.29248 0.05 0.291504 0.0683594 0.283203 0.0730469 0.282227 0.075 0.280273
2 0.00625 0.250488 0.00585938 0.252441 0.0101563 0.260254 0.0128906 0.268555 0.0160156 0.273438 0.0191406 0.28125 0.0246094 0.290527 0.0261719 0.295898 0.0285156 0.297852 0.0300781 0.297363 0.0304687 0.293945 0.0292969 0.289551 0.0292969 0.286133 0.0246094 0.275391 0.0191406 0.26709 0.0121094 0.250977 0.0105469 0.25
1 0 0.226074 0 0.233398 0.00117187 0.233398 0.00234375 0.234863 0.00273437 0.237793 0.0046875 0.241699 0.00625 0.242676 0.0132812 0.244141 0.0164063 0.243164 0.0214844 0.243652 0.0253906 0.247559 0.0292969 0.25 0.0332031 0.248047 0.0332031 0.240723 0.0320312 0.239258 0.0285156 0.237793 0.0242188 0.233887 0.021875 0.23291 0.0167969 0.23291 0.0128906 0.231934 0.009375 0.22998 0.00625 0.225098
1 0.0273438 0.186035 0.025 0.185059 0.0230469 0.1875 0.0195312 0.19873 0.0144531 0.206055 0.0105469 0.209473 0.00429688 0.212891 0.003125 0.214355 0 0.215332 0 0.222168 0.00273437 0.222168 0.0164063 0.218262 0.0214844 0.215332 0.0226562 0.213867 0.0261719 0.206543 0.0285156 0.19873 0.0289063 0.189941
1 0.142539 0.248242 0.143164 0.253809 0.145508 0.258691 0.147109 0.262451 0.151172 0.268066 0.160547 0.279785 0.163672 0.286133 0.170313 0.296387 0.174219 0.297363 0.175 0.295898 0.174219 0.290039 0.168359 0.277832 0.160156 0.268066 0.15625 0.262207 0.151328 0.255908 0.147266 0.249951 0.143398 0.245996
1 0.183594 0.234375 0.182422 0.233398 0.180469 0.233398 0.171094 0.23584 0.166016 0.239258 0.162109 0.244141 0.158203 0.24707 0.153125 0.25293 0.148906 0.256592 0.146914 0.259131 0.146055 0.260693 0.144687 0.263477 0.144609 0.266895 0.14707 0.268311 0.150586 0.264648 0.152852 0.262207 0.155117 0.259863 0.157031 0.258789 0.158984 0.257812 0.165234 0.250977 0.170703 0.248047 0.174219 0.244629 0.178906 0.242188 0.183594 0.237793
1 0.210938 0.242676 0.210156 0.241699 0.208203 0.241699 0.205469 0.245605 0.202344 0.253418 0.199609 0.256836 0.194141 0.259766 0.189844 0.26416 0.183203 0.267578 0.18125 0.27002 0.18125 0.272461 0.182031 0.273926 0.186328 0.274902 0.192969 0.272461 0.196094 0.269531 0.201563 0.266602 0.204297 0.26416 0.209375 0.256348 0.210156 0.251465 0.211719 0.24707
1 0.0703125 0.208496 0.0722656 0.210938 0.0761719 0.212402 0.0917969 0.211426 0.0960938 0.209473 0.100391 0.209473 0.105078 0.205078 0.105859 0.202637 0.104688 0.20166 0.0824219 0.202148 0.071875 0.20459 0.0703125 0.206543
1 0.241406 0.183594 0.239844 0.182129 0.235937 0.182617 0.224219 0.192871 0.217578 0.195312 0.202344 0.19873 0.199219 0.200684 0.198437 0.202637 0.200391 0.205078 0.207031 0.20752 0.213672 0.20752 0.224609 0.203613 0.229297 0.200195 0.234375 0.194336 0.240234 0.190918 0.241797 0.188477
1 0.255469 0.141602 0.251172 0.14209 0.247266 0.146484 0.24375 0.153809 0.240625 0.163574 0.240234 0.173828 0.239063 0.180664 0.239063 0.184082 0.239844 0.185547 0.24375 0.18457 0.251172 0.173828 0.253516 0.168457 0.254297 0.164062 0.254688 0.153809 0.257031 0.14502 0.256641 0.142578
1 0.176563 0.168457 0.177344 0.171387 0.180859 0.174805 0.186719 0.175293 0.194922 0.177734 0.202344 0.178223 0.205078 0.179199 0.213672 0.178711 0.217578 0.176758 0.220703 0.17627 0.222656 0.174316 0.222656 0.172363 0.221094 0.17041 0.214062 0.168945 0.196875 0.168457 0.183594 0.166992 0.178906 0.166992
1 0.135156 0.123047 0.130859 0.122559 0.126953 0.128906 0.125391 0.134277 0.125 0.13916 0.121875 0.142578 0.120313 0.150391 0.118359 0.154785 0.117578 0.161133 0.117969 0.169922 0.119531 0.173828 0.119922 0.178223 0.122266 0.181152 0.123828 0.181152 0.125 0.178223 0.125 0.166504 0.126953 0.146973 0.132031 0.132324 0.133984 0.129883 0.135937 0.125
1 0.114844 0.137207 0.111719 0.137207 0.110547 0.13916 0.107813 0.152832 0.107813 0.156738 0.105859 0.17041 0.105469 0.183105 0.107813 0.194824 0.110547 0.196777 0.111719 0.194824 0.111328 0.184082 0.114453 0.167969 0.116016 0.152344 0.116016 0.139648
1 0.112109 0.206543 0.111328 0.206055 0.108984 0.209961 0.106641 0.211426 0.0960938 0.212891 0.0902344 0.212402 0.084375 0.213867 0.0792969 0.213867 0.0773438 0.216309 0.0777344 0.222168 0.0792969 0.224121 0.0839844 0.225586 0.090625 0.224121 0.1 0.223633 0.10625 0.21875 0.108203 0.214355 0.112109 0.212891
2 0.0488281 0.172363 0.0457031 0.173828 0.0441406 0.175781 0.0414062 0.183594 0.0421875 0.1875 0.0421875 0.193359 0.040625 0.197266 0.0410156 0.202148 0.0398437 0.206055 0.0398437 0.212891 0.0425781 0.224121 0.0441406 0.226562 0.0453125 0.226562 0.0460938 0.225586 0.046875 0.222656 0.046875 0.215332 0.0507812 0.189453 0.0507812 0.176758 0.0496094 0.172852
1 0.0324219 0.154297 0.0316406 0.155273 0.0308594 0.159668 0.0300781 0.173828 0.0285156 0.181152 0.0285156 0.189453 0.0308594 0.198242 0.0324219 0.201172 0.0363281 0.206055 0.0375 0.206055 0.0382813 0.202148 0.0367188 0.193359 0.0367188 0.158691 0.0339844 0.154297
1 0.0253906 0.144531 0.0234375 0.145996 0.0210938 0.151855 0.0207031 0.157715 0.01875 0.164062 0.0160156 0.180176 0.0160156 0.18457 0.0167969 0.186523 0.0207031 0.189941 0.021875 0.189941 0.0238281 0.187988 0.0277344 0.179688 0.0269531 0.171387 0.0285156 0.158203 0.0300781 0.15332 0.0285156 0.148438
1 0.0273438 0.138672 0.0296875 0.149414 0.034375 0.154785 0.0421875 0.160645 0.0550781 0.165039 0.0609375 0.164551 0.065625 0.159668 0.0660156 0.157715 0.0648438 0.155762 0.0597656 0.157227 0.05625 0.157227 0.0515625 0.154785 0.0433594 0.148438 0.0332031 0.137695 0.0289063 0.137207
1 0.0792969 0.117676 0.0761719 0.117188 0.0726563 0.122559 0.0707031 0.132324 0.0675781 0.139648 0.0664062 0.145996 0.0625 0.155762 0.059375 0.158691 0.0597656 0.161621 0.065625 0.159668 0.0695313 0.154785 0.0753906 0.145508 0.0765625 0.142578 0.0792969 0.128418 0.0800781 0.118652
1 0.103125 0.116699 0.0988281 0.115723 0.0976562 0.117188 0.0964844 0.121582 0.0890625 0.135254 0.0855469 0.138184 0.0796875 0.146484 0.0742188 0.149902 0.0703125 0.157715 0.0710937 0.159668 0.0742188 0.159668 0.0847656 0.155762 0.0898438 0.152344 0.0929688 0.148926 0.0957031 0.144043 0.0992187 0.139648 0.100781 0.133789 0.103516 0.128418 0.104688 0.122559 0.104688 0.118652
1 0.0199219 0.135254 0.0207031 0.13916 0.0226562 0.13916 0.0265625 0.136719 0.03125 0.135742 0.0382813 0.13623 0.0445313 0.134766 0.0488281 0.132324 0.0550781 0.131348 0.05625 0.130371 0.05625 0.128418 0.0535156 0.125 0.0503906 0.123535 0.0382813 0.120605 0.0324219 0.121094 0.025 0.123047 0.0210938 0.128418
1 0.0582031 0.108398 0.0566406 0.106445 0.0320312 0.106934 0.0277344 0.10791 0.0167969 0.11377 0.0144531 0.119141 0.0152344 0.120605 0.0164063 0.121094 0.0421875 0.119141 0.0574219 0.112305 0.0582031 0.11084
1 0.0535156 0.0786133 0.0527344 0.0776367 0.0441406 0.0771484 0.0398437 0.0791016 0.0359375 0.0825195 0.0289063 0.0844727 0.0167969 0.0952148 0.0105469 0.0986328 0.0101563 0.101562 0.0109375 0.103516 0.0128906 0.105469 0.0191406 0.105469 0.0242188 0.103027 0.0292969 0.102539 0.0316406 0.101562 0.0421875 0.0922852 0.0433594 0.0898438 0.0488281 0.0830078 0.053125 0.0820312
1 0.0714844 0.0673828 0.0679687 0.0664062 0.0566406 0.0712891 0.053125 0.074707 0.0464844 0.078125 0.0445313 0.0805664 0.04375 0.0839844 0.0445313 0.0898438 0.0441406 0.102051 0.0453125 0.104004 0.0488281 0.103516 0.0496094 0.102539 0.0542969 0.0913086 0.0550781 0.0878906 0.0566406 0.0854492 0.0570312 0.081543 0.0585938 0.0795898 0.0671875 0.0766602 0.0710937 0.0737305 0.0722656 0.0717773 0.0722656 0.0688477
1 0.0550781 0.0844727 0.05625 0.0869141 0.059375 0.0878906 0.0683594 0.0883789 0.0753906 0.0913086 0.0996094 0.09375 0.101172 0.0922852 0.102344 0.0849609 0.101172 0.0830078 0.0984375 0.081543 0.0953125 0.078125 0.0871094 0.0776367 0.084375 0.0761719 0.075 0.0761719 0.0730469 0.0751953 0.0671875 0.0751953 0.0625 0.0771484 0.0597656 0.0800781 0.0570312 0.0810547
1 0.0683594 0.100098 0.06875 0.105957 0.0714844 0.109375 0.0808594 0.117188 0.0875 0.117676 0.0921875 0.116211 0.0953125 0.116211 0.0976562 0.114746 0.0996094 0.11084 0.0988281 0.105469 0.0976562 0.104004 0.0847656 0.0976562 0.075 0.097168 0.0695313 0.0986328
1 0.103906 0.0839844 0.102734 0.0854492 0.103125 0.0957031 0.106641 0.10791 0.109375 0.11377 0.111328 0.120605 0.111719 0.125 0.1125 0.125977 0.114844 0.126465 0.116016 0.125 0.116797 0.120605 0.117578 0.11084 0.117188 0.104492 0.112109 0.0917969 0.107422 0.0834961
1 0.116797 0.0849609 0.117188 0.0913086 0.118359 0.0942383 0.122656 0.0981445 0.128125 0.100586 0.134766 0.102539 0.138281 0.102539 0.141797 0.104492 0.14375 0.104492 0.147266 0.101562 0.149609 0.0961914 0.148828 0.0927734 0.146484 0.0893555 0.140625 0.0844727 0.132422 0.0805664 0.130078 0.0800781 0.122266 0.0810547 0.118359 0.0825195
1 0.144922 0.102539 0.141797 0.101562 0.1375 0.103027 0.135547 0.104492 0.13125 0.110352 0.130469 0.113281 0.130469 0.117188 0.131641 0.123535 0.133984 0.126953 0.135937 0.126465 0.1375 0.124512 0.139063 0.119629 0.138672 0.114746 0.141016 0.11084 0.145313 0.105957 0.145703 0.104004
1 0.171094 0.081543 0.169531 0.0800781 0.166406 0.0805664 0.157812 0.0844727 0.15 0.0952148 0.148047 0.100586 0.148438 0.105957 0.153516 0.108887 0.158203 0.108887 0.162891 0.106934 0.167969 0.100586 0.172266 0.0908203 0.172266 0.0869141
1 0.194141 0.0893555 0.192188 0.0859375 0.189844 0.0834961 0.180469 0.0830078 0.177734 0.0844727 0.173047 0.0908203 0.170703 0.0957031 0.165234 0.104004 0.164062 0.10791 0.164453 0.111328 0.166016 0.112793 0.170313 0.112793 0.173828 0.108398 0.183594 0.101074 0.189062 0.0947266 0.192969 0.0932617 0.194141 0.0913086
1 0.195703 0.0966797 0.197656 0.0996094 0.20625 0.101074 0.224219 0.0947266 0.233203 0.09375 0.235547 0.0917969 0.235547 0.0883789 0.234766 0.0859375 0.231641 0.0834961 0.221094 0.0825195 0.208203 0.0825195 0.201172 0.0849609 0.196484 0.0908203 0.195703 0.0932617
1 0.235156 0.0810547 0.235156 0.0864258 0.239063 0.0922852 0.247656 0.097168 0.256641 0.0986328 0.269531 0.0986328 0.273438 0.0996094 0.276953 0.0996094 0.278516 0.097168 0.278516 0.0952148 0.277734 0.0942383 0.273047 0.0913086 0.266406 0.0830078 0.261328 0.0800781 0.256641 0.0786133 0.238281 0.0791016 0.236328 0.0795898
1 0.0210938 0.222656 0.021875 0.228027 0.0328125 0.234863 0.0359375 0.238281 0.0441406 0.243652 0.05 0.243164 0.0535156 0.240234 0.0585938 0.23877 0.0597656 0.236328 0.0601563 0.231445 0.0578125 0.22998 0.053125 0.230957 0.0445313 0.230469 0.0320312 0.226074 0.0257812 0.222168
1 0.0578125 0.231445 0.0578125 0.23291 0.059375 0.236328 0.059375 0.244629 0.0605469 0.248535 0.065625 0.249512 0.0714844 0.253418 0.0804688 0.256348 0.0878906 0.255859 0.0902344 0.253906 0.0921875 0.250488 0.0921875 0.246094 0.0902344 0.244141 0.0867187 0.243652 0.0800781 0.246094 0.0757812 0.245605 0.0636719 0.236328 0.0605469 0.229492
1 0.0859375 0.229004 0.0859375 0.23291 0.0867187 0.234375 0.0972656 0.242188 0.102734 0.243652 0.113672 0.243652 0.116797 0.242676 0.122656 0.23877 0.126562 0.233887 0.130859 0.23291 0.131641 0.231445 0.130859 0.229004 0.129297 0.227539 0.124609 0.227051 0.115625 0.224121 0.105469 0.223145 0.0992187 0.223145 0.0960938 0.224609 0.0878906 0.225586
1 0.196875 0.0913086 0.194922 0.0942383 0.195312 0.0996094 0.197266 0.107422 0.199609 0.113281 0.200781 0.119141 0.202734 0.124023 0.204687 0.134277 0.207422 0.140137 0.210938 0.140625 0.2125 0.139648 0.2125 0.130371 0.209375 0.117188 0.206641 0.109863 0.205859 0.100586 0.201953 0.0976562 0.198437 0.0913086
1 0.237109 0.0922852 0.235547 0.0942383 0.235547 0.0966797 0.236328 0.0986328 0.235937 0.10498 0.233203 0.109863 0.230859 0.117188 0.228125 0.12207 0.226172 0.129395 0.225781 0.133301 0.223438 0.138672 0.222656 0.143066 0.222656 0.149902 0.224219 0.152832 0.225391 0.152832 0.226953 0.151367 0.229297 0.145996 0.230859 0.136719 0.233984 0.129883 0.2375 0.118164 0.241797 0.106934 0.242578 0.102539 0.242188 0.0966797 0.241016 0.0947266
1 0.253125 0.0976562 0.250781 0.0976562 0.25 0.0986328 0.244922 0.117676 0.241016 0.125977 0.234766 0.135742 0.232422 0.147461 0.232422 0.149902 0.233594 0.151855 0.236719 0.151855 0.237891 0.147949 0.241016 0.142578 0.242578 0.138184 0.248047 0.129883 0.253125 0.115723 0.254297 0.107422 0.254297 0.0996094
2 0.236719 0.0942383 0.234375 0.09375 0.230547 0.0962891 0.228555 0.098291 0.225391 0.0996094 0.223516 0.100635 0.219922 0.102539 0.216914 0.103857 0.216172 0.106396 0.219922 0.108398 0.225 0.10625 0.228906 0.104004 0.233203 0.102051 0.236719 0.0961914
1 0.275391 0.0800781 0.275391 0.0854492 0.278125 0.0922852 0.285938 0.100586 0.297266 0.107422 0.3 0.107422 0.303906 0.10498 0.303125 0.0991211 0.300781 0.0952148 0.298828 0.0898438 0.294531 0.0830078 0.291406 0.0810547 0.288281 0.0800781 0.283984 0.0800781 0.280469 0.0786133 0.278125 0.0786133
1 0.323047 0.0991211 0.321875 0.0991211 0.316406 0.105469 0.313672 0.11084 0.311719 0.117676 0.309766 0.120605 0.305859 0.129395 0.301953 0.143066 0.301953 0.14502 0.305469 0.146973 0.307812 0.145996 0.308594 0.143555 0.314453 0.133301 0.317578 0.125488 0.320703 0.120605 0.325781 0.106934 0.325781 0.103027
1 0.270313 0.133301 0.270313 0.135254 0.272656 0.136719 0.280078 0.144531 0.2875 0.148926 0.296484 0.152832 0.303125 0.157715 0.310156 0.158691 0.311719 0.158203 0.314063 0.155273 0.314063 0.152832 0.310156 0.151367 0.30625 0.147461 0.299219 0.143066 0.291797 0.140137 0.287109 0.137207 0.283203 0.13623 0.279687 0.133301 0.272266 0.132324
1 0.3 0.1875 0.301172 0.19043 0.308594 0.197754 0.310156 0.19873 0.317188 0.199707 0.330859 0.19873 0.333984 0.197754 0.339453 0.194336 0.341016 0.190918 0.341016 0.1875 0.338672 0.185547 0.327344 0.188965 0.311328 0.1875 0.303516 0.185059 0.301563 0.185547
1 0.311328 0.106445 0.310937 0.105469 0.305469 0.10498 0.298047 0.109375 0.286719 0.11377 0.283203 0.116211 0.278516 0.116699 0.275391 0.119141 0.275391 0.121094 0.276953 0.124023 0.280469 0.126465 0.283594 0.130371 0.287891 0.130859 0.291797 0.128906 0.300781 0.120605 0.30625 0.11377 0.311328 0.110352
1 0.371875 0.242188 0.369531 0.240234 0.365625 0.240723 0.357422 0.244141 0.353906 0.246582 0.351562 0.250488 0.348438 0.258301 0.344141 0.261719 0.344531 0.266602 0.350391 0.269043 0.357031 0.26709 0.360156 0.265137 0.365625 0.258301 0.366797 0.255371 0.372266 0.247559
1 0.414062 0.251465 0.4125 0.25 0.409375 0.249512 0.400781 0.250488 0.374609 0.259766 0.367578 0.260254 0.366016 0.262695 0.365625 0.266113 0.367969 0.267578 0.377734 0.267578 0.390625 0.265137 0.403125 0.259766 0.4125 0.257324 0.413672 0.255371
1 0.407422 0.171875 0.403516 0.181641 0.403125 0.1875 0.404297 0.195801 0.407422 0.203125 0.410547 0.207031 0.415625 0.209961 0.423438 0.212891 0.423828 0.211426 0.418359 0.197754 0.416797 0.185547 0.415234 0.179199 0.411719 0.172852 0.409766 0.171875
1 0.426563 0.125 0.424609 0.123047 0.421094 0.123047 0.412109 0.129395 0.4 0.129395 0.398438 0.130371 0.392969 0.138184 0.391797 0.143555 0.393359 0.144531 0.401953 0.14209 0.413672 0.141602 0.417969 0.140137 0.423438 0.135254 0.426563 0.130859
1 0.422266 0.0834961 0.421094 0.0849609 0.422266 0.0908203 0.433203 0.10791 0.436328 0.115234 0.443359 0.125977 0.447656 0.126953 0.448828 0.125 0.448828 0.118164 0.446484 0.104004 0.444141 0.0981445 0.441016 0.09375 0.432812 0.0878906 0.428906 0.0834961 0.424609 0.0825195
1 0.430859 0.0375977 0.429297 0.0395508 0.428516 0.0419922 0.428516 0.0498047 0.429297 0.0566406 0.43125 0.0649414 0.436328 0.0766602 0.440234 0.0810547 0.443359 0.0864258 0.446875 0.0883789 0.450781 0.0878906 0.451953 0.0859375 0.451953 0.0844727 0.450391 0.0805664 0.446484 0.0751953 0.442188 0.0649414 0.440625 0.0566406 0.433984 0.0400391 0.432422 0.0375977
1 0.453125 0.107422 0.450781 0.110352 0.450781 0.116699 0.453906 0.134766 0.456641 0.143555 0.459375 0.149902 0.469531 0.164551 0.473438 0.167969 0.475391 0.168457 0.476953 0.166504 0.476953 0.162598 0.473047 0.154785 0.471875 0.149414 0.467187 0.13916 0.465234 0.132812 0.460938 0.125 0.458594 0.118652 0.455859 0.10791 0.455078 0.106934
1 0.519922 0.147461 0.518359 0.145508 0.516406 0.145508 0.513672 0.147461 0.499219 0.166016 0.497656 0.166992 0.488672 0.177246 0.488281 0.179199 0.489063 0.181641 0.490234 0.182617 0.49375 0.182129 0.498047 0.180176 0.500391 0.178223 0.518359 0.15625 0.520312 0.149902
1 0.561328 0.15332 0.560156 0.152344 0.557031 0.152344 0.552734 0.153809 0.547266 0.159668 0.543359 0.162598 0.536328 0.172852 0.534375 0.176758 0.528516 0.183594 0.526172 0.188477 0.525781 0.192871 0.526563 0.193848 0.528516 0.194336 0.530078 0.193848 0.537109 0.186523 0.541406 0.183594 0.55 0.172363 0.555469 0.168945 0.560156 0.159668 0.561328 0.155762
1 0.560547 0.160645 0.558203 0.161621 0.555859 0.164551 0.553906 0.173828 0.551562 0.179688 0.549609 0.187988 0.549609 0.192871 0.550781 0.197754 0.55625 0.208008 0.557813 0.208008 0.558984 0.206543 0.560547 0.188477 0.5625 0.179199 0.564453 0.17334 0.564453 0.167969
1 0.553125 0.0800781 0.553125 0.0820312 0.555078 0.0854492 0.560547 0.0883789 0.569531 0.090332 0.582812 0.090332 0.587891 0.0893555 0.594141 0.0893555 0.597266 0.0883789 0.599219 0.0849609 0.598437 0.0825195 0.596094 0.0805664 0.576172 0.0805664 0.570312 0.0795898 0.563281 0.0795898 0.560547 0.0786133 0.55625 0.0786133
1 0.488281 0.258301 0.486719 0.259766 0.486328 0.262207 0.487109 0.26416 0.490625 0.290527 0.495312 0.298828 0.498437 0.307617 0.501563 0.310059 0.502734 0.308594 0.503516 0.300781 0.50625 0.290527 0.505859 0.279785 0.503516 0.271973 0.5 0.266113 0.499609 0.26416 0.496875 0.260742 0.492578 0.258301
1 0.474609 0.260254 0.474219 0.262207 0.475 0.26416 0.478906 0.266113 0.484766 0.265625 0.486328 0.264648 0.496875 0.264648 0.500391 0.269043 0.502344 0.27002 0.505078 0.272949 0.510156 0.275879 0.516406 0.282715 0.518359 0.282715 0.519141 0.28125 0.518359 0.274902 0.515625 0.27002 0.510547 0.263672 0.505469 0.259766 0.492188 0.255859 0.479297 0.255859 0.477344 0.256836
1 0.475 0.297852 0.471094 0.297852 0.466797 0.299316 0.462109 0.302734 0.458203 0.307129 0.451172 0.318848 0.448828 0.324219 0.446875 0.333496 0.447656 0.336914 0.451562 0.337402 0.453125 0.335449 0.453516 0.333496 0.461328 0.321289 0.475 0.306641 0.476562 0.30127 0.476172 0.299316
1 0.408984 0.311035 0.404297 0.311523 0.395703 0.324219 0.392188 0.328125 0.388281 0.331055 0.385547 0.334473 0.385937 0.337891 0.387891 0.339355 0.39375 0.339355 0.397266 0.338379 0.401172 0.335938 0.405469 0.330078 0.408594 0.32373 0.409375 0.319824 0.410938 0.316406 0.410938 0.313477
1 0.333203 0.308594 0.332031 0.310059 0.331641 0.314941 0.334375 0.32666 0.335547 0.337402 0.337109 0.344727 0.345313 0.353516 0.349219 0.354004 0.348438 0.334473 0.345703 0.320312 0.338672 0.30957
1 0.345703 0.362305 0.342578 0.36084 0.341016 0.361328 0.335938 0.367676 0.331641 0.375488 0.327344 0.381348 0.326172 0.381836 0.316016 0.393555 0.308984 0.398438 0.309766 0.402344 0.322266 0.399902 0.328906 0.394531 0.335547 0.385254 0.337109 0.381348 0.34375 0.370605 0.345703 0.364746
1 0.365625 0.34082 0.364453 0.34082 0.360547 0.343262 0.357422 0.34668 0.354687 0.352051 0.349219 0.358887 0.348438 0.361328 0.344922 0.367188 0.341797 0.375977 0.340234 0.378418 0.339844 0.384277 0.341406 0.38623 0.344922 0.38623 0.348828 0.384277 0.353516 0.374512 0.354297 0.370605 0.355469 0.369141 0.357422 0.368652 0.360938 0.363281 0.362109 0.360352 0.3625 0.354492 0.365625 0.350098 0.367188 0.345215 0.367188 0.343262
1 0.380469 0.366211 0.378906 0.364258 0.375781 0.363281 0.366406 0.363281 0.361328 0.365723 0.357305 0.377637 0.354687 0.386084 0.351055 0.391895 0.350977 0.394434 0.351562 0.396484 0.353555 0.393018 0.355078 0.390137 0.364453 0.378418 0.367188 0.376465 0.372266 0.374512 0.377344 0.374023 0.378906 0.373047 0.380859 0.369629
1 0.358984 0.369141 0.357422 0.369141 0.353906 0.375 0.351953 0.381348 0.349219 0.384766 0.345313 0.398438 0.342969 0.402832 0.342969 0.404297 0.34375 0.405273 0.346484 0.405273 0.351172 0.396484 0.354297 0.393066 0.356641 0.381348 0.359375 0.374512
1 0.417969 0.358887 0.415625 0.357422 0.412891 0.359863 0.411328 0.36377 0.409766 0.374023 0.405469 0.379395 0.396094 0.381348 0.390625 0.381348 0.388672 0.381836 0.387891 0.383789 0.389062 0.385254 0.392969 0.387207 0.395313 0.389648 0.399609 0.39209 0.404687 0.391113 0.411719 0.387207 0.414844 0.383789 0.416797 0.378906 0.419141 0.365234
1 0.378906 0.46875 0.378516 0.472168 0.381641 0.481934 0.387891 0.491211 0.391016 0.493164 0.395703 0.495117 0.404297 0.495605 0.417578 0.491699 0.419531 0.489746 0.419922 0.48584 0.417969 0.484375 0.4125 0.483887 0.407813 0.482422 0.4 0.481934 0.394922 0.479492 0.391406 0.474121 0.384375 0.46582 0.38125 0.46582
1 0.451953 0.442383 0.449609 0.440918 0.439063 0.441895 0.435156 0.443848 0.432422 0.446289 0.422266 0.461914 0.421094 0.470215 0.421875 0.473633 0.423438 0.475586 0.425 0.475098 0.427344 0.472168 0.428906 0.467285 0.430859 0.464355 0.439453 0.45459 0.444922 0.450195 0.45 0.447754 0.451172 0.445801
1 0.482812 0.445801 0.478906 0.445312 0.477734 0.448242 0.473047 0.455566 0.472266 0.458008 0.467969 0.463379 0.460938 0.469727 0.454297 0.472656 0.452734 0.475098 0.453125 0.477051 0.45625 0.479004 0.462109 0.479004 0.471094 0.472656 0.478516 0.461914 0.480078 0.456055 0.482422 0.452148
1 0.489844 0.40918 0.4875 0.410156 0.485547 0.413086 0.484375 0.42041 0.482812 0.424805 0.480859 0.438477 0.479687 0.442383 0.479687 0.445312 0.478125 0.451172 0.478516 0.452148 0.482422 0.451172 0.489453 0.432129 0.492578 0.413574 0.492188 0.411621
1 0.444531 0.40332 0.445312 0.408691 0.448047 0.410645 0.463281 0.415039 0.481641 0.424316 0.483203 0.424316 0.483984 0.422852 0.483984 0.41748 0.474219 0.408203 0.462109 0.405762 0.452734 0.401855 0.446094 0.401855
1 0.501172 0.360352 0.498047 0.363281 0.496875 0.367676 0.496484 0.375 0.498437 0.387207 0.500391 0.393555 0.503906 0.400391 0.513672 0.411621 0.514453 0.411133 0.515234 0.408691 0.515234 0.402344 0.507422 0.382812 0.50625 0.375977 0.507031 0.369629 0.506641 0.365723 0.505469 0.362793 0.502344 0.360352
1 0.555859 0.437988 0.554297 0.442383 0.553906 0.453125 0.554688 0.457031 0.556641 0.460938 0.567578 0.473633 0.574219 0.479492 0.578516 0.481934 0.580469 0.481934 0.580859 0.475586 0.577344 0.470215 0.573047 0.459961 0.563281 0.447754 0.560156 0.440918 0.557813 0.437988
1 0.555469 0.500977 0.555078 0.499512 0.553906 0.498535 0.551953 0.498535 0.546875 0.503418 0.542578 0.505859 0.518359 0.506348 0.514062 0.507812 0.512891 0.509277 0.512891 0.510742 0.514062 0.512207 0.528516 0.516113 0.540234 0.516602 0.548047 0.513672 0.550781 0.511719 0.553516 0.507812
1 0.419922 0.54834 0.420312 0.550781 0.427344 0.558105 0.435937 0.562012 0.450781 0.562988 0.458594 0.561523 0.462109 0.559082 0.462109 0.554199 0.460156 0.552734 0.451562 0.551758 0.433594 0.544922 0.423828 0.544434 0.421484 0.545898
2 0.5375 0.400391 0.536719 0.401855 0.535937 0.412109 0.535937 0.445312 0.536719 0.452148 0.539062 0.461914 0.540234 0.464844 0.541797 0.466309 0.54375 0.465332 0.544922 0.462891 0.543359 0.451172 0.542188 0.446777 0.541406 0.429688 0.541797 0.404297 0.540625 0.400879
1 0.627734 0.0874023 0.626563 0.0874023 0.625391 0.0888672 0.620703 0.100586 0.616406 0.108887 0.611328 0.116699 0.60625 0.12207 0.600781 0.126465 0.598828 0.128906 0.599219 0.130859 0.602734 0.132324 0.610547 0.131836 0.615234 0.129395 0.619922 0.124023 0.624609 0.113281 0.627734 0.101074 0.628516 0.0957031 0.628516 0.0893555
1 0.650391 0.131836 0.645703 0.131348 0.633594 0.146973 0.625391 0.155273 0.623437 0.15918 0.622656 0.162598 0.622656 0.166016 0.623437 0.168945 0.626563 0.169434 0.627734 0.167969 0.628906 0.164062 0.631641 0.160645 0.633984 0.15918 0.639062 0.153809 0.642969 0.151855 0.646484 0.148438 0.651172 0.140137 0.651563 0.133301
1 0.739453 0.170898 0.735547 0.174805 0.732812 0.182617 0.732031 0.1875 0.731641 0.204102 0.7375 0.221191 0.739453 0.223633 0.741406 0.223633 0.74375 0.221191 0.744531 0.21875 0.744141 0.202148 0.744531 0.197266 0.746484 0.19043 0.746484 0.186523 0.744531 0.178711 0.741016 0.171387
2 0.717969 0.209961 0.716016 0.209961 0.712891 0.212891 0.708594 0.219727 0.703516 0.231445 0.702344 0.237305 0.703125 0.243164 0.704688 0.24707 0.707812 0.249512 0.709375 0.249512 0.710156 0.248047 0.710547 0.236328 0.711328 0.232422 0.713672 0.228027 0.719141 0.213379 0.719141 0.211426
1 0.75625 0.152344 0.751172 0.152832 0.75 0.153809 0.749609 0.155273 0.749609 0.159668 0.751172 0.164551 0.750781 0.16748 0.745703 0.178223 0.745313 0.182129 0.745703 0.185547 0.747266 0.189453 0.748828 0.188477 0.749219 0.187012 0.754297 0.181152 0.757812 0.178711 0.760547 0.175293 0.7625 0.169922 0.7625 0.162598 0.759766 0.15625
1 0.772656 0.165527 0.770312 0.165527 0.76875 0.166504 0.767188 0.168945 0.766797 0.171875 0.767188 0.180176 0.766016 0.188477 0.766016 0.200684 0.764844 0.214844 0.764844 0.220215 0.765234 0.22168 0.766406 0.222656 0.768359 0.222168 0.772266 0.216797 0.773047 0.213379 0.775781 0.20752 0.777734 0.196289 0.777734 0.181641 0.776953 0.17334 0.775391 0.167969
1 0.807813 0.132812 0.805859 0.132812 0.803125 0.135742 0.795312 0.150391 0.790625 0.166992 0.790625 0.17041 0.791406 0.172852 0.794922 0.173828 0.798828 0.17041 0.804688 0.153809 0.809766 0.14502 0.810937 0.140625 0.810937 0.137695 0.809766 0.134766
1 0.798438 0.090332 0.798438 0.0874023 0.796875 0.0844727 0.7875 0.078125 0.778516 0.0766602 0.762109 0.0786133 0.75625 0.0786133 0.754297 0.0800781 0.755078 0.0859375 0.758594 0.0874023 0.775 0.0874023 0.793359 0.0917969 0.795703 0.0917969
1 0.897266 0.140625 0.892969 0.140137 0.888672 0.14209 0.88125 0.148438 0.872266 0.158691 0.869922 0.163086 0.869141 0.168945 0.871484 0.179688 0.873437 0.18457 0.875391 0.185547 0.877344 0.185059 0.878906 0.172852 0.881641 0.16748 0.892969 0.153809 0.898438 0.14502 0.898438 0.142578
2 0.870313 0.203125 0.872266 0.206543 0.875781 0.207031 0.880859 0.206055 0.891016 0.206055 0.893359 0.20459 0.89375 0.202148 0.892188 0.200684 0.888672 0.199219 0.878906 0.199219 0.873047 0.200195 0.871484 0.201172
2 0.678516 0.0810547 0.678906 0.0844727 0.680469 0.0864258 0.697656 0.0864258 0.698828 0.0849609 0.698438 0.081543 0.697266 0.0800781 0.695703 0.0795898 0.682031 0.0791016 0.680078 0.0795898
1 0.928125 0.134766 0.929297 0.13916 0.93125 0.140625 0.942969 0.144043 0.947266 0.144043 0.950391 0.14502 0.9625 0.14502 0.967578 0.146973 0.971094 0.146973 0.974219 0.143555 0.975781 0.140625 0.975781 0.137695 0.975 0.13623 0.971094 0.133301 0.957422 0.129395 0.948438 0.12793 0.941406 0.12793 0.933203 0.129883 0.929688 0.131836
1 1 0.200195 0.997656 0.200195 0.994531 0.198242 0.989453 0.198242 0.984375 0.201172 0.973828 0.216309 0.973828 0.222656 0.975 0.223633 0.979297 0.224609 0.983203 0.222656 0.989062 0.218262 0.992969 0.213379 0.994531 0.212402 1 0.212402
1 0.956641 0.261719 0.955859 0.260254 0.950391 0.259766 0.947266 0.260742 0.939063 0.26709 0.932813 0.27002 0.923438 0.276855 0.919141 0.277832 0.917578 0.279785 0.917578 0.280762 0.919922 0.283691 0.927344 0.286621 0.932031 0.286621 0.936328 0.285156 0.939844 0.282715 0.942969 0.279297 0.947656 0.276855 0.953906 0.270996 0.957031 0.266113
2 0.9625 0.29248 0.961328 0.294922 0.961328 0.30127 0.962891 0.310547 0.964844 0.314941 0.966797 0.317383 0.969531 0.319336 0.972656 0.319336 0.974219 0.317383 0.974219 0.314453 0.969922 0.304199 0.967969 0.294434 0.966406 0.29248
1 0.907031 0.313965 0.904687 0.310059 0.903516 0.310059 0.9 0.312012 0.891797 0.321289 0.884766 0.325195 0.877734 0.328125 0.871875 0.328125 0.864453 0.326172 0.863281 0.328125 0.863281 0.330566 0.873047 0.337891 0.877734 0.338867 0.885156 0.337402 0.89375 0.33252 0.903125 0.324219 0.906641 0.318848
1 0.915625 0.352539 0.914844 0.354492 0.914844 0.359375 0.916797 0.364746 0.917578 0.372559 0.919141 0.375977 0.926953 0.382812 0.931641 0.384766 0.940234 0.385742 0.944922 0.383789 0.944141 0.378906 0.941797 0.376953 0.937891 0.371582 0.932813 0.361328 0.926562 0.353027 0.923828 0.351074 0.919141 0.350098
1 0.789844 0.304199 0.785547 0.304199 0.782422 0.305664 0.779297 0.309082 0.776563 0.316406 0.775781 0.346191 0.776172 0.349121 0.778516 0.354004 0.780469 0.354004 0.782031 0.350586 0.782031 0.344727 0.784375 0.332031 0.785547 0.319336 0.786719 0.31543 0.789844 0.310547 0.791406 0.306152 0.791016 0.304688
1 0.717187 0.287109 0.716406 0.289062 0.717187 0.29834 0.716406 0.321777 0.716797 0.332031 0.718359 0.34082 0.719531 0.342285 0.723437 0.342285 0.725 0.34082 0.725391 0.338867 0.724609 0.327637 0.726172 0.31543 0.726172 0.30127 0.724219 0.293457 0.722266 0.289551 0.720703 0.288086
1 0.755469 0.359863 0.754687 0.361816 0.754687 0.364258 0.757031 0.371582 0.757031 0.377441 0.755859 0.387695 0.755859 0.393555 0.757031 0.398926 0.758984 0.404297 0.764844 0.412598 0.767188 0.414551 0.771094 0.414062 0.771484 0.409668 0.769531 0.402832 0.76875 0.381348 0.767969 0.376953 0.764062 0.368164 0.762109 0.366699 0.759375 0.362793
1 0.762891 0.422363 0.760547 0.425293 0.759766 0.429688 0.758594 0.442871 0.758594 0.45752 0.762891 0.470703 0.765625 0.472656 0.76875 0.472656 0.769531 0.47168 0.769531 0.45166 0.767969 0.42627 0.766016 0.422852
1 0.716797 0.400391 0.715625 0.401855 0.714453 0.40918 0.712109 0.416504 0.710156 0.426758 0.710156 0.432617 0.7125 0.44043 0.716797 0.449219 0.719531 0.452148 0.721094 0.452148 0.721875 0.450195 0.722266 0.442871 0.723437 0.4375 0.723437 0.432129 0.720703 0.421875 0.721875 0.404785 0.721484 0.402832 0.720313 0.401367
1 0.874609 0.46875 0.871484 0.46875 0.869141 0.471191 0.869141 0.48584 0.864844 0.500488 0.8625 0.515625 0.8625 0.521484 0.864453 0.523926 0.866797 0.522949 0.870703 0.518066 0.877734 0.501465 0.880469 0.491211 0.880859 0.480957 0.880078 0.475586 0.878516 0.47168 0.876953 0.469727
1 0.912891 0.412598 0.909375 0.412109 0.907422 0.413086 0.900391 0.419922 0.890234 0.426758 0.884766 0.431641 0.876172 0.442871 0.875 0.446289 0.875781 0.44873 0.878906 0.449219 0.88125 0.448242 0.894141 0.435059 0.904297 0.427734 0.908984 0.425293 0.912891 0.420898 0.914062 0.418457 0.914062 0.415527
1 0.716406 0.356934 0.715625 0.358398 0.716016 0.366211 0.71875 0.382812 0.721875 0.391602 0.722656 0.395996 0.728125 0.405762 0.731641 0.407715 0.735938 0.412109 0.737109 0.412109 0.737891 0.409668 0.737109 0.40332 0.727734 0.388672 0.725 0.379395 0.722656 0.367188 0.721875 0.35791 0.720313 0.356445
1 0.727734 0.524414 0.726172 0.528809 0.724219 0.538086 0.724219 0.544922 0.725781 0.554199 0.731641 0.571289 0.735547 0.576172 0.741016 0.578125 0.744531 0.574707 0.744531 0.570312 0.743359 0.567871 0.740625 0.566406 0.739062 0.564453 0.737891 0.55957 0.735547 0.554199 0.733594 0.538574 0.730469 0.525879 0.729297 0.524414
1 0.740625 0.562988 0.740234 0.563965 0.742578 0.567383 0.742969 0.569336 0.753516 0.585449 0.755078 0.589844 0.75625 0.591309 0.758594 0.592285 0.760156 0.591797 0.760938 0.587402 0.757422 0.579102 0.753906 0.573242 0.748437 0.566406 0.744922 0.563477
1 0.752344 0.608887 0.748437 0.610352 0.746875 0.612305 0.745313 0.617188 0.743359 0.629395 0.743359 0.648438 0.742578 0.657715 0.74375 0.659668 0.744922 0.659668 0.748047 0.65625 0.75 0.648438 0.751172 0.626953 0.753125 0.617188 0.754687 0.614258 0.754687 0.61084
1 0.858594 0.598633 0.854297 0.598633 0.852734 0.600586 0.851172 0.608398 0.848047 0.615234 0.839453 0.625488 0.833984 0.629883 0.827734 0.636719 0.827734 0.638672 0.828906 0.640137 0.834766 0.640137 0.844922 0.635742 0.853125 0.626953 0.857422 0.618652 0.860938 0.60791 0.860938 0.602539
1 0.847656 0.535156 0.846484 0.537598 0.846484 0.541016 0.848828 0.548828 0.861719 0.573242 0.864453 0.57666 0.86875 0.57959 0.876172 0.581055 0.877344 0.580566 0.877734 0.577637 0.874609 0.575195 0.866406 0.56543 0.862891 0.558105 0.857422 0.549316 0.852344 0.537109 0.850391 0.534668
1 0.872656 0.618164 0.86875 0.618164 0.866797 0.621094 0.861328 0.636719 0.860156 0.64209 0.860156 0.655273 0.860938 0.661621 0.863281 0.668457 0.865625 0.67041 0.866797 0.669922 0.86875 0.666992 0.868359 0.658691 0.869141 0.652832 0.869141 0.643066 0.872266 0.627441 0.873828 0.623535 0.873828 0.621094
1 0.813672 0.65332 0.811328 0.65625 0.810937 0.661133 0.817578 0.679199 0.822266 0.686523 0.828516 0.689453 0.832031 0.688965 0.833594 0.687012 0.833594 0.685547 0.828516 0.675293 0.826562 0.668945 0.817969 0.654297 0.815234 0.652832
1 1 0.581543 0.988281 0.577637 0.979688 0.57666 0.974609 0.577637 0.967187 0.58252 0.963281 0.587402 0.961719 0.588379 0.960156 0.591797 0.960156 0.595215 0.960938 0.598145 0.9625 0.600098 0.963672 0.600098 0.973047 0.596191 0.983594 0.594727 0.994141 0.589355 0.998047 0.585938 1 0.585938
1 1 0.499023 0.998437 0.499023 0.997266 0.500488 0.987109 0.522461 0.984375 0.526367 0.98125 0.529297 0.980859 0.534668 0.981641 0.535645 0.983203 0.536133 0.9875 0.534668 0.991016 0.531738 0.998437 0.521973 1 0.521973
1 0.794922 0.724121 0.790625 0.723145 0.784766 0.726074 0.767188 0.725586 0.755078 0.727051 0.753516 0.728027 0.752734 0.72998 0.754297 0.733887 0.755859 0.73584 0.758203 0.736816 0.784375 0.73584 0.787109 0.734863 0.791797 0.731445 0.794922 0.726562
2 0.575391 0.516113 0.573438 0.518555 0.574219 0.529297 0.576172 0.537109 0.578516 0.542969 0.579297 0.551758 0.580078 0.553223 0.58125 0.553223 0.583594 0.551758 0.584375 0.549805 0.584766 0.538086 0.583203 0.53418 0.579688 0.519043 0.577734 0.516602
2 0.599609 0.422363 0.599219 0.426758 0.600781 0.431152 0.601562 0.443848 0.602734 0.451172 0.60625 0.460449 0.607422 0.461914 0.610156 0.461914 0.611719 0.459961 0.611719 0.45459 0.608594 0.443848 0.606641 0.428223 0.603906 0.42334
1 0.616016 0.398438 0.615625 0.402832 0.619141 0.408203 0.619922 0.411133 0.619531 0.41748 0.617578 0.424805 0.617578 0.428711 0.618359 0.431641 0.619531 0.433594 0.623437 0.437012 0.630078 0.44043 0.631641 0.44043 0.632812 0.438477 0.632812 0.437012 0.629297 0.431152 0.627734 0.426758 0.628906 0.418945 0.628906 0.411621 0.626953 0.405762 0.623828 0.401367 0.619141 0.397949
1 0.633594 0.465332 0.630469 0.462891 0.627734 0.461914 0.623437 0.462402 0.617578 0.465332 0.605859 0.479492 0.6 0.490234 0.6 0.495117 0.601562 0.496582 0.60625 0.497559 0.610938 0.496582 0.615625 0.48584 0.622656 0.478516 0.63125 0.47168 0.633984 0.467285
1 0.627344 0.48584 0.628516 0.492188 0.634375 0.501465 0.644531 0.505371 0.652344 0.505859 0.657813 0.507812 0.662891 0.507812 0.664453 0.506348 0.664453 0.501465 0.663281 0.499512 0.646484 0.48877 0.639062 0.485352
1 0.633984 0.44873 0.63125 0.452148 0.630078 0.455078 0.629297 0.462402 0.630859 0.466797 0.629687 0.47168 0.629297 0.477051 0.628398 0.484473 0.628242 0.485889 0.627734 0.487793 0.628906 0.492188 0.632031 0.497559 0.632812 0.501465 0.634375 0.503418 0.638281 0.505371 0.639844 0.505371 0.640625 0.504395 0.640625 0.500488 0.639805 0.495605 0.640156 0.491992 0.639453 0.486328 0.637891 0.481934 0.636328 0.471191 0.635547 0.451172 0.635156 0.449707
1 0.611719 0.525879 0.603125 0.526367 0.599219 0.527832 0.594922 0.533203 0.592969 0.539062 0.592187 0.549316 0.593359 0.554688 0.594922 0.558594 0.599609 0.564941 0.602734 0.567871 0.604297 0.566895 0.604297 0.557129 0.603516 0.553223 0.604297 0.54248 0.607031 0.537598 0.612109 0.535645 0.613672 0.533691 0.614453 0.53125 0.614062 0.52832
1 0.596094 0.390137 0.587891 0.390625 0.582812 0.393066 0.578516 0.396973 0.575 0.40332 0.571875 0.413086 0.566406 0.42334 0.566016 0.428711 0.567969 0.431641 0.571875 0.430176 0.578516 0.42334 0.58125 0.417969 0.585156 0.413086 0.586328 0.40918 0.590625 0.401367 0.595313 0.39502 0.596875 0.394043 0.597266 0.391602
1 0.600391 0.376953 0.599609 0.375977 0.594141 0.375977 0.585938 0.378906 0.567969 0.392578 0.566797 0.395996 0.566797 0.398926 0.568359 0.400391 0.574609 0.399902 0.576953 0.397461 0.580078 0.395996 0.591016 0.387207 0.599609 0.381836 0.600781 0.379883
1 0.608203 0.345215 0.606641 0.345215 0.603516 0.347656 0.601953 0.352539 0.598828 0.358887 0.598047 0.362305 0.598047 0.370117 0.599219 0.376465 0.601562 0.383301 0.601172 0.38916 0.602734 0.390625 0.604297 0.390137 0.606641 0.386719 0.608594 0.385742 0.610156 0.383789 0.611719 0.379883 0.610938 0.373047 0.610938 0.362793 0.611719 0.36084 0.611328 0.350098 0.610547 0.347168
1 0.577344 0.362305 0.577344 0.36377 0.579688 0.365234 0.583984 0.36377 0.586328 0.36377 0.591406 0.365234 0.595703 0.368164 0.596875 0.368164 0.598437 0.366211 0.598828 0.358887 0.597656 0.356934 0.588281 0.352051 0.583984 0.352051 0.578906 0.357422
1 0.610547 0.382324 0.610547 0.383789 0.612891 0.385254 0.615625 0.38916 0.61875 0.389648 0.621094 0.391113 0.623047 0.393555 0.627344 0.395508 0.630469 0.399902 0.642578 0.411621 0.646875 0.414062 0.65 0.414062 0.650781 0.413086 0.650781 0.411621 0.648047 0.404785 0.644531 0.400391 0.640234 0.397949 0.635547 0.394043 0.631641 0.38916 0.627734 0.385742 0.623437 0.383789 0.619141 0.383789 0.616797 0.381836 0.611328 0.381348
1 0.321875 0.573242 0.317188 0.577637 0.316406 0.580566 0.316016 0.587891 0.316797 0.599121 0.31875 0.607422 0.321484 0.613281 0.323437 0.616211 0.324609 0.619629 0.325391 0.620605 0.327344 0.620605 0.328516 0.618652 0.328125 0.592773 0.326172 0.584961 0.327344 0.57666 0.326953 0.574219 0.326172 0.573242
1 0.355859 0.623047 0.354687 0.621582 0.351953 0.621094 0.3375 0.621094 0.323828 0.623047 0.317578 0.622559 0.316016 0.624023 0.315625 0.62793 0.317188 0.630371 0.323437 0.632812 0.332422 0.633301 0.341406 0.632324 0.346094 0.630859 0.352734 0.627441 0.355078 0.625
1 0.308203 0.650879 0.308203 0.652344 0.310156 0.654785 0.312109 0.654785 0.31875 0.651367 0.322656 0.650391 0.325781 0.651855 0.329297 0.655273 0.332031 0.65625 0.335547 0.655762 0.337891 0.652832 0.3375 0.650879 0.329688 0.641113 0.326172 0.63916 0.317188 0.63916 0.314453 0.640625 0.309375 0.646973
1 0.395703 0.603516 0.393359 0.602539 0.391016 0.603516 0.383203 0.612305 0.376172 0.623535 0.369531 0.636719 0.369531 0.642578 0.372266 0.643555 0.373828 0.643066 0.382422 0.633301 0.385547 0.628418 0.387109 0.624023 0.392578 0.614258 0.397266 0.608887 0.396875 0.60498
1 0.372266 0.576172 0.371875 0.579102 0.372656 0.580566 0.380078 0.583496 0.388672 0.588867 0.394922 0.591797 0.402734 0.597656 0.408203 0.604004 0.409766 0.604004 0.411719 0.602539 0.412109 0.598145 0.410156 0.59375 0.405078 0.588379 0.381641 0.575195 0.373437 0.574707
1 0.449609 0.572754 0.447656 0.574219 0.447656 0.578125 0.454688 0.588379 0.456641 0.594238 0.457031 0.599121 0.458203 0.603516 0.458203 0.608887 0.455078 0.617188 0.455078 0.622559 0.456641 0.623535 0.458984 0.623535 0.464453 0.616699 0.467969 0.608887 0.46875 0.604492 0.468359 0.597656 0.462109 0.583496 0.452734 0.573242
1 0.509375 0.563965 0.505469 0.562988 0.489063 0.581055 0.485547 0.583984 0.474609 0.589355 0.470703 0.592285 0.469141 0.594727 0.469141 0.598633 0.471484 0.599121 0.473828 0.597168 0.477734 0.596191 0.485938 0.595703 0.494531 0.589844 0.496094 0.586914 0.502734 0.579102 0.504297 0.575195 0.508594 0.569336
1 0.490625 0.639648 0.489844 0.641113 0.489844 0.643555 0.491016 0.646973 0.494141 0.651855 0.499219 0.662598 0.504297 0.67041 0.510156 0.677246 0.516797 0.682129 0.521484 0.682617 0.522266 0.680664 0.521094 0.675781 0.51875 0.671875 0.513672 0.666016 0.511328 0.661621 0.508594 0.658691 0.498437 0.64209 0.494922 0.63916
1 0.558984 0.624512 0.558203 0.627441 0.560547 0.632812 0.564844 0.637695 0.570703 0.64209 0.575 0.646484 0.580469 0.649414 0.585156 0.650879 0.589453 0.650879 0.592969 0.649414 0.594531 0.647949 0.594531 0.645996 0.591797 0.642578 0.586328 0.641113 0.58125 0.638184 0.566016 0.625977 0.561328 0.623535 0.559766 0.623535
1 0.383984 0.697266 0.382812 0.699707 0.382812 0.709961 0.389844 0.733887 0.392188 0.739746 0.400391 0.751465 0.403516 0.753418 0.405078 0.753418 0.407813 0.750488 0.407813 0.746094 0.401953 0.728516 0.394922 0.711914 0.391406 0.699707 0.389062 0.697266
1 0.354297 0.713379 0.349609 0.714355 0.342578 0.719238 0.337109 0.728027 0.335156 0.734375 0.334375 0.740723 0.330859 0.749512 0.330859 0.750977 0.332422 0.753418 0.334766 0.753418 0.338281 0.750488 0.344922 0.740723 0.348438 0.728027 0.355078 0.719727 0.355469 0.714844
1 0.503906 0.701172 0.502734 0.706055 0.504297 0.708984 0.507422 0.711914 0.515234 0.71582 0.518359 0.720215 0.520312 0.726562 0.522656 0.731445 0.525 0.733887 0.528906 0.736328 0.530078 0.736328 0.53125 0.734863 0.53125 0.730469 0.529687 0.725586 0.528125 0.716797 0.526172 0.711426 0.521094 0.705566 0.513672 0.701172 0.510938 0.700195 0.505078 0.700195
1 0.616016 0.698242 0.614453 0.697266 0.610156 0.69873 0.608594 0.701172 0.607812 0.705566 0.60625 0.709473 0.603516 0.712891 0.596094 0.717773 0.586719 0.720703 0.584375 0.723633 0.584375 0.726074 0.586719 0.729004 0.590234 0.730957 0.596484 0.730957 0.605469 0.726074 0.610938 0.72168 0.614062 0.716797 0.616016 0.710449 0.616797 0.704102 0.616797 0.700195
1 0.658984 0.699707 0.655469 0.698242 0.653125 0.69873 0.651563 0.700684 0.649609 0.707031 0.641016 0.717285 0.635156 0.720703 0.633203 0.723633 0.632812 0.726562 0.633984 0.728027 0.636719 0.728516 0.642578 0.728027 0.648047 0.725098 0.651953 0.720703 0.655078 0.712891 0.658984 0.706055
1 0.641797 0.734375 0.639453 0.727539 0.636328 0.726074 0.634375 0.726074 0.626172 0.734375 0.623047 0.73584 0.614062 0.735352 0.614844 0.740723 0.618359 0.745117 0.623828 0.746094 0.627734 0.744629 0.634766 0.737793 0.641016 0.736328
1 0.638281 0.773926 0.634766 0.770508 0.63125 0.770508 0.626563 0.772949 0.624609 0.775391 0.610156 0.787598 0.607812 0.792969 0.608203 0.794434 0.609766 0.796387 0.612109 0.796875 0.616797 0.793945 0.622266 0.791992 0.630469 0.785645 0.6375 0.789062 0.639062 0.789062 0.639844 0.787109 0.639844 0.780273
1 0.671094 0.766602 0.669922 0.765137 0.665625 0.764648 0.661719 0.767578 0.654687 0.775391 0.645312 0.787598 0.644141 0.793945 0.645312 0.79541 0.647656 0.79541 0.653125 0.791504 0.658203 0.786133 0.665234 0.776367 0.671484 0.77002
2 0.548047 0.768066 0.544922 0.76709 0.542969 0.768555 0.5375 0.77832 0.530859 0.792969 0.528125 0.812012 0.528516 0.816406 0.529687 0.819824 0.531641 0.819824 0.533203 0.818359 0.534375 0.808594 0.536328 0.803223 0.536719 0.799316 0.538672 0.791992 0.542188 0.785156 0.54375 0.780273 0.548438 0.773926 0.548828 0.769531
1 0.634375 0.63916 0.632422 0.64209 0.632812 0.647949 0.638281 0.660645 0.642578 0.667969 0.646484 0.671875 0.651172 0.674316 0.653906 0.676758 0.658594 0.677246 0.661328 0.67627 0.661719 0.671875 0.653906 0.65918 0.651953 0.65332 0.651172 0.646973 0.644531 0.641113 0.640234 0.638672 0.6375 0.638184
1 0.678906 0.680664 0.677344 0.677734 0.674219 0.675781 0.665234 0.67627 0.654297 0.679688 0.651563 0.682129 0.645312 0.685059 0.639453 0.69043 0.635156 0.696777 0.633984 0.699707 0.633984 0.70166 0.635938 0.703125 0.638672 0.703125 0.645703 0.69873 0.653906 0.696289 0.660937 0.69043 0.669531 0.687012 0.674609 0.686035 0.676953 0.68457 0.678516 0.682617
1 0.656641 0.876953 0.655469 0.875977 0.652344 0.875977 0.649219 0.877441 0.641406 0.884766 0.633984 0.893555 0.629297 0.90332 0.628125 0.907227 0.623047 0.916504 0.622266 0.918945 0.622266 0.921387 0.623047 0.922363 0.627734 0.921875 0.635938 0.910156 0.641016 0.901367 0.656641 0.883301
1 0.560937 0.901367 0.560937 0.907227 0.563672 0.915039 0.567187 0.920898 0.575781 0.930664 0.580078 0.933594 0.585156 0.935059 0.594922 0.93457 0.596875 0.933105 0.597656 0.929688 0.596094 0.926758 0.585156 0.919434 0.580859 0.914551 0.571094 0.908691 0.564453 0.901367
1 0.540625 0.853516 0.536719 0.853516 0.534375 0.856445 0.534375 0.859863 0.536328 0.866699 0.536719 0.87207 0.530469 0.880371 0.525781 0.883789 0.521094 0.885254 0.520312 0.88623 0.520312 0.890137 0.521094 0.891602 0.530469 0.891602 0.533984 0.890625 0.538281 0.887695 0.542188 0.882324 0.544141 0.876465 0.544141 0.870117 0.542578 0.861328 0.542578 0.856445
1 0.461719 0.885254 0.459766 0.883301 0.45625 0.883301 0.454297 0.884277 0.450391 0.88916 0.432031 0.904785 0.428906 0.910156 0.428516 0.916992 0.429297 0.919922 0.430469 0.920898 0.432031 0.920898 0.434766 0.916992 0.448828 0.908691 0.457813 0.897949 0.461328 0.890625 0.462109 0.887207
1 0.468359 0.916016 0.469141 0.92041 0.476172 0.928223 0.477344 0.930664 0.479687 0.933105 0.48125 0.936523 0.484766 0.940918 0.489453 0.944824 0.495703 0.947754 0.503516 0.94873 0.508594 0.950684 0.510938 0.950684 0.513281 0.94873 0.513672 0.943848 0.511328 0.94043 0.502344 0.932129 0.498828 0.930176 0.486719 0.92041 0.475781 0.915039 0.469531 0.915039
1 0.494531 0.949707 0.489844 0.953613 0.488281 0.958496 0.488281 0.964355 0.492188 0.979492 0.497266 0.994141 0.501172 0.998535 0.502344 0.998535 0.503125 0.995117 0.503125 0.990723 0.504687 0.983887 0.504687 0.979004 0.503516 0.973633 0.501953 0.969727 0.500391 0.967773 0.499219 0.963867 0.499219 0.951172 0.498047 0.949707
1 0.490625 0.976074 0.489453 0.974121 0.485938 0.974121 0.480469 0.97998 0.471484 0.985352 0.467578 0.986816 0.458984 0.987305 0.457031 0.98877 0.457031 0.990234 0.458594 0.994629 0.462109 0.996582 0.468359 0.99707 0.473828 0.995605 0.485938 0.985352 0.491016 0.979004
1 0.544922 0.944824 0.541406 0.946289 0.537109 0.952637 0.534375 0.959473 0.531641 0.969727 0.530859 0.978027 0.531641 0.98584 0.532422 0.987793 0.535156 0.991211 0.536328 0.991699 0.541016 0.991699 0.542188 0.989746 0.542188 0.979004 0.543359 0.967285 0.548047 0.951172 0.546875 0.946777
1 0.504297 0.988281 0.504297 0.990723 0.50625 0.994629 0.506641 0.997559 0.510547 1 0.540625 1 0.540234 0.997559 0.535937 0.995117 0.532813 0.992188 0.526563 0.990723 0.522266 0.988281 0.517188 0.987305 0.513281 0.985352 0.506641 0.984863 0.505078 0.986328
2 0.673047 0.884277 0.673047 0.887207 0.68125 0.896484 0.688281 0.902832 0.690625 0.902832 0.691797 0.901855 0.691797 0.899902 0.691016 0.898438 0.680078 0.885742 0.678125 0.884277 0.674609 0.883301
1 0.7125 0.879395 0.710938 0.882324 0.710547 0.887695 0.7125 0.898438 0.712891 0.909668 0.715234 0.915527 0.717187 0.918457 0.721094 0.921387 0.726172 0.922363 0.732422 0.921875 0.733203 0.919922 0.732031 0.918457 0.728906 0.916992 0.725 0.911133 0.722656 0.900391 0.71875 0.888672 0.717578 0.881836 0.715625 0.879883
2 0.751563 0.896484 0.75 0.900391 0.749609 0.906738 0.748437 0.909668 0.748437 0.91748 0.751172 0.926758 0.754687 0.935547 0.755469 0.940918 0.757812 0.943848 0.760547 0.944824 0.763281 0.943359 0.765625 0.940918 0.766016 0.934082 0.762109 0.92334 0.758594 0.916016 0.757812 0.899902 0.755469 0.896484
1 0.7875 0.923828 0.782813 0.924805 0.778906 0.927734 0.773828 0.929688 0.771094 0.932129 0.766016 0.938477 0.764453 0.944336 0.764453 0.951172 0.765234 0.955566 0.770312 0.96875 0.771875 0.970703 0.775781 0.970703 0.776953 0.969238 0.776953 0.963379 0.775781 0.959473 0.775781 0.955078 0.788281 0.930664 0.788672 0.925781
1 0.799219 0.822266 0.798047 0.82373 0.797656 0.825684 0.797656 0.850098 0.799609 0.856934 0.800781 0.858887 0.801562 0.863281 0.802734 0.864746 0.806641 0.864746 0.807813 0.862793 0.80625 0.848145 0.807031 0.82959 0.805859 0.825684 0.803906 0.822754
1 0.853125 0.797852 0.848828 0.797363 0.841016 0.810547 0.835938 0.822754 0.832422 0.838867 0.830469 0.842773 0.830859 0.844238 0.833594 0.845215 0.837109 0.842773 0.84375 0.834961 0.848047 0.828125 0.850391 0.822266 0.851953 0.810547 0.854297 0.803223 0.853906 0.798828
1 0.832031 0.839844 0.829688 0.839355 0.826172 0.845215 0.822266 0.855469 0.821094 0.860352 0.812109 0.879883 0.807813 0.885742 0.807031 0.891113 0.810937 0.891113 0.815625 0.884766 0.819141 0.882324 0.821094 0.877441 0.823828 0.873535 0.830078 0.85791 0.833203 0.847656 0.833594 0.841797
1 0.868359 0.902344 0.864844 0.901367 0.857422 0.90625 0.853125 0.910156 0.848437 0.916016 0.844531 0.922363 0.843359 0.925781 0.842187 0.937012 0.842187 0.944336 0.843359 0.947266 0.844531 0.948242 0.846094 0.948242 0.847266 0.947266 0.849609 0.942871 0.851562 0.936523 0.855469 0.931641 0.858594 0.924316 0.862891 0.91748 0.866797 0.912598 0.869922 0.910156 0.870313 0.905273
1 0.843359 0.947754 0.841016 0.949707 0.839063 0.957031 0.839063 0.967773 0.839844 0.973633 0.839844 0.995117 0.841016 1 0.846875 1 0.85 0.995117 0.851953 0.989746 0.851953 0.97998 0.850781 0.976074 0.846875 0.949707 0.845703 0.947754
1 0.86875 0.944824 0.866406 0.94873 0.866016 0.955566 0.864844 0.959961 0.864453 0.966309 0.865234 0.977539 0.866016 0.97998 0.873047 0.989258 0.876563 0.989258 0.877344 0.984863 0.877344 0.978027 0.879297 0.96875 0.878906 0.955078 0.877734 0.950684 0.875781 0.947754 0.873047 0.945312
1 0.909766 0.91748 0.907813 0.91748 0.900781 0.92627 0.898828 0.931641 0.898828 0.939453 0.9 0.944824 0.903125 0.951172 0.904687 0.953125 0.907422 0.95459 0.911328 0.953125 0.913281 0.950195 0.910547 0.936523 0.911719 0.930176 0.913281 0.926758 0.913281 0.922363 0.9125 0.919434
1 0.971484 0.926758 0.971484 0.923828 0.969922 0.920898 0.964453 0.918945 0.952344 0.919434 0.943359 0.921387 0.939453 0.92334 0.933594 0.922363 0.928516 0.919434 0.926953 0.919434 0.925781 0.920898 0.926953 0.925293 0.935547 0.935059 0.946094 0.939453 0.95 0.938477 0.958594 0.932617 0.967187 0.931152 0.969531 0.929688
1 0.946094 0.948242 0.944531 0.946777 0.942578 0.947266 0.941016 0.952148 0.935937 0.959473 0.925781 0.972168 0.919922 0.976562 0.917188 0.980469 0.911719 0.984863 0.909766 0.987793 0.909766 0.990234 0.911328 0.991699 0.913281 0.991699 0.920312 0.989746 0.925 0.986816 0.931641 0.980957 0.935156 0.974609 0.938672 0.970215 0.941016 0.964355 0.944922 0.959961 0.946484 0.952637
1 0.966406 0.869629 0.9625 0.872559 0.958594 0.880859 0.95625 0.893066 0.95625 0.902832 0.957031 0.907227 0.959766 0.912598 0.965234 0.916016 0.970313 0.91748 0.972266 0.914551 0.972656 0.910645 0.969922 0.905762 0.969141 0.902832 0.969531 0.892578 0.972656 0.879395 0.972656 0.874023 0.971484 0.871094 0.969922 0.870117
2 0.908594 0.972656 0.904297 0.97168 0.903125 0.973145 0.899219 0.987305 0.894141 0.997559 0.894141 1 0.902734 1 0.906641 0.994141 0.908203 0.989746 0.909375 0.980957 0.909375 0.974609
1 0.971484 0.808105 0.971484 0.813965 0.976953 0.827637 0.982812 0.838867 0.989844 0.848633 0.997266 0.854492 1 0.85498 1 0.848145 0.998437 0.848145 0.995703 0.843262 0.991406 0.838379 0.985547 0.827148 0.982422 0.822754 0.979688 0.81543 0.976562 0.80957 0.975 0.807617
1 0.909766 0.759277 0.911328 0.76123 0.914844 0.76123 0.923438 0.758301 0.927734 0.758301 0.941797 0.762207 0.946484 0.764648 0.948438 0.76416 0.949609 0.761719 0.949609 0.758789 0.944922 0.753418 0.939063 0.749023 0.928516 0.744141 0.923438 0.743652 0.919922 0.744629 0.914844 0.748047 0.910156 0.753906
1 0.978906 0.783691 0.976562 0.782715 0.973828 0.783203 0.971875 0.788086 0.969922 0.790527 0.965234 0.79248 0.958203 0.796875 0.956641 0.798828 0.956641 0.802734 0.957812 0.803711 0.960547 0.803711 0.971484 0.799805 0.974219 0.797852 0.976953 0.794434 0.979297 0.789551
1 0.897266 0.705566 0.895703 0.706543 0.892578 0.714355 0.891797 0.719727 0.891797 0.726074 0.889062 0.734375 0.889062 0.740723 0.891797 0.743652 0.89375 0.743164 0.895312 0.740723 0.900391 0.723633 0.900391 0.720215 0.901563 0.714844 0.901172 0.711426 0.9 0.70752 0.898828 0.706055
1 0.912891 0.683105 0.910937 0.683105 0.909375 0.68457 0.906641 0.693359 0.9 0.702637 0.896484 0.70459 0.895312 0.706055 0.895312 0.708008 0.894531 0.709473 0.894531 0.713379 0.895312 0.714355 0.900781 0.715332 0.901953 0.713867 0.904297 0.712891 0.910547 0.705566 0.914453 0.696289 0.915234 0.691406 0.915234 0.686035
2 0.967187 0.547852 0.964453 0.547363 0.961328 0.548828 0.950391 0.561035 0.949609 0.562988 0.949609 0.565918 0.950391 0.566895 0.952344 0.566895 0.955469 0.564941 0.963672 0.557617 0.966016 0.554688 0.967578 0.550293
1 0.356641 0.0761719 0.355859 0.0810547 0.357422 0.0825195 0.360938 0.0839844 0.367578 0.0913086 0.371484 0.0917969 0.373828 0.090332 0.373437 0.0849609 0.371094 0.0820312 0.366406 0.078125 0.361719 0.0756836
2 0.0671875 0.0351562 0.0660156 0.0366211 0.0660156 0.0385742 0.0671875 0.0400391 0.0675781 0.0400391 0.0679687 0.0405273 0.0683594 0.0405273 0.0691406 0.0415039 0.0691406 0.0419922 0.0703125 0.043457 0.0707031 0.043457 0.071875 0.0449219 0.0722656 0.0449219 0.0730469 0.0458984 0.0738281 0.0458984 0.0742188 0.0463867 0.0746094 0.0463867 0.0757812 0.0478516 0.0761719 0.0478516 0.078125 0.050293 0.078125 0.0507812 0.0820312 0.0556641 0.0820312 0.0561523 0.0828125 0.0571289 0.0828125 0.0576172 0.0839844 0.059082 0.0839844 0.0595703 0.0851563 0.0610352 0.0851563 0.0615234 0.0878906 0.0649414 0.0878906 0.0654297 0.0929688 0.0717773 0.0933594 0.0717773 0.09375 0.0722656 0.0941406 0.0722656 0.0945312 0.0727539 0.0945312 0.0732422 0.0964844 0.0756836 0.0964844 0.0761719 0.0984375 0.0786133 0.0988281 0.0786133 0.0992187 0.0791016 0.0996094 0.0791016 0.1 0.0795898 0.100391 0.0795898 0.100781 0.0800781 0.102344 0.0800781 0.103516 0.0786133 0.103516 0.0761719 0.101953 0.0742188 0.101953 0.0737305 0.1 0.0712891 0.1 0.0708008 0.0984375 0.0688477 0.0984375 0.0683594 0.0972656 0.0668945 0.0972656 0.0664062 0.0964844 0.0654297 0.0964844 0.0649414 0.0960938 0.0644531 0.0960938 0.0639648 0.0953125 0.0629883 0.0953125 0.0625 0.0945312 0.0615234 0.0945312 0.0610352 0.0933594 0.0595703 0.0933594 0.0585938 0.0929688 0.0581055 0.0929688 0.0576172 0.0921875 0.0566406 0.0921875 0.0561523 0.0917969 0.0556641 0.0917969 0.0551758 0.0914062 0.0546875 0.0914062 0.0541992 0.0902344 0.0527344 0.0902344 0.0517578 0.0894531 0.0507812 0.0894531 0.050293 0.0847656 0.0444336 0.084375 0.0444336 0.0828125 0.0424805 0.0824219 0.0424805 0.0820312 0.0419922 0.08125 0.0419922 0.0808594 0.0415039 0.0800781 0.0415039 0.0796875 0.0410156 0.0792969 0.0410156 0.0789062 0.0405273 0.078125 0.0405273 0.0777344 0.0400391 0.0773438 0.0400391 0.0769531 0.0395508 0.0761719 0.0395508 0.0757812 0.0390625 0.0753906 0.0390625 0.075 0.0385742 0.0746094 0.0385742 0.0742188 0.0380859 0.0734375 0.0380859 0.0730469 0.0375977 0.0714844 0.0375977 0.0695313 0.0351562
1 0 0.118164 0 0.160645 0.00078125 0.160645 0.00273437 0.158203 0.00273437 0.157227 0.003125 0.156738 0.003125 0.15625 0.00429688 0.154785 0.00429688 0.154297 0.00507813 0.15332 0.00507813 0.151855 0.00546875 0.151367 0.00546875 0.134766 0.0046875 0.133789 0.0046875 0.133301 0.00429688 0.132812 0.00429688 0.130859 0.00390625 0.130371 0.00390625 0.128906 0.00351563 0.128418 0.00351563 0.126953 0.003125 0.126465 0.003125 0.125977 0.00273437 0.125488 0.00273437 0.124512 0.00234375 0.124023 0.00234375 0.123535 0.00195312 0.123047 0.00195312 0.12207 0.00117187 0.121094 0.00117187 0.119629
