1 0.312266 0.420996 0.313113 0.420874 0.313785 0.420518 0.3145 0.42022 0.315027 0.419443 0.315121 0.418428 0.31498 0.417349 0.314691 0.416094 0.3145 0.415078 0.31423 0.413325 0.305078 0.402344 0.303516 0.398926 0.3 0.394531 0.297656 0.394043 0.295312 0.39502 0.293359 0.397949 0.294141 0.404785 0.297656 0.414062 0.302344 0.418945 0.311328 0.420898
1 0.517188 0.51416 0.514453 0.515137 0.508594 0.519043 0.50625 0.523438 0.505078 0.528809 0.505469 0.532715 0.507422 0.538086 0.508594 0.544434 0.509766 0.546387 0.513672 0.546875 0.515625 0.544434 0.515625 0.539551 0.517188 0.534668 0.519141 0.520996 0.51875 0.516113
1 0.522656 0.711914 0.521094 0.711914 0.517969 0.713867 0.514453 0.720215 0.513672 0.725586 0.514453 0.73584 0.516016 0.740723 0.518359 0.741211 0.521094 0.736816 0.525781 0.726074 0.525781 0.714844 0.524609 0.712891
1 0.579297 0.617676 0.579688 0.619629 0.581641 0.623047 0.585547 0.62793 0.594922 0.633301 0.605078 0.631836 0.606641 0.630859 0.608203 0.628418 0.607422 0.622559 0.603906 0.617676 0.601172 0.616211 0.589453 0.61377 0.583594 0.61377 0.580469 0.615723
1 0.291797 0.735352 0.291406 0.740234 0.294141 0.746094 0.3 0.75293 0.302734 0.755371 0.305859 0.756836 0.308984 0.756836 0.311328 0.755371 0.311328 0.75293 0.309375 0.748535 0.301953 0.737305 0.296484 0.733887 0.293359 0.733887
1 0.285938 0.637207 0.283984 0.634766 0.280078 0.632324 0.274609 0.632812 0.268359 0.637207 0.260937 0.646484 0.261328 0.652344 0.263672 0.654785 0.267578 0.654785 0.275 0.649414 0.278125 0.648438 0.28125 0.64502 0.285156 0.643555 0.286328 0.64209
1 0.209375 0.644531 0.208203 0.644531 0.206641 0.646484 0.205859 0.649414 0.200391 0.658203 0.198828 0.662109 0.198437 0.671387 0.200391 0.676758 0.201563 0.677734 0.204687 0.677734 0.205859 0.676758 0.207422 0.672363 0.213672 0.662109 0.215234 0.657715 0.215625 0.652344 0.214062 0.647461
1 0.205859 0.632812 0.201172 0.633301 0.196484 0.640137 0.195312 0.643555 0.192578 0.647461 0.190625 0.651855 0.189844 0.657715 0.191016 0.659668 0.192578 0.660645 0.198828 0.659668 0.203516 0.654297 0.204297 0.651367 0.207422 0.645508 0.207813 0.636719
1 0.150391 0.737793 0.149609 0.739746 0.15 0.748047 0.152734 0.754883 0.157812 0.759766 0.162891 0.760254 0.166406 0.754395 0.165625 0.748535 0.161719 0.743652 0.155469 0.738281
1 0.125781 0.730469 0.125 0.73291 0.125391 0.737793 0.126562 0.740723 0.130469 0.745605 0.137891 0.748535 0.142187 0.748535 0.143359 0.74707 0.14375 0.744141 0.142969 0.742188 0.139063 0.736816 0.131641 0.729004 0.127344 0.729004
1 0.189062 0.846191 0.189062 0.848633 0.190625 0.852051 0.199219 0.861816 0.201563 0.863281 0.207031 0.865234 0.212109 0.868164 0.214844 0.867676 0.220312 0.86084 0.220312 0.856445 0.2125 0.851074 0.208203 0.849121 0.205859 0.84668 0.197266 0.841797 0.192969 0.841797
1 0.198047 0.90918 0.193359 0.908691 0.186328 0.914551 0.183984 0.917969 0.180859 0.925293 0.180469 0.93457 0.180859 0.94043 0.181641 0.941406 0.185938 0.942871 0.190234 0.942871 0.193359 0.94043 0.194531 0.936035 0.197266 0.930176 0.199219 0.921875 0.199219 0.913574
1 0.328125 0.93457 0.328906 0.939941 0.330078 0.941406 0.333594 0.943359 0.343359 0.943848 0.349219 0.941895 0.350781 0.939941 0.350781 0.936035 0.349609 0.934082 0.342187 0.930664 0.333984 0.930176 0.329688 0.932129
1 0.554297 0.919922 0.552734 0.922363 0.552344 0.927246 0.554688 0.933105 0.558203 0.9375 0.561719 0.939941 0.566797 0.941895 0.570312 0.941406 0.571094 0.94043 0.571094 0.9375 0.569922 0.929688 0.561328 0.919434 0.557031 0.918457
1 0.573438 0.928223 0.571875 0.931152 0.572656 0.936035 0.574219 0.94043 0.576953 0.942871 0.579297 0.946289 0.582812 0.948242 0.584766 0.948242 0.587109 0.944824 0.588281 0.940918 0.587891 0.937988 0.586328 0.93457 0.583203 0.930664 0.576953 0.927246 0.575 0.927246
1 0.639453 0.966797 0.637891 0.96875 0.636719 0.973145 0.6375 0.979492 0.643359 0.984863 0.649609 0.986816 0.652734 0.98584 0.653906 0.983887 0.653125 0.979004 0.647656 0.969238 0.643359 0.965332 0.641797 0.965332
1 0.513281 0.898438 0.512109 0.896484 0.508594 0.89502 0.498047 0.89502 0.490625 0.897461 0.485938 0.900391 0.480859 0.905273 0.478906 0.909668 0.479297 0.914062 0.480859 0.916992 0.486328 0.919434 0.489063 0.922363 0.492578 0.92334 0.495703 0.922852 0.498047 0.921387 0.501953 0.916016 0.511328 0.906738 0.513672 0.900879
1 0.730469 0.974609 0.730469 0.979004 0.734375 0.981445 0.738281 0.986328 0.746484 0.990234 0.754687 0.991211 0.756641 0.990723 0.758594 0.98877 0.758984 0.979492 0.75625 0.975098 0.751953 0.973633 0.744141 0.973145 0.741406 0.972168 0.732422 0.972656
1 0.722656 0.997559 0.722656 1 0.74375 1 0.744141 0.999023 0.742969 0.992676 0.741016 0.990234 0.728516 0.990234 0.725 0.992188
1 0.789844 0.885742 0.789844 0.892578 0.794531 0.900879 0.798828 0.90332 0.807031 0.90332 0.808984 0.901855 0.809375 0.900391 0.807422 0.89502 0.800781 0.886719 0.795703 0.883301 0.792188 0.883789
1 0.737109 0.847656 0.733203 0.844238 0.727344 0.845215 0.722656 0.851074 0.721484 0.855957 0.721875 0.85791 0.724609 0.860352 0.729688 0.860352 0.736719 0.857422 0.738672 0.853516 0.738672 0.851562
1 0.603516 0.981445 0.6 0.980469 0.596094 0.983887 0.591797 0.993164 0.592187 1 0.601953 1 0.603516 0.993652 0.605859 0.989258 0.605469 0.984375
1 0.851953 0.918945 0.849609 0.922852 0.849219 0.931152 0.85 0.935059 0.852344 0.940918 0.857031 0.945801 0.863672 0.949707 0.866016 0.950195 0.868359 0.949219 0.869531 0.947266 0.869141 0.943359 0.862891 0.934082 0.855859 0.92041 0.853906 0.918457
1 0.860938 0.949219 0.856641 0.949219 0.853125 0.950684 0.850391 0.953613 0.849609 0.961426 0.850781 0.963379 0.854297 0.963379 0.858203 0.960938 0.859766 0.958984 0.861719 0.95459 0.861719 0.950195
1 0.963672 0.944336 0.964063 0.949707 0.965234 0.952148 0.966797 0.953613 0.974219 0.955566 0.98125 0.955566 0.983203 0.95459 0.985156 0.951172 0.985156 0.948242 0.983594 0.944336 0.975391 0.939941 0.966797 0.939453 0.964844 0.941406
1 0.962891 0.908691 0.960156 0.907227 0.956641 0.907227 0.953516 0.908691 0.950781 0.911133 0.947656 0.919434 0.948047 0.924316 0.950781 0.928711 0.955859 0.929199 0.960547 0.926758 0.963672 0.92334 0.964844 0.920898 0.965625 0.914551 0.964453 0.910645
1 0.960938 0.882324 0.959375 0.885254 0.959375 0.887207 0.964453 0.899902 0.971094 0.905273 0.975391 0.905273 0.978125 0.901855 0.978125 0.897949 0.976562 0.891113 0.975 0.887695 0.971484 0.883789 0.967578 0.881348 0.9625 0.881348
1 0.958203 0.850586 0.957422 0.851562 0.957422 0.855469 0.960938 0.867676 0.963672 0.871094 0.967187 0.878418 0.96875 0.880371 0.973828 0.882812 0.975391 0.882324 0.977344 0.879395 0.977734 0.875977 0.972266 0.860352 0.967578 0.853027 0.964844 0.851562
1 0.925781 0.836914 0.919531 0.833496 0.914062 0.829102 0.911328 0.828613 0.903516 0.832031 0.898047 0.837402 0.897656 0.842773 0.898828 0.844238 0.901172 0.845215 0.905859 0.845215 0.917969 0.843262 0.922656 0.841309 0.925781 0.838379
1 0.910937 0.818359 0.910547 0.82373 0.911328 0.825684 0.914844 0.830566 0.919531 0.833984 0.928125 0.836914 0.937109 0.838379 0.941406 0.837891 0.942969 0.836426 0.943359 0.83252 0.939063 0.827148 0.929688 0.819336 0.924219 0.815918 0.91875 0.814941 0.911719 0.817383
1 0.816406 0.767578 0.815234 0.769043 0.815234 0.775391 0.816797 0.780273 0.819531 0.783691 0.823047 0.786133 0.828516 0.786133 0.830078 0.78418 0.830078 0.777832 0.826562 0.772949 0.819531 0.767578
1 0.870703 0.764648 0.86875 0.762207 0.860156 0.762207 0.855469 0.763184 0.848828 0.762695 0.841016 0.767578 0.8375 0.772949 0.8375 0.775879 0.838281 0.777832 0.840234 0.779785 0.846094 0.780273 0.857812 0.773438 0.866016 0.773438 0.86875 0.772461 0.870313 0.769531
1 0.875781 0.689453 0.876172 0.696289 0.880469 0.699707 0.885547 0.699707 0.889062 0.69873 0.892188 0.695801 0.891406 0.69043 0.889062 0.6875 0.884375 0.68457 0.879687 0.684082 0.877344 0.686035
1 0.821875 0.577148 0.819141 0.58252 0.819531 0.587402 0.821484 0.592773 0.825781 0.600586 0.828125 0.603516 0.83125 0.61084 0.833984 0.612305 0.837109 0.611816 0.838672 0.609375 0.838672 0.605469 0.837891 0.603027 0.8375 0.597656 0.835547 0.592285 0.830859 0.583984 0.826562 0.578125
1 0.841406 0.612305 0.840625 0.618164 0.841797 0.620605 0.853125 0.632812 0.860156 0.63623 0.865234 0.635254 0.86875 0.632812 0.869531 0.628906 0.869141 0.626465 0.866406 0.62207 0.861719 0.617188 0.85 0.609863 0.844922 0.609863
1 0.834766 0.617188 0.833203 0.617188 0.829688 0.619141 0.826172 0.623535 0.824609 0.627441 0.822266 0.635742 0.822266 0.640137 0.823047 0.643066 0.825781 0.645508 0.830859 0.645508 0.833594 0.644043 0.836328 0.641113 0.838672 0.63623 0.839453 0.633301 0.839453 0.62793 0.836328 0.618164
1 0.826172 0.656738 0.826562 0.662109 0.830469 0.66748 0.842578 0.67627 0.848047 0.67627 0.851172 0.674316 0.853125 0.671875 0.853125 0.67041 0.851562 0.667969 0.841797 0.665039 0.839844 0.661133 0.840625 0.656738 0.839063 0.655273 0.834375 0.65332 0.829688 0.65332 0.826953 0.655273
1 0.839453 0.655762 0.839453 0.661621 0.840625 0.664551 0.852344 0.669434 0.857812 0.668945 0.858984 0.667969 0.858594 0.664551 0.85625 0.661621 0.854688 0.657227 0.852734 0.655273 0.848828 0.652832 0.844922 0.651855 0.840625 0.653809
1 0.839844 0.631836 0.839063 0.635742 0.839453 0.638672 0.842969 0.64502 0.84375 0.648438 0.845703 0.650879 0.849219 0.65332 0.855859 0.655762 0.857812 0.655762 0.862109 0.652344 0.863281 0.646973 0.861719 0.642578 0.858203 0.63623 0.850391 0.631348 0.846875 0.630371 0.844141 0.630371
1 0.934766 0.725586 0.932031 0.727051 0.930469 0.729492 0.929297 0.735352 0.928906 0.744629 0.935547 0.754883 0.936719 0.754883 0.939453 0.753418 0.941406 0.75 0.942578 0.745117 0.942578 0.739746 0.941016 0.730957 0.939453 0.726562 0.937891 0.725586
1 0.916406 0.771973 0.916016 0.774902 0.917969 0.779297 0.91875 0.785156 0.920703 0.787598 0.923047 0.792969 0.926953 0.797852 0.928516 0.797852 0.931641 0.794922 0.935156 0.792969 0.936719 0.791016 0.9375 0.787598 0.936328 0.783203 0.928516 0.772461 0.920312 0.770996
1 0.904687 0.759277 0.9 0.758301 0.891016 0.763184 0.888672 0.768066 0.888672 0.770996 0.889844 0.773926 0.896484 0.780273 0.901563 0.780762 0.903906 0.779785 0.910547 0.77002 0.910156 0.76709 0.908594 0.763184
1 0.895703 0.740234 0.894531 0.744629 0.894531 0.749512 0.901563 0.756836 0.907813 0.760254 0.913672 0.759766 0.917578 0.758789 0.919922 0.757324 0.920312 0.751953 0.919531 0.748535 0.917188 0.744629 0.9125 0.740723 0.909375 0.739746 0.905078 0.736816 0.897266 0.73877
1 0.9875 0.779785 0.983203 0.779785 0.976562 0.790527 0.970313 0.798828 0.969922 0.804199 0.972266 0.808594 0.973828 0.810059 0.976172 0.809082 0.987891 0.79541 0.989453 0.790039 0.989062 0.782715
1 1 0.790527 0.998047 0.790527 0.993359 0.792969 0.989062 0.798828 0.988672 0.803223 0.986328 0.807617 0.984766 0.812988 0.985938 0.817383 0.989062 0.820801 0.991016 0.820801 0.992578 0.819824 0.995703 0.81543 0.998437 0.809082 1 0.808594
1 0.888281 0.803223 0.884375 0.802246 0.880078 0.802246 0.876172 0.806641 0.867969 0.82373 0.867578 0.829102 0.869531 0.833496 0.876172 0.836914 0.877734 0.836426 0.882422 0.831543 0.890625 0.818848 0.891016 0.807129
1 0.895312 0.784668 0.890625 0.788086 0.890625 0.794434 0.891406 0.796875 0.891406 0.799316 0.890234 0.803223 0.891406 0.807617 0.89375 0.80957 0.895703 0.810059 0.900391 0.813477 0.904297 0.813965 0.905469 0.812988 0.907422 0.808594 0.907031 0.799316 0.904297 0.789062 0.901953 0.785645 0.900391 0.784668
1 0.953125 0.755859 0.952734 0.754883 0.948438 0.75293 0.941016 0.753418 0.928125 0.761719 0.926562 0.763672 0.926562 0.765625 0.930078 0.770508 0.932031 0.771484 0.939844 0.770508 0.943359 0.768066 0.95 0.765137 0.952734 0.760742
1 0.949609 0.803223 0.949609 0.808105 0.950781 0.813477 0.954297 0.818848 0.962891 0.822266 0.967187 0.822266 0.971094 0.818848 0.973047 0.812012 0.972266 0.80957 0.969922 0.807129 0.960547 0.803223 0.954297 0.803223 0.952344 0.802246 0.950781 0.802246
1 0.975391 0.827637 0.977734 0.833984 0.980469 0.836914 0.984766 0.839844 0.99375 0.839844 0.998047 0.836426 1 0.835938 1 0.828613 0.998437 0.828613 0.997266 0.827148 0.991016 0.82373 0.978906 0.82373 0.977734 0.824219
1 0.942969 0.788574 0.941797 0.794434 0.942187 0.803223 0.942969 0.804199 0.946875 0.805176 0.951562 0.805176 0.955469 0.803711 0.959766 0.804199 0.9625 0.802734 0.963281 0.800781 0.963281 0.797852 0.959766 0.791992 0.955078 0.789062 0.949609 0.787598 0.944141 0.787598
1 0.982812 0.757324 0.979688 0.754883 0.970313 0.755371 0.965625 0.758789 0.962109 0.760254 0.959766 0.763184 0.959766 0.765137 0.967578 0.772461 0.973437 0.772461 0.976172 0.770996 0.982031 0.765137 0.983203 0.76123
1 0.900781 0.710938 0.899609 0.712402 0.898828 0.718262 0.899609 0.724609 0.902344 0.732422 0.905469 0.73584 0.911719 0.740234 0.915234 0.741699 0.916797 0.741699 0.919531 0.740234 0.919141 0.735352 0.917188 0.731934 0.912109 0.716309 0.908984 0.712402 0.906641 0.710938
1 0.923047 0.708008 0.920703 0.710938 0.921094 0.715332 0.919141 0.725098 0.919141 0.731445 0.921875 0.740723 0.923438 0.742676 0.927344 0.745117 0.930078 0.745117 0.930859 0.744629 0.930469 0.738281 0.93125 0.73584 0.930859 0.714355 0.928125 0.709473 0.925 0.708008
1 0.951953 0.821777 0.951953 0.829102 0.950391 0.83252 0.950391 0.836426 0.951172 0.838379 0.955078 0.840332 0.958594 0.843262 0.962891 0.84375 0.967578 0.845215 0.971094 0.840332 0.973828 0.838379 0.973828 0.83252 0.969141 0.82666 0.956641 0.819824 0.953906 0.819824
1 0.968359 0.843262 0.967578 0.853027 0.971484 0.858887 0.974609 0.86084 0.977734 0.861816 0.983594 0.861816 0.985938 0.860352 0.990625 0.853516 0.989844 0.848633 0.9875 0.844238 0.982031 0.84082 0.978516 0.839355 0.974219 0.838867
1 0.989062 0.752441 0.983984 0.755371 0.983203 0.757324 0.983203 0.761719 0.986719 0.774902 0.991016 0.780273 0.994922 0.78125 0.996875 0.780273 0.998828 0.777344 1 0.777344 1 0.771484 0.998828 0.771484 0.998047 0.77002 0.996875 0.761719 0.994141 0.753906 0.991797 0.752441
2 0.967969 0.743652 0.966406 0.743652 0.963672 0.747559 0.961719 0.749023 0.958984 0.753418 0.95625 0.754883 0.955078 0.758789 0.951562 0.76416 0.94375 0.769531 0.942187 0.774902 0.941797 0.783691 0.94375 0.787598 0.952344 0.787109 0.959375 0.782227 0.962891 0.780762 0.966406 0.775879 0.968359 0.774902 0.967969 0.773438 0.964453 0.771973 0.959766 0.76416 0.960156 0.759766 0.961328 0.758301 0.971094 0.755371 0.971094 0.754395 0.967969 0.750488 0.96875 0.744629
1 0.849609 0.541016 0.848047 0.543457 0.848828 0.550293 0.853906 0.558105 0.857812 0.55957 0.864453 0.550293 0.864062 0.54834 0.861328 0.543945 0.857422 0.541504 0.854297 0.540527
1 0.877734 0.549805 0.873828 0.547363 0.869141 0.547363 0.861719 0.550293 0.855469 0.557617 0.855469 0.560547 0.856641 0.564453 0.859766 0.566895 0.862109 0.567383 0.866016 0.566406 0.869922 0.563477 0.874219 0.561523 0.878906 0.555176 0.878906 0.553223
1 0.885156 0.571777 0.88125 0.572266 0.879687 0.57373 0.877734 0.582031 0.878125 0.597168 0.878906 0.599609 0.880469 0.601074 0.885156 0.600586 0.889062 0.598633 0.891406 0.595703 0.892188 0.592773 0.891797 0.583984 0.8875 0.57373
1 0.872266 0.55957 0.867188 0.564453 0.867188 0.573242 0.865234 0.57959 0.864844 0.586426 0.865625 0.589355 0.86875 0.592285 0.870313 0.592773 0.872656 0.595215 0.876563 0.595215 0.877344 0.594238 0.876563 0.587891 0.876953 0.583008 0.878906 0.575684 0.878906 0.568359 0.876563 0.561035 0.874219 0.55957
1 0.932813 0.549805 0.930078 0.549805 0.923047 0.551758 0.919531 0.551758 0.914453 0.553223 0.912109 0.555176 0.911328 0.557129 0.911328 0.561035 0.914062 0.564941 0.919531 0.567383 0.924609 0.567383 0.927734 0.565918 0.930078 0.563477 0.932031 0.559082
2 0.930859 0.549805 0.930078 0.555664 0.93125 0.560547 0.932813 0.563477 0.939844 0.570312 0.941797 0.571289 0.945703 0.570801 0.946484 0.569824 0.946484 0.567871 0.944922 0.563965 0.944141 0.558105 0.942969 0.555664 0.939453 0.55127 0.935937 0.548828 0.933203 0.548828
1 0.982031 0.561035 0.980859 0.563477 0.980859 0.570312 0.981641 0.57959 0.983203 0.585449 0.985938 0.588379 0.991016 0.588379 0.99375 0.587402 0.997656 0.584473 1 0.583984 1 0.5625 0.997656 0.562012 0.99375 0.55957 0.987109 0.55957
1 0.98125 0.521484 0.979688 0.523438 0.978516 0.527344 0.978516 0.536133 0.979297 0.539551 0.985938 0.556641 0.9875 0.557617 0.992969 0.557129 0.994922 0.555176 0.995703 0.551758 0.995703 0.546875 0.994922 0.543457 0.991406 0.53418 0.989062 0.529785 0.982812 0.521484
1 0.774609 0.455566 0.770703 0.455078 0.766016 0.458984 0.761719 0.464844 0.757422 0.475098 0.75625 0.480957 0.75625 0.486328 0.757422 0.487793 0.761719 0.489746 0.764062 0.492188 0.767188 0.492676 0.768359 0.491699 0.769531 0.488281 0.774219 0.481445 0.778906 0.470703 0.779687 0.467773 0.779297 0.461914 0.776172 0.456543
1 0.708203 0.428711 0.708594 0.43457 0.710547 0.437012 0.714063 0.438477 0.723437 0.438477 0.726172 0.437012 0.729297 0.433105 0.729297 0.428711 0.728125 0.425293 0.726562 0.422852 0.723047 0.421387 0.7125 0.421387 0.709766 0.424316
2 0.928906 0.451172 0.927734 0.455566 0.927344 0.461426 0.928125 0.463379 0.934375 0.47168 0.941016 0.474609 0.950781 0.481445 0.955078 0.480957 0.960156 0.477051 0.960547 0.475098 0.959766 0.466797 0.961328 0.459961 0.961328 0.456055 0.959766 0.45166 0.951562 0.444824 0.944141 0.444824 0.935547 0.446289 0.931641 0.448242
2 0.963281 0.507324 0.959375 0.507324 0.958594 0.508301 0.954297 0.52002 0.953125 0.525879 0.953125 0.535645 0.955078 0.539062 0.957031 0.540039 0.960156 0.540039 0.962891 0.538574 0.965625 0.535156 0.969922 0.526855 0.973047 0.522949 0.976953 0.520996 0.977344 0.52002 0.976953 0.518066 0.975391 0.515625 0.969141 0.512695
1 1 0.463867 0.992969 0.46582 0.988281 0.469238 0.985156 0.474609 0.985156 0.477539 0.985938 0.479004 0.992969 0.483398 1 0.484375
2 0.960938 0.475586 0.958203 0.479004 0.957422 0.481934 0.959375 0.487793 0.963281 0.495605 0.963281 0.497559 0.961719 0.500488 0.962109 0.505371 0.966406 0.512207 0.970313 0.51416 0.971875 0.516113 0.973437 0.52002 0.975391 0.520508 0.979688 0.51709 0.981641 0.51123 0.981641 0.508789 0.979688 0.5 0.976562 0.489746 0.974219 0.484375 0.969141 0.479492 0.967187 0.476562 0.964063 0.475098
1 0.964453 0.226074 0.960547 0.218262 0.958594 0.216309 0.948828 0.217285 0.942187 0.219238 0.938281 0.22168 0.934766 0.226562 0.934375 0.228027 0.937891 0.23584 0.939453 0.236816 0.948047 0.236328 0.958203 0.232422 0.963281 0.229492 0.964453 0.228027
1 0.923047 0.224121 0.921484 0.226074 0.921484 0.229004 0.924609 0.237305 0.926953 0.240234 0.931641 0.243164 0.936328 0.243652 0.939453 0.237793 0.939453 0.235352 0.937891 0.231934 0.931641 0.226074 0.928516 0.224609
2 0.837109 0.17041 0.833594 0.171875 0.831641 0.174805 0.826953 0.187012 0.826953 0.192383 0.828125 0.194336 0.830078 0.195312 0.834375 0.200195 0.837109 0.20166 0.839063 0.20166 0.841406 0.200195 0.844922 0.194824 0.846484 0.18457 0.850781 0.180176 0.851172 0.176758 0.847266 0.172852 0.842578 0.170898
2 0.858203 0.138184 0.853516 0.138672 0.848828 0.142578 0.846484 0.148926 0.845313 0.157715 0.842969 0.163086 0.842187 0.16748 0.842578 0.168945 0.845313 0.171875 0.85 0.174805 0.853906 0.172852 0.858594 0.168457 0.859766 0.164551 0.859375 0.159668 0.862109 0.154297 0.862109 0.145508 0.859766 0.140137
2 0.869141 0.132324 0.864844 0.133301 0.862891 0.134766 0.860938 0.137695 0.858984 0.138672 0.858984 0.140137 0.860938 0.14209 0.861328 0.143555 0.861328 0.15332 0.859375 0.157227 0.859375 0.166016 0.860156 0.167969 0.863281 0.168945 0.866406 0.168945 0.868359 0.167969 0.870313 0.165527 0.871094 0.163086 0.875 0.158203 0.876953 0.153809 0.877344 0.148438 0.876563 0.14502 0.871484 0.13916 0.871094 0.134277
1 0.925391 0.0605469 0.923438 0.0644531 0.923438 0.0688477 0.924219 0.0717773 0.926172 0.0751953 0.931641 0.081543 0.934375 0.0825195 0.940625 0.0820312 0.942187 0.0800781 0.942187 0.0732422 0.941406 0.0703125 0.935937 0.0644531 0.928906 0.0600586 0.926953 0.0595703
1 0.904687 0.0556641 0.902734 0.0600586 0.902734 0.0625 0.904297 0.0678711 0.908594 0.0722656 0.913672 0.0727539 0.916016 0.0717773 0.917578 0.0698242 0.918359 0.0673828 0.918359 0.0634766 0.917578 0.0605469 0.916016 0.0585938 0.909766 0.0546875 0.906641 0.0546875
1 0.869531 0.0442383 0.868711 0.0467285 0.873437 0.0512695 0.877344 0.0532227 0.884375 0.0532227 0.885547 0.0527344 0.8875 0.0498047 0.887891 0.0463867 0.887109 0.043457 0.885156 0.0405273 0.88125 0.0375977 0.877344 0.0371094 0.873828 0.0400391 0.870664 0.0429688
1 0.9 0.00683594 0.897266 0.00439453 0.893359 0.00341797 0.887891 0.00292969 0.885156 0.00390625 0.882031 0.00634766 0.879297 0.012207 0.879687 0.0170898 0.880859 0.019043 0.884766 0.0219727 0.889453 0.0219727 0.897266 0.0175781 0.900391 0.0141602 0.900781 0.00976562
1 0.888281 0.0239258 0.887891 0.0268555 0.889062 0.0302734 0.890625 0.0322266 0.897266 0.0366211 0.903125 0.0380859 0.906641 0.0375977 0.909375 0.0361328 0.9125 0.0317383 0.912109 0.0249023 0.909766 0.0219727 0.904297 0.019043 0.896094 0.019043 0.889844 0.0219727
1 0.858203 0.0473633 0.853125 0.0478516 0.850391 0.0512695 0.85 0.0561523 0.848828 0.0615234 0.848437 0.0703125 0.85 0.0761719 0.852344 0.0776367 0.855078 0.0766602 0.858594 0.0732422 0.862109 0.0668945 0.863281 0.0620117 0.863281 0.0537109 0.862109 0.0507812
1 0.837891 0.0322266 0.833203 0.0336914 0.830469 0.0371094 0.827734 0.0424805 0.826562 0.0458984 0.826562 0.0493164 0.827344 0.0517578 0.830078 0.0537109 0.834375 0.0541992 0.8375 0.0522461 0.838672 0.050293 0.840234 0.0449219 0.840234 0.0375977 0.838672 0.0327148
2 0.879687 0.0356445 0.878906 0.0336914 0.876563 0.0317383 0.864062 0.0317383 0.859766 0.0332031 0.858203 0.0356445 0.858203 0.0380859 0.860156 0.0424805 0.865234 0.0454102 0.869922 0.0463867 0.874219 0.0405273 0.877734 0.0395508 0.879297 0.0375977
1 0.830078 0.0605469 0.827734 0.0639648 0.827344 0.0673828 0.831641 0.0751953 0.833984 0.0844727 0.8375 0.0878906 0.841016 0.0878906 0.844141 0.0864258 0.848437 0.0805664 0.848437 0.0756836 0.845703 0.0698242 0.841797 0.0644531 0.834766 0.059082
2 0.830469 0.0634766 0.825781 0.0644531 0.821484 0.0693359 0.818359 0.0844727 0.817969 0.0908203 0.81875 0.0917969 0.823047 0.0922852 0.826953 0.0908203 0.830469 0.0883789 0.832031 0.0859375 0.832812 0.0825195 0.832812 0.0737305 0.831641 0.0703125 0.83125 0.0649414
1 0.849609 0.0229492 0.846094 0.0244141 0.84375 0.0288086 0.840625 0.0322266 0.839453 0.0395508 0.839453 0.0458984 0.839844 0.0478516 0.841797 0.050293 0.845313 0.0493164 0.847656 0.046875 0.848437 0.0419922 0.851172 0.0371094 0.851562 0.0307617 0.850781 0.0253906
1 0.853906 0.0429688 0.853125 0.0419922 0.849609 0.0429688 0.847266 0.0454102 0.845313 0.0488281 0.841797 0.0488281 0.839844 0.0498047 0.838281 0.0517578 0.838281 0.0571289 0.842187 0.0610352 0.85 0.0615234 0.852344 0.0512695 0.854297 0.0473633
2 0.788672 0.0170898 0.783594 0.0170898 0.780078 0.0209961 0.774609 0.0322266 0.775 0.0371094 0.775781 0.0380859 0.780078 0.0385742 0.784766 0.0361328 0.787109 0.0332031 0.791016 0.0239258 0.791016 0.0205078
1 0.782813 0.0371094 0.780859 0.0395508 0.779297 0.0454102 0.779297 0.0498047 0.780078 0.0522461 0.783203 0.0566406 0.7875 0.0566406 0.791797 0.0512695 0.791797 0.043457 0.791016 0.0405273 0.788281 0.0375977
2 0.763672 0.0351562 0.759766 0.0351562 0.757031 0.0361328 0.744141 0.0444336 0.742969 0.0458984 0.74375 0.0473633 0.750391 0.0517578 0.752734 0.0546875 0.753906 0.0581055 0.755078 0.0595703 0.756641 0.0595703 0.764062 0.0532227 0.766406 0.0488281 0.767188 0.0458984 0.766797 0.0405273 0.765625 0.0371094
2 0.783203 0.0605469 0.772656 0.0639648 0.764062 0.0708008 0.764062 0.0800781 0.766016 0.0839844 0.771094 0.0859375 0.775781 0.0859375 0.783984 0.0839844 0.788281 0.0805664 0.788281 0.0703125 0.786719 0.065918
1 0.66875 0.0166016 0.669531 0.0219727 0.676172 0.03125 0.678516 0.0327148 0.685156 0.0327148 0.686328 0.03125 0.685937 0.0253906 0.684766 0.0224609 0.682422 0.0195312 0.676172 0.0161133 0.669922 0.015625
2 0.824219 0.966309 0.821875 0.969238 0.820312 0.976562 0.820312 0.998535 0.821094 1 0.836328 1 0.838672 0.99707 0.839453 0.994629 0.839063 0.989258 0.837109 0.982422 0.833984 0.974609 0.830469 0.969238 0.826562 0.96582
2 0.84375 0.94873 0.841406 0.949219 0.837891 0.953125 0.837109 0.955078 0.837891 0.96582 0.842187 0.978516 0.84375 0.97998 0.846094 0.980469 0.848828 0.978027 0.850391 0.974609 0.851953 0.96875 0.852344 0.963379 0.850391 0.959961 0.849219 0.95459 0.846484 0.949219
2 0.996094 0.919434 0.994922 0.917969 0.991016 0.918457 0.982812 0.929688 0.982812 0.931641 0.985938 0.933105 0.990234 0.932617 0.996094 0.927246 0.996875 0.925293
1 0.717969 0.988281 0.715625 0.987793 0.713672 0.989258 0.709375 0.994629 0.708203 0.997559 0.708203 1 0.719922 1 0.719531 0.994141
1 0.66875 0.924316 0.669141 0.928711 0.671094 0.931641 0.677734 0.935059 0.689453 0.935547 0.69375 0.932129 0.695312 0.930176 0.695703 0.924805 0.69375 0.919922 0.692578 0.918457 0.690234 0.91748 0.68125 0.91748 0.673438 0.918945 0.670312 0.920898
2 0.604297 0.97998 0.604688 0.985352 0.614453 0.995605 0.619141 0.999023 0.621484 0.999023 0.623828 0.997559 0.625391 0.990723 0.628516 0.984863 0.628516 0.97998 0.626953 0.978027 0.610938 0.977539 0.606641 0.978516
2 0.353125 0.941406 0.348438 0.944824 0.346875 0.947754 0.346875 0.95166 0.349219 0.958984 0.350391 0.968262 0.351953 0.972168 0.355078 0.976074 0.357812 0.977539 0.361719 0.977539 0.366016 0.975098 0.370312 0.970703 0.371094 0.966309 0.370703 0.960449 0.367578 0.950684 0.364844 0.946289 0.358203 0.940918 0.356641 0.94043
2 0.377344 0.938965 0.376172 0.935059 0.373047 0.930664 0.369922 0.929688 0.364453 0.930664 0.355078 0.935547 0.352344 0.939941 0.351562 0.946289 0.352734 0.947754 0.356641 0.949219 0.361328 0.949707 0.364063 0.951172 0.367188 0.951172 0.375391 0.946289 0.376563 0.944824
2 0.294922 0.939453 0.294922 0.945801 0.297656 0.95166 0.301953 0.957031 0.303906 0.95752 0.307031 0.956543 0.308984 0.955078 0.311328 0.95166 0.311328 0.947754 0.309766 0.943848 0.307422 0.94043 0.301563 0.938477 0.299219 0.936523 0.297266 0.937012
2 0.376563 0.800293 0.375 0.798828 0.371875 0.797852 0.367969 0.797852 0.362891 0.800293 0.352344 0.810547 0.351172 0.813965 0.352734 0.817871 0.355078 0.821289 0.356641 0.822266 0.364844 0.821777 0.369141 0.819336 0.373828 0.814941 0.375391 0.8125 0.377344 0.804688
1 0.428125 0.77832 0.428125 0.78418 0.430469 0.791504 0.432422 0.793945 0.437109 0.796875 0.441016 0.800781 0.444141 0.801758 0.445312 0.800293 0.447656 0.793945 0.447266 0.788086 0.445703 0.784668 0.44375 0.782227 0.439453 0.779785 0.433984 0.77832
2 0.266406 0.728027 0.261719 0.731934 0.260937 0.733887 0.260937 0.740234 0.266406 0.759277 0.269531 0.761719 0.274609 0.761719 0.278516 0.759277 0.280469 0.756348 0.280859 0.753906 0.279297 0.745605 0.273047 0.731934 0.271484 0.72998 0.268359 0.728027
2 0.248438 0.716797 0.246875 0.719727 0.245312 0.728516 0.246484 0.736328 0.248438 0.741211 0.251172 0.745117 0.256641 0.745605 0.258203 0.744141 0.259375 0.741211 0.259375 0.735352 0.257422 0.725098 0.252734 0.717285
2 0.278516 0.690918 0.275 0.690918 0.271094 0.694336 0.266797 0.700195 0.267578 0.705078 0.266797 0.709961 0.265234 0.711426 0.2625 0.711914 0.260156 0.713379 0.260156 0.716309 0.262891 0.720703 0.270703 0.729004 0.275 0.729004 0.279687 0.723145 0.283203 0.721191 0.286328 0.71582 0.2875 0.702637 0.287109 0.699219 0.284766 0.695312
2 0.47332 0.767188 0.466836 0.762451 0.464219 0.764648 0.457813 0.767529 0.456602 0.770996 0.458203 0.793457 0.459375 0.794922 0.4625 0.796875 0.466797 0.796387 0.467969 0.794922 0.475781 0.775391 0.475781 0.772949
1 0.428906 0.24707 0.426172 0.24707 0.423828 0.248047 0.421094 0.251465 0.417578 0.258301 0.415625 0.260742 0.412109 0.269531 0.412109 0.273926 0.413281 0.276855 0.414844 0.277832 0.419922 0.277832 0.421484 0.276367 0.425 0.266602 0.429688 0.258301 0.43125 0.25293 0.43125 0.250488
2 0.467344 0.743311 0.469922 0.755371 0.470703 0.763574 0.478984 0.765332 0.494805 0.767969 0.49582 0.76543 0.494922 0.756836 0.496914 0.751221 0.498516 0.745313 0.494922 0.74458 0.490234 0.744629 0.486328 0.744629 0.483203 0.743652 0.478516 0.741455 0.473867 0.740674 0.470781 0.741162
2 0.482422 0.710938 0.478906 0.714355 0.481641 0.735352 0.484375 0.738281 0.486328 0.741699 0.490234 0.742676 0.495703 0.73584 0.496875 0.72998 0.496875 0.726074 0.497656 0.724609 0.498828 0.717285 0.498828 0.713867 0.497656 0.710938 0.49375 0.709961 0.486328 0.709961
2 0.485938 0.691895 0.483984 0.695312 0.482812 0.699707 0.482812 0.70752 0.481641 0.709961 0.482031 0.712891 0.488281 0.713379 0.494531 0.712402 0.497656 0.714355 0.498828 0.712402 0.499609 0.708008 0.499609 0.700684 0.498828 0.698242 0.497266 0.696777 0.494141 0.696289 0.488281 0.691895
2 0.517188 0.742676 0.517188 0.748047 0.519922 0.752441 0.523828 0.755371 0.530859 0.758301 0.533594 0.760742 0.537109 0.760742 0.538672 0.759277 0.541016 0.754395 0.541797 0.744629 0.542969 0.740234 0.542188 0.73877 0.541016 0.738281 0.528516 0.738281 0.520703 0.740723
1 0.542578 0.668945 0.540234 0.668945 0.536719 0.674805 0.534375 0.680664 0.533594 0.68457 0.530859 0.69043 0.525 0.708984 0.525 0.712891 0.526563 0.716797 0.528516 0.718262 0.53125 0.718262 0.533984 0.716797 0.536719 0.710449 0.539844 0.706055 0.540625 0.702148 0.545703 0.6875 0.546875 0.676758 0.544922 0.670898
1 0.578906 0.742676 0.578516 0.746582 0.579297 0.75 0.583203 0.756836 0.589063 0.76123 0.594141 0.760742 0.596484 0.758789 0.596875 0.753906 0.595313 0.75 0.59375 0.748047 0.589063 0.745117 0.583984 0.739746 0.58125 0.740234
2 0.599609 0.734863 0.598047 0.741699 0.595313 0.749023 0.595703 0.750977 0.599219 0.756836 0.603516 0.760254 0.606641 0.76416 0.608594 0.76416 0.610938 0.760742 0.611719 0.755859 0.610156 0.746582 0.607422 0.739258 0.604297 0.735352
1 0.628516 0.685547 0.627344 0.681152 0.623047 0.678711 0.615234 0.678223 0.612891 0.679199 0.608594 0.679199 0.602344 0.681641 0.597266 0.685547 0.596875 0.690918 0.599219 0.692871 0.614062 0.697754 0.616797 0.697754 0.626563 0.693848 0.628125 0.691895
2 0.629297 0.645508 0.625 0.644043 0.621094 0.644043 0.61875 0.64502 0.614844 0.650879 0.612891 0.65625 0.609375 0.661621 0.607812 0.666016 0.607422 0.674316 0.608203 0.67627 0.610547 0.677734 0.621094 0.677734 0.626953 0.679199 0.629297 0.677246 0.634375 0.674805 0.637109 0.671875 0.637891 0.667969 0.6375 0.665527 0.634375 0.65918 0.632812 0.651855 0.63125 0.647949
1 0.611328 0.62793 0.610938 0.633789 0.6125 0.637207 0.619531 0.63916 0.623828 0.643066 0.626172 0.644043 0.628906 0.644043 0.630859 0.642578 0.63125 0.636719 0.626563 0.630371 0.622656 0.62793 0.619922 0.62793 0.616016 0.626465 0.614062 0.626465
1 0.638281 0.637695 0.634375 0.63916 0.632031 0.641113 0.63125 0.644043 0.63125 0.648438 0.633984 0.658691 0.635938 0.663086 0.638672 0.666504 0.642188 0.66748 0.646484 0.665527 0.648047 0.662598 0.648047 0.650879 0.647266 0.646973 0.644922 0.64209 0.642188 0.638672
2 0.532031 0.522949 0.532031 0.526855 0.540234 0.537109 0.547656 0.541504 0.549609 0.541504 0.550781 0.540527 0.551172 0.535645 0.550391 0.532227 0.548438 0.527344 0.546094 0.524414 0.538281 0.521973 0.533984 0.521973
1 0.538281 0.498047 0.533594 0.495117 0.525781 0.496094 0.523438 0.49707 0.51875 0.501465 0.517188 0.504883 0.517188 0.507324 0.519141 0.51123 0.521875 0.512695 0.525391 0.513672 0.535937 0.513184 0.537891 0.51123 0.539062 0.506836 0.539062 0.501953
2 0.530859 0.475098 0.529297 0.477051 0.528516 0.47998 0.528516 0.487305 0.530859 0.493164 0.532422 0.495605 0.536719 0.498047 0.541797 0.496582 0.543359 0.494629 0.544141 0.491211 0.539453 0.484863 0.538281 0.481445 0.537891 0.475586 0.536719 0.474121 0.532422 0.474121
1 0.280859 0.649902 0.279297 0.651367 0.278516 0.65332 0.278516 0.663574 0.279297 0.666992 0.282031 0.67334 0.284766 0.676758 0.286328 0.677734 0.290234 0.677734 0.291797 0.67627 0.292578 0.668945 0.292578 0.650879 0.291016 0.649414 0.287891 0.648438
1 0.258984 0.63916 0.25625 0.640625 0.253906 0.648438 0.253516 0.660156 0.255078 0.669434 0.25625 0.671387 0.259766 0.672363 0.265625 0.666016 0.267188 0.662598 0.267578 0.657227 0.266406 0.652344 0.2625 0.645996 0.261719 0.641602
2 0 0.649902 0 0.670898 0.00507813 0.672363 0.00976562 0.671875 0.0113281 0.670898 0.0140625 0.66748 0.015625 0.663574 0.015625 0.660156 0.0144531 0.657227 0.00742187 0.650879 0.00390625 0.649902
1 0.157031 0.578613 0.15625 0.584473 0.158984 0.589844 0.1625 0.594238 0.169141 0.597656 0.172266 0.597656 0.173437 0.59668 0.174219 0.59375 0.174219 0.588379 0.172656 0.583984 0.170703 0.581543 0.1625 0.57666 0.158594 0.577148
2 0.224609 0.594238 0.224219 0.591797 0.222656 0.588867 0.223828 0.584473 0.223828 0.58252 0.223047 0.581055 0.221484 0.580078 0.211328 0.581055 0.207422 0.578613 0.209375 0.576172 0.210547 0.572754 0.211719 0.571289 0.216016 0.568848 0.216406 0.567383 0.212109 0.567383 0.208984 0.568848 0.201953 0.575195 0.196875 0.577637 0.191406 0.583496 0.189453 0.587402 0.189844 0.590332 0.191797 0.592773 0.20625 0.59668 0.222266 0.598145 0.224219 0.59668
1 0.335156 0.405762 0.333594 0.404297 0.330078 0.404785 0.321094 0.408203 0.317578 0.411621 0.315625 0.416016 0.315625 0.422852 0.317578 0.424805 0.319922 0.424805 0.325781 0.422363 0.329688 0.419434 0.333984 0.413086 0.335547 0.408691
1 0.363281 0.395508 0.362109 0.396973 0.362891 0.402344 0.368359 0.412109 0.372656 0.416016 0.377344 0.416016 0.378906 0.412109 0.377734 0.40332 0.371484 0.396973 0.366797 0.395508
1 0.438281 0.381836 0.436719 0.380859 0.432031 0.381348 0.429297 0.383789 0.426953 0.387207 0.424219 0.392578 0.424219 0.398438 0.426172 0.401367 0.427734 0.402344 0.431641 0.402344 0.4375 0.398926 0.441016 0.39502 0.441406 0.387695 0.439844 0.383789
1 0.462109 0.387695 0.458984 0.382324 0.450391 0.385742 0.446094 0.38623 0.444141 0.387207 0.442578 0.38916 0.441797 0.391602 0.441797 0.39502 0.442969 0.397461 0.446094 0.398926 0.450781 0.398926 0.453906 0.397949 0.460547 0.394043 0.461719 0.39209
1 0.249219 0.409668 0.247266 0.409668 0.244141 0.412109 0.239844 0.416992 0.237891 0.421875 0.2375 0.431641 0.239063 0.436523 0.240625 0.437988 0.246484 0.438477 0.248438 0.4375 0.251172 0.428223 0.251953 0.418457 0.251172 0.412109
2 0.270703 0.355957 0.269531 0.35791 0.269531 0.36377 0.270703 0.368652 0.273438 0.374512 0.275 0.380371 0.277344 0.382324 0.279687 0.382812 0.28125 0.381836 0.282422 0.379395 0.280469 0.369141 0.276562 0.365234 0.274609 0.361816 0.273438 0.35791 0.271875 0.355957
2 0.275 0.382812 0.272656 0.380859 0.266016 0.380859 0.2625 0.381836 0.257031 0.386719 0.257031 0.39209 0.259375 0.395508 0.260547 0.395996 0.263672 0.39209 0.266406 0.390625 0.267969 0.388672 0.273438 0.387207 0.275 0.384766
2 0.282813 0.392578 0.276953 0.387207 0.272266 0.386719 0.268359 0.388184 0.266016 0.391602 0.261719 0.393066 0.260937 0.394043 0.261719 0.408691 0.263672 0.410156 0.271875 0.410156 0.275 0.408203 0.279297 0.404297 0.281641 0.400879 0.282813 0.396484
1 0.151953 0.295898 0.150391 0.298828 0.150391 0.30127 0.153516 0.307129 0.160156 0.31543 0.165234 0.317871 0.166797 0.317871 0.167969 0.316406 0.167969 0.313965 0.165625 0.306152 0.163281 0.30127 0.157812 0.295898 0.155469 0.294922 0.153516 0.294922
1 0.146094 0.173828 0.142187 0.179199 0.141406 0.182129 0.141406 0.184082 0.142969 0.187988 0.146094 0.191406 0.153906 0.195801 0.157422 0.194824 0.158203 0.187988 0.156641 0.182617 0.150391 0.175781 0.147656 0.173828
1 0.359375 0.289551 0.358594 0.29248 0.358594 0.296387 0.361328 0.303711 0.364844 0.308105 0.369141 0.311523 0.376563 0.311035 0.377734 0.30957 0.378516 0.306641 0.378516 0.29834 0.379297 0.290527 0.377734 0.288086 0.370703 0.286133 0.365234 0.286133
1 0.421484 0.27832 0.421094 0.283691 0.422266 0.286621 0.430859 0.289551 0.436328 0.293945 0.446484 0.297363 0.449219 0.296387 0.449219 0.293945 0.448437 0.291992 0.444922 0.287109 0.442578 0.280762 0.439453 0.276855 0.436328 0.274902 0.428125 0.274902
1 0.408203 0.300781 0.407422 0.303223 0.407422 0.307617 0.408594 0.311035 0.412109 0.31543 0.419922 0.320801 0.423828 0.321777 0.425 0.318848 0.425 0.314941 0.423438 0.311035 0.419141 0.305664 0.412891 0.300293
2 0.00507813 0.300781 0.0015625 0.303711 0 0.303711 0 0.325195 0.00117187 0.325195 0.0046875 0.32959 0.00703125 0.330078 0.00976562 0.32959 0.0132812 0.327637 0.0148437 0.325684 0.0148437 0.323242 0.0132812 0.319824 0.0109375 0.30957 0.00898437 0.304688 0.00664062 0.30127
1 0.0847656 0.178223 0.0824219 0.176758 0.0773438 0.177246 0.0714844 0.182129 0.0714844 0.18457 0.0734375 0.1875 0.075 0.188477 0.0804688 0.1875 0.0855469 0.184082 0.0855469 0.180664
1 0.0964844 0.0239258 0.0953125 0.0258789 0.0953125 0.0288086 0.0988281 0.0356445 0.107031 0.0444336 0.110547 0.0439453 0.111719 0.0415039 0.110937 0.0322266 0.108984 0.0273438 0.107813 0.0258789 0.101953 0.0229492 0.0992187 0.0224609
1 0.0535156 0.0209961 0.0523438 0.0224609 0.0503906 0.0283203 0.0503906 0.0371094 0.0519531 0.0424805 0.0609375 0.0551758 0.0648438 0.0556641 0.0683594 0.0517578 0.0679687 0.0463867 0.0628906 0.0371094 0.0574219 0.0209961 0.05625 0.0200195
1 0.0355469 0.0131836 0.0375 0.0161133 0.0402344 0.0175781 0.0457031 0.0166016 0.0597656 0.00292969 0.0601563 0 0.0382813 0 0.0382813 0.00195312 0.0363281 0.00488281 0.0355469 0.0078125
2 0.146094 0 0.145703 0.00830078 0.148047 0.0112305 0.152344 0.0146484 0.154688 0.0180664 0.157031 0.0195312 0.159375 0.0195312 0.162109 0.0170898 0.164844 0.0107422 0.166016 0.00390625 0.166016 0
2 0.129297 0.0839844 0.128906 0.0869141 0.130078 0.0952148 0.132031 0.101562 0.133984 0.10498 0.140625 0.10498 0.150781 0.103027 0.157031 0.100586 0.158984 0.0986328 0.159375 0.0942383 0.157812 0.090332 0.157812 0.0849609 0.154688 0.0825195 0.141797 0.081543 0.137891 0.0805664 0.130859 0.0820312
2 0.146875 0.0507812 0.141016 0.0507812 0.1375 0.0532227 0.133203 0.0581055 0.130078 0.0644531 0.128125 0.0717773 0.128125 0.078125 0.130078 0.0820312 0.132422 0.0820312 0.136719 0.0800781 0.141016 0.0737305 0.144141 0.0712891 0.148828 0.0595703 0.148828 0.0546875
1 0.296094 0.0737305 0.294531 0.0727539 0.289844 0.0732422 0.285156 0.0756836 0.282031 0.0786133 0.278906 0.0849609 0.279297 0.0908203 0.282813 0.0927734 0.2875 0.0922852 0.29375 0.0874023 0.295703 0.0844727 0.296875 0.0805664 0.296875 0.0756836
1 0.310937 0.0698242 0.310937 0.0727539 0.312109 0.0761719 0.313672 0.078125 0.317188 0.0795898 0.322266 0.0795898 0.330859 0.0766602 0.332031 0.0751953 0.331641 0.0717773 0.330469 0.0703125 0.325 0.0673828 0.322266 0.0649414 0.319141 0.0639648 0.314063 0.0654297
2 0.279687 0.00634766 0.279687 0.012207 0.283594 0.0185547 0.285156 0.0224609 0.287109 0.0249023 0.294531 0.0273438 0.299219 0.027832 0.303516 0.0224609 0.304688 0.0180664 0.304688 0.0131836 0.303125 0.0107422 0.292187 0.00390625 0.285547 0.00341797 0.282422 0.00439453
1 0.45625 0.050293 0.454688 0.0463867 0.453125 0.0444336 0.448047 0.0419922 0.444922 0.0419922 0.438672 0.0439453 0.428516 0.0454102 0.426953 0.0473633 0.429297 0.0566406 0.427344 0.059082 0.426953 0.0620117 0.428516 0.0634766 0.434375 0.0644531 0.448047 0.0644531 0.453516 0.0634766 0.455469 0.0625 0.456641 0.0605469 0.457031 0.0556641
2 0.339844 0.00878906 0.341016 0.012207 0.344531 0.0161133 0.350781 0.019043 0.356641 0.0244141 0.361328 0.0253906 0.364453 0.0234375 0.366406 0.0209961 0.370312 0.0131836 0.372266 0.00683594 0.370703 0.00390625 0.366016 0.00195312 0.365625 0 0.342187 0 0.342187 0.00195312 0.339844 0.00634766
1 0.345313 0.0830078 0.342969 0.0810547 0.340625 0.0810547 0.3375 0.0825195 0.329688 0.0908203 0.320703 0.0957031 0.31875 0.0991211 0.31875 0.101074 0.321484 0.101562 0.323437 0.103516 0.328516 0.105957 0.333594 0.105469 0.3375 0.103516 0.339844 0.101074 0.341797 0.0952148 0.344922 0.0898438 0.345703 0.0869141
1 0.288672 0.114258 0.287891 0.117188 0.287891 0.119629 0.29375 0.132812 0.297656 0.13623 0.303516 0.138672 0.305078 0.137695 0.308203 0.133301 0.311719 0.129883 0.3125 0.126953 0.3125 0.123047 0.311328 0.120117 0.312109 0.11377 0.310156 0.111328 0.307422 0.109863 0.305469 0.109863 0.299219 0.112793 0.292578 0.112793
1 0.317578 0.0986328 0.315234 0.103516 0.314453 0.109863 0.311719 0.115234 0.311328 0.119141 0.312109 0.12207 0.314844 0.124512 0.321094 0.124023 0.323828 0.123047 0.326172 0.121094 0.327344 0.121094 0.329297 0.123535 0.330859 0.123535 0.332813 0.119629 0.332813 0.114746 0.331641 0.111816 0.328516 0.106934 0.324609 0.104004 0.321875 0.0981445
2 0.332031 0.115723 0.328906 0.115723 0.326172 0.119629 0.323437 0.12207 0.320312 0.123535 0.316406 0.127441 0.315625 0.130371 0.317578 0.139648 0.31875 0.141113 0.326953 0.141113 0.333594 0.134766 0.333594 0.118164
2 0.3375 0.132812 0.334375 0.134277 0.329297 0.140137 0.323047 0.149414 0.322656 0.154297 0.326562 0.158691 0.329297 0.165527 0.333203 0.169922 0.335156 0.169922 0.341016 0.165527 0.344922 0.164062 0.351562 0.158691 0.355664 0.154346 0.350781 0.150684 0.35 0.143066 0.344531 0.139648 0.343359 0.137695 0.342578 0.133789
1 0.360547 0.158203 0.356641 0.157227 0.345703 0.163574 0.338281 0.166504 0.334375 0.170898 0.333594 0.173828 0.333984 0.179688 0.341016 0.190918 0.344922 0.194824 0.346484 0.194336 0.350391 0.189453 0.353125 0.182129 0.355859 0.177734 0.362109 0.164551 0.3625 0.162598
1 0.365625 0.126953 0.364453 0.129395 0.364453 0.139648 0.359375 0.148926 0.359375 0.153809 0.361719 0.156738 0.364453 0.165039 0.366797 0.169434 0.369141 0.171875 0.372656 0.171875 0.378516 0.169434 0.381641 0.169434 0.383984 0.170898 0.387109 0.169922 0.3875 0.166992 0.386328 0.162598 0.381641 0.152832 0.380859 0.142578 0.373047 0.129883 0.369141 0.126465
1 0.427344 0.177246 0.425 0.17627 0.420703 0.177246 0.416797 0.182129 0.415625 0.188477 0.415234 0.196777 0.416406 0.199219 0.420703 0.199219 0.425391 0.194336 0.428516 0.185059 0.428516 0.180176
1 0.345703 0.229004 0.341797 0.22998 0.340625 0.231445 0.339062 0.236328 0.3375 0.245605 0.337891 0.260742 0.338672 0.263184 0.341016 0.266113 0.346094 0.265625 0.347656 0.264648 0.349609 0.26123 0.348438 0.250977 0.349219 0.24707 0.351172 0.242676 0.351172 0.239746 0.348438 0.231445
2 0.352734 0.241211 0.349609 0.244629 0.347656 0.25 0.347656 0.260742 0.357812 0.270996 0.360156 0.272461 0.3625 0.272461 0.366797 0.266602 0.370312 0.258301 0.371094 0.253906 0.371094 0.246582 0.369922 0.245117 0.360156 0.245117 0.353906 0.241211
2 0.395313 0.279785 0.395703 0.282715 0.399219 0.285156 0.407813 0.286621 0.411719 0.288574 0.416016 0.288086 0.417187 0.286621 0.416797 0.280273 0.411328 0.274902 0.408984 0.269043 0.407422 0.269043 0.404687 0.270996 0.402734 0.273926 0.398047 0.276855
1 0.477734 0.229004 0.475 0.230469 0.472656 0.236816 0.471875 0.256836 0.477734 0.263672 0.479297 0.263672 0.482422 0.260742 0.483594 0.256836 0.483594 0.252441 0.485547 0.243652 0.485938 0.231934 0.483594 0.22998
1 0.432422 0.222168 0.430859 0.222168 0.426953 0.225098 0.422266 0.231445 0.422266 0.234863 0.423047 0.237305 0.426563 0.240723 0.428516 0.241211 0.432031 0.240234 0.438281 0.232422 0.435547 0.225098
1 0.529297 0.241211 0.526563 0.247559 0.524219 0.262207 0.525391 0.266602 0.528516 0.269531 0.530469 0.27002 0.532813 0.269043 0.533984 0.267578 0.535937 0.262207 0.538281 0.252441 0.538281 0.246094 0.5375 0.244629 0.533203 0.241699
1 0.567578 0.285156 0.564063 0.287109 0.5625 0.290527 0.563672 0.303711 0.567969 0.315918 0.571094 0.320801 0.574219 0.32373 0.576953 0.324219 0.579297 0.322754 0.580859 0.319824 0.582031 0.311523 0.581641 0.305664 0.580469 0.302734 0.574609 0.294922 0.571484 0.287598 0.569531 0.285645
2 0.43125 0.206055 0.430469 0.207031 0.430469 0.212402 0.432422 0.217773 0.432812 0.222656 0.436719 0.230469 0.440234 0.233887 0.442188 0.239258 0.442969 0.240234 0.451172 0.239746 0.454297 0.237793 0.455859 0.234863 0.45625 0.232422 0.455859 0.227051 0.451953 0.220703 0.444141 0.211426 0.440234 0.208496 0.435156 0.206055
2 0.548438 0.322266 0.547266 0.32373 0.546484 0.329102 0.546484 0.339355 0.547266 0.343262 0.554688 0.359863 0.556641 0.362305 0.560156 0.361816 0.560937 0.359863 0.561328 0.353516 0.557813 0.338867 0.554688 0.33252 0.551953 0.324707 0.549609 0.322266
1 0.644531 0.328613 0.643359 0.32666 0.638672 0.324219 0.634375 0.320801 0.627734 0.322754 0.624219 0.322754 0.619531 0.321289 0.616406 0.325195 0.615234 0.328613 0.615234 0.330566 0.617969 0.334473 0.620313 0.335938 0.628516 0.337891 0.633203 0.336914 0.642188 0.333008 0.644531 0.330566
1 0.621484 0.289551 0.61875 0.287109 0.616016 0.286133 0.612109 0.286133 0.60625 0.287598 0.601172 0.290039 0.59375 0.298828 0.592969 0.302734 0.592969 0.30957 0.594141 0.312988 0.595703 0.314941 0.600391 0.314941 0.604297 0.312988 0.608594 0.312012 0.616797 0.307129 0.619141 0.303711 0.621484 0.293945
1 0.726562 0.349121 0.725391 0.352539 0.725391 0.35498 0.728516 0.360352 0.736328 0.366699 0.742969 0.369141 0.744531 0.368164 0.744531 0.364258 0.742969 0.358398 0.741016 0.353516 0.7375 0.348145 0.734766 0.34668 0.730469 0.34668
1 0.583984 0.129395 0.579297 0.129395 0.576562 0.130859 0.575391 0.132324 0.572656 0.141113 0.572656 0.149414 0.576172 0.155762 0.580859 0.15625 0.582422 0.155273 0.583594 0.152832 0.585156 0.14209 0.585156 0.131836
1 0.615625 0.164062 0.616016 0.165039 0.620703 0.16748 0.625391 0.171875 0.630469 0.171875 0.635547 0.16748 0.635938 0.161621 0.633594 0.157715 0.627734 0.154297 0.623437 0.154297 0.621094 0.155762 0.619141 0.158203 0.618359 0.161133
2 0.630078 0.171387 0.628516 0.168945 0.626563 0.167969 0.622656 0.163574 0.620703 0.162109 0.618359 0.162109 0.611719 0.165039 0.605859 0.171875 0.605078 0.174316 0.605469 0.177246 0.606641 0.179199 0.616406 0.179688 0.622656 0.177734 0.626563 0.177734 0.629297 0.175293 0.630078 0.173828
2 0.574609 0.159668 0.572656 0.164551 0.574219 0.169922 0.576562 0.17334 0.58125 0.17627 0.583594 0.178711 0.590625 0.182617 0.59375 0.182617 0.595313 0.181152 0.598047 0.17041 0.598047 0.16748 0.595703 0.162598 0.591406 0.160156 0.587109 0.159668 0.58125 0.157227 0.577344 0.157715
1 0.665234 0.208984 0.663281 0.211426 0.6625 0.216309 0.664062 0.222168 0.669531 0.227539 0.672266 0.228516 0.677734 0.228027 0.679297 0.224121 0.679297 0.220215 0.677734 0.216797 0.672266 0.210449 0.669922 0.208984
1 0.692969 0.196289 0.690625 0.195312 0.688281 0.195312 0.686719 0.196289 0.68125 0.208008 0.680469 0.212891 0.680859 0.21582 0.681641 0.217773 0.683984 0.220215 0.690625 0.219727 0.692969 0.21875 0.694141 0.217285 0.696094 0.208008 0.696484 0.203125 0.694531 0.197754
1 0.712109 0.196777 0.704688 0.196777 0.700391 0.19873 0.696094 0.202637 0.694531 0.210449 0.694141 0.219238 0.695312 0.225098 0.696875 0.228027 0.699219 0.228027 0.701172 0.226562 0.702734 0.216797 0.704297 0.211914 0.708203 0.208496 0.711719 0.20752 0.714453 0.20459 0.714844 0.20166
1 0.724609 0.177246 0.720313 0.177734 0.716406 0.181152 0.714844 0.18457 0.713672 0.188965 0.712891 0.19873 0.714844 0.205078 0.716406 0.207031 0.720313 0.206543 0.725391 0.196777 0.727734 0.1875 0.728125 0.183105 0.727344 0.180664
1 0.720703 0.138672 0.714844 0.150391 0.713672 0.154785 0.715234 0.160156 0.717578 0.163574 0.719531 0.168457 0.722266 0.171387 0.726172 0.171875 0.728906 0.170898 0.730469 0.168945 0.730078 0.161133 0.728906 0.154785 0.725 0.144531 0.724219 0.139648 0.722656 0.138672
1 0.687109 0.16748 0.6875 0.172852 0.691016 0.181152 0.695703 0.186035 0.700781 0.188477 0.705469 0.188477 0.709375 0.18457 0.709766 0.178711 0.708984 0.176758 0.705859 0.172363 0.698438 0.165527 0.692578 0.164551 0.688672 0.166016
1 0.706641 0.13623 0.703906 0.134766 0.700391 0.134766 0.697656 0.13623 0.69375 0.140137 0.687891 0.154297 0.685547 0.158203 0.685547 0.163574 0.686328 0.165039 0.691406 0.165527 0.697266 0.164062 0.703516 0.159668 0.705859 0.156738 0.707031 0.153809 0.708594 0.142578 0.708594 0.13916
1 0.665625 0.133301 0.657422 0.142578 0.656641 0.144531 0.65625 0.149902 0.658984 0.153809 0.665234 0.15918 0.671484 0.159668 0.678516 0.152344 0.679297 0.150391 0.679297 0.147461 0.678125 0.143555 0.673438 0.137207 0.669531 0.133789
1 0.639062 0.104004 0.636328 0.100098 0.631641 0.0981445 0.626172 0.0986328 0.617578 0.104004 0.613281 0.108398 0.607812 0.111816 0.60625 0.114258 0.60625 0.116211 0.607422 0.119141 0.614453 0.119629 0.616797 0.117676 0.619531 0.112793 0.626563 0.112305 0.628906 0.113281 0.631641 0.113281 0.635156 0.111328 0.639062 0.105957
2 0.6125 0.129883 0.613672 0.131836 0.616016 0.132324 0.623828 0.126953 0.63125 0.123047 0.634375 0.120605 0.635156 0.119141 0.635156 0.114258 0.626563 0.11377 0.624609 0.112793 0.61875 0.112305 0.617188 0.114258 0.616406 0.118652 0.613281 0.123535
2 0.666797 0.132812 0.654687 0.130371 0.651563 0.130859 0.649219 0.132324 0.648438 0.134277 0.648828 0.143555 0.650391 0.148438 0.654687 0.153809 0.657813 0.152344 0.659375 0.150391 0.659766 0.14502 0.667188 0.137695 0.667578 0.134277
1 0.517578 0.0507812 0.511719 0.0556641 0.510938 0.0615234 0.513672 0.0673828 0.521484 0.0756836 0.525391 0.0751953 0.53125 0.0698242 0.532031 0.0678711 0.531641 0.0629883 0.530469 0.0595703 0.526953 0.0551758 0.524609 0.0541992 0.521484 0.0512695
1 0.573438 0.0356445 0.573047 0.0415039 0.573828 0.0429688 0.575781 0.0439453 0.594141 0.0478516 0.604297 0.0478516 0.60625 0.0463867 0.605078 0.0424805 0.602344 0.0405273 0.600781 0.0380859 0.601172 0.0307617 0.599609 0.0288086 0.592578 0.0253906 0.582812 0.0253906 0.579688 0.0263672 0.575 0.03125
2 0.580859 0 0.580859 0.00244141 0.583203 0.00488281 0.585547 0.00488281 0.5875 0.00390625 0.589453 0.00488281 0.591016 0.0078125 0.592187 0.012207 0.594922 0.012207 0.602344 0.015625 0.604297 0.015625 0.616016 0.00683594 0.622656 0.00537109 0.624609 0.00292969 0.624609 0
1 0.557031 0.0239258 0.552734 0.0239258 0.547656 0.03125 0.548828 0.0356445 0.551562 0.0405273 0.553125 0.0473633 0.553125 0.0512695 0.55625 0.0493164 0.560156 0.0493164 0.562109 0.0483398 0.564844 0.0454102 0.566016 0.0419922 0.566016 0.0351562 0.563672 0.0322266 0.562109 0.0273438 0.560156 0.0253906
2 0.548438 0.0351562 0.546094 0.0341797 0.540625 0.034668 0.537891 0.0361328 0.536328 0.0415039 0.532422 0.0449219 0.530859 0.0478516 0.530859 0.0541992 0.532031 0.0556641 0.536719 0.0556641 0.542188 0.0532227 0.549609 0.0527344 0.551562 0.0517578 0.552734 0.0493164 0.553125 0.0454102 0.552344 0.0419922
2 0.546484 0.0126953 0.546875 0.0214844 0.549219 0.0258789 0.552734 0.0253906 0.555469 0.0234375 0.558984 0.0239258 0.561328 0.0253906 0.563672 0.0283203 0.564844 0.0317383 0.566797 0.0336914 0.569531 0.0336914 0.572266 0.0322266 0.575781 0.0273438 0.574219 0.0219727 0.571875 0.019043 0.566016 0.0146484 0.555469 0.0107422 0.548438 0.0107422
2 0.55625 0 0.555859 0.00878906 0.557422 0.0112305 0.568359 0.0161133 0.571875 0.0146484 0.572266 0.00976562 0.571484 0.00585938 0.569531 0.00195312 0.569531 0
2 0.568359 0.0385742 0.567187 0.0415039 0.5625 0.0478516 0.559766 0.0493164 0.555859 0.0498047 0.554688 0.0517578 0.555078 0.0556641 0.55625 0.0571289 0.557813 0.0576172 0.560937 0.0605469 0.567187 0.0634766 0.571484 0.0634766 0.573828 0.0610352 0.573828 0.0527344 0.572266 0.0454102 0.569922 0.0415039 0.569141 0.0385742
