1 0.107813 0.400391 0.106641 0.401855 0.106641 0.402344 0.10625 0.402832 0.10625 0.433105 0.107031 0.434082 0.107031 0.435547 0.107422 0.436035 0.107422 0.436523 0.107813 0.437012 0.107813 0.4375 0.108203 0.437988 0.108203 0.438477 0.109375 0.439941 0.110937 0.439941 0.112109 0.438477 0.112109 0.428711 0.112891 0.427734 0.112891 0.425781 0.113672 0.424805 0.113672 0.423828 0.114062 0.42334 0.114062 0.422363 0.114453 0.421875 0.114453 0.405762 0.114062 0.405273 0.114062 0.404297 0.113672 0.403809 0.113672 0.40332 0.112891 0.402344 0.112891 0.401855 0.111719 0.400391
1 0.119141 0.361328 0.116016 0.365234 0.116016 0.365723 0.115625 0.366211 0.115625 0.366699 0.115234 0.367188 0.115234 0.367676 0.114453 0.368652 0.114453 0.369141 0.114062 0.369629 0.114062 0.370117 0.113672 0.370605 0.113672 0.371582 0.113281 0.37207 0.113281 0.383789 0.112891 0.384277 0.112891 0.385254 0.1125 0.385742 0.1125 0.393066 0.113281 0.394043 0.113281 0.396484 0.113672 0.396973 0.113672 0.397461 0.114062 0.397949 0.114062 0.400391 0.114453 0.400879 0.114453 0.40332 0.114844 0.403809 0.114844 0.40625 0.115234 0.406738 0.115234 0.407227 0.115625 0.407715 0.115625 0.408203 0.117969 0.411133 0.119922 0.411133 0.121094 0.409668 0.121094 0.402344 0.121484 0.401855 0.121484 0.399902 0.121875 0.399414 0.121875 0.398438 0.122266 0.397949 0.122266 0.397461 0.123047 0.396484 0.123047 0.393555 0.123438 0.393066 0.123438 0.37793 0.123047 0.377441 0.123047 0.375 0.122656 0.374512 0.122656 0.37207 0.122266 0.371582 0.122266 0.370605 0.121875 0.370117 0.121875 0.369629 0.121484 0.369141 0.121484 0.365234 0.121875 0.364746 0.121875 0.362793 0.120703 0.361328
1 0.106641 0.361328 0.105469 0.362793 0.105469 0.366211 0.105078 0.366699 0.105078 0.387207 0.105469 0.387695 0.105469 0.39502 0.10625 0.395996 0.10625 0.397461 0.107422 0.398926 0.107422 0.399414 0.107813 0.399902 0.107813 0.401367 0.108594 0.402344 0.108594 0.402832 0.109766 0.404297 0.112109 0.404297 0.113281 0.402832 0.113281 0.400879 0.1125 0.399902 0.1125 0.370605 0.112109 0.370117 0.112109 0.368164 0.111719 0.367676 0.111719 0.364258 0.109766 0.361816 0.109375 0.361816 0.108984 0.361328
2 0.106641 0.305176 0.10625 0.305664 0.105859 0.305664 0.104688 0.307129 0.104688 0.308105 0.103906 0.309082 0.103906 0.324707 0.104297 0.325195 0.104297 0.326172 0.104688 0.32666 0.104688 0.328125 0.105469 0.329102 0.105469 0.32959 0.105859 0.330078 0.105859 0.331055 0.10625 0.331543 0.10625 0.33252 0.106641 0.333008 0.106641 0.333496 0.107031 0.333984 0.107031 0.336426 0.107422 0.336914 0.107422 0.338379 0.107813 0.338867 0.107813 0.339355 0.108203 0.339844 0.108203 0.340332 0.108984 0.341309 0.108984 0.343262 0.109375 0.34375 0.109375 0.344238 0.110547 0.345703 0.110937 0.345703 0.111328 0.346191 0.116797 0.346191 0.117188 0.345703 0.117578 0.345703 0.11875 0.344238 0.11875 0.335449 0.118359 0.334961 0.118359 0.333008 0.117969 0.33252 0.117969 0.331055 0.117578 0.330566 0.117578 0.323242 0.117188 0.322754 0.117188 0.320312 0.116797 0.319824 0.116797 0.316406 0.116406 0.315918 0.116406 0.31543 0.116016 0.314941 0.116016 0.314453 0.115625 0.313965 0.115625 0.312988 0.115234 0.3125 0.115234 0.311523 0.114453 0.310547 0.114453 0.30957 0.113672 0.308594 0.113672 0.308105 0.1125 0.306641 0.111328 0.306641 0.110937 0.306152 0.108984 0.306152 0.108203 0.305176
2 0.178125 0.241211 0.177734 0.241699 0.177344 0.241699 0.176172 0.243164 0.176172 0.243652 0.175781 0.244141 0.175781 0.253418 0.176172 0.253906 0.176172 0.256836 0.176563 0.257324 0.176563 0.258301 0.176953 0.258789 0.176953 0.259277 0.177344 0.259766 0.177344 0.26123 0.178125 0.262207 0.178125 0.262695 0.178516 0.263184 0.178516 0.265137 0.178906 0.265625 0.178906 0.266602 0.180078 0.268066 0.182031 0.268066 0.183203 0.266602 0.183203 0.26416 0.182812 0.263672 0.182812 0.254395 0.182422 0.253906 0.182422 0.248535 0.182031 0.248047 0.182031 0.244629 0.181641 0.244141 0.181641 0.242676 0.180469 0.241211
1 0.0851563 0.125 0.0835937 0.126953 0.0835937 0.131348 0.0839844 0.131836 0.0839844 0.134766 0.0847656 0.135742 0.0847656 0.13623 0.0851563 0.136719 0.0851563 0.137207 0.0855469 0.137695 0.0855469 0.138672 0.0859375 0.13916 0.0859375 0.139648 0.0863281 0.140137 0.0863281 0.141602 0.0867187 0.14209 0.0867187 0.142578 0.0871094 0.143066 0.0871094 0.144043 0.0878906 0.14502 0.0878906 0.145996 0.0882813 0.146484 0.0882813 0.146973 0.0917969 0.151367 0.0929688 0.151367 0.0933594 0.151855 0.101172 0.151855 0.103516 0.148926 0.103516 0.148438 0.105078 0.146484 0.105078 0.145508 0.105469 0.14502 0.105469 0.140625 0.103906 0.138672 0.103516 0.138672 0.102734 0.137695 0.101172 0.137695 0.1 0.13623 0.1 0.135742 0.096875 0.131836 0.0964844 0.131836 0.0949219 0.129883 0.0945312 0.129883 0.0933594 0.128418 0.0929688 0.128418 0.0921875 0.127441 0.0917969 0.127441 0.090625 0.125977 0.0898438 0.125977 0.0894531 0.125488 0.0890625 0.125488 0.0886719 0.125
1 0.0777344 0.107422 0.0761719 0.109375 0.0761719 0.111328 0.0765625 0.111816 0.0765625 0.114258 0.0769531 0.114746 0.0769531 0.116211 0.0773438 0.116699 0.0773438 0.117188 0.0777344 0.117676 0.0777344 0.118652 0.078125 0.119141 0.078125 0.120117 0.0792969 0.121582 0.0792969 0.12207 0.0796875 0.122559 0.0796875 0.123535 0.0832031 0.12793 0.0839844 0.12793 0.0847656 0.128906 0.0875 0.128906 0.0878906 0.129395 0.0890625 0.129395 0.0894531 0.129883 0.103906 0.129883 0.104297 0.129395 0.105078 0.129395 0.105469 0.128906 0.10625 0.128906 0.107813 0.126953 0.107813 0.123535 0.107422 0.123047 0.107422 0.122559 0.10625 0.121094 0.105859 0.121094 0.105469 0.120605 0.105078 0.120605 0.104688 0.120117 0.104297 0.120117 0.103906 0.119629 0.102344 0.119629 0.101953 0.119141 0.100781 0.119141 0.100391 0.118652 0.0980469 0.118652 0.0972656 0.117676 0.0957031 0.117676 0.0949219 0.116699 0.0941406 0.116699 0.0933594 0.115723 0.0921875 0.115723 0.0917969 0.115234 0.0914062 0.115234 0.0910156 0.114746 0.090625 0.114746 0.0902344 0.114258 0.0894531 0.114258 0.0890625 0.11377 0.0886719 0.11377 0.0878906 0.112793 0.0871094 0.112793 0.0867187 0.112305 0.0859375 0.112305 0.0851563 0.111328 0.0847656 0.111328 0.0824219 0.108398 0.0820312 0.108398 0.0816406 0.10791 0.08125 0.10791 0.0808594 0.107422
1 0.0890625 0.0922852 0.0878906 0.09375 0.0878906 0.0981445 0.0875 0.0986328 0.0875 0.101074 0.0871094 0.101562 0.0871094 0.106934 0.0875 0.107422 0.0875 0.108398 0.0882813 0.109375 0.0882813 0.11084 0.0890625 0.111816 0.0890625 0.112305 0.0898438 0.113281 0.0898438 0.114258 0.0910156 0.115723 0.0910156 0.117188 0.0914062 0.117676 0.0914062 0.120117 0.0917969 0.120605 0.0917969 0.121094 0.0921875 0.121582 0.0921875 0.12207 0.0941406 0.124512 0.0964844 0.124512 0.0976562 0.123047 0.0976562 0.118164 0.0980469 0.117676 0.0980469 0.106445 0.0976562 0.105957 0.0976562 0.10498 0.0972656 0.104492 0.0972656 0.103516 0.0964844 0.102539 0.0964844 0.102051 0.0960938 0.101562 0.0960938 0.101074 0.0953125 0.100098 0.0953125 0.0986328 0.0941406 0.097168 0.0941406 0.0966797 0.09375 0.0961914 0.09375 0.0957031 0.0917969 0.0932617 0.0914062 0.0932617 0.090625 0.0922852
2 0.0582031 0.0947266 0.0578125 0.0952148 0.0570312 0.0952148 0.0554687 0.097168 0.0554687 0.100586 0.0558594 0.101074 0.0558594 0.102051 0.0578125 0.104492 0.0582031 0.104492 0.059375 0.105957 0.0609375 0.105957 0.0617188 0.106934 0.0660156 0.106934 0.0664062 0.107422 0.0683594 0.107422 0.06875 0.10791 0.0707031 0.10791 0.0710937 0.108398 0.0730469 0.108398 0.0738281 0.109375 0.0753906 0.109375 0.0757812 0.109863 0.0765625 0.109863 0.0769531 0.110352 0.0777344 0.110352 0.078125 0.11084 0.0789062 0.11084 0.0792969 0.111328 0.0820312 0.111328 0.0832031 0.109863 0.0832031 0.106934 0.0828125 0.106445 0.0828125 0.105957 0.0800781 0.102539 0.0800781 0.102051 0.0792969 0.101074 0.0792969 0.100586 0.0757812 0.0961914 0.0753906 0.0961914 0.0746094 0.0952148 0.0734375 0.0952148 0.0730469 0.0947266 0.0636719 0.0947266 0.0632812 0.0952148 0.0605469 0.0952148 0.0601563 0.0947266
1 0.0925781 0.0615234 0.0914062 0.0629883 0.0914062 0.0634766 0.0898438 0.0654297 0.0898438 0.065918 0.0894531 0.0664062 0.0894531 0.0673828 0.0890625 0.0678711 0.0890625 0.0693359 0.0882813 0.0703125 0.0882813 0.074707 0.0878906 0.0751953 0.0878906 0.0771484 0.0875 0.0776367 0.0875 0.0869141 0.0878906 0.0874023 0.0878906 0.0908203 0.0882813 0.0913086 0.0882813 0.0927734 0.0886719 0.0932617 0.0886719 0.0947266 0.0902344 0.0966797 0.0925781 0.0966797 0.0929688 0.0961914 0.0933594 0.0961914 0.0953125 0.09375 0.0953125 0.0932617 0.0957031 0.0927734 0.0957031 0.0922852 0.0960938 0.0917969 0.0960938 0.0913086 0.0964844 0.0908203 0.0964844 0.0893555 0.0972656 0.0883789 0.0972656 0.0869141 0.0976562 0.0864258 0.0976562 0.0849609 0.0980469 0.0844727 0.0980469 0.0698242 0.0976562 0.0693359 0.0976562 0.0678711 0.0972656 0.0673828 0.0972656 0.065918 0.096875 0.0654297 0.096875 0.0649414 0.0964844 0.0644531 0.0964844 0.0634766 0.0953125 0.0620117 0.0949219 0.0620117 0.0945312 0.0615234
1 0.096875 0.0639648 0.0957031 0.0654297 0.0957031 0.081543 0.0960938 0.0820312 0.0960938 0.0825195 0.0972656 0.0839844 0.0972656 0.0844727 0.0992187 0.0869141 0.0996094 0.0869141 0.1 0.0874023 0.100391 0.0874023 0.102344 0.0898438 0.102734 0.0898438 0.103125 0.090332 0.103516 0.090332 0.104297 0.0913086 0.104688 0.0913086 0.105859 0.0927734 0.10625 0.0927734 0.106641 0.0932617 0.109375 0.0932617 0.111328 0.0908203 0.111328 0.0834961 0.110937 0.0830078 0.110937 0.081543 0.110547 0.0810547 0.110547 0.0800781 0.109766 0.0791016 0.109766 0.078125 0.109375 0.0776367 0.109375 0.0771484 0.108984 0.0766602 0.108984 0.0761719 0.108594 0.0756836 0.108594 0.074707 0.107813 0.0737305 0.107813 0.0727539 0.107031 0.0717773 0.107031 0.0712891 0.105859 0.0698242 0.105859 0.0693359 0.104688 0.0678711 0.104297 0.0678711 0.101953 0.0649414 0.101562 0.0649414 0.100781 0.0639648
1 0.0910156 0.0268555 0.090625 0.0273438 0.0898438 0.0273438 0.0886719 0.0288086 0.0886719 0.0317383 0.0894531 0.0327148 0.0894531 0.0336914 0.0898438 0.0341797 0.0898438 0.0361328 0.0910156 0.0375977 0.0910156 0.0380859 0.0914062 0.0385742 0.0914062 0.0410156 0.0917969 0.0415039 0.0917969 0.0419922 0.0921875 0.0424805 0.0921875 0.0439453 0.0925781 0.0444336 0.0925781 0.0449219 0.0929688 0.0454102 0.0929688 0.0458984 0.0933594 0.0463867 0.0933594 0.046875 0.09375 0.0473633 0.09375 0.0478516 0.0941406 0.0483398 0.0941406 0.050293 0.0949219 0.0512695 0.0949219 0.0522461 0.0953125 0.0527344 0.0953125 0.0532227 0.0957031 0.0537109 0.0957031 0.0561523 0.0964844 0.0571289 0.0964844 0.0581055 0.096875 0.0585938 0.096875 0.059082 0.0972656 0.0595703 0.0972656 0.0600586 0.0980469 0.0610352 0.0980469 0.0615234 0.0984375 0.0620117 0.0984375 0.0625 0.1 0.0644531 0.100391 0.0644531 0.101562 0.065918 0.101953 0.065918 0.102344 0.0664062 0.102734 0.0664062 0.103906 0.0678711 0.104297 0.0678711 0.104688 0.0683594 0.105078 0.0683594 0.105469 0.0688477 0.111328 0.0688477 0.1125 0.0673828 0.1125 0.0654297 0.111328 0.0639648 0.111328 0.0634766 0.110937 0.0629883 0.110937 0.0620117 0.110156 0.0610352 0.110156 0.0605469 0.108984 0.059082 0.108984 0.0581055 0.108594 0.0576172 0.108594 0.0571289 0.108203 0.0566406 0.108203 0.0556641 0.107813 0.0551758 0.107813 0.0537109 0.107422 0.0532227 0.107422 0.0527344 0.107031 0.0522461 0.107031 0.050293 0.106641 0.0498047 0.106641 0.0473633 0.10625 0.046875 0.10625 0.0458984 0.105859 0.0454102 0.105859 0.0449219 0.105469 0.0444336 0.105469 0.0439453 0.104297 0.0424805 0.104297 0.0419922 0.103906 0.0415039 0.103906 0.0410156 0.102344 0.0390625 0.102344 0.0380859 0.101562 0.0371094 0.101562 0.0366211 0.100391 0.0351562 0.100391 0.034668 0.0996094 0.0336914 0.0996094 0.0332031 0.0988281 0.0322266 0.0988281 0.0317383 0.0984375 0.03125 0.0984375 0.0307617 0.0964844 0.0283203 0.0960938 0.0283203 0.0953125 0.0273438 0.0949219 0.0273438 0.0945312 0.0268555
1 0.0929688 0 0.0929688 0.000976562 0.0933594 0.00146484 0.0933594 0.00195312 0.09375 0.00244141 0.09375 0.00341797 0.0941406 0.00390625 0.0941406 0.00439453 0.0945312 0.00488281 0.0945312 0.00634766 0.0949219 0.00683594 0.0949219 0.00732422 0.0953125 0.0078125 0.0953125 0.0131836 0.0949219 0.0136719 0.0949219 0.0141602 0.0945312 0.0146484 0.0945312 0.015625 0.09375 0.0166016 0.09375 0.0175781 0.0929688 0.0185547 0.0929688 0.019043 0.0925781 0.0195312 0.0925781 0.0200195 0.0917969 0.0209961 0.0917969 0.0214844 0.0910156 0.0224609 0.0910156 0.0229492 0.090625 0.0234375 0.090625 0.0239258 0.0902344 0.0244141 0.0902344 0.0249023 0.0898438 0.0253906 0.0898438 0.0258789 0.0894531 0.0263672 0.0894531 0.0307617 0.0910156 0.0327148 0.0953125 0.0327148 0.0960938 0.0317383 0.0964844 0.0317383 0.0992187 0.0283203 0.0992187 0.027832 0.100781 0.0258789 0.100781 0.0253906 0.101562 0.0244141 0.101562 0.0239258 0.102344 0.0229492 0.102344 0.0224609 0.102734 0.0219727 0.102734 0.0214844 0.103516 0.0205078 0.103516 0.0180664 0.103906 0.0175781 0.103906 0.00585938 0.103516 0.00537109 0.103516 0.00341797 0.103125 0.00292969 0.103125 0.00244141 0.102734 0.00195312 0.102734 0.000976562 0.101953 0
1 0.112891 0 0.110937 0.00244141 0.110937 0.00292969 0.107813 0.00683594 0.107813 0.00732422 0.107422 0.0078125 0.107422 0.00878906 0.106641 0.00976562 0.106641 0.0102539 0.105859 0.0112305 0.105859 0.0117188 0.104688 0.0131836 0.104688 0.015625 0.103906 0.0166016 0.103906 0.0170898 0.103125 0.0180664 0.103125 0.019043 0.102734 0.0195312 0.102734 0.0200195 0.102344 0.0205078 0.102344 0.0209961 0.101562 0.0219727 0.101562 0.0234375 0.101172 0.0239258 0.101172 0.0253906 0.100391 0.0263672 0.100391 0.0292969 0.1 0.0297852 0.1 0.0356445 0.101172 0.0371094 0.105078 0.0371094 0.107031 0.034668 0.107422 0.034668 0.109375 0.0322266 0.109375 0.0317383 0.110547 0.0302734 0.110547 0.0297852 0.110937 0.0292969 0.110937 0.0288086 0.111328 0.0283203 0.111328 0.0268555 0.111719 0.0263672 0.111719 0.0258789 0.1125 0.0249023 0.1125 0.0244141 0.113672 0.0229492 0.113672 0.0214844 0.114844 0.0200195 0.114844 0.0195312 0.115234 0.019043 0.115234 0.0185547 0.115625 0.0180664 0.115625 0.0170898 0.116406 0.0161133 0.116406 0.0151367 0.116797 0.0146484 0.116797 0.0136719 0.117188 0.0131836 0.117188 0.0126953 0.117578 0.012207 0.117578 0.0112305 0.117969 0.0107422 0.117969 0.0102539 0.118359 0.00976562 0.118359 0.00878906 0.119141 0.0078125 0.119141 0
1 0.151172 0 0.151562 0.000488281 0.151562 0.000976562 0.152344 0.00195312 0.152344 0.00244141 0.152734 0.00292969 0.152734 0.00341797 0.153516 0.00439453 0.153516 0.00537109 0.154297 0.00634766 0.154297 0.00732422 0.154688 0.0078125 0.154688 0.00878906 0.155469 0.00976562 0.155469 0.0102539 0.155859 0.0107422 0.155859 0.0112305 0.15625 0.0117188 0.15625 0.012207 0.156641 0.0126953 0.156641 0.0136719 0.157422 0.0146484 0.157422 0.0151367 0.157812 0.015625 0.157812 0.0161133 0.158984 0.0175781 0.161328 0.0175781 0.1625 0.0161133 0.1625 0
1 0.116016 0 0.116016 0.00244141 0.116406 0.00292969 0.116406 0.00634766 0.117188 0.00732422 0.117188 0.00927734 0.117969 0.0102539 0.117969 0.0112305 0.11875 0.012207 0.11875 0.0126953 0.119141 0.0131836 0.119141 0.0136719 0.120703 0.015625 0.120703 0.0166016 0.121094 0.0170898 0.121094 0.0175781 0.122266 0.019043 0.122266 0.0195312 0.125 0.0229492 0.125391 0.0229492 0.126172 0.0239258 0.127734 0.0239258 0.128906 0.0224609 0.128906 0.00244141 0.128516 0.00195312 0.128516 0.000976562 0.127734 0
1 0.3895 0.0928906 0.390457 0.0937891 0.393027 0.0936084 0.399879 0.093252 0.404305 0.0918262 0.40802 0.0896826 0.41016 0.0882568 0.413191 0.0872559 0.415234 0.0795898 0.403125 0.0761719 0.389453 0.0844727 0.388672 0.0908203
1 0.407422 0.0874023 0.407031 0.0878906 0.40625 0.0878906 0.405859 0.0883789 0.404297 0.0883789 0.403906 0.0888672 0.403516 0.0888672 0.403125 0.0893555 0.401562 0.0893555 0.400781 0.090332 0.399219 0.090332 0.398828 0.0908203 0.398438 0.0908203 0.398047 0.0913086 0.397656 0.0913086 0.397266 0.0917969 0.396875 0.0917969 0.396484 0.0922852 0.396094 0.0922852 0.395703 0.0927734 0.394922 0.0927734 0.394141 0.09375 0.391797 0.09375 0.391016 0.0947266 0.390625 0.0947266 0.389453 0.0961914 0.389062 0.0961914 0.387891 0.0976562 0.3875 0.0976562 0.385937 0.0996094 0.385937 0.100098 0.383984 0.102539 0.383984 0.103027 0.383203 0.104004 0.383203 0.104492 0.382422 0.105469 0.382422 0.106445 0.382031 0.106934 0.382031 0.10791 0.381641 0.108398 0.381641 0.114258 0.384375 0.117676 0.392188 0.117676 0.392578 0.117188 0.392969 0.117188 0.393359 0.116699 0.39375 0.116699 0.394141 0.116211 0.394531 0.116211 0.394922 0.115723 0.395313 0.115723 0.396094 0.114746 0.396484 0.114746 0.396875 0.114258 0.397266 0.114258 0.398438 0.112793 0.399219 0.112793 0.399609 0.112305 0.4 0.112305 0.400781 0.111328 0.401172 0.111328 0.401953 0.110352 0.402344 0.110352 0.403906 0.108398 0.404297 0.108398 0.408594 0.103027 0.408594 0.102539 0.408984 0.102051 0.408984 0.101562 0.409375 0.101074 0.409375 0.100586 0.409766 0.100098 0.409766 0.0991211 0.410547 0.0981445 0.410547 0.0957031 0.411328 0.0947266 0.411328 0.0932617 0.411719 0.0927734 0.411719 0.0888672 0.410547 0.0874023
1 0.715234 0.258301 0.714844 0.258789 0.714063 0.258789 0.713672 0.259277 0.713281 0.259277 0.711328 0.261719 0.711328 0.270508 0.711719 0.270996 0.711719 0.272461 0.712109 0.272949 0.712109 0.274414 0.7125 0.274902 0.7125 0.276367 0.712891 0.276855 0.712891 0.277832 0.713281 0.27832 0.713281 0.279297 0.714063 0.280273 0.714063 0.28125 0.714844 0.282227 0.714844 0.283691 0.715625 0.284668 0.715625 0.285156 0.716016 0.285645 0.716016 0.287109 0.716406 0.287598 0.716406 0.288086 0.716797 0.288574 0.716797 0.289551 0.717187 0.290039 0.717187 0.291016 0.717578 0.291504 0.717578 0.29248 0.717969 0.292969 0.717969 0.293457 0.718359 0.293945 0.718359 0.294434 0.71875 0.294922 0.71875 0.295898 0.720313 0.297852 0.724219 0.297852 0.726953 0.294434 0.726953 0.293457 0.727344 0.292969 0.727344 0.282227 0.726953 0.281738 0.726953 0.279785 0.726562 0.279297 0.726562 0.277832 0.726172 0.277344 0.726172 0.273926 0.725781 0.273438 0.725781 0.271484 0.725391 0.270996 0.725391 0.269043 0.725 0.268555 0.725 0.26709 0.724609 0.266602 0.724609 0.266113 0.724219 0.265625 0.724219 0.265137 0.723437 0.26416 0.723437 0.263672 0.722266 0.262207 0.722266 0.261719 0.720703 0.259766 0.720313 0.259766 0.719531 0.258789 0.717969 0.258789 0.717578 0.258301
1 0.732812 0.255371 0.732422 0.255859 0.73125 0.255859 0.730469 0.256836 0.730078 0.256836 0.729297 0.257812 0.728906 0.257812 0.727734 0.259277 0.727734 0.259766 0.726562 0.26123 0.726562 0.261719 0.726172 0.262207 0.726172 0.262695 0.725781 0.263184 0.725781 0.263672 0.725 0.264648 0.725 0.265137 0.724219 0.266113 0.724219 0.266602 0.723828 0.26709 0.723828 0.268066 0.723047 0.269043 0.723047 0.269531 0.722656 0.27002 0.722656 0.270996 0.722266 0.271484 0.722266 0.273438 0.721875 0.273926 0.721875 0.274414 0.721484 0.274902 0.721484 0.276855 0.721094 0.277344 0.721094 0.286133 0.721484 0.286621 0.721484 0.287598 0.722266 0.288574 0.722266 0.289062 0.723437 0.290527 0.723828 0.290527 0.724219 0.291016 0.728125 0.291016 0.729297 0.289551 0.729297 0.288574 0.729688 0.288086 0.729688 0.287598 0.730078 0.287109 0.730078 0.286621 0.730469 0.286133 0.730469 0.285156 0.730859 0.284668 0.730859 0.283691 0.73125 0.283203 0.73125 0.282715 0.731641 0.282227 0.731641 0.281738 0.732422 0.280762 0.732422 0.279785 0.732812 0.279297 0.732812 0.278809 0.733203 0.27832 0.733203 0.277832 0.733594 0.277344 0.733594 0.276367 0.733984 0.275879 0.733984 0.274902 0.734375 0.274414 0.734375 0.273438 0.734766 0.272949 0.734766 0.270996 0.735156 0.270508 0.735156 0.269531 0.735547 0.269043 0.735547 0.265625 0.735938 0.265137 0.735938 0.256836 0.734766 0.255371
1 0.690625 0.415039 0.690234 0.415527 0.690234 0.41748 0.690625 0.417969 0.690625 0.418457 0.691797 0.419922 0.691797 0.42041 0.692969 0.421875 0.693359 0.421875 0.69375 0.422363 0.69375 0.422852 0.694922 0.424316 0.694922 0.424805 0.695703 0.425781 0.695703 0.42627 0.696875 0.427734 0.696875 0.428223 0.7 0.432129 0.700391 0.432129 0.702344 0.43457 0.702734 0.43457 0.704297 0.436523 0.704688 0.436523 0.705859 0.437988 0.70625 0.437988 0.706641 0.438477 0.707422 0.438477 0.707812 0.438965 0.708203 0.438965 0.708594 0.439453 0.709375 0.439453 0.709766 0.439941 0.711719 0.439941 0.712109 0.44043 0.714844 0.44043 0.715234 0.439941 0.715625 0.439941 0.716797 0.438477 0.717187 0.438477 0.71875 0.436523 0.71875 0.436035 0.719141 0.435547 0.719141 0.432129 0.71875 0.431641 0.71875 0.430664 0.717969 0.429688 0.717969 0.429199 0.715625 0.42627 0.715234 0.42627 0.713672 0.424316 0.713281 0.424316 0.711719 0.422363 0.711328 0.422363 0.710547 0.421387 0.710156 0.421387 0.709766 0.420898 0.709375 0.420898 0.708984 0.42041 0.708594 0.42041 0.708203 0.419922 0.707812 0.419922 0.707422 0.419434 0.706641 0.419434 0.70625 0.418945 0.705469 0.418945 0.705078 0.418457 0.701562 0.418457 0.701172 0.417969 0.699609 0.417969 0.699219 0.41748 0.697656 0.41748 0.697266 0.416992 0.694922 0.416992 0.694531 0.416504 0.694141 0.416504 0.69375 0.416016 0.692578 0.416016 0.692187 0.415527 0.691016 0.415527
1 0.717187 0.405762 0.716797 0.40625 0.716406 0.40625 0.715234 0.407715 0.714453 0.407715 0.714063 0.408203 0.713672 0.408203 0.713281 0.408691 0.712891 0.408691 0.709766 0.412598 0.709766 0.413086 0.708594 0.414551 0.708594 0.415527 0.707812 0.416504 0.707812 0.41748 0.707422 0.417969 0.707422 0.418457 0.706641 0.419434 0.706641 0.42041 0.705469 0.421875 0.705469 0.422363 0.704688 0.42334 0.704688 0.423828 0.704297 0.424316 0.704297 0.425293 0.703516 0.42627 0.703516 0.427246 0.702734 0.428223 0.702734 0.428711 0.702344 0.429199 0.702344 0.429688 0.701953 0.430176 0.701953 0.431152 0.701562 0.431641 0.701562 0.432617 0.701172 0.433105 0.701172 0.43457 0.700781 0.435059 0.700781 0.435547 0.700391 0.436035 0.700391 0.4375 0.7 0.437988 0.7 0.441406 0.702344 0.444336 0.703125 0.444336 0.703516 0.444824 0.707031 0.444824 0.707422 0.444336 0.707812 0.444336 0.708203 0.443848 0.708594 0.443848 0.709766 0.442383 0.710156 0.442383 0.711328 0.440918 0.711328 0.44043 0.712891 0.438477 0.712891 0.437988 0.714063 0.436523 0.714063 0.436035 0.715234 0.43457 0.715234 0.434082 0.716016 0.433105 0.716016 0.432617 0.716797 0.431641 0.716797 0.430664 0.717187 0.430176 0.717187 0.422363 0.717578 0.421875 0.717578 0.42041 0.717969 0.419922 0.717969 0.418945 0.718359 0.418457 0.718359 0.417969 0.719141 0.416992 0.719141 0.416504 0.719531 0.416016 0.719531 0.415527 0.719922 0.415039 0.719922 0.414551 0.720703 0.413574 0.720703 0.412598 0.721094 0.412109 0.721094 0.407227 0.719922 0.405762
1 0.738281 0.425781 0.737891 0.42627 0.736719 0.42627 0.735547 0.427734 0.735156 0.427734 0.734375 0.428711 0.733984 0.428711 0.733594 0.429199 0.732812 0.429199 0.730078 0.432617 0.730078 0.433594 0.729297 0.43457 0.729297 0.435059 0.728906 0.435547 0.728906 0.436035 0.728516 0.436523 0.728516 0.437988 0.728125 0.438477 0.728125 0.439453 0.727734 0.439941 0.727734 0.441406 0.727344 0.441895 0.727344 0.445312 0.726953 0.445801 0.726953 0.447266 0.726562 0.447754 0.726562 0.44873 0.726172 0.449219 0.726172 0.449707 0.723047 0.453613 0.723047 0.458008 0.725 0.460449 0.726562 0.460449 0.726953 0.460938 0.732422 0.460938 0.732812 0.461426 0.733594 0.461426 0.735547 0.463867 0.735938 0.463867 0.736328 0.464355 0.738281 0.464355 0.738672 0.463867 0.739062 0.463867 0.740234 0.462402 0.740234 0.461914 0.740625 0.461426 0.740625 0.460938 0.741016 0.460449 0.741016 0.459961 0.741406 0.459473 0.741406 0.458008 0.741797 0.45752 0.741797 0.456543 0.742578 0.455566 0.742578 0.454102 0.742969 0.453613 0.742969 0.45166 0.743359 0.451172 0.743359 0.443848 0.74375 0.443359 0.74375 0.43457 0.743359 0.434082 0.743359 0.433105 0.742969 0.432617 0.742969 0.432129 0.741797 0.430664 0.741797 0.430176 0.741016 0.429199 0.741016 0.427246 0.739844 0.425781
1 0.906641 0.163574 0.905469 0.165039 0.905469 0.166016 0.905078 0.166504 0.905078 0.168457 0.904687 0.168945 0.904687 0.17041 0.904297 0.170898 0.904297 0.171387 0.903906 0.171875 0.903906 0.172852 0.903516 0.17334 0.903516 0.173828 0.903125 0.174316 0.903125 0.175293 0.902344 0.17627 0.902344 0.176758 0.901563 0.177734 0.901563 0.178223 0.900781 0.179199 0.900781 0.179688 0.9 0.180664 0.9 0.181152 0.899609 0.181641 0.899609 0.182129 0.898828 0.183105 0.898828 0.183594 0.898047 0.18457 0.898047 0.185059 0.897266 0.186035 0.897266 0.186523 0.896484 0.1875 0.896484 0.187988 0.896094 0.188477 0.896094 0.188965 0.894922 0.19043 0.894922 0.190918 0.894531 0.191406 0.894531 0.192383 0.894141 0.192871 0.894141 0.193359 0.89375 0.193848 0.89375 0.194336 0.893359 0.194824 0.893359 0.195312 0.892969 0.195801 0.892969 0.197266 0.892578 0.197754 0.892578 0.203125 0.89375 0.20459 0.897656 0.20459 0.898828 0.203125 0.899219 0.203125 0.899609 0.202637 0.9 0.202637 0.903125 0.19873 0.903516 0.19873 0.903906 0.198242 0.904297 0.198242 0.905469 0.196777 0.905859 0.196777 0.90625 0.196289 0.906641 0.196289 0.910156 0.191895 0.910156 0.191406 0.910547 0.190918 0.910547 0.189941 0.911328 0.188965 0.911328 0.186035 0.911719 0.185547 0.911719 0.18457 0.912109 0.184082 0.912109 0.183105 0.9125 0.182617 0.9125 0.168945 0.912109 0.168457 0.912109 0.16748 0.911328 0.166504 0.911328 0.166016 0.909375 0.163574
2 0.870703 0.186523 0.869531 0.187988 0.869531 0.188477 0.869141 0.188965 0.869141 0.190918 0.870313 0.192383 0.870703 0.192383 0.871484 0.193359 0.871875 0.193359 0.873828 0.195801 0.873828 0.196289 0.874219 0.196777 0.874219 0.197754 0.874609 0.198242 0.874609 0.199219 0.875 0.199707 0.875 0.200195 0.875391 0.200684 0.875391 0.201172 0.875781 0.20166 0.875781 0.202148 0.879687 0.207031 0.880469 0.207031 0.882031 0.208984 0.882422 0.208984 0.883203 0.209961 0.883594 0.209961 0.883984 0.210449 0.884375 0.210449 0.884766 0.210938 0.885156 0.210938 0.885547 0.211426 0.886328 0.211426 0.887109 0.212402 0.889062 0.212402 0.889453 0.212891 0.889844 0.212891 0.890234 0.213379 0.891016 0.213379 0.891406 0.213867 0.89375 0.213867 0.894141 0.214355 0.896875 0.214355 0.898438 0.212402 0.898438 0.205566 0.898047 0.205078 0.898047 0.20459 0.897656 0.204102 0.897656 0.203125 0.895703 0.200684 0.895312 0.200684 0.894531 0.199707 0.894141 0.199707 0.893359 0.19873 0.892969 0.19873 0.892578 0.198242 0.891406 0.198242 0.891016 0.197754 0.890234 0.197754 0.889453 0.196777 0.8875 0.196777 0.886719 0.195801 0.885938 0.195801 0.885547 0.195312 0.884766 0.195312 0.883984 0.194336 0.883594 0.194336 0.882812 0.193359 0.882422 0.193359 0.881641 0.192383 0.880859 0.192383 0.880078 0.191406 0.879687 0.191406 0.879297 0.190918 0.878906 0.190918 0.877734 0.189453 0.877344 0.189453 0.876953 0.188965 0.876563 0.188965 0.875781 0.187988 0.875391 0.187988 0.874609 0.187012 0.873437 0.187012 0.873047 0.186523
1 0.738281 0 0.738281 0.0136719 0.738672 0.0141602 0.738672 0.0151367 0.739062 0.015625 0.739062 0.0175781 0.739453 0.0180664 0.739453 0.019043 0.741016 0.0209961 0.742969 0.0209961 0.743359 0.0205078 0.74375 0.0205078 0.744922 0.019043 0.744922 0.0185547 0.745313 0.0180664 0.745313 0.0175781 0.746094 0.0166016 0.746094 0.0146484 0.746484 0.0141602 0.746484 0.0131836 0.746875 0.0126953 0.746875 0.0112305 0.747266 0.0107422 0.747266 0.00976562 0.747656 0.00927734 0.747656 0.00830078 0.748047 0.0078125 0.748047 0.00634766 0.748437 0.00585938 0.748437 0.00537109 0.749609 0.00390625 0.749609 0
2 0.877344 0.89209 0.875391 0.894531 0.875391 0.89502 0.874609 0.895996 0.874609 0.896973 0.874219 0.897461 0.874219 0.898926 0.873828 0.899414 0.873828 0.900391 0.873437 0.900879 0.873437 0.902344 0.872656 0.90332 0.872656 0.903809 0.872266 0.904297 0.872266 0.913574 0.872656 0.914062 0.872656 0.91748 0.873047 0.917969 0.873047 0.919922 0.873437 0.92041 0.873437 0.922852 0.873828 0.92334 0.873828 0.924316 0.874219 0.924805 0.874219 0.926758 0.874609 0.927246 0.874609 0.928711 0.875 0.929199 0.875 0.932617 0.875391 0.933105 0.875391 0.935547 0.875781 0.936035 0.875781 0.9375 0.876172 0.937988 0.876172 0.938477 0.876563 0.938965 0.876563 0.939453 0.877734 0.940918 0.877734 0.941406 0.878516 0.942383 0.878516 0.942871 0.878906 0.943359 0.878906 0.943848 0.880078 0.945312 0.882812 0.945312 0.883984 0.943848 0.883984 0.927246 0.883594 0.926758 0.883594 0.923828 0.883203 0.92334 0.883203 0.922363 0.882812 0.921875 0.882812 0.92041 0.882422 0.919922 0.882422 0.918457 0.882031 0.917969 0.882031 0.916992 0.881641 0.916504 0.881641 0.914551 0.880859 0.913574 0.880859 0.911621 0.880078 0.910645 0.880078 0.908203 0.879687 0.907715 0.879687 0.897949 0.880078 0.897461 0.880078 0.896484 0.880469 0.895996 0.880469 0.893555 0.879297 0.89209
1 0.621094 0.9375 0.619922 0.938965 0.619922 0.939453 0.619531 0.939941 0.619531 0.94043 0.619141 0.940918 0.619141 0.941895 0.618359 0.942871 0.618359 0.943359 0.617969 0.943848 0.617969 0.944336 0.617578 0.944824 0.617188 0.944824 0.615234 0.947266 0.614844 0.947266 0.614062 0.948242 0.613672 0.948242 0.612891 0.949219 0.6125 0.949219 0.612109 0.949707 0.611719 0.949707 0.610938 0.950684 0.610547 0.950684 0.609766 0.95166 0.609375 0.95166 0.608594 0.952637 0.608203 0.952637 0.607812 0.953125 0.607422 0.953125 0.605859 0.955078 0.605859 0.955566 0.605469 0.956055 0.605469 0.959961 0.608594 0.963867 0.612891 0.963867 0.613672 0.962891 0.614062 0.962891 0.617969 0.958008 0.617969 0.95752 0.61875 0.956543 0.619141 0.956543 0.621094 0.954102 0.621094 0.953613 0.622266 0.952148 0.622266 0.95166 0.622656 0.951172 0.622656 0.950195 0.623437 0.949219 0.623437 0.94873 0.623828 0.948242 0.623828 0.947754 0.624219 0.947266 0.624219 0.945801 0.624609 0.945312 0.624609 0.938965 0.623437 0.9375
1 0.245703 0.389648 0.245312 0.390137 0.244531 0.390137 0.24375 0.391113 0.242578 0.391113 0.242188 0.391602 0.241797 0.391602 0.239844 0.394043 0.239844 0.398926 0.240234 0.399414 0.240234 0.399902 0.240625 0.400391 0.240625 0.400879 0.241797 0.402344 0.241797 0.402832 0.242188 0.40332 0.242188 0.403809 0.243359 0.405273 0.24375 0.405273 0.245312 0.407227 0.246094 0.407227 0.246484 0.407715 0.247266 0.407715 0.247656 0.408203 0.253906 0.408203 0.254297 0.407715 0.25625 0.407715 0.256641 0.407227 0.257031 0.407227 0.257422 0.406738 0.258594 0.406738 0.258984 0.40625 0.259766 0.40625 0.260156 0.405762 0.260937 0.405762 0.263672 0.402344 0.263672 0.401367 0.264062 0.400879 0.264062 0.396973 0.263672 0.396484 0.263672 0.395996 0.2625 0.394531 0.262109 0.394531 0.261328 0.393555 0.260547 0.393555 0.260156 0.393066 0.258984 0.393066 0.258594 0.392578 0.257422 0.392578 0.257031 0.39209 0.256641 0.39209 0.25625 0.391602 0.253906 0.391602 0.253516 0.391113 0.252734 0.391113 0.252344 0.390625 0.251172 0.390625 0.250781 0.390137 0.248438 0.390137 0.248047 0.389648
1 0.245312 0.378906 0.244922 0.379395 0.244531 0.379395 0.242578 0.381836 0.242578 0.383789 0.244141 0.385742 0.244531 0.385742 0.246875 0.388672 0.247656 0.388672 0.248438 0.389648 0.248828 0.389648 0.25 0.391113 0.250391 0.391113 0.251172 0.39209 0.251953 0.39209 0.252344 0.392578 0.253125 0.392578 0.253516 0.393066 0.253906 0.393066 0.255078 0.394531 0.255859 0.394531 0.25625 0.39502 0.256641 0.39502 0.258203 0.396973 0.258594 0.396973 0.261719 0.400879 0.262109 0.400879 0.265234 0.404785 0.26875 0.404785 0.270313 0.402832 0.270313 0.39502 0.269531 0.394043 0.269531 0.393066 0.269141 0.392578 0.269141 0.39209 0.26875 0.391602 0.26875 0.391113 0.267188 0.38916 0.266797 0.38916 0.266016 0.388184 0.265625 0.388184 0.262891 0.384766 0.2625 0.384766 0.262109 0.384277 0.262109 0.383301 0.260937 0.381836 0.260156 0.381836 0.259375 0.380859 0.258594 0.380859 0.258203 0.380371 0.257031 0.380371 0.256641 0.379883 0.255859 0.379883 0.255469 0.379395 0.253125 0.379395 0.252734 0.378906
1 0.229687 0.965332 0.227734 0.967773 0.227734 0.973145 0.228125 0.973633 0.228125 0.974121 0.229297 0.975586 0.230078 0.975586 0.230859 0.976562 0.234766 0.976562 0.235156 0.977051 0.236719 0.977051 0.237109 0.977539 0.2375 0.977539 0.237891 0.978027 0.239844 0.978027 0.240234 0.978516 0.241016 0.978516 0.241406 0.979004 0.242188 0.979004 0.243359 0.980469 0.244141 0.980469 0.244531 0.980957 0.245312 0.980957 0.246094 0.981934 0.248047 0.981934 0.248438 0.982422 0.255469 0.982422 0.255859 0.98291 0.258594 0.98291 0.258984 0.983398 0.259766 0.983398 0.260156 0.983887 0.260547 0.983887 0.260937 0.984375 0.261719 0.984375 0.262109 0.984863 0.264062 0.984863 0.265234 0.983398 0.265234 0.980469 0.264844 0.97998 0.264844 0.979492 0.263672 0.978027 0.263672 0.977539 0.2625 0.976074 0.261719 0.976074 0.259375 0.973145 0.258984 0.973145 0.258594 0.972656 0.258203 0.972656 0.257812 0.972168 0.257031 0.972168 0.256641 0.97168 0.25625 0.97168 0.255859 0.971191 0.255469 0.971191 0.255078 0.970703 0.253906 0.970703 0.253516 0.970215 0.252734 0.970215 0.252344 0.969727 0.251953 0.969727 0.251563 0.969238 0.251172 0.969238 0.250781 0.96875 0.250391 0.96875 0.249609 0.967773 0.248828 0.967773 0.248438 0.967285 0.248047 0.967285 0.247656 0.966797 0.246484 0.966797 0.246094 0.966309 0.242969 0.966309 0.242578 0.96582 0.238672 0.96582 0.238281 0.965332
1 0.227344 0.875488 0.226172 0.876953 0.226172 0.87793 0.225781 0.878418 0.225781 0.888672 0.226172 0.88916 0.226172 0.890137 0.226562 0.890625 0.226562 0.895508 0.226953 0.895996 0.226953 0.896973 0.227344 0.897461 0.227344 0.898438 0.227734 0.898926 0.227734 0.899414 0.228125 0.899902 0.228125 0.901855 0.228516 0.902344 0.228516 0.902832 0.228906 0.90332 0.228906 0.905762 0.229297 0.90625 0.229297 0.907715 0.229687 0.908203 0.229687 0.908691 0.230078 0.90918 0.230078 0.909668 0.231641 0.911621 0.232031 0.911621 0.232813 0.912598 0.2375 0.912598 0.239063 0.910645 0.239063 0.90918 0.239453 0.908691 0.239453 0.902832 0.239063 0.902344 0.239063 0.893555 0.238672 0.893066 0.238672 0.89209 0.238281 0.891602 0.238281 0.88916 0.2375 0.888184 0.2375 0.887695 0.237109 0.887207 0.237109 0.886719 0.236719 0.88623 0.236719 0.885742 0.236328 0.885254 0.236328 0.884277 0.235547 0.883301 0.235547 0.882324 0.232031 0.87793 0.231641 0.87793 0.230078 0.875977 0.229687 0.875977 0.229297 0.875488
0 0.232813 0.388672 0.232813 0.402344 0.239453 0.414062 0.250781 0.42334 0.254688 0.422363 0.257031 0.416504 0.244922 0.398438 0.244922 0.393555 0.2375 0.388184
1 0.310156 0.510742 0.300391 0.507812 0.290625 0.508301 0.273828 0.519043 0.273438 0.521484 0.278516 0.524414 0.290625 0.523926 0.308203 0.516113
1 0.196094 0.480957 0.198437 0.486816 0.207031 0.492188 0.225391 0.491699 0.226172 0.489258 0.224219 0.483398 0.211719 0.478027 0.203125 0.477539
1 0.198828 0.453125 0.192578 0.45459 0.180469 0.466797 0.173828 0.481445 0.173047 0.486328 0.174219 0.48877 0.178516 0.490234 0.1875 0.481934 0.199609 0.45752
1 0.142187 0.498047 0.139063 0.503906 0.140234 0.513672 0.151172 0.529785 0.155078 0.520508 0.154297 0.513672 0.147656 0.500488
1 0.298438 0.396484 0.294141 0.397461 0.282422 0.410156 0.278516 0.420898 0.279297 0.432617 0.283984 0.433105 0.291797 0.42041
1 0.285156 0.353027 0.285156 0.355469 0.288672 0.359375 0.303906 0.370117 0.310937 0.370605 0.313672 0.368652 0.313672 0.364746 0.310156 0.358887 0.299609 0.349121 0.29375 0.348633
1 0.202734 0.316895 0.196875 0.316406 0.193359 0.319336 0.191016 0.32666 0.191406 0.334473 0.192969 0.336914 0.198047 0.336426 0.201953 0.330078 0.203516 0.322754
1 0.515625 0.318848 0.511328 0.31543 0.499219 0.314453 0.4875 0.318848 0.479297 0.318848 0.478125 0.320801 0.482422 0.325684 0.499219 0.32959 0.513672 0.324707
1 0.429688 0.32959 0.433203 0.333496 0.439453 0.333496 0.453125 0.325684 0.453125 0.323242 0.450391 0.320801 0.439063 0.318848 0.431641 0.322754
1 0.351953 0.622559 0.344922 0.620117 0.333594 0.626953 0.319141 0.642578 0.31875 0.646484 0.333984 0.643555 0.342969 0.63916 0.351953 0.628418
0 0.301563 0.561523 0.297266 0.56543 0.294531 0.580566 0.3 0.598633 0.306641 0.606445 0.308203 0.603027 0.308984 0.577148 0.30625 0.566406
1 0.412891 0.475098 0.407031 0.480469 0.402344 0.495605 0.403516 0.513672 0.407813 0.518555 0.412109 0.515625 0.414453 0.501465
1 0.325391 0.467285 0.325 0.472168 0.326953 0.475586 0.336719 0.484863 0.349609 0.487793 0.354297 0.486328 0.357422 0.482422 0.355078 0.475586 0.347266 0.471191
1 0.305078 0.455566 0.303906 0.462891 0.305859 0.477051 0.312891 0.488281 0.320703 0.48877 0.322656 0.48584 0.322266 0.481934 0.316016 0.464355 0.310156 0.456543
1 0.241797 0.671875 0.236328 0.67041 0.223828 0.674805 0.219141 0.681152 0.218359 0.688477 0.220703 0.690918 0.223828 0.690918 0.233984 0.686523 0.2375 0.682617
1 0.178906 0.654785 0.176563 0.655273 0.171094 0.662109 0.165625 0.677246 0.164844 0.692871 0.168359 0.697754 0.172656 0.696777 0.178516 0.685059 0.180859 0.65625
1 0.141016 0.617188 0.140625 0.623047 0.146484 0.632812 0.160156 0.637695 0.165625 0.63623 0.166016 0.631836 0.155859 0.62207 0.145703 0.616211
1 0.175 0.55957 0.145313 0.560547 0.136328 0.5625 0.135156 0.56543 0.138672 0.571289 0.155469 0.574707 0.173828 0.564941
1 0.166016 0.810059 0.169141 0.814453 0.182812 0.816895 0.200781 0.80957 0.202344 0.805664 0.201563 0.803711 0.180859 0.80127 0.169531 0.804688
1 0.216797 0.821777 0.212109 0.821777 0.201953 0.833008 0.196484 0.851562 0.197656 0.856445 0.201953 0.855957 0.213281 0.84082 0.217969 0.828613
1 0.236719 0.833008 0.232422 0.837402 0.224609 0.853027 0.222656 0.863281 0.223828 0.872559 0.229687 0.870605 0.2375 0.858398 0.239063 0.841309
1 0.178906 0.900391 0.179688 0.906738 0.200781 0.923828 0.204297 0.921387 0.202344 0.911133 0.192578 0.899902 0.183984 0.896973
1 0.149219 0.844727 0.145313 0.851562 0.144141 0.867188 0.146094 0.874023 0.151172 0.879883 0.153516 0.878906 0.157031 0.872559 0.157031 0.864746 0.155078 0.851562 0.151172 0.844727
1 0.230859 0.92041 0.230859 0.92627 0.234375 0.931152 0.239063 0.933105 0.246094 0.931152 0.245703 0.924805 0.240234 0.918945 0.235547 0.917969
1 0.335938 0.871582 0.337109 0.877441 0.340625 0.881348 0.350391 0.881836 0.357812 0.877441 0.364844 0.875977 0.367578 0.873047 0.366797 0.870117 0.351562 0.863281 0.338281 0.868164
1 0.3625 0.759766 0.361328 0.764648 0.365625 0.773438 0.380078 0.787598 0.385156 0.790039 0.385547 0.782715 0.378906 0.768066 0.36875 0.759766
1 0.416406 0.691895 0.401172 0.701172 0.390234 0.724121 0.391406 0.728516 0.398438 0.726074 0.408203 0.715332 0.418359 0.697266
1 0.426953 0.782227 0.426563 0.790039 0.430469 0.802246 0.439063 0.811523 0.451172 0.817383 0.451953 0.812012 0.443359 0.794434 0.432812 0.782715
1 0.412891 0.807617 0.412109 0.812988 0.415625 0.821289 0.419531 0.82373 0.428516 0.821777 0.429297 0.816895 0.425391 0.810547 0.419922 0.806641
1 0.471484 0.724609 0.472266 0.73291 0.479297 0.739746 0.500781 0.74707 0.504687 0.746094 0.502734 0.739258 0.492188 0.729492 0.475781 0.723633
1 0.162891 0.976562 0.157422 0.976562 0.153125 0.981934 0.148438 1 0.160547 1 0.164062 0.983398
1 0.536328 0.856445 0.536719 0.862793 0.547656 0.868164 0.567578 0.870117 0.569531 0.867676 0.565625 0.861328 0.553125 0.853027 0.541406 0.853027
1 0.606641 0.941895 0.601562 0.939941 0.586719 0.947266 0.575 0.958984 0.575391 0.962402 0.578125 0.964355 0.585156 0.964355 0.597656 0.959473 0.605469 0.950684
1 0.689063 0.885742 0.684766 0.890137 0.674219 0.911133 0.673438 0.919922 0.676953 0.923828 0.68125 0.922363 0.689453 0.909668 0.690625 0.889648
1 0.660156 0.763184 0.662109 0.769531 0.673438 0.775879 0.683594 0.775391 0.689453 0.773438 0.691406 0.77002 0.673047 0.76123 0.662109 0.760742
1 0.547656 0.693359 0.548047 0.700195 0.557422 0.715332 0.564453 0.71875 0.569531 0.71875 0.572656 0.716309 0.564063 0.699219 0.558594 0.692871 0.551562 0.689941
1 0.587109 0.671875 0.583984 0.676758 0.584375 0.686523 0.588281 0.694824 0.595313 0.703613 0.599219 0.704102 0.596484 0.680176 0.592578 0.672363
1 0.664844 0.678223 0.661328 0.678223 0.653125 0.692383 0.653125 0.708008 0.654297 0.712402 0.656641 0.713867 0.658984 0.712402 0.665625 0.696777 0.667578 0.682129
1 0.694141 0.623535 0.685937 0.637207 0.684375 0.64502 0.685937 0.657715 0.689453 0.664062 0.693359 0.666504 0.696484 0.664551 0.698047 0.660645 0.697266 0.627441
1 0.747656 0.748535 0.746094 0.75293 0.746094 0.762207 0.748437 0.770508 0.759766 0.784668 0.764453 0.785645 0.764844 0.782227 0.757422 0.758301 0.751953 0.749023
1 0.739844 0.709961 0.732031 0.710449 0.727344 0.721191 0.726953 0.731445 0.732422 0.740723 0.735547 0.739258 0.740234 0.725098 0.741406 0.712402
1 0.709766 0.576172 0.703125 0.583984 0.700391 0.591309 0.700781 0.599121 0.703906 0.603516 0.708594 0.601074 0.713672 0.592773 0.714063 0.583984
1 0.880469 0.554688 0.878516 0.561035 0.88125 0.569336 0.896484 0.589355 0.898438 0.578613 0.896875 0.568359 0.893359 0.5625 0.883984 0.555176
1 0.958594 0.796387 0.954297 0.801758 0.953516 0.814453 0.957422 0.825195 0.963672 0.829102 0.96875 0.823242 0.96875 0.812988 0.964844 0.802246
1 0.955859 0.856934 0.949609 0.85498 0.943359 0.85791 0.928125 0.871094 0.926562 0.876953 0.937109 0.878418 0.948438 0.874023 0.955078 0.865723
1 0.941016 0.89209 0.935547 0.893066 0.928125 0.902344 0.925 0.914551 0.926562 0.918945 0.932422 0.916992 0.939063 0.910645 0.943359 0.897949
1 0.986719 0.905273 0.980078 0.900879 0.967187 0.903809 0.956641 0.913574 0.953906 0.921387 0.95625 0.924316 0.960156 0.924805 0.969922 0.920898 0.984766 0.90918
1 0.848828 0.881836 0.85 0.888672 0.856641 0.894531 0.875781 0.895996 0.878125 0.89502 0.882422 0.887695 0.882031 0.879883 0.874609 0.875488 0.858203 0.875488
1 0.870703 0.858398 0.882812 0.867676 0.899219 0.870605 0.901953 0.868164 0.895703 0.85791 0.888672 0.853027 0.875391 0.850586 0.872266 0.851562
1 0.782813 0.895508 0.787891 0.902832 0.795703 0.908203 0.804688 0.906738 0.809375 0.901855 0.807813 0.895508 0.798438 0.891602 0.787109 0.89209
1 0.742969 0.920898 0.743359 0.924805 0.745703 0.927246 0.75625 0.931152 0.767188 0.930664 0.769922 0.926758 0.768359 0.922363 0.757031 0.915039 0.748047 0.915527
1 0.701562 0.466797 0.693359 0.469238 0.683594 0.480469 0.678125 0.500977 0.678125 0.505859 0.680469 0.508789 0.685937 0.507812 0.701562 0.472168
1 0.673828 0.394531 0.669141 0.395996 0.661328 0.408203 0.655078 0.427246 0.655078 0.433105 0.657813 0.437012 0.662109 0.436035 0.665625 0.432129 0.671094 0.419922 0.674609 0.399414
1 0.587109 0.427246 0.587891 0.430664 0.591406 0.433105 0.610547 0.438477 0.615625 0.4375 0.614453 0.431641 0.610938 0.426758 0.603125 0.420898 0.591797 0.42334
1 0.762891 0.40918 0.761719 0.413086 0.771094 0.443359 0.775 0.447754 0.779297 0.446289 0.780859 0.438965 0.778906 0.426758 0.770703 0.414551
1 0.728516 0.456055 0.724609 0.456055 0.719531 0.46582 0.71875 0.472168 0.721094 0.476562 0.728906 0.474121 0.732422 0.467285 0.733203 0.461426
1 0.934766 0.385742 0.925391 0.383789 0.919141 0.38623 0.914844 0.396973 0.916016 0.40332 0.919141 0.40625 0.923828 0.404785 0.933984 0.393066 0.935547 0.389648
1 0.998437 0.353027 0.996094 0.349609 0.992188 0.348633 0.981641 0.350098 0.974219 0.355957 0.966016 0.369629 0.966797 0.371582 0.970313 0.371582 0.977344 0.367676 0.986719 0.365723 0.995703 0.360352
1 0.738281 0.422363 0.728516 0.42041 0.720703 0.424805 0.714063 0.437012 0.714063 0.442383 0.716797 0.444336 0.724219 0.443359 0.737109 0.42627
1 0.896484 0.266602 0.89375 0.264648 0.889062 0.265137 0.877734 0.272461 0.871484 0.282227 0.872266 0.293945 0.8875 0.283691 0.896484 0.271973
1 0.807031 0.202637 0.805859 0.208008 0.808984 0.213379 0.8125 0.227051 0.823047 0.23584 0.823828 0.226562 0.819922 0.210449 0.811328 0.20166
1 0.65 0.303711 0.648828 0.310059 0.652344 0.318359 0.658203 0.324707 0.666406 0.32959 0.669141 0.329102 0.669141 0.32373 0.664062 0.310547 0.657422 0.304199
1 0.608984 0.320312 0.607812 0.323242 0.608984 0.328613 0.618359 0.338867 0.623828 0.340332 0.635938 0.339355 0.634375 0.333984 0.628516 0.331055 0.619922 0.320312 0.614844 0.317871
1 0.121484 0.372559 0.120703 0.378906 0.124609 0.385742 0.129297 0.38916 0.141406 0.394043 0.149219 0.391113 0.148828 0.384277 0.142187 0.378906 0.123828 0.371582
1 0.117188 0.411133 0.112109 0.41748 0.112109 0.429199 0.113281 0.431641 0.123828 0.4375 0.127344 0.432617 0.126953 0.41748 0.123047 0.410645
1 0.0839844 0.460449 0.0871094 0.467285 0.0957031 0.472168 0.10625 0.472168 0.108984 0.46875 0.107813 0.462402 0.104688 0.458984 0.0863281 0.458984
1 0.220312 0.202148 0.216406 0.20166 0.204297 0.217285 0.202344 0.223633 0.195312 0.230957 0.196094 0.233887 0.208203 0.231445 0.216016 0.225098 0.221094 0.208984
1 0.122656 0.269531 0.119531 0.269043 0.111719 0.277344 0.103125 0.280762 0.103125 0.297363 0.104688 0.301758 0.111328 0.302734 0.117969 0.295898
1 0.132031 0.318848 0.126172 0.320312 0.120703 0.330566 0.118359 0.340332 0.11875 0.344238 0.122266 0.347656 0.127734 0.346191 0.131641 0.339844 0.134766 0.325684 0.134375 0.321289
1 0.186328 0.128418 0.18125 0.130371 0.170313 0.143555 0.167187 0.15332 0.167969 0.160156 0.175 0.160156 0.183203 0.149902 0.187109 0.135254
1 0.180859 0.109375 0.181641 0.114746 0.184375 0.118652 0.191406 0.12207 0.198047 0.12207 0.20625 0.115234 0.204687 0.110352 0.194922 0.105469 0.185156 0.106445
1 0.198047 0.0629883 0.194141 0.0693359 0.191406 0.0786133 0.192188 0.0913086 0.196484 0.0981445 0.200781 0.09375 0.202344 0.0825195 0.201953 0.0727539
1 0.387109 0.152344 0.385547 0.149414 0.380469 0.146973 0.366797 0.147949 0.357812 0.153809 0.354687 0.157715 0.353516 0.163086 0.35625 0.166016 0.367188 0.164551 0.380859 0.15625 0.386328 0.155273
1 0.384375 0.172852 0.380078 0.171875 0.372656 0.180176 0.371875 0.195801 0.368359 0.20166 0.369141 0.205566 0.373828 0.205078 0.383203 0.197266 0.385937 0.185059
1 0.559375 0.213379 0.555078 0.211914 0.545312 0.220703 0.530859 0.242676 0.532031 0.244141 0.537891 0.243652 0.548828 0.237305 0.557422 0.224121 0.559766 0.218262
1 0.549219 0.10498 0.541797 0.108887 0.532422 0.123047 0.526953 0.138184 0.528906 0.143555 0.534375 0.142578 0.541797 0.133789 0.546484 0.116211 0.55 0.109375
1 0.728125 0.0449219 0.725 0.0507812 0.726562 0.065918 0.739453 0.0825195 0.741016 0.0825195 0.742188 0.0795898 0.739844 0.0756836 0.741016 0.0727539 0.740234 0.0610352 0.733203 0.0473633
1 0.730469 0.0258789 0.725 0.0249023 0.711328 0.03125 0.703125 0.0405273 0.702344 0.046875 0.705078 0.0488281 0.710547 0.0483398 0.718359 0.0439453 0.727734 0.0327148
1 0.469141 0.0234375 0.46875 0.0283203 0.478906 0.0424805 0.491406 0.0488281 0.498437 0.0488281 0.500781 0.046875 0.499219 0.0424805 0.483594 0.0253906 0.475 0.0205078 0.471094 0.0209961
1 0.473047 0.012207 0.475 0.0141602 0.482031 0.0136719 0.497266 0.00439453 0.505469 0.00195312 0.505469 0 0.474609 0
1 0.663281 0.03125 0.666016 0.0332031 0.68125 0.0322266 0.691406 0.0209961 0.68125 0.0185547 0.670312 0.0195312 0.663281 0.0258789
1 0.24375 0.0356445 0.24375 0.0405273 0.251563 0.0576172 0.258984 0.0649414 0.264453 0.0654297 0.266016 0.0610352 0.260547 0.0478516 0.248047 0.0361328
1 0.228516 0.00878906 0.229297 0.0151367 0.236719 0.0239258 0.245312 0.0244141 0.252734 0.0214844 0.251953 0.0166016 0.239453 0.00830078 0.230859 0.00732422
1 0.225391 0.0180664 0.224219 0.0224609 0.227734 0.0317383 0.240625 0.0512695 0.242969 0.0395508 0.239844 0.0302734 0.231641 0.0185547 0.229297 0.0170898
1 0.146484 0.0234375 0.139453 0.0258789 0.134766 0.0317383 0.130859 0.0410156 0.131641 0.0507812 0.138672 0.0512695 0.144922 0.0439453 0.147266 0.0297852
1 0.153516 0.0610352 0.147656 0.0600586 0.137109 0.0654297 0.133594 0.0712891 0.133594 0.078125 0.139063 0.0791016 0.15 0.0717773 0.153125 0.0668945
1 0.102344 0.135742 0.102734 0.143066 0.107031 0.148438 0.117188 0.150879 0.125391 0.148926 0.124219 0.143066 0.114844 0.13623 0.108984 0.133789
1 0.808984 0.0625 0.805469 0.065918 0.805859 0.0722656 0.817578 0.102539 0.821875 0.103027 0.824219 0.0917969 0.823047 0.0805664 0.812109 0.0629883
2 0.794531 0.575684 0.790234 0.576172 0.778906 0.592285 0.771094 0.606445 0.771875 0.611328 0.776563 0.612305 0.785547 0.60498 0.793359 0.588379 0.795312 0.581055
2 0.763672 0.63623 0.762109 0.64209 0.767578 0.651367 0.782031 0.66748 0.7875 0.668945 0.788672 0.665527 0.780469 0.650391 0.769922 0.638184
2 0.228125 0.144531 0.229297 0.149902 0.232031 0.152832 0.242969 0.157715 0.253125 0.15625 0.260937 0.149902 0.260547 0.147949 0.256641 0.145996 0.234375 0.141602 0.230078 0.14209
2 0.259766 0.35791 0.262891 0.363281 0.282813 0.378418 0.288672 0.381348 0.293359 0.379395 0.292578 0.373535 0.276953 0.359375 0.265234 0.355469
2 0.947656 0.0258789 0.942578 0.0302734 0.9375 0.0405273 0.93125 0.0615234 0.931641 0.0668945 0.940234 0.0625 0.944141 0.0556641 0.949609 0.0322266
2 0.122266 0.736328 0.122266 0.743164 0.129688 0.752441 0.139453 0.760254 0.144141 0.759766 0.145313 0.753906 0.139453 0.746094 0.130859 0.739258
1 0.482031 0.156738 0.482422 0.159668 0.485938 0.161133 0.492969 0.170898 0.504687 0.181152 0.510156 0.182129 0.511328 0.180664 0.510938 0.17334 0.499609 0.15918
1 0.451562 0.20166 0.449219 0.199219 0.445312 0.199219 0.435547 0.202637 0.434375 0.205078 0.428516 0.208008 0.424609 0.213867 0.419141 0.212891 0.41875 0.216797 0.435937 0.218262 0.450391 0.207031
