2 0.149219 0.126465 0.147656 0.128906 0.146875 0.133301 0.146094 0.149902 0.146875 0.152832 0.150391 0.15918 0.153906 0.15918 0.154688 0.157715 0.155859 0.148438 0.155859 0.141602 0.154688 0.134766 0.152344 0.128418 0.150781 0.126465
2 0.255469 0.0200195 0.253516 0.019043 0.250391 0.019043 0.241016 0.0258789 0.238672 0.0307617 0.237891 0.034668 0.237891 0.0385742 0.239063 0.0424805 0.241797 0.0424805 0.245703 0.0375977 0.256641 0.0288086 0.257422 0.0249023 0.257031 0.0224609
2 0.291016 0.104492 0.291406 0.10791 0.294531 0.110352 0.300781 0.109863 0.308984 0.10791 0.317969 0.108398 0.319531 0.106445 0.319531 0.104492 0.314453 0.100586 0.309375 0.0986328 0.301953 0.0986328 0.29375 0.102051
2 0.261176 0.510298 0.254398 0.505234 0.247211 0.500488 0.242996 0.49873 0.239941 0.498936 0.239195 0.499761 0.239363 0.501621 0.243082 0.504824 0.248617 0.508955 0.255059 0.515459 0.258531 0.52021 0.262742 0.526924 0.265223 0.530537 0.266957 0.53147 0.268941 0.530229 0.269023 0.528369 0.268609 0.524033 0.266543 0.518662 0.26332 0.513086
1 0.225078 0.500581 0.222102 0.504917 0.220121 0.50915 0.219047 0.514727 0.219211 0.522163 0.222598 0.530425 0.226234 0.536001 0.229621 0.539619 0.233754 0.544365 0.237883 0.548911 0.239207 0.546846 0.239039 0.544473 0.237387 0.540132 0.23557 0.53311 0.23425 0.527432 0.232844 0.521748 0.232102 0.515967 0.231191 0.510908 0.231273 0.50729 0.231605 0.505537 0.233008 0.501816 0.233754 0.499028 0.233836 0.496138 0.231953 0.494385 0.229375 0.495415 0.226895 0.497896
2 0.771848 0.469111 0.770773 0.466011 0.768461 0.463945 0.766066 0.465601 0.765898 0.468389 0.767633 0.473862 0.769203 0.481919 0.771352 0.488525 0.77218 0.492866 0.773004 0.495342 0.774656 0.496377 0.776723 0.495444 0.777219 0.492144 0.776145 0.485532 0.774906 0.479023 0.773418 0.47355
2 0.432871 -0 0.431711 0.000605469 0.430324 0.00333008 0.430223 0.00494141 0.430719 0.00667969 0.432902 0.00729492 0.43766 0.00729492 0.443805 0.00667969 0.448664 0.00655273 0.453918 0.00680176 0.45709 0.00729492 0.45868 0.00643066 0.45957 0.00457031 0.45957 0.00208984 0.457898 0
2 0.164766 0.414307 0.164531 0.410693 0.157148 0.405029 0.150391 0.397266 0.144531 0.394287 0.138086 0.393799 0.131953 0.395459 0.129453 0.397607 0.129102 0.403027 0.132578 0.405908 0.1375 0.408691 0.148828 0.413574 0.153359 0.415039 0.161484 0.416504
2 0.164023 0.41499 0.166836 0.414258 0.170703 0.416016 0.176563 0.421875 0.179688 0.427734 0.186328 0.436035 0.189062 0.440918 0.189062 0.443848 0.187891 0.444824 0.184766 0.444824 0.175781 0.439941 0.168359 0.432617 0.166563 0.426611 0.162969 0.418115
2 0.962809 0.126606 0.960445 0.124141 0.958309 0.122808 0.953809 0.122314 0.950039 0.122524 0.948465 0.124424 0.94807 0.126602 0.949535 0.128433 0.952516 0.129697 0.956285 0.133706 0.960223 0.141367 0.96416 0.14812 0.965621 0.151211 0.967254 0.152969 0.970008 0.1548 0.972371 0.154023 0.972539 0.151704 0.970516 0.147275 0.967535 0.14207 0.966016 0.135391 0.96416 0.129414
1 0.588672 0.524414 0.586719 0.522949 0.583203 0.521973 0.572656 0.525391 0.561328 0.526855 0.552734 0.53125 0.550391 0.533691 0.55 0.535645 0.551953 0.537598 0.565234 0.538086 0.576562 0.534668 0.585156 0.530273 0.588672 0.525879
1 0.491797 0.426758 0.491797 0.428223 0.492969 0.430664 0.498437 0.437012 0.502344 0.439941 0.507422 0.442383 0.517188 0.442383 0.521484 0.440918 0.525781 0.4375 0.525 0.432617 0.514062 0.432129 0.508984 0.427246 0.50625 0.425781 0.501953 0.424805 0.497266 0.424805
1 0.333594 0.53125 0.332031 0.530273 0.329297 0.530273 0.322266 0.534668 0.318359 0.540039 0.316797 0.546875 0.316406 0.555176 0.314844 0.55957 0.314453 0.563477 0.318359 0.5625 0.322656 0.557617 0.326953 0.554199 0.330078 0.549805 0.332422 0.539062 0.334375 0.535156
1 0.301953 0.567383 0.301953 0.569824 0.303125 0.571289 0.319922 0.57959 0.324219 0.57959 0.335156 0.575684 0.336719 0.57373 0.334375 0.571289 0.331641 0.570801 0.316797 0.563965 0.309766 0.563477 0.303125 0.564453
1 0.428516 0.221191 0.426953 0.221191 0.423047 0.225586 0.419531 0.230957 0.414844 0.241699 0.414453 0.259766 0.415234 0.265137 0.416797 0.26709 0.420703 0.267578 0.422266 0.26416 0.423438 0.253906 0.428516 0.23877 0.428516 0.231445 0.429297 0.229492 0.429297 0.222656
1 0.461328 0.265625 0.461328 0.267578 0.463281 0.270996 0.476562 0.276855 0.487109 0.27832 0.491016 0.277344 0.492969 0.275391 0.492578 0.270508 0.489844 0.269043 0.483984 0.263184 0.479297 0.260742 0.473047 0.260742 0.470703 0.262207 0.464062 0.263672
2 0.267188 0.392578 0.268359 0.394043 0.271875 0.395996 0.283203 0.399902 0.286719 0.397461 0.29375 0.394531 0.294922 0.392578 0.295703 0.388672 0.282031 0.387207 0.270313 0.387695 0.267188 0.388672
1 0.545703 0.290039 0.546094 0.291992 0.548438 0.294922 0.555859 0.299805 0.560156 0.303711 0.564063 0.305664 0.573438 0.306152 0.576953 0.304688 0.579297 0.30127 0.578516 0.299316 0.570312 0.294922 0.564453 0.290039 0.551562 0.285645 0.548438 0.285645 0.546875 0.287109
1 0.583203 0.306641 0.583203 0.310059 0.584766 0.311035 0.596484 0.314453 0.614844 0.313477 0.617578 0.311035 0.617578 0.309082 0.616016 0.307129 0.602344 0.300781 0.591406 0.30127 0.585156 0.304199
1 0.744141 0.347168 0.742578 0.349609 0.742578 0.364746 0.74375 0.372559 0.747266 0.380371 0.751953 0.384766 0.755469 0.390137 0.756641 0.390137 0.757812 0.386719 0.757812 0.378906 0.75625 0.370117 0.753906 0.36377 0.750391 0.356934 0.748437 0.348145 0.746484 0.347168
1 0.626953 0.434082 0.625 0.436035 0.624609 0.437988 0.625 0.441895 0.626953 0.447266 0.629297 0.45752 0.630859 0.461426 0.635938 0.467773 0.637891 0.47168 0.641406 0.47168 0.642578 0.469727 0.642578 0.461914 0.632422 0.443848 0.630859 0.437012 0.629297 0.435059
1 0.356641 0.422363 0.352734 0.422363 0.348438 0.425781 0.340625 0.43457 0.3375 0.442383 0.336328 0.448242 0.333984 0.451172 0.334375 0.453125 0.338672 0.452637 0.341016 0.449707 0.346484 0.445312 0.351562 0.436523 0.354687 0.432617 0.357031 0.427246
1 0.726953 0.435059 0.726953 0.4375 0.735547 0.452148 0.741016 0.458984 0.744141 0.461914 0.751172 0.46582 0.753516 0.46582 0.755078 0.463867 0.755078 0.460938 0.748828 0.45166 0.746875 0.446777 0.742188 0.44043 0.732422 0.43457 0.728516 0.433594
1 0.816797 0.333496 0.814453 0.338379 0.814453 0.340332 0.816016 0.34668 0.818359 0.350586 0.822266 0.361816 0.823828 0.364746 0.833984 0.37793 0.836719 0.37793 0.837109 0.372559 0.835938 0.369141 0.836328 0.362305 0.834766 0.356934 0.830469 0.349609 0.823438 0.341309 0.822266 0.338379 0.818359 0.333496
1 0.814453 0.325195 0.813281 0.325195 0.810547 0.327148 0.808984 0.33252 0.805859 0.337891 0.803125 0.353027 0.803125 0.355469 0.80625 0.365723 0.809766 0.370117 0.810937 0.370117 0.8125 0.367188 0.813281 0.353516 0.815625 0.348633 0.816016 0.344238 0.817578 0.340332 0.817578 0.333984 0.816406 0.329102
1 0.779297 0.427734 0.780469 0.432129 0.782422 0.43457 0.786328 0.437012 0.797266 0.438477 0.803516 0.443359 0.807031 0.443359 0.807813 0.442383 0.808594 0.438477 0.807813 0.43457 0.800781 0.424805 0.798438 0.42334 0.793359 0.422852 0.785547 0.42627 0.780078 0.426758
1 0.776953 0.475586 0.771484 0.470703 0.767969 0.470703 0.765625 0.473145 0.763281 0.474121 0.759766 0.478027 0.757812 0.482422 0.754297 0.486328 0.753125 0.490234 0.754687 0.491699 0.757422 0.492188 0.764062 0.491211 0.770312 0.487305 0.772656 0.484375 0.775781 0.482422 0.776953 0.47998
1 0.907422 0.398926 0.905859 0.399902 0.904297 0.402344 0.904687 0.412109 0.909766 0.428223 0.912109 0.430664 0.914844 0.430176 0.916406 0.428223 0.917188 0.424316 0.917188 0.411621 0.916016 0.407715 0.913672 0.40332 0.910156 0.399902
1 0.873437 0.494629 0.86875 0.493164 0.855469 0.494629 0.849609 0.498047 0.845313 0.501953 0.838672 0.504395 0.833203 0.504883 0.832031 0.506836 0.832031 0.510254 0.833594 0.511719 0.839844 0.512207 0.855078 0.508301 0.872656 0.497559 0.873437 0.496582
1 0.783594 0.62793 0.783594 0.631836 0.784375 0.633301 0.794531 0.639648 0.799219 0.640137 0.803906 0.638672 0.809766 0.638184 0.811328 0.63623 0.811719 0.632812 0.810937 0.631348 0.802344 0.625488 0.798438 0.624023 0.787891 0.624512 0.785156 0.625977
1 0.708594 0.520996 0.700781 0.523438 0.692578 0.529785 0.691406 0.533691 0.691016 0.540039 0.688281 0.54541 0.687891 0.549316 0.688281 0.55127 0.689453 0.552734 0.694141 0.552734 0.697266 0.550781 0.701562 0.544922 0.704297 0.534668 0.70625 0.529785 0.709766 0.524902
1 0.623437 0.55127 0.622266 0.553711 0.622656 0.558594 0.621875 0.562988 0.621875 0.568848 0.624609 0.574219 0.625781 0.579102 0.630078 0.586426 0.634375 0.588379 0.635547 0.581543 0.635547 0.57666 0.634375 0.571777 0.627734 0.554688 0.626563 0.552734
1 0.61875 0.569336 0.617578 0.571777 0.617188 0.589844 0.617969 0.593262 0.620703 0.599609 0.621484 0.608398 0.622266 0.610352 0.625781 0.61377 0.626953 0.61377 0.628125 0.608398 0.628125 0.586426 0.624219 0.575195 0.619922 0.569336
1 0.517578 0.562012 0.515625 0.561523 0.514062 0.560059 0.5125 0.567871 0.510547 0.571777 0.500781 0.583496 0.500781 0.589355 0.503516 0.589844 0.506641 0.588867 0.508984 0.585938 0.514062 0.58252 0.517969 0.578125 0.519531 0.574219 0.519531 0.567383
1 0.547266 0.611816 0.545703 0.610352 0.543359 0.610352 0.535156 0.612305 0.523828 0.612793 0.518359 0.614746 0.513281 0.618164 0.511719 0.620117 0.508594 0.626465 0.508594 0.628418 0.512109 0.628906 0.516797 0.627441 0.520312 0.627441 0.526953 0.625 0.535156 0.623535 0.544922 0.618164 0.547266 0.614258
1 0.348047 0.384277 0.346875 0.385742 0.346484 0.387695 0.347266 0.390625 0.348828 0.406738 0.349609 0.40918 0.352734 0.415039 0.357031 0.418457 0.362109 0.417969 0.362891 0.416992 0.362891 0.410645 0.360547 0.404297 0.359375 0.396973 0.355469 0.389648 0.350391 0.384277
2 0.165625 0.0883789 0.160938 0.0888672 0.155859 0.0927734 0.153516 0.0957031 0.153125 0.0976562 0.149609 0.104492 0.148828 0.108398 0.149219 0.111816 0.150781 0.115723 0.152344 0.117188 0.155469 0.117676 0.156641 0.115723 0.159766 0.101562 0.163281 0.0942383 0.166016 0.0913086 0.166406 0.0893555
2 0.260156 0.16748 0.257422 0.164062 0.254297 0.163086 0.247266 0.163086 0.24375 0.164062 0.238281 0.168457 0.230859 0.177246 0.229687 0.182617 0.230859 0.183594 0.233594 0.183594 0.244141 0.179199 0.248438 0.174805 0.251563 0.172852 0.259375 0.169922 0.260156 0.168945
2 0.357812 0.319824 0.354297 0.317871 0.351172 0.317383 0.345703 0.314941 0.337891 0.314941 0.318359 0.323242 0.315625 0.32373 0.313281 0.325684 0.312891 0.330078 0.314453 0.332031 0.318359 0.33252 0.326562 0.32959 0.344922 0.32666 0.35 0.324707 0.353125 0.324707 0.355859 0.32373 0.357812 0.321289
2 0.170313 0.249512 0.168359 0.248047 0.165234 0.248047 0.153906 0.256836 0.152734 0.259766 0.152734 0.263184 0.153516 0.266113 0.157422 0.268555 0.159375 0.268555 0.162891 0.26709 0.167578 0.261719 0.170703 0.253418
2 0.569922 0.206055 0.569922 0.208008 0.572266 0.209961 0.580469 0.212402 0.588281 0.21582 0.591797 0.218262 0.596875 0.21875 0.598437 0.217285 0.598828 0.211914 0.596484 0.209473 0.592578 0.209473 0.584766 0.206055 0.579688 0.206055 0.573438 0.203613 0.571484 0.203613
2 0.595313 0.198242 0.595313 0.20459 0.596484 0.208984 0.598828 0.211914 0.600391 0.211914 0.602734 0.210449 0.603906 0.20752 0.601953 0.203125 0.601562 0.198242 0.600781 0.197266
2 0.415234 0.142578 0.411719 0.142578 0.409766 0.145996 0.407422 0.148438 0.404297 0.154785 0.402344 0.162109 0.402344 0.168457 0.403516 0.172852 0.404687 0.174316 0.407422 0.17334 0.408984 0.17041 0.410156 0.164062 0.411719 0.159668 0.412109 0.15332 0.414844 0.146484 0.416016 0.14502 0.416016 0.143555
2 0.408203 0.0566406 0.407422 0.0576172 0.406641 0.0620117 0.406641 0.0712891 0.407422 0.0756836 0.411719 0.0810547 0.416016 0.0820312 0.417187 0.0810547 0.417187 0.0786133 0.415625 0.0751953 0.412891 0.0639648 0.410547 0.0585938 0.408984 0.0566406
2 0.501172 0.104004 0.501953 0.105957 0.505469 0.108398 0.507031 0.11084 0.5125 0.116211 0.519141 0.120605 0.523047 0.121094 0.525 0.119629 0.523438 0.115234 0.521875 0.113281 0.511719 0.10498 0.507031 0.103027 0.501953 0.103027
2 0.786328 0.285645 0.784766 0.288086 0.784766 0.295898 0.785937 0.300293 0.788281 0.306152 0.792188 0.312988 0.794141 0.318359 0.795312 0.319824 0.798438 0.319824 0.799219 0.317383 0.799219 0.313477 0.79375 0.300293 0.791797 0.292969 0.787891 0.286133
2 0.764062 0.361328 0.763672 0.365234 0.764844 0.371094 0.766406 0.374512 0.767578 0.375 0.76875 0.372559 0.768359 0.364258 0.767188 0.361328
2 0.759766 0.584473 0.755469 0.584473 0.748437 0.589355 0.741016 0.593262 0.737109 0.602051 0.736328 0.608398 0.739062 0.610352 0.740625 0.610352 0.742578 0.608887 0.744141 0.605957 0.751953 0.596191 0.757031 0.59082 0.760547 0.588379
2 0.338672 0.789062 0.337891 0.793945 0.339453 0.795898 0.346094 0.799805 0.35 0.803711 0.357422 0.807129 0.360938 0.80957 0.365234 0.80957 0.367188 0.808105 0.367188 0.803711 0.366406 0.802246 0.364453 0.800781 0.358594 0.792969 0.355078 0.790039 0.349609 0.787109 0.341016 0.787109
2 0.583984 0.941895 0.582422 0.943848 0.579297 0.95166 0.578516 0.955078 0.578516 0.961426 0.579688 0.965332 0.582422 0.96875 0.587109 0.971191 0.591406 0.970703 0.591406 0.968262 0.590234 0.966309 0.588672 0.960449 0.588672 0.95459 0.589844 0.951172 0.589844 0.944336 0.5875 0.941406
2 0.911719 0.914551 0.911719 0.916992 0.913672 0.92041 0.917188 0.924316 0.91875 0.928223 0.921875 0.932129 0.924219 0.933594 0.931641 0.936523 0.940234 0.937012 0.944531 0.935059 0.947266 0.931641 0.946875 0.929688 0.94375 0.928223 0.938281 0.927246 0.924219 0.922363 0.916797 0.915039 0.912891 0.914062
2 0.766797 0.445312 0.766406 0.44873 0.767578 0.452148 0.772266 0.457031 0.774609 0.461426 0.790234 0.481445 0.792188 0.481445 0.792969 0.480469 0.793359 0.477539 0.792969 0.474121 0.788281 0.460938 0.785937 0.457031 0.779687 0.450195 0.775391 0.446777 0.771484 0.444824
2 0.569141 0.00976562 0.565625 0.0102539 0.564063 0.0112305 0.562891 0.0136719 0.559375 0.0249023 0.559375 0.03125 0.559766 0.0327148 0.560937 0.0336914 0.565234 0.0332031 0.566406 0.0273438 0.570312 0.0195312 0.571094 0.0166016 0.570703 0.0112305
2 0.530859 0.0234375 0.530469 0.027832 0.532813 0.0322266 0.536328 0.0341797 0.537891 0.0341797 0.541797 0.0322266 0.542188 0.0268555 0.540625 0.0249023 0.535547 0.0234375 0.533594 0.0219727 0.532422 0.0219727
2 0.536719 0.0395508 0.536328 0.043457 0.5375 0.0493164 0.541016 0.059082 0.543359 0.0625 0.546094 0.0639648 0.548438 0.0678711 0.552344 0.0703125 0.556641 0.0708008 0.557422 0.0683594 0.557422 0.0654297 0.555078 0.0629883 0.552734 0.0620117 0.544531 0.050293 0.542969 0.0449219 0.540234 0.0429688 0.537891 0.0395508
1 0.464844 0.11084 0.466406 0.113281 0.483594 0.114258 0.491016 0.111816 0.498437 0.106934 0.502344 0.105957 0.502734 0.104004 0.501563 0.102539 0.494531 0.0991211 0.490625 0.0981445 0.482031 0.0976562 0.473828 0.100586 0.467578 0.105957 0.465234 0.108887
1 0.453516 0.0566406 0.453125 0.0620117 0.45625 0.0708008 0.458984 0.074707 0.462891 0.078125 0.469141 0.0795898 0.472656 0.0795898 0.475391 0.0776367 0.475391 0.074707 0.471094 0.0708008 0.465234 0.0629883 0.459766 0.0571289 0.456641 0.0556641 0.454297 0.0556641
1 0.458203 0.0302734 0.453906 0.0302734 0.443359 0.0439453 0.441797 0.0493164 0.442188 0.0620117 0.443359 0.0649414 0.446875 0.0629883 0.448437 0.0610352 0.45 0.0571289 0.452734 0.0537109 0.457031 0.0424805 0.458594 0.034668
1 0.435937 0.0307617 0.432031 0.0302734 0.430859 0.03125 0.429297 0.0385742 0.426172 0.046875 0.425781 0.0571289 0.426563 0.0649414 0.427344 0.0668945 0.428906 0.0668945 0.432422 0.0629883 0.437109 0.0527344 0.437109 0.0336914
1 0.386719 0.0405273 0.385547 0.0395508 0.383984 0.0395508 0.380078 0.0429688 0.374609 0.0541992 0.370703 0.0600586 0.370703 0.0620117 0.371875 0.0644531 0.373437 0.0654297 0.38125 0.0649414 0.386328 0.0620117 0.388281 0.0576172 0.389062 0.0532227 0.388672 0.0449219
1 0.547656 0.0664062 0.546094 0.0644531 0.541797 0.0634766 0.5375 0.0639648 0.533594 0.0654297 0.530078 0.0683594 0.522266 0.0722656 0.520703 0.074707 0.521094 0.0795898 0.522266 0.0810547 0.525391 0.0820312 0.53125 0.081543 0.535547 0.0800781 0.545703 0.0712891
1 0.610547 0.0615234 0.608984 0.0634766 0.608594 0.0664062 0.609766 0.0688477 0.612891 0.0722656 0.615234 0.0805664 0.617578 0.0854492 0.620703 0.0888672 0.626953 0.0932617 0.630859 0.0927734 0.63125 0.0893555 0.629687 0.0864258 0.628125 0.074707 0.626563 0.0703125 0.622266 0.0644531 0.619141 0.0625 0.614453 0.0610352
1 0.518359 0.0180664 0.516797 0.0180664 0.515625 0.0195312 0.510547 0.0292969 0.508594 0.0317383 0.507031 0.0356445 0.507031 0.0405273 0.505469 0.0473633 0.500391 0.059082 0.500391 0.0629883 0.501953 0.0654297 0.506641 0.0625 0.508594 0.0576172 0.511328 0.0541992 0.515234 0.046875 0.517188 0.0415039 0.520312 0.0229492 0.519922 0.0200195
1 0.54375 0.0512695 0.544141 0.0571289 0.546094 0.0581055 0.548438 0.0581055 0.553906 0.0625 0.561328 0.0625 0.563672 0.0605469 0.565625 0.0571289 0.565625 0.0546875 0.564063 0.0512695 0.555859 0.0483398 0.553516 0.0458984 0.549609 0.0439453 0.547266 0.0444336
1 0.653906 0.226074 0.651563 0.224121 0.649609 0.224121 0.639844 0.230469 0.633203 0.240234 0.631641 0.245605 0.632031 0.247559 0.633984 0.25 0.637891 0.252441 0.639453 0.252441 0.642188 0.250977 0.646875 0.243652 0.652734 0.232422 0.653906 0.228516
1 0.469531 0.17041 0.469531 0.174805 0.471094 0.177734 0.473828 0.179688 0.479297 0.181641 0.488281 0.188965 0.495703 0.19043 0.503906 0.19043 0.505859 0.189941 0.507422 0.188477 0.507422 0.187012 0.505859 0.18457 0.5 0.181641 0.486719 0.171387 0.476172 0.168457 0.471875 0.168457 0.469922 0.169434
1 0.503906 0.158203 0.500391 0.157715 0.498437 0.15918 0.494141 0.158203 0.489453 0.155273 0.482031 0.155273 0.471094 0.159668 0.467187 0.160156 0.464844 0.162598 0.464844 0.164551 0.466797 0.166504 0.476562 0.169434 0.487109 0.170898 0.490625 0.169922 0.499219 0.164551 0.501172 0.161621 0.503906 0.159668
1 0.503125 0.133789 0.502344 0.132812 0.500391 0.132324 0.489063 0.132324 0.483203 0.133789 0.476953 0.137207 0.473438 0.140137 0.470703 0.143555 0.469922 0.148926 0.471094 0.150391 0.476172 0.150391 0.482031 0.148926 0.494141 0.140625 0.502734 0.13623
1 0.408203 0.123047 0.408594 0.125488 0.412891 0.127441 0.419141 0.131836 0.422266 0.132812 0.43125 0.132812 0.434375 0.131836 0.436328 0.129883 0.435156 0.125488 0.433594 0.123535 0.427344 0.119629 0.423047 0.118164 0.419141 0.117676 0.413672 0.119141 0.409766 0.121094
1 0.267188 0.558594 0.264453 0.557129 0.259766 0.557617 0.256641 0.560059 0.250391 0.562988 0.246484 0.567871 0.24375 0.572754 0.241797 0.578125 0.242188 0.580566 0.24375 0.582031 0.248047 0.582031 0.255859 0.578613 0.259766 0.575684 0.2625 0.571777 0.266016 0.564453 0.267578 0.560059
1 0.213281 0.558105 0.212891 0.560059 0.215625 0.563965 0.216406 0.566406 0.216797 0.575195 0.21875 0.581543 0.219922 0.583496 0.221484 0.584473 0.225391 0.584961 0.226953 0.583008 0.228516 0.577148 0.229297 0.568359 0.228125 0.563965 0.225391 0.55957 0.222266 0.557617 0.215234 0.557129
1 0.261328 0.477051 0.260547 0.476074 0.258594 0.476074 0.255078 0.478027 0.250391 0.482422 0.242188 0.48584 0.238281 0.48877 0.237109 0.491211 0.233594 0.494141 0.232031 0.496582 0.234766 0.500488 0.238672 0.501465 0.241797 0.500977 0.248438 0.497559 0.254688 0.491699 0.261328 0.482422
1 0.234375 0.504395 0.235547 0.510742 0.238281 0.515625 0.242969 0.521973 0.246094 0.523926 0.247656 0.525879 0.254297 0.527832 0.257031 0.527832 0.260547 0.525879 0.260547 0.524414 0.254688 0.517578 0.253516 0.514648 0.251953 0.512695 0.248828 0.510742 0.244141 0.504395 0.241016 0.50293 0.235547 0.50293
1 0.247656 0.531738 0.245312 0.535156 0.244531 0.539551 0.244922 0.544922 0.246875 0.550293 0.251563 0.555664 0.257422 0.555664 0.260547 0.554199 0.262891 0.550293 0.262891 0.543945 0.261328 0.539551 0.255469 0.532227 0.251563 0.53125
1 0.304688 0.437988 0.303125 0.436523 0.299219 0.436035 0.286719 0.436035 0.273438 0.450684 0.273438 0.452637 0.274219 0.453613 0.277734 0.453613 0.291406 0.450684 0.304297 0.443359 0.305078 0.441895
1 0.204687 0.46875 0.201563 0.469727 0.200781 0.471191 0.199219 0.477051 0.194922 0.48584 0.194141 0.489746 0.194531 0.49707 0.197656 0.506348 0.199609 0.516602 0.201172 0.518555 0.202344 0.518555 0.205078 0.516602 0.206641 0.510254 0.205469 0.470215
2 0.160547 0.496582 0.160547 0.5 0.161328 0.500977 0.173047 0.506348 0.190625 0.507812 0.195312 0.506348 0.196094 0.505371 0.196484 0.500488 0.194922 0.496094 0.193359 0.494141 0.190625 0.493652 0.185156 0.494141 0.182812 0.493164 0.176563 0.492676 0.171094 0.494141 0.161719 0.495117
2 0.254688 0.442383 0.253125 0.441406 0.251172 0.442383 0.249219 0.44873 0.246484 0.45459 0.236719 0.469238 0.235547 0.472656 0.235156 0.478027 0.234375 0.480469 0.235937 0.484863 0.237891 0.484375 0.24375 0.475098 0.248828 0.47168 0.252344 0.467285 0.253516 0.462402
2 0.364063 0.397461 0.364453 0.402832 0.367188 0.407715 0.377734 0.418945 0.380078 0.42041 0.389062 0.421387 0.391797 0.42334 0.393359 0.422852 0.393359 0.420898 0.391406 0.416992 0.383984 0.412598 0.378125 0.407227 0.375 0.405762 0.370703 0.400879 0.366797 0.398438 0.366016 0.396973
2 0.414844 0.475098 0.4125 0.472656 0.407813 0.473145 0.4 0.476074 0.388281 0.48291 0.386719 0.486328 0.386719 0.491699 0.388281 0.498047 0.389453 0.499023 0.394141 0.492676 0.4 0.490723 0.40625 0.484375 0.413281 0.480957 0.414844 0.478516
2 0.377734 0.443359 0.375781 0.443359 0.373047 0.444824 0.367188 0.451172 0.361328 0.454102 0.359766 0.456055 0.360156 0.461426 0.3625 0.467285 0.364063 0.468262 0.366406 0.468262 0.369922 0.465332 0.373047 0.461426 0.375391 0.456543 0.378125 0.453125 0.378906 0.450684 0.378906 0.445801
2 0.444141 0.50293 0.442969 0.50293 0.441797 0.505371 0.441406 0.507812 0.438672 0.51416 0.435937 0.525391 0.435937 0.534668 0.436719 0.538574 0.438672 0.541504 0.440625 0.541504 0.442188 0.540527 0.443359 0.538086 0.445703 0.518555 0.445312 0.508301
2 0.0949219 0.422363 0.0949219 0.424805 0.0957031 0.426758 0.0992187 0.426758 0.103125 0.423828 0.107813 0.42334 0.113281 0.428223 0.119531 0.431152 0.125391 0.430664 0.127344 0.429688 0.128125 0.428223 0.128125 0.426758 0.126172 0.42334 0.119531 0.419434 0.113281 0.414551 0.111328 0.412109 0.108594 0.410645 0.103516 0.411621 0.0988281 0.415039
2 0.0632812 0.524902 0.0609375 0.52832 0.0601563 0.531738 0.0601563 0.535645 0.0617188 0.539551 0.06875 0.548828 0.0730469 0.556152 0.0757812 0.558594 0.0800781 0.558594 0.0804688 0.554199 0.0773438 0.548828 0.0765625 0.539551 0.0699219 0.530273 0.0675781 0.525391 0.065625 0.524414
2 0.146094 0.166504 0.142969 0.166016 0.141797 0.168457 0.141797 0.173828 0.140234 0.183594 0.138672 0.187988 0.1375 0.19873 0.1375 0.204102 0.138672 0.206543 0.142187 0.205566 0.14375 0.204102 0.148828 0.193359 0.15 0.189453 0.15 0.187012 0.148438 0.182129 0.147266 0.167969
1 0.211328 0.237793 0.211328 0.242188 0.216406 0.247559 0.219922 0.25293 0.221875 0.257324 0.226562 0.263184 0.231641 0.266602 0.236328 0.266602 0.237109 0.265625 0.2375 0.260742 0.234766 0.256348 0.233203 0.250977 0.229297 0.242676 0.224609 0.239258 0.214062 0.236816 0.2125 0.236816
1 0.125781 0.309082 0.119531 0.304688 0.117188 0.303711 0.112891 0.303711 0.103906 0.307617 0.100781 0.308105 0.0976562 0.310059 0.0949219 0.310059 0.0925781 0.307617 0.0914062 0.307617 0.0902344 0.30957 0.0902344 0.316406 0.0910156 0.319824 0.09375 0.322266 0.0964844 0.323242 0.10625 0.324219 0.110547 0.322754 0.121094 0.316406 0.126172 0.311035
1 0.103906 0.277832 0.102344 0.27832 0.1 0.285156 0.0953125 0.291016 0.0925781 0.300293 0.0898438 0.305664 0.0894531 0.311035 0.0914062 0.316406 0.0925781 0.316406 0.0933594 0.313965 0.0976562 0.310059 0.104297 0.296875 0.104688 0.290527 0.105469 0.287598 0.105469 0.28125
1 0.15 0.250488 0.147266 0.248535 0.135156 0.250488 0.126172 0.255371 0.125391 0.257324 0.126562 0.26123 0.130078 0.265625 0.133594 0.266602 0.138672 0.266113 0.145313 0.26123 0.150391 0.256348
1 0.169531 0.229492 0.165625 0.228027 0.158203 0.228027 0.155078 0.22998 0.15 0.231445 0.146875 0.237793 0.146484 0.246094 0.149219 0.24707 0.152344 0.24707 0.162891 0.244141 0.169141 0.238281 0.170313 0.233398
1 0.145703 0.216797 0.148828 0.227539 0.150781 0.229492 0.155859 0.229492 0.158594 0.228027 0.167187 0.226074 0.175 0.218262 0.175 0.21582 0.173437 0.213867 0.165625 0.210938 0.154688 0.211426 0.150781 0.215332 0.146484 0.21582
1 0.216406 0.187012 0.214062 0.184082 0.212891 0.183594 0.210156 0.18457 0.196875 0.186035 0.192578 0.189453 0.190625 0.192383 0.188672 0.197754 0.189062 0.200195 0.189844 0.20166 0.197266 0.202148 0.211328 0.197754 0.213672 0.196289 0.215625 0.193848 0.216406 0.191406
1 0.205469 0.151855 0.204297 0.152832 0.204297 0.155273 0.207813 0.162109 0.210156 0.169922 0.212109 0.185059 0.214062 0.187012 0.216797 0.187012 0.219531 0.181641 0.221094 0.176758 0.221094 0.170898 0.220312 0.167969 0.217578 0.162109 0.209375 0.151855
1 0.283984 0.0957031 0.281641 0.0957031 0.278906 0.097168 0.271094 0.10498 0.266797 0.112793 0.264844 0.119141 0.262891 0.123047 0.261719 0.129883 0.262891 0.131836 0.267188 0.131836 0.269531 0.12793 0.280469 0.114746 0.282813 0.109375 0.283203 0.105469 0.285156 0.100098
2 0.329297 0.151855 0.329297 0.155273 0.332031 0.15918 0.334766 0.160645 0.342187 0.160645 0.345313 0.162109 0.349609 0.162109 0.351562 0.159668 0.351172 0.154785 0.349219 0.150391 0.344531 0.146973 0.336719 0.146973 0.330469 0.149902
1 0.192188 0.065918 0.190234 0.0639648 0.186719 0.0625 0.180859 0.0629883 0.174219 0.0664062 0.169922 0.0703125 0.167578 0.074707 0.167578 0.0771484 0.16875 0.0795898 0.170313 0.0805664 0.178906 0.0805664 0.189844 0.074707 0.192578 0.0712891
1 0.192188 0.0268555 0.191406 0.0258789 0.185156 0.0239258 0.180469 0.0239258 0.176953 0.0249023 0.168359 0.0317383 0.164062 0.0400391 0.164062 0.0419922 0.165625 0.0429688 0.170703 0.0429688 0.177734 0.0410156 0.189844 0.0317383 0.191797 0.0288086
2 0.206641 0.0454102 0.205078 0.0444336 0.202734 0.0444336 0.196875 0.0463867 0.194922 0.0488281 0.191406 0.0507812 0.188281 0.0537109 0.184766 0.0551758 0.18125 0.0600586 0.180859 0.0625 0.182812 0.0644531 0.187109 0.0654297 0.192578 0.0649414 0.198047 0.0625 0.205859 0.0512695 0.207031 0.046875
1 0.137891 0.412598 0.135937 0.415039 0.134766 0.417969 0.135156 0.421875 0.137891 0.432129 0.144531 0.442871 0.146484 0.444336 0.150391 0.444336 0.151562 0.442383 0.151953 0.437012 0.148047 0.431641 0.146094 0.420898 0.143359 0.415039 0.139844 0.412598
1 0.158984 0.41748 0.157422 0.418457 0.15625 0.422363 0.157031 0.42627 0.157031 0.432129 0.155469 0.43457 0.153516 0.436035 0.151562 0.441895 0.151172 0.448242 0.153125 0.452148 0.15625 0.452148 0.159375 0.449219 0.163281 0.442383 0.166797 0.433594 0.166406 0.426758 0.164062 0.42334 0.163281 0.420898 0.161719 0.418945
1 0.295703 0.398438 0.292578 0.396484 0.290234 0.396484 0.285938 0.398926 0.279687 0.407227 0.276562 0.413574 0.273047 0.416504 0.271875 0.418457 0.273828 0.42041 0.276172 0.42041 0.28125 0.416016 0.288672 0.412598 0.296094 0.404297 0.296484 0.401367
1 0.292187 0.393555 0.29375 0.397461 0.298828 0.398438 0.305859 0.404297 0.313672 0.406738 0.317969 0.410156 0.321875 0.410156 0.323828 0.408691 0.323828 0.40625 0.319141 0.396973 0.315234 0.392578 0.310156 0.38916 0.303906 0.387695 0.299219 0.388184 0.293359 0.391602
1 0.269141 0.35791 0.261328 0.352051 0.255078 0.352051 0.251563 0.354492 0.247266 0.359375 0.246484 0.361816 0.246875 0.368164 0.249609 0.372559 0.251172 0.374023 0.252734 0.374023 0.26875 0.360352
1 0.343359 0.382324 0.343359 0.384277 0.345703 0.385742 0.350391 0.384766 0.355469 0.384766 0.358203 0.385742 0.367578 0.394531 0.369531 0.395508 0.376953 0.395508 0.377734 0.394531 0.377734 0.39209 0.376563 0.390625 0.367969 0.383789 0.361719 0.375 0.358203 0.372559 0.353906 0.372559 0.35 0.374512
1 0.192969 0.669434 0.191797 0.671387 0.196484 0.676758 0.197656 0.685547 0.2 0.691406 0.203906 0.696777 0.207031 0.702637 0.210547 0.702637 0.213281 0.698242 0.213672 0.692871 0.213281 0.689941 0.208594 0.677734 0.200781 0.669922
1 0.220703 0.745117 0.215234 0.746582 0.202734 0.746582 0.195312 0.748535 0.190234 0.751953 0.188672 0.753906 0.188672 0.755859 0.190234 0.757812 0.192188 0.758789 0.196875 0.759277 0.203125 0.761719 0.209375 0.761719 0.212891 0.759766 0.219531 0.752441 0.220703 0.750488
1 0.228125 0.766113 0.226562 0.765137 0.223047 0.765137 0.217969 0.76709 0.212109 0.768066 0.208594 0.77002 0.204297 0.773926 0.201172 0.777832 0.2 0.782227 0.2 0.790039 0.200781 0.791992 0.201953 0.79248 0.208203 0.787109 0.214062 0.785156 0.220703 0.779785 0.228906 0.77002 0.228906 0.767578
1 0.272773 0.747607 0.269648 0.743799 0.265703 0.741309 0.255859 0.745605 0.246875 0.749023 0.244141 0.752441 0.238281 0.763672 0.238672 0.765137 0.241406 0.765625 0.247266 0.761719 0.25625 0.758789 0.260937 0.755859 0.268359 0.750049
1 0.284375 0.740723 0.283203 0.740234 0.281641 0.741211 0.278516 0.746582 0.274609 0.749512 0.265664 0.756055 0.260859 0.762451 0.263477 0.767578 0.277344 0.765137 0.279687 0.76416 0.284375 0.759766 0.286328 0.755371 0.286719 0.752441 0.286328 0.744141
2 0.225391 0.703125 0.224219 0.702148 0.219922 0.70166 0.208203 0.706543 0.20625 0.710938 0.20625 0.725098 0.207813 0.726562 0.209766 0.726562 0.214062 0.719727 0.219531 0.715332 0.226172 0.706543
2 0.235937 0.714355 0.236328 0.716309 0.244141 0.717773 0.247266 0.719238 0.25625 0.718262 0.259766 0.719727 0.263281 0.722656 0.266406 0.723633 0.268359 0.723145 0.269141 0.72168 0.269141 0.720215 0.267188 0.716309 0.260156 0.709961 0.256641 0.708496 0.239453 0.709961 0.2375 0.710938
2 0.255078 0.72168 0.254297 0.723633 0.255078 0.72998 0.257812 0.73584 0.259766 0.737793 0.264062 0.740234 0.266797 0.740723 0.274219 0.744141 0.276562 0.744141 0.278125 0.742676 0.278906 0.740234 0.275781 0.73584 0.269922 0.732422 0.267188 0.728027 0.262891 0.726562 0.260156 0.722656
2 0.255469 0.729004 0.252734 0.725098 0.251172 0.724609 0.249219 0.725586 0.237109 0.725586 0.232031 0.726562 0.228906 0.728027 0.224219 0.728027 0.222656 0.729004 0.221875 0.730957 0.224609 0.733398 0.231641 0.736328 0.243359 0.736816 0.254297 0.734375 0.255469 0.732422
2 0.199219 0.84668 0.197266 0.843262 0.194531 0.841797 0.185547 0.840332 0.172266 0.843262 0.170313 0.845215 0.169922 0.848145 0.172656 0.853027 0.174219 0.854004 0.178516 0.854492 0.196484 0.851562 0.198047 0.850586 0.199219 0.848145
2 0.28125 0.88623 0.280078 0.884766 0.276953 0.884766 0.268359 0.888672 0.244141 0.886719 0.243359 0.887695 0.243359 0.891602 0.25625 0.900879 0.26875 0.900879 0.272656 0.898926 0.279687 0.892578 0.280859 0.890625
2 0.264062 0.933105 0.263281 0.934082 0.263672 0.94043 0.262891 0.944824 0.263672 0.961914 0.262109 0.969727 0.262109 0.975098 0.265234 0.978516 0.268359 0.979004 0.275 0.965332 0.276562 0.958008 0.276172 0.949707 0.274609 0.945801 0.269141 0.9375 0.268359 0.93457 0.266406 0.933105
2 0.330078 0.837891 0.331641 0.840332 0.332031 0.842285 0.343359 0.854004 0.351562 0.858887 0.357812 0.860352 0.361328 0.862305 0.365234 0.862793 0.366797 0.861328 0.366406 0.857422 0.364063 0.855469 0.359766 0.849609 0.358203 0.848633 0.354687 0.844238 0.350391 0.84082 0.345703 0.839355 0.342187 0.836914 0.330859 0.836914
2 0.34375 0.833008 0.344141 0.834473 0.348828 0.839355 0.354687 0.844238 0.358203 0.846191 0.369141 0.846191 0.373047 0.843262 0.372656 0.837891 0.364844 0.833496 0.353906 0.832031 0.349219 0.830566 0.344922 0.831055
2 0.405859 0.846191 0.403516 0.845703 0.400391 0.84668 0.394531 0.851074 0.390625 0.855469 0.387109 0.862305 0.38125 0.871094 0.379297 0.875977 0.379297 0.881836 0.380078 0.882812 0.382031 0.882812 0.383594 0.881836 0.387891 0.875977 0.392578 0.871094 0.404297 0.853027 0.406641 0.848145
2 0.314453 0.804688 0.310937 0.805176 0.309375 0.806152 0.304688 0.81543 0.296484 0.825195 0.292578 0.831543 0.291797 0.834961 0.291797 0.842285 0.293359 0.844727 0.296094 0.845215 0.297656 0.844238 0.300781 0.837402 0.306641 0.831543 0.311328 0.824707 0.312891 0.819336 0.313672 0.813477 0.315625 0.808105 0.315234 0.805664
2 0.396875 0.920898 0.396484 0.925293 0.398438 0.932129 0.399609 0.946777 0.403516 0.957031 0.405078 0.958008 0.408203 0.956055 0.408984 0.951172 0.408984 0.94043 0.407813 0.930176 0.405078 0.923828 0.400781 0.920898
2 0.446484 0.781738 0.446094 0.784668 0.448437 0.786133 0.45 0.789062 0.457422 0.797363 0.460938 0.804199 0.467969 0.8125 0.469141 0.814941 0.473828 0.819336 0.475391 0.818848 0.475 0.812988 0.472656 0.80957 0.470703 0.803711 0.463281 0.791016 0.460938 0.788086 0.455078 0.783203 0.451562 0.781738
1 0.239453 0.837891 0.239063 0.843262 0.239844 0.846191 0.247266 0.859375 0.253125 0.862305 0.260547 0.86377 0.266406 0.868164 0.268359 0.867676 0.26875 0.864746 0.267578 0.859375 0.264453 0.853516 0.260547 0.848633 0.255859 0.845215 0.250781 0.844238 0.247656 0.842285 0.244141 0.838379 0.241797 0.837402
1 0.195703 0.878906 0.196094 0.880859 0.198437 0.882324 0.205859 0.882324 0.214062 0.883789 0.217969 0.885254 0.222656 0.885254 0.225781 0.884277 0.235156 0.87793 0.2375 0.87207 0.236719 0.871094 0.235547 0.871094 0.232813 0.873047 0.226172 0.873047 0.218359 0.870605 0.212109 0.870117 0.197656 0.875 0.196094 0.875977
1 0.216797 0.890625 0.217188 0.892578 0.220703 0.89502 0.224219 0.898926 0.228906 0.901855 0.238281 0.904785 0.242578 0.904297 0.244141 0.902344 0.24375 0.900391 0.235547 0.889648 0.233984 0.888672 0.222266 0.887207 0.219922 0.887695
1 0.239063 0.931152 0.237891 0.933105 0.237891 0.936035 0.239844 0.94043 0.241016 0.945312 0.247656 0.959961 0.253516 0.975586 0.255469 0.978516 0.256641 0.978516 0.257812 0.977051 0.258594 0.974121 0.258594 0.968262 0.257422 0.959473 0.254688 0.949707 0.251953 0.943848 0.245703 0.935059 0.240625 0.931152
1 0.423047 0.806641 0.423047 0.808594 0.424609 0.810059 0.431641 0.811035 0.442969 0.81543 0.450391 0.81543 0.453906 0.816895 0.457813 0.816895 0.459766 0.814941 0.459766 0.8125 0.446875 0.80127 0.440625 0.79834 0.435937 0.79834 0.430469 0.80127 0.426172 0.802246 0.423828 0.804199
1 0.455469 0.730469 0.453516 0.733398 0.453516 0.73584 0.457031 0.740723 0.458984 0.751953 0.462891 0.760742 0.463281 0.764648 0.464844 0.769531 0.466016 0.771484 0.467578 0.771484 0.46875 0.769531 0.469922 0.754395 0.466797 0.740234 0.464453 0.735352 0.4625 0.73291 0.459766 0.730957
1 0.576562 0.734863 0.573047 0.72998 0.568359 0.727539 0.561719 0.725098 0.55625 0.725098 0.551953 0.728027 0.550391 0.730957 0.542578 0.740234 0.540625 0.744629 0.541016 0.745605 0.553125 0.745117 0.555078 0.743652 0.559766 0.742188 0.565625 0.738281 0.575391 0.738281 0.576562 0.736328
1 0.63125 0.733887 0.626953 0.733398 0.623047 0.736328 0.618359 0.737793 0.610156 0.745605 0.602734 0.749023 0.601172 0.750977 0.600391 0.753418 0.600781 0.755371 0.603516 0.757812 0.614844 0.757324 0.621875 0.754395 0.625781 0.75 0.628125 0.746094 0.630859 0.739258 0.631641 0.73584
1 0.665234 0.802246 0.665234 0.804688 0.666016 0.805664 0.671875 0.807617 0.677344 0.8125 0.680078 0.813477 0.690234 0.813477 0.694141 0.80957 0.694141 0.807617 0.689063 0.805664 0.684766 0.802246 0.675781 0.798828 0.669531 0.79834
1 0.708203 0.717285 0.704688 0.71875 0.700391 0.723633 0.698047 0.729492 0.698047 0.731934 0.699219 0.736328 0.703906 0.743652 0.704688 0.746094 0.70625 0.748047 0.709375 0.749023 0.713281 0.745117 0.713281 0.741699 0.710547 0.727051 0.709766 0.718262
1 0.733594 0.835938 0.731641 0.835938 0.729297 0.838867 0.721484 0.855469 0.720703 0.859375 0.720703 0.866699 0.721094 0.868164 0.723047 0.870117 0.725391 0.870117 0.732031 0.862793 0.735547 0.861816 0.735547 0.837891
1 0.519141 0.890625 0.522266 0.901855 0.523438 0.910156 0.525781 0.915527 0.53125 0.92334 0.533203 0.927246 0.536719 0.926758 0.536719 0.911133 0.533594 0.900391 0.530469 0.895508 0.522266 0.889648
1 0.541797 0.871582 0.542188 0.877441 0.544141 0.880859 0.550781 0.88916 0.556641 0.893555 0.560937 0.898926 0.564063 0.896973 0.564844 0.894043 0.564844 0.886719 0.564453 0.885254 0.561328 0.881348 0.547266 0.871094 0.542969 0.870605
1 0.74375 0.929688 0.740234 0.926758 0.732031 0.92334 0.727344 0.92334 0.724219 0.924805 0.715234 0.935059 0.714453 0.94043 0.716797 0.941895 0.719531 0.942383 0.728516 0.941895 0.730469 0.94043 0.736328 0.932129 0.741406 0.932129 0.743359 0.931152
1 0.749219 0.938477 0.747266 0.935547 0.741406 0.932617 0.739062 0.932617 0.733984 0.935547 0.730078 0.941406 0.726953 0.944336 0.726562 0.946289 0.727344 0.949219 0.729688 0.950684 0.736719 0.951172 0.744141 0.945312 0.746484 0.942383 0.749219 0.940918
1 0.797266 0.906738 0.794531 0.904297 0.790234 0.904297 0.7875 0.905273 0.782031 0.910156 0.780469 0.915039 0.78125 0.920898 0.782813 0.922852 0.787891 0.92334 0.794922 0.92041 0.798438 0.916504 0.798828 0.915039 0.798828 0.910156
1 0.814063 0.977539 0.810156 0.974609 0.806641 0.975586 0.802344 0.981445 0.800391 0.98584 0.795312 0.992188 0.792969 0.998047 0.793359 1 0.803906 1 0.804297 0.999023 0.805859 0.998535 0.809766 0.995117 0.814063 0.989258 0.815234 0.98584 0.815234 0.981445
1 0.871875 0.890625 0.872656 0.897461 0.878516 0.908691 0.880469 0.911133 0.884766 0.913574 0.889062 0.914551 0.892188 0.914551 0.892969 0.913574 0.892969 0.905762 0.889453 0.899902 0.885156 0.897461 0.876953 0.890625 0.874609 0.889648 0.872656 0.889648
1 0.907422 0.939941 0.908594 0.941406 0.915234 0.943848 0.926953 0.950195 0.934766 0.949707 0.939844 0.946777 0.941016 0.944824 0.940625 0.943359 0.935937 0.938477 0.923828 0.931152 0.918359 0.931641 0.908984 0.93457 0.907813 0.936035
1 0.872266 0.909668 0.872266 0.911621 0.874609 0.914551 0.876953 0.92041 0.885156 0.931152 0.891406 0.936035 0.894141 0.936035 0.895312 0.93457 0.895703 0.929688 0.892969 0.919434 0.892969 0.916992 0.891797 0.914551 0.882812 0.911621 0.878125 0.911133 0.874609 0.908691 0.873047 0.908691
1 0.980469 0.880859 0.979688 0.882324 0.979688 0.887695 0.980469 0.891113 0.985547 0.902344 0.988281 0.906738 0.992188 0.910645 0.997266 0.913086 1 0.913086 1 0.89502 0.997656 0.894531 0.994531 0.890137 0.984375 0.880859
1 0.936328 0.983887 0.933594 0.983887 0.930859 0.986328 0.926953 0.994141 0.925781 1 0.940234 1 0.939453 0.989746 0.938672 0.987305
2 0.798047 0.835938 0.797266 0.836914 0.797656 0.841309 0.801953 0.851562 0.811328 0.863281 0.813672 0.868652 0.815234 0.870605 0.817578 0.87207 0.819141 0.871582 0.819922 0.869141 0.819922 0.864746 0.815234 0.852539 0.807031 0.844238 0.802344 0.838379 0.799219 0.835938
2 0.753125 0.852539 0.751953 0.850586 0.744922 0.849121 0.738281 0.851074 0.734375 0.854492 0.732031 0.862793 0.734766 0.865234 0.737109 0.865234 0.740625 0.86377 0.746875 0.859375 0.751172 0.857422
2 0.717578 0.855957 0.715625 0.856445 0.709375 0.86084 0.707422 0.863281 0.704688 0.87207 0.704688 0.87793 0.705859 0.883789 0.707422 0.887695 0.712109 0.892578 0.714063 0.892578 0.714844 0.891602 0.714844 0.885742 0.713672 0.880859 0.714063 0.876465 0.715625 0.872559 0.716406 0.868164 0.719141 0.861328 0.719141 0.857422
2 0.75625 0.92334 0.754687 0.924805 0.753906 0.927734 0.753906 0.941406 0.755078 0.949707 0.758203 0.959961 0.762891 0.967773 0.764844 0.968262 0.767188 0.96582 0.767188 0.961426 0.766016 0.955566 0.766016 0.943848 0.765234 0.94043 0.765234 0.935547 0.760938 0.92627 0.759375 0.924316
2 0.704688 0.963867 0.705469 0.96582 0.717969 0.967285 0.725781 0.966797 0.728125 0.96582 0.732812 0.96582 0.736328 0.966797 0.742578 0.966797 0.744531 0.96582 0.744531 0.963379 0.740625 0.958984 0.735547 0.955566 0.732812 0.952637 0.728516 0.95166 0.725391 0.949707 0.721094 0.950684 0.708203 0.958984
2 0.619141 0.900391 0.617969 0.902344 0.617188 0.907227 0.617578 0.916016 0.616406 0.927246 0.619531 0.941895 0.621094 0.943848 0.623437 0.944336 0.625391 0.940918 0.625781 0.935059 0.628516 0.925781 0.628906 0.919434 0.627734 0.913086 0.625 0.908203 0.623828 0.903809 0.622656 0.901855
1 0.644531 0.788086 0.643359 0.787109 0.637891 0.787109 0.633594 0.788574 0.627734 0.79248 0.623047 0.796875 0.621484 0.799805 0.619922 0.804688 0.619922 0.808105 0.621875 0.810059 0.623437 0.810059 0.626953 0.807129 0.632422 0.804199 0.6375 0.796875 0.644531 0.790039
2 0.573438 0.846191 0.572656 0.845215 0.567969 0.845215 0.564063 0.848633 0.560156 0.853516 0.558203 0.858398 0.553125 0.866699 0.551172 0.871094 0.551172 0.872559 0.553516 0.873535 0.557031 0.871582 0.563672 0.86377 0.565234 0.862793 0.571875 0.852539 0.573438 0.848633
2 0.569922 0.768555 0.568359 0.772949 0.568359 0.779297 0.569922 0.783203 0.570703 0.791992 0.573047 0.801758 0.575781 0.807617 0.578516 0.809082 0.580078 0.809082 0.580859 0.807129 0.580469 0.796875 0.58125 0.788086 0.580078 0.78418 0.576562 0.776367 0.573828 0.772461 0.573047 0.769531 0.572266 0.768555
2 0.553125 0.743652 0.553125 0.745605 0.555469 0.754395 0.557813 0.758789 0.560156 0.76709 0.5625 0.770508 0.563281 0.774414 0.568359 0.778809 0.569922 0.77832 0.572656 0.774902 0.571875 0.77002 0.566797 0.759277 0.565625 0.753418 0.564453 0.75 0.562109 0.746582 0.561328 0.742676 0.560547 0.741699 0.558594 0.741699
1 0.562891 0.70459 0.560937 0.702148 0.553906 0.703125 0.539453 0.709961 0.53125 0.714844 0.530469 0.716797 0.532422 0.719238 0.5375 0.719238 0.539844 0.718262 0.545703 0.718262 0.549219 0.717285 0.560547 0.708984 0.5625 0.706543
1 0.701953 0.700195 0.701953 0.702148 0.7125 0.715332 0.718359 0.718262 0.723828 0.724121 0.725391 0.723633 0.726172 0.720215 0.726172 0.713379 0.725391 0.708984 0.724219 0.705566 0.720703 0.701172 0.710156 0.696777 0.705469 0.697754
1 0.753125 0.739746 0.750781 0.738281 0.741797 0.73584 0.738672 0.73584 0.732812 0.739258 0.728125 0.745117 0.721094 0.751953 0.717578 0.753906 0.716797 0.754883 0.716797 0.759277 0.719922 0.760742 0.723828 0.759277 0.738281 0.749023 0.751953 0.743652 0.753125 0.741699
1 0.792188 0.708984 0.791016 0.706055 0.788281 0.70459 0.779297 0.70459 0.774609 0.705566 0.770312 0.70752 0.766797 0.711914 0.765234 0.714844 0.765234 0.716309 0.767188 0.719238 0.772266 0.719238 0.774609 0.718262 0.778906 0.718262 0.786328 0.716797 0.791016 0.714355 0.792188 0.711914
1 0.799609 0.740234 0.796875 0.740234 0.787891 0.745117 0.783984 0.748535 0.778906 0.755371 0.776172 0.763672 0.776172 0.769043 0.778516 0.772461 0.780078 0.772461 0.783594 0.770508 0.791406 0.76416 0.794141 0.759277 0.797656 0.749023 0.8 0.745117
1 0.814453 0.674316 0.812891 0.677246 0.812109 0.687012 0.810547 0.691406 0.810156 0.696289 0.813281 0.705566 0.813672 0.709473 0.814844 0.712891 0.815625 0.712891 0.817969 0.715332 0.820703 0.702637 0.823438 0.696289 0.823438 0.692871 0.822656 0.6875 0.81875 0.675293 0.817969 0.674316
1 0.733203 0.786621 0.732031 0.785156 0.729688 0.78418 0.724219 0.78418 0.719922 0.787598 0.717578 0.79248 0.717578 0.798828 0.719141 0.799805 0.722266 0.799805 0.724609 0.798828 0.728125 0.795898 0.733594 0.789551
1 0.359375 0.647461 0.361328 0.651855 0.367578 0.655273 0.372656 0.65918 0.377344 0.659668 0.381641 0.661133 0.387891 0.661621 0.391406 0.664062 0.395703 0.665039 0.397656 0.664551 0.399219 0.662598 0.398828 0.661133 0.396484 0.658203 0.390234 0.654297 0.385156 0.649414 0.380469 0.646484 0.375391 0.64502 0.369922 0.64502
2 0.329688 0.628418 0.328125 0.632324 0.327734 0.637695 0.324609 0.650391 0.324609 0.656738 0.326172 0.666992 0.327734 0.671875 0.329297 0.674316 0.33125 0.674316 0.333203 0.671875 0.333984 0.660156 0.335938 0.652832 0.335938 0.643555 0.333594 0.631348 0.33125 0.628418
2 0.341797 0.666016 0.341406 0.66748 0.342969 0.670898 0.355469 0.678223 0.364844 0.685547 0.366016 0.685547 0.367969 0.682617 0.367969 0.676758 0.364063 0.673828 0.357422 0.665527 0.352734 0.663086 0.348828 0.662598 0.344141 0.664062
2 0.369531 0.658691 0.368359 0.662109 0.36875 0.67627 0.375391 0.696289 0.376172 0.701172 0.377344 0.702148 0.380859 0.702148 0.381641 0.700684 0.382031 0.695312 0.380469 0.687012 0.378516 0.680664 0.378125 0.674805 0.376563 0.67041 0.374219 0.666992 0.373437 0.664062 0.370703 0.661133
2 0.921484 0.784668 0.921094 0.788086 0.923047 0.790039 0.929688 0.791504 0.935547 0.794434 0.94375 0.796875 0.952344 0.797363 0.954688 0.795898 0.955469 0.794434 0.955469 0.792969 0.954297 0.791504 0.950391 0.790527 0.944141 0.786133 0.937891 0.783691 0.925781 0.783203
2 0.856641 0.739746 0.855859 0.745605 0.860547 0.748047 0.862891 0.750488 0.866797 0.752441 0.869531 0.754883 0.878516 0.759277 0.880469 0.762207 0.88125 0.761719 0.882422 0.756836 0.882422 0.753418 0.881641 0.750488 0.876953 0.745605 0.872266 0.746094 0.86875 0.744629 0.864062 0.740234 0.863281 0.735352 0.861719 0.735352 0.859766 0.737793 0.857812 0.738281
2 0.885156 0.713379 0.880469 0.713379 0.876172 0.71582 0.873047 0.720703 0.86875 0.725098 0.860156 0.73584 0.858984 0.738281 0.857812 0.73877 0.857031 0.744141 0.857812 0.745117 0.860938 0.745117 0.864453 0.746582 0.867188 0.745605 0.870703 0.739258 0.872656 0.738281 0.876172 0.733398 0.885547 0.723633 0.886328 0.72168 0.886328 0.71582
2 0.871875 0.71582 0.872266 0.721191 0.877734 0.72168 0.88125 0.725098 0.883594 0.726074 0.891406 0.726074 0.898438 0.727539 0.903906 0.727539 0.90625 0.726074 0.90625 0.724121 0.904687 0.722168 0.899219 0.720215 0.892188 0.716309 0.889062 0.71582 0.885156 0.712402 0.882422 0.712402 0.877344 0.714844
1 0.578906 0.979492 0.581641 0.986816 0.584375 0.989746 0.5875 0.990723 0.591016 0.993164 0.592187 0.994629 0.592969 0.997559 0.594922 1 0.603516 1 0.603906 0.997559 0.600781 0.987793 0.596484 0.98291 0.592969 0.980957 0.5875 0.97998 0.583984 0.978027 0.579688 0.978516
2 0.839453 0.520508 0.840234 0.522461 0.842187 0.524414 0.845313 0.523926 0.85 0.526367 0.858203 0.525879 0.859375 0.526367 0.861328 0.529297 0.8625 0.529297 0.865625 0.526855 0.866406 0.524902 0.866406 0.517578 0.865625 0.514648 0.860938 0.515137 0.858984 0.51416 0.852734 0.51416 0.846484 0.518555 0.841016 0.519043
1 0.853906 0.529785 0.853125 0.53418 0.85625 0.541504 0.861719 0.548828 0.864062 0.550293 0.867578 0.550293 0.870313 0.544434 0.869922 0.539062 0.869141 0.537109 0.867578 0.535156 0.861328 0.53125 0.855078 0.530762
1 0.872266 0.537598 0.870703 0.539062 0.869141 0.54541 0.866797 0.54834 0.866797 0.550781 0.867969 0.554688 0.868359 0.563965 0.869922 0.566895 0.873047 0.567871 0.873828 0.567383 0.878125 0.558594 0.879297 0.554688 0.879687 0.545898 0.879297 0.542969 0.877344 0.539551
2 0.865234 0.510742 0.862891 0.514648 0.862891 0.517578 0.866016 0.523438 0.867188 0.530273 0.86875 0.531738 0.873437 0.532227 0.877344 0.537109 0.880469 0.536133 0.880469 0.528809 0.878906 0.520508 0.876563 0.513672 0.873828 0.510254 0.871484 0.509277 0.867578 0.509277
1 0.971094 0.548828 0.971094 0.550781 0.972266 0.553223 0.975391 0.555176 0.989844 0.555664 0.994922 0.555176 0.998437 0.553223 1 0.553223 1 0.545898 0.998437 0.545898 0.995703 0.543457 0.991016 0.541992 0.982422 0.54248 0.978516 0.544434 0.974219 0.54541
1 0.985938 0.379883 0.984375 0.382324 0.984375 0.388184 0.986328 0.394043 0.989062 0.399414 0.993359 0.404785 0.996094 0.404785 0.998828 0.402832 1 0.402832 1 0.387695 0.998828 0.387695 0.998047 0.386719 0.996875 0.382324 0.995703 0.380371 0.992188 0.378418 0.988672 0.378418
1 0.93125 0.257324 0.929688 0.259277 0.929688 0.262695 0.932422 0.27002 0.935937 0.285645 0.939063 0.290039 0.942187 0.290039 0.944141 0.288086 0.945312 0.277344 0.943359 0.267578 0.942187 0.265137 0.935937 0.258301
1 0.859375 0.155762 0.857422 0.155762 0.855469 0.157715 0.848047 0.162109 0.843359 0.167969 0.841797 0.170898 0.840234 0.178711 0.838281 0.183105 0.8375 0.187988 0.838281 0.188965 0.843359 0.188965 0.851562 0.178711 0.857812 0.162598 0.860547 0.158203
2 0.93125 0.233398 0.926953 0.234863 0.923438 0.23877 0.919141 0.246582 0.917578 0.252441 0.915234 0.255371 0.915234 0.257812 0.916016 0.259277 0.920312 0.259766 0.925781 0.256348 0.927734 0.253906 0.928516 0.251465 0.93125 0.247559 0.932422 0.243652 0.932813 0.236328
1 0.775 0.0498047 0.773828 0.046875 0.771094 0.0439453 0.766016 0.0419922 0.761328 0.0419922 0.755859 0.0444336 0.751563 0.0493164 0.747656 0.0512695 0.745313 0.0546875 0.745313 0.0566406 0.748047 0.059082 0.755078 0.0595703 0.767188 0.0541992 0.772656 0.0537109 0.775 0.0517578
1 0.729688 0.108887 0.728516 0.106934 0.724609 0.107422 0.720703 0.110352 0.713281 0.11084 0.700391 0.109375 0.699219 0.11084 0.699609 0.114258 0.700391 0.115723 0.704688 0.117676 0.707812 0.120117 0.716406 0.122559 0.720703 0.122559 0.724219 0.120605 0.725781 0.118652 0.729297 0.111816
2 0.8375 0.0512695 0.839844 0.0541992 0.841797 0.0551758 0.859375 0.0556641 0.866797 0.0527344 0.86875 0.0507812 0.867969 0.0473633 0.866016 0.0449219 0.855078 0.0395508 0.848047 0.0395508 0.845703 0.0405273 0.839063 0.0449219 0.837891 0.0463867
