2 0.680375 0.548506 0.6785 0.546455 0.677891 0.545107 0.677891 0.542061 0.678125 0.540127 0.678828 0.538838 0.679109 0.535791 0.67925 0.533154 0.67925 0.530166 0.679344 0.526943 0.682063 0.524482 0.683234 0.523252 0.685109 0.521846 0.687312 0.52085 0.688156 0.521963 0.688625 0.523545 0.688906 0.525654 0.688906 0.528115 0.688812 0.529873 0.688672 0.5321 0.689047 0.534033 0.689516 0.536377 0.689516 0.539834 0.689562 0.543115 0.689047 0.545518 0.688344 0.546279 0.686703 0.546689 0.685906 0.546104 0.683516 0.546572 0.682344 0.54751
2 0.66409 0.715396 0.662332 0.714614 0.660613 0.714175 0.659168 0.712124 0.65827 0.710317 0.657684 0.708511 0.657684 0.706313 0.658035 0.704458 0.660379 0.70314 0.662293 0.703628 0.66452 0.703384 0.666668 0.70314 0.668777 0.703237 0.670535 0.703433 0.672684 0.706021 0.674441 0.708267 0.676082 0.711001 0.67741 0.712905 0.677801 0.714565 0.677215 0.717349 0.676277 0.718521 0.67409 0.720522 0.672684 0.720327 0.671082 0.719253 0.66991 0.717788 0.668465 0.715933 0.667098 0.715151
2 0.538125 0.405151 0.536055 0.404907 0.534023 0.404419 0.532734 0.405493 0.531484 0.405444 0.529219 0.40354 0.527813 0.401831 0.526797 0.400806 0.525703 0.39978 0.52625 0.397876 0.526875 0.39646 0.529102 0.395483 0.531914 0.394214 0.533516 0.394019 0.536445 0.394946 0.538672 0.396265 0.540117 0.397192 0.542188 0.397827 0.543008 0.399634 0.542617 0.401831 0.54168 0.403442 0.540898 0.406128 0.540352 0.40686 0.539375 0.405884
1 0.39657 0.122217 0.395941 0.123853 0.394844 0.124634 0.392965 0.126597 0.391344 0.128555 0.388992 0.131299 0.38732 0.133521 0.387426 0.135542 0.388469 0.136787 0.390977 0.137109 0.39516 0.13626 0.397145 0.134238 0.398137 0.134238 0.399863 0.134497 0.401953 0.134302 0.403469 0.132212 0.405766 0.129536 0.406863 0.128423 0.409371 0.126396 0.410469 0.124438 0.410313 0.121694 0.40859 0.11856 0.407336 0.117319 0.405871 0.118232 0.404148 0.119214 0.400645 0.120781
2 0.32977 0.469395 0.326719 0.469395 0.324367 0.470703 0.321582 0.472661 0.318664 0.47522 0.316746 0.478325 0.314656 0.481318 0.313918 0.485127 0.31457 0.488613 0.316137 0.490356 0.318926 0.490518 0.319883 0.488179 0.322148 0.488286 0.324586 0.48834 0.327199 0.486489 0.330641 0.482842 0.332078 0.480283 0.333121 0.478594 0.335562 0.476035 0.337652 0.475005 0.338172 0.471411 0.33752 0.467979 0.336605 0.465532 0.335211 0.466128 0.332293 0.467598
2 0.153836 0.593696 0.152707 0.592129 0.15202 0.591738 0.151578 0.590171 0.152707 0.587192 0.154211 0.584995 0.155531 0.585073 0.15666 0.58625 0.159105 0.586484 0.161801 0.587349 0.164434 0.589385 0.166191 0.593071 0.167633 0.597227 0.167758 0.602637 0.167383 0.60624 0.166066 0.609766 0.164184 0.611572 0.162555 0.611729 0.161047 0.610396 0.160109 0.609531 0.158164 0.605454 0.157598 0.602554 0.156344 0.600205 0.154715 0.596836
2 0.238184 0.394736 0.23659 0.392275 0.234621 0.391807 0.232652 0.390283 0.232137 0.388232 0.233355 0.385771 0.236074 0.384482 0.238277 0.383486 0.239309 0.381729 0.240574 0.381143 0.242121 0.382256 0.242684 0.385654 0.241324 0.387412 0.239355 0.390225 0.238699 0.391396 0.23884 0.393564 0.238512 0.394854
2 0.728164 0.85835 0.727969 0.856641 0.727187 0.855566 0.726562 0.854834 0.726211 0.852979 0.727656 0.851172 0.729141 0.849512 0.732656 0.846289 0.734102 0.845557 0.735859 0.845654 0.737539 0.846826 0.738594 0.849463 0.738984 0.850977 0.740234 0.851074 0.740938 0.851025 0.741406 0.852197 0.740859 0.853223 0.739766 0.854443 0.738594 0.856055 0.736758 0.858105 0.735391 0.859521 0.733437 0.861084 0.732344 0.862012 0.730703 0.862012 0.729023 0.860254 0.72832 0.859619
2 0.707168 0.788335 0.70584 0.787847 0.704512 0.789019 0.704082 0.791167 0.704668 0.793071 0.705176 0.795317 0.705176 0.798687 0.704395 0.801665 0.703457 0.804399 0.704238 0.80689 0.705566 0.808599 0.708301 0.808501 0.709512 0.807573 0.710918 0.804351 0.711309 0.801274 0.711074 0.798052 0.710488 0.79561 0.709395 0.791362 0.708301 0.789653
1 0.621484 0.0648926 0.619492 0.0662109 0.617344 0.0679199 0.616172 0.0696777 0.613672 0.0705566 0.612617 0.0719727 0.610898 0.0734863 0.609141 0.0759277 0.607227 0.0768555 0.606172 0.0780762 0.606367 0.0805664 0.608398 0.0843262 0.610547 0.0859863 0.613008 0.0849609 0.616914 0.0849121 0.619883 0.0844238 0.623398 0.0831055 0.626211 0.0808594 0.627773 0.0801758 0.629453 0.0791992 0.63043 0.076709 0.63043 0.0759766 0.631836 0.0745605 0.632461 0.073584 0.631875 0.0710449 0.630859 0.0692871 0.6275 0.0657715 0.625625 0.0646973 0.623633 0.0644531
1 0.595012 0.161807 0.593566 0.162393 0.59216 0.163174 0.588723 0.164639 0.587395 0.165225 0.58634 0.166787 0.584934 0.166201 0.584191 0.164492 0.583957 0.16293 0.58298 0.162051 0.582512 0.161514 0.582434 0.159512 0.58423 0.157559 0.585441 0.154971 0.58677 0.153018 0.588488 0.150332 0.589934 0.148281 0.592473 0.145889 0.593996 0.145205 0.597316 0.144814 0.599973 0.144814 0.602121 0.145352 0.602707 0.146768 0.602395 0.147891 0.60173 0.149062 0.601457 0.150918 0.601418 0.152969 0.600285 0.155361 0.598723 0.157656 0.597277 0.159365
1 0.483816 0.0912842 0.481551 0.093457 0.479156 0.0960156 0.477238 0.0972168 0.475453 0.0978125 0.47393 0.0994482 0.472535 0.100264 0.46657 0.0985205 0.465523 0.0972705 0.464785 0.0944922 0.465133 0.092207 0.466395 0.090957 0.467832 0.0891064 0.469488 0.0873633 0.470313 0.0851318 0.471402 0.0829541 0.472754 0.0811572 0.474668 0.0798486 0.477109 0.0782178 0.479242 0.0778906 0.481465 0.0776709 0.483336 0.0787061 0.484687 0.0803955 0.486254 0.0813721 0.487648 0.0833887 0.487691 0.0863281 0.486254 0.0887793 0.48534 0.0900293
1 0.397609 0.220039 0.397191 0.219189 0.396824 0.218145 0.396563 0.215596 0.396563 0.21416 0.397086 0.21377 0.397871 0.214292 0.398289 0.214814 0.399492 0.214097 0.39975 0.213247 0.400379 0.212461 0.401371 0.212134 0.402207 0.212329 0.402625 0.214097 0.403879 0.215532 0.405187 0.216709 0.406809 0.219189 0.409523 0.221934 0.411301 0.224351 0.41198 0.226572 0.41198 0.228794 0.412086 0.230884 0.412766 0.231865 0.413445 0.233105 0.413547 0.234868 0.412922 0.236699 0.412293 0.23833 0.411039 0.238721 0.409105 0.238003 0.408375 0.237349 0.407902 0.236826 0.406492 0.236826 0.40482 0.236045 0.403098 0.234019 0.401684 0.231929 0.40059 0.23062 0.399594 0.229316 0.398234 0.227031 0.397242 0.225527 0.397242 0.223047 0.397242 0.221475
1 0.0711953 0.134692 0.0680156 0.131484 0.0656641 0.128979 0.0646641 0.127344 0.0657109 0.125225 0.0669297 0.123208 0.0680156 0.122446 0.068582 0.1225 0.0696719 0.123809 0.0707187 0.124404 0.0721563 0.124624 0.0757266 0.124351 0.0777305 0.124897 0.0796016 0.126475 0.0826914 0.128926 0.0853047 0.13105 0.087875 0.133496 0.0892266 0.13584 0.0892266 0.137744 0.087832 0.139541 0.0844336 0.140029 0.0807344 0.139595 0.0765078 0.138506 0.0732422 0.136274
1 0.0708477 0.505527 0.0686602 0.507725 0.0674492 0.51041 0.0672539 0.513682 0.0675273 0.516514 0.0686211 0.518125 0.0728398 0.518076 0.0755352 0.517734 0.0769414 0.51627 0.0787773 0.513584 0.0790898 0.510898 0.0792461 0.509434 0.0796367 0.508408 0.0797539 0.506406 0.0783086 0.504648 0.0765117 0.503818 0.0754961 0.503281 0.072918 0.503721
1 0.255375 0.484731 0.254812 0.487368 0.253641 0.489595 0.252234 0.491763 0.251344 0.493813 0.251156 0.496743 0.251203 0.500435 0.251766 0.50272 0.2535 0.505591 0.2535 0.506411 0.2535 0.508286 0.254672 0.50981 0.254812 0.511099 0.256219 0.510864 0.257437 0.509399 0.258937 0.506411 0.260531 0.503306 0.261656 0.500903 0.262781 0.497681 0.263063 0.495923 0.263297 0.491294 0.263156 0.490063 0.263766 0.48854 0.263063 0.486665 0.262781 0.484849 0.262453 0.483091 0.260672 0.482153 0.258609 0.481333 0.257531 0.482798 0.256969 0.483853
1 0.324598 0.464668 0.323543 0.465498 0.323543 0.468428 0.32284 0.4696 0.321746 0.469746 0.320574 0.470771 0.31909 0.471455 0.315965 0.471553 0.312605 0.471455 0.310262 0.470479 0.307918 0.468818 0.306004 0.466621 0.304871 0.465645 0.303895 0.464521 0.303582 0.462568 0.304363 0.461006 0.30616 0.460029 0.307996 0.459883 0.309051 0.459248 0.310809 0.458613 0.313738 0.458369 0.314441 0.458027 0.315105 0.45832 0.316395 0.458418 0.317762 0.458564 0.320496 0.458857 0.321043 0.458662 0.321238 0.458271 0.323113 0.458076 0.324012 0.45915 0.324805 0.460645 0.325379 0.462568
1 0.239359 0.6875 0.237391 0.685449 0.236078 0.682813 0.234953 0.680879 0.234437 0.678711 0.232844 0.676543 0.231859 0.674434 0.232844 0.67209 0.234578 0.670098 0.236734 0.668457 0.239312 0.667402 0.240484 0.669395 0.241937 0.67127 0.245359 0.672559 0.247562 0.674961 0.24925 0.67666 0.250375 0.679063 0.2515 0.681406 0.252719 0.683516 0.254359 0.685449 0.254641 0.688086 0.254266 0.690254 0.253234 0.692187 0.252484 0.69377 0.250281 0.693242 0.248266 0.692773 0.245266 0.691777 0.242641 0.690547 0.24175 0.690137
1 0.215836 0.689663 0.215211 0.692056 0.213453 0.694595 0.212438 0.69562 0.212086 0.699185 0.210914 0.701187 0.210094 0.704604 0.209781 0.70646 0.210055 0.708267 0.210094 0.710366 0.210055 0.713931 0.211422 0.715005 0.21357 0.715005 0.216188 0.713687 0.218492 0.711733 0.22107 0.709194 0.222594 0.707534 0.22357 0.704409 0.224039 0.701724 0.224195 0.696694 0.223805 0.695571 0.222789 0.694253 0.222672 0.691372 0.222672 0.690493 0.223336 0.689907 0.223062 0.68854 0.22025 0.687808 0.217594 0.688003
1 0.187738 0.689902 0.18691 0.690991 0.185738 0.691587 0.183824 0.692241 0.181859 0.693657 0.180379 0.695835 0.178379 0.698613 0.177723 0.702642 0.178117 0.706123 0.179332 0.708901 0.180863 0.710859 0.181383 0.713799 0.181031 0.717881 0.181426 0.718916 0.183777 0.719077 0.185391 0.719517 0.187133 0.717446 0.187918 0.716792 0.188656 0.714341 0.188437 0.71293 0.188566 0.711675 0.189305 0.710205 0.189914 0.708843 0.190312 0.703291 0.190395 0.699756 0.190742 0.697959 0.190879 0.6948 0.190879 0.691045 0.190742 0.690117 0.189527 0.689683
1 0.146059 0.745464 0.144535 0.744048 0.142582 0.742534 0.14102 0.741704 0.140004 0.737847 0.139652 0.735112 0.139105 0.732769 0.138324 0.730718 0.138246 0.727837 0.139066 0.726616 0.140824 0.726323 0.142816 0.726226 0.144965 0.727056 0.147309 0.729546 0.149809 0.73272 0.151449 0.736431 0.151527 0.737896 0.152191 0.739019 0.153012 0.740044 0.154105 0.740874 0.155117 0.742383 0.155352 0.744238 0.153871 0.747222 0.151602 0.748584 0.149688 0.747803 0.148359 0.746729
1 0.0882813 0.765 0.0837891 0.766465 0.0789062 0.768418 0.0766406 0.768076 0.0753906 0.764023 0.0749219 0.761582 0.0739062 0.759873 0.0746875 0.756113 0.0769531 0.753867 0.0825391 0.753428 0.0896484 0.7546 0.0907422 0.755186 0.0946484 0.755576 0.0966797 0.755625 0.0989063 0.758359 0.0990234 0.759824 0.0951172 0.761973 0.0919922 0.763047
1 0.0974414 0.786221 0.0965469 0.783125 0.0976172 0.779258 0.09925 0.774971 0.0996406 0.771172 0.10223 0.768853 0.104359 0.766885 0.105711 0.764492 0.108578 0.766392 0.111344 0.770259 0.111504 0.773984 0.110887 0.779121 0.109375 0.784043 0.106949 0.786855 0.105043 0.789595 0.103742 0.792759 0.103742 0.79501 0.103188 0.797051 0.102062 0.797471 0.0995234 0.793672 0.0980117 0.789668
1 0.112 0.840488 0.110219 0.842129 0.107359 0.844004 0.104313 0.846113 0.102859 0.848105 0.0991094 0.850742 0.0963437 0.850918 0.093625 0.850332 0.0930156 0.851445 0.0918438 0.850918 0.0920781 0.849453 0.0911406 0.848223 0.0901094 0.847109 0.0897344 0.844063 0.091 0.839961 0.0945625 0.836797 0.0985469 0.835566 0.10075 0.834746 0.1015 0.833926 0.102438 0.83498 0.104031 0.836387 0.107078 0.837148 0.109094 0.83791 0.111156 0.839434
1 0.114574 0.840249 0.112512 0.8423 0.110449 0.843296 0.108527 0.844175 0.105996 0.846636 0.10309 0.849155 0.0993867 0.851323 0.0991992 0.854136 0.100512 0.856772 0.101918 0.85853 0.105246 0.860229 0.10848 0.861694 0.112512 0.862163 0.117059 0.859058 0.119777 0.854956 0.120902 0.852495 0.121043 0.848394 0.120762 0.845347 0.119262 0.842417 0.117949 0.840249 0.116074 0.839487
1 0.138848 0.845332 0.138574 0.841768 0.137676 0.840156 0.136426 0.838984 0.136543 0.837129 0.137871 0.83542 0.14002 0.834004 0.143066 0.836006 0.146113 0.83874 0.149395 0.8425 0.151973 0.846455 0.153262 0.848896 0.153066 0.851875 0.151465 0.855 0.14834 0.856904 0.146074 0.858613 0.14416 0.858857 0.141738 0.856416 0.140527 0.853486 0.139355 0.850703
1 0.0571055 0.880137 0.0533086 0.882656 0.0508711 0.884834 0.0477305 0.887578 0.0466523 0.890391 0.0473555 0.893154 0.0492773 0.894678 0.0541992 0.894961 0.0603867 0.894619 0.065918 0.893682 0.0685898 0.890977 0.0700898 0.887637 0.0702305 0.885303 0.069668 0.881963 0.0691992 0.879668 0.0669023 0.878789 0.0626836 0.878789 0.0591211 0.879385
1 0.050168 0.883018 0.0461406 0.883779 0.041168 0.884424 0.0377031 0.882549 0.035875 0.88085 0.03625 0.877734 0.0390625 0.874453 0.0421094 0.871875 0.0455781 0.869941 0.050875 0.868779 0.0588437 0.868945 0.0614219 0.871768 0.0622617 0.874453 0.0623594 0.876514 0.0609531 0.878262 0.059918 0.879199 0.056875 0.879912 0.0547656 0.881553 0.0528867 0.882549
1 0.297441 0.914966 0.294629 0.913062 0.293105 0.911694 0.293066 0.909937 0.292754 0.908862 0.291699 0.90813 0.291699 0.906812 0.29334 0.904712 0.296348 0.903491 0.299082 0.902368 0.300293 0.90144 0.30127 0.899438 0.302246 0.897925 0.304238 0.89812 0.305059 0.900562 0.306152 0.901929 0.308184 0.902173 0.310488 0.903247 0.312441 0.905444 0.314746 0.9073 0.316504 0.908618 0.317168 0.90896 0.318145 0.910474 0.318418 0.912183 0.317559 0.913354 0.316191 0.913647 0.315605 0.914624 0.314551 0.914819 0.309512 0.914771 0.30834 0.915259 0.30791 0.915796 0.306621 0.916919 0.303887 0.917505 0.301152 0.917456 0.299395 0.916724 0.298613 0.915259
1 0.228715 0.838071 0.227191 0.836362 0.226293 0.83436 0.225707 0.832163 0.224262 0.830991 0.223363 0.829331 0.222777 0.826841 0.222504 0.823228 0.222699 0.819321 0.223949 0.816978 0.226293 0.814146 0.227191 0.813315 0.228129 0.812388 0.228832 0.812437 0.229887 0.812729 0.231215 0.814634 0.232621 0.817759 0.233559 0.819321 0.234574 0.82064 0.235551 0.821763 0.235785 0.823911 0.235668 0.826499 0.234926 0.828599 0.234418 0.831235 0.233715 0.834116 0.233246 0.836021 0.232074 0.837583 0.231879 0.838462 0.230902 0.838755 0.229887 0.838608
1 0.513301 0.811118 0.512715 0.812144 0.511582 0.813022 0.510059 0.813071 0.508496 0.813999 0.505762 0.814341 0.503535 0.815513 0.502168 0.817026 0.500957 0.819126 0.49959 0.822349 0.498613 0.824253 0.497285 0.826108 0.496309 0.829917 0.495137 0.83021 0.495332 0.831821 0.496855 0.834312 0.498613 0.835874 0.499863 0.836704 0.501465 0.835728 0.502168 0.834604 0.502754 0.833823 0.504707 0.832944 0.506152 0.831675 0.506426 0.830601 0.507246 0.830161 0.51084 0.827183 0.513184 0.824399 0.513965 0.822104 0.514824 0.819956 0.514941 0.816782 0.515684 0.815024 0.516465 0.813755 0.515449 0.81229 0.514668 0.811167
1 0.619621 0.888843 0.618891 0.885469 0.617934 0.883848 0.616305 0.883076 0.615402 0.880332 0.615516 0.876465 0.615629 0.872461 0.61484 0.87021 0.614109 0.86873 0.614277 0.864233 0.614391 0.861982 0.615742 0.859941 0.617203 0.860576 0.618836 0.863179 0.621984 0.865498 0.62384 0.868027 0.625078 0.87042 0.625473 0.876045 0.626203 0.880054 0.627215 0.884199 0.628004 0.888066 0.627891 0.890527 0.62716 0.891514 0.625641 0.89292 0.623504 0.894116 0.622211 0.894116 0.621086 0.891162
1 0.632617 0.891655 0.630648 0.889824 0.630086 0.887085 0.631324 0.882656 0.632277 0.878716 0.635598 0.873867 0.637961 0.871685 0.638465 0.868872 0.641504 0.868804 0.641785 0.871191 0.642574 0.873164 0.644879 0.873867 0.647184 0.874922 0.648309 0.875552 0.648309 0.877734 0.646848 0.880825 0.644711 0.88582 0.642402 0.888491 0.639027 0.891094 0.636949 0.892007 0.63498 0.892148
1 0.694289 0.926758 0.692063 0.926069 0.690227 0.924561 0.689016 0.92314 0.687688 0.921431 0.687414 0.919775 0.686906 0.919092 0.68593 0.918257 0.686047 0.916504 0.686984 0.914648 0.688195 0.91313 0.688586 0.91123 0.689406 0.910645 0.690773 0.910688 0.691359 0.910059 0.69257 0.909468 0.694016 0.90957 0.695305 0.909766 0.696594 0.909424 0.697609 0.908936 0.699484 0.908936 0.7005 0.909912 0.700578 0.911421 0.701516 0.912642 0.702336 0.914697 0.703313 0.916406 0.703859 0.917524 0.702609 0.918213 0.701828 0.919966 0.700109 0.922852 0.69843 0.924707 0.697453 0.926611 0.696281 0.927393 0.695109 0.927534
1 0.677613 0.854351 0.674293 0.853911 0.671324 0.85186 0.669566 0.850298 0.669176 0.848833 0.670543 0.846733 0.671754 0.845024 0.67316 0.845659 0.674723 0.846343 0.676832 0.845317 0.679566 0.842632 0.681793 0.840386 0.685035 0.838481 0.688043 0.838237 0.691523 0.838037 0.693434 0.837749 0.694727 0.839502 0.695777 0.841216 0.69523 0.842974 0.693785 0.844536 0.691602 0.846875 0.690191 0.848833 0.687809 0.852007 0.685777 0.855083 0.684215 0.856597 0.680504 0.856597 0.678434 0.854937
1 0.703277 0.837749 0.701207 0.837261 0.700582 0.836431 0.701324 0.833159 0.702223 0.830181 0.70316 0.827446 0.704684 0.824077 0.706324 0.821099 0.707848 0.819243 0.708355 0.817192 0.708395 0.816021 0.709254 0.814312 0.710152 0.812749 0.712457 0.812163 0.715465 0.813042 0.716012 0.814312 0.715777 0.81646 0.715504 0.819243 0.715504 0.823003 0.715504 0.823833 0.714723 0.825298 0.713941 0.828228 0.713355 0.830913 0.712145 0.832866 0.710387 0.835015 0.707848 0.836724 0.704957 0.837505
1 0.622812 0.78354 0.622391 0.781899 0.620844 0.780317 0.619906 0.778618 0.618875 0.774575 0.618687 0.770474 0.619109 0.765024 0.619812 0.762446 0.620141 0.760396 0.620375 0.757817 0.620984 0.75436 0.621266 0.751958 0.622156 0.750435 0.623422 0.750728 0.625063 0.750728 0.626563 0.750962 0.628062 0.75313 0.628437 0.755649 0.629234 0.758462 0.630078 0.761392 0.630172 0.764556 0.630312 0.768833 0.629891 0.772759 0.628484 0.776802 0.627078 0.77938 0.626234 0.780728 0.625906 0.782134 0.625719 0.78354 0.624078 0.784067
1 0.686453 0.707573 0.685594 0.709624 0.6845 0.710991 0.683914 0.711577 0.682352 0.712065 0.68075 0.713042 0.680711 0.71397 0.679773 0.714849 0.679969 0.715874 0.680789 0.716655 0.681531 0.717339 0.683328 0.718315 0.68618 0.719341 0.688406 0.719976 0.692312 0.719487 0.69282 0.718755 0.695555 0.717681 0.697273 0.715386 0.698523 0.713921 0.700594 0.712944 0.701688 0.711675 0.702547 0.710552 0.703836 0.709331 0.705555 0.708745 0.706922 0.708647 0.707117 0.707134 0.707078 0.705815 0.705594 0.704497 0.704539 0.703179 0.703133 0.701812 0.701961 0.70147 0.701102 0.702446 0.699812 0.703374 0.696961 0.703521 0.69532 0.703472 0.694031 0.702935 0.692469 0.702935 0.691258 0.703716 0.690078 0.70459 0.68868 0.704985 0.687656 0.705762 0.687148 0.706543
1 0.682547 0.703037 0.680047 0.702256 0.67743 0.701768 0.673719 0.700352 0.673055 0.699424 0.672234 0.699033 0.672078 0.698057 0.673211 0.696641 0.673953 0.69498 0.675281 0.692002 0.677508 0.689121 0.679773 0.687217 0.682898 0.684922 0.68532 0.683311 0.686531 0.682578 0.686805 0.681748 0.688992 0.681455 0.691766 0.681309 0.693094 0.681504 0.693094 0.68292 0.692547 0.683701 0.692469 0.684775 0.693172 0.68585 0.694461 0.685947 0.694813 0.686875 0.694813 0.688535 0.693914 0.689561 0.692859 0.691514 0.691609 0.693418 0.689969 0.69498 0.68825 0.697227 0.686023 0.699668 0.684383 0.701621 0.683523 0.702744
1 0.56793 0.665928 0.566563 0.662852 0.565625 0.660361 0.564648 0.659141 0.563789 0.657236 0.563984 0.65499 0.565234 0.652207 0.567812 0.649668 0.569297 0.649033 0.571406 0.650059 0.575 0.652305 0.577773 0.654551 0.579844 0.657188 0.580625 0.660312 0.580859 0.663291 0.580078 0.668174 0.578555 0.670908 0.577148 0.671738 0.574922 0.670615 0.5725 0.668613 0.571406 0.668174 0.569844 0.668711 0.568594 0.6671
1 0.574191 0.50147 0.572828 0.502817 0.571656 0.504399 0.570062 0.506333 0.56875 0.507974 0.567438 0.510083 0.567109 0.513481 0.567016 0.518521 0.567203 0.521685 0.567672 0.523501 0.568562 0.525024 0.568562 0.528892 0.569969 0.530474 0.571094 0.531411 0.572031 0.528774 0.573063 0.526665 0.574703 0.524146 0.57625 0.521802 0.577234 0.520396 0.577891 0.518169 0.578406 0.514829 0.577984 0.512075 0.577285 0.509556 0.576625 0.507153 0.576625 0.50563 0.576859 0.504165 0.577562 0.503286 0.577469 0.502114 0.575922 0.501235
1 0.448602 0.639604 0.44607 0.640801 0.444773 0.642207 0.443258 0.643472 0.441512 0.645581 0.440105 0.647061 0.438023 0.646919 0.437293 0.644248 0.435664 0.641646 0.435156 0.640942 0.435438 0.639395 0.435887 0.63792 0.436168 0.635459 0.436055 0.632998 0.436168 0.631167 0.437633 0.628848 0.441008 0.625894 0.44348 0.623716 0.445 0.623013 0.446461 0.621045 0.447867 0.619214 0.449273 0.618301 0.45057 0.619497 0.451523 0.621396 0.452539 0.624912 0.452258 0.626738 0.451918 0.628638 0.451523 0.629902 0.451414 0.632363 0.451187 0.635317 0.450793 0.637778 0.449949 0.639326
1 0.664555 0.432524 0.663145 0.431646 0.661625 0.429399 0.66002 0.426323 0.660137 0.423638 0.661234 0.420171 0.662871 0.418755 0.66541 0.419878 0.66959 0.419976 0.672324 0.420806 0.676859 0.423052 0.679629 0.425298 0.680723 0.427056 0.681309 0.430181 0.68123 0.434331 0.68018 0.436675 0.67791 0.438628 0.674395 0.439458 0.671816 0.438774 0.66834 0.437261 0.665762 0.434331
1 0.129234 0.331309 0.126199 0.333164 0.123699 0.336455 0.122352 0.342192 0.121609 0.34624 0.120934 0.351221 0.122484 0.356787 0.12559 0.357632 0.128359 0.357798 0.129102 0.354258 0.130586 0.350879 0.132406 0.347422 0.133488 0.345986 0.134363 0.342441 0.134363 0.338057 0.133824 0.33561 0.132609 0.33333 0.132273 0.332065 0.130652 0.331309
1 0.750859 0.411851 0.749172 0.413433 0.747859 0.415308 0.746547 0.417241 0.745375 0.418296 0.744016 0.419116 0.742188 0.421343 0.740734 0.423687 0.738953 0.426499 0.737875 0.429956 0.737313 0.433179 0.7375 0.436226 0.73825 0.437397 0.738906 0.438628 0.739141 0.442319 0.739609 0.444429 0.741859 0.445249 0.744672 0.44437 0.746781 0.442319 0.749641 0.438569 0.753109 0.433237 0.754797 0.430718 0.755734 0.429429 0.755453 0.427671 0.754844 0.426265 0.754844 0.419761 0.754797 0.41853 0.7555 0.417651 0.756156 0.417358 0.755031 0.415308 0.753578 0.413726 0.752266 0.412964
1 0.71993 0.313901 0.718898 0.313608 0.717586 0.315366 0.716648 0.318647 0.71543 0.32146 0.71468 0.324976 0.714211 0.329136 0.714211 0.332651 0.714305 0.336226 0.714727 0.339507 0.716461 0.340679 0.718336 0.339448 0.720914 0.336577 0.722461 0.334351 0.723211 0.330718 0.723352 0.328315 0.724055 0.326499 0.724523 0.325386 0.724852 0.323921 0.725133 0.318647 0.725133 0.316362 0.723914 0.314839 0.722648 0.314312 0.721148 0.314194
1 0.539109 0.370972 0.537586 0.369849 0.536023 0.368433 0.534656 0.367798 0.534461 0.366577 0.535711 0.364771 0.537273 0.363794 0.538719 0.362183 0.541219 0.360864 0.544813 0.360864 0.548055 0.362915 0.550672 0.364868 0.552977 0.367065 0.554188 0.369897 0.555438 0.37229 0.556414 0.374097 0.555633 0.37478 0.554148 0.374292 0.553914 0.375317 0.554305 0.376782 0.554695 0.378491 0.553914 0.378979 0.550594 0.378931 0.549617 0.377759 0.546766 0.377222 0.545086 0.376196 0.542664 0.374878 0.540477 0.372583
1 0.556379 0.336196 0.555555 0.334341 0.554109 0.332534 0.552395 0.330435 0.552473 0.329165 0.554109 0.328921 0.555402 0.327993 0.555324 0.326821 0.554738 0.325747 0.555598 0.324087 0.558527 0.324819 0.561066 0.325942 0.562977 0.327261 0.56493 0.327407 0.565754 0.329116 0.567195 0.32936 0.568055 0.331069 0.567902 0.333315 0.56825 0.335806 0.568801 0.337515 0.569387 0.339712 0.57032 0.341616 0.571223 0.344106 0.570906 0.345327 0.569031 0.346206 0.567238 0.346938 0.566066 0.34772 0.565516 0.347036 0.564539 0.347085 0.563918 0.347524 0.562824 0.34728 0.561219 0.345376 0.559699 0.343521 0.558254 0.341812 0.556965 0.341226 0.556727 0.337661
1 0.559262 0.311382 0.558305 0.313979 0.556844 0.314756 0.554648 0.316089 0.552117 0.318481 0.549531 0.314966 0.548461 0.314194 0.545762 0.312153 0.54216 0.308286 0.539855 0.304561 0.539406 0.300972 0.539293 0.297739 0.541094 0.295347 0.542441 0.295278 0.54548 0.295068 0.548969 0.295698 0.55043 0.29605 0.552063 0.296968 0.554367 0.300132 0.556898 0.303433 0.55718 0.305405 0.558008 0.306299 0.560781 0.30667 0.561566 0.308569 0.561953 0.309424 0.561914 0.311084 0.56123 0.31187
1 0.582789 0.238008 0.580988 0.237729 0.580371 0.23646 0.579078 0.235757 0.578008 0.234844 0.577727 0.232876 0.57857 0.231753 0.578852 0.229429 0.579641 0.227886 0.580652 0.226899 0.581609 0.226758 0.582789 0.228306 0.58459 0.229009 0.586164 0.229009 0.588641 0.229219 0.590551 0.229922 0.593645 0.230273 0.596121 0.230835 0.598652 0.232944 0.600676 0.233647 0.601352 0.234282 0.602645 0.23604 0.603828 0.237798 0.604672 0.240469 0.605176 0.242227 0.606246 0.244058 0.604727 0.245742 0.603207 0.246938 0.600957 0.247925 0.597809 0.247852 0.594547 0.24771 0.591676 0.24729 0.589484 0.245601 0.587008 0.244409 0.585434 0.242227 0.584309 0.241382 0.583633 0.239414
1 0.117227 0.321035 0.115926 0.323564 0.114301 0.326094 0.113512 0.329824 0.113008 0.334746 0.112445 0.336855 0.112277 0.340156 0.113738 0.345713 0.115422 0.34916 0.118184 0.350776 0.120434 0.348242 0.121609 0.341987 0.121945 0.337695 0.122176 0.329683 0.121895 0.326094 0.120434 0.323633 0.118516 0.321387
1 0.129418 0.370181 0.130199 0.372725 0.131297 0.374819 0.132238 0.378804 0.132812 0.384487 0.133336 0.385464 0.135688 0.384287 0.137152 0.381348 0.139242 0.377954 0.140023 0.374751 0.140391 0.369004 0.139555 0.367173 0.139348 0.364692 0.138824 0.362798 0.138613 0.361035 0.137414 0.358813 0.135063 0.358096 0.133648 0.358813 0.132031 0.360771 0.130934 0.362339 0.130098 0.366323 0.129574 0.367368
1 0.0824688 0.388853 0.0835977 0.386021 0.0842969 0.381719 0.085168 0.377964 0.0857344 0.375732 0.0876484 0.374644 0.0925273 0.374429 0.0934414 0.376113 0.0935273 0.379053 0.0937891 0.383188 0.0946172 0.384985 0.0953555 0.385859 0.095707 0.389722 0.0950508 0.39375 0.0920898 0.397344 0.0893906 0.399795 0.0883008 0.40083 0.0866914 0.398867 0.0850352 0.396255 0.0827266 0.392012
1 0.223777 0.469429 0.221395 0.467231 0.218543 0.469478 0.216355 0.473579 0.215652 0.477388 0.215809 0.482271 0.216121 0.488423 0.216629 0.491206 0.219168 0.492915 0.22073 0.492134 0.221863 0.489009 0.222371 0.486763 0.224441 0.483052 0.22491 0.480122 0.225145 0.476655 0.225496 0.473726 0.225496 0.470845
1 0.886543 0.474546 0.879957 0.474287 0.87609 0.471738 0.874785 0.468667 0.873477 0.467163 0.872277 0.468081 0.870969 0.468408 0.870813 0.465532 0.871023 0.460503 0.871074 0.458281 0.873687 0.454429 0.87609 0.451748 0.879695 0.450313 0.886387 0.451421 0.887746 0.452661 0.888109 0.454233 0.888633 0.455015 0.891508 0.456387 0.895113 0.457627 0.89616 0.459131 0.896629 0.460635 0.896418 0.463374 0.895164 0.466968 0.894383 0.468799 0.894227 0.470757 0.892711 0.473564 0.889418 0.473633
1 0.855902 0.586548 0.854641 0.584536 0.853723 0.582847 0.852898 0.580996 0.85268 0.577295 0.853246 0.575879 0.853941 0.574951 0.853898 0.573481 0.85477 0.57207 0.856555 0.572012 0.857426 0.570869 0.858734 0.570107 0.859863 0.569565 0.86191 0.570654 0.864004 0.571577 0.866965 0.573101 0.869227 0.574844 0.871145 0.576479 0.873363 0.578872 0.875672 0.58165 0.875891 0.584805 0.87502 0.588071 0.873668 0.590522 0.872711 0.59248 0.870664 0.59417 0.867574 0.594824 0.864656 0.593896 0.861781 0.592974 0.859996 0.591445 0.857379 0.589155
1 0.963945 0.458931 0.962652 0.455767 0.962313 0.453374 0.962313 0.450142 0.962539 0.446768 0.962594 0.444727 0.96282 0.442827 0.963102 0.441772 0.96282 0.440156 0.962484 0.439102 0.963047 0.437344 0.964 0.436079 0.965016 0.435586 0.966195 0.436572 0.967266 0.437979 0.968727 0.439946 0.969965 0.442056 0.971766 0.444307 0.972777 0.44564 0.973902 0.447329 0.974633 0.449438 0.974969 0.451406 0.975027 0.453799 0.974687 0.456821 0.974016 0.459492 0.972496 0.460898 0.970977 0.462095 0.968953 0.462095 0.967094 0.461533 0.965578 0.460195
1 0.955852 0.561123 0.955797 0.558452 0.956301 0.556411 0.956977 0.554443 0.95709 0.552896 0.95709 0.551211 0.957426 0.549873 0.958664 0.550083 0.96007 0.550718 0.961027 0.551772 0.962434 0.552686 0.963953 0.554443 0.965301 0.55585 0.966258 0.558101 0.966371 0.561055 0.96682 0.564922 0.967047 0.569209 0.967102 0.573428 0.966988 0.575747 0.965977 0.576733 0.964121 0.57645 0.962488 0.574766 0.959621 0.570898 0.958383 0.569492 0.956641 0.566396 0.956301 0.563867
1 0.964656 0.613774 0.963211 0.612109 0.962195 0.611768 0.961922 0.610645 0.962586 0.609814 0.963758 0.609136 0.965047 0.608008 0.966102 0.606938 0.966883 0.605762 0.967781 0.604834 0.969656 0.604688 0.972039 0.605029 0.974422 0.60542 0.97575 0.606641 0.976766 0.609082 0.977117 0.611821 0.977039 0.614111 0.976102 0.616797 0.974344 0.618701 0.971219 0.619092 0.968641 0.618359 0.966805 0.617192 0.965437 0.614995
2 0.141871 0.369336 0.141559 0.372412 0.14109 0.375439 0.140191 0.378271 0.138395 0.381494 0.138551 0.384619 0.140699 0.387944 0.141637 0.390283 0.14234 0.390723 0.14484 0.390967 0.145426 0.386084 0.145816 0.379346 0.145426 0.375879 0.143707 0.372217 0.143004 0.370366 0.142652 0.369146
1 0.688879 0.381899 0.685637 0.37979 0.680371 0.378862 0.676457 0.377764 0.674027 0.373965 0.67234 0.371016 0.673824 0.366118 0.675309 0.364517 0.677809 0.362827 0.679699 0.360381 0.680914 0.357515 0.682734 0.355825 0.684828 0.354561 0.686176 0.352617 0.687594 0.350933 0.689957 0.350679 0.691984 0.35439 0.692387 0.358525 0.694547 0.362578 0.696371 0.365781 0.698059 0.368735 0.697652 0.373711 0.697246 0.375908 0.697047 0.379702 0.695086 0.381812 0.693535 0.382148 0.691914 0.382993 0.690023 0.384092
1 0.882355 0.713618 0.877406 0.716431 0.872062 0.717974 0.868574 0.718608 0.867785 0.716431 0.866492 0.712915 0.864242 0.711084 0.863004 0.710171 0.86143 0.70792 0.86216 0.705317 0.865199 0.70272 0.867281 0.700889 0.870992 0.699624 0.87566 0.699341 0.87825 0.700327 0.881793 0.704263 0.883367 0.706938 0.88348 0.71228
1 0.122383 0.891182 0.11943 0.893057 0.116148 0.895166 0.114086 0.896689 0.112773 0.901084 0.112398 0.906885 0.112305 0.911338 0.113617 0.912744 0.117227 0.911104 0.119898 0.908584 0.122711 0.906709 0.125664 0.905479 0.126039 0.903369 0.127023 0.900674 0.128242 0.898037 0.12843 0.8954 0.125664 0.891943 0.124117 0.89042
1 0.767961 0.0914844 0.773738 0.0895752 0.780363 0.0876611 0.785313 0.0889648 0.7875 0.094248 0.7875 0.094248 0.78648 0.0984961 0.780363 0.100405 0.777305 0.100405 0.773059 0.100405 0.768867 0.0999023 0.765781 0.0956543 0.765922 0.092334
1 0.790156 0.0937012 0.792383 0.0919922 0.7975 0.0910156 0.802109 0.0908691 0.805887 0.092334 0.807414 0.0929736 0.813531 0.0980713 0.817102 0.0999805 0.818969 0.10168 0.821688 0.103164 0.824234 0.104863 0.824746 0.110176 0.821516 0.113999 0.817441 0.112725 0.812512 0.109961 0.808434 0.106777 0.803676 0.104863 0.800277 0.103589 0.798238 0.102954 0.792121 0.100405 0.788895 0.0980713
1 0.917422 0 0.913164 0.00429688 0.91043 0.00703125 0.908828 0.00898437 0.907227 0.0118164 0.905898 0.0160645 0.90543 0.0194336 0.904883 0.0229492 0.905664 0.0240723 0.906836 0.0243652 0.908906 0.0248047 0.911094 0.024707 0.913633 0.0242188 0.915469 0.0231445 0.917344 0.0218262 0.919219 0.0199219 0.922578 0.0149902 0.925898 0.00991211 0.928945 0.00439453 0.931055 0
1 0.897227 0 0.895039 0.00551758 0.893477 0.00830078 0.89168 0.0123535 0.890078 0.0161621 0.889062 0.0188965 0.888008 0.022168 0.88668 0.0257324 0.885313 0.0289551 0.884414 0.0334961 0.885273 0.0368164 0.888242 0.0367188 0.891211 0.0342773 0.894102 0.0313965 0.896406 0.0282715 0.898164 0.0248535 0.900273 0.0214355 0.901758 0.0177246 0.902422 0.012793 0.903086 0.00893555 0.904434 0.0044043 0.904434 0.0044043 0.905117 0
1 0.885859 0.00654297 0.883633 0.010791 0.882008 0.0165088 0.881156 0.0192725 0.880137 0.0228809 0.879609 0.0248047 0.879063 0.0269043 0.878594 0.0291016 0.877852 0.0320801 0.877109 0.0355469 0.875586 0.0396484 0.875664 0.042627 0.877812 0.0428711 0.878789 0.0416016 0.880664 0.0395508 0.883359 0.0356934 0.885234 0.0287109 0.886992 0.0247559 0.888633 0.0199707 0.891445 0.0107422 0.890273 0.00581055 0.887969 0.00507813
1 0.88207 0.000195313 0.879883 0.0019043 0.876758 0.00585938 0.87402 0.00971191 0.87232 0.0126855 0.871813 0.0135352 0.869262 0.0165088 0.868754 0.0171484 0.866883 0.0192725 0.863125 0.0236816 0.860781 0.0266113 0.859883 0.0294434 0.860234 0.0321289 0.862344 0.0331055 0.867734 0.0305273 0.871301 0.0260693 0.874687 0.0220215 0.878164 0.0177734 0.881328 0.0130371 0.883555 0.00917969 0.885391 0.00239258 0.884297 0.000683594
1 0.865863 0.00716797 0.859746 0.00759277 0.85652 0.00822754 0.851992 0.0104492 0.849883 0.0122559 0.849023 0.0134766 0.846953 0.0168457 0.844609 0.0225586 0.843711 0.0249512 0.844766 0.0275879 0.847344 0.0289063 0.850938 0.0282227 0.857027 0.0247949 0.858559 0.0235205 0.861785 0.0199072 0.864336 0.0154492 0.865863 0.0114111 0.867223 0.00759277
1 0.858559 0.0141748 0.860859 0.0112793 0.862695 0.00908203 0.865664 0.0065918 0.868359 0.00546875 0.869727 0.00576172 0.87082 0.00756836 0.871445 0.0111816 0.869453 0.0166504 0.865664 0.0228516 0.860234 0.0291992 0.854609 0.0344238 0.851094 0.0364746 0.849102 0.0344727 0.850039 0.0313965 0.85448 0.0230957 0.85618 0.017998 0.857199 0.015874
