1 0.330859 0.320312 0.321484 0.320312 0.314453 0.32373 0.30625 0.333984 0.307031 0.337402 0.311719 0.337891 0.31875 0.336426 0.323828 0.333984 0.330078 0.326172 0.335625 0.319336
1 0.310156 0.301758 0.30625 0.301758 0.299609 0.306641 0.294141 0.314453 0.291797 0.325195 0.294141 0.330078 0.296094 0.330078 0.298828 0.328125 0.302734 0.32373 0.310156 0.308105
1 0.262109 0.306641 0.265234 0.311035 0.283984 0.323242 0.291016 0.324707 0.292187 0.323242 0.292578 0.316895 0.291797 0.314453 0.284766 0.30957 0.270313 0.304688 0.264844 0.304688
1 0.2375 0.32959 0.238672 0.33252 0.242188 0.335938 0.251953 0.341309 0.264062 0.342285 0.271094 0.341309 0.273438 0.338867 0.273438 0.337402 0.271484 0.334961 0.263281 0.32959 0.255078 0.32666 0.242578 0.326172 0.239063 0.327637
1 0.175 0.354004 0.169141 0.347656 0.162109 0.345215 0.155859 0.345215 0.150391 0.346191 0.144922 0.351074 0.137891 0.352539 0.136719 0.353516 0.136719 0.355469 0.140625 0.35791 0.143359 0.35791 0.145703 0.355957 0.147266 0.355957 0.148828 0.357422 0.154297 0.358887 0.170313 0.358887 0.173828 0.357422
1 0.222656 0.367676 0.219922 0.366699 0.213281 0.371582 0.210156 0.375488 0.205469 0.37793 0.201563 0.382324 0.196875 0.384766 0.195312 0.387207 0.195312 0.38916 0.2 0.391602 0.208203 0.391602 0.214844 0.388672 0.217188 0.38623 0.221875 0.375488 0.223047 0.370117
1 0.232031 0.408203 0.227734 0.408203 0.226562 0.412598 0.224219 0.415527 0.223047 0.418945 0.218359 0.424316 0.214062 0.431641 0.211719 0.438477 0.210547 0.44873 0.212109 0.452148 0.217188 0.44873 0.226172 0.436523 0.232031 0.413086
1 0.292969 0.38916 0.292187 0.391113 0.292578 0.393555 0.302344 0.401367 0.312891 0.40625 0.318359 0.410156 0.321875 0.410645 0.323047 0.409668 0.323047 0.406738 0.320312 0.400391 0.312109 0.391113 0.302734 0.387695
1 0.289844 0.35791 0.289062 0.356934 0.286328 0.356934 0.282422 0.359863 0.274609 0.367676 0.271094 0.372559 0.271094 0.374023 0.272266 0.375488 0.276953 0.375977 0.283594 0.373047 0.287891 0.367676 0.289062 0.364746
1 0.399219 0.410156 0.396875 0.413086 0.394922 0.422363 0.395703 0.433105 0.398047 0.44043 0.399609 0.442383 0.404687 0.443848 0.408594 0.44043 0.408594 0.435547 0.40625 0.431152 0.403516 0.416504 0.401172 0.410645
1 0.389844 0.388672 0.390234 0.39209 0.392188 0.395996 0.399219 0.402832 0.404687 0.405762 0.410547 0.40625 0.415234 0.408691 0.417578 0.408203 0.415234 0.400391 0.408594 0.393066 0.394531 0.387207 0.391406 0.387207
1 0.211328 0.507324 0.208203 0.507324 0.203516 0.51416 0.202734 0.526855 0.205078 0.531738 0.209375 0.531738 0.2125 0.524902 0.214062 0.518066 0.213672 0.509766
1 0.401172 0.445312 0.399609 0.445312 0.396875 0.447754 0.391797 0.45459 0.391016 0.462402 0.391406 0.47168 0.392969 0.478516 0.396094 0.481934 0.399609 0.480957 0.401172 0.479004 0.402734 0.473145 0.403125 0.459961 0.402344 0.446777
1 0.310156 0.502441 0.306641 0.501465 0.295312 0.501465 0.291016 0.502441 0.282813 0.509766 0.278516 0.518555 0.279297 0.52002 0.285547 0.519531 0.295312 0.515625 0.310156 0.506348
1 0.344531 0.529297 0.346094 0.535645 0.353516 0.546387 0.361328 0.55127 0.36875 0.551758 0.369922 0.550293 0.369922 0.54834 0.365625 0.540527 0.358594 0.533203 0.346875 0.528809
1 0.325391 0.568848 0.324609 0.570312 0.324609 0.575684 0.328516 0.595215 0.332813 0.60498 0.338281 0.609375 0.339844 0.60791 0.340625 0.60498 0.340625 0.59668 0.339453 0.587891 0.334375 0.577637 0.330078 0.572266
1 0.286328 0.540527 0.285547 0.545898 0.290625 0.562012 0.294922 0.566406 0.299219 0.566406 0.300781 0.563965 0.300781 0.55957 0.296484 0.548828 0.292187 0.543457 0.2875 0.540039
1 0.650781 0.458008 0.65 0.456543 0.645312 0.456543 0.63125 0.460449 0.622266 0.466309 0.614844 0.469727 0.614453 0.47168 0.617969 0.474121 0.625781 0.474121 0.635156 0.47168 0.646484 0.463867
1 0.528516 0.442383 0.526563 0.444336 0.524609 0.453125 0.523828 0.465332 0.526172 0.470703 0.530078 0.472168 0.533594 0.467773 0.535156 0.463867 0.535937 0.455078 0.533984 0.44873
1 0.467187 0.492676 0.466797 0.495117 0.467578 0.497559 0.478516 0.508301 0.485938 0.511719 0.491016 0.509766 0.491016 0.506348 0.489453 0.501465 0.482422 0.493652 0.477734 0.491211 0.469922 0.490234
1 0.435156 0.439453 0.430859 0.44043 0.421875 0.45459 0.417187 0.470703 0.417187 0.474609 0.419531 0.480469 0.421484 0.480469 0.424609 0.478027 0.433984 0.458984 0.435937 0.446777 0.435937 0.441406
1 0.721094 0.412598 0.719922 0.414062 0.719922 0.418945 0.723828 0.435547 0.732812 0.455078 0.735938 0.456055 0.736328 0.452148 0.734766 0.438965 0.732422 0.428711 0.725391 0.415527
1 0.659375 0.249512 0.658203 0.253418 0.661328 0.26416 0.677344 0.283203 0.679688 0.283203 0.680078 0.27832 0.679297 0.274902 0.669531 0.255859 0.6625 0.249023
1 0.689063 0.250977 0.692578 0.260254 0.698047 0.265625 0.711328 0.268555 0.717187 0.268555 0.71875 0.266602 0.719141 0.263184 0.716406 0.259277 0.708984 0.252441 0.698438 0.24707 0.69375 0.24707 0.691016 0.248047
1 0.725391 0.22168 0.724219 0.22168 0.722266 0.224121 0.717578 0.23584 0.716797 0.246094 0.717578 0.250488 0.719922 0.253906 0.721875 0.253418 0.724219 0.250977 0.726172 0.244141 0.726953 0.231445 0.726562 0.224121
1 0.725 0.205566 0.717969 0.205566 0.711719 0.20752 0.707031 0.213867 0.70625 0.217285 0.706641 0.22168 0.708594 0.224121 0.712891 0.224121 0.717187 0.221191 0.725391 0.208984
1 0.686328 0.216309 0.688672 0.226074 0.695703 0.235352 0.701562 0.23877 0.706641 0.23877 0.708984 0.236816 0.708984 0.23291 0.707422 0.229004 0.701562 0.22168 0.692969 0.216797
1 0.692969 0.172363 0.691797 0.174316 0.691406 0.178223 0.694531 0.186035 0.696875 0.196289 0.700391 0.20459 0.701562 0.206055 0.705078 0.207031 0.707031 0.205078 0.707812 0.197754 0.707422 0.187988 0.70625 0.183105 0.700781 0.173828 0.697656 0.172363
1 0.670312 0.138184 0.671484 0.143555 0.674219 0.145996 0.677344 0.146973 0.689844 0.146484 0.692578 0.14502 0.698047 0.145508 0.700781 0.143555 0.700781 0.142578 0.697656 0.141113 0.696484 0.13916 0.685156 0.133301 0.673828 0.133789
1 0.733203 0.278809 0.730859 0.278809 0.729688 0.280273 0.727344 0.297852 0.728125 0.313965 0.728906 0.315918 0.730469 0.316406 0.733203 0.31543 0.736719 0.310547 0.738281 0.303223 0.738281 0.29248 0.737109 0.28418
1 0.767188 0.25 0.764062 0.25293 0.761719 0.261719 0.758984 0.266602 0.757422 0.275879 0.757422 0.291504 0.759375 0.299805 0.763281 0.299316 0.765625 0.286133 0.768359 0.277344 0.768359 0.251953
1 0.748828 0.208496 0.744531 0.213379 0.740625 0.220703 0.739062 0.226074 0.739453 0.233887 0.740625 0.236816 0.74375 0.240234 0.746094 0.240234 0.748828 0.238281 0.752734 0.218262 0.752734 0.212891
1 0.741797 0.192871 0.743359 0.197754 0.752344 0.208984 0.754687 0.209473 0.758594 0.212891 0.762891 0.214844 0.764844 0.213867 0.764062 0.208984 0.75625 0.197266 0.753516 0.195801 0.751563 0.192871 0.748437 0.19043 0.74375 0.190918
1 0.787891 0.140625 0.785937 0.141602 0.785547 0.151855 0.780859 0.165527 0.780859 0.170898 0.782422 0.172852 0.787109 0.169922 0.79375 0.163086 0.796484 0.15625 0.796484 0.151367 0.794922 0.145996 0.791797 0.142578
1 0.815234 0.145508 0.813672 0.145508 0.807422 0.149902 0.802734 0.157715 0.8 0.166016 0.798438 0.176758 0.799219 0.178711 0.803516 0.176758 0.810547 0.168457 0.815234 0.154297
1 0.822656 0.356934 0.821484 0.356934 0.816406 0.361816 0.811719 0.372559 0.810937 0.376953 0.811328 0.39209 0.814063 0.395996 0.815234 0.395996 0.817969 0.393066 0.820703 0.381348 0.823438 0.374023 0.824609 0.362793 0.823828 0.358398
1 0.816016 0.350586 0.813672 0.348633 0.807813 0.347656 0.8 0.348633 0.790625 0.354004 0.786328 0.358398 0.784766 0.362305 0.786328 0.36377 0.800391 0.363281 0.810547 0.359863 0.815625 0.354492
1 0.830469 0.333496 0.830078 0.340332 0.833203 0.350098 0.839063 0.359863 0.842187 0.362793 0.845313 0.363281 0.846094 0.361816 0.845703 0.357422 0.842578 0.345703 0.833984 0.333496
1 0.826953 0.291016 0.828125 0.294434 0.832031 0.299805 0.835938 0.303711 0.842578 0.306641 0.847266 0.306641 0.855469 0.303223 0.857031 0.300293 0.857031 0.29834 0.855859 0.296875 0.849609 0.293457 0.839844 0.292969 0.829688 0.290527
1 0.785156 0.404297 0.785937 0.408691 0.789453 0.413086 0.794141 0.415039 0.810547 0.414062 0.817578 0.412109 0.819531 0.410156 0.819531 0.407715 0.817969 0.405762 0.813672 0.402832 0.811328 0.399902 0.80625 0.397949 0.791406 0.399902 0.786328 0.402344
1 0.804297 0.427246 0.803125 0.42627 0.798047 0.42627 0.788672 0.430664 0.776953 0.443848 0.776563 0.446777 0.778125 0.447754 0.783594 0.447266 0.791406 0.445312 0.794922 0.443359 0.804297 0.432129
1 0.865625 0.473633 0.864844 0.472656 0.860938 0.473633 0.852734 0.480957 0.844531 0.493164 0.842578 0.499023 0.845703 0.5 0.857031 0.494141 0.861328 0.487793 0.864453 0.479492
1 0.852734 0.467285 0.85 0.464844 0.846875 0.463867 0.837109 0.465332 0.828906 0.469727 0.825391 0.475098 0.824609 0.479004 0.825781 0.480469 0.836328 0.477539 0.842187 0.477539 0.851172 0.472656 0.852734 0.470703
1 0.688672 0.577637 0.688281 0.581543 0.689063 0.584473 0.696875 0.591797 0.706641 0.59668 0.710156 0.59668 0.711328 0.595703 0.712891 0.59082 0.712891 0.586914 0.710547 0.583008 0.703516 0.580078
1 0.576172 0.532715 0.574219 0.537109 0.573828 0.553223 0.574609 0.557617 0.579688 0.565918 0.583984 0.566406 0.584766 0.563965 0.584766 0.554199 0.580078 0.536133 0.578906 0.53418
1 0.482031 0.602051 0.477734 0.601562 0.474609 0.603516 0.469531 0.610352 0.466406 0.62207 0.466406 0.628418 0.467969 0.631836 0.471094 0.632812 0.482812 0.620117 0.484766 0.612793 0.484766 0.607422
1 0.622266 0.592773 0.620703 0.595703 0.620703 0.600098 0.625781 0.616699 0.638672 0.632812 0.639453 0.625488 0.6375 0.618164 0.625781 0.595215 0.623828 0.592773
1 0.693359 0.652344 0.692969 0.650391 0.690625 0.649414 0.675781 0.648438 0.659375 0.654785 0.658984 0.658203 0.670312 0.663574 0.679297 0.664062 0.686328 0.661621 0.692969 0.655273
1 0.501563 0.630859 0.498828 0.628906 0.496484 0.629883 0.490625 0.63623 0.478906 0.645996 0.477344 0.649414 0.477734 0.651367 0.483203 0.654785 0.489453 0.654785 0.495312 0.650879 0.498437 0.646973 0.501953 0.63916
1 0.404297 0.666504 0.402734 0.669434 0.402734 0.686523 0.405859 0.697266 0.407813 0.699707 0.408984 0.699707 0.412109 0.696777 0.413672 0.689941 0.413281 0.681152 0.408984 0.669922 0.407422 0.667969
1 0.369141 0.642578 0.366797 0.645996 0.366797 0.649902 0.372266 0.675781 0.376563 0.684082 0.380859 0.685059 0.382422 0.681641 0.381641 0.665527 0.374219 0.64502 0.372266 0.643066
1 0.407031 0.625 0.403906 0.624512 0.399219 0.628418 0.392578 0.643066 0.389844 0.653809 0.390234 0.658691 0.39375 0.65918 0.396484 0.658203 0.401562 0.652832 0.403906 0.647461 0.405078 0.640625 0.408594 0.630859
1 0.316797 0.606445 0.317188 0.613281 0.321875 0.620605 0.333203 0.626953 0.335547 0.626465 0.3375 0.624023 0.332422 0.611328 0.328125 0.606445 0.324219 0.604492 0.319531 0.604492
1 0.244141 0.623535 0.238281 0.625 0.230469 0.630371 0.227344 0.634277 0.225781 0.638184 0.225781 0.642578 0.232813 0.642578 0.240234 0.635254 0.24375 0.627441
1 0.229297 0.597656 0.227734 0.598145 0.224219 0.603027 0.221875 0.614746 0.223438 0.626465 0.225391 0.629395 0.228906 0.629883 0.230078 0.628418 0.232031 0.617676 0.232031 0.605957 0.230859 0.600098
1 0.545703 0.197754 0.544531 0.196777 0.540234 0.197754 0.532031 0.204102 0.528516 0.208496 0.524609 0.209961 0.522266 0.212402 0.523047 0.216309 0.526563 0.218262 0.534766 0.218262 0.542188 0.214355 0.545703 0.208008
1 0.355859 0.290039 0.355859 0.294434 0.358594 0.301758 0.360156 0.314453 0.361719 0.318848 0.369141 0.330566 0.373828 0.331543 0.374609 0.330078 0.373828 0.320801 0.364844 0.29834 0.357812 0.289551
0 0.183203 0.443359 0.182422 0.442383 0.179141 0.438965 0.165234 0.446777 0.160547 0.453125 0.157031 0.460449 0.153906 0.463379 0.153906 0.467285 0.155859 0.46875 0.158984 0.46875 0.1625 0.465332 0.169922 0.463867 0.175 0.460449 0.179297 0.455078 0.182812 0.447754
0 0.591016 0.504883 0.591016 0.506836 0.592969 0.509766 0.607812 0.512695 0.621875 0.511719 0.624219 0.510742 0.626172 0.507324 0.626172 0.504883 0.623828 0.501953 0.612891 0.498047 0.603125 0.498535 0.593359 0.501953
0 0.720313 0.579102 0.717187 0.580078 0.7125 0.594727 0.7125 0.613281 0.713281 0.616699 0.715625 0.618652 0.717578 0.617188 0.719531 0.61084 0.722266 0.605957 0.723828 0.595703 0.722266 0.591309 0.721484 0.581543
1 0.0691406 0.284668 0.0679687 0.284668 0.0664062 0.287109 0.0597656 0.306641 0.059375 0.321777 0.0601563 0.324219 0.0613281 0.324219 0.0640625 0.320801 0.0691406 0.306641 0.0707031 0.287598
1 0.0910156 0.233887 0.090625 0.237305 0.0957031 0.249512 0.108203 0.258301 0.114453 0.26416 0.120313 0.26416 0.119922 0.259277 0.117188 0.256348 0.112891 0.24707 0.107031 0.239258 0.0960938 0.23291 0.0917969 0.23291
1 0.0804688 0.172852 0.0800781 0.178223 0.0816406 0.18457 0.0859375 0.192383 0.0988281 0.206055 0.103516 0.205566 0.103125 0.196777 0.0929688 0.180176 0.084375 0.172852
1 0.104297 0.157227 0.103906 0.15918 0.106641 0.166992 0.112109 0.177246 0.116797 0.183594 0.119531 0.193359 0.122656 0.197266 0.123828 0.195312 0.122266 0.175293 0.119922 0.166504 0.114453 0.159668 0.111328 0.157227 0.107813 0.155762
1 0.103906 0.118164 0.103516 0.119629 0.103906 0.138672 0.105859 0.14209 0.109375 0.152832 0.110547 0.154785 0.1125 0.155273 0.114844 0.152832 0.114453 0.13916 0.112109 0.130859 0.108984 0.125488 0.108203 0.119629 0.107031 0.117188
1 0.184766 0.139648 0.184766 0.146484 0.189844 0.159668 0.196875 0.168945 0.204297 0.175781 0.208594 0.175781 0.208984 0.172852 0.201563 0.155273 0.198047 0.150391 0.192188 0.146484 0.185938 0.139648
1 0.212891 0.125 0.217188 0.119629 0.225391 0.118164 0.232422 0.120605 0.236328 0.122168 0.241016 0.126953 0.235937 0.129883 0.232031 0.131836 0.220703 0.131836 0.214062 0.128418 0.212891 0.126953
1 0.35 0.0717773 0.349609 0.0761719 0.353125 0.0898438 0.361328 0.103516 0.364844 0.103516 0.366016 0.102051 0.366406 0.0947266 0.362109 0.0820312 0.354687 0.0722656
1 0.566406 0.0932617 0.564844 0.0927734 0.561328 0.0996094 0.55 0.118164 0.544141 0.132812 0.544922 0.137695 0.548828 0.137695 0.550781 0.13623 0.561719 0.123047 0.565234 0.114258 0.567187 0.10498 0.567578 0.097168
1 0.0875 0.583496 0.0882813 0.588867 0.0953125 0.599121 0.0992187 0.601074 0.107813 0.601562 0.119141 0.599121 0.122656 0.59668 0.122266 0.594727 0.11875 0.592285 0.111328 0.589844 0.107031 0.586914 0.100391 0.585449 0.0953125 0.582031 0.0902344 0.581543
1 0.0875 0.552246 0.084375 0.557129 0.0824219 0.563477 0.0824219 0.570312 0.084375 0.576172 0.0871094 0.57959 0.0921875 0.580566 0.0941406 0.577148 0.09375 0.563965 0.0914062 0.555176 0.0886719 0.552246
1 0.383984 0.70166 0.380078 0.700684 0.377344 0.703125 0.373437 0.712891 0.373828 0.717773 0.378906 0.717773 0.382422 0.714844 0.384375 0.709473 0.384766 0.70459
1 0.377734 0.697754 0.373047 0.697266 0.361719 0.705078 0.353516 0.721191 0.354687 0.722168 0.361719 0.72168 0.371094 0.716309 0.376563 0.708008 0.378125 0.703613
1 0.433203 0.119141 0.430859 0.117188 0.416406 0.116211 0.412109 0.118164 0.407422 0.122559 0.403906 0.129395 0.403906 0.134766 0.407813 0.134766 0.418828 0.130078 0.430469 0.123047
1 0.282422 0.433105 0.28125 0.435547 0.282422 0.445312 0.285938 0.459961 0.29375 0.474121 0.298047 0.479492 0.3 0.479492 0.301172 0.478027 0.300781 0.470215 0.297266 0.460938 0.294922 0.451172 0.285156 0.43457
1 0.848828 0.286133 0.849219 0.288086 0.852734 0.291504 0.859375 0.295898 0.871875 0.299316 0.882422 0.299316 0.885156 0.29834 0.886328 0.295898 0.885938 0.293457 0.883984 0.291016 0.872266 0.28418 0.867188 0.282715 0.858594 0.282715 0.85 0.28418
1 0.787891 0.282227 0.786328 0.282227 0.783984 0.285156 0.780859 0.293945 0.778125 0.311523 0.778125 0.321777 0.778906 0.32373 0.780078 0.32373 0.783984 0.318359 0.7875 0.312012 0.789062 0.306641 0.790234 0.290527 0.789453 0.284668
1 0.958203 0.313477 0.956641 0.3125 0.951953 0.312988 0.946094 0.317383 0.941406 0.323242 0.938672 0.329102 0.937891 0.336426 0.938672 0.342285 0.944141 0.342285 0.951172 0.334473 0.958594 0.318359
1 0.926953 0.556641 0.927344 0.560547 0.932031 0.565918 0.935547 0.572754 0.938672 0.57666 0.947656 0.581055 0.951953 0.581543 0.953906 0.580078 0.953906 0.57666 0.952344 0.57373 0.944141 0.564453 0.934766 0.558594 0.928516 0.556152
1 0.915234 0.560547 0.914844 0.563965 0.920312 0.569824 0.923828 0.580566 0.928516 0.587891 0.931641 0.591309 0.935937 0.591797 0.936719 0.589355 0.936328 0.580078 0.933594 0.574707 0.928125 0.566895 0.921094 0.560547
1 0.976172 0.56543 0.973437 0.564941 0.970313 0.566895 0.960938 0.578613 0.959375 0.583496 0.95625 0.588379 0.95625 0.592285 0.958984 0.593262 0.967187 0.588867 0.971484 0.583496 0.976562 0.572266 0.976953 0.566895
1 0.969922 0.458496 0.971094 0.462891 0.978125 0.47168 0.989453 0.477539 0.991797 0.476074 0.991797 0.470215 0.990625 0.467285 0.985938 0.462891 0.971094 0.45752
1 0.880469 0.44873 0.878906 0.453125 0.878516 0.468262 0.883203 0.486328 0.885938 0.487793 0.888281 0.48584 0.889062 0.480469 0.888672 0.465332 0.885156 0.45166 0.882812 0.449219
1 0.820703 0.691406 0.819531 0.689941 0.807422 0.688477 0.798047 0.688965 0.790234 0.693359 0.786719 0.696777 0.785937 0.701172 0.786719 0.702148 0.796094 0.702148 0.808984 0.700195 0.820312 0.693848
1 0.874609 0.625977 0.875781 0.628418 0.882812 0.635254 0.888672 0.638184 0.905469 0.640137 0.908203 0.638184 0.908203 0.633789 0.904297 0.629395 0.898047 0.626465 0.888672 0.624023 0.877344 0.624023
1 0.925391 0.633789 0.926562 0.638672 0.930469 0.643555 0.935937 0.646973 0.948438 0.646973 0.951562 0.643555 0.948047 0.635254 0.941797 0.631836 0.935156 0.630859 0.927344 0.631348
1 0.945703 0.603516 0.946094 0.608398 0.956641 0.620605 0.961328 0.623047 0.963672 0.623047 0.965625 0.621094 0.966016 0.617676 0.964453 0.611328 0.959766 0.605469 0.952344 0.602051 0.947656 0.602051
1 0.962891 0.48584 0.965234 0.487305 0.982812 0.486816 0.985156 0.482422 0.980469 0.478516 0.970703 0.477539 0.963281 0.482422
1 0.628125 0.696289 0.626953 0.695312 0.622656 0.695312 0.611328 0.697754 0.60625 0.700684 0.597656 0.708496 0.596484 0.712891 0.600391 0.713867 0.604297 0.712402 0.614844 0.712402 0.621875 0.709473 0.627344 0.701172
1 0.623437 0.71582 0.622656 0.713867 0.621094 0.713379 0.613672 0.714355 0.606641 0.713867 0.602734 0.715332 0.599609 0.718262 0.596094 0.71875 0.586328 0.723633 0.586328 0.725586 0.591797 0.728516 0.605078 0.728516 0.622656 0.719238
1 0.623437 0.724121 0.619141 0.723633 0.613281 0.726074 0.605469 0.727539 0.601953 0.729492 0.596484 0.73584 0.594141 0.743652 0.594141 0.749023 0.591797 0.750488 0.591016 0.752441 0.592969 0.75293 0.596875 0.75 0.604688 0.74707 0.616797 0.737793 0.622266 0.732422 0.623437 0.729492
1 0.664062 0.717285 0.6625 0.71582 0.657422 0.716309 0.646875 0.720703 0.640625 0.729004 0.638672 0.735352 0.639062 0.743652 0.641797 0.745605 0.646094 0.743652 0.649219 0.739258 0.653906 0.735352 0.662109 0.724121 0.664062 0.720215
1 0.66875 0.774414 0.66875 0.777344 0.672266 0.78418 0.675391 0.788086 0.688281 0.799316 0.693359 0.799316 0.691406 0.79248 0.685156 0.778809 0.678516 0.774414 0.669531 0.773438
1 0.664453 0.784668 0.663281 0.788086 0.665234 0.79541 0.673047 0.810547 0.677344 0.81543 0.68125 0.818359 0.683203 0.817871 0.684375 0.813477 0.680469 0.802246 0.680078 0.79541 0.678516 0.791504 0.670703 0.78418 0.666406 0.783691
1 0.596094 0.773438 0.591016 0.775879 0.587109 0.782227 0.586328 0.791016 0.587109 0.798828 0.588281 0.800293 0.591406 0.799316 0.597656 0.783691 0.598047 0.777832
1 0.578125 0.853516 0.583984 0.856934 0.592969 0.857422 0.600391 0.854004 0.603516 0.850586 0.608203 0.849121 0.610938 0.846191 0.610938 0.844727 0.608594 0.841797 0.591406 0.84082 0.583203 0.845215 0.578906 0.849609
1 0.681641 0.856934 0.68125 0.862305 0.685156 0.868652 0.691406 0.873535 0.703906 0.879883 0.708203 0.879883 0.710938 0.87793 0.711328 0.875488 0.710547 0.872559 0.70625 0.865234 0.701562 0.859863 0.692187 0.855957 0.684375 0.855469
1 0.721094 0.841309 0.719141 0.841797 0.716797 0.845215 0.714453 0.852539 0.713281 0.859863 0.712891 0.874512 0.713281 0.877441 0.715625 0.879395 0.718359 0.878418 0.721094 0.874512 0.723828 0.864746 0.723828 0.849609
1 0.819531 0.830566 0.81875 0.82959 0.814453 0.829102 0.799219 0.832031 0.791797 0.836426 0.787109 0.837891 0.783984 0.841797 0.789453 0.843262 0.803125 0.84375 0.807813 0.842285 0.818359 0.835449 0.819531 0.833984
1 0.830469 0.861328 0.830078 0.869629 0.832031 0.888184 0.834375 0.891602 0.840625 0.890625 0.842578 0.888672 0.843359 0.88623 0.843359 0.876953 0.839844 0.869629 0.833594 0.861328
1 0.419141 0.859863 0.41875 0.863281 0.420312 0.869629 0.422266 0.874512 0.426172 0.878418 0.430469 0.880371 0.447266 0.880371 0.446875 0.877441 0.434766 0.864746 0.427734 0.861328 0.421094 0.859375
1 0.445703 0.730469 0.442578 0.729492 0.439844 0.730957 0.430859 0.739258 0.427344 0.748047 0.425391 0.756348 0.420312 0.760254 0.415156 0.766211 0.424219 0.764648 0.429297 0.761719 0.432031 0.761719 0.435547 0.760254 0.443359 0.74707 0.446484 0.737305 0.446484 0.731934
1 0.441016 0.770508 0.435937 0.769531 0.431641 0.765137 0.427344 0.765137 0.423047 0.763672 0.420312 0.765137 0.415625 0.764648 0.411719 0.766602 0.408203 0.766602 0.401562 0.770996 0.400391 0.775391 0.405859 0.780762 0.414062 0.783691 0.421094 0.783691 0.428516 0.780273 0.435156 0.772949 0.439844 0.772461
1 0.412109 0.74707 0.408594 0.745117 0.397656 0.74707 0.384766 0.74707 0.378125 0.751953 0.376953 0.755859 0.385547 0.759766 0.393359 0.760742 0.396875 0.759766 0.402734 0.755859 0.406641 0.750977 0.412109 0.749023
1 0.411328 0.730957 0.408594 0.728516 0.402734 0.728516 0.39375 0.731934 0.385156 0.740723 0.383984 0.745117 0.385156 0.746094 0.396875 0.746094 0.403125 0.743164 0.405078 0.741211 0.407422 0.736328 0.411328 0.732422
1 0.3875 0.711914 0.388281 0.713867 0.39375 0.716309 0.403125 0.718262 0.412109 0.717773 0.416406 0.716309 0.420312 0.712891 0.419531 0.708984 0.404687 0.702637 0.393359 0.705078 0.389453 0.70752
1 0.380078 0.778809 0.376953 0.782227 0.373828 0.793945 0.373828 0.802246 0.376563 0.819824 0.377344 0.821777 0.380469 0.823242 0.382031 0.820801 0.382812 0.815918 0.383594 0.79248 0.382812 0.78418 0.381641 0.780273
1 0.280078 0.821289 0.278125 0.821289 0.276562 0.824707 0.275781 0.833984 0.271094 0.853027 0.271875 0.856445 0.273047 0.857422 0.276953 0.857422 0.279297 0.855957 0.283984 0.849609 0.286719 0.842285 0.285938 0.831543 0.283594 0.825684
1 0.232031 0.835938 0.228906 0.835938 0.227734 0.836914 0.226172 0.84082 0.222266 0.845215 0.220703 0.848633 0.217969 0.86084 0.218359 0.865234 0.219922 0.868652 0.221875 0.868652 0.225781 0.865234 0.230469 0.85498 0.232813 0.842773 0.232813 0.836914
1 0.221484 0.841309 0.220312 0.841309 0.21875 0.84375 0.211719 0.845703 0.204297 0.853516 0.201172 0.861328 0.201563 0.867676 0.205469 0.867676 0.209375 0.865723 0.216797 0.857422
1 0.216016 0.753906 0.214453 0.755859 0.214453 0.766113 0.216016 0.774414 0.217188 0.777344 0.222656 0.783691 0.228906 0.787109 0.229297 0.783691 0.226953 0.779297 0.225391 0.764648 0.223047 0.759277 0.217969 0.753906
1 0.0507812 0.696289 0.0507812 0.702148 0.05625 0.712891 0.0625 0.716309 0.0667969 0.716309 0.0703125 0.713379 0.0699219 0.709961 0.0675781 0.706055 0.0609375 0.699707 0.0539063 0.695801
1 0.0304687 0.804199 0.025 0.805664 0.0164063 0.8125 0.0121094 0.817871 0.009375 0.822754 0.00859375 0.82959 0.00976562 0.832031 0.0148437 0.831055 0.0210938 0.826172 0.0242188 0.822266 0.03125 0.810547 0.0316406 0.805664
1 0.0804688 0.916016 0.0757812 0.912598 0.0632812 0.910156 0.0464844 0.916016 0.0441406 0.918457 0.0441406 0.920898 0.0511719 0.925293 0.0605469 0.926758 0.0785156 0.918457
1 0.441406 0.903809 0.441016 0.905273 0.442969 0.911133 0.442969 0.916504 0.445312 0.928711 0.445312 0.934082 0.442188 0.938965 0.441797 0.945801 0.442578 0.950195 0.441797 0.955566 0.442969 0.958008 0.444141 0.958008 0.445703 0.955078 0.445703 0.952148 0.448047 0.948242 0.449219 0.939453 0.455078 0.927246 0.455469 0.921875 0.454688 0.916016 0.451953 0.910645 0.44375 0.903809
1 0.424219 0.883789 0.423438 0.884766 0.423438 0.888184 0.427344 0.900879 0.433203 0.908691 0.435156 0.910156 0.437109 0.909668 0.437891 0.908691 0.438281 0.903809 0.434766 0.893066 0.428125 0.884277
1 0.471094 0.909668 0.469141 0.914062 0.469141 0.92041 0.470703 0.927734 0.475781 0.936523 0.482031 0.940918 0.483203 0.938477 0.481641 0.92334 0.475391 0.910645 0.474219 0.909668
1 0.478125 0.895508 0.477734 0.897461 0.483203 0.912109 0.4875 0.919434 0.498828 0.929199 0.501172 0.932129 0.501953 0.935059 0.505859 0.933594 0.507422 0.928711 0.506641 0.923828 0.49375 0.907227 0.482422 0.896484
1 0.507812 0.964844 0.506641 0.963379 0.501172 0.963379 0.493359 0.967285 0.489063 0.972168 0.485938 0.977539 0.482812 0.986816 0.498047 0.981934 0.506641 0.97168 0.508203 0.967773
1 0.517969 0.973633 0.517969 0.975098 0.521484 0.979004 0.533594 0.985352 0.541797 0.987305 0.555859 0.988281 0.559766 0.986816 0.558984 0.983398 0.55625 0.980469 0.541016 0.97168 0.532031 0.970703 0.529687 0.97168 0.521094 0.97168
1 0.614453 0.947266 0.611719 0.944824 0.605469 0.944336 0.600391 0.945312 0.597266 0.946777 0.595313 0.949219 0.594922 0.95459 0.598828 0.959961 0.603906 0.961426 0.607812 0.960938 0.614062 0.955078 0.615234 0.95166
1 0.750391 0.90332 0.748437 0.900391 0.743359 0.898926 0.735156 0.898438 0.729297 0.899902 0.726953 0.901855 0.723828 0.908203 0.722266 0.914551 0.722266 0.918945 0.723437 0.921387 0.724609 0.921387 0.733203 0.914551 0.748437 0.907227 0.750391 0.905273
1 0.766797 0.979492 0.766016 0.983398 0.767578 0.987793 0.773828 0.995605 0.778906 0.997559 0.780859 1 0.789453 1 0.789844 0.994141 0.783984 0.986816 0.776172 0.981445 0.771484 0.979492
0 0.0402344 0.311035 0.0402344 0.318359 0.0453125 0.325684 0.0480469 0.327148 0.05625 0.327637 0.0597656 0.330078 0.0613281 0.32959 0.0636719 0.326172 0.0636719 0.319336 0.0621094 0.316895 0.0570312 0.316406 0.0546875 0.313965 0.0460938 0.30957 0.0417969 0.30957
1 0.0167969 0.214355 0.0152344 0.21582 0.0136719 0.220703 0.0140625 0.234863 0.015625 0.245605 0.0175781 0.248047 0.0207031 0.248047 0.021875 0.24707 0.0234375 0.241211 0.0238281 0.227539 0.021875 0.219238 0.0179687 0.214355
1 0 0.137695 0 0.158203 0.00195312 0.158691 0.00625 0.163574 0.0105469 0.164551 0.0121094 0.162598 0.0128906 0.15918 0.0121094 0.150879 0.00585938 0.141602 0.00195312 0.137695
1 0.142969 0.253906 0.138672 0.26416 0.137891 0.268555 0.138281 0.279297 0.140625 0.291504 0.142969 0.293945 0.146875 0.294434 0.152344 0.286621 0.153516 0.282227 0.153516 0.276855 0.150391 0.26123 0.146484 0.253906
1 0.319141 0.280273 0.317188 0.282227 0.316016 0.288086 0.316016 0.293945 0.314453 0.297852 0.314063 0.305176 0.315234 0.313965 0.317969 0.316895 0.319531 0.316406 0.322656 0.3125 0.325391 0.306641 0.325781 0.303223 0.324609 0.29541 0.325 0.290039 0.322656 0.28418
1 0.325391 0.289062 0.324609 0.29248 0.330078 0.313477 0.332031 0.316895 0.334766 0.317871 0.337109 0.314453 0.336328 0.303223 0.333984 0.297363 0.326953 0.289062
1 0.458203 0.0410156 0.458203 0.0454102 0.461719 0.0522461 0.466406 0.0571289 0.478906 0.0620117 0.482812 0.0615234 0.483594 0.0605469 0.482812 0.0566406 0.474609 0.0483398 0.466797 0.0424805
1 0.351953 0.0292969 0.350781 0.0380859 0.352734 0.0483398 0.356641 0.0561523 0.360938 0.0605469 0.364453 0.0629883 0.368359 0.0625 0.369531 0.0605469 0.369531 0.0556641 0.364844 0.0410156 0.357422 0.03125 0.353906 0.0288086
1 0.373828 0 0.375781 0.0146484 0.380859 0.027832 0.384766 0.0292969 0.385937 0.0268555 0.386719 0.019043 0.386719 0.00830078 0.384766 0
1 0.127734 0.0410156 0.127734 0.0449219 0.129688 0.0488281 0.133984 0.0546875 0.139063 0.0581055 0.145313 0.0581055 0.150781 0.0527344 0.150781 0.0483398 0.145313 0.0439453 0.132422 0.0395508 0.129297 0.0395508
1 0.0355469 0.0644531 0.0355469 0.0693359 0.0410156 0.0766602 0.0515625 0.081543 0.0566406 0.0820312 0.059375 0.0800781 0.059375 0.0761719 0.0582031 0.0722656 0.0539063 0.0683594 0.04375 0.0639648 0.0363281 0.0634766
1 0 0.0229492 0 0.0380859 0.00742187 0.0375977 0.0136719 0.0336914 0.0144531 0.0292969 0.0125 0.0249023 0.00546875 0.0224609
1 0.295312 0 0.297266 0.00634766 0.302344 0.012207 0.311328 0.0146484 0.321484 0.012207 0.325 0.00976562 0.324609 0.00585938 0.31875 0.00244141 0.317578 0
1 0.291016 0.00292969 0.289062 0.00390625 0.287109 0.0078125 0.287891 0.0288086 0.290625 0.0366211 0.295312 0.0390625 0.298438 0.0356445 0.300391 0.0302734 0.300781 0.015625 0.299609 0.00927734 0.298047 0.00585938 0.295312 0.00292969
1 0.877734 0.0170898 0.875781 0.019043 0.873828 0.0297852 0.873828 0.043457 0.875 0.0488281 0.876953 0.0507812 0.880078 0.0498047 0.881641 0.0478516 0.883984 0.0380859 0.883984 0.0297852 0.882812 0.0224609 0.880469 0.0180664
1 0.973828 0.122559 0.971875 0.124023 0.969922 0.135254 0.970313 0.14209 0.974609 0.153809 0.978125 0.153809 0.980469 0.149902 0.982031 0.142578 0.982031 0.135254 0.976562 0.125
1 0.994531 0.382812 0.992969 0.384766 0.993359 0.392578 0.997266 0.398926 1 0.399902 1 0.381836
1 0.973437 0.478516 0.973828 0.47998 0.975781 0.480469 0.977734 0.484375 0.980469 0.486816 0.990234 0.491211 0.994141 0.490723 0.99375 0.48584 0.989453 0.480957 0.983203 0.478027
1 0.801562 0.365234 0.799609 0.368164 0.799219 0.372559 0.802344 0.385742 0.805078 0.392578 0.806641 0.393555 0.810156 0.393066 0.808203 0.371094 0.805859 0.366699 0.803906 0.365234
1 0.747266 0.242188 0.745313 0.24707 0.744922 0.257324 0.745703 0.269043 0.747656 0.282715 0.749609 0.287598 0.750391 0.292969 0.751953 0.296875 0.753906 0.296875 0.755469 0.29541 0.75625 0.29248 0.755469 0.288086 0.755859 0.262695 0.753516 0.251465 0.748828 0.243164
1 0.893359 0.655762 0.891797 0.655762 0.889453 0.657715 0.884375 0.666016 0.882422 0.672852 0.883203 0.677246 0.885547 0.677734 0.889062 0.67627 0.89375 0.67041 0.895703 0.661621 0.895312 0.658691
1 0.214453 0.874512 0.209375 0.875 0.207813 0.875977 0.207031 0.878418 0.207031 0.881836 0.209766 0.894043 0.210156 0.901367 0.209375 0.910645 0.210156 0.911621 0.2125 0.911621 0.217578 0.903809 0.219531 0.896484 0.219922 0.886719 0.217578 0.876465
2 0.341484 0.360742 0.330859 0.358398 0.325391 0.358398 0.321484 0.359863 0.3125 0.369141 0.3125 0.37207 0.314453 0.374023 0.318359 0.374023 0.325391 0.371582 0.334375 0.364746
2 0.462891 0.334473 0.463672 0.337891 0.472266 0.34668 0.493359 0.360352 0.498828 0.36084 0.499609 0.356934 0.498437 0.354492 0.490625 0.346191 0.485547 0.343262 0.482812 0.340332 0.467578 0.334473
2 0.524609 0.302734 0.523828 0.304199 0.524219 0.317871 0.525781 0.325684 0.531641 0.34375 0.533203 0.345703 0.536719 0.345703 0.538281 0.339844 0.538281 0.329102 0.5375 0.325684 0.530078 0.308105 0.525781 0.302734
2 0.25625 0.530762 0.252734 0.528809 0.248047 0.528809 0.24375 0.530762 0.234375 0.54834 0.233203 0.556641 0.234766 0.558105 0.237891 0.558105 0.241406 0.556152 0.25625 0.537598 0.257031 0.53418
2 0.227344 0.490234 0.224609 0.493164 0.223438 0.49707 0.223438 0.506836 0.227734 0.520508 0.232031 0.521973 0.233594 0.519531 0.234375 0.51416 0.233594 0.499512 0.232031 0.493652 0.229297 0.490234
2 0.0601563 0.251465 0.0578125 0.250488 0.0554687 0.250977 0.0464844 0.258789 0.0425781 0.265137 0.0417969 0.267578 0.0421875 0.271973 0.04375 0.273438 0.0460938 0.273438 0.0507812 0.269531 0.0601563 0.256348
2 0.271094 0.103027 0.268359 0.103516 0.266797 0.10498 0.260547 0.118652 0.258594 0.126465 0.258594 0.132812 0.260156 0.135742 0.262891 0.135254 0.265234 0.131348 0.271094 0.108398
2 0.353125 0.0283203 0.35 0.0244141 0.344922 0.0239258 0.3375 0.0283203 0.334766 0.0322266 0.334766 0.0336914 0.337109 0.0351562 0.348828 0.0336914
2 0.707812 0.151855 0.705859 0.153809 0.704297 0.160645 0.703906 0.174805 0.705078 0.177734 0.709375 0.181641 0.711328 0.17627 0.711719 0.154785 0.710547 0.152344
2 0.8 0.253418 0.799219 0.252441 0.794922 0.252441 0.786719 0.253906 0.782422 0.255859 0.775391 0.263672 0.774219 0.266602 0.774609 0.270996 0.775391 0.271973 0.778125 0.271484 0.780859 0.269531 0.796875 0.263184 0.8 0.259766
2 0.816406 0.180664 0.815234 0.179199 0.813672 0.179199 0.805469 0.184082 0.803125 0.187012 0.799219 0.188477 0.797266 0.191406 0.796875 0.194336 0.798438 0.196289 0.802734 0.196289 0.815234 0.185547 0.816406 0.183105
2 0.808203 0.123047 0.804688 0.121094 0.798047 0.121094 0.792578 0.123047 0.790234 0.125488 0.788281 0.131836 0.791016 0.134277 0.794922 0.134277 0.798438 0.132812 0.806641 0.127441
2 0.847266 0.242676 0.847266 0.24707 0.850781 0.253906 0.853516 0.263184 0.864453 0.276855 0.867969 0.276367 0.865625 0.262207 0.860938 0.25293 0.854297 0.243164 0.850781 0.241699
2 0.978125 0.356934 0.974219 0.356445 0.969531 0.36084 0.9625 0.37207 0.962109 0.374512 0.962891 0.376953 0.967969 0.376465 0.975391 0.370605 0.978906 0.362305 0.978906 0.358398
2 0.709375 0.430664 0.707812 0.430664 0.705469 0.432617 0.7 0.446289 0.700391 0.450195 0.705859 0.449707 0.709766 0.445312 0.711328 0.439941 0.711328 0.43457
2 0.905469 0.606934 0.904687 0.605469 0.901563 0.604004 0.892188 0.606445 0.885156 0.61084 0.882812 0.614746 0.882812 0.617676 0.883984 0.619141 0.890625 0.618164 0.902344 0.611816 0.904687 0.609375
2 0.893359 0.695312 0.888672 0.696777 0.883203 0.703613 0.878906 0.711914 0.877344 0.717773 0.877344 0.72168 0.879687 0.725098 0.881641 0.725098 0.888672 0.71875 0.891406 0.714355 0.894922 0.705566 0.894922 0.69873
2 0.415234 0.60791 0.408984 0.615723 0.407422 0.619141 0.40625 0.626465 0.408203 0.630371 0.4125 0.635254 0.41875 0.638184 0.421875 0.638184 0.423828 0.636719 0.424219 0.634766 0.421484 0.630371 0.418359 0.618652 0.418359 0.610352 0.416797 0.60791
2 0.478125 0.818848 0.477734 0.822266 0.481641 0.826172 0.495312 0.833008 0.510938 0.83252 0.5125 0.831055 0.512109 0.829102 0.508594 0.826172 0.490234 0.815918 0.481641 0.815918
1 0.900391 0.946777 0.897656 0.944336 0.894531 0.943359 0.883984 0.943359 0.875391 0.946777 0.873437 0.950195 0.873437 0.954102 0.874219 0.955566 0.877734 0.957031 0.893359 0.957031 0.896484 0.955566 0.9 0.951172
1 0.8875 0.978516 0.8875 0.98291 0.892578 0.986328 0.899219 0.988281 0.903906 0.988281 0.905078 0.987305 0.905078 0.98291 0.903906 0.97998 0.899609 0.976074 0.892188 0.975098
1 0 0.972656 0 0.998047 0.00195312 0.998047 0.003125 1 0.00820313 1 0.0113281 0.994629 0.009375 0.985352 0.00664062 0.979004 0.00273437 0.973633
1 0.297266 0.567871 0.294141 0.570312 0.290625 0.583496 0.290234 0.592773 0.291406 0.598145 0.294141 0.604492 0.298828 0.605957 0.300391 0.603516 0.300781 0.596191 0.301953 0.592285 0.302344 0.577148 0.299609 0.568359
2 1 0.533691 0.997266 0.53418 0.985156 0.541992 0.982422 0.544922 0.980859 0.54834 0.981641 0.551758 0.9875 0.552246 0.997656 0.546875 1 0.546875
1 0.233594 0.0894531 0.231133 0.0858887 0.221094 0.0927734 0.21875 0.0952148 0.214062 0.103516 0.212109 0.11084 0.213281 0.119629 0.217188 0.120117 0.220312 0.116211 0.222266 0.11084 0.225 0.107422 0.227344 0.0981445
1 0.118359 0.499023 0.114453 0.505859 0.113672 0.508789 0.113672 0.513672 0.114062 0.514648 0.119922 0.521973 0.120313 0.521973 0.1375 0.543945 0.141406 0.550781 0.141797 0.552246 0.144531 0.555664 0.147266 0.561035 0.155078 0.571777 0.157031 0.575684 0.160156 0.579102 0.163281 0.583984 0.164453 0.586914 0.167578 0.59082 0.171875 0.598633 0.173437 0.603027 0.176172 0.606934 0.176953 0.608887 0.178906 0.611328 0.180859 0.612793 0.185547 0.612793 0.186328 0.612305 0.188672 0.608887 0.190234 0.60498 0.190625 0.602539 0.192188 0.598145 0.192578 0.592285 0.192969 0.591797 0.192969 0.58252 0.192578 0.582031 0.192578 0.579102 0.191797 0.57666 0.191797 0.57373 0.191406 0.573242 0.191406 0.570801 0.190234 0.566406 0.190234 0.564453 0.188672 0.561035 0.1875 0.555664 0.185156 0.549805 0.180859 0.542969 0.180078 0.540527 0.176953 0.536133 0.175 0.534668 0.173437 0.532715 0.167187 0.528809 0.164844 0.526855 0.1625 0.523926 0.158984 0.521973 0.156641 0.52002 0.154688 0.517578 0.151562 0.514648 0.150391 0.51416 0.148438 0.511719 0.146094 0.509766 0.142969 0.508301 0.138672 0.503906 0.133984 0.501953 0.128125 0.500488 0.125781 0.499512 0.123047 0.497559 0.121484 0.497559
1 0.253125 0.64502 0.252344 0.643066 0.248828 0.643066 0.248438 0.642578 0.245312 0.642578 0.244141 0.64209 0.24375 0.642578 0.241797 0.642578 0.239453 0.643555 0.235156 0.644043 0.232813 0.64502 0.224219 0.64502 0.223828 0.645508 0.219922 0.645508 0.213672 0.648926 0.212891 0.649902 0.212891 0.651367 0.219922 0.655273 0.221484 0.655273 0.221875 0.655762 0.223047 0.655762 0.223438 0.65625 0.224609 0.65625 0.228125 0.657715 0.229687 0.657715 0.230078 0.658203 0.234375 0.658203 0.236328 0.657227 0.240234 0.657227 0.247266 0.651367 0.249219 0.650391 0.250781 0.648926 0.252344 0.648438 0.253125 0.647461
0 0.235156 0.663086 0.235937 0.665039 0.2375 0.666016 0.241797 0.666504 0.243594 0.666357 0.246289 0.666309 0.248633 0.666064 0.251641 0.665186 0.253906 0.664062 0.256641 0.663574 0.259414 0.662109 0.261328 0.661133 0.262773 0.660742 0.264141 0.66001 0.265078 0.658203 0.265 0.65625 0.263867 0.654346 0.262188 0.653223 0.260391 0.652588 0.258906 0.652002 0.255 0.650195 0.253516 0.649902 0.250273 0.650098 0.245781 0.652295 0.243281 0.654443 0.239453 0.657227 0.237109 0.658203 0.235937 0.659668 0.235156 0.661621
1 0.0144531 0.246582 0.0128906 0.244629 0.0117188 0.244629 0.0113281 0.244141 0.00898437 0.244141 0.00859375 0.244629 0.00703125 0.244629 0.00507813 0.245605 0 0.245605 0 0.258789 0.00273437 0.258789 0.00664062 0.256836 0.00898437 0.253906 0.0132812 0.251465 0.0144531 0.249512
2 0.103906 0.877441 0.102344 0.879883 0.102344 0.883789 0.103516 0.888184 0.103516 0.892578 0.105078 0.898438 0.105078 0.899902 0.106641 0.904297 0.107813 0.905762 0.111328 0.90625 0.113281 0.904297 0.114453 0.899902 0.114453 0.888184 0.113672 0.88623 0.113672 0.884766 0.111328 0.880859 0.108984 0.878418 0.107422 0.877441
2 0.505469 0.928711 0.502344 0.930176 0.502344 0.930664 0.498437 0.935547 0.494141 0.938965 0.491016 0.942871 0.489063 0.946777 0.489063 0.949219 0.489453 0.950684 0.490234 0.95166 0.491016 0.95166 0.491797 0.950684 0.494531 0.950195 0.497656 0.948242 0.499219 0.946289 0.502734 0.939941 0.503906 0.937012 0.505469 0.936035 0.506641 0.931152 0.50625 0.929688
1 0.48125 0.989258 0.480469 0.988281 0.477734 0.987793 0.476562 0.98877 0.469531 0.991699 0.468359 0.992676 0.466016 0.993164 0.463672 0.994629 0.460547 0.998047 0.460547 1 0.476172 1 0.476172 0.999023 0.479687 0.995117 0.48125 0.991211
1 0.455859 0.922852 0.454688 0.924316 0.454688 0.932129 0.455078 0.932617 0.455078 0.935059 0.455469 0.935547 0.455469 0.936523 0.455859 0.937012 0.455859 0.938965 0.45625 0.939453 0.45625 0.940918 0.456641 0.941406 0.456641 0.942871 0.457031 0.943359 0.457031 0.945312 0.457422 0.945801 0.457422 0.948242 0.457813 0.94873 0.457813 0.949219 0.458203 0.949707 0.458203 0.951172 0.458594 0.95166 0.458594 0.953125 0.458984 0.953613 0.458984 0.95459 0.459375 0.955078 0.459375 0.956543 0.459766 0.957031 0.459766 0.958496 0.460156 0.958984 0.460156 0.959961 0.460547 0.960449 0.460547 0.961426 0.460938 0.961914 0.460938 0.962891 0.461328 0.963379 0.461328 0.963867 0.461719 0.964355 0.461719 0.964844 0.462109 0.965332 0.462109 0.966309 0.4625 0.966797 0.4625 0.967285 0.463672 0.96875 0.463672 0.969238 0.464844 0.970703 0.465234 0.970703 0.465625 0.971191 0.467187 0.971191 0.468359 0.969727 0.468359 0.966797 0.467969 0.966309 0.467969 0.96582 0.467578 0.965332 0.467578 0.964844 0.467187 0.964355 0.467187 0.963867 0.466797 0.963379 0.466797 0.962402 0.466406 0.961914 0.466406 0.960938 0.466016 0.960449 0.466016 0.959473 0.465625 0.958984 0.465625 0.95752 0.465234 0.957031 0.465234 0.955566 0.464844 0.955078 0.464844 0.95459 0.464453 0.954102 0.464453 0.952637 0.464062 0.952148 0.464062 0.951172 0.463672 0.950684 0.463672 0.947754 0.463281 0.947266 0.463281 0.938965 0.462891 0.938477 0.462891 0.936035 0.4625 0.935547 0.4625 0.934082 0.462109 0.933594 0.462109 0.931641 0.461719 0.931152 0.461719 0.930176 0.461328 0.929688 0.461328 0.928711 0.460938 0.928223 0.460938 0.927246 0.460547 0.926758 0.460547 0.925293 0.458984 0.92334 0.458594 0.92334 0.458203 0.922852
1 0.458984 0.941406 0.458594 0.941895 0.451562 0.941895 0.450391 0.943359 0.450391 0.946777 0.453125 0.950195 0.453516 0.950195 0.454297 0.951172 0.454688 0.951172 0.455469 0.952148 0.455859 0.952148 0.457031 0.953613 0.457422 0.953613 0.458203 0.95459 0.458594 0.95459 0.458984 0.955078 0.459375 0.955078 0.459766 0.955566 0.460156 0.955566 0.460547 0.956055 0.460938 0.956055 0.461328 0.956543 0.461719 0.956543 0.462109 0.957031 0.4625 0.957031 0.462891 0.95752 0.464453 0.95752 0.464844 0.958008 0.473438 0.958008 0.473828 0.958496 0.476562 0.958496 0.476953 0.958984 0.478516 0.958984 0.478906 0.959473 0.479687 0.959473 0.480078 0.959961 0.483203 0.959961 0.484375 0.958496 0.484375 0.956543 0.482812 0.95459 0.482422 0.95459 0.480469 0.952148 0.480078 0.952148 0.477734 0.949219 0.477734 0.948242 0.475781 0.945801 0.475781 0.945312 0.474609 0.943848 0.474219 0.943848 0.473828 0.943359 0.473047 0.943359 0.472656 0.942871 0.472266 0.942871 0.471875 0.942383 0.470703 0.942383 0.470313 0.941895 0.469141 0.941895 0.46875 0.941406
2 0.430469 0.222168 0.429297 0.223633 0.429297 0.236816 0.429688 0.237305 0.429688 0.23877 0.430078 0.239258 0.430078 0.241211 0.43125 0.242676 0.43125 0.243164 0.433203 0.245605 0.433594 0.245605 0.434375 0.246582 0.436719 0.246582 0.437891 0.245117 0.437891 0.242188 0.4375 0.241699 0.4375 0.241211 0.437109 0.240723 0.437109 0.239258 0.436719 0.23877 0.436719 0.237305 0.436328 0.236816 0.436328 0.234863 0.435937 0.234375 0.435937 0.224609 0.435547 0.224121 0.435547 0.223633 0.434375 0.222168
1 0.767961 0.0914844 0.773738 0.0895752 0.780363 0.0876611 0.785313 0.0889648 0.7875 0.094248 0.7875 0.094248 0.78648 0.0984961 0.780363 0.100405 0.777305 0.100405 0.773059 0.100405 0.768867 0.0999023 0.765781 0.0956543 0.765922 0.092334
1 0.790156 0.0937012 0.792383 0.0919922 0.7975 0.0910156 0.802109 0.0908691 0.805887 0.092334 0.807414 0.0929736 0.813531 0.0980713 0.817102 0.0999805 0.818969 0.10168 0.821688 0.103164 0.824234 0.104863 0.824746 0.110176 0.821516 0.113999 0.817441 0.112725 0.812512 0.109961 0.808434 0.106777 0.803676 0.104863 0.800277 0.103589 0.798238 0.102954 0.792121 0.100405 0.788895 0.0980713
1 0.917422 0 0.913164 0.00429688 0.91043 0.00703125 0.908828 0.00898437 0.907227 0.0118164 0.905898 0.0160645 0.90543 0.0194336 0.904883 0.0229492 0.905664 0.0240723 0.906836 0.0243652 0.908906 0.0248047 0.911094 0.024707 0.913633 0.0242188 0.915469 0.0231445 0.917344 0.0218262 0.919219 0.0199219 0.922578 0.0149902 0.925898 0.00991211 0.928945 0.00439453 0.931055 0
1 0.897227 0 0.895039 0.00551758 0.893477 0.00830078 0.89168 0.0123535 0.890078 0.0161621 0.889062 0.0188965 0.888008 0.022168 0.88668 0.0257324 0.885313 0.0289551 0.884414 0.0334961 0.885273 0.0368164 0.888242 0.0367188 0.891211 0.0342773 0.894102 0.0313965 0.896406 0.0282715 0.898164 0.0248535 0.900273 0.0214355 0.901758 0.0177246 0.902422 0.012793 0.903086 0.00893555 0.904434 0.0044043 0.904434 0.0044043 0.905117 0
1 0.885859 0.00654297 0.883633 0.010791 0.882008 0.0165088 0.881156 0.0192725 0.880137 0.0228809 0.879609 0.0248047 0.879063 0.0269043 0.878594 0.0291016 0.877852 0.0320801 0.877109 0.0355469 0.875586 0.0396484 0.875664 0.042627 0.877812 0.0428711 0.878789 0.0416016 0.880664 0.0395508 0.883359 0.0356934 0.885234 0.0287109 0.886992 0.0247559 0.888633 0.0199707 0.891445 0.0107422 0.890273 0.00581055 0.887969 0.00507813
1 0.88207 0.000195313 0.879883 0.0019043 0.876758 0.00585938 0.87402 0.00971191 0.87232 0.0126855 0.871813 0.0135352 0.869262 0.0165088 0.868754 0.0171484 0.866883 0.0192725 0.863125 0.0236816 0.860781 0.0266113 0.859883 0.0294434 0.860234 0.0321289 0.862344 0.0331055 0.867734 0.0305273 0.871301 0.0260693 0.874687 0.0220215 0.878164 0.0177734 0.881328 0.0130371 0.883555 0.00917969 0.885391 0.00239258 0.884297 0.000683594
1 0.865863 0.00716797 0.859746 0.00759277 0.85652 0.00822754 0.851992 0.0104492 0.849883 0.0122559 0.849023 0.0134766 0.846953 0.0168457 0.844609 0.0225586 0.843711 0.0249512 0.844766 0.0275879 0.847344 0.0289063 0.850938 0.0282227 0.857027 0.0247949 0.858559 0.0235205 0.861785 0.0199072 0.864336 0.0154492 0.865863 0.0114111 0.867223 0.00759277
1 0.858559 0.0141748 0.860859 0.0112793 0.862695 0.00908203 0.865664 0.0065918 0.868359 0.00546875 0.869727 0.00576172 0.87082 0.00756836 0.871445 0.0111816 0.869453 0.0166504 0.865664 0.0228516 0.860234 0.0291992 0.854609 0.0344238 0.851094 0.0364746 0.849102 0.0344727 0.850039 0.0313965 0.85448 0.0230957 0.85618 0.017998 0.857199 0.015874
