2 0.141016 0.251465 0.139453 0.248535 0.134375 0.246582 0.109766 0.245605 0.101953 0.246582 0.090625 0.251465 0.0675781 0.254883 0.0546875 0.258789 0.0386719 0.26709 0.00507813 0.29541 0 0.30127 0 0.315918 0.00703125 0.31543 0.0183594 0.311035 0.0550781 0.286133 0.0820312 0.279297 0.108203 0.26709 0.136328 0.257324
2 1 0.323242 0.994922 0.325684 0.985938 0.344727 0.985156 0.351562 0.98125 0.362793 0.974219 0.375 0.973047 0.380859 0.966406 0.390137 0.964453 0.410645 0.960938 0.420898 0.946875 0.439941 0.942578 0.449219 0.933984 0.474609 0.928906 0.495117 0.920312 0.516113 0.907813 0.540039 0.887891 0.593262 0.878906 0.610352 0.878125 0.615723 0.879297 0.617188 0.888672 0.616699 0.897266 0.607422 0.917188 0.572266 0.930078 0.544434 0.943359 0.521484 0.951562 0.479004 0.962109 0.446289 0.973047 0.418945 0.976172 0.394043 0.992578 0.374512 0.994922 0.373535 0.998047 0.367188 1 0.366699
2 0.823828 0.212402 0.826562 0.231934 0.833203 0.24707 0.845313 0.260742 0.863672 0.271973 0.877344 0.277344 0.911719 0.283691 0.946094 0.285645 0.960156 0.289062 0.970313 0.293945 0.980469 0.290527 0.983594 0.28418 0.971875 0.274902 0.943359 0.263184 0.894531 0.257324 0.872656 0.253418 0.863281 0.25 0.84375 0.235352 0.826172 0.209961
2 1 0.27832 0.994141 0.278809 0.973437 0.294922 0.962891 0.297852 0.947656 0.305176 0.938672 0.304199 0.930859 0.305664 0.906641 0.314453 0.898828 0.322266 0.885547 0.352539 0.885938 0.356445 0.888672 0.357422 0.902344 0.338867 0.910156 0.33252 0.928125 0.327637 0.951172 0.328125 0.960156 0.32666 0.975391 0.318848 0.986719 0.310547 0.993359 0.302734 0.99375 0.29834 1 0.299316
2 0.807422 0.490723 0.803125 0.494141 0.801562 0.498535 0.801172 0.526855 0.797656 0.54248 0.798047 0.560059 0.803906 0.577637 0.80625 0.591797 0.804688 0.608887 0.800781 0.631836 0.798438 0.638184 0.785937 0.649902 0.785937 0.653809 0.788672 0.655273 0.800391 0.653809 0.808594 0.648438 0.815234 0.63623 0.81875 0.621582 0.817969 0.599121 0.819531 0.590332 0.819141 0.583008 0.810547 0.554688 0.810547 0.543945 0.813672 0.526367 0.813672 0.510742 0.811328 0.494629
2 0.689844 0.782715 0.682031 0.78125 0.660156 0.787598 0.589063 0.800293 0.543359 0.797852 0.514062 0.790527 0.504297 0.790527 0.497656 0.793945 0.482812 0.806641 0.480469 0.815918 0.481641 0.817871 0.483594 0.817871 0.495703 0.809082 0.501953 0.806641 0.533594 0.811035 0.559766 0.819824 0.572266 0.819824 0.604297 0.815918 0.641406 0.807617 0.677734 0.795898 0.684766 0.791992 0.688281 0.787598
2 0.596094 0.254395 0.594531 0.263672 0.598047 0.268555 0.613281 0.273438 0.647656 0.298828 0.654687 0.30127 0.660547 0.305664 0.669922 0.308594 0.689453 0.325195 0.704688 0.332959 0.712617 0.335156 0.725938 0.338574 0.743242 0.34375 0.742969 0.336328 0.736055 0.327344 0.728203 0.322021 0.720977 0.31499 0.707422 0.311035 0.707031 0.309082 0.694922 0.302246 0.678125 0.281738 0.666016 0.275391 0.664453 0.272461 0.657813 0.268555 0.65625 0.26416 0.633203 0.250977 0.620703 0.24707 0.602344 0.247559 0.598437 0.25
1 0.625781 0.286621 0.626563 0.291504 0.625391 0.29541 0.633984 0.312012 0.637109 0.313965 0.645703 0.325684 0.653125 0.331543 0.659375 0.340332 0.669922 0.349609 0.678906 0.35498 0.684766 0.361816 0.694531 0.369141 0.708984 0.376465 0.719531 0.379395 0.724609 0.379395 0.728125 0.381348 0.732031 0.379883 0.744922 0.380371 0.759766 0.373047 0.789844 0.339355 0.794531 0.331055 0.785547 0.32959 0.774219 0.33252 0.764453 0.338379 0.748828 0.351562 0.736719 0.352051 0.726953 0.347168 0.721484 0.340332 0.715234 0.342285 0.708594 0.339355 0.705469 0.339844 0.701953 0.337402 0.689063 0.337402 0.680078 0.332031 0.678125 0.328613 0.675 0.327637 0.670703 0.321777 0.666016 0.320312 0.661719 0.313965 0.657813 0.312988 0.653516 0.307129 0.648047 0.303711 0.642578 0.297852 0.642188 0.294922 0.639062 0.291016 0.634766 0.290527 0.628125 0.285645
2 0.635547 0.405273 0.633594 0.405273 0.631641 0.407715 0.621875 0.460938 0.619922 0.490723 0.623437 0.498047 0.622266 0.500488 0.622656 0.514648 0.620703 0.522461 0.614062 0.530762 0.607422 0.533203 0.602734 0.533203 0.591797 0.529297 0.580469 0.529785 0.576562 0.532715 0.579688 0.537109 0.5875 0.538574 0.599609 0.54541 0.617969 0.545898 0.622266 0.544434 0.63125 0.537598 0.638281 0.526855 0.641016 0.51709 0.641797 0.506836 0.6375 0.476074 0.636719 0.435059 0.638281 0.410645
2 0.501563 0.146484 0.498437 0.145996 0.494141 0.148438 0.490234 0.154297 0.485547 0.156738 0.475781 0.168457 0.462891 0.179199 0.446875 0.196777 0.414062 0.250977 0.408984 0.266113 0.411328 0.294922 0.408203 0.301758 0.407422 0.32666 0.408984 0.327148 0.408984 0.321777 0.4125 0.31543 0.413672 0.300781 0.412891 0.293945 0.415625 0.290039 0.417969 0.280273 0.4375 0.244629 0.460547 0.211914 0.481641 0.187012 0.490234 0.179199 0.5 0.166016 0.501172 0.163086 0.500391 0.151367
2 0.517188 0.00585938 0.516797 0.00976562 0.530469 0.0273438 0.538281 0.0493164 0.541016 0.0610352 0.540625 0.0976562 0.546484 0.13623 0.544922 0.151367 0.546484 0.160156 0.549609 0.163574 0.555859 0.160156 0.558984 0.152832 0.559375 0.10791 0.562891 0.0839844 0.562891 0.0634766 0.553516 0.0356445 0.544531 0.0180664 0.535937 0.0102539 0.522656 0.00585938
2 0.577344 0 0.576562 0.0078125 0.582812 0.0371094 0.587109 0.0473633 0.6 0.0639648 0.607422 0.0766602 0.613281 0.0913086 0.613281 0.0996094 0.611328 0.102539 0.610938 0.108398 0.611719 0.110352 0.615234 0.109863 0.622656 0.104004 0.625 0.0996094 0.625781 0.0849609 0.623828 0.0722656 0.608203 0.0371094 0.6 0.00537109 0.596875 0
2 1 0.763672 0.99375 0.765625 0.978516 0.774414 0.960156 0.788086 0.94375 0.797363 0.922266 0.805664 0.903516 0.816895 0.886328 0.822266 0.885156 0.826172 0.892578 0.832031 0.900781 0.832031 0.959766 0.812012 0.970703 0.804688 1 0.789551
1 0.361719 0.495117 0.356641 0.505859 0.35625 0.513672 0.361328 0.524414 0.376563 0.541992 0.398828 0.592285 0.406641 0.619629 0.411328 0.657715 0.416406 0.674316 0.419141 0.677734 0.421094 0.677734 0.423438 0.674316 0.421875 0.64209 0.424609 0.621094 0.424609 0.593262 0.423438 0.57959 0.4125 0.539551 0.403906 0.522949 0.394141 0.513672 0.369141 0.500977 0.364844 0.494629
1 0.741055 0.18125 0.76625 0.245215 0.696875 0.168408 0.670703 0.163574 0.635938 0.158203 0.599844 0.172217 0.527422 0.166162 0.588906 0.14834 0.622227 0.143359 0.649219 0.140625 0.666797 0.137695 0.68125 0.138184 0.694531 0.141602 0.722266 0.155811
1 0.302734 0.166016 0.294922 0.167969 0.29375 0.169922 0.292187 0.186035 0.295312 0.200684 0.294141 0.215332 0.290234 0.224609 0.290625 0.228516 0.284766 0.244629 0.280469 0.249512 0.274219 0.26416 0.271484 0.276367 0.271094 0.299316 0.274219 0.30957 0.275391 0.319336 0.269531 0.330566 0.255469 0.346191 0.249609 0.359375 0.243359 0.368652 0.242578 0.372559 0.24375 0.374512 0.248438 0.375 0.255859 0.370605 0.287109 0.336914 0.295703 0.322754 0.3 0.299805 0.298828 0.263184 0.307812 0.249023 0.312109 0.234375 0.311719 0.196777
1 0.595898 0.176172 0.618359 0.175293 0.627344 0.174707 0.636328 0.184082 0.654687 0.20459 0.666406 0.220703 0.678125 0.246094 0.685547 0.272461 0.686719 0.291992 0.684766 0.291992 0.680078 0.28418 0.673828 0.279297 0.662109 0.263672 0.655078 0.256836 0.637891 0.231445 0.625938 0.219922 0.610313 0.205225 0.583555 0.24585
1 0.462891 0.0332031 0.458984 0.0429688 0.459766 0.0527344 0.462891 0.0639648 0.479297 0.0810547 0.493359 0.104004 0.516016 0.132324 0.521875 0.142578 0.526172 0.144043 0.536719 0.135742 0.539453 0.131348 0.538672 0.12207 0.521484 0.0869141 0.511328 0.0712891 0.49375 0.0478516 0.479297 0.0327148 0.474609 0.0292969 0.470703 0.0288086
1 0.289062 0.120117 0.287891 0.121582 0.287891 0.122559 0.2875 0.123047 0.287109 0.123047 0.285938 0.124512 0.285938 0.125977 0.285156 0.126953 0.285156 0.129395 0.284766 0.129883 0.284766 0.137207 0.284375 0.137695 0.284375 0.13916 0.283594 0.140137 0.283594 0.141602 0.282813 0.142578 0.282031 0.142578 0.280078 0.14502 0.280078 0.145508 0.278516 0.147461 0.278516 0.148926 0.278125 0.149414 0.278125 0.152832 0.278906 0.153809 0.278906 0.154785 0.278516 0.155273 0.278516 0.157715 0.278125 0.158203 0.278125 0.15918 0.277734 0.159668 0.277734 0.161133 0.277344 0.161621 0.277344 0.162598 0.276953 0.163086 0.276953 0.164062 0.275391 0.166016 0.275 0.166016 0.274219 0.166992 0.274219 0.16748 0.273047 0.168945 0.273047 0.169922 0.271875 0.171387 0.271875 0.172363 0.269922 0.174805 0.269531 0.174805 0.269141 0.175293 0.267578 0.175293 0.267188 0.175781 0.266797 0.175781 0.265625 0.177246 0.265625 0.177734 0.265234 0.178223 0.265234 0.178711 0.264453 0.179688 0.264453 0.180176 0.263672 0.181152 0.263672 0.181641 0.263281 0.182129 0.263281 0.182617 0.262891 0.183105 0.262891 0.183594 0.2625 0.184082 0.2625 0.18457 0.261719 0.185547 0.261719 0.186035 0.261328 0.186523 0.261328 0.188477 0.260156 0.189941 0.260156 0.190918 0.259766 0.191406 0.259766 0.191895 0.259375 0.192383 0.259375 0.193359 0.258203 0.194824 0.258203 0.195801 0.257812 0.196289 0.257812 0.196777 0.257422 0.197266 0.257422 0.198242 0.256641 0.199219 0.256641 0.199707 0.25625 0.200195 0.25625 0.200684 0.255859 0.201172 0.255859 0.20166 0.255469 0.202148 0.255469 0.202637 0.254688 0.203613 0.254688 0.20459 0.254297 0.205078 0.254297 0.205566 0.253906 0.206055 0.253516 0.206055 0.253516 0.206543 0.253125 0.207031 0.253125 0.20752 0.252734 0.208008 0.252734 0.208496 0.251953 0.209473 0.251953 0.209961 0.251563 0.210449 0.251563 0.211426 0.251172 0.211914 0.251172 0.212402 0.249609 0.214355 0.249609 0.214844 0.249219 0.215332 0.249219 0.216309 0.248828 0.216797 0.248828 0.217773 0.248438 0.218262 0.248438 0.21875 0.246875 0.220703 0.246875 0.221191 0.246484 0.22168 0.246484 0.222168 0.246094 0.222656 0.246094 0.223145 0.244922 0.224609 0.244922 0.226074 0.244531 0.226562 0.244531 0.228027 0.244141 0.228516 0.244141 0.229004 0.24375 0.229492 0.24375 0.230469 0.243359 0.230957 0.243359 0.231445 0.242969 0.231934 0.242969 0.233887 0.241797 0.235352 0.241797 0.23584 0.241406 0.236328 0.241406 0.236816 0.241016 0.237305 0.241016 0.237793 0.240625 0.238281 0.240625 0.23877 0.240234 0.239258 0.240234 0.239746 0.239063 0.241211 0.239063 0.243164 0.240625 0.245117 0.240234 0.245605 0.239844 0.245605 0.238672 0.24707 0.238672 0.247559 0.238281 0.248047 0.238281 0.25 0.237891 0.250488 0.237891 0.250977 0.2375 0.251465 0.2375 0.251953 0.237109 0.252441 0.237109 0.25293 0.236719 0.253418 0.236719 0.253906 0.236328 0.254395 0.236328 0.256836 0.235547 0.257812 0.235547 0.258301 0.235156 0.258789 0.235156 0.259277 0.234766 0.259766 0.234766 0.260254 0.233984 0.26123 0.233984 0.261719 0.233594 0.262207 0.233594 0.263184 0.232422 0.264648 0.232422 0.265137 0.23125 0.266602 0.23125 0.269043 0.230469 0.27002 0.230469 0.271484 0.230078 0.271973 0.230078 0.272461 0.228516 0.274414 0.228516 0.276367 0.227344 0.277832 0.227344 0.27832 0.226172 0.279785 0.226172 0.280273 0.225781 0.280762 0.225781 0.28125 0.225391 0.281738 0.225391 0.282715 0.225 0.283203 0.225 0.285645 0.224609 0.286133 0.224609 0.288086 0.223438 0.289551 0.223438 0.290039 0.223047 0.290527 0.223047 0.291016 0.222656 0.291504 0.222656 0.29248 0.222266 0.292969 0.222656 0.293457 0.222266 0.293945 0.222266 0.296387 0.221094 0.297852 0.221094 0.29834 0.220703 0.298828 0.220703 0.299316 0.219922 0.300293 0.219922 0.302246 0.219531 0.302734 0.219531 0.303711 0.219141 0.304199 0.219141 0.304688 0.21875 0.305176 0.21875 0.305664 0.218359 0.306152 0.218359 0.306641 0.217969 0.307129 0.217969 0.307617 0.216797 0.309082 0.216797 0.310059 0.216406 0.310547 0.216406 0.311035 0.216016 0.311523 0.216016 0.313477 0.215234 0.314453 0.215234 0.315918 0.214844 0.316406 0.214844 0.317383 0.214453 0.317871 0.214453 0.319336 0.212891 0.321289 0.212891 0.322266 0.2125 0.322754 0.2125 0.325195 0.211719 0.326172 0.211719 0.32666 0.211328 0.327148 0.211328 0.327637 0.210938 0.328125 0.210938 0.329102 0.210547 0.32959 0.210547 0.330078 0.210156 0.330566 0.210156 0.331055 0.209766 0.331543 0.209766 0.33252 0.209375 0.333008 0.209375 0.333496 0.208984 0.333984 0.208984 0.334961 0.207813 0.336426 0.207813 0.337891 0.207031 0.338867 0.207031 0.341797 0.20625 0.342773 0.20625 0.34375 0.205859 0.344238 0.205859 0.344727 0.205469 0.345215 0.205469 0.34668 0.205078 0.347168 0.205078 0.349121 0.204687 0.349609 0.204687 0.350098 0.204297 0.350586 0.204297 0.351562 0.203906 0.352051 0.204297 0.352539 0.203906 0.353027 0.203906 0.354004 0.203516 0.354492 0.203516 0.357422 0.202734 0.358398 0.202734 0.366211 0.203516 0.367188 0.203516 0.369629 0.203906 0.370117 0.203906 0.373047 0.204297 0.373535 0.204297 0.374023 0.204687 0.374512 0.204687 0.375 0.205078 0.375488 0.205078 0.376953 0.206641 0.378906 0.206641 0.379395 0.207422 0.380371 0.207422 0.380859 0.208594 0.382324 0.210156 0.382324 0.211328 0.380859 0.211328 0.380371 0.211719 0.379883 0.211719 0.378906 0.212891 0.377441 0.212891 0.375977 0.214453 0.374023 0.214453 0.37207 0.216016 0.370117 0.216016 0.368652 0.216406 0.368164 0.216406 0.367188 0.217188 0.366211 0.217188 0.365723 0.218359 0.364258 0.218359 0.362305 0.219141 0.361328 0.219141 0.36084 0.219922 0.359863 0.219922 0.35791 0.220312 0.357422 0.220312 0.356445 0.220703 0.355957 0.220703 0.355469 0.221094 0.35498 0.221094 0.354004 0.221484 0.353516 0.221484 0.353027 0.222266 0.352051 0.222266 0.350586 0.223828 0.348633 0.223828 0.347168 0.224219 0.34668 0.224219 0.346191 0.224609 0.345703 0.224609 0.344727 0.225 0.344238 0.225 0.34375 0.225781 0.342773 0.225781 0.342285 0.226562 0.341309 0.226562 0.339844 0.227734 0.338379 0.227734 0.337891 0.229297 0.335938 0.229297 0.334961 0.23125 0.33252 0.23125 0.332031 0.232031 0.331055 0.232031 0.330566 0.234766 0.327148 0.234766 0.326172 0.235156 0.325684 0.235547 0.325684 0.236719 0.324219 0.236719 0.322754 0.237109 0.322266 0.237109 0.321777 0.2375 0.321289 0.2375 0.320801 0.239063 0.318848 0.239063 0.317871 0.239453 0.317383 0.239453 0.31543 0.240234 0.314453 0.240234 0.313477 0.242188 0.311035 0.242188 0.30957 0.244531 0.306641 0.244531 0.305664 0.245312 0.304688 0.245312 0.304199 0.246875 0.302246 0.246875 0.30127 0.247656 0.300293 0.247656 0.299805 0.250391 0.296387 0.250391 0.294922 0.253125 0.291504 0.253125 0.290039 0.253516 0.289551 0.253516 0.289062 0.253906 0.288574 0.253906 0.287598 0.255859 0.285156 0.255859 0.28418 0.257031 0.282715 0.257031 0.280762 0.257812 0.279785 0.257812 0.27832 0.258203 0.277832 0.258203 0.277344 0.258984 0.276367 0.258984 0.275879 0.260547 0.273926 0.260547 0.272949 0.261328 0.271973 0.261328 0.270508 0.261719 0.27002 0.261719 0.269531 0.2625 0.268555 0.2625 0.267578 0.262891 0.26709 0.262891 0.266602 0.264062 0.265137 0.264062 0.264648 0.265234 0.263184 0.265234 0.260254 0.267578 0.257324 0.267578 0.256836 0.267969 0.256348 0.267969 0.254883 0.26875 0.253906 0.26875 0.25293 0.269141 0.252441 0.269141 0.251465 0.269531 0.250977 0.269531 0.25 0.270313 0.249023 0.270313 0.248047 0.270703 0.247559 0.270703 0.246582 0.271484 0.245605 0.271484 0.244629 0.272656 0.243164 0.272656 0.240723 0.273047 0.240234 0.273047 0.239258 0.273828 0.238281 0.273828 0.237305 0.274609 0.236328 0.274609 0.23584 0.275391 0.234863 0.275391 0.233398 0.275781 0.23291 0.275781 0.231934 0.276172 0.231445 0.276172 0.228027 0.276562 0.227539 0.276562 0.225098 0.276953 0.224609 0.276953 0.222168 0.276562 0.22168 0.276562 0.218262 0.276953 0.217773 0.276953 0.212891 0.277344 0.212402 0.277344 0.211914 0.278125 0.210938 0.278125 0.20752 0.278516 0.207031 0.278516 0.204102 0.278906 0.203613 0.278906 0.197754 0.279297 0.197266 0.279297 0.195801 0.279687 0.195312 0.279687 0.194336 0.280469 0.193359 0.280469 0.192383 0.280859 0.191895 0.280859 0.189453 0.28125 0.188965 0.28125 0.188477 0.281641 0.187988 0.281641 0.183594 0.283594 0.181152 0.283594 0.179199 0.284375 0.178223 0.284375 0.176758 0.285156 0.175781 0.285156 0.174316 0.286328 0.172852 0.286328 0.171875 0.286719 0.171387 0.286719 0.170898 0.288281 0.168945 0.288281 0.167969 0.288672 0.16748 0.288672 0.166992 0.289062 0.166504 0.289062 0.165527 0.289844 0.164551 0.289844 0.164062 0.291016 0.162598 0.291016 0.160156 0.291406 0.159668 0.291406 0.158203 0.291797 0.157715 0.291797 0.15625 0.292187 0.155762 0.292187 0.153809 0.292578 0.15332 0.292578 0.152832 0.29375 0.151367 0.29375 0.148926 0.294141 0.148438 0.294141 0.143555 0.294531 0.143066 0.294531 0.142578 0.294922 0.14209 0.294922 0.141113 0.295312 0.140625 0.295312 0.125488 0.294922 0.125 0.294922 0.12207 0.294531 0.121582 0.294531 0.121094 0.294141 0.120605 0.293359 0.120605 0.292969 0.120117
1 0.286719 0.408203 0.282422 0.408203 0.279297 0.412109 0.258203 0.423828 0.25625 0.426758 0.235547 0.44043 0.213281 0.462402 0.196094 0.486816 0.189453 0.502441 0.180859 0.533691 0.18168 0.544971 0.194023 0.553369 0.203906 0.552246 0.20625 0.542969 0.210547 0.533691 0.213281 0.526367 0.217578 0.509766 0.220703 0.506348 0.230469 0.480469 0.251172 0.454102 0.263281 0.443848 0.279687 0.423828 0.280078 0.420898 0.286719 0.412598
1 0.366406 0.0795898 0.362109 0.078125 0.344531 0.078125 0.323828 0.0678711 0.308594 0.0634766 0.273047 0.0615234 0.253125 0.0654297 0.229297 0.081543 0.2125 0.0878906 0.205859 0.0927734 0.196875 0.106934 0.194922 0.112793 0.189062 0.119629 0.184375 0.138672 0.182031 0.141602 0.179297 0.150391 0.179297 0.153809 0.182422 0.157715 0.190234 0.152344 0.201172 0.138184 0.202734 0.132812 0.20625 0.128418 0.219141 0.117188 0.228906 0.112305 0.241406 0.109863 0.265625 0.0976562 0.279297 0.0966797 0.291016 0.0898438 0.306641 0.0844727 0.316797 0.0849609 0.341016 0.09375 0.353125 0.0942383 0.363672 0.0883789 0.367188 0.0839844
1 0 0.382812 0 0.420898 0.00117187 0.420898 0.00234375 0.421875 0.00625 0.427246 0.009375 0.430176 0.015625 0.434082 0.0167969 0.435547 0.0195312 0.437012 0.0238281 0.440918 0.0285156 0.443848 0.0328125 0.44873 0.0359375 0.450684 0.0398437 0.455078 0.0425781 0.456543 0.04375 0.456543 0.0476562 0.458984 0.0515625 0.459961 0.0519531 0.460449 0.0542969 0.460449 0.0546875 0.460938 0.0632812 0.460938 0.0636719 0.460449 0.0664062 0.459961 0.06875 0.458496 0.071875 0.455566 0.0728906 0.452637 0.0725391 0.447461 0.0717578 0.443359 0.0698438 0.439941 0.0675781 0.438965 0.065625 0.438477 0.0597656 0.438477 0.0542969 0.436035 0.0492187 0.429199 0.0472656 0.424316 0.0464844 0.420898 0.0402344 0.409668 0.0394531 0.407227 0.0367188 0.403809 0.0351562 0.400879 0.0289063 0.393066 0.0203125 0.389648 0.0183594 0.388184 0.0160156 0.387207 0.0140625 0.385254 0.0109375 0.383789 0.00820313 0.383301 0.00664062 0.382324
1 0.0601563 0.379883 0.059375 0.380859 0.059375 0.382812 0.0589844 0.383301 0.0589844 0.388672 0.059375 0.38916 0.059375 0.391113 0.0597656 0.391602 0.0605469 0.396973 0.0617188 0.399414 0.0625 0.404297 0.0648438 0.40918 0.0652344 0.412109 0.0667969 0.415527 0.0675781 0.42041 0.06875 0.423828 0.0691406 0.428223 0.0703125 0.432129 0.0703125 0.435547 0.0707031 0.436035 0.0707031 0.438965 0.0710937 0.439453 0.0710937 0.444824 0.0714844 0.445312 0.0714844 0.454102 0.071875 0.45459 0.0714844 0.459473 0.0730469 0.462402 0.0734375 0.463867 0.0734375 0.467285 0.075 0.470703 0.075 0.472168 0.0761719 0.476074 0.0761719 0.478516 0.0777344 0.482422 0.0777344 0.487305 0.0785156 0.488281 0.0792969 0.491211 0.08125 0.493652 0.0824219 0.49707 0.0835937 0.499023 0.0839844 0.501953 0.0863281 0.505859 0.0867187 0.507324 0.0902344 0.511719 0.0914062 0.512207 0.0945312 0.51709 0.0960938 0.518066 0.102734 0.524902 0.108594 0.52832 0.110937 0.530762 0.123047 0.538086 0.127734 0.541992 0.130469 0.54248 0.135937 0.544922 0.1375 0.544922 0.139844 0.545898 0.142578 0.545898 0.142969 0.546387 0.144531 0.546387 0.144922 0.546875 0.146484 0.546875 0.146875 0.547363 0.148438 0.547363 0.148828 0.547852 0.151953 0.54834 0.152344 0.548828 0.154297 0.548828 0.154688 0.549316 0.158594 0.549316 0.158984 0.549805 0.171094 0.549805 0.171484 0.549316 0.173047 0.549316 0.174219 0.54834 0.176172 0.54834 0.176953 0.547852 0.178125 0.545898 0.178125 0.544922 0.180859 0.537598 0.180859 0.536133 0.180078 0.533203 0.176563 0.531738 0.170313 0.53125 0.169922 0.530762 0.166406 0.530273 0.161719 0.527344 0.160156 0.526855 0.159375 0.525879 0.155078 0.523438 0.153125 0.521484 0.148828 0.519043 0.146875 0.51709 0.144922 0.516113 0.14375 0.514648 0.140625 0.512207 0.138281 0.509277 0.134766 0.506836 0.130859 0.501465 0.129297 0.500977 0.127344 0.499512 0.125391 0.49707 0.124219 0.494141 0.122656 0.492188 0.121094 0.491211 0.117969 0.487305 0.117188 0.485352 0.110156 0.476074 0.103906 0.465332 0.1 0.456543 0.0976562 0.453125 0.0964844 0.449707 0.09375 0.444824 0.0929688 0.441895 0.0890625 0.435059 0.0839844 0.421875 0.0816406 0.417969 0.0769531 0.406738 0.0746094 0.40332 0.0730469 0.398926 0.0707031 0.39502 0.0691406 0.390625 0.065625 0.385742 0.0652344 0.384277 0.0640625 0.382812 0.0636719 0.382812 0.0613281 0.379883
1 0.342578 0.439453 0.338281 0.434082 0.333594 0.437012 0.330078 0.441406 0.328516 0.447754 0.320312 0.460938 0.311328 0.469727 0.305078 0.470215 0.284375 0.47998 0.275 0.481445 0.255859 0.489258 0.238672 0.493652 0.228125 0.5 0.224219 0.509277 0.222656 0.516602 0.223047 0.522461 0.232422 0.523438 0.248828 0.520996 0.282813 0.522949 0.305859 0.51416 0.317969 0.501953 0.319844 0.498633 0.321875 0.496582 0.330859 0.48291 0.335547 0.470703 0.339453 0.466797 0.343359 0.45166
1 0.363672 0.0634766 0.363281 0.0639648 0.359375 0.0639648 0.358984 0.0644531 0.358203 0.0644531 0.357031 0.065918 0.357031 0.0698242 0.358203 0.0712891 0.358594 0.0712891 0.359375 0.0722656 0.359766 0.0722656 0.360156 0.0727539 0.360547 0.0727539 0.361328 0.0737305 0.361719 0.0737305 0.362109 0.0742188 0.362891 0.0742188 0.363281 0.074707 0.364063 0.074707 0.364453 0.0751953 0.364844 0.0751953 0.365234 0.0756836 0.366016 0.0756836 0.366797 0.0766602 0.368359 0.0766602 0.369922 0.0786133 0.370703 0.0786133 0.371875 0.0800781 0.372656 0.0800781 0.374609 0.0825195 0.375 0.0825195 0.375391 0.0830078 0.375781 0.0830078 0.376172 0.0834961 0.376563 0.0834961 0.376953 0.0839844 0.378125 0.0839844 0.379297 0.0854492 0.380078 0.0854492 0.380859 0.0864258 0.38125 0.0864258 0.381641 0.0869141 0.382031 0.0869141 0.382422 0.0874023 0.382812 0.0874023 0.383594 0.0883789 0.383984 0.0883789 0.384766 0.0893555 0.385547 0.0893555 0.386719 0.0908203 0.387891 0.0908203 0.388281 0.0913086 0.389453 0.0913086 0.390234 0.0922852 0.390625 0.0922852 0.392188 0.0942383 0.392969 0.0942383 0.39375 0.0952148 0.394141 0.0952148 0.394531 0.0957031 0.394531 0.0961914 0.395703 0.0976562 0.396094 0.0976562 0.396875 0.0986328 0.397266 0.0986328 0.397656 0.0991211 0.398047 0.0991211 0.398438 0.0996094 0.399609 0.0996094 0.400391 0.100586 0.400781 0.100586 0.403516 0.104004 0.403906 0.104004 0.405078 0.105469 0.405078 0.106934 0.40625 0.108398 0.407422 0.108398 0.407813 0.108887 0.407813 0.109375 0.410156 0.112305 0.410938 0.112305 0.412109 0.11377 0.412891 0.11377 0.414453 0.115723 0.416406 0.115723 0.416797 0.116211 0.417578 0.116211 0.418359 0.117188 0.418359 0.117676 0.419531 0.119141 0.421094 0.119141 0.422266 0.120605 0.423828 0.120605 0.424219 0.121094 0.424609 0.121094 0.425 0.121582 0.425781 0.121582 0.426172 0.12207 0.426172 0.122559 0.427344 0.124023 0.429688 0.124023 0.430078 0.124512 0.430469 0.124512 0.430859 0.125 0.43125 0.125 0.432812 0.126953 0.433203 0.126953 0.434766 0.128906 0.435156 0.128906 0.435547 0.129395 0.435547 0.129883 0.4375 0.132324 0.438281 0.132324 0.440625 0.135254 0.441406 0.135254 0.442188 0.13623 0.442578 0.13623 0.443359 0.137207 0.44375 0.137207 0.444141 0.137695 0.444531 0.137695 0.446094 0.139648 0.446484 0.139648 0.447266 0.140625 0.447656 0.140625 0.448828 0.14209 0.449219 0.14209 0.45 0.143066 0.450781 0.143066 0.451172 0.143555 0.451562 0.143555 0.453125 0.145508 0.455078 0.145508 0.455469 0.145996 0.45625 0.145996 0.457813 0.147949 0.458984 0.147949 0.459375 0.148438 0.462109 0.148438 0.4625 0.148926 0.462891 0.148926 0.464062 0.150391 0.465625 0.150391 0.466406 0.151367 0.468359 0.151367 0.46875 0.151855 0.46875 0.152344 0.469922 0.153809 0.470703 0.153809 0.471094 0.154297 0.471875 0.154297 0.472266 0.154785 0.472656 0.154785 0.473047 0.155273 0.474219 0.155273 0.475 0.15625 0.476172 0.15625 0.476562 0.156738 0.478906 0.156738 0.480469 0.158691 0.482422 0.158691 0.483203 0.159668 0.484766 0.159668 0.485156 0.160156 0.486719 0.160156 0.487109 0.160645 0.4875 0.160645 0.487891 0.161133 0.489844 0.161133 0.490234 0.161621 0.490625 0.161621 0.491016 0.162109 0.491406 0.162109 0.492188 0.163086 0.492578 0.163086 0.492969 0.163574 0.494922 0.163574 0.495312 0.164062 0.496094 0.164062 0.496484 0.164551 0.498047 0.164551 0.498437 0.165039 0.5 0.165039 0.500391 0.164551 0.502344 0.166992 0.502344 0.16748 0.502734 0.167969 0.503125 0.167969 0.505469 0.170898 0.505859 0.170898 0.50625 0.171387 0.506641 0.171387 0.507422 0.172363 0.508203 0.172363 0.508594 0.172852 0.508984 0.172852 0.509375 0.17334 0.509766 0.17334 0.510156 0.173828 0.511719 0.173828 0.512109 0.174316 0.522266 0.174316 0.523438 0.172852 0.524219 0.172852 0.524609 0.172363 0.525 0.172363 0.525781 0.171387 0.525781 0.17041 0.526953 0.168945 0.526953 0.168457 0.527734 0.16748 0.527734 0.166992 0.528516 0.166016 0.528516 0.165527 0.528906 0.165039 0.528906 0.164551 0.529297 0.164062 0.529297 0.163574 0.530078 0.162598 0.530078 0.161621 0.530859 0.160645 0.530859 0.160156 0.531641 0.15918 0.531641 0.158691 0.532422 0.157715 0.532422 0.157227 0.533984 0.155273 0.533984 0.154785 0.535156 0.15332 0.535156 0.152832 0.536328 0.151367 0.536719 0.151367 0.539453 0.147949 0.539844 0.147949 0.540625 0.146973 0.541016 0.146973 0.541797 0.145996 0.542578 0.145996 0.543359 0.14502 0.54375 0.14502 0.544531 0.144043 0.545312 0.144043 0.546484 0.142578 0.546875 0.142578 0.548828 0.140137 0.548828 0.139648 0.549219 0.13916 0.549219 0.138672 0.550391 0.137207 0.550781 0.137207 0.550781 0.136719 0.551953 0.135254 0.551953 0.134766 0.553125 0.133301 0.553125 0.131348 0.551562 0.129395 0.551562 0.128906 0.550391 0.127441 0.55 0.127441 0.548438 0.125488 0.546484 0.125488 0.544922 0.127441 0.544531 0.127441 0.540625 0.132324 0.540625 0.132812 0.532813 0.142578 0.531641 0.142578 0.53125 0.143066 0.530469 0.143066 0.529687 0.144043 0.528906 0.144043 0.528516 0.144531 0.528125 0.144531 0.527344 0.145508 0.526563 0.145508 0.526172 0.145996 0.525391 0.145996 0.525 0.146484 0.524219 0.146484 0.523828 0.146973 0.523438 0.146973 0.523047 0.147461 0.522656 0.147461 0.521875 0.148438 0.521094 0.148438 0.519141 0.150879 0.51875 0.150879 0.516797 0.15332 0.516406 0.15332 0.516016 0.153809 0.515625 0.153809 0.514844 0.154785 0.514453 0.154785 0.514062 0.155273 0.513672 0.155273 0.513281 0.155762 0.512891 0.155762 0.5125 0.15625 0.512109 0.15625 0.511719 0.156738 0.510938 0.156738 0.510547 0.157227 0.508984 0.157227 0.508594 0.156738 0.508203 0.156738 0.507812 0.15625 0.507812 0.155762 0.507422 0.155273 0.507422 0.154785 0.507031 0.154297 0.507031 0.153809 0.505469 0.151855 0.505469 0.151367 0.505078 0.150879 0.505078 0.150391 0.503906 0.148926 0.503906 0.148438 0.502344 0.146484 0.502344 0.145996 0.499219 0.14209 0.499219 0.141602 0.495312 0.136719 0.495312 0.13623 0.492578 0.132812 0.492188 0.132812 0.486719 0.125977 0.486328 0.125977 0.482422 0.121094 0.482031 0.121094 0.480859 0.119629 0.480469 0.119629 0.479687 0.118652 0.479297 0.118652 0.478125 0.117188 0.477734 0.117188 0.476562 0.115723 0.476172 0.115723 0.472656 0.111328 0.472266 0.111328 0.471484 0.110352 0.470703 0.110352 0.469922 0.109375 0.469531 0.109375 0.469141 0.108887 0.468359 0.108887 0.467187 0.107422 0.466797 0.107422 0.466406 0.106934 0.466016 0.106934 0.465625 0.106445 0.465234 0.106445 0.464844 0.105957 0.464453 0.105957 0.464062 0.105469 0.463672 0.105469 0.463281 0.10498 0.461719 0.10498 0.461328 0.104492 0.460938 0.104492 0.460547 0.104004 0.460156 0.104004 0.459766 0.103516 0.459375 0.103516 0.458984 0.103027 0.458594 0.103027 0.458203 0.102539 0.457813 0.102539 0.457422 0.102051 0.456641 0.102051 0.45625 0.101562 0.455469 0.101562 0.454688 0.100586 0.453906 0.100586 0.453516 0.100098 0.451953 0.100098 0.451562 0.0996094 0.450391 0.0996094 0.449219 0.0981445 0.447656 0.0981445 0.446875 0.097168 0.445312 0.097168 0.444531 0.0961914 0.444141 0.0961914 0.44375 0.0957031 0.443359 0.0957031 0.442969 0.0952148 0.442188 0.0952148 0.441797 0.0947266 0.441406 0.0947266 0.441016 0.0942383 0.440234 0.0942383 0.439844 0.09375 0.439453 0.09375 0.439063 0.0932617 0.438281 0.0932617 0.4375 0.0922852 0.436719 0.0922852 0.436328 0.0917969 0.435937 0.0917969 0.435156 0.0908203 0.434766 0.0908203 0.434375 0.090332 0.433594 0.090332 0.433203 0.0898438 0.432812 0.0898438 0.432422 0.0893555 0.431641 0.0893555 0.43125 0.0888672 0.430078 0.0888672 0.429688 0.0883789 0.428906 0.0883789 0.428516 0.0878906 0.426953 0.0878906 0.426563 0.0874023 0.423828 0.0874023 0.423047 0.0864258 0.421484 0.0864258 0.421094 0.0859375 0.420312 0.0859375 0.419922 0.0854492 0.41875 0.0854492 0.417969 0.0844727 0.417578 0.0844727 0.417187 0.0839844 0.416406 0.0839844 0.416016 0.0834961 0.414062 0.0834961 0.413672 0.0830078 0.412891 0.0830078 0.4125 0.0825195 0.412109 0.0825195 0.411328 0.081543 0.410938 0.081543 0.410547 0.0810547 0.409766 0.0810547 0.409375 0.0805664 0.408984 0.0805664 0.408594 0.0800781 0.408203 0.0800781 0.40625 0.0776367 0.405078 0.0776367 0.404687 0.0771484 0.403906 0.0771484 0.403125 0.0761719 0.401953 0.0761719 0.401562 0.0756836 0.400391 0.0756836 0.4 0.0751953 0.397656 0.0751953 0.397266 0.074707 0.396875 0.074707 0.396484 0.0742188 0.392188 0.0742188 0.391797 0.0737305 0.391016 0.0737305 0.390234 0.0727539 0.389453 0.0727539 0.388672 0.0717773 0.388281 0.0717773 0.387891 0.0712891 0.387109 0.0712891 0.386328 0.0703125 0.385937 0.0703125 0.385547 0.0698242 0.385156 0.0698242 0.384766 0.0693359 0.382812 0.0693359 0.382422 0.0688477 0.381641 0.0688477 0.38125 0.0683594 0.378125 0.0683594 0.377344 0.0673828 0.376953 0.0673828 0.376563 0.0668945 0.376172 0.0668945 0.375781 0.0664062 0.374219 0.0664062 0.373828 0.065918 0.373047 0.065918 0.372656 0.0654297 0.371484 0.0654297 0.371094 0.0649414 0.370312 0.0649414 0.369922 0.0644531 0.367578 0.0644531 0.366797 0.0634766
1 0.255859 0.102051 0.254297 0.104004 0.254297 0.105957 0.255078 0.106934 0.255078 0.107422 0.255469 0.10791 0.255469 0.108398 0.255859 0.108887 0.255859 0.109375 0.25625 0.109863 0.25625 0.110352 0.257031 0.111328 0.257031 0.111816 0.257422 0.112305 0.257422 0.112793 0.257812 0.113281 0.257812 0.115234 0.260156 0.118164 0.260156 0.119141 0.260547 0.119629 0.260547 0.125 0.260156 0.125488 0.260156 0.126953 0.259766 0.127441 0.259766 0.129395 0.259375 0.129883 0.259375 0.132324 0.258984 0.132812 0.258984 0.133789 0.258594 0.134277 0.258594 0.135254 0.258203 0.135742 0.258203 0.136719 0.258594 0.137207 0.258984 0.137207 0.260547 0.13916 0.260547 0.139648 0.260937 0.140137 0.260937 0.140625 0.262109 0.14209 0.262109 0.142578 0.2625 0.143066 0.2625 0.146973 0.263281 0.147949 0.263281 0.150879 0.262891 0.151367 0.261328 0.151367 0.259375 0.153809 0.258594 0.153809 0.257422 0.155273 0.257422 0.155762 0.256641 0.156738 0.256641 0.157715 0.255078 0.159668 0.255078 0.160156 0.253125 0.162598 0.252344 0.162598 0.251953 0.163086 0.251563 0.163086 0.250781 0.164062 0.25 0.164062 0.249219 0.165039 0.248438 0.165039 0.246484 0.16748 0.246094 0.16748 0.244922 0.168945 0.244141 0.168945 0.24375 0.169434 0.243359 0.169434 0.238281 0.175781 0.238281 0.17627 0.235937 0.179199 0.235937 0.179688 0.234766 0.181152 0.234766 0.182129 0.233203 0.184082 0.233203 0.185059 0.232422 0.186035 0.232422 0.186523 0.230078 0.189453 0.230078 0.189941 0.228516 0.191895 0.228516 0.192383 0.223438 0.19873 0.223438 0.199219 0.221875 0.201172 0.221875 0.20166 0.219531 0.20459 0.219531 0.205078 0.218359 0.206543 0.218359 0.207031 0.216406 0.209473 0.216406 0.209961 0.215625 0.210938 0.215625 0.211426 0.215234 0.211914 0.215234 0.212402 0.214453 0.213379 0.214453 0.213867 0.213281 0.215332 0.213281 0.21582 0.2125 0.216797 0.2125 0.217285 0.212109 0.217773 0.212109 0.218262 0.211719 0.21875 0.211719 0.219238 0.211328 0.219727 0.211328 0.221191 0.210938 0.22168 0.210938 0.222656 0.210547 0.223145 0.210547 0.224609 0.209766 0.225586 0.209766 0.227051 0.209375 0.227539 0.209375 0.22998 0.208984 0.230469 0.208984 0.230957 0.208594 0.231445 0.208594 0.231934 0.208203 0.232422 0.208203 0.233398 0.207813 0.233887 0.207813 0.23584 0.207422 0.236328 0.207422 0.237793 0.207031 0.238281 0.207031 0.239258 0.206641 0.239746 0.206641 0.240723 0.20625 0.241211 0.20625 0.241699 0.205859 0.242188 0.205859 0.243164 0.205469 0.243652 0.205469 0.244141 0.205078 0.244629 0.205078 0.24707 0.204687 0.247559 0.204687 0.248047 0.203906 0.249023 0.203906 0.250977 0.203516 0.251465 0.203516 0.252441 0.202734 0.253418 0.202734 0.254395 0.201953 0.255371 0.201953 0.257324 0.201563 0.257812 0.201563 0.258789 0.201172 0.259277 0.201172 0.260254 0.200781 0.260742 0.200781 0.262695 0.200391 0.263184 0.200391 0.263672 0.2 0.26416 0.2 0.267578 0.199609 0.268066 0.199609 0.270508 0.199219 0.270996 0.199219 0.271973 0.198828 0.272461 0.198828 0.273438 0.198437 0.273926 0.198437 0.275391 0.198047 0.275879 0.198047 0.277344 0.197656 0.277832 0.197656 0.27832 0.197266 0.278809 0.197266 0.279297 0.196875 0.279785 0.196875 0.280273 0.195703 0.281738 0.195703 0.282715 0.194922 0.283691 0.194922 0.28418 0.194531 0.284668 0.194531 0.285645 0.194141 0.286133 0.194141 0.286621 0.19375 0.287109 0.19375 0.287598 0.193359 0.288086 0.193359 0.288574 0.192969 0.289062 0.192969 0.290527 0.192578 0.291016 0.192578 0.291992 0.192188 0.29248 0.192188 0.292969 0.191797 0.293457 0.191797 0.294434 0.191016 0.29541 0.191016 0.296387 0.190625 0.296875 0.190625 0.297852 0.190234 0.29834 0.190234 0.299316 0.189453 0.300293 0.189453 0.300781 0.189062 0.30127 0.189062 0.301758 0.188672 0.302246 0.188672 0.302734 0.188281 0.303223 0.188281 0.303711 0.1875 0.304688 0.1875 0.305664 0.187109 0.306152 0.187109 0.306641 0.186719 0.307129 0.186719 0.307617 0.186328 0.308105 0.186328 0.309082 0.185938 0.30957 0.185938 0.310059 0.185547 0.310547 0.185547 0.311523 0.185156 0.312012 0.185156 0.313965 0.184766 0.314453 0.184766 0.314941 0.183984 0.315918 0.183984 0.317383 0.183203 0.318359 0.183203 0.319336 0.182812 0.319824 0.182812 0.320312 0.182422 0.320801 0.182422 0.321289 0.182031 0.321777 0.182031 0.322266 0.181641 0.322754 0.181641 0.324219 0.18125 0.324707 0.18125 0.325195 0.180859 0.325684 0.180859 0.326172 0.180469 0.32666 0.180469 0.327148 0.180078 0.327637 0.180078 0.328613 0.179688 0.329102 0.179688 0.330566 0.178906 0.331543 0.178906 0.332031 0.178516 0.33252 0.178516 0.333496 0.178125 0.333984 0.178125 0.334473 0.177734 0.334961 0.177734 0.335449 0.177344 0.335938 0.177344 0.336426 0.176953 0.336914 0.176953 0.337402 0.176563 0.337891 0.176563 0.338867 0.175781 0.339844 0.175781 0.340332 0.175391 0.34082 0.175391 0.341797 0.175 0.342285 0.175 0.342773 0.174609 0.343262 0.174609 0.34375 0.173828 0.344727 0.173828 0.345215 0.173437 0.345703 0.173437 0.346191 0.173047 0.34668 0.173047 0.347168 0.172656 0.347656 0.172656 0.348145 0.172266 0.348633 0.172266 0.349609 0.171875 0.350098 0.171875 0.350586 0.171484 0.351074 0.171484 0.351562 0.171094 0.352051 0.171094 0.353516 0.170703 0.354004 0.170703 0.354492 0.170313 0.35498 0.170313 0.356445 0.169922 0.356934 0.169922 0.357422 0.169531 0.35791 0.169531 0.358887 0.169141 0.359375 0.169141 0.36084 0.16875 0.361328 0.16875 0.361816 0.168359 0.362305 0.168359 0.362793 0.167969 0.363281 0.167969 0.364258 0.167187 0.365234 0.167187 0.366211 0.166797 0.366699 0.166797 0.367188 0.166406 0.367676 0.166406 0.368652 0.165625 0.369629 0.165625 0.371094 0.165234 0.371582 0.165234 0.37207 0.164844 0.372559 0.164844 0.373535 0.164062 0.374512 0.164062 0.375977 0.163281 0.376953 0.163281 0.378418 0.162891 0.378906 0.162891 0.379395 0.1625 0.379883 0.1625 0.381348 0.162109 0.381836 0.162109 0.383789 0.161719 0.384277 0.161719 0.390625 0.162891 0.39209 0.163672 0.39209 0.164062 0.392578 0.164453 0.392578 0.164844 0.393066 0.167969 0.393066 0.169531 0.391113 0.169531 0.390625 0.170313 0.389648 0.170313 0.38916 0.170703 0.388672 0.170703 0.388184 0.171094 0.387695 0.171094 0.387207 0.171484 0.386719 0.171484 0.38623 0.172656 0.384766 0.172656 0.384277 0.173437 0.383301 0.173437 0.382812 0.174219 0.381836 0.174219 0.380859 0.174609 0.380371 0.174609 0.379883 0.175 0.379395 0.175 0.378906 0.175781 0.37793 0.175781 0.377441 0.176953 0.375977 0.176953 0.375488 0.178516 0.373535 0.178516 0.372559 0.183984 0.365723 0.183984 0.365234 0.186328 0.362305 0.186328 0.361816 0.187109 0.36084 0.187109 0.360352 0.187891 0.359375 0.187891 0.358398 0.188281 0.35791 0.188281 0.357422 0.189844 0.355469 0.189844 0.35498 0.190625 0.354004 0.190625 0.353027 0.191406 0.352051 0.191406 0.351562 0.191797 0.351074 0.191797 0.350586 0.192969 0.349121 0.192969 0.348633 0.193359 0.348145 0.193359 0.347656 0.194531 0.346191 0.194531 0.345703 0.194922 0.345215 0.194922 0.344727 0.195312 0.344238 0.195312 0.34375 0.196484 0.342285 0.196484 0.341797 0.196875 0.341309 0.196875 0.34082 0.197266 0.340332 0.197266 0.339844 0.197656 0.339355 0.197656 0.338867 0.198437 0.337891 0.198437 0.337402 0.198828 0.336914 0.198828 0.335449 0.199219 0.334961 0.199219 0.334473 0.199609 0.333984 0.199609 0.333496 0.2 0.333008 0.2 0.33252 0.200391 0.332031 0.200391 0.331543 0.200781 0.331055 0.200781 0.330566 0.201563 0.32959 0.201563 0.328613 0.202344 0.327637 0.202344 0.327148 0.202734 0.32666 0.202734 0.326172 0.203125 0.325684 0.203125 0.325195 0.203906 0.324219 0.203906 0.32373 0.204297 0.323242 0.204297 0.322266 0.204687 0.321777 0.204687 0.321289 0.205469 0.320312 0.205469 0.319824 0.205859 0.319336 0.205859 0.318848 0.20625 0.318359 0.20625 0.317871 0.206641 0.317383 0.206641 0.316895 0.207422 0.315918 0.207422 0.31543 0.208594 0.313965 0.208594 0.313477 0.209766 0.312012 0.209766 0.311523 0.210547 0.310547 0.210547 0.30957 0.211719 0.308105 0.211719 0.307617 0.212109 0.307129 0.212109 0.306641 0.2125 0.306152 0.2125 0.305176 0.212891 0.304688 0.212891 0.304199 0.213281 0.303711 0.213281 0.303223 0.214062 0.302246 0.214062 0.300293 0.214844 0.299316 0.214844 0.298828 0.215234 0.29834 0.215234 0.297852 0.215625 0.297363 0.215625 0.296875 0.217188 0.294922 0.217188 0.294434 0.221484 0.289062 0.221875 0.289062 0.224609 0.285645 0.224609 0.285156 0.226562 0.282715 0.226562 0.281738 0.227344 0.280762 0.227344 0.280273 0.228125 0.279297 0.228125 0.278809 0.229297 0.277344 0.229297 0.276367 0.229687 0.275879 0.229687 0.275391 0.230469 0.274414 0.230469 0.273926 0.230859 0.273438 0.230859 0.272461 0.231641 0.271484 0.231641 0.270508 0.232031 0.27002 0.232031 0.269043 0.232813 0.268066 0.232813 0.266602 0.233203 0.266113 0.233203 0.264648 0.233594 0.26416 0.233594 0.263672 0.233984 0.263184 0.233984 0.262207 0.234375 0.261719 0.234375 0.260254 0.234766 0.259766 0.234766 0.258301 0.235156 0.257812 0.235156 0.256836 0.235937 0.255859 0.235937 0.254395 0.236328 0.253906 0.236328 0.253418 0.236719 0.25293 0.236719 0.251465 0.237109 0.250977 0.237109 0.250488 0.237891 0.249512 0.237891 0.247559 0.238281 0.24707 0.238281 0.246582 0.238672 0.246094 0.238672 0.245605 0.239063 0.245117 0.239063 0.244141 0.239453 0.243652 0.239453 0.243164 0.241016 0.241211 0.241016 0.240234 0.241797 0.239258 0.241797 0.237793 0.242188 0.237305 0.242188 0.23584 0.242578 0.235352 0.242578 0.234375 0.243359 0.233398 0.243359 0.23291 0.24375 0.232422 0.24375 0.231934 0.244141 0.231445 0.244141 0.229492 0.244531 0.229004 0.244531 0.227051 0.244922 0.226562 0.244922 0.225098 0.245312 0.224609 0.245312 0.223145 0.245703 0.222656 0.245703 0.219238 0.246094 0.21875 0.246094 0.214355 0.246484 0.213867 0.246484 0.20752 0.246094 0.207031 0.246484 0.206543 0.246484 0.204102 0.246875 0.203613 0.246875 0.203125 0.248438 0.201172 0.248438 0.200684 0.25 0.19873 0.25 0.196777 0.249609 0.196289 0.25 0.195801 0.250781 0.195801 0.252734 0.193359 0.252734 0.192871 0.253516 0.191895 0.253906 0.191895 0.257031 0.187988 0.257031 0.1875 0.257812 0.186523 0.257812 0.186035 0.259375 0.184082 0.259766 0.184082 0.2625 0.180664 0.2625 0.180176 0.263281 0.179199 0.263672 0.179199 0.264453 0.178223 0.264844 0.178223 0.266406 0.17627 0.266406 0.175781 0.267188 0.174805 0.267578 0.174805 0.268359 0.173828 0.26875 0.173828 0.269531 0.172852 0.269922 0.172852 0.270703 0.171875 0.271094 0.171875 0.271875 0.170898 0.272266 0.170898 0.275391 0.166992 0.275391 0.166504 0.276562 0.165039 0.276562 0.164551 0.276953 0.164062 0.276953 0.163086 0.277344 0.162598 0.277344 0.162109 0.277734 0.161621 0.277734 0.160645 0.278125 0.160156 0.278125 0.150391 0.277734 0.149902 0.277734 0.148926 0.277344 0.148438 0.277344 0.147949 0.276953 0.147461 0.276953 0.145996 0.276562 0.145508 0.276953 0.14502 0.276953 0.144531 0.275781 0.143066 0.275781 0.140625 0.275391 0.140137 0.275391 0.13916 0.275 0.138672 0.275 0.137695 0.274609 0.137207 0.274609 0.136719 0.274219 0.13623 0.274219 0.135742 0.273828 0.135254 0.273828 0.134277 0.273438 0.133789 0.273438 0.131348 0.273047 0.130859 0.273047 0.129883 0.272656 0.129395 0.272656 0.12793 0.272266 0.127441 0.272266 0.126953 0.271875 0.126465 0.271875 0.125977 0.271484 0.125488 0.271484 0.125 0.271094 0.124512 0.271094 0.124023 0.270703 0.123535 0.270703 0.123047 0.270313 0.122559 0.270703 0.12207 0.273047 0.12207 0.273438 0.121582 0.274219 0.121582 0.275391 0.120117 0.275391 0.119629 0.276172 0.118652 0.276172 0.117188 0.276562 0.116699 0.276562 0.112793 0.276172 0.112305 0.276172 0.111328 0.274609 0.109375 0.272656 0.109375 0.271484 0.11084 0.271484 0.112793 0.271094 0.113281 0.269922 0.111816 0.269531 0.111816 0.266406 0.10791 0.266016 0.10791 0.265234 0.106934 0.264844 0.106934 0.264453 0.106445 0.264062 0.106445 0.262891 0.10498 0.261719 0.10498 0.261328 0.104492 0.260547 0.104492 0.259766 0.103516 0.259375 0.103516 0.258984 0.103027 0.258594 0.103027 0.257812 0.102051
1 0.141051 0.537246 0.149973 0.536802 0.159969 0.534419 0.168891 0.532637 0.178172 0.530854 0.183406 0.530405 0.19566 0.535166 0.201371 0.54022 0.205414 0.549292 0.204937 0.579336 0.207031 0.610107 0.205703 0.645166 0.203359 0.662939 0.201016 0.672266 0.199805 0.679785 0.198789 0.6854 0.19673 0.690723 0.194352 0.694736 0.191375 0.694736 0.186973 0.691318 0.182336 0.685366 0.174957 0.676592 0.171508 0.667969 0.170676 0.652949 0.171625 0.63793 0.173172 0.623203 0.17341 0.61458 0.171984 0.600747 0.173172 0.589448 0.174957 0.576509 0.176148 0.562827 0.17484 0.553901 0.17377 0.549292 0.17127 0.547212 0.166035 0.547212 0.157824 0.54751 0.150926 0.547656 0.145332 0.546021 0.141406 0.543345 0.140336 0.541558 0.13998 0.538882
1 0.299219 0.265625 0.299219 0.266602 0.298047 0.269531 0.298047 0.273926 0.297656 0.274414 0.297656 0.275879 0.298047 0.276367 0.298047 0.279785 0.299609 0.283203 0.299609 0.285645 0.3 0.286133 0.3 0.288086 0.300391 0.288574 0.300781 0.29248 0.301172 0.292969 0.301953 0.306641 0.302344 0.307129 0.302734 0.311035 0.304297 0.314941 0.304297 0.316406 0.305469 0.319824 0.305469 0.321777 0.307031 0.326172 0.307422 0.32959 0.309375 0.335938 0.309375 0.337402 0.310547 0.341797 0.314063 0.351074 0.316016 0.354004 0.321094 0.359863 0.327344 0.364746 0.329688 0.367188 0.334375 0.370117 0.335156 0.371094 0.341016 0.374512 0.346484 0.375977 0.346875 0.376465 0.348047 0.376465 0.348438 0.376953 0.349609 0.376953 0.35 0.377441 0.351953 0.377441 0.352344 0.37793 0.355859 0.378418 0.35625 0.378906 0.360547 0.378906 0.360938 0.378418 0.362109 0.378906 0.376563 0.378906 0.376953 0.378418 0.388672 0.37793 0.389062 0.377441 0.391797 0.377441 0.392188 0.376953 0.397266 0.376465 0.397656 0.375977 0.400781 0.375488 0.401172 0.375 0.404297 0.375 0.404687 0.374512 0.40625 0.374512 0.408594 0.373535 0.413672 0.373047 0.414062 0.372559 0.415625 0.372559 0.417969 0.371582 0.419922 0.371582 0.422266 0.370605 0.427344 0.370605 0.430078 0.373047 0.431641 0.376465 0.433984 0.379395 0.435547 0.382324 0.438281 0.388672 0.439844 0.390625 0.442969 0.392578 0.445312 0.393066 0.445703 0.393555 0.451953 0.393555 0.452344 0.393066 0.453906 0.393066 0.455469 0.391602 0.455859 0.390137 0.455859 0.378906 0.455469 0.378418 0.455469 0.376953 0.453125 0.371582 0.451953 0.367188 0.449609 0.363281 0.448437 0.359863 0.445703 0.355469 0.439844 0.348145 0.434766 0.344727 0.433984 0.344727 0.429297 0.341797 0.426172 0.34082 0.423828 0.339355 0.420703 0.338867 0.420312 0.338379 0.417187 0.337891 0.416797 0.337402 0.412109 0.336914 0.411719 0.336426 0.407031 0.335938 0.406641 0.335449 0.403516 0.335449 0.403125 0.334961 0.394922 0.334961 0.394531 0.334473 0.375391 0.334473 0.373047 0.335449 0.368359 0.335449 0.367969 0.335938 0.366016 0.335938 0.365625 0.336426 0.358594 0.336426 0.358203 0.336914 0.352344 0.336914 0.351953 0.337402 0.343359 0.337402 0.342969 0.336914 0.341406 0.336914 0.337891 0.335449 0.334375 0.33252 0.333203 0.332031 0.330078 0.329102 0.328516 0.32666 0.325391 0.317871 0.324609 0.316895 0.319531 0.304688 0.319531 0.303711 0.318359 0.300781 0.317188 0.299316 0.315234 0.29541 0.310937 0.282715 0.307422 0.279297 0.306641 0.276855 0.306641 0.275391 0.305469 0.273438 0.304297 0.27002 0.302344 0.267578 0.301563 0.267578
1 0.625312 0.285107 0.624258 0.281836 0.621563 0.280713 0.619492 0.281299 0.617578 0.283545 0.614492 0.289111 0.612891 0.293994 0.611328 0.296875 0.610156 0.298828 0.609766 0.300781 0.608984 0.301758 0.606641 0.308105 0.603906 0.3125 0.600391 0.320801 0.598203 0.323242 0.594922 0.326172 0.592148 0.328613 0.588281 0.331543 0.585938 0.333008 0.578906 0.337891 0.576914 0.339893 0.573828 0.342285 0.564063 0.348145 0.562109 0.349609 0.554961 0.354736 0.547266 0.360352 0.544531 0.362305 0.538711 0.367139 0.53293 0.37207 0.529297 0.375 0.524141 0.37876 0.516641 0.38252 0.511719 0.384277 0.508594 0.385254 0.504297 0.38623 0.495703 0.386719 0.489453 0.386719 0.489063 0.38623 0.486328 0.38623 0.483594 0.384277 0.48125 0.383789 0.480859 0.383301 0.478906 0.383301 0.473828 0.379883 0.471094 0.379395 0.467187 0.377441 0.464453 0.377441 0.464062 0.376953 0.454297 0.377441 0.453906 0.37793 0.452734 0.37793 0.450781 0.379395 0.446094 0.379883 0.442969 0.381348 0.439453 0.381836 0.437891 0.383789 0.438281 0.388184 0.439063 0.389648 0.441797 0.391113 0.443359 0.392578 0.444531 0.392578 0.444922 0.393066 0.447266 0.393066 0.447656 0.393555 0.448828 0.393066 0.455859 0.393066 0.45625 0.393555 0.458203 0.393555 0.459766 0.394531 0.462109 0.396973 0.466016 0.398926 0.470703 0.40332 0.475 0.40625 0.477734 0.409668 0.483203 0.413086 0.485156 0.415039 0.486719 0.416016 0.490234 0.416504 0.49375 0.417969 0.498828 0.417969 0.499219 0.41748 0.501172 0.41748 0.501563 0.416992 0.514453 0.416504 0.514844 0.416016 0.517578 0.416016 0.517969 0.415527 0.520703 0.415527 0.521094 0.415039 0.523438 0.415039 0.523828 0.414551 0.528125 0.414062 0.533984 0.411621 0.537891 0.410645 0.539844 0.40918 0.54375 0.407715 0.547656 0.405273 0.553125 0.40332 0.554688 0.401855 0.560547 0.398438 0.565625 0.393555 0.569922 0.391113 0.571875 0.38916 0.576172 0.38623 0.577734 0.383789 0.578125 0.383789 0.586719 0.373535 0.590234 0.368164 0.591016 0.367676 0.596094 0.36084 0.598828 0.358398 0.601172 0.355469 0.603516 0.351562 0.608203 0.345703 0.609375 0.343262 0.611328 0.34082 0.616016 0.32959 0.617188 0.325195 0.61875 0.322266 0.619531 0.318848 0.621484 0.314941 0.622266 0.310059 0.623828 0.306641 0.623828 0.305176 0.624609 0.302734 0.624609 0.299805 0.625 0.299316 0.625547 0.292334 0.625352 0.287891
1 0.609414 0.215576 0.607031 0.213965 0.604688 0.213379 0.602734 0.213379 0.6 0.21582 0.599219 0.217773 0.596719 0.223047 0.589883 0.237061 0.585625 0.248389 0.580859 0.254883 0.579688 0.256348 0.577734 0.262207 0.568711 0.275049 0.564844 0.28125 0.562109 0.284668 0.561328 0.286621 0.555859 0.292969 0.553125 0.29834 0.545703 0.307617 0.544922 0.30957 0.543359 0.311523 0.540625 0.313477 0.539844 0.314941 0.533203 0.322754 0.53125 0.32666 0.528906 0.32959 0.524609 0.333008 0.521484 0.336914 0.517578 0.339844 0.515234 0.342773 0.511719 0.344238 0.507812 0.344238 0.507422 0.344727 0.503125 0.344727 0.501953 0.344238 0.501563 0.344727 0.499609 0.344727 0.499219 0.345215 0.493359 0.345215 0.492969 0.344727 0.486328 0.344238 0.485938 0.34375 0.484766 0.34375 0.483203 0.342773 0.482031 0.342773 0.479687 0.341797 0.471875 0.336914 0.465234 0.32959 0.455469 0.32373 0.452734 0.320801 0.451172 0.319824 0.448437 0.319824 0.446094 0.321289 0.446484 0.326172 0.448828 0.32959 0.45 0.33252 0.45 0.333496 0.451953 0.337402 0.470703 0.360352 0.475 0.363281 0.477344 0.364258 0.479297 0.366211 0.483203 0.368652 0.486328 0.37207 0.490234 0.374512 0.491406 0.374512 0.493359 0.375488 0.494922 0.375488 0.498047 0.376953 0.500781 0.376953 0.501172 0.377441 0.503125 0.377441 0.503516 0.37793 0.511328 0.378906 0.511719 0.378418 0.517188 0.378418 0.517578 0.37793 0.520703 0.37793 0.521094 0.377441 0.525 0.376953 0.528516 0.375488 0.533594 0.37207 0.537891 0.370605 0.538672 0.369629 0.539844 0.369141 0.542969 0.364746 0.544531 0.36377 0.546875 0.360352 0.548828 0.358398 0.551172 0.356934 0.555078 0.351562 0.555859 0.349609 0.558203 0.34668 0.559766 0.342773 0.564453 0.337891 0.566016 0.333008 0.56875 0.329102 0.570312 0.324707 0.572266 0.321289 0.573438 0.317871 0.575 0.31543 0.576172 0.312012 0.577734 0.310059 0.583203 0.299805 0.584375 0.29834 0.585547 0.293945 0.588281 0.290039 0.589453 0.287109 0.591406 0.28418 0.592187 0.279297 0.594922 0.275391 0.596484 0.271484 0.597266 0.268555 0.597266 0.26709 0.597656 0.266602 0.597656 0.265137 0.598437 0.263184 0.6 0.260889 0.601289 0.25708 0.603867 0.251123 0.607148 0.238672 0.608984 0.230713 0.609883 0.221338
1 0.305859 0.144043 0.304688 0.145508 0.303906 0.148438 0.303906 0.151855 0.304688 0.153809 0.304688 0.158203 0.305078 0.15918 0.306641 0.160156 0.310156 0.164551 0.310156 0.165039 0.315234 0.170898 0.316406 0.17334 0.326562 0.185059 0.328125 0.189453 0.335938 0.199707 0.337109 0.202148 0.337109 0.203125 0.341406 0.209473 0.34375 0.214844 0.346875 0.219238 0.348047 0.22168 0.350391 0.224609 0.352734 0.22998 0.354687 0.232422 0.356641 0.236816 0.358984 0.240234 0.360938 0.245605 0.364063 0.25 0.367188 0.255859 0.368359 0.259766 0.371484 0.26416 0.373047 0.268555 0.374609 0.271484 0.375 0.273926 0.376953 0.279297 0.378516 0.281738 0.380469 0.287109 0.382422 0.291016 0.382422 0.291992 0.383594 0.294434 0.383984 0.296387 0.387109 0.30127 0.391406 0.312012 0.394141 0.315918 0.395703 0.319824 0.399219 0.326172 0.404297 0.331543 0.405078 0.331543 0.408594 0.334473 0.4125 0.334961 0.413672 0.335938 0.424219 0.340332 0.427344 0.34082 0.431641 0.343262 0.433203 0.344482 0.440156 0.34668 0.444727 0.346533 0.450547 0.345313 0.457461 0.34209 0.470039 0.333545 0.474531 0.328516 0.476406 0.324316 0.476133 0.320752 0.474414 0.319287 0.470313 0.319775 0.461758 0.322803 0.447578 0.327979 0.439297 0.328418 0.434531 0.326074 0.428086 0.322217 0.420781 0.316162 0.417031 0.310693 0.415234 0.306641 0.414297 0.299561 0.413594 0.296143 0.412617 0.291162 0.411328 0.285742 0.409609 0.2771 0.409023 0.272852 0.408516 0.268066 0.407617 0.263086 0.404297 0.253906 0.403516 0.251953 0.401172 0.249023 0.397266 0.239746 0.390234 0.230469 0.389453 0.228516 0.385937 0.225098 0.380859 0.218262 0.378906 0.216797 0.375391 0.212402 0.375391 0.211914 0.365625 0.200195 0.360938 0.195801 0.357031 0.19043 0.352734 0.186523 0.349219 0.182129 0.346094 0.179688 0.339062 0.17041 0.336719 0.168457 0.333984 0.165039 0.332031 0.164062 0.329688 0.161621 0.328516 0.161133 0.326562 0.15918 0.323047 0.156738 0.322266 0.156738 0.317969 0.154297 0.316406 0.154297 0.313281 0.152832 0.3125 0.151855 0.311328 0.148926 0.310937 0.146484 0.310156 0.14502 0.309375 0.14502 0.308203 0.144043
1 0.338672 0.0253906 0.338281 0.0263672 0.340234 0.0292969 0.342969 0.0307617 0.346875 0.0317383 0.349219 0.0332031 0.353125 0.0336914 0.353516 0.0341797 0.360156 0.0341797 0.360547 0.034668 0.373047 0.034668 0.373437 0.0351562 0.375 0.0351562 0.376563 0.0361328 0.377734 0.0361328 0.381641 0.0380859 0.3875 0.0449219 0.389453 0.0493164 0.391797 0.0522461 0.391797 0.0527344 0.396875 0.0585938 0.397266 0.0585938 0.399609 0.0620117 0.401172 0.0629883 0.403516 0.0654297 0.407422 0.0703125 0.409375 0.0712891 0.410547 0.0727539 0.413672 0.074707 0.415625 0.0771484 0.417578 0.078125 0.423438 0.0834961 0.427344 0.0859375 0.430469 0.0898438 0.435156 0.0927734 0.439844 0.097168 0.44375 0.100098 0.448086 0.104736 0.450781 0.11084 0.452344 0.114746 0.454727 0.121338 0.456367 0.126367 0.458945 0.13584 0.460625 0.142187 0.460938 0.145996 0.460938 0.148926 0.461328 0.149414 0.461328 0.151855 0.461719 0.152344 0.461719 0.155273 0.462109 0.155762 0.462109 0.15918 0.4625 0.159668 0.462891 0.164062 0.464453 0.169922 0.466406 0.174805 0.466016 0.177734 0.466406 0.178223 0.466406 0.179688 0.467187 0.182617 0.467969 0.184082 0.467578 0.19043 0.470313 0.193359 0.470313 0.196289 0.470703 0.196777 0.473047 0.197754 0.475 0.197266 0.475391 0.195801 0.478516 0.190918 0.479297 0.187988 0.480469 0.186035 0.480469 0.179199 0.480078 0.178711 0.479687 0.172363 0.478516 0.167969 0.478125 0.162598 0.477734 0.162109 0.478125 0.161133 0.478125 0.15625 0.478516 0.155762 0.478516 0.138672 0.477734 0.135742 0.477344 0.128418 0.476953 0.12793 0.476953 0.126465 0.475 0.119141 0.473047 0.115723 0.471094 0.109863 0.469531 0.107422 0.469141 0.103027 0.467578 0.100098 0.466797 0.0966797 0.460938 0.0830078 0.460547 0.0800781 0.457422 0.0761719 0.455469 0.0712891 0.453125 0.0683594 0.451562 0.0649414 0.447656 0.0600586 0.444141 0.0527344 0.437891 0.0439453 0.436719 0.0410156 0.433594 0.0371094 0.432812 0.0351562 0.429297 0.0297852 0.424219 0.0234375 0.423047 0.0229492 0.420312 0.0200195 0.417969 0.019043 0.414453 0.0166016 0.403906 0.012207 0.398047 0.0117188 0.397656 0.0112305 0.394141 0.0112305 0.39375 0.0107422 0.383203 0.0107422 0.382812 0.0112305 0.376563 0.0117188 0.376172 0.012207 0.374609 0.012207 0.372656 0.0131836 0.36875 0.0136719 0.365625 0.015625 0.361719 0.0166016 0.357031 0.0200195 0.35625 0.0200195 0.355078 0.0209961 0.349219 0.0234375 0.341406 0.0244141 0.341016 0.0249023 0.339453 0.0249023
2 0.383984 0.403809 0.381641 0.402344 0.379688 0.40332 0.378516 0.405762 0.376953 0.407715 0.375391 0.412109 0.374609 0.413086 0.371875 0.419434 0.36875 0.42334 0.366406 0.429688 0.365234 0.431152 0.364453 0.433105 0.360547 0.437012 0.357812 0.438965 0.355469 0.442383 0.352734 0.447266 0.349336 0.453076 0.346523 0.458984 0.344141 0.465332 0.343359 0.466797 0.343359 0.467773 0.341562 0.472021 0.339844 0.474609 0.338086 0.476953 0.334453 0.481299 0.32918 0.487646 0.326602 0.491504 0.32332 0.495557 0.320977 0.498486 0.31707 0.503223 0.313672 0.507959 0.310547 0.513184 0.307422 0.518066 0.305859 0.522461 0.304297 0.524902 0.303906 0.526855 0.299609 0.537598 0.297656 0.541504 0.296094 0.54834 0.294531 0.552246 0.292578 0.560059 0.291016 0.563477 0.290234 0.566406 0.290234 0.567871 0.288672 0.572266 0.288672 0.57373 0.287891 0.576172 0.287891 0.580078 0.2875 0.580566 0.287109 0.584473 0.286719 0.584961 0.286328 0.597168 0.285938 0.597656 0.285938 0.608887 0.286328 0.609375 0.286328 0.61084 0.287109 0.611816 0.291016 0.611328 0.294531 0.605469 0.296094 0.600586 0.296094 0.599121 0.297266 0.595703 0.297266 0.594238 0.298047 0.592773 0.298438 0.590332 0.299609 0.587402 0.299609 0.585938 0.300391 0.583008 0.301563 0.580566 0.301953 0.578613 0.304297 0.574219 0.307031 0.571289 0.309375 0.572266 0.310937 0.572266 0.315625 0.56543 0.319141 0.563477 0.321094 0.561035 0.325 0.553711 0.326172 0.552246 0.328516 0.546387 0.333984 0.538574 0.337891 0.53125 0.341797 0.526367 0.347656 0.514648 0.350391 0.510742 0.355078 0.501465 0.357422 0.498047 0.358203 0.494629 0.359766 0.491211 0.360547 0.486328 0.360938 0.48584 0.360938 0.483887 0.3625 0.47998 0.363281 0.476562 0.364844 0.473633 0.366797 0.468262 0.369531 0.463867 0.373437 0.456055 0.375 0.449219 0.377344 0.443359 0.378516 0.438965 0.378516 0.4375 0.380859 0.432129 0.381641 0.429199 0.381641 0.427734 0.382031 0.427246 0.382422 0.42334 0.383203 0.421387 0.383203 0.419434 0.383594 0.418945 0.383984 0.415039 0.384375 0.414551 0.384375 0.411621 0.384766 0.411133 0.384766 0.405762
2 0.316492 0.371079 0.321012 0.377769 0.326012 0.384609 0.330293 0.392642 0.334102 0.400225 0.337313 0.415693 0.340168 0.428481 0.346117 0.441865 0.347426 0.459863 0.347426 0.472202 0.347187 0.488862 0.349211 0.500161 0.353613 0.508193 0.360395 0.512061 0.367055 0.510273 0.370625 0.503286 0.369672 0.497485 0.367176 0.492134 0.362059 0.480386 0.361703 0.471611 0.363488 0.463877 0.368484 0.451978 0.371816 0.442607 0.372055 0.433091 0.369555 0.423428 0.366461 0.415244 0.357063 0.397251 0.348613 0.383271 0.340883 0.371079 0.33434 0.359478 0.327199 0.349961 0.32125 0.3452 0.315301 0.34208 0.309594 0.345054 0.308758 0.348174 0.308879 0.352339 0.309594 0.358584 0.312566 0.364536 0.314469 0.368252
2 0.174617 0.739717 0.172238 0.744922 0.170691 0.748491 0.168906 0.755625 0.1695 0.761875 0.171883 0.76708 0.174141 0.772876 0.175449 0.784775 0.173547 0.801284 0.172238 0.812437 0.172832 0.820615 0.171645 0.829541 0.169027 0.837866 0.163672 0.846641 0.157961 0.857944 0.152371 0.865679 0.145852 0.875654 0.14002 0.881309 0.136809 0.884878 0.135141 0.887852 0.136688 0.89127 0.141449 0.892017 0.143352 0.891719 0.147992 0.890229 0.155961 0.885918 0.163695 0.879819 0.175355 0.867773 0.183207 0.854834 0.188203 0.841006 0.189156 0.83104 0.189273 0.818252 0.188801 0.805762 0.1895 0.797803 0.1895 0.788511 0.188812 0.776982 0.186824 0.768921 0.185539 0.761992 0.186527 0.757769 0.189797 0.750093 0.191379 0.744756 0.192082 0.73918 0.194059 0.732739 0.194262 0.729395 0.192977 0.726538 0.190895 0.726299 0.189895 0.727534 0.187812 0.731255 0.184836 0.733364 0.179187 0.733604 0.176117 0.736831
2 0.163125 0.677593 0.161043 0.682178 0.159457 0.686143 0.158766 0.692095 0.158766 0.701636 0.158566 0.709194 0.157973 0.71415 0.15698 0.720225 0.155988 0.727539 0.155293 0.737329 0.153016 0.746992 0.15123 0.753188 0.14984 0.759761 0.14984 0.765586 0.15123 0.773638 0.152023 0.77897 0.152023 0.782935 0.151031 0.791548 0.147957 0.8027 0.146074 0.808525 0.145082 0.812119 0.145082 0.818315 0.145973 0.825381 0.147957 0.828477 0.150238 0.830586 0.15252 0.829717 0.15252 0.827485 0.154203 0.826001 0.157477 0.824639 0.158863 0.821289 0.158863 0.818438 0.158367 0.814102 0.160352 0.807412 0.163918 0.800469 0.165605 0.795884 0.166 0.78981 0.165605 0.7825 0.164117 0.778164 0.161836 0.774321 0.159656 0.771719 0.159656 0.767998 0.162137 0.76019 0.166 0.754121 0.169867 0.747925 0.170988 0.743262 0.170988 0.737017 0.170066 0.732358 0.16984 0.727129 0.170871 0.722319 0.172703 0.719087 0.175004 0.714785 0.17643 0.709912 0.175262 0.701997 0.174965 0.698809 0.176066 0.69752 0.180883 0.697944 0.189836 0.699072 0.194516 0.695972 0.194992 0.692095 0.192246 0.686592 0.184879 0.681509 0.172484 0.674282 0.168422 0.673589 0.165051 0.674878
2 0.159148 0.610303 0.156438 0.615835 0.156008 0.621543 0.157008 0.629219 0.157434 0.63582 0.156863 0.641177 0.154293 0.649741 0.150582 0.658486 0.144156 0.673477 0.13859 0.688823 0.134594 0.706313 0.130594 0.720054 0.127598 0.732725 0.125812 0.755854 0.126383 0.773701 0.127098 0.794937 0.129238 0.802969 0.134949 0.806895 0.138234 0.804395 0.138945 0.797793 0.139375 0.785298 0.142516 0.769058 0.14523 0.749429 0.147371 0.736938 0.148512 0.728013 0.153695 0.712168 0.157492 0.702441 0.158793 0.696157 0.163746 0.684238 0.165172 0.677261 0.166715 0.670405 0.168516 0.65897 0.17184 0.650776 0.174227 0.645728 0.17434 0.640068 0.172082 0.636216 0.170641 0.631753 0.168855 0.624312 0.167672 0.620601 0.167801 0.617764 0.169457 0.610786 0.170313 0.607959 0.168867 0.606006 0.166016 0.606323 0.163984 0.605127 0.161602 0.60542 0.160062 0.607217
2 0.23348 0.573413 0.228852 0.585195 0.226625 0.595474 0.224742 0.606606 0.223715 0.619458 0.222344 0.629307 0.21823 0.638086 0.212578 0.647939 0.203328 0.6625 0.198359 0.660576 0.193391 0.662285 0.191676 0.665498 0.189965 0.672993 0.190305 0.682847 0.194934 0.691626 0.20007 0.69377 0.207609 0.691841 0.215148 0.686914 0.217891 0.688628 0.228852 0.691411 0.234848 0.691411 0.23502 0.688413 0.234336 0.6852 0.227141 0.680063 0.225426 0.678779 0.224914 0.676636 0.231422 0.666782 0.236563 0.657363 0.238789 0.650723 0.242902 0.638301 0.244613 0.626953 0.245984 0.613677 0.248211 0.603608 0.250781 0.594829 0.252152 0.586694 0.25318 0.575127 0.25318 0.557998 0.250441 0.543862 0.248043 0.541719 0.245129 0.543862 0.241703 0.551997 0.237078 0.562705 0.235363 0.567417
1 0.0429688 0.541016 0.0410156 0.544922 0.040625 0.54834 0.0402344 0.548828 0.0402344 0.55127 0.0398437 0.551758 0.0398437 0.565918 0.0402344 0.566406 0.0402344 0.568359 0.040625 0.568848 0.0410156 0.572266 0.0425781 0.576172 0.0425781 0.57959 0.0441406 0.583008 0.0449219 0.585938 0.0449219 0.587402 0.0472656 0.592773 0.0472656 0.59375 0.0484375 0.59668 0.05 0.599121 0.0515625 0.603027 0.0515625 0.604004 0.0535156 0.607422 0.0542969 0.611328 0.0574219 0.616211 0.0589844 0.620117 0.0605469 0.622559 0.0636719 0.631836 0.065625 0.635254 0.0683594 0.638672 0.0691406 0.641113 0.0714844 0.64502 0.0796875 0.654785 0.0847656 0.657227 0.0878906 0.657715 0.0882813 0.658203 0.0953125 0.658203 0.0957031 0.658691 0.1 0.658691 0.100391 0.65918 0.105078 0.65918 0.105469 0.659668 0.108594 0.659668 0.110937 0.660645 0.116406 0.661133 0.11875 0.662109 0.124609 0.662109 0.125 0.662598 0.129297 0.662598 0.129688 0.663086 0.144141 0.663086 0.144531 0.662598 0.146094 0.662598 0.148438 0.661133 0.149219 0.660156 0.150391 0.659668 0.151953 0.657715 0.153516 0.65332 0.153906 0.649414 0.152734 0.645508 0.15 0.641113 0.142969 0.636719 0.139453 0.631836 0.134375 0.62793 0.133203 0.626465 0.127734 0.624512 0.125391 0.623047 0.122266 0.620117 0.117578 0.618164 0.111719 0.614258 0.109766 0.61377 0.105078 0.61084 0.103125 0.608887 0.096875 0.60498 0.0953125 0.604492 0.0890625 0.598633 0.0875 0.597656 0.0820312 0.59082 0.0792969 0.588867 0.0777344 0.586914 0.071875 0.581543 0.0695313 0.578613 0.0683594 0.576172 0.0671875 0.575195 0.0617188 0.567871 0.0617188 0.567383 0.059375 0.564941 0.0578125 0.560547 0.0554687 0.556641 0.0535156 0.550781 0.0519531 0.54834 0.0515625 0.54541 0.0484375 0.541016 0.046875 0.540527 0.0457031 0.539551 0.0449219 0.539551
1 0.0512891 0.445117 0.0515234 0.450293 0.0572656 0.457422 0.0625 0.466797 0.0648438 0.474121 0.0648438 0.476074 0.0667969 0.48291 0.0667969 0.488281 0.0671875 0.48877 0.0671875 0.490723 0.0683594 0.495117 0.0699219 0.499023 0.0699219 0.501953 0.0714844 0.506836 0.071875 0.510742 0.0719922 0.514502 0.0707031 0.519043 0.0701172 0.523486 0.0701953 0.529687 0.0709766 0.535498 0.0726563 0.541504 0.0735937 0.545801 0.075 0.548828 0.0777344 0.553711 0.0785156 0.556152 0.0803516 0.560059 0.0824219 0.56543 0.084375 0.567871 0.0863281 0.571777 0.0888281 0.576758 0.0910156 0.579102 0.09375 0.583008 0.0945312 0.584961 0.0992969 0.591309 0.101562 0.595215 0.103125 0.597168 0.105469 0.598633 0.108984 0.603027 0.114453 0.606934 0.117188 0.610352 0.122656 0.61377 0.125781 0.616699 0.127344 0.617188 0.134375 0.624023 0.135937 0.624512 0.139453 0.627441 0.140625 0.628906 0.141406 0.631348 0.144531 0.634766 0.145703 0.637695 0.148828 0.641602 0.15 0.644531 0.150391 0.647949 0.151172 0.649902 0.151172 0.651855 0.151953 0.653809 0.149531 0.662988 0.146875 0.668945 0.145703 0.671875 0.145703 0.67627 0.146484 0.681641 0.148828 0.683105 0.154297 0.683105 0.158008 0.680664 0.16043 0.675293 0.1625 0.671387 0.165625 0.665039 0.166797 0.661426 0.169844 0.654639 0.170781 0.643506 0.169609 0.637109 0.166367 0.630322 0.161719 0.619922 0.15832 0.615332 0.154492 0.611035 0.147305 0.6021 0.142813 0.59668 0.139492 0.592578 0.133984 0.584229 0.127109 0.575146 0.119766 0.566357 0.115234 0.560547 0.11043 0.554639 0.104297 0.545898 0.0949219 0.533203 0.0910156 0.523926 0.0894531 0.521484 0.0886719 0.518555 0.0886719 0.51416 0.0875 0.510742 0.0855469 0.507812 0.0847656 0.504883 0.0828125 0.501953 0.0820312 0.497559 0.0800781 0.493652 0.0792969 0.489258 0.078125 0.486816 0.0785156 0.481934 0.0773438 0.47998 0.0765625 0.475586 0.0746094 0.471191 0.0730469 0.463867 0.0714063 0.45957 0.0696484 0.455811 0.0649219 0.448877 0.0584766 0.443262 0.0541406 0.442676
1 0.619922 0.463379 0.619141 0.461914 0.616016 0.459961 0.612109 0.456543 0.607812 0.454102 0.605078 0.45166 0.599219 0.449219 0.596484 0.447266 0.592187 0.446777 0.590625 0.445801 0.586328 0.444824 0.582422 0.442871 0.575781 0.441406 0.554688 0.432617 0.553125 0.432617 0.552734 0.432129 0.551562 0.432129 0.549609 0.431152 0.548047 0.431152 0.546094 0.430176 0.544531 0.430176 0.544141 0.429688 0.541016 0.429688 0.540625 0.429199 0.524219 0.429199 0.521875 0.430176 0.514453 0.431152 0.5125 0.432129 0.509375 0.432617 0.507031 0.434082 0.505859 0.434082 0.503906 0.435059 0.502344 0.435059 0.498828 0.4375 0.495312 0.437988 0.494922 0.438477 0.492969 0.438477 0.489453 0.439941 0.486328 0.44043 0.482031 0.442383 0.476562 0.443359 0.473047 0.444824 0.471094 0.444824 0.467578 0.446777 0.466797 0.446777 0.463281 0.449707 0.458984 0.455566 0.454688 0.462891 0.452734 0.46875 0.450391 0.473145 0.449609 0.476074 0.447656 0.479004 0.446875 0.481934 0.444531 0.486816 0.444141 0.489258 0.442578 0.493652 0.442578 0.49707 0.442188 0.497559 0.442188 0.5 0.441797 0.500488 0.442188 0.508301 0.44375 0.513184 0.445312 0.515625 0.445703 0.51709 0.447266 0.519043 0.451172 0.519043 0.452344 0.51709 0.452344 0.514648 0.453906 0.509766 0.453906 0.507812 0.454297 0.507324 0.454688 0.503418 0.455469 0.500488 0.459375 0.493164 0.460938 0.489258 0.466797 0.481445 0.470703 0.478516 0.474219 0.477051 0.475391 0.477051 0.475781 0.476562 0.480859 0.476074 0.48125 0.476562 0.503516 0.477051 0.503906 0.476562 0.50625 0.476562 0.508594 0.475586 0.513281 0.475098 0.513672 0.474609 0.515625 0.474609 0.516016 0.474121 0.518359 0.474121 0.51875 0.473633 0.520312 0.473633 0.522656 0.472656 0.525 0.472656 0.525391 0.472168 0.527734 0.472168 0.528125 0.47168 0.534766 0.471191 0.535156 0.470703 0.541797 0.470703 0.542188 0.470215 0.550391 0.470703 0.550781 0.470215 0.559766 0.470215 0.560156 0.469727 0.560547 0.470215 0.567578 0.470215 0.567969 0.470703 0.572266 0.470703 0.572656 0.471191 0.577344 0.471191 0.583594 0.467773 0.589844 0.468262 0.590234 0.46875 0.596094 0.469238 0.596484 0.469727 0.607422 0.469727 0.610547 0.47168 0.613672 0.47168 0.614062 0.471191 0.616016 0.471191 0.616406 0.470703 0.617969 0.470703 0.61875 0.470215 0.619922 0.466309
2 0.579688 0.465332 0.579297 0.466309 0.579297 0.471191 0.580078 0.472656 0.580078 0.473633 0.581641 0.476074 0.584766 0.479004 0.592578 0.483887 0.595313 0.486328 0.601172 0.487793 0.602734 0.48877 0.604297 0.48877 0.604688 0.489258 0.607422 0.489746 0.608984 0.490723 0.610156 0.490723 0.614453 0.492676 0.615625 0.492676 0.619531 0.494629 0.622266 0.495117 0.624219 0.496094 0.626953 0.499512 0.628516 0.499512 0.630078 0.500488 0.633984 0.500488 0.6375 0.501953 0.639844 0.504395 0.642188 0.508301 0.643359 0.509277 0.647266 0.510742 0.648047 0.511719 0.652344 0.51416 0.657813 0.519043 0.659766 0.52002 0.664062 0.523926 0.666406 0.526855 0.667969 0.527832 0.672656 0.533691 0.679688 0.538574 0.681641 0.540527 0.687109 0.543945 0.689844 0.547363 0.693359 0.550293 0.697656 0.555664 0.701953 0.559082 0.704688 0.5625 0.705469 0.562988 0.707031 0.562988 0.707422 0.563477 0.708594 0.563477 0.709375 0.562012 0.709375 0.55957 0.708984 0.559082 0.708594 0.556152 0.702734 0.547363 0.698828 0.540039 0.696484 0.537598 0.694141 0.533203 0.689453 0.527832 0.686719 0.521484 0.683594 0.51709 0.678516 0.508301 0.669922 0.499023 0.666406 0.496582 0.662891 0.492188 0.657813 0.48877 0.653516 0.483887 0.652734 0.483887 0.648828 0.481445 0.647656 0.47998 0.64375 0.477539 0.641016 0.477051 0.639453 0.476074 0.638281 0.474609 0.637109 0.474121 0.626563 0.472656 0.623047 0.470703 0.620313 0.470703 0.619922 0.470215 0.615625 0.472168 0.610938 0.472168 0.607422 0.470703 0.603516 0.470703 0.603125 0.470215 0.595703 0.469727 0.591406 0.464844 0.588672 0.464355 0.585156 0.462891 0.582031 0.463379
1 0.682031 0.614746 0.681641 0.614258 0.678125 0.614258 0.676953 0.614746 0.671484 0.621094 0.671094 0.621094 0.6625 0.631348 0.6625 0.631836 0.656641 0.63916 0.654297 0.643066 0.65 0.647949 0.647266 0.652832 0.643359 0.657715 0.637891 0.662598 0.634375 0.664062 0.633203 0.665039 0.630859 0.666016 0.625391 0.666992 0.622656 0.668457 0.617578 0.668945 0.615234 0.669922 0.609375 0.67041 0.607031 0.671387 0.599219 0.671875 0.598828 0.672363 0.587891 0.672852 0.5875 0.67334 0.583594 0.67334 0.583203 0.673828 0.576953 0.673828 0.576562 0.674316 0.571094 0.674805 0.570703 0.675293 0.566797 0.675781 0.566406 0.67627 0.564063 0.67627 0.560547 0.677734 0.555078 0.678223 0.552734 0.679199 0.548047 0.679199 0.545703 0.680176 0.540625 0.680176 0.540234 0.680664 0.529297 0.680664 0.528906 0.681152 0.528125 0.680664 0.518359 0.680664 0.517969 0.680176 0.514062 0.680176 0.513672 0.679688 0.505859 0.679199 0.505469 0.678711 0.503516 0.678711 0.503125 0.678223 0.497266 0.677734 0.495312 0.676758 0.49375 0.676758 0.491016 0.675293 0.486328 0.674316 0.480469 0.671875 0.479297 0.670898 0.478125 0.670898 0.476172 0.669922 0.473828 0.669922 0.473438 0.67041 0.473828 0.671387 0.473828 0.673828 0.476172 0.678223 0.476562 0.678223 0.478906 0.681152 0.481641 0.683594 0.482812 0.684082 0.487891 0.689941 0.491016 0.691895 0.492578 0.693848 0.494922 0.695312 0.495703 0.695312 0.5 0.698242 0.505078 0.700195 0.507812 0.702148 0.513672 0.70459 0.514844 0.70459 0.518359 0.706055 0.520312 0.706055 0.520703 0.706543 0.521875 0.706543 0.525391 0.708008 0.526953 0.708008 0.527344 0.708496 0.536719 0.709961 0.540234 0.711426 0.541797 0.711426 0.545312 0.712891 0.546875 0.712891 0.548438 0.713867 0.555078 0.714355 0.555469 0.714844 0.557422 0.714844 0.557813 0.715332 0.558984 0.715332 0.560937 0.716309 0.5625 0.716309 0.562891 0.716797 0.566406 0.716797 0.566797 0.717285 0.578906 0.717285 0.579297 0.717773 0.597266 0.717773 0.597656 0.717285 0.606641 0.716797 0.610156 0.715332 0.611719 0.715332 0.612109 0.714844 0.614844 0.714355 0.617188 0.712891 0.622656 0.710938 0.625 0.709473 0.627344 0.707031 0.630859 0.705078 0.635156 0.701172 0.639844 0.698242 0.641406 0.696289 0.645703 0.692871 0.653516 0.683594 0.65625 0.678223 0.658984 0.670898 0.659766 0.669922 0.662891 0.662109 0.664453 0.655762 0.666016 0.652832 0.667578 0.648438 0.668359 0.647461 0.669922 0.643555 0.669922 0.642578 0.671484 0.640137 0.676953 0.627441 0.679688 0.623535 0.680078 0.621582 0.681641 0.618652
1 0.661328 0.837402 0.661328 0.84082 0.663281 0.845703 0.66875 0.850098 0.669531 0.850098 0.670703 0.851074 0.674219 0.852539 0.675781 0.852539 0.676172 0.853027 0.679297 0.853516 0.679688 0.854004 0.686328 0.85498 0.686719 0.855469 0.689844 0.855957 0.690234 0.856445 0.693359 0.856445 0.69375 0.856934 0.697656 0.857422 0.698047 0.85791 0.701172 0.85791 0.701562 0.858398 0.706641 0.858887 0.707031 0.859375 0.708984 0.859375 0.709375 0.859863 0.710938 0.859863 0.711328 0.860352 0.713672 0.86084 0.714844 0.861816 0.717578 0.862793 0.719922 0.865234 0.723437 0.867188 0.729297 0.872559 0.734766 0.875488 0.740625 0.880371 0.745313 0.885254 0.748828 0.886719 0.751953 0.88916 0.753125 0.88916 0.753516 0.889648 0.754687 0.889648 0.755078 0.890137 0.75625 0.890137 0.759766 0.891602 0.761328 0.891602 0.763281 0.892578 0.766797 0.892578 0.767188 0.893066 0.769141 0.893066 0.769531 0.893555 0.778906 0.894043 0.779297 0.893555 0.786719 0.893555 0.787109 0.893066 0.788672 0.893066 0.790625 0.89209 0.794531 0.89209 0.799219 0.890137 0.802344 0.890137 0.802734 0.889648 0.809375 0.88916 0.809766 0.888672 0.812109 0.888672 0.8125 0.88916 0.827734 0.88916 0.828125 0.888672 0.832031 0.888184 0.832422 0.887695 0.837891 0.887695 0.838281 0.888184 0.841016 0.888672 0.842969 0.890625 0.846484 0.89209 0.847656 0.893555 0.847656 0.897461 0.848047 0.898438 0.849609 0.899902 0.852734 0.899902 0.853125 0.899414 0.854297 0.899414 0.855469 0.898438 0.85625 0.896973 0.85625 0.894531 0.854688 0.88916 0.854297 0.884277 0.853516 0.883301 0.852734 0.880859 0.850391 0.876465 0.848437 0.875 0.842578 0.868164 0.841016 0.867188 0.840234 0.867188 0.833594 0.863281 0.832422 0.863281 0.826953 0.86084 0.822266 0.860352 0.821875 0.859863 0.814063 0.859375 0.813672 0.858887 0.811328 0.858887 0.810937 0.858398 0.806641 0.85791 0.80625 0.857422 0.802734 0.857422 0.802344 0.856934 0.797266 0.856445 0.796875 0.855957 0.794922 0.855957 0.794531 0.855469 0.792578 0.855469 0.792188 0.85498 0.790234 0.85498 0.789844 0.854492 0.788281 0.854492 0.787891 0.854004 0.782813 0.853027 0.779297 0.851562 0.778125 0.850586 0.777344 0.850586 0.775391 0.849121 0.769141 0.84668 0.766406 0.844727 0.765625 0.844727 0.763672 0.843262 0.760938 0.842285 0.756641 0.839355 0.755859 0.839355 0.753906 0.837891 0.751172 0.836914 0.747656 0.834473 0.745313 0.833984 0.742188 0.83252 0.741016 0.83252 0.740625 0.832031 0.739453 0.832031 0.739062 0.831543 0.7375 0.831543 0.735156 0.830566 0.733203 0.830566 0.732812 0.830078 0.730078 0.830078 0.729688 0.82959 0.725 0.82959 0.724609 0.829102 0.718359 0.829102 0.717969 0.82959 0.714453 0.82959 0.714063 0.829102 0.707422 0.82959 0.707031 0.829102 0.704297 0.829102 0.703906 0.82959 0.69375 0.82959 0.693359 0.830078 0.678125 0.830566 0.677734 0.831055 0.676953 0.830566 0.671094 0.830566 0.670703 0.831055 0.667188 0.831055 0.666797 0.831543 0.665625 0.831543 0.6625 0.834961
1 1 0.874512 0.997656 0.874512 0.995703 0.873535 0.985547 0.873047 0.985156 0.872559 0.978125 0.87207 0.977734 0.871582 0.961719 0.871094 0.961328 0.870605 0.948828 0.870117 0.948438 0.869629 0.9375 0.869629 0.937109 0.870117 0.934375 0.870117 0.933984 0.870605 0.930859 0.870605 0.930469 0.871094 0.928906 0.871094 0.928516 0.871582 0.926562 0.871582 0.926172 0.87207 0.924219 0.87207 0.923828 0.872559 0.921094 0.873047 0.910547 0.877441 0.904297 0.87793 0.903906 0.878418 0.899219 0.878418 0.898828 0.878906 0.89375 0.878906 0.893359 0.879395 0.889453 0.879395 0.889062 0.879883 0.885547 0.879883 0.885156 0.880371 0.883203 0.880371 0.88125 0.881348 0.877734 0.881836 0.875391 0.882812 0.872656 0.884766 0.869531 0.885254 0.866016 0.887207 0.860156 0.888672 0.858594 0.889648 0.85625 0.89209 0.845703 0.898926 0.840625 0.90332 0.840234 0.904785 0.842969 0.907715 0.844531 0.908691 0.849219 0.909668 0.851562 0.911621 0.854297 0.913086 0.858203 0.913574 0.858594 0.913086 0.860938 0.913086 0.861328 0.912598 0.865234 0.912109 0.865625 0.911621 0.86875 0.911133 0.869141 0.910645 0.872656 0.910645 0.873047 0.910156 0.907031 0.910156 0.907422 0.909668 0.927734 0.908691 0.928125 0.908203 0.933203 0.908203 0.933594 0.907715 0.938672 0.907715 0.939063 0.908203 0.953906 0.908203 0.954297 0.907715 0.960938 0.907715 0.961328 0.907227 0.964453 0.907227 0.964844 0.906738 0.967187 0.906738 0.967578 0.90625 0.972656 0.905762 0.973047 0.905273 0.985156 0.905273 0.985547 0.904785 0.994141 0.904297 0.998437 0.902344 1 0.902344
1 0.899219 0.911621 0.897656 0.912598 0.895703 0.915039 0.893359 0.92041 0.893359 0.921387 0.891797 0.925781 0.891797 0.927734 0.891016 0.929688 0.890625 0.93457 0.890234 0.935059 0.890625 0.949707 0.891016 0.950195 0.891016 0.955078 0.891406 0.955566 0.891406 0.958496 0.891797 0.958984 0.892188 0.973633 0.892578 0.974121 0.892188 0.975586 0.892188 0.980957 0.892578 0.982422 0.892188 0.98291 0.892188 0.992676 0.891797 0.993164 0.891797 0.995117 0.892109 0.997656 0.892148 1 0.894531 1 0.913672 1 0.915508 1 0.915234 0.995605 0.915234 0.992676 0.914062 0.989258 0.914062 0.986328 0.913672 0.98584 0.911719 0.974609 0.908203 0.96582 0.908203 0.964844 0.907422 0.963379 0.907031 0.960938 0.90625 0.959473 0.905078 0.955078 0.905078 0.95166 0.904687 0.951172 0.904687 0.949707 0.903906 0.947754 0.903906 0.946289 0.902344 0.94043 0.902344 0.937012 0.901953 0.936523 0.901953 0.92627 0.902344 0.925781 0.902734 0.921875 0.903516 0.919922 0.903906 0.915039 0.902344 0.912109 0.901563 0.911621
1 0.997656 0 0.958594 0 0.958594 0.00146484 0.957031 0.00292969 0.955469 0.00341797 0.954297 0.00488281 0.953125 0.0078125 0.953125 0.00878906 0.950391 0.0151367 0.95 0.0180664 0.948828 0.0219727 0.948828 0.027832 0.949219 0.0283203 0.949219 0.0307617 0.949609 0.03125 0.95 0.034668 0.953125 0.0463867 0.955859 0.0537109 0.957422 0.0595703 0.957031 0.0629883 0.955469 0.065918 0.953906 0.0708008 0.953906 0.0742188 0.953516 0.074707 0.953516 0.0913086 0.955078 0.0966797 0.958594 0.101074 0.960547 0.102539 0.962109 0.104492 0.964844 0.105469 0.967969 0.10791 0.973828 0.115723 0.973828 0.118652 0.974219 0.119141 0.974219 0.137695 0.973828 0.138184 0.973828 0.140137 0.973437 0.140625 0.972656 0.145508 0.971094 0.148926 0.969922 0.154297 0.967969 0.15918 0.967187 0.162598 0.965234 0.166992 0.961719 0.172852 0.959766 0.177734 0.957422 0.180664 0.955078 0.182617 0.953906 0.18457 0.950391 0.188477 0.947266 0.19043 0.942187 0.195801 0.938672 0.197754 0.933594 0.203125 0.932813 0.203125 0.930469 0.20459 0.928516 0.207031 0.926953 0.208008 0.922266 0.212891 0.921484 0.21582 0.921484 0.217773 0.922656 0.220215 0.925 0.222168 0.928906 0.222656 0.930469 0.22168 0.931641 0.22168 0.933594 0.220215 0.935937 0.219238 0.937891 0.217285 0.940234 0.21582 0.951953 0.210938 0.95625 0.208008 0.957031 0.208008 0.960938 0.205566 0.963672 0.203125 0.967578 0.200684 0.967969 0.199707 0.971484 0.197266 0.972656 0.195801 0.975391 0.193848 0.976953 0.191895 0.983203 0.1875 0.986328 0.183594 0.986719 0.183594 0.988281 0.181641 0.989062 0.179688 0.991016 0.176758 0.991797 0.173828 0.994922 0.166504 0.997266 0.157715 0.997266 0.155273 0.997656 0.154785 0.998047 0.150391 0.998828 0.148926 1 0.148926 1 0.0854492 0.998828 0.0854492 0.997266 0.0820312 0.997266 0.0805664 0.996484 0.0786133 0.99375 0.0742188 0.992969 0.0717773 0.991406 0.0693359 0.989453 0.0649414 0.985547 0.059082 0.984766 0.0561523 0.982422 0.0522461 0.98125 0.0493164 0.98125 0.0483398 0.979297 0.0454102 0.978125 0.0424805 0.977734 0.0400391 0.976562 0.0375977 0.975391 0.0317383 0.974219 0.0297852 0.974219 0.0253906 0.973828 0.0249023 0.973437 0.0209961 0.974219 0.019043 0.975391 0.0175781 0.976953 0.0166016 0.978516 0.0166016 0.981641 0.0195312 0.983203 0.0214844 0.983984 0.0234375 0.986328 0.0249023 0.989453 0.0288086 0.998047 0.0351562 1 0.0351562 1 0.00195312 0.998047 0.00146484
1 0.103906 0.667969 0.102344 0.669922 0.0996094 0.677734 0.0996094 0.68457 0.1 0.685059 0.1 0.688477 0.0996094 0.689453 0.1 0.689941 0.1 0.694336 0.100781 0.696289 0.101172 0.700684 0.101562 0.701172 0.101562 0.706543 0.101953 0.707031 0.101953 0.710449 0.102344 0.710938 0.102344 0.714355 0.102734 0.714844 0.102734 0.720215 0.103906 0.724609 0.104297 0.729004 0.105078 0.730469 0.10625 0.737305 0.106641 0.737793 0.106641 0.740234 0.107031 0.740723 0.107813 0.747559 0.108984 0.750977 0.110156 0.760742 0.112891 0.768066 0.112891 0.769043 0.114453 0.772949 0.115234 0.776855 0.116797 0.780273 0.117969 0.785156 0.119141 0.787598 0.119531 0.790527 0.121094 0.794434 0.121875 0.79834 0.123047 0.80127 0.124609 0.803711 0.125781 0.807129 0.13125 0.814453 0.136328 0.818848 0.139453 0.822754 0.141016 0.82373 0.146484 0.82959 0.147656 0.830078 0.15 0.83252 0.152344 0.833984 0.153516 0.835449 0.153906 0.837402 0.156641 0.84082 0.157422 0.843262 0.160547 0.84668 0.1625 0.851074 0.163672 0.852539 0.165625 0.853516 0.167578 0.856445 0.169141 0.857422 0.177734 0.864258 0.178516 0.865234 0.180859 0.866699 0.181641 0.866699 0.183984 0.869141 0.186719 0.870605 0.189844 0.873535 0.19375 0.874512 0.197266 0.876953 0.199219 0.877441 0.201563 0.878906 0.205859 0.883789 0.215625 0.890137 0.221484 0.897949 0.222266 0.897949 0.223828 0.899414 0.225781 0.899414 0.226953 0.897949 0.226953 0.892578 0.225781 0.890137 0.225391 0.887207 0.222656 0.880859 0.21875 0.875977 0.214062 0.871582 0.208594 0.865234 0.2 0.858887 0.198437 0.856934 0.196875 0.855957 0.191016 0.848145 0.188594 0.844971 0.184375 0.837891 0.182422 0.835352 0.172422 0.823389 0.166641 0.813574 0.163437 0.806738 0.159023 0.794238 0.152461 0.781494 0.14832 0.775586 0.143906 0.769189 0.142031 0.765527 0.138086 0.760205 0.133086 0.75249 0.130508 0.746826 0.12875 0.742822 0.126953 0.739258 0.126953 0.737549 0.126641 0.733887 0.125781 0.729004 0.124609 0.722656 0.123828 0.720215 0.123828 0.716797 0.122656 0.713867 0.122266 0.709961 0.120313 0.702637 0.120313 0.700684 0.119141 0.697754 0.117969 0.692383 0.116406 0.688477 0.116016 0.685059 0.115234 0.683594 0.114453 0.677246 0.1125 0.673828 0.1125 0.67041 0.110937 0.667969 0.108984 0.666992 0.108203 0.666016 0.106641 0.666016
1 0.247266 0.619141 0.245703 0.621582 0.244531 0.624512 0.244141 0.627441 0.24375 0.62793 0.24375 0.630371 0.242578 0.634766 0.242188 0.643066 0.241406 0.645996 0.241406 0.65625 0.241797 0.656738 0.241797 0.659668 0.242578 0.662598 0.242578 0.665039 0.242969 0.665527 0.243359 0.669922 0.244531 0.67334 0.244922 0.677246 0.245703 0.679688 0.246094 0.68457 0.246484 0.685059 0.246484 0.687012 0.247266 0.689941 0.247266 0.692871 0.247656 0.693359 0.247656 0.695312 0.248438 0.697754 0.248438 0.699707 0.249219 0.702637 0.249219 0.705078 0.25 0.708008 0.25 0.710449 0.250391 0.710938 0.250391 0.713379 0.250781 0.713867 0.250781 0.716797 0.251172 0.717285 0.251172 0.721191 0.251563 0.72168 0.251563 0.724609 0.251953 0.725098 0.251953 0.729004 0.252344 0.729492 0.252344 0.731934 0.252734 0.732422 0.252734 0.738281 0.253125 0.73877 0.253125 0.742188 0.253516 0.742676 0.253516 0.746582 0.253906 0.74707 0.253906 0.748535 0.254688 0.750488 0.255469 0.755859 0.25625 0.757812 0.25625 0.759277 0.257031 0.76123 0.258203 0.768066 0.260156 0.775391 0.262109 0.779785 0.262109 0.780762 0.264062 0.785645 0.266016 0.789062 0.266797 0.791504 0.269922 0.796387 0.270703 0.798828 0.272266 0.80127 0.276562 0.812012 0.276953 0.818359 0.277344 0.818848 0.277344 0.824219 0.277734 0.824707 0.278125 0.834961 0.278516 0.835449 0.278516 0.838379 0.278906 0.838867 0.279297 0.842285 0.282813 0.847168 0.296875 0.855469 0.298047 0.856934 0.299609 0.85791 0.302344 0.858887 0.305859 0.861328 0.306641 0.861328 0.309766 0.863281 0.314453 0.867676 0.319531 0.870605 0.322266 0.873047 0.325781 0.873047 0.325781 0.868164 0.324609 0.866699 0.324219 0.865234 0.321875 0.86084 0.317969 0.855957 0.317578 0.855957 0.315234 0.853027 0.313672 0.852051 0.310156 0.847656 0.305859 0.844238 0.298438 0.835449 0.296484 0.830566 0.294922 0.82373 0.291797 0.815918 0.290625 0.811523 0.290625 0.809082 0.290234 0.808594 0.290234 0.803223 0.290625 0.802734 0.290625 0.787109 0.290234 0.786621 0.290234 0.780762 0.289844 0.780273 0.289844 0.777344 0.289453 0.776855 0.289062 0.771484 0.288281 0.769531 0.287891 0.766113 0.286719 0.763184 0.286328 0.760254 0.284375 0.755371 0.283984 0.752441 0.282422 0.749023 0.281641 0.746094 0.281641 0.744629 0.279687 0.739258 0.279687 0.738281 0.277734 0.734375 0.273828 0.724609 0.273828 0.723633 0.271094 0.716797 0.270313 0.71582 0.269922 0.713867 0.266797 0.706543 0.266797 0.705566 0.264453 0.699707 0.264453 0.698242 0.2625 0.692871 0.261719 0.688965 0.259375 0.68457 0.257422 0.677246 0.256641 0.675781 0.255859 0.672852 0.255859 0.671387 0.253125 0.662598 0.252734 0.658203 0.251563 0.654297 0.251172 0.644531 0.250781 0.644043 0.250391 0.629395 0.25 0.628906 0.248828 0.621582 0.248047 0.619629
1 0.345313 0.641602 0.342187 0.641602 0.341406 0.642578 0.341406 0.649414 0.341797 0.649902 0.341406 0.654785 0.341797 0.655273 0.341797 0.67041 0.342187 0.670898 0.342187 0.67627 0.342578 0.676758 0.342969 0.684082 0.343359 0.68457 0.34375 0.697754 0.344141 0.698242 0.344141 0.721191 0.344531 0.72168 0.344922 0.741211 0.345313 0.741699 0.345313 0.748047 0.345703 0.748535 0.345313 0.749023 0.345313 0.75293 0.345703 0.753418 0.345703 0.762695 0.346094 0.763184 0.346094 0.765137 0.346875 0.767578 0.346875 0.770508 0.347266 0.770996 0.347266 0.777344 0.347656 0.777832 0.347656 0.780273 0.348438 0.783203 0.348438 0.787109 0.348828 0.787598 0.349219 0.792969 0.349609 0.793457 0.349609 0.79541 0.350781 0.799805 0.351172 0.807129 0.351562 0.807617 0.351562 0.810059 0.351953 0.810547 0.351953 0.8125 0.352734 0.81543 0.353125 0.821289 0.353516 0.821777 0.353906 0.826172 0.35625 0.834961 0.356641 0.838379 0.357812 0.841309 0.357812 0.843262 0.358203 0.84375 0.358203 0.849121 0.355469 0.858887 0.353516 0.861816 0.351562 0.867188 0.348438 0.873047 0.346484 0.875488 0.344531 0.876953 0.341797 0.882324 0.330859 0.896484 0.325391 0.901855 0.319922 0.905273 0.317188 0.908691 0.313672 0.915527 0.313672 0.921875 0.314063 0.922363 0.314063 0.923828 0.314453 0.924805 0.317969 0.928711 0.319531 0.928223 0.325391 0.92041 0.328125 0.917969 0.330859 0.916992 0.332422 0.915527 0.341797 0.909668 0.34375 0.907227 0.351562 0.900391 0.353125 0.898438 0.358594 0.893555 0.360547 0.891113 0.365234 0.887207 0.371094 0.880371 0.371094 0.879883 0.373828 0.876465 0.377344 0.870117 0.380469 0.862305 0.380859 0.859863 0.382031 0.856934 0.382422 0.853516 0.383594 0.850098 0.383984 0.845215 0.384375 0.844727 0.384375 0.841797 0.385547 0.838379 0.385547 0.82666 0.385156 0.826172 0.385156 0.820312 0.384766 0.819824 0.384766 0.817871 0.384375 0.817383 0.384375 0.81543 0.383984 0.814941 0.383594 0.811523 0.382812 0.80957 0.382812 0.806641 0.382031 0.803711 0.381641 0.79834 0.380859 0.795898 0.380859 0.792969 0.380469 0.79248 0.380469 0.789062 0.379688 0.786133 0.379688 0.783203 0.377734 0.778809 0.377734 0.777344 0.376953 0.775879 0.376563 0.772949 0.376172 0.772461 0.375781 0.763672 0.375391 0.763184 0.375391 0.76123 0.375 0.760742 0.375 0.758789 0.374609 0.758301 0.374219 0.754883 0.373437 0.751953 0.371484 0.748047 0.370703 0.743164 0.369531 0.739746 0.369531 0.738281 0.368359 0.734375 0.368359 0.732422 0.367578 0.730469 0.367578 0.728516 0.366797 0.726074 0.366797 0.724121 0.366406 0.723633 0.366016 0.720215 0.364453 0.714355 0.364453 0.712402 0.363672 0.709961 0.363281 0.705078 0.362891 0.70459 0.362891 0.703125 0.361719 0.69873 0.361719 0.696777 0.360938 0.694336 0.360547 0.689941 0.35625 0.674805 0.35625 0.67334 0.355469 0.671387 0.354687 0.666504 0.353125 0.662598 0.352734 0.659668 0.350391 0.651367 0.350391 0.649902 0.349219 0.647461 0.349219 0.646484 0.347266 0.643555
1 0.368359 0.665039 0.367188 0.666016 0.366406 0.668945 0.367578 0.677246 0.36875 0.681641 0.370703 0.686035 0.370703 0.688965 0.371094 0.689453 0.371094 0.690918 0.371484 0.691406 0.371484 0.692871 0.372656 0.697266 0.377734 0.708984 0.379688 0.716309 0.380078 0.724609 0.380469 0.725098 0.380469 0.733398 0.380078 0.733887 0.380078 0.744629 0.380469 0.745117 0.380469 0.75 0.380859 0.750488 0.380859 0.75293 0.38125 0.753418 0.38125 0.757324 0.381641 0.757812 0.381641 0.76123 0.382031 0.761719 0.382031 0.76416 0.382422 0.764648 0.382422 0.768066 0.383203 0.770996 0.383594 0.776855 0.383984 0.777344 0.383984 0.779297 0.385156 0.783691 0.385156 0.786133 0.386328 0.790527 0.386328 0.79248 0.386719 0.792969 0.386719 0.794922 0.387109 0.79541 0.387109 0.797363 0.387891 0.800293 0.387891 0.802734 0.388672 0.804688 0.388672 0.806152 0.391016 0.810547 0.391406 0.815918 0.392969 0.820801 0.392969 0.822266 0.394531 0.826172 0.395313 0.831055 0.396484 0.833496 0.397656 0.838379 0.399219 0.841797 0.399609 0.845215 0.401562 0.851074 0.401562 0.852539 0.402734 0.856934 0.402734 0.860352 0.403125 0.86084 0.403516 0.866699 0.403906 0.867188 0.403906 0.869141 0.404297 0.869629 0.405469 0.876953 0.407813 0.884277 0.410938 0.890137 0.411719 0.893066 0.411719 0.894531 0.412109 0.89502 0.412109 0.896484 0.4125 0.896973 0.412109 0.904785 0.410938 0.907715 0.410156 0.913086 0.408594 0.916016 0.408594 0.918457 0.408203 0.918945 0.408203 0.920898 0.407422 0.92334 0.407422 0.924316 0.408594 0.925781 0.412109 0.925293 0.420703 0.91748 0.422266 0.914062 0.423438 0.912598 0.425391 0.907227 0.426563 0.905762 0.427344 0.902832 0.427344 0.897949 0.426953 0.897461 0.426953 0.895508 0.426172 0.893066 0.425781 0.888184 0.425391 0.887695 0.425391 0.884766 0.424609 0.881836 0.424609 0.873047 0.425 0.872559 0.425 0.865723 0.425391 0.865234 0.425391 0.859863 0.425781 0.859375 0.425781 0.850586 0.426172 0.850098 0.426172 0.846191 0.425781 0.845703 0.425781 0.839844 0.425391 0.839355 0.425391 0.835449 0.425 0.834961 0.425 0.832031 0.424609 0.831543 0.424609 0.828125 0.424219 0.827637 0.424219 0.825195 0.423828 0.824707 0.423438 0.8125 0.423047 0.812012 0.423047 0.808105 0.422656 0.807617 0.422656 0.800293 0.422266 0.799805 0.421875 0.791504 0.421484 0.791016 0.421484 0.787109 0.421094 0.786621 0.420703 0.78125 0.419531 0.777344 0.419531 0.775879 0.417578 0.771484 0.416797 0.767578 0.414453 0.762695 0.414453 0.76123 0.414062 0.760742 0.414062 0.759277 0.412891 0.754883 0.409766 0.748047 0.409375 0.743164 0.408203 0.73877 0.408203 0.729004 0.407813 0.728516 0.407813 0.723145 0.407422 0.722656 0.407422 0.720215 0.405859 0.714355 0.405859 0.712891 0.404297 0.708496 0.402734 0.706055 0.402344 0.70459 0.396484 0.695801 0.388672 0.687988 0.3875 0.6875 0.383984 0.683105 0.383594 0.681641 0.382422 0.680176 0.381641 0.678223 0.373437 0.668457 0.371875 0.66748 0.370703 0.666016
1 0.407215 0.939204 0.424691 0.943315 0.435996 0.94563 0.459023 0.94563 0.476086 0.93458 0.479172 0.9279 0.481637 0.916079 0.483691 0.905029 0.487805 0.895264 0.494383 0.88498 0.50302 0.872646 0.510215 0.859541 0.511035 0.854658 0.510832 0.846694 0.506102 0.838213 0.496852 0.827417 0.486777 0.818423 0.483488 0.820225 0.479582 0.822021 0.47732 0.819966 0.478141 0.817139 0.48143 0.813286 0.485336 0.810972 0.491711 0.810972 0.495617 0.813286 0.503633 0.816885 0.510215 0.820737 0.518027 0.825879 0.525223 0.8323 0.528715 0.8377 0.531391 0.843867 0.530977 0.858257 0.528305 0.87085 0.523781 0.894233 0.523781 0.894233 0.521316 0.912222 0.520082 0.925586 0.516586 0.941777 0.507953 0.950513 0.491918 0.961562 0.476086 0.966704 0.456352 0.966704 0.432707 0.960278 0.411531 0.95231 0.399402 0.945889 0.388711 0.939722 0.383984 0.935864 0.383574 0.932524 0.386656 0.932524 0.393648 0.935352
2 0.446316 0.913276 0.457008 0.911733 0.473043 0.905308 0.48723 0.89606 0.498535 0.886035 0.518273 0.873701 0.542738 0.86188 0.570492 0.851343 0.583441 0.849033 0.606059 0.849287 0.620242 0.850317 0.624559 0.853916 0.625586 0.858281 0.621887 0.863164 0.615926 0.862651 0.600508 0.86188 0.578715 0.864707 0.557746 0.872158 0.535953 0.878843 0.528551 0.882437 0.517449 0.888862 0.502031 0.898887 0.489492 0.908394 0.480445 0.916875 0.475098 0.923555 0.468316 0.927153 0.452691 0.925869 0.431723 0.917129 0.426785 0.911992 0.426785 0.909424 0.428844 0.907622 0.435832 0.908906 0.442207 0.911733
1 0.767961 0.0914844 0.773738 0.0895752 0.780363 0.0876611 0.785313 0.0889648 0.7875 0.094248 0.7875 0.094248 0.78648 0.0984961 0.780363 0.100405 0.777305 0.100405 0.773059 0.100405 0.768867 0.0999023 0.765781 0.0956543 0.765922 0.092334
1 0.790156 0.0937012 0.792383 0.0919922 0.7975 0.0910156 0.802109 0.0908691 0.805887 0.092334 0.807414 0.0929736 0.813531 0.0980713 0.817102 0.0999805 0.818969 0.10168 0.821688 0.103164 0.824234 0.104863 0.824746 0.110176 0.821516 0.113999 0.817441 0.112725 0.812512 0.109961 0.808434 0.106777 0.803676 0.104863 0.800277 0.103589 0.798238 0.102954 0.792121 0.100405 0.788895 0.0980713
1 0.917422 0 0.913164 0.00429688 0.91043 0.00703125 0.908828 0.00898437 0.907227 0.0118164 0.905898 0.0160645 0.90543 0.0194336 0.904883 0.0229492 0.905664 0.0240723 0.906836 0.0243652 0.908906 0.0248047 0.911094 0.024707 0.913633 0.0242188 0.915469 0.0231445 0.917344 0.0218262 0.919219 0.0199219 0.922578 0.0149902 0.925898 0.00991211 0.928945 0.00439453 0.931055 0
1 0.897227 0 0.895039 0.00551758 0.893477 0.00830078 0.89168 0.0123535 0.890078 0.0161621 0.889062 0.0188965 0.888008 0.022168 0.88668 0.0257324 0.885313 0.0289551 0.884414 0.0334961 0.885273 0.0368164 0.888242 0.0367188 0.891211 0.0342773 0.894102 0.0313965 0.896406 0.0282715 0.898164 0.0248535 0.900273 0.0214355 0.901758 0.0177246 0.902422 0.012793 0.903086 0.00893555 0.904434 0.0044043 0.904434 0.0044043 0.905117 0
1 0.885859 0.00654297 0.883633 0.010791 0.882008 0.0165088 0.881156 0.0192725 0.880137 0.0228809 0.879609 0.0248047 0.879063 0.0269043 0.878594 0.0291016 0.877852 0.0320801 0.877109 0.0355469 0.875586 0.0396484 0.875664 0.042627 0.877812 0.0428711 0.878789 0.0416016 0.880664 0.0395508 0.883359 0.0356934 0.885234 0.0287109 0.886992 0.0247559 0.888633 0.0199707 0.891445 0.0107422 0.890273 0.00581055 0.887969 0.00507813
1 0.88207 0.000195313 0.879883 0.0019043 0.876758 0.00585938 0.87402 0.00971191 0.87232 0.0126855 0.871813 0.0135352 0.869262 0.0165088 0.868754 0.0171484 0.866883 0.0192725 0.863125 0.0236816 0.860781 0.0266113 0.859883 0.0294434 0.860234 0.0321289 0.862344 0.0331055 0.867734 0.0305273 0.871301 0.0260693 0.874687 0.0220215 0.878164 0.0177734 0.881328 0.0130371 0.883555 0.00917969 0.885391 0.00239258 0.884297 0.000683594
1 0.865863 0.00716797 0.859746 0.00759277 0.85652 0.00822754 0.851992 0.0104492 0.849883 0.0122559 0.849023 0.0134766 0.846953 0.0168457 0.844609 0.0225586 0.843711 0.0249512 0.844766 0.0275879 0.847344 0.0289063 0.850938 0.0282227 0.857027 0.0247949 0.858559 0.0235205 0.861785 0.0199072 0.864336 0.0154492 0.865863 0.0114111 0.867223 0.00759277
1 0.858559 0.0141748 0.860859 0.0112793 0.862695 0.00908203 0.865664 0.0065918 0.868359 0.00546875 0.869727 0.00576172 0.87082 0.00756836 0.871445 0.0111816 0.869453 0.0166504 0.865664 0.0228516 0.860234 0.0291992 0.854609 0.0344238 0.851094 0.0364746 0.849102 0.0344727 0.850039 0.0313965 0.85448 0.0230957 0.85618 0.017998 0.857199 0.015874
