1 0.255859 0.499512 0.251172 0.500977 0.24375 0.518555 0.243359 0.526367 0.247656 0.533203 0.251953 0.529297 0.25625 0.515625 0.257031 0.502441
1 0.130859 0.114258 0.130078 0.119629 0.134375 0.127441 0.141406 0.134766 0.146875 0.135254 0.148438 0.132324 0.147656 0.125 0.139844 0.116699 0.135547 0.114258
1 0.222266 0.115234 0.223047 0.123047 0.228125 0.129395 0.234766 0.132812 0.239844 0.131836 0.240234 0.125977 0.232422 0.114258 0.226953 0.112793
1 0.237109 0.0351562 0.235156 0.0336914 0.229297 0.0336914 0.219531 0.0390625 0.212891 0.0483398 0.209375 0.0615234 0.213672 0.0610352 0.221484 0.0566406 0.233203 0.0463867 0.237109 0.0405273
1 0.251563 0.129883 0.251172 0.135742 0.252344 0.13916 0.258594 0.145996 0.267188 0.147949 0.272656 0.144043 0.273047 0.140625 0.271094 0.135254 0.264453 0.128906 0.255078 0.126953
1 0.235937 0.161621 0.236719 0.167969 0.243359 0.17334 0.248438 0.173828 0.252734 0.168945 0.251563 0.165039 0.241797 0.160156
1 0.310547 0.200195 0.305078 0.200195 0.297656 0.203613 0.292578 0.212891 0.292187 0.218262 0.294141 0.225586 0.302344 0.221191 0.310547 0.213379 0.312109 0.208496
1 0.310391 0.213135 0.314063 0.226074 0.319141 0.232422 0.329297 0.23877 0.333984 0.237305 0.333984 0.23291 0.332031 0.228027 0.326172 0.219727 0.318359 0.214844
1 0.328125 0 0.316797 0 0.316016 0.0117188 0.31875 0.0209961 0.321875 0.0209961 0.326172 0.012207
1 0.367188 0 0.364453 0.00878906 0.364453 0.0131836 0.369531 0.0224609 0.373047 0.0229492 0.375781 0.0175781 0.375781 0.00488281 0.374219 0
2 0.303906 0.0913086 0.302344 0.0913086 0.298828 0.0961914 0.297266 0.103516 0.297266 0.114258 0.3 0.118164 0.303906 0.116699 0.306641 0.104492 0.306641 0.0952148
2 0.329688 0.15625 0.325391 0.15625 0.321484 0.158691 0.312891 0.17334 0.313281 0.178223 0.319531 0.175781 0.326172 0.168457 0.330078 0.158691
2 0.009375 0.187988 0.0109375 0.192871 0.0210938 0.20459 0.0292969 0.210449 0.0339844 0.210449 0.0355469 0.208496 0.0363281 0.204102 0.0265625 0.193359 0.0183594 0.188477
2 0.113281 0.356934 0.112891 0.361816 0.11875 0.370117 0.125781 0.375 0.13125 0.374023 0.130859 0.369141 0.122656 0.358398 0.116797 0.355957
2 0.167578 0.399902 0.168359 0.402832 0.171875 0.405273 0.180469 0.406738 0.185547 0.405273 0.184766 0.399902 0.178906 0.395996 0.172656 0.395996
2 0.296094 0.368652 0.294531 0.368652 0.275391 0.390625 0.273828 0.395508 0.275 0.399414 0.279297 0.398926 0.287109 0.393555 0.292187 0.387207 0.297266 0.373047
2 0.310547 0.36377 0.306641 0.368164 0.304688 0.376953 0.305078 0.39209 0.30625 0.395996 0.309766 0.399414 0.311328 0.397461 0.313672 0.380371 0.312891 0.368164
1 0.078125 0.253906 0.071875 0.252441 0.06875 0.254883 0.0648438 0.260742 0.065625 0.26709 0.0679687 0.269531 0.0757812 0.268066 0.0796875 0.26123
1 0.250781 0.446289 0.249609 0.447754 0.249609 0.448242 0.249219 0.44873 0.249219 0.452637 0.249609 0.453125 0.249609 0.453613 0.250391 0.45459 0.250391 0.455078 0.250781 0.455566 0.250781 0.456055 0.251172 0.456543 0.251172 0.458008 0.251563 0.458496 0.251563 0.458984 0.252344 0.459961 0.252344 0.461426 0.253906 0.463379 0.253906 0.463867 0.255078 0.465332 0.255078 0.46582 0.25625 0.467285 0.25625 0.468262 0.256641 0.46875 0.256641 0.469238 0.257422 0.470215 0.257422 0.471191 0.257812 0.47168 0.257812 0.472656 0.258594 0.473633 0.258594 0.474121 0.259375 0.475098 0.259375 0.476074 0.259766 0.476562 0.259766 0.477539 0.260156 0.478027 0.260156 0.478516 0.260547 0.479004 0.260547 0.479492 0.261719 0.480957 0.264453 0.480957 0.265625 0.479492 0.265625 0.47168 0.265234 0.471191 0.265234 0.468262 0.264844 0.467773 0.264844 0.464355 0.264453 0.463867 0.264453 0.462891 0.263672 0.461914 0.263672 0.460938 0.262891 0.459961 0.262891 0.459473 0.2625 0.458984 0.2625 0.458008 0.261719 0.457031 0.261719 0.456543 0.261328 0.456055 0.261328 0.455566 0.260547 0.45459 0.260547 0.454102 0.260156 0.453613 0.260156 0.453125 0.258203 0.450684 0.258203 0.450195 0.257031 0.44873 0.256641 0.44873 0.255469 0.447266 0.255078 0.447266 0.254688 0.446777 0.254297 0.446777 0.253906 0.446289
1 0.471094 0.585449 0.466016 0.585449 0.460938 0.591309 0.460938 0.602051 0.463281 0.607422 0.467578 0.606445 0.473438 0.59668 0.473828 0.588867
1 0.330078 0.555664 0.328516 0.558105 0.329297 0.568359 0.333203 0.585938 0.334766 0.587402 0.337891 0.584473 0.340234 0.579102 0.340234 0.566406 0.339453 0.562988 0.334766 0.556152
1 0.394922 0.587402 0.392188 0.58252 0.384375 0.582031 0.375 0.586914 0.371875 0.592285 0.374219 0.594727 0.378906 0.595703 0.388672 0.594727 0.393359 0.592285
1 0.387109 0.517578 0.386328 0.521973 0.389844 0.528809 0.4 0.537598 0.40625 0.540039 0.4125 0.540039 0.414453 0.537598 0.412109 0.532715 0.406641 0.529785 0.397266 0.52002 0.392578 0.51709
1 0.3875 0.604004 0.385547 0.608398 0.396875 0.634277 0.400391 0.634766 0.402344 0.62793 0.401562 0.616211 0.394141 0.606934
1 0.342187 0.643066 0.341797 0.646973 0.346484 0.65918 0.352734 0.668457 0.358203 0.671875 0.359766 0.669922 0.358203 0.658691 0.353906 0.650391 0.346875 0.643066
1 0.296484 0.674316 0.296875 0.679199 0.301953 0.685059 0.30625 0.687012 0.311328 0.687012 0.313672 0.685059 0.314453 0.681641 0.310937 0.673828 0.301953 0.671387 0.298828 0.671875
1 0.515234 0.535156 0.5125 0.537109 0.511719 0.540039 0.512109 0.552246 0.514062 0.559082 0.51875 0.562012 0.522656 0.558594 0.523438 0.547852 0.520703 0.539062 0.517969 0.535645
1 0.640234 0.719727 0.639844 0.725098 0.644141 0.732422 0.649609 0.734863 0.654687 0.733398 0.655469 0.726074 0.653516 0.720703 0.647266 0.717285 0.642969 0.717285
1 0.592344 0.706396 0.587812 0.704346 0.575391 0.711426 0.569102 0.720264 0.568711 0.727344 0.572461 0.729688 0.576953 0.729492 0.588281 0.717285 0.591094 0.713281
1 0.464453 0.724609 0.465625 0.72998 0.469922 0.737305 0.477344 0.746094 0.482031 0.748535 0.486719 0.747559 0.487109 0.740234 0.481641 0.732422 0.470313 0.724121 0.466016 0.723145
1 0.560547 0.80957 0.557422 0.810059 0.554688 0.812988 0.549219 0.829102 0.549609 0.840332 0.551953 0.849609 0.553516 0.849609 0.557422 0.84082 0.560156 0.830566 0.561328 0.820312
1 0.688047 0.876123 0.689063 0.881348 0.688672 0.885742 0.685156 0.89502 0.674609 0.905273 0.671875 0.904785 0.671484 0.901367 0.675 0.894043 0.675781 0.888672 0.680859 0.880371 0.683984 0.878418
1 0.705859 0.850098 0.701953 0.853027 0.698438 0.861816 0.698047 0.870605 0.701172 0.875488 0.707031 0.873047 0.710547 0.86377 0.709766 0.854492
1 0.509766 0.919922 0.503516 0.924316 0.501172 0.931152 0.500781 0.945801 0.501953 0.951172 0.50625 0.947754 0.508984 0.939453 0.510938 0.924805
1 0.376563 0.953613 0.372656 0.953613 0.360938 0.968262 0.356641 0.979492 0.357422 0.985352 0.363281 0.983398 0.371484 0.972656 0.375 0.96582 0.376953 0.95752
2 0.212891 0.955078 0.208594 0.958008 0.207422 0.962891 0.207031 0.986816 0.208203 0.991699 0.209766 0.991699 0.213672 0.986816 0.216797 0.977051 0.216406 0.960449
2 0.208594 0.917969 0.203906 0.918945 0.201563 0.927734 0.202734 0.948242 0.205078 0.958008 0.209766 0.955078 0.210938 0.948242 0.210938 0.929199
1 0.726953 0.937988 0.725781 0.939453 0.725781 0.941406 0.726562 0.942383 0.726562 0.943848 0.726953 0.944336 0.726953 0.944824 0.727734 0.945801 0.727734 0.946289 0.732812 0.952637 0.733203 0.952637 0.733594 0.953125 0.733984 0.953125 0.734375 0.953613 0.734766 0.953613 0.735547 0.95459 0.736719 0.95459 0.737109 0.955078 0.7375 0.955078 0.737891 0.955566 0.739062 0.955566 0.739844 0.956543 0.740625 0.956543 0.741016 0.957031 0.742188 0.957031 0.742578 0.95752 0.743359 0.95752 0.74375 0.958008 0.745313 0.958008 0.745703 0.958496 0.746094 0.958496 0.746484 0.958984 0.748437 0.958984 0.748828 0.959473 0.749609 0.959473 0.75 0.959961 0.751172 0.959961 0.751563 0.960449 0.752344 0.960449 0.752734 0.960938 0.754687 0.960938 0.755078 0.961426 0.758594 0.961426 0.760156 0.959473 0.760156 0.955078 0.759375 0.954102 0.759375 0.953613 0.758203 0.952148 0.757812 0.952148 0.757422 0.95166 0.757031 0.95166 0.75625 0.950684 0.755859 0.950684 0.755078 0.949707 0.754297 0.949707 0.753906 0.949219 0.753516 0.949219 0.752734 0.948242 0.752344 0.948242 0.751953 0.947754 0.751563 0.947754 0.751172 0.947266 0.750391 0.947266 0.75 0.946777 0.749219 0.946777 0.748828 0.946289 0.748437 0.946289 0.747266 0.944824 0.746875 0.944824 0.746484 0.944336 0.746094 0.944336 0.745703 0.943848 0.745313 0.943848 0.744922 0.943359 0.743359 0.943359 0.742969 0.942871 0.742188 0.942871 0.741797 0.942383 0.741016 0.942383 0.740625 0.941895 0.739453 0.941895 0.739062 0.941406 0.738672 0.941406 0.738281 0.940918 0.737891 0.940918 0.7375 0.94043 0.736328 0.94043 0.735547 0.939453 0.734766 0.939453 0.734375 0.938965 0.733984 0.938965 0.733594 0.938477 0.733203 0.938477 0.732812 0.937988 0.730078 0.937988 0.729688 0.938477 0.729297 0.938477 0.728906 0.937988
1 0.810156 0.946289 0.808594 0.949707 0.808594 0.956543 0.812109 0.966797 0.817187 0.969238 0.823828 0.967285 0.825 0.961914 0.822656 0.955566 0.814844 0.946777
1 0.875781 0.918945 0.876172 0.930176 0.879297 0.943359 0.884375 0.950684 0.889062 0.953125 0.892578 0.952637 0.894141 0.947754 0.892969 0.939453 0.889062 0.930176 0.880469 0.919434
1 0.892578 0.893555 0.888281 0.894043 0.878516 0.907227 0.875391 0.915039 0.876953 0.92041 0.881641 0.918945 0.889453 0.913086 0.893359 0.904297 0.89375 0.895996
1 0.916406 0.982422 0.914844 0.987793 0.914844 0.995117 0.917969 1 0.927891 1 0.927617 0.990576 0.926758 0.984229 0.925 0.979004 0.919922 0.979492
1 0.933984 0.97998 0.932813 0.981445 0.932813 0.981934 0.932422 0.982422 0.932422 0.984375 0.932031 0.984863 0.932031 0.98584 0.931641 0.986328 0.931641 0.988281 0.93125 0.98877 0.93125 0.989746 0.930859 0.990234 0.930859 0.990723 0.930469 0.991211 0.930469 0.992188 0.928906 0.994141 0.928906 0.994629 0.927734 0.996094 0.927734 0.999512 0.938672 0.999512 0.939063 0.999023 0.939063 0.987793 0.938672 0.987305 0.938672 0.986328 0.938281 0.98584 0.938281 0.985352 0.937891 0.984863 0.937891 0.984375 0.9375 0.983887 0.9375 0.982422 0.937109 0.981934 0.937109 0.981445 0.935937 0.97998
1 0.913281 0.927246 0.912109 0.928711 0.912109 0.931152 0.911719 0.931641 0.911719 0.936035 0.912109 0.936523 0.912109 0.937012 0.9125 0.9375 0.9125 0.938477 0.912891 0.938965 0.912891 0.94043 0.913281 0.940918 0.913281 0.941895 0.913672 0.942383 0.913281 0.942871 0.913281 0.943848 0.912891 0.944336 0.912891 0.944824 0.912109 0.945801 0.912109 0.959473 0.9125 0.959961 0.9125 0.960449 0.914062 0.962402 0.917188 0.962402 0.917578 0.961914 0.917969 0.961914 0.919141 0.960449 0.919141 0.959961 0.921094 0.95752 0.921094 0.957031 0.921484 0.956543 0.921484 0.956055 0.921875 0.955566 0.921875 0.954102 0.922266 0.953613 0.922266 0.953125 0.922656 0.952637 0.922656 0.944336 0.922266 0.943848 0.922266 0.941895 0.921875 0.941406 0.921875 0.938965 0.921094 0.937988 0.921094 0.936523 0.920703 0.936035 0.920703 0.935547 0.920312 0.935059 0.920312 0.93457 0.91875 0.932617 0.91875 0.932129 0.917578 0.930664 0.917188 0.930664 0.916406 0.929688 0.916406 0.928711 0.915234 0.927246
1 0.840312 0.126025 0.837109 0.128906 0.832422 0.146973 0.832812 0.154785 0.837109 0.16748 0.838672 0.16748 0.840234 0.164551 0.844141 0.147949 0.844531 0.13623 0.84375 0.130371
2 0.830469 0.204102 0.827344 0.206055 0.820703 0.220215 0.81875 0.237305 0.819531 0.244629 0.821484 0.247559 0.823828 0.24707 0.825781 0.244141 0.83125 0.216309 0.831641 0.208008
1 0.933594 0.931641 0.933203 0.932129 0.932813 0.932129 0.932422 0.932617 0.932031 0.932617 0.931641 0.933105 0.930859 0.933105 0.929688 0.93457 0.929297 0.93457 0.927734 0.936523 0.927344 0.936523 0.924219 0.94043 0.924219 0.940918 0.923828 0.941406 0.923438 0.941406 0.921484 0.943848 0.921484 0.945801 0.921875 0.946289 0.921875 0.952148 0.921484 0.952637 0.921484 0.95459 0.921094 0.955078 0.921094 0.961426 0.921484 0.961914 0.921484 0.962402 0.922656 0.963867 0.924609 0.963867 0.925781 0.962402 0.925781 0.961914 0.926562 0.960938 0.926562 0.960449 0.928516 0.958008 0.928516 0.95752 0.929297 0.956543 0.929297 0.956055 0.930859 0.954102 0.930859 0.953613 0.932813 0.951172 0.932813 0.950684 0.934766 0.948242 0.934766 0.947754 0.935156 0.947266 0.935156 0.946777 0.935937 0.945801 0.935937 0.945312 0.937109 0.943848 0.937109 0.943359 0.9375 0.942871 0.9375 0.942383 0.937891 0.941895 0.937891 0.941406 0.938281 0.940918 0.938281 0.93457 0.937891 0.934082 0.937891 0.933105 0.936719 0.931641
2 0.965234 0.944336 0.9625 0.94873 0.964453 0.963379 0.969922 0.970703 0.975 0.971191 0.975781 0.965332 0.973047 0.955078 0.968359 0.946289
2 0.829688 0.845703 0.824609 0.84668 0.821484 0.852051 0.821875 0.861328 0.825391 0.864258 0.828516 0.861816 0.830859 0.853516 0.83125 0.848145
2 0.974219 0.791992 0.96875 0.790527 0.961328 0.793945 0.954688 0.803711 0.954297 0.812012 0.959766 0.811523 0.969531 0.803223 0.974219 0.796875
1 0.733203 0.678223 0.732031 0.679688 0.732031 0.686035 0.732422 0.686523 0.732422 0.687988 0.732812 0.688477 0.732812 0.689941 0.733203 0.69043 0.733203 0.692871 0.733594 0.693359 0.733594 0.696289 0.733984 0.696777 0.733984 0.699219 0.734375 0.699707 0.734375 0.70166 0.734766 0.702148 0.734766 0.703613 0.735938 0.705078 0.735938 0.705566 0.736719 0.706543 0.736719 0.707031 0.7375 0.708008 0.7375 0.708496 0.739453 0.710938 0.742578 0.710938 0.742969 0.710449 0.743359 0.710449 0.746875 0.706055 0.746875 0.705566 0.747266 0.705078 0.747266 0.703613 0.747656 0.703125 0.747656 0.697266 0.747266 0.696777 0.747266 0.696289 0.746875 0.695801 0.746875 0.694336 0.746094 0.693359 0.746094 0.692871 0.744922 0.691406 0.744922 0.690918 0.744531 0.69043 0.744531 0.689941 0.741797 0.686523 0.741406 0.686523 0.734766 0.678223
1 0.733203 0.701172 0.732031 0.702637 0.732031 0.705566 0.731641 0.706055 0.731641 0.708984 0.73125 0.709473 0.73125 0.71875 0.732031 0.719727 0.732031 0.720703 0.736719 0.726562 0.736719 0.727051 0.739062 0.72998 0.739453 0.72998 0.740234 0.730957 0.740625 0.730957 0.741406 0.731934 0.741797 0.731934 0.742188 0.732422 0.742578 0.732422 0.742969 0.73291 0.747656 0.73291 0.748828 0.731445 0.748828 0.730957 0.749219 0.730469 0.749219 0.727539 0.748828 0.727051 0.748828 0.726074 0.748047 0.725098 0.748047 0.723145 0.747656 0.722656 0.747656 0.721191 0.747266 0.720703 0.747266 0.717285 0.746875 0.716797 0.746875 0.715332 0.746484 0.714844 0.746484 0.714355 0.745703 0.713379 0.745703 0.712891 0.745313 0.712402 0.745313 0.711914 0.74375 0.709961 0.74375 0.709473 0.742578 0.708008 0.742188 0.708008 0.738672 0.703613 0.738281 0.703613 0.7375 0.702637 0.735938 0.702637 0.734766 0.701172
2 0.792578 0.604492 0.793359 0.609375 0.799609 0.615723 0.810937 0.618164 0.813281 0.615234 0.813281 0.610352 0.810547 0.606934 0.798047 0.602539 0.794141 0.602539
2 0.951953 0.436035 0.947656 0.437988 0.944531 0.443848 0.942187 0.454102 0.943359 0.460938 0.946875 0.459961 0.951953 0.451172 0.953516 0.444336 0.953516 0.438965
2 0.958984 0.449219 0.953125 0.452148 0.948438 0.459961 0.946875 0.46875 0.948047 0.472656 0.951953 0.473633 0.959375 0.464844 0.961719 0.459473 0.961719 0.453125
1 0.671094 0.438965 0.665234 0.437012 0.658203 0.439453 0.653125 0.446289 0.652734 0.451172 0.65625 0.453613 0.661719 0.453613 0.667188 0.451172 0.670703 0.446289
1 0.586328 0.415527 0.580859 0.410645 0.571875 0.409668 0.563281 0.413574 0.554297 0.423828 0.555859 0.425781 0.56875 0.424316 0.584375 0.419922
1 0.489844 0.360352 0.489453 0.366699 0.49375 0.385742 0.501172 0.397461 0.50625 0.397461 0.507812 0.39209 0.506641 0.383789 0.503516 0.376465 0.497266 0.366699
1 0.466797 0.332031 0.467187 0.334961 0.478516 0.339355 0.490625 0.339844 0.498047 0.337891 0.496875 0.333496 0.489844 0.328125 0.482812 0.325195 0.471094 0.32666
1 0.621484 0.286133 0.621094 0.293945 0.626172 0.308105 0.63125 0.311182 0.635586 0.308887 0.635703 0.30376 0.635938 0.29541 0.628125 0.287109 0.623828 0.285156
1 0.692187 0.303223 0.690234 0.305664 0.690234 0.308105 0.696875 0.325684 0.701172 0.330566 0.705859 0.33252 0.707812 0.330078 0.70625 0.313477 0.699219 0.305176
1 0.963281 0.223633 0.965234 0.229004 0.974219 0.237793 0.986719 0.241211 0.990234 0.240234 0.991797 0.237305 0.991016 0.234863 0.982422 0.227539 0.967578 0.222656
1 1 0.274414 0.992578 0.276855 0.985938 0.283691 0.982812 0.293945 0.983203 0.298828 0.988672 0.298828 1 0.290039
1 0.951953 0.16748 0.948828 0.17334 0.950391 0.184082 0.957422 0.190918 0.967969 0.193848 0.969141 0.188965 0.965234 0.179932 0.960195 0.174902
1 0.965234 0.152344 0.964844 0.152832 0.964063 0.152832 0.963672 0.15332 0.963281 0.15332 0.962891 0.153809 0.961719 0.153809 0.961328 0.154297 0.960547 0.154297 0.959766 0.155273 0.958984 0.155273 0.958203 0.15625 0.957812 0.15625 0.957422 0.156738 0.956641 0.156738 0.95625 0.157227 0.955859 0.157227 0.954688 0.158691 0.954297 0.158691 0.953906 0.15918 0.953516 0.15918 0.952734 0.160156 0.951953 0.160156 0.950781 0.161621 0.950781 0.163574 0.950391 0.164062 0.950391 0.167969 0.950781 0.168457 0.950781 0.169922 0.951953 0.171387 0.952344 0.171387 0.953125 0.172363 0.961719 0.172363 0.962109 0.171875 0.9625 0.171875 0.962891 0.171387 0.967187 0.171387 0.967578 0.170898 0.968359 0.170898 0.969531 0.169434 0.969531 0.168457 0.969922 0.167969 0.972266 0.167969 0.973828 0.166016 0.974219 0.166016 0.975391 0.164551 0.975391 0.164062 0.975781 0.163574 0.976172 0.163574 0.977344 0.162109 0.977344 0.161133 0.978125 0.160156 0.978125 0.15918 0.978516 0.158691 0.978516 0.155273 0.976172 0.152344
2 0.791016 0.305176 0.792188 0.310059 0.797656 0.3125 0.805469 0.311523 0.808594 0.307617 0.806641 0.304688 0.795703 0.300781 0.791797 0.302734
2 0.704688 0.36084 0.697656 0.359375 0.689844 0.361816 0.685937 0.365234 0.685547 0.369141 0.688672 0.37207 0.694141 0.37207 0.701953 0.367676 0.703906 0.365234
2 0.935937 0.314453 0.9375 0.318848 0.946484 0.322754 0.959766 0.325195 0.963672 0.324707 0.965234 0.322754 0.963672 0.317871 0.957812 0.313477 0.950781 0.311035 0.941797 0.311523
2 0.911719 0.356934 0.912891 0.361816 0.921484 0.366699 0.928516 0.368164 0.932031 0.365234 0.932031 0.360352 0.930469 0.357422 0.925391 0.353027 0.917188 0.352539
1 0.521484 0.12793 0.517188 0.129883 0.513672 0.140137 0.513672 0.148926 0.516406 0.153809 0.521875 0.151855 0.525781 0.142578 0.525391 0.133789
1 0.514062 0.175293 0.511328 0.189453 0.511328 0.199707 0.513281 0.20752 0.51875 0.212891 0.521094 0.205566 0.521484 0.194824 0.517969 0.177734
1 0.475781 0.111328 0.478516 0.116211 0.486719 0.117188 0.492578 0.115234 0.494922 0.112793 0.495312 0.109863 0.491016 0.10498 0.482422 0.104492 0.478125 0.106934
1 0.510547 0.065918 0.508203 0.0644531 0.501172 0.0644531 0.494141 0.0673828 0.489844 0.0717773 0.486875 0.0828125 0.497656 0.081543 0.507031 0.0771484 0.510547 0.0717773
1 0.537891 0.00537109 0.540625 0.00341797 0.545703 0.00341797 0.550781 0.00585938 0.559375 0.0151367 0.562109 0.0224609 0.559375 0.0244141 0.553516 0.0214844 0.547656 0.0219727 0.54375 0.0200195 0.539062 0.0141602 0.5375 0.00976562
1 0.545703 0.0249023 0.536328 0.0214844 0.527734 0.0253906 0.524609 0.0302734 0.532813 0.0336914 0.543359 0.0288086
2 0.479297 0.0585938 0.473438 0.0615234 0.470313 0.0654297 0.466797 0.0849609 0.467187 0.0898438 0.469531 0.0913086 0.472266 0.0898438 0.475391 0.0825195 0.480469 0.0644531
2 0.428125 0.0488281 0.421484 0.0507812 0.416406 0.0566406 0.414453 0.0625 0.415234 0.0693359 0.419531 0.0693359 0.427734 0.059082 0.429688 0.0541992
2 0.369531 0.0415039 0.368359 0.0429688 0.368359 0.0629883 0.36875 0.0634766 0.36875 0.0673828 0.369141 0.0678711 0.369141 0.0742188 0.36875 0.074707 0.36875 0.078125 0.369922 0.0795898 0.373047 0.0795898 0.375391 0.0766602 0.375781 0.0766602 0.378125 0.0737305 0.378125 0.0732422 0.378906 0.0722656 0.378906 0.0712891 0.379297 0.0708008 0.379297 0.0698242 0.379688 0.0693359 0.379688 0.0625 0.379297 0.0620117 0.379297 0.0615234 0.378906 0.0610352 0.378906 0.0585938 0.378125 0.0576172 0.378125 0.0571289 0.376563 0.0551758 0.376563 0.0546875 0.376172 0.0541992 0.376172 0.0532227 0.375781 0.0527344 0.375781 0.0522461 0.375391 0.0517578 0.375391 0.0512695 0.374609 0.050293 0.374609 0.0483398 0.373828 0.0473633 0.373828 0.0458984 0.373437 0.0454102 0.373437 0.0449219 0.372266 0.043457 0.372266 0.0429688 0.371094 0.0415039
2 0.375391 0.0224609 0.373828 0.0244141 0.373828 0.0253906 0.373047 0.0263672 0.373047 0.0268555 0.372656 0.0273438 0.372656 0.0292969 0.372266 0.0297852 0.372266 0.0361328 0.372656 0.0366211 0.372656 0.0385742 0.373047 0.0390625 0.373047 0.0400391 0.373437 0.0405273 0.373437 0.0410156 0.373828 0.0415039 0.373828 0.0419922 0.375 0.043457 0.375 0.0444336 0.375781 0.0454102 0.375781 0.0463867 0.376563 0.0473633 0.376563 0.0483398 0.376953 0.0488281 0.376953 0.0493164 0.377344 0.0498047 0.377344 0.0512695 0.378125 0.0522461 0.378125 0.0532227 0.378516 0.0537109 0.378516 0.0576172 0.378906 0.0581055 0.378906 0.0610352 0.380078 0.0625 0.380078 0.0639648 0.380859 0.0649414 0.380859 0.0654297 0.382031 0.0668945 0.383984 0.0668945 0.385156 0.0654297 0.385156 0.0629883 0.385547 0.0625 0.385547 0.0605469 0.385937 0.0600586 0.385937 0.0595703 0.386328 0.059082 0.386328 0.0493164 0.385547 0.0483398 0.385547 0.0473633 0.385156 0.046875 0.385156 0.0458984 0.384766 0.0454102 0.384766 0.0444336 0.383984 0.043457 0.383984 0.0429688 0.382422 0.0410156 0.382422 0.0405273 0.382031 0.0400391 0.382031 0.0390625 0.38125 0.0380859 0.38125 0.0366211 0.380469 0.0356445 0.380469 0.034668 0.380078 0.0341797 0.380078 0.0336914 0.379688 0.0332031 0.379688 0.0327148 0.379297 0.0322266 0.379297 0.03125 0.378906 0.0307617 0.378906 0.0297852 0.379297 0.0292969 0.379297 0.0273438 0.378125 0.0258789 0.378125 0.0239258 0.376953 0.0224609
1 0.387891 0.186523 0.3875 0.187012 0.385547 0.187012 0.385156 0.1875 0.383203 0.1875 0.382812 0.187988 0.378906 0.187988 0.378516 0.188477 0.377344 0.188477 0.376953 0.188965 0.373828 0.188965 0.373437 0.189453 0.372656 0.189453 0.372266 0.189941 0.369141 0.189941 0.36875 0.19043 0.367969 0.19043 0.367578 0.190918 0.366016 0.190918 0.365625 0.191406 0.363281 0.191406 0.362891 0.190918 0.361328 0.190918 0.360938 0.19043 0.358594 0.19043 0.357422 0.191895 0.357422 0.192383 0.356641 0.193359 0.356641 0.195312 0.357812 0.196777 0.358594 0.196777 0.359375 0.197754 0.359766 0.197754 0.360156 0.198242 0.360938 0.198242 0.361328 0.19873 0.361719 0.19873 0.362109 0.199219 0.362891 0.199219 0.363281 0.199707 0.363672 0.199707 0.364063 0.200195 0.364844 0.200195 0.365234 0.200684 0.365625 0.200684 0.366016 0.201172 0.366406 0.201172 0.367188 0.202148 0.367969 0.202148 0.36875 0.203125 0.377734 0.203125 0.378125 0.202637 0.380078 0.202637 0.380469 0.202148 0.38125 0.202148 0.381641 0.20166 0.382031 0.20166 0.382422 0.201172 0.382812 0.201172 0.383203 0.200684 0.383594 0.200684 0.383984 0.200195 0.384766 0.200195 0.385937 0.19873 0.386328 0.19873 0.386719 0.198242 0.387109 0.198242 0.388281 0.196777 0.388672 0.196777 0.390234 0.194824 0.390625 0.194824 0.392969 0.191895 0.392969 0.188965 0.391016 0.186523
1 0.335547 0.176758 0.334375 0.178223 0.334375 0.181641 0.334766 0.182129 0.334766 0.182617 0.335547 0.183594 0.335547 0.184082 0.336719 0.185547 0.337109 0.185547 0.338672 0.1875 0.339062 0.1875 0.339844 0.188477 0.340234 0.188477 0.341406 0.189941 0.341797 0.189941 0.342578 0.190918 0.343359 0.190918 0.34375 0.191406 0.344141 0.191406 0.344531 0.191895 0.345313 0.191895 0.345703 0.192383 0.346484 0.192383 0.346875 0.192871 0.347656 0.192871 0.348047 0.193359 0.348438 0.193359 0.348828 0.193848 0.349609 0.193848 0.35 0.194336 0.350391 0.194336 0.351172 0.195312 0.351562 0.195312 0.352734 0.196777 0.353125 0.196777 0.357422 0.202148 0.359375 0.202148 0.360547 0.200684 0.360547 0.197754 0.360156 0.197266 0.360156 0.196777 0.359766 0.196289 0.359766 0.195312 0.359375 0.194824 0.359375 0.193359 0.358984 0.192871 0.358984 0.192383 0.358594 0.191895 0.358594 0.19043 0.358203 0.189941 0.358203 0.189453 0.357422 0.188477 0.357422 0.187988 0.355859 0.186035 0.355469 0.186035 0.354687 0.185059 0.353906 0.185059 0.352734 0.183594 0.352344 0.183594 0.351953 0.183105 0.351562 0.183105 0.351172 0.182617 0.350391 0.182617 0.349219 0.181152 0.348828 0.181152 0.348438 0.180664 0.347656 0.180664 0.347266 0.180176 0.346875 0.180176 0.346484 0.179688 0.344922 0.179688 0.344531 0.179199 0.343359 0.179199 0.342969 0.178711 0.341797 0.178711 0.341406 0.178223 0.341016 0.178223 0.340625 0.177734 0.339844 0.177734 0.339453 0.177246 0.337891 0.177246 0.3375 0.176758
1 0.34375 0.168457 0.342578 0.169922 0.342578 0.172363 0.342969 0.172852 0.342969 0.17334 0.344531 0.175293 0.344531 0.175781 0.345703 0.177246 0.345703 0.177734 0.347266 0.179688 0.347266 0.180176 0.349609 0.183105 0.35 0.183105 0.350781 0.184082 0.351172 0.184082 0.352344 0.185547 0.352734 0.185547 0.353125 0.186035 0.353516 0.186035 0.354297 0.187012 0.354687 0.187012 0.355859 0.188477 0.356641 0.188477 0.357031 0.188965 0.358594 0.188965 0.358984 0.189453 0.362109 0.189453 0.3625 0.189941 0.364063 0.189941 0.364453 0.19043 0.374219 0.19043 0.374609 0.189941 0.375781 0.189941 0.377344 0.187988 0.377344 0.185547 0.375781 0.183594 0.375391 0.183594 0.373437 0.181152 0.373047 0.181152 0.372656 0.180664 0.372266 0.180664 0.371875 0.180176 0.371484 0.180176 0.370703 0.179199 0.369531 0.179199 0.369141 0.178711 0.36875 0.178711 0.368359 0.178223 0.367578 0.178223 0.367188 0.177734 0.366797 0.177734 0.366406 0.177246 0.364844 0.177246 0.364453 0.176758 0.363281 0.176758 0.362891 0.17627 0.361328 0.17627 0.360938 0.175781 0.360547 0.175781 0.360156 0.175293 0.359766 0.175293 0.359375 0.174805 0.358203 0.174805 0.357812 0.174316 0.357422 0.174316 0.357031 0.173828 0.356641 0.173828 0.35625 0.17334 0.355859 0.17334 0.355469 0.172852 0.355078 0.172852 0.354687 0.172363 0.354297 0.172363 0.353516 0.171387 0.352734 0.171387 0.351953 0.17041 0.351562 0.17041 0.351172 0.169922 0.350781 0.169922 0.350391 0.169434 0.35 0.169434 0.349219 0.168457
0 0.59375 0.70459 0.594141 0.709961 0.598828 0.714355 0.612109 0.717773 0.619531 0.716309 0.619922 0.712891 0.616016 0.705078 0.608594 0.699219 0.599609 0.69873 0.595703 0.700684
2 0.162891 0.529297 0.160156 0.526367 0.153906 0.526367 0.1375 0.531738 0.136719 0.533691 0.145703 0.539062 0.151953 0.539062 0.161328 0.533203
1 0.655469 0.196289 0.654687 0.197266 0.653516 0.197266 0.653125 0.197754 0.651953 0.197754 0.651563 0.198242 0.650391 0.198242 0.65 0.19873 0.649609 0.19873 0.649219 0.199219 0.645703 0.199219 0.645312 0.199707 0.644922 0.199707 0.644531 0.200195 0.642969 0.200195 0.642188 0.201172 0.641797 0.201172 0.639844 0.203613 0.639844 0.204102 0.639453 0.20459 0.639062 0.20459 0.637891 0.206055 0.637891 0.206543 0.6375 0.207031 0.6375 0.211426 0.639453 0.213867 0.639844 0.213867 0.641016 0.215332 0.641797 0.215332 0.642188 0.21582 0.649219 0.21582 0.649609 0.215332 0.651953 0.215332 0.652734 0.214355 0.654297 0.214355 0.654687 0.213867 0.655078 0.213867 0.655469 0.213379 0.65625 0.213379 0.657031 0.212402 0.657813 0.212402 0.658203 0.211914 0.658594 0.211914 0.658984 0.211426 0.659766 0.211426 0.660937 0.209961 0.661328 0.209961 0.662109 0.208984 0.6625 0.208984 0.662891 0.208496 0.663672 0.208496 0.664453 0.20752 0.664844 0.20752 0.665234 0.207031 0.665625 0.207031 0.666797 0.205566 0.666797 0.204102 0.667188 0.203613 0.667188 0.199707 0.666016 0.198242 0.665234 0.198242 0.664844 0.197754 0.664453 0.197754 0.663672 0.196777 0.662891 0.196777 0.6625 0.196289
2 0.669141 0.196777 0.667969 0.198242 0.667969 0.20166 0.668359 0.202148 0.668359 0.203125 0.669141 0.204102 0.669141 0.20459 0.670703 0.206543 0.670703 0.207031 0.673438 0.210449 0.673438 0.210938 0.673828 0.211426 0.673828 0.211914 0.674609 0.212891 0.674609 0.213379 0.675 0.213867 0.675 0.214844 0.675781 0.21582 0.675781 0.217285 0.676953 0.21875 0.676953 0.219238 0.678125 0.220703 0.678125 0.221191 0.678516 0.22168 0.678516 0.222168 0.679297 0.223145 0.679297 0.223633 0.680469 0.225098 0.680859 0.225098 0.68125 0.225586 0.683984 0.225586 0.685547 0.223633 0.685547 0.222168 0.685937 0.22168 0.685937 0.217285 0.685547 0.216797 0.685547 0.216309 0.685156 0.21582 0.685156 0.215332 0.684766 0.214844 0.684766 0.214355 0.682813 0.211914 0.682813 0.211426 0.682031 0.210449 0.682031 0.209961 0.679297 0.206543 0.679297 0.206055 0.678906 0.205566 0.678906 0.205078 0.677734 0.203613 0.677734 0.202637 0.674609 0.19873 0.674219 0.19873 0.673047 0.197266 0.672656 0.197266 0.672266 0.196777
1 0.480469 0.653809 0.480078 0.654297 0.477344 0.654297 0.476562 0.655273 0.472266 0.655273 0.471484 0.65625 0.471094 0.65625 0.470703 0.656738 0.470313 0.656738 0.467578 0.660156 0.467187 0.660156 0.466406 0.661133 0.466016 0.661133 0.464453 0.663086 0.464062 0.663086 0.462891 0.664551 0.462891 0.666504 0.464062 0.667969 0.465625 0.667969 0.467187 0.669922 0.46875 0.669922 0.470313 0.667969 0.470703 0.667969 0.471094 0.66748 0.472266 0.66748 0.473047 0.666504 0.473828 0.666504 0.474219 0.666016 0.49375 0.666016 0.494922 0.664551 0.494922 0.662109 0.49375 0.660645 0.49375 0.660156 0.492578 0.658691 0.492188 0.658691 0.490625 0.656738 0.489844 0.656738 0.488672 0.655273 0.488281 0.655273 0.487891 0.654785 0.487109 0.654785 0.486719 0.654297 0.485938 0.654297 0.485547 0.653809
1 0.645703 0.708496 0.641016 0.705566 0.633594 0.706543 0.627734 0.711914 0.627734 0.716797 0.630859 0.720703 0.640234 0.719238 0.646094 0.713867
1 0.466406 0.431641 0.461328 0.428711 0.455469 0.429199 0.451172 0.431641 0.447266 0.438477 0.448047 0.443848 0.450781 0.446777 0.455078 0.446777 0.459766 0.444336 0.466797 0.436035
1 0.463281 0.373047 0.458594 0.37207 0.453125 0.375977 0.450391 0.384277 0.450391 0.392578 0.451953 0.395996 0.455469 0.396484 0.458203 0.394531 0.462891 0.387207 0.464453 0.381836
1 0.543359 0.303223 0.537109 0.30127 0.529297 0.302246 0.521094 0.306641 0.51875 0.310059 0.519141 0.313965 0.524609 0.317383 0.533984 0.31543 0.540625 0.30957
1 0.527344 0.198242 0.522656 0.200195 0.519141 0.210938 0.520703 0.220215 0.524609 0.222656 0.528906 0.220703 0.53125 0.214844 0.531641 0.205078 0.530078 0.200195
1 0.44375 0.145508 0.438086 0.150684 0.450391 0.155273 0.460547 0.154297 0.464844 0.151367 0.465625 0.147949 0.463672 0.143066 0.457813 0.140625 0.447656 0.141113
2 0.704688 0.0673828 0.700781 0.0683594 0.6875 0.0874023 0.684766 0.0966797 0.692578 0.0957031 0.698438 0.0908203 0.704297 0.0756836 0.705469 0.0693359
0 0.899609 0.165039 0.897266 0.162109 0.894141 0.162109 0.888281 0.166016 0.882422 0.173828 0.882812 0.181152 0.889062 0.182617 0.897266 0.174805
1 0.326172 0.260254 0.320703 0.260742 0.315234 0.268555 0.312109 0.28125 0.313281 0.285645 0.31875 0.28418 0.325781 0.274414 0.327734 0.26709
1 0.354609 0.146045 0.345703 0.146973 0.338672 0.150391 0.332813 0.158203 0.333203 0.166992 0.336719 0.168945 0.342578 0.166992 0.350391 0.155762
1 0.385937 0.32959 0.386328 0.334961 0.388281 0.337402 0.396094 0.341797 0.405469 0.343262 0.410547 0.341309 0.4125 0.338379 0.407813 0.32959 0.401562 0.325195 0.391406 0.324219
0 0.744531 0.313965 0.743359 0.311035 0.741016 0.309082 0.736719 0.30957 0.733594 0.311523 0.732031 0.311523 0.731641 0.312012 0.727734 0.312012 0.725391 0.312988 0.721094 0.313477 0.719141 0.31543 0.718359 0.317383 0.717969 0.321289 0.717578 0.321777 0.717969 0.324707 0.71875 0.32666 0.719922 0.328125 0.723437 0.32959 0.728125 0.32959 0.728516 0.329102 0.732031 0.329102 0.732422 0.328613 0.733594 0.328613 0.739453 0.325684 0.742188 0.322266 0.744141 0.318359
0 0.889062 0.324219 0.887891 0.32373 0.8875 0.324219 0.885156 0.324219 0.883984 0.324707 0.881641 0.327148 0.880078 0.328125 0.876953 0.333008 0.875 0.339355 0.875 0.342285 0.874219 0.344727 0.873828 0.350098 0.873437 0.350586 0.873437 0.352539 0.872656 0.355469 0.872656 0.359375 0.873437 0.361328 0.876953 0.36084 0.880859 0.356445 0.882031 0.354004 0.885938 0.349121 0.886328 0.347656 0.888281 0.344238 0.889453 0.341309 0.889453 0.339355 0.889844 0.338867 0.889844 0.336914 0.890625 0.334961 0.890625 0.332031 0.891016 0.331543 0.890625 0.32666
1 0.777734 0.158203 0.776563 0.157227 0.766406 0.157227 0.759375 0.161621 0.757812 0.164062 0.751172 0.168945 0.748437 0.174316 0.748828 0.179688 0.749609 0.180176 0.757422 0.180176 0.759375 0.179199 0.762891 0.178711 0.764453 0.177734 0.775781 0.165527 0.776172 0.164062 0.776953 0.163086
1 0.771094 0.145996 0.769141 0.144043 0.767188 0.144043 0.763281 0.147949 0.759531 0.148682 0.75793 0.14873 0.756641 0.148926 0.755469 0.149121 0.754844 0.149316 0.753867 0.149707 0.752812 0.150244 0.751289 0.15083 0.75 0.151855 0.742969 0.157227 0.739453 0.163574 0.739062 0.165039 0.739453 0.16748 0.740625 0.168945 0.742578 0.169922 0.748828 0.169922 0.749219 0.169434 0.751563 0.168945 0.753125 0.166992 0.75625 0.165039 0.759375 0.161133 0.763281 0.158691 0.764844 0.156738 0.767109 0.153223 0.769531 0.150391
2 0.809766 0.186523 0.808594 0.187988 0.808594 0.191895 0.810156 0.197754 0.810937 0.19873 0.8125 0.203125 0.8125 0.205078 0.813672 0.208496 0.813672 0.213867 0.814453 0.215332 0.817578 0.217285 0.81875 0.217285 0.821094 0.213379 0.821094 0.211426 0.822656 0.205566 0.822656 0.200195 0.820703 0.196289 0.817578 0.191895 0.810937 0.186523
1 0.466797 0.66748 0.465625 0.666504 0.462891 0.666504 0.460547 0.668945 0.456641 0.670898 0.455469 0.670898 0.451953 0.672852 0.450781 0.672852 0.447656 0.675293 0.446484 0.676758 0.445703 0.678711 0.443359 0.681641 0.441406 0.685547 0.441016 0.687012 0.441016 0.69043 0.441406 0.691406 0.442969 0.693359 0.444141 0.693848 0.448047 0.693848 0.451953 0.691895 0.45625 0.687988 0.459375 0.686035 0.466797 0.674805 0.467187 0.673828 0.467187 0.668945
1 0.492188 0.665527 0.491016 0.664062 0.487891 0.664062 0.4875 0.664551 0.482812 0.665039 0.482422 0.665527 0.475 0.66748 0.473828 0.668457 0.471094 0.669434 0.469922 0.67041 0.469141 0.671875 0.468359 0.674805 0.468359 0.679199 0.469141 0.682129 0.471094 0.683105 0.473438 0.683105 0.473828 0.683594 0.476562 0.683105 0.478125 0.682129 0.479297 0.682129 0.481641 0.681152 0.485938 0.677734 0.488672 0.67627 0.490234 0.674805 0.492578 0.669922 0.492578 0.666504
1 0.471875 0.626465 0.470703 0.626465 0.469141 0.62793 0.468359 0.629883 0.466406 0.632812 0.464453 0.638184 0.4625 0.641602 0.4625 0.643066 0.462109 0.643555 0.462109 0.647461 0.461719 0.647949 0.461719 0.651367 0.461328 0.651855 0.461328 0.65625 0.460938 0.656738 0.460547 0.663574 0.460156 0.664062 0.460156 0.666016 0.460547 0.666992 0.462109 0.668457 0.463672 0.668457 0.466797 0.666016 0.468359 0.657715 0.469531 0.655273 0.469531 0.654297 0.471484 0.650391 0.471875 0.646484 0.473047 0.643555 0.473438 0.640625 0.474219 0.63916 0.474219 0.637695 0.474609 0.637207 0.474609 0.629395 0.473438 0.627441
1 0.489453 0.626465 0.489453 0.627441 0.491406 0.630371 0.491797 0.634277 0.492188 0.634766 0.492188 0.63623 0.493359 0.640625 0.495703 0.644043 0.497266 0.64502 0.499219 0.647461 0.501172 0.648926 0.504297 0.648926 0.504687 0.649414 0.505859 0.649414 0.50625 0.648926 0.507812 0.648926 0.509375 0.647949 0.510547 0.647949 0.512109 0.646484 0.512109 0.643066 0.511719 0.641602 0.50625 0.635254 0.5 0.632324 0.497656 0.629395 0.49375 0.626953 0.492578 0.626953 0.491016 0.625977
1 0.475781 0.62207 0.475781 0.624023 0.476953 0.626953 0.476953 0.631348 0.477344 0.631836 0.477344 0.634766 0.477734 0.635254 0.478125 0.638672 0.479297 0.640625 0.480078 0.643066 0.482812 0.647461 0.485156 0.650391 0.489453 0.652344 0.491406 0.652344 0.491797 0.652832 0.498437 0.652832 0.499219 0.652344 0.499609 0.651367 0.499609 0.648926 0.497656 0.64502 0.493359 0.640137 0.492578 0.638184 0.492578 0.636719 0.491797 0.633789 0.490234 0.630859 0.486719 0.626465 0.485547 0.625977 0.482031 0.62207 0.479687 0.620605 0.477344 0.620605
1 0.502734 0.603027 0.501172 0.603027 0.499219 0.604492 0.498047 0.604492 0.497656 0.60498 0.494531 0.60498 0.494141 0.605469 0.492578 0.605469 0.492188 0.605957 0.490625 0.605957 0.490234 0.606445 0.4875 0.606934 0.484766 0.608398 0.482422 0.610352 0.481641 0.610352 0.479297 0.612305 0.476953 0.615234 0.476172 0.618164 0.476562 0.620117 0.478906 0.622559 0.483594 0.623047 0.483984 0.623535 0.486719 0.623535 0.487109 0.623047 0.488281 0.623047 0.490625 0.62207 0.494922 0.617676 0.496484 0.616699 0.497656 0.615234 0.499609 0.611328 0.503125 0.607422 0.503125 0.604004
1 0.54375 0.614746 0.542969 0.615234 0.541016 0.618164 0.540625 0.623047 0.539453 0.625977 0.539453 0.628418 0.539062 0.628906 0.538672 0.640137 0.539062 0.640625 0.539062 0.64502 0.539453 0.645508 0.539453 0.647461 0.539844 0.647949 0.539844 0.649902 0.540234 0.650391 0.540625 0.653809 0.542969 0.658691 0.544141 0.660156 0.545703 0.660156 0.546875 0.658691 0.548438 0.654785 0.548828 0.648926 0.549219 0.648438 0.549219 0.646484 0.55 0.644043 0.55 0.640137 0.550391 0.639648 0.550391 0.631836 0.55 0.631348 0.55 0.626953 0.548047 0.62207 0.547656 0.619141 0.545312 0.614746
1 0.493359 0.571289 0.492578 0.572754 0.492969 0.580566 0.494922 0.585449 0.495703 0.586426 0.495703 0.587402 0.497656 0.591797 0.503516 0.598633 0.508203 0.601074 0.510938 0.601074 0.5125 0.599609 0.512109 0.595703 0.508984 0.592285 0.507031 0.587891 0.507031 0.586914 0.505859 0.583984 0.504687 0.582031 0.500391 0.577148 0.498047 0.573242 0.494922 0.571289
1 0.525391 0.563477 0.521875 0.563965 0.521094 0.564941 0.519922 0.568359 0.519922 0.569824 0.51875 0.574219 0.517578 0.577148 0.515625 0.580078 0.5125 0.587891 0.512109 0.592773 0.512891 0.594238 0.517188 0.59375 0.521094 0.591797 0.522656 0.590332 0.526563 0.584473 0.528125 0.580566 0.528125 0.572754 0.527734 0.572266 0.527734 0.570312 0.527344 0.569824 0.527344 0.568359 0.526563 0.56543
1 0.573828 0.588867 0.572266 0.588867 0.570312 0.593262 0.568359 0.595215 0.567187 0.599609 0.567187 0.601562 0.566797 0.602051 0.566797 0.60791 0.568359 0.612793 0.569922 0.614746 0.571484 0.615723 0.574609 0.615234 0.576172 0.614258 0.577344 0.612793 0.578125 0.609863 0.579297 0.607422 0.579297 0.604492 0.579688 0.604004 0.578906 0.595703 0.575781 0.590332
1 0.587109 0.625488 0.585938 0.628418 0.585938 0.63916 0.586328 0.639648 0.586328 0.643555 0.587109 0.646484 0.589453 0.650879 0.590234 0.65332 0.591797 0.655762 0.592969 0.655762 0.593359 0.65625 0.596484 0.65625 0.598047 0.654785 0.598047 0.647949 0.597656 0.647461 0.597266 0.64209 0.596094 0.637695 0.59375 0.632324 0.592969 0.629395 0.591016 0.626953 0.588672 0.625488
1 0.572266 0.669434 0.572266 0.673828 0.573828 0.675781 0.578125 0.678711 0.582422 0.679688 0.583984 0.680664 0.588281 0.681152 0.588672 0.681641 0.592969 0.681641 0.593359 0.681152 0.595313 0.681152 0.595703 0.680664 0.598047 0.680176 0.598828 0.679688 0.600391 0.677246 0.6 0.673828 0.599219 0.672363 0.596875 0.67041 0.592187 0.66748 0.591016 0.66748 0.590625 0.666992 0.589063 0.666992 0.588672 0.666504 0.579297 0.666504 0.578906 0.666992 0.575781 0.666992 0.573047 0.668457
2 0.669531 0.752441 0.666016 0.752441 0.665234 0.75293 0.664062 0.754883 0.663672 0.756836 0.662891 0.758301 0.6625 0.76416 0.662891 0.764648 0.663281 0.767578 0.664844 0.769043 0.667969 0.768555 0.669531 0.76709 0.671094 0.76416 0.671484 0.760254 0.671875 0.759766 0.671484 0.754883 0.670703 0.753418
1 0.647656 0.769531 0.645703 0.769043 0.644531 0.77002 0.642188 0.770508 0.639453 0.773438 0.633984 0.775879 0.629297 0.781738 0.628906 0.781738 0.626172 0.785645 0.625781 0.787109 0.626172 0.789062 0.627344 0.790039 0.630859 0.790039 0.63125 0.789551 0.632422 0.789551 0.633984 0.788574 0.635156 0.788574 0.638672 0.787109 0.644922 0.779785 0.646484 0.776855 0.648047 0.772461 0.648047 0.770508
1 0.606641 0.750977 0.60625 0.752441 0.607422 0.755371 0.610547 0.759277 0.613672 0.76123 0.616797 0.76416 0.619531 0.765625 0.622266 0.768066 0.625 0.769531 0.626172 0.770996 0.630859 0.773438 0.635547 0.773438 0.636719 0.772461 0.637109 0.771484 0.637109 0.769531 0.636328 0.766602 0.631641 0.761719 0.629297 0.759766 0.625781 0.757812 0.623047 0.754883 0.616797 0.751953 0.615625 0.751953 0.613672 0.750977 0.612109 0.750977 0.611719 0.750488 0.607812 0.750488
1 0.573047 0.734863 0.571875 0.733887 0.567969 0.733887 0.567578 0.734375 0.564453 0.734863 0.561719 0.736328 0.560547 0.736328 0.560156 0.736816 0.558984 0.736816 0.555469 0.738281 0.553906 0.739746 0.549609 0.742188 0.547656 0.744629 0.547266 0.746094 0.547266 0.749023 0.548438 0.750488 0.551953 0.751953 0.557813 0.751465 0.558203 0.750977 0.560547 0.750977 0.561719 0.750488 0.564063 0.748535 0.566406 0.747559 0.569141 0.745117 0.573047 0.737305
1 0.567187 0.758789 0.566406 0.757812 0.564453 0.757324 0.561719 0.758789 0.555859 0.759766 0.551562 0.762207 0.550391 0.763672 0.548828 0.764648 0.546484 0.768066 0.544922 0.772461 0.542969 0.776367 0.542578 0.777832 0.542578 0.781738 0.542969 0.783203 0.544531 0.784668 0.549219 0.78418 0.551562 0.782715 0.552344 0.782715 0.559766 0.776367 0.562891 0.770996 0.562891 0.77002 0.566016 0.76416 0.566406 0.762207 0.567187 0.760742
1 0.509766 0.699707 0.508984 0.701172 0.509766 0.706055 0.516797 0.719238 0.521875 0.725098 0.524609 0.727539 0.526953 0.728516 0.529297 0.728516 0.531641 0.725098 0.532031 0.719727 0.531641 0.719238 0.531641 0.717285 0.53125 0.716797 0.53125 0.715332 0.530469 0.712402 0.528906 0.708984 0.525781 0.705078 0.522266 0.703125 0.520312 0.702637 0.517578 0.700684 0.515625 0.700195 0.514453 0.699219 0.510547 0.699219
1 0.491406 0.790527 0.490234 0.790527 0.489844 0.791016 0.488672 0.794922 0.485156 0.799316 0.484375 0.802734 0.482422 0.806152 0.480078 0.813477 0.480078 0.81543 0.480859 0.818359 0.482812 0.820312 0.486328 0.820312 0.489453 0.818359 0.491016 0.816406 0.491797 0.813965 0.494141 0.80957 0.494531 0.806641 0.494922 0.806152 0.494922 0.797852 0.493359 0.792969
1 0.479297 0.759277 0.477734 0.759766 0.476172 0.763672 0.474219 0.766113 0.473047 0.770996 0.471094 0.774902 0.471094 0.777344 0.470703 0.777832 0.470703 0.791504 0.471094 0.791992 0.471094 0.79541 0.472266 0.79834 0.472266 0.799316 0.473828 0.801758 0.475781 0.801758 0.477344 0.800293 0.479297 0.797363 0.48125 0.791016 0.48125 0.789062 0.482031 0.786621 0.482422 0.775391 0.482031 0.774902 0.482031 0.772461 0.481641 0.771973 0.48125 0.765625 0.480859 0.765137 0.480859 0.763672 0.480078 0.760742
1 0.560156 0.998047 0.560156 1 0.573828 1 0.573828 0.998047 0.573438 0.997559 0.56875 0.995605 0.564844 0.995605 0.564453 0.996094 0.562891 0.996094 0.560937 0.99707
1 0.646094 0.946289 0.645312 0.943848 0.644531 0.942871 0.642188 0.941406 0.639453 0.938965 0.633984 0.938477 0.633594 0.938965 0.629687 0.939453 0.626172 0.940918 0.622656 0.945312 0.620703 0.946777 0.620313 0.947754 0.620313 0.950684 0.621094 0.952148 0.622656 0.953125 0.624609 0.953125 0.625 0.953613 0.628125 0.953613 0.628516 0.954102 0.636328 0.953613 0.636719 0.953125 0.641016 0.952637 0.644141 0.951172 0.645703 0.949219 0.646094 0.948242
1 0.666797 0.942871 0.666016 0.941895 0.663672 0.940918 0.658984 0.940918 0.658594 0.941406 0.655469 0.941406 0.655078 0.941895 0.652734 0.942383 0.65 0.944336 0.647656 0.947266 0.645703 0.953125 0.645703 0.955078 0.646875 0.956543 0.649609 0.958008 0.651953 0.958008 0.652344 0.958496 0.655078 0.958008 0.657031 0.956055 0.658203 0.955566 0.664062 0.948242 0.664844 0.946289 0.666797 0.943848
1 0.702344 0.973633 0.701953 0.973145 0.701953 0.971191 0.701562 0.970215 0.697656 0.968262 0.696484 0.968262 0.696094 0.967773 0.694922 0.967773 0.694531 0.967285 0.693359 0.967285 0.692969 0.966797 0.689063 0.966797 0.686328 0.968262 0.680078 0.969727 0.673047 0.973633 0.672266 0.974609 0.671875 0.976074 0.671875 0.979004 0.673828 0.980469 0.677734 0.981445 0.678125 0.981934 0.684375 0.982422 0.685156 0.98291 0.685547 0.982422 0.687109 0.982422 0.688672 0.981445 0.691406 0.980957 0.697656 0.977539 0.699609 0.977051 0.701172 0.976074 0.702344 0.974609
1 0.723828 0.958496 0.723828 0.961426 0.724609 0.963867 0.728125 0.968262 0.729688 0.96875 0.732422 0.970703 0.734766 0.97168 0.735938 0.97168 0.736328 0.972168 0.741797 0.972656 0.742188 0.973145 0.748437 0.972656 0.750781 0.971191 0.750781 0.969238 0.75 0.967773 0.75 0.966797 0.747656 0.962402 0.741797 0.958984 0.739844 0.957031 0.739062 0.957031 0.737891 0.956055 0.733984 0.955078 0.733594 0.95459 0.728125 0.95459 0.725391 0.956055
1 0.7875 0.878418 0.7875 0.880859 0.790234 0.886719 0.793359 0.889648 0.798828 0.893555 0.803906 0.894043 0.807422 0.892578 0.810937 0.890625 0.8125 0.887207 0.8125 0.883301 0.811328 0.880371 0.810156 0.878906 0.808984 0.878906 0.805469 0.877441 0.803516 0.877441 0.803125 0.876953 0.789062 0.876953 0.787891 0.877441
1 0.770703 0.863281 0.770703 0.866211 0.772266 0.869629 0.774609 0.872559 0.782813 0.878906 0.785547 0.878906 0.7875 0.87793 0.787891 0.875488 0.786719 0.871094 0.781641 0.865234 0.778906 0.862793 0.778125 0.862793 0.776172 0.861328 0.771875 0.861328
1 0.741016 0.802246 0.739453 0.801758 0.7375 0.803711 0.736719 0.803711 0.733984 0.806152 0.732812 0.806641 0.726562 0.813965 0.725391 0.816895 0.725391 0.817871 0.724609 0.818848 0.721484 0.82666 0.720703 0.82959 0.721094 0.833984 0.721875 0.834961 0.723828 0.835938 0.725781 0.835449 0.727734 0.833496 0.729688 0.83252 0.73125 0.831055 0.734766 0.826172 0.739453 0.81543 0.741016 0.80957 0.741016 0.807617 0.741406 0.807129 0.741406 0.803711
1 0.661328 0.67334 0.660156 0.674316 0.659375 0.677246 0.659375 0.697266 0.659766 0.697754 0.660156 0.707031 0.660547 0.70752 0.660547 0.709473 0.6625 0.716309 0.664453 0.718262 0.667188 0.718262 0.668359 0.716797 0.669141 0.714355 0.669922 0.706543 0.670312 0.706055 0.670312 0.700684 0.670703 0.700195 0.670312 0.689453 0.669531 0.6875 0.668359 0.686035 0.666016 0.679688 0.663672 0.676758 0.662891 0.674316
1 0.730469 0.723633 0.728906 0.722168 0.725 0.722656 0.721094 0.724609 0.71875 0.727051 0.714063 0.729004 0.712891 0.72998 0.708203 0.736328 0.708203 0.736816 0.705469 0.739746 0.703516 0.743652 0.703516 0.744629 0.703906 0.745117 0.707812 0.745117 0.708203 0.744629 0.709375 0.744629 0.712109 0.742676 0.717969 0.740723 0.723828 0.736816 0.724609 0.73584 0.726172 0.731934 0.729297 0.728027 0.729688 0.726562 0.730469 0.725586
1 0.728125 0.685547 0.725391 0.6875 0.723828 0.689453 0.723047 0.692383 0.723047 0.693848 0.722656 0.694336 0.722656 0.696289 0.722266 0.696777 0.722266 0.700195 0.722656 0.700684 0.723047 0.708008 0.725 0.715332 0.725781 0.717285 0.727344 0.719238 0.729688 0.719238 0.730859 0.718262 0.733203 0.714844 0.735547 0.708984 0.735547 0.70166 0.735156 0.701172 0.735156 0.697754 0.734766 0.697266 0.734766 0.691895 0.733594 0.687988 0.73125 0.686035
1 0.735547 0.657715 0.734375 0.659668 0.734375 0.671387 0.733984 0.671875 0.733984 0.674805 0.735938 0.681152 0.738281 0.683594 0.741797 0.685059 0.742969 0.685059 0.743359 0.685547 0.744531 0.685547 0.747656 0.684082 0.748828 0.682129 0.748828 0.680176 0.749219 0.679688 0.749219 0.67334 0.748828 0.672852 0.748828 0.67041 0.747656 0.666016 0.744922 0.662598 0.739844 0.658203 0.737891 0.658203 0.7375 0.657715
1 0.838281 0.672852 0.837109 0.674316 0.836328 0.677734 0.833984 0.682129 0.833594 0.685059 0.832422 0.687988 0.832422 0.689453 0.832031 0.689941 0.832031 0.691895 0.832422 0.692383 0.832422 0.697266 0.832812 0.697754 0.833203 0.70166 0.833984 0.703613 0.837109 0.708008 0.837891 0.708496 0.841797 0.708496 0.842969 0.706543 0.843359 0.703613 0.84375 0.703125 0.84375 0.699219 0.844141 0.69873 0.844141 0.687012 0.843359 0.684082 0.843359 0.681641 0.842578 0.679688 0.842578 0.678223 0.841406 0.673828
1 0.932422 0.616211 0.928516 0.616211 0.928125 0.616699 0.926953 0.616699 0.925 0.618164 0.924219 0.618164 0.922656 0.620117 0.919531 0.626953 0.919531 0.628418 0.91875 0.630859 0.91875 0.632812 0.918359 0.633301 0.917969 0.63916 0.918359 0.639648 0.918359 0.641602 0.91875 0.64209 0.919141 0.645508 0.920312 0.647461 0.923438 0.646973 0.924609 0.645996 0.925781 0.643555 0.930078 0.638184 0.93125 0.634766 0.933203 0.630859 0.933203 0.629883 0.934375 0.626953 0.934375 0.625 0.934766 0.624512 0.934766 0.619141 0.934375 0.618164
1 0.850391 0.543457 0.848828 0.543457 0.844531 0.548828 0.843359 0.552734 0.841016 0.555664 0.840234 0.558594 0.840234 0.560059 0.839844 0.560547 0.839844 0.563965 0.839453 0.564941 0.839844 0.56543 0.839844 0.568848 0.840234 0.569336 0.840625 0.573242 0.842969 0.579102 0.844531 0.581543 0.845703 0.58252 0.849219 0.582031 0.850391 0.57959 0.850391 0.578125 0.850781 0.577637 0.851172 0.569336 0.851562 0.568848 0.851562 0.555176 0.851953 0.554688 0.851953 0.55127 0.851562 0.550781 0.851562 0.546875 0.851172 0.546387 0.851172 0.544922
1 0.790234 0.520508 0.788281 0.524902 0.788281 0.527344 0.786719 0.533203 0.787109 0.541016 0.7875 0.541504 0.7875 0.543457 0.787891 0.543945 0.788281 0.547363 0.790234 0.553711 0.791406 0.555664 0.794141 0.558105 0.796094 0.558105 0.798828 0.555176 0.799609 0.552734 0.8 0.549316 0.800391 0.548828 0.800391 0.546387 0.800781 0.545898 0.800781 0.539062 0.800391 0.538574 0.800391 0.536133 0.799219 0.531738 0.796875 0.528809 0.795312 0.524902 0.791797 0.520508
1 0.735156 0.52002 0.734375 0.518555 0.733203 0.517578 0.728906 0.517578 0.725 0.52002 0.720703 0.521484 0.71875 0.523438 0.713281 0.526367 0.709375 0.530273 0.707031 0.531738 0.705469 0.535645 0.705469 0.538086 0.707422 0.540527 0.711328 0.54248 0.716797 0.54248 0.717187 0.541992 0.718359 0.541992 0.721875 0.539551 0.722656 0.539551 0.725 0.538086 0.726562 0.536133 0.729297 0.53418 0.732031 0.530273 0.733594 0.526367 0.733594 0.525391 0.735156 0.522461
1 0.860938 0.509766 0.857422 0.507324 0.855859 0.507324 0.855469 0.506836 0.845313 0.506348 0.842969 0.507812 0.838672 0.508789 0.837109 0.509766 0.835547 0.511719 0.830078 0.514648 0.828125 0.51709 0.828125 0.518555 0.830078 0.520508 0.833594 0.522461 0.837109 0.522461 0.8375 0.522949 0.840234 0.522949 0.840625 0.523438 0.848828 0.522461 0.850781 0.521484 0.851953 0.52002 0.857031 0.517578 0.859766 0.51416 0.860156 0.51416 0.860938 0.511719
1 0.998437 0.556641 0.997266 0.557129 0.996094 0.558594 0.993359 0.560547 0.992188 0.563477 0.992188 0.564941 0.994531 0.568359 0.997656 0.570312 1 0.570312 1 0.556641
1 0.995703 0.466797 0.99375 0.466309 0.990625 0.469727 0.988672 0.470215 0.985547 0.472168 0.977734 0.479492 0.976172 0.482422 0.975 0.486816 0.973437 0.48877 0.971875 0.493164 0.972266 0.495605 0.973828 0.497559 0.975781 0.497559 0.980078 0.495605 0.983203 0.492676 0.985938 0.489258 0.988672 0.487305 0.992188 0.482422 0.992969 0.479004 0.995313 0.474609 0.995313 0.473633 0.996094 0.472168 0.996094 0.467773
1 0.9 0.418945 0.896484 0.423828 0.896094 0.42627 0.894922 0.429199 0.893359 0.431641 0.893359 0.433105 0.892969 0.433594 0.892969 0.439453 0.894531 0.443359 0.895703 0.444824 0.898047 0.446289 0.9 0.448242 0.903906 0.44873 0.904687 0.447754 0.905078 0.444336 0.905469 0.443848 0.905078 0.430664 0.903516 0.426758 0.903125 0.423828 0.901172 0.418945
1 0.94316 0.327231 0.938094 0.326514 0.93618 0.324482 0.934508 0.323169 0.933313 0.323525 0.932785 0.325615 0.933262 0.329741 0.934316 0.333506 0.93766 0.338228 0.942633 0.341274 0.947129 0.342173 0.948801 0.341753 0.954348 0.340259 0.957359 0.339302 0.961281 0.33751 0.963145 0.335537 0.963625 0.332788 0.963336 0.330698 0.961426 0.330161 0.957887 0.329741 0.954969 0.328604 0.951957 0.327231 0.950047 0.326631 0.948516 0.326455 0.946844 0.326572 0.944594 0.327173
1 0.665152 0.0983301 0.662371 0.103398 0.660297 0.107729 0.658316 0.113315 0.656922 0.115908 0.657336 0.118389 0.65941 0.118389 0.663672 0.115796 0.669711 0.113057 0.672793 0.108989 0.675277 0.105029 0.678031 0.0984424 0.678652 0.0952197 0.678031 0.0928516 0.67516 0.0911133 0.674063 0.0898926 0.672406 0.0897803 0.670809 0.0902637 0.66832 0.0930029 0.66625 0.0964404
1 0.821684 0.0181934 0.821684 0.0218164 0.821766 0.0259375 0.823172 0.0308936 0.824824 0.0360596 0.825898 0.0415332 0.827469 0.0462842 0.828293 0.0481396 0.830855 0.0481396 0.832344 0.0463867 0.832922 0.045249 0.834078 0.0425635 0.833336 0.0399805 0.833086 0.0370898 0.834078 0.0318262 0.833664 0.0271777 0.831758 0.0197266 0.828555 0.0138672 0.825484 0.0116846 0.823254 0.0116846 0.82218 0.0119971 0.821602 0.01375 0.821602 0.0157129
1 0.872918 0.0140625 0.871918 0.0192236 0.87143 0.0238721 0.871184 0.0300684 0.87209 0.038125 0.873742 0.0440088 0.876379 0.0473145 0.879113 0.047627 0.880766 0.0458691 0.880098 0.0438037 0.879363 0.0422559 0.880344 0.0371924 0.882328 0.0316162 0.88341 0.0273828 0.883566 0.0207715 0.883566 0.0152979 0.88266 0.0104443 0.881344 0.00672852 0.877785 0.00456055 0.875555 0.00414551 0.873652 0.00466309 0.872742 0.00600586 0.872496 0.00775879 0.872668 0.011377
1 0.626953 0.184082 0.625391 0.184082 0.624219 0.185059 0.623437 0.185059 0.619531 0.1875 0.61875 0.188477 0.616797 0.194336 0.613672 0.200195 0.613672 0.201172 0.611719 0.206543 0.611328 0.209961 0.610547 0.211914 0.610547 0.216797 0.610938 0.218262 0.611719 0.219238 0.614844 0.219727 0.616406 0.217773 0.61875 0.212891 0.623437 0.207031 0.624609 0.203613 0.625391 0.202637 0.627734 0.194824 0.627734 0.192383 0.628125 0.191895 0.628125 0.187988 0.627734 0.1875 0.627734 0.185547
1 0.625391 0.147998 0.623906 0.148584 0.623047 0.15332 0.621875 0.155762 0.619531 0.157715 0.618359 0.15918 0.617578 0.161133 0.614062 0.165527 0.610938 0.173828 0.610938 0.176758 0.610156 0.179688 0.609687 0.183887 0.610078 0.187158 0.610859 0.188184 0.6125 0.190625 0.614102 0.190674 0.615625 0.188477 0.616797 0.184863 0.619531 0.180176 0.6225 0.177002 0.624219 0.174316 0.625 0.172852 0.625 0.171875 0.625781 0.17041 0.626953 0.166016 0.627422 0.163721 0.627734 0.160645 0.628047 0.156787 0.627969 0.154199 0.626328 0.148975
1 0.600391 0.140625 0.598828 0.141602 0.598047 0.143555 0.594922 0.148438 0.5875 0.158691 0.586328 0.165527 0.585938 0.166016 0.585938 0.168945 0.585547 0.169434 0.585547 0.176758 0.586719 0.180176 0.587891 0.181152 0.591406 0.180176 0.59375 0.177246 0.596484 0.172852 0.599609 0.168945 0.602344 0.161621 0.602344 0.160156 0.603125 0.158203 0.603516 0.147949 0.603125 0.147461 0.603125 0.144531 0.602734 0.143066
1 0.553516 0.188965 0.553906 0.190918 0.55625 0.194336 0.562109 0.196777 0.564844 0.199219 0.570703 0.202637 0.571484 0.203613 0.572656 0.204102 0.575781 0.204102 0.576172 0.203125 0.576172 0.198242 0.575781 0.197754 0.575781 0.196289 0.573438 0.190918 0.571875 0.188965 0.570703 0.188477 0.56875 0.186523 0.565234 0.185059 0.558984 0.185059 0.555469 0.186523
2 0.65 0.258789 0.646875 0.260254 0.646094 0.262207 0.644922 0.269043 0.643359 0.273926 0.642969 0.277832 0.641016 0.283691 0.641016 0.286133 0.640625 0.286621 0.640625 0.288574 0.639844 0.291016 0.639844 0.293457 0.640234 0.293945 0.640234 0.299316 0.641797 0.301758 0.643359 0.301758 0.644141 0.30127 0.646094 0.298828 0.647266 0.29541 0.648047 0.290527 0.649219 0.288086 0.651563 0.279297 0.652344 0.266602 0.651953 0.266113 0.651563 0.261719
2 0.638672 0.289062 0.637109 0.290039 0.635547 0.293457 0.635547 0.295898 0.636328 0.297363 0.636328 0.301758 0.635938 0.302246 0.635547 0.307129 0.633594 0.313477 0.633984 0.32373 0.634375 0.325195 0.635156 0.326172 0.6375 0.325684 0.639062 0.324219 0.640625 0.318848 0.641016 0.312012 0.641406 0.311523 0.641406 0.306152 0.641016 0.305664 0.641016 0.302246 0.640234 0.299316 0.641016 0.294434 0.639453 0.289551
1 0.576172 0.302246 0.573047 0.302734 0.569141 0.305176 0.567187 0.307617 0.566016 0.310547 0.564883 0.314502 0.564375 0.316504 0.563281 0.317871 0.561719 0.321777 0.561328 0.324707 0.560937 0.325195 0.560937 0.331543 0.562109 0.333496 0.563672 0.334473 0.565625 0.333984 0.567969 0.332031 0.572187 0.325439 0.574688 0.32041 0.574727 0.31416 0.576602 0.310156 0.577695 0.305176 0.577578 0.304004 0.576953 0.303223
1 0.592578 0.251465 0.592969 0.255371 0.594922 0.260254 0.597266 0.263184 0.602344 0.267578 0.605859 0.269043 0.607031 0.27002 0.608203 0.27002 0.610547 0.271484 0.614453 0.272461 0.614844 0.272949 0.619531 0.273438 0.621875 0.271973 0.622266 0.270996 0.622266 0.267578 0.621875 0.266602 0.615625 0.259277 0.607422 0.254395 0.603516 0.253418 0.601953 0.252441 0.600391 0.252441 0.597266 0.250977 0.593359 0.250977
1 0.657422 0.248047 0.656641 0.247559 0.652734 0.247559 0.652344 0.24707 0.640234 0.247559 0.639844 0.248047 0.637891 0.248047 0.636328 0.249023 0.635156 0.249023 0.633203 0.250488 0.632422 0.250488 0.627734 0.253906 0.625391 0.257324 0.625 0.258789 0.624219 0.259766 0.624219 0.26123 0.623828 0.261719 0.623437 0.268066 0.625 0.269043 0.628516 0.269043 0.628906 0.268555 0.631641 0.268066 0.634375 0.266113 0.638672 0.264648 0.641406 0.261719 0.644922 0.259766 0.647656 0.257324 0.654687 0.253906 0.656641 0.251465 0.656641 0.25 0.657422 0.249023
1 0.660937 0.203613 0.659766 0.205566 0.659766 0.209473 0.661328 0.211914 0.661719 0.213379 0.663672 0.21582 0.664453 0.21875 0.664453 0.220703 0.665234 0.222656 0.665234 0.224121 0.666406 0.227539 0.667578 0.229004 0.669141 0.232422 0.670312 0.233398 0.673047 0.236816 0.673047 0.237305 0.676562 0.239258 0.678125 0.239258 0.679688 0.236328 0.680078 0.231934 0.679297 0.229492 0.679297 0.227539 0.678906 0.227051 0.678516 0.223633 0.677734 0.222168 0.677344 0.220215 0.675 0.21582 0.666406 0.205566 0.663281 0.203613
1 0.817969 0.222168 0.817578 0.220703 0.816016 0.21875 0.814063 0.217773 0.805078 0.218262 0.802734 0.219238 0.798828 0.219727 0.797266 0.220703 0.795312 0.223145 0.792969 0.224609 0.789844 0.228027 0.789844 0.229492 0.790625 0.231445 0.792188 0.233398 0.794531 0.234375 0.796484 0.23584 0.798828 0.236328 0.799219 0.236816 0.803906 0.236816 0.804297 0.236328 0.80625 0.236328 0.806641 0.23584 0.810937 0.234863 0.815234 0.230957 0.817187 0.228516 0.817187 0.227539 0.817969 0.226074
1 0.45 0.5 0.45 0.502441 0.453516 0.508301 0.455078 0.510254 0.45625 0.510742 0.457813 0.510742 0.458203 0.51123 0.467187 0.51123 0.467578 0.510742 0.469922 0.510742 0.474609 0.508789 0.475781 0.506836 0.475391 0.501953 0.474219 0.500977 0.472656 0.500977 0.472266 0.500488 0.470313 0.500488 0.469922 0.500977 0.45625 0.500977 0.455859 0.500488 0.452734 0.5 0.451562 0.498535 0.450391 0.498535
2 0.478906 0.499023 0.477734 0.5 0.476953 0.501953 0.476172 0.509277 0.477344 0.513184 0.478125 0.51416 0.480078 0.51416 0.482031 0.513184 0.483203 0.51123 0.483594 0.507324 0.483984 0.506836 0.483984 0.504395 0.483594 0.503906 0.483594 0.501465 0.482812 0.5
1 0.534375 0.517578 0.530078 0.51416 0.528906 0.513672 0.526563 0.513672 0.526172 0.513184 0.519922 0.513184 0.519531 0.513672 0.514062 0.51416 0.509375 0.516113 0.507031 0.518555 0.504297 0.520508 0.503516 0.521973 0.503516 0.525879 0.506641 0.527344 0.507031 0.526855 0.511719 0.526855 0.512109 0.526367 0.521094 0.526367 0.521484 0.525879 0.526172 0.525391 0.526563 0.524902 0.529297 0.524414 0.532031 0.522461
1 0.502734 0.471191 0.500781 0.471191 0.498828 0.472656 0.494141 0.479492 0.493359 0.482422 0.491797 0.48584 0.491797 0.489258 0.491406 0.489746 0.491406 0.497559 0.491797 0.498047 0.491797 0.501953 0.493359 0.503906 0.494922 0.503906 0.494922 0.503418 0.498047 0.5 0.499609 0.496094 0.5 0.493652 0.502734 0.487305 0.503516 0.482422 0.503906 0.481934 0.503906 0.47998 0.504297 0.479492 0.504297 0.474609 0.503516 0.472168
1 0.360156 0.629883 0.360156 0.633789 0.360547 0.635254 0.362109 0.637207 0.366406 0.640137 0.367188 0.640137 0.368359 0.641113 0.371094 0.641602 0.372656 0.642578 0.380469 0.642578 0.383984 0.640625 0.387891 0.63916 0.389062 0.637207 0.389062 0.634766 0.388281 0.633789 0.3875 0.633789 0.383984 0.631836 0.380859 0.628906 0.378516 0.62793 0.377344 0.62793 0.375781 0.626953 0.374609 0.626953 0.374219 0.626465 0.367188 0.626465 0.366797 0.626953 0.364453 0.626953 0.360938 0.628418
1 0.307422 0.55957 0.303906 0.55957 0.301172 0.561035 0.299609 0.5625 0.298047 0.562988 0.294141 0.567383 0.293359 0.569336 0.291016 0.572266 0.289844 0.575195 0.288672 0.57959 0.288281 0.583496 0.287891 0.583984 0.287891 0.588867 0.289453 0.590332 0.291406 0.590332 0.294141 0.586914 0.297266 0.584473 0.303516 0.576172 0.304688 0.572754 0.307031 0.568848 0.308594 0.564453 0.308594 0.562012 0.308203 0.560547
1 0.332422 0.475586 0.331641 0.475098 0.329688 0.475098 0.323828 0.48291 0.321875 0.484375 0.319531 0.487305 0.319531 0.487793 0.314453 0.493652 0.313281 0.49707 0.313281 0.500488 0.313672 0.501953 0.315234 0.503418 0.31875 0.503418 0.321875 0.500977 0.326562 0.498535 0.332031 0.491211 0.333984 0.486328 0.333984 0.479492 0.333594 0.479004 0.333594 0.477051
1 0.336328 0.458496 0.334766 0.456543 0.330469 0.457031 0.325391 0.461426 0.321875 0.465332 0.321094 0.466797 0.320703 0.46875 0.316797 0.473633 0.316406 0.473633 0.313672 0.477539 0.313281 0.479004 0.313672 0.47998 0.313672 0.481934 0.314453 0.48291 0.318359 0.48291 0.321094 0.480469 0.325781 0.477539 0.329297 0.474609 0.331641 0.47168 0.333203 0.470703 0.334375 0.46875 0.336328 0.463379
1 0.255078 0.428711 0.253906 0.431152 0.253906 0.433105 0.254297 0.433594 0.254297 0.439941 0.254688 0.441406 0.257422 0.446777 0.258984 0.451172 0.260547 0.452637 0.262109 0.455078 0.263281 0.458496 0.264062 0.459473 0.264844 0.462891 0.266797 0.465332 0.267969 0.465332 0.269141 0.463379 0.269141 0.460449 0.269531 0.459961 0.269531 0.453125 0.269141 0.452637 0.269141 0.450684 0.26875 0.450195 0.26875 0.44873 0.267578 0.444336 0.263672 0.436523 0.257812 0.429688 0.256641 0.428711
1 0.310156 0.395508 0.307031 0.395996 0.304297 0.398926 0.298828 0.401367 0.296094 0.405762 0.29375 0.407227 0.292578 0.40918 0.291406 0.410156 0.288281 0.416016 0.285938 0.418945 0.284766 0.422852 0.284766 0.424316 0.286719 0.425781 0.290625 0.424805 0.297656 0.42041 0.3 0.419434 0.301172 0.417969 0.302734 0.416992 0.303516 0.415527 0.305469 0.413086 0.307031 0.412109 0.310547 0.407227 0.310547 0.40625 0.311328 0.404785 0.311328 0.397949
1 0.253125 0.388672 0.251172 0.388184 0.25 0.38916 0.248047 0.389648 0.245703 0.391602 0.244141 0.39209 0.242578 0.394043 0.241797 0.395996 0.239453 0.398926 0.237891 0.402832 0.237109 0.403809 0.236719 0.406738 0.236328 0.407227 0.236328 0.413574 0.237891 0.416016 0.240234 0.416992 0.242969 0.415039 0.247656 0.40918 0.248828 0.406738 0.251563 0.402832 0.252734 0.400391 0.253125 0.397461 0.254297 0.394043 0.254297 0.391113
1 0.523047 0.118652 0.524219 0.121582 0.525781 0.123047 0.528125 0.124512 0.53125 0.125488 0.532422 0.126465 0.535937 0.12793 0.537891 0.12793 0.538281 0.128418 0.54375 0.128418 0.544141 0.12793 0.546094 0.12793 0.548438 0.126953 0.552344 0.126953 0.553516 0.126465 0.555859 0.123535 0.555469 0.12207 0.551172 0.119141 0.546875 0.117676 0.544141 0.115723 0.542578 0.115723 0.542188 0.115234 0.539062 0.114746 0.538672 0.114258 0.529687 0.114258 0.529297 0.114746 0.525391 0.114746 0.524219 0.115723
1 0.491797 0.172852 0.491016 0.171875 0.488672 0.170898 0.482422 0.170898 0.482031 0.171387 0.478125 0.171875 0.473438 0.173828 0.471094 0.175293 0.469531 0.177246 0.46875 0.179199 0.466797 0.181152 0.463672 0.185547 0.463281 0.186523 0.463281 0.189941 0.465234 0.190918 0.469531 0.190918 0.469922 0.19043 0.471484 0.19043 0.471875 0.189941 0.474219 0.189453 0.478906 0.186035 0.479687 0.186035 0.483203 0.183105 0.485938 0.179199 0.489844 0.177246 0.491797 0.174805
1 0.422656 0.140137 0.420312 0.139648 0.416797 0.143555 0.414844 0.148438 0.414844 0.149414 0.414062 0.150391 0.413672 0.152344 0.411328 0.15625 0.410547 0.158691 0.410547 0.161133 0.410156 0.161621 0.410156 0.164062 0.409766 0.164551 0.409766 0.17041 0.410156 0.170898 0.410547 0.175781 0.410938 0.17627 0.410938 0.182617 0.412109 0.18457 0.412891 0.18457 0.413672 0.183594 0.417578 0.173828 0.420312 0.17041 0.421484 0.166504 0.421484 0.165039 0.423438 0.160156 0.423438 0.158691 0.424219 0.15625 0.424219 0.154297 0.424609 0.153809 0.424609 0.145996 0.424219 0.145508 0.424219 0.14209 0.423828 0.141113
1 0.393359 0.196289 0.391406 0.196289 0.389062 0.198242 0.387891 0.200195 0.383594 0.205078 0.382812 0.20752 0.379688 0.212891 0.378906 0.21582 0.378906 0.224609 0.380078 0.228516 0.381641 0.229492 0.381641 0.229004 0.384375 0.225586 0.385937 0.220703 0.386719 0.219238 0.387773 0.21582 0.390625 0.212402 0.39375 0.206543 0.394141 0.204102 0.394922 0.202637 0.394922 0.199219 0.394531 0.197754
1 0.353906 0 0.353906 0.00244141 0.355469 0.00634766 0.357422 0.00878906 0.358594 0.00927734 0.359375 0.0102539 0.360938 0.0112305 0.362109 0.0112305 0.362891 0.0107422 0.364844 0.0078125 0.366016 0.00341797 0.366016 0
1 0.149219 0.0634766 0.149219 0.0644531 0.154688 0.0668945 0.157422 0.0698242 0.158984 0.0703125 0.164062 0.0737305 0.166406 0.074707 0.172656 0.0751953 0.173047 0.0756836 0.174219 0.0751953 0.176953 0.0751953 0.182031 0.0727539 0.183594 0.0698242 0.183594 0.0668945 0.183203 0.0654297 0.181641 0.0634766 0.180469 0.0629883 0.177734 0.0605469 0.172266 0.059082 0.170703 0.0581055 0.165234 0.0581055 0.161719 0.0595703 0.159766 0.0595703 0.159375 0.0600586 0.157812 0.0600586 0.157422 0.0605469 0.151562 0.0620117
1 0.0382813 0.224121 0.0371094 0.222656 0.0339844 0.220703 0.0316406 0.220215 0.03125 0.219727 0.0296875 0.219727 0.0292969 0.219238 0.0242188 0.219238 0.0238281 0.219727 0.0210938 0.219727 0.0207031 0.220215 0.0171875 0.220215 0.0148437 0.222656 0.0113281 0.224609 0.00859375 0.228027 0.00859375 0.229492 0.009375 0.231445 0.0117188 0.233398 0.0140625 0.233887 0.0144531 0.234375 0.021875 0.235352 0.0253906 0.233887 0.0296875 0.233398 0.0375 0.22998 0.0382813 0.229004
1 0 0.207031 0 0.210938 0.0015625 0.212207 0.00390625 0.213379 0.00546875 0.213867 0.00871094 0.21582 0.0148437 0.216309 0.0152344 0.21582 0.0179687 0.215332 0.0199219 0.214355 0.0210938 0.212402 0.0210938 0.208496 0.0179687 0.205566 0.0148437 0.204102 0.00546875 0.204102 0.003125 0.205078 0 0.205713
1 0.575 0.533691 0.575781 0.537109 0.582031 0.541016 0.582812 0.541992 0.585547 0.543457 0.587109 0.544922 0.589844 0.54541 0.590234 0.545898 0.593359 0.545898 0.59375 0.546387 0.599609 0.545898 0.605859 0.541992 0.607031 0.540039 0.607031 0.536133 0.605078 0.533691 0.599219 0.530762 0.597656 0.530762 0.595313 0.529785 0.587891 0.529785 0.5875 0.530273 0.584375 0.530273 0.583984 0.530762 0.579688 0.530762 0.576172 0.532227
1 0.1 0.915527 0.1 0.916992 0.102344 0.919434 0.104688 0.920898 0.110547 0.92334 0.115234 0.92334 0.119141 0.920898 0.120313 0.919434 0.121094 0.91748 0.121094 0.915039 0.120703 0.914062 0.119531 0.912598 0.115625 0.910645 0.107031 0.910645 0.102734 0.912598
1 0.635547 0.821777 0.633984 0.821777 0.63125 0.82373 0.630469 0.82373 0.626172 0.827637 0.619531 0.836426 0.618359 0.839844 0.618359 0.841797 0.617578 0.844727 0.617578 0.849121 0.619141 0.853027 0.621875 0.854492 0.623828 0.854492 0.626172 0.850586 0.629297 0.843262 0.630469 0.841797 0.632422 0.836426 0.632422 0.835449 0.633594 0.833008 0.633594 0.832031 0.636328 0.82666 0.636328 0.822754
0 0.11875 0.254395 0.117969 0.255371 0.117188 0.258301 0.117188 0.27002 0.117578 0.270508 0.117578 0.272461 0.117969 0.272949 0.118359 0.275879 0.119531 0.278809 0.121875 0.281738 0.121875 0.282227 0.123828 0.28418 0.131641 0.294434 0.132812 0.294922 0.133594 0.295898 0.135156 0.295898 0.135937 0.294434 0.135937 0.29248 0.136328 0.291992 0.135937 0.287598 0.135547 0.287109 0.135547 0.283203 0.133984 0.277344 0.133984 0.275879 0.133203 0.272949 0.132031 0.270508 0.132031 0.269531 0.13125 0.267578 0.128516 0.264648 0.126953 0.26123 0.122656 0.254883
1 0.992578 0.197754 0.990625 0.200684 0.990625 0.205566 0.994141 0.209473 0.995313 0.209473 0.997266 0.210449 1 0.210449 1 0.196289 0.994531 0.196777
2 0.108594 0.246582 0.10625 0.246582 0.104688 0.247559 0.103125 0.250488 0.103125 0.251953 0.102734 0.252441 0.102734 0.256348 0.101953 0.259277 0.101953 0.263184 0.101562 0.263672 0.100391 0.270508 0.0996094 0.271973 0.0996094 0.272949 0.0980469 0.277344 0.0972656 0.283691 0.0996094 0.28418 0.100391 0.283691 0.101953 0.28125 0.105859 0.278809 0.107813 0.276367 0.109766 0.271484 0.109766 0.268066 0.110156 0.267578 0.110156 0.264648 0.110547 0.26416 0.110547 0.26123 0.110937 0.260742 0.110937 0.250977 0.110156 0.249512 0.110156 0.248535
2 0.464844 0.353516 0.464062 0.353027 0.462109 0.353027 0.459375 0.35498 0.45625 0.355957 0.454688 0.356934 0.452734 0.359375 0.447656 0.362305 0.44375 0.367188 0.440625 0.369141 0.439063 0.371094 0.438281 0.373535 0.438281 0.37793 0.439063 0.378906 0.44375 0.378906 0.449609 0.376465 0.452734 0.374512 0.455469 0.371094 0.457031 0.370117 0.458594 0.368164 0.460547 0.364258 0.464844 0.357422
2 0.402734 0.301758 0.400391 0.299316 0.397266 0.298828 0.396875 0.29834 0.391406 0.297852 0.391016 0.29834 0.386328 0.29834 0.385937 0.298828 0.383984 0.298828 0.380469 0.300781 0.378906 0.300781 0.375391 0.302246 0.373828 0.303711 0.372656 0.305664 0.372656 0.309082 0.373828 0.311035 0.375781 0.312012 0.377734 0.312012 0.378125 0.3125 0.382031 0.3125 0.382422 0.312012 0.384375 0.312012 0.384766 0.311523 0.387891 0.311523 0.388281 0.311035 0.389453 0.311035 0.391406 0.30957 0.39375 0.308594 0.395313 0.308594 0.396875 0.307617 0.398047 0.307617 0.400781 0.306152 0.402344 0.304688 0.402734 0.303711
2 0.244531 0.263672 0.244531 0.267578 0.246094 0.271973 0.247656 0.273926 0.248828 0.276855 0.250391 0.278809 0.252734 0.280273 0.255078 0.282715 0.258984 0.284668 0.264844 0.284668 0.265234 0.28418 0.267188 0.28418 0.269531 0.282715 0.269531 0.280762 0.26875 0.278809 0.266406 0.277344 0.262891 0.273438 0.262109 0.273438 0.258984 0.270996 0.255859 0.267578 0.248438 0.262695 0.246484 0.262695
1 0.235156 0.265137 0.232813 0.26709 0.232813 0.274902 0.233203 0.275391 0.233594 0.279297 0.234375 0.28125 0.234375 0.282715 0.235156 0.284668 0.235156 0.286133 0.235937 0.289062 0.238672 0.29541 0.241797 0.299316 0.244531 0.30127 0.246484 0.300781 0.247656 0.299805 0.248047 0.295898 0.248438 0.29541 0.248438 0.28418 0.248047 0.283691 0.248047 0.28125 0.247656 0.280762 0.247656 0.279297 0.246094 0.274414 0.24375 0.271484 0.242578 0.268066 0.241797 0.26709 0.2375 0.265137
2 0.210938 0.10791 0.209766 0.106934 0.203125 0.106934 0.202734 0.107422 0.200781 0.107422 0.199219 0.108398 0.198047 0.108398 0.192578 0.111328 0.191797 0.112305 0.189844 0.113281 0.188672 0.114746 0.187891 0.116699 0.183594 0.123535 0.183594 0.126953 0.184375 0.12793 0.186328 0.12793 0.1875 0.126953 0.194531 0.124512 0.195703 0.123535 0.198437 0.122559 0.199219 0.121582 0.201953 0.120117 0.205078 0.116699 0.208984 0.114258 0.210938 0.111816 0.211328 0.11084 0.210938 0.109863
2 0.262891 0.107422 0.261328 0.109863 0.261328 0.11377 0.261719 0.114258 0.261719 0.115723 0.262891 0.120117 0.266016 0.12793 0.267969 0.130859 0.269141 0.131348 0.271875 0.134277 0.275 0.13623 0.278906 0.136719 0.280078 0.135254 0.280078 0.130859 0.278516 0.126953 0.274609 0.122559 0.272656 0.119141 0.272266 0.117676 0.270313 0.115234 0.268359 0.11084 0.266016 0.10791 0.265234 0.107422
2 0.267969 0.107422 0.267969 0.111328 0.269922 0.11377 0.271484 0.114746 0.275781 0.121094 0.278125 0.122559 0.280859 0.125977 0.283594 0.12793 0.285938 0.128906 0.289453 0.128906 0.291016 0.12793 0.290625 0.124023 0.288281 0.118652 0.280078 0.109375 0.278906 0.108398 0.276562 0.107422 0.275391 0.107422 0.275 0.106934 0.273438 0.106934 0.273047 0.106445 0.269922 0.106445
2 0.489453 0.492676 0.486719 0.494629 0.485938 0.496582 0.485547 0.500488 0.485156 0.500977 0.485156 0.50293 0.485547 0.503418 0.485547 0.509766 0.486328 0.512695 0.488281 0.517578 0.490625 0.520508 0.493359 0.522461 0.497656 0.521973 0.498047 0.520996 0.498047 0.51709 0.496094 0.51416 0.494922 0.51123 0.494922 0.510254 0.49375 0.507812 0.492969 0.504883 0.492969 0.501953 0.492578 0.501465 0.492188 0.498047 0.491406 0.496582 0.491016 0.494141
2 0.803906 0.466797 0.803906 0.467773 0.805859 0.470703 0.808594 0.471191 0.808984 0.47168 0.814063 0.472168 0.814453 0.472656 0.819531 0.472656 0.819922 0.473145 0.822266 0.473145 0.822656 0.473633 0.824219 0.473633 0.826562 0.474609 0.830469 0.474609 0.832422 0.47168 0.832031 0.467773 0.830469 0.465332 0.826562 0.462891 0.824219 0.462402 0.823828 0.461914 0.816016 0.461914 0.815625 0.462402 0.812891 0.462891 0.810937 0.464355 0.805859 0.465332
2 0.939453 0.327148 0.938672 0.327637 0.938281 0.330078 0.937109 0.33252 0.937109 0.342285 0.9375 0.342773 0.9375 0.344238 0.937891 0.344727 0.937891 0.346191 0.938672 0.349121 0.942578 0.355957 0.944766 0.358984 0.946523 0.360156 0.951133 0.359961 0.953125 0.358545 0.95293 0.355957 0.951797 0.352881 0.948828 0.347168 0.945312 0.341797 0.944141 0.336914 0.943359 0.335449 0.942578 0.332031 0.941406 0.330078 0.941016 0.328125 0.940234 0.327148
2 0.618359 0.658691 0.617188 0.663086 0.616797 0.675781 0.617188 0.67627 0.617188 0.678711 0.617578 0.679199 0.619141 0.688477 0.620703 0.693848 0.620703 0.696777 0.622266 0.701172 0.623828 0.702148 0.625 0.701172 0.626563 0.700684 0.627734 0.698242 0.628125 0.693848 0.628516 0.693359 0.628516 0.687012 0.628125 0.686523 0.627734 0.681641 0.626953 0.680176 0.625 0.672363 0.624219 0.670898 0.623047 0.665039 0.620703 0.659668 0.619922 0.658691
2 0.541406 0.488281 0.540234 0.489746 0.539844 0.491211 0.539844 0.496094 0.540234 0.496582 0.540234 0.498535 0.540625 0.499023 0.541016 0.501953 0.542969 0.506836 0.545312 0.510742 0.546484 0.51416 0.547656 0.516113 0.551953 0.520996 0.552734 0.520996 0.553516 0.519531 0.553516 0.515137 0.553906 0.514648 0.553516 0.513184 0.553516 0.510254 0.552344 0.506836 0.551172 0.504883 0.550391 0.501465 0.548438 0.497559 0.548047 0.494629 0.546875 0.491699 0.546875 0.490723 0.545312 0.488281
2 0.262891 0.922363 0.261328 0.923828 0.260547 0.928223 0.260937 0.928711 0.261328 0.933105 0.263672 0.941895 0.265625 0.946777 0.266797 0.948242 0.267578 0.94873 0.271484 0.94873 0.272266 0.947754 0.272656 0.946289 0.272656 0.938965 0.272266 0.938477 0.271875 0.935547 0.269922 0.930664 0.26875 0.929199 0.266797 0.924805 0.264453 0.922363
2 0.229297 0.877441 0.226953 0.877441 0.225781 0.878418 0.224219 0.878906 0.222266 0.881836 0.219531 0.884766 0.217969 0.888184 0.215625 0.891602 0.214844 0.893555 0.214844 0.89502 0.213672 0.899414 0.213672 0.907227 0.214062 0.907715 0.214062 0.90918 0.215234 0.910645 0.216016 0.911133 0.217188 0.910645 0.218359 0.908203 0.221875 0.903809 0.226172 0.893066 0.226953 0.889648 0.229297 0.886719 0.230859 0.881836 0.230859 0.879883
