1 0.154688 0.723633 0.151562 0.72168 0.146484 0.72168 0.144531 0.722656 0.137891 0.731445 0.138281 0.73584 0.141406 0.738281 0.145703 0.736816 0.151172 0.731445 0.154688 0.725586
1 0.177734 0.760254 0.171875 0.759277 0.165234 0.762207 0.161328 0.76709 0.159766 0.771484 0.159375 0.777832 0.160156 0.780273 0.161719 0.781738 0.167578 0.781738 0.171094 0.780762 0.173437 0.778809 0.177344 0.772949 0.179297 0.767578 0.179297 0.763184
1 0.623437 0.671387 0.622656 0.67041 0.617188 0.67041 0.608594 0.673828 0.601562 0.681641 0.597656 0.688965 0.597656 0.693359 0.599609 0.694824 0.607031 0.693359 0.615625 0.6875 0.623437 0.677246
1 0.7125 0.694824 0.711719 0.692871 0.708203 0.690918 0.697656 0.690918 0.689844 0.695312 0.688281 0.697266 0.685547 0.704102 0.685547 0.706055 0.687891 0.708496 0.696875 0.711914 0.701172 0.711914 0.710547 0.702148 0.7125 0.698242
1 0.652344 0.724121 0.650781 0.723145 0.646484 0.723633 0.639844 0.729004 0.635156 0.736328 0.632422 0.743652 0.632031 0.748535 0.633203 0.75 0.639844 0.750488 0.646094 0.747559 0.651172 0.739746 0.653516 0.73291 0.653516 0.727051
1 0.478906 0.760742 0.477734 0.763184 0.477344 0.769043 0.478906 0.775391 0.48125 0.780273 0.486719 0.787598 0.489063 0.789062 0.491406 0.789062 0.49375 0.787598 0.494531 0.779297 0.491016 0.769531 0.482422 0.760742
1 0.504687 0.625977 0.504687 0.62793 0.508594 0.631836 0.515625 0.63623 0.519922 0.637695 0.524609 0.637695 0.530469 0.635742 0.536328 0.631836 0.537109 0.630371 0.536719 0.625977 0.529297 0.619141 0.525391 0.617676 0.516016 0.617676
1 0.4875 0.616699 0.485156 0.617676 0.483203 0.623047 0.469141 0.645996 0.469922 0.649902 0.475391 0.648926 0.482031 0.643555 0.487109 0.637695 0.489844 0.627441 0.489844 0.621094
1 0.466797 0.600586 0.463672 0.623047 0.471094 0.637207 0.473047 0.637207 0.475 0.635742 0.475781 0.629883 0.475391 0.614258 0.470313 0.600586
1 0.461328 0.59375 0.458594 0.595703 0.455078 0.604004 0.454297 0.612793 0.455469 0.617188 0.458984 0.622559 0.463672 0.624023 0.464062 0.614746 0.466797 0.606934 0.467187 0.603027 0.465234 0.596191 0.463672 0.594238
1 0.418359 0.57373 0.417969 0.576172 0.419531 0.580566 0.424609 0.588867 0.429297 0.592285 0.439063 0.596191 0.444141 0.596191 0.444141 0.59082 0.443359 0.588867 0.436328 0.57959 0.428906 0.575195 0.420703 0.572266
1 0.420312 0.773438 0.416406 0.774414 0.408203 0.783203 0.402734 0.799316 0.403125 0.802734 0.405078 0.802246 0.411328 0.796875 0.41875 0.785156 0.421094 0.780273 0.421484 0.775879
1 0.469141 0.798828 0.469531 0.803711 0.475391 0.811523 0.482812 0.81543 0.487109 0.815918 0.491016 0.814453 0.491797 0.811523 0.491016 0.806641 0.483594 0.800293 0.475781 0.797363 0.471875 0.797363
1 0.464844 0.824707 0.462109 0.826172 0.461328 0.834473 0.463672 0.846191 0.465625 0.850586 0.467578 0.852051 0.471484 0.849609 0.474219 0.837891 0.472266 0.830566 0.467187 0.825195
1 0.321875 0.765625 0.320703 0.76709 0.320703 0.772949 0.325391 0.788574 0.328906 0.79541 0.332813 0.799805 0.334375 0.799805 0.335156 0.798828 0.335156 0.789062 0.332813 0.777344 0.330859 0.772949 0.326562 0.76709
1 0.295312 0.842773 0.291406 0.842773 0.282422 0.849121 0.282031 0.858887 0.283594 0.862305 0.287891 0.863281 0.295703 0.85791 0.297266 0.851562 0.297266 0.847168
1 0.291797 0.830566 0.289453 0.830566 0.287109 0.832031 0.282813 0.836914 0.281641 0.844238 0.282813 0.848633 0.287891 0.84668 0.293359 0.839844 0.29375 0.833984
1 0.365234 0.96582 0.366406 0.967773 0.369141 0.96875 0.388281 0.967285 0.391406 0.964844 0.391797 0.962402 0.390234 0.958496 0.388281 0.957031 0.376563 0.955078 0.367969 0.958984 0.365625 0.961914
1 0.339062 0.981934 0.3375 0.979492 0.334375 0.977539 0.327344 0.977539 0.321875 0.980469 0.319141 0.985352 0.319141 0.987793 0.320703 0.990723 0.322656 0.991699 0.333594 0.991699 0.339453 0.986816
1 0.514062 0.876953 0.513672 0.881348 0.520312 0.886719 0.527344 0.890625 0.530469 0.893555 0.533594 0.894043 0.535156 0.892578 0.534375 0.884766 0.530078 0.87793 0.523438 0.875977 0.515625 0.875977
1 0.558984 0.938965 0.555859 0.934082 0.553516 0.932617 0.545312 0.932617 0.541016 0.934082 0.533203 0.939453 0.53125 0.942383 0.530859 0.947266 0.537109 0.950195 0.544922 0.95166 0.557422 0.946777 0.558984 0.942871
1 0.742188 0.966797 0.742188 0.97168 0.743359 0.974609 0.751563 0.980957 0.756641 0.981445 0.761328 0.979492 0.763281 0.977051 0.763672 0.974121 0.7625 0.971191 0.754687 0.96582 0.746875 0.963867 0.744531 0.964355
1 0.763281 0.95459 0.767969 0.962891 0.774219 0.967773 0.782422 0.967773 0.785937 0.963379 0.785547 0.959473 0.782813 0.95459 0.776953 0.951172 0.767578 0.949219 0.766016 0.949707
1 0.740625 0.790039 0.735938 0.790039 0.731641 0.794922 0.730078 0.800293 0.729297 0.808594 0.729688 0.810547 0.732031 0.812988 0.737109 0.811035 0.740234 0.805664 0.742188 0.797363 0.742188 0.793457
1 0.792969 0.790527 0.794531 0.79541 0.799219 0.799316 0.80625 0.802246 0.818359 0.801758 0.820703 0.799316 0.819531 0.79541 0.810547 0.787598 0.801172 0.786621 0.794922 0.788574
1 0.81875 0.905762 0.817187 0.905762 0.814844 0.908203 0.810937 0.92334 0.811719 0.929688 0.813672 0.932617 0.815234 0.932617 0.817969 0.930176 0.820312 0.925293 0.820312 0.910645
1 0.598828 0.407715 0.597266 0.406738 0.592187 0.407227 0.5875 0.412109 0.585156 0.419434 0.585547 0.431152 0.586719 0.433594 0.591797 0.432617 0.596094 0.424805 0.598437 0.416016
1 0.643359 0.487305 0.642188 0.48584 0.632812 0.486816 0.627734 0.490234 0.625 0.493652 0.624609 0.498047 0.626953 0.500488 0.630469 0.501465 0.639453 0.499512 0.642969 0.494629 0.64375 0.491211
1 0.558203 0.52832 0.557031 0.526855 0.555469 0.526855 0.552734 0.528809 0.541797 0.530762 0.539453 0.532227 0.536719 0.537109 0.541406 0.539062 0.552734 0.538086 0.557422 0.533203
1 0.544141 0.521484 0.542969 0.52002 0.539844 0.519043 0.532422 0.519531 0.524219 0.525391 0.522656 0.528809 0.522656 0.532715 0.525781 0.535156 0.530859 0.535156 0.533203 0.533203 0.537109 0.532227 0.54375 0.525879
1 0.512891 0.494141 0.514062 0.498535 0.517188 0.501953 0.520312 0.503418 0.526172 0.503906 0.528906 0.50293 0.532031 0.497559 0.530859 0.491699 0.528125 0.489258 0.517578 0.489746
1 0.432422 0.51709 0.438672 0.531738 0.447266 0.537598 0.451172 0.538086 0.452734 0.536621 0.453125 0.532227 0.450391 0.525391 0.440234 0.517578 0.436719 0.516113 0.433203 0.516113
1 0.419141 0.532715 0.419531 0.536133 0.421875 0.541016 0.427734 0.545898 0.433984 0.547363 0.439844 0.546875 0.444531 0.54541 0.448047 0.541016 0.448047 0.536133 0.444922 0.532715 0.439453 0.530273 0.423047 0.529297 0.420703 0.530273
1 0.41875 0.57373 0.418359 0.57666 0.422266 0.585449 0.425781 0.589355 0.43125 0.592773 0.439844 0.595703 0.442969 0.595215 0.443359 0.591309 0.442188 0.587891 0.435547 0.579102 0.427344 0.574707 0.421094 0.572754
1 0.367969 0.618652 0.36875 0.623535 0.376172 0.631836 0.383203 0.634766 0.385547 0.634766 0.3875 0.632812 0.388281 0.626953 0.386328 0.623047 0.381641 0.618164 0.371875 0.617188
1 0.319141 0.532715 0.320312 0.536133 0.330469 0.548828 0.338281 0.554199 0.341797 0.553223 0.341406 0.542969 0.340234 0.540039 0.334766 0.533691 0.325391 0.530762 0.321484 0.530762
1 0.366016 0.524902 0.367578 0.530273 0.376953 0.534668 0.3875 0.535156 0.392578 0.533203 0.39375 0.530762 0.393359 0.52832 0.388672 0.523438 0.381641 0.52002 0.372266 0.52002 0.368359 0.521484
1 0.358203 0.482422 0.356641 0.480957 0.353516 0.480469 0.344922 0.485352 0.339844 0.494141 0.337891 0.5 0.337891 0.50293 0.340625 0.505371 0.342969 0.505371 0.349609 0.50293 0.355469 0.498535 0.358594 0.491211
1 0.3375 0.433594 0.335547 0.437988 0.336328 0.446777 0.338672 0.450684 0.342187 0.452637 0.346875 0.44873 0.346484 0.442383 0.342187 0.434082
1 0.349609 0.45459 0.344922 0.453613 0.341406 0.45752 0.338281 0.458008 0.336719 0.461426 0.337109 0.466309 0.342187 0.466797 0.349219 0.459473
1 0.404687 0.436035 0.400781 0.436035 0.397656 0.438477 0.391797 0.44873 0.390625 0.455566 0.390625 0.463379 0.391797 0.467285 0.392969 0.468262 0.396875 0.468262 0.403906 0.455566 0.405859 0.447754 0.405859 0.438965
1 0.375391 0.432129 0.374609 0.437012 0.376953 0.444336 0.380078 0.450195 0.387891 0.461426 0.389453 0.461914 0.392188 0.459473 0.391797 0.455566 0.392969 0.452148 0.392188 0.442871 0.389453 0.438477 0.377734 0.431641
1 0.379688 0.418945 0.379688 0.420898 0.381641 0.424316 0.395313 0.433105 0.403906 0.434082 0.40625 0.432129 0.40625 0.427734 0.405078 0.425293 0.397656 0.419434 0.386328 0.416016 0.380859 0.416504
1 0.424609 0.409668 0.423438 0.409668 0.419531 0.415039 0.417578 0.421387 0.417969 0.438477 0.419141 0.440918 0.421875 0.44043 0.423438 0.436523 0.427344 0.431641 0.428516 0.428223 0.428906 0.419434 0.428125 0.414062
1 0.426172 0.441406 0.424219 0.438965 0.416016 0.439941 0.414062 0.442871 0.413281 0.448242 0.414844 0.449219 0.420703 0.448242 0.425391 0.444824
1 0.352344 0.384766 0.351172 0.387695 0.352344 0.391602 0.360938 0.400879 0.368359 0.412109 0.369922 0.412109 0.371484 0.408203 0.371484 0.400391 0.367969 0.392578 0.362109 0.386719 0.355469 0.384277
1 0.521484 0.424316 0.520312 0.42627 0.520312 0.433594 0.522266 0.438477 0.525781 0.443848 0.529297 0.446777 0.532813 0.448242 0.534375 0.447754 0.535547 0.445801 0.535547 0.440918 0.53125 0.430664 0.527734 0.426758
1 0.5125 0.422363 0.509766 0.418945 0.501563 0.419922 0.497266 0.422363 0.49375 0.426758 0.494141 0.431152 0.497656 0.433594 0.503125 0.433105 0.510156 0.427734 0.5125 0.424316
1 0.502344 0.364746 0.498437 0.37207 0.498437 0.375977 0.501953 0.388672 0.509375 0.397949 0.512891 0.400879 0.514453 0.400879 0.516406 0.397461 0.514453 0.384277 0.510547 0.375 0.508203 0.37207 0.507422 0.368164
1 0.503516 0.361816 0.503516 0.365723 0.508984 0.373535 0.513281 0.374512 0.515234 0.373047 0.514844 0.368164 0.511719 0.362793 0.508203 0.36084 0.504297 0.36084
1 0.529297 0.344238 0.527734 0.348145 0.528516 0.359375 0.535547 0.371094 0.537891 0.371582 0.539062 0.369629 0.539062 0.356934 0.537891 0.348145 0.533984 0.34375
1 0.292187 0.326172 0.292187 0.330566 0.296094 0.333496 0.310937 0.333008 0.317578 0.331055 0.319141 0.327148 0.317578 0.321777 0.310937 0.317383 0.308594 0.316895 0.298438 0.318359 0.294531 0.321777
1 0.301563 0.538086 0.299609 0.536133 0.298047 0.536133 0.288672 0.541016 0.283203 0.54541 0.275391 0.557617 0.277734 0.55957 0.281641 0.55957 0.295312 0.554199 0.301563 0.544922
1 0.286719 0.594727 0.286719 0.596191 0.289844 0.600586 0.298438 0.605469 0.309375 0.606934 0.318359 0.606445 0.319531 0.604492 0.31875 0.602051 0.311328 0.595215 0.3 0.589355 0.294141 0.588867 0.288281 0.591309
1 0.256641 0.500977 0.254688 0.501465 0.253125 0.503418 0.250781 0.510254 0.251172 0.525391 0.255078 0.529785 0.256641 0.529297 0.258594 0.526367 0.2625 0.51416 0.2625 0.509277 0.260937 0.503906
1 0.249609 0.398926 0.248828 0.399902 0.249609 0.40918 0.254688 0.420898 0.267188 0.429199 0.271094 0.429199 0.270703 0.423828 0.263672 0.40625 0.260156 0.401855 0.25625 0.398926 0.252734 0.397949
1 0.224219 0.443359 0.224219 0.447754 0.228125 0.452148 0.240625 0.45459 0.244141 0.45459 0.245703 0.453125 0.246094 0.450684 0.244922 0.447266 0.239844 0.44043 0.232813 0.437988 0.228125 0.437988
1 0.213672 0.498047 0.212109 0.497559 0.205469 0.504395 0.200391 0.520508 0.201563 0.523926 0.205859 0.523438 0.213672 0.512695 0.215234 0.506836 0.215234 0.501953
1 0.263672 0.34082 0.260547 0.336914 0.255469 0.335938 0.250781 0.336426 0.24375 0.339844 0.237891 0.345703 0.2375 0.349609 0.239063 0.351074 0.245312 0.353027 0.254688 0.351562 0.260937 0.347656 0.262891 0.345215
1 0.197656 0.277832 0.197266 0.28125 0.198437 0.287109 0.200781 0.290527 0.203516 0.29248 0.209766 0.293457 0.214062 0.291016 0.216016 0.288086 0.215234 0.283203 0.208594 0.27832 0.202734 0.275879 0.199609 0.275879
1 0.166797 0.261719 0.164844 0.260254 0.159766 0.259766 0.154297 0.262207 0.148047 0.268066 0.146875 0.271484 0.146875 0.275879 0.150391 0.279297 0.155078 0.279297 0.159375 0.276367 0.163672 0.271484 0.167187 0.264648
1 0.154688 0.328613 0.153516 0.330566 0.153906 0.338867 0.15625 0.349609 0.157812 0.353027 0.160547 0.355957 0.163672 0.356445 0.166016 0.353027 0.167187 0.346191 0.164844 0.335449 0.161719 0.330566 0.157812 0.328613
1 0.114453 0.445312 0.114453 0.447754 0.116797 0.45166 0.121875 0.453613 0.128906 0.453613 0.132812 0.45166 0.133594 0.448242 0.131641 0.444336 0.122656 0.44043 0.117969 0.440918
1 0.1625 0.450684 0.163281 0.463867 0.165234 0.471191 0.169531 0.476074 0.174219 0.479004 0.178516 0.479492 0.179688 0.477539 0.180078 0.474121 0.177734 0.466309 0.171484 0.458984 0.166406 0.450684
1 0.186328 0.609375 0.185547 0.60791 0.173828 0.60791 0.166406 0.609375 0.163281 0.611328 0.160547 0.614746 0.159766 0.620117 0.162891 0.623535 0.170703 0.624023 0.179688 0.619141 0.186328 0.611816
1 0.152734 0.625 0.151562 0.626465 0.151953 0.630371 0.157812 0.642578 0.162109 0.646973 0.166016 0.647461 0.167187 0.645508 0.167578 0.641602 0.166406 0.635742 0.163281 0.628906 0.161328 0.626465 0.158203 0.625
1 0.148438 0.649414 0.149609 0.653809 0.158203 0.664062 0.163672 0.666992 0.166797 0.666992 0.16875 0.665527 0.169141 0.661621 0.167969 0.657715 0.161719 0.652344 0.158203 0.651855 0.151172 0.648438
1 0.173828 0.677734 0.171094 0.67627 0.167187 0.676758 0.158594 0.681641 0.156641 0.684082 0.155078 0.688477 0.155859 0.693359 0.157812 0.694824 0.162891 0.694824 0.169531 0.690918 0.174219 0.682617
1 0.217188 0.696777 0.219922 0.71875 0.227734 0.729004 0.229297 0.729492 0.23125 0.728516 0.23125 0.720703 0.225781 0.704102 0.221094 0.698242
1 0.213281 0.733887 0.205469 0.738281 0.200391 0.745117 0.198047 0.751465 0.197656 0.760742 0.200391 0.763184 0.203125 0.762207 0.209766 0.754395 0.214844 0.740234 0.214844 0.73584
1 0.219922 0.779297 0.216797 0.782715 0.216797 0.786133 0.219922 0.79541 0.224609 0.800293 0.226953 0.80127 0.230469 0.800781 0.232813 0.797363 0.233203 0.791016 0.232031 0.785645 0.228906 0.781738 0.223828 0.779297
1 0.173437 0.802246 0.171484 0.80127 0.166797 0.801758 0.160156 0.807129 0.157031 0.814453 0.157422 0.823242 0.158594 0.824707 0.1625 0.826172 0.169531 0.818848 0.174609 0.807129
1 0.219922 0.816895 0.217578 0.820801 0.217188 0.82373 0.218359 0.829102 0.221094 0.832031 0.225781 0.833008 0.232422 0.83252 0.2375 0.827637 0.239453 0.82373 0.239063 0.818359 0.233984 0.814941 0.226953 0.814453
1 0.232031 0.836914 0.228906 0.836426 0.227734 0.837402 0.225391 0.845703 0.226172 0.850098 0.228906 0.850586 0.231641 0.84668 0.232422 0.843262
1 0.216797 0.85791 0.215625 0.859375 0.216016 0.865234 0.219922 0.872559 0.224609 0.875488 0.228125 0.874512 0.228516 0.869629 0.225391 0.861816 0.221484 0.858398
1 0.198828 0.876465 0.195312 0.876953 0.190625 0.884277 0.190234 0.88916 0.191797 0.893555 0.192969 0.894531 0.197656 0.89209 0.201172 0.887695 0.201563 0.880859 0.200781 0.878418
1 0.182812 0.882324 0.180859 0.882324 0.179297 0.883789 0.174219 0.89209 0.173047 0.904297 0.174219 0.908203 0.176953 0.910156 0.182422 0.908691 0.187109 0.902832 0.187109 0.888672 0.185938 0.885254
1 0.262891 0.812988 0.261719 0.818359 0.263281 0.834473 0.265625 0.839355 0.271094 0.845703 0.272266 0.845703 0.274219 0.839844 0.272266 0.82959 0.269922 0.826172 0.265234 0.814453
1 0.272656 0.84375 0.267969 0.841797 0.259375 0.845215 0.254297 0.852051 0.254297 0.85791 0.257031 0.859863 0.262891 0.859863 0.267578 0.85791 0.272656 0.850098
1 0.229297 0.92041 0.228125 0.918945 0.225 0.918457 0.218359 0.918945 0.208594 0.92334 0.204297 0.928223 0.202734 0.932129 0.203125 0.935547 0.208203 0.937988 0.216406 0.937012 0.228516 0.924805
1 0.201953 0.898926 0.196094 0.899902 0.191797 0.907715 0.191797 0.915039 0.193359 0.918945 0.197656 0.918945 0.202344 0.912598 0.203906 0.902344
1 0.161719 0.942383 0.160938 0.943359 0.160938 0.94873 0.163281 0.956543 0.164062 0.963379 0.166016 0.967285 0.170703 0.969238 0.172656 0.965332 0.172656 0.958496 0.171094 0.950684 0.169922 0.947754 0.166797 0.944336
1 0.149609 0.937012 0.146875 0.936523 0.142578 0.939453 0.133984 0.953125 0.13125 0.962891 0.132031 0.967285 0.133594 0.968262 0.135937 0.967773 0.145313 0.955078 0.15 0.943359 0.150391 0.937988
1 0.142187 0.981445 0.140234 0.985352 0.140625 0.990234 0.142187 0.993652 0.147656 0.998535 0.148047 1 0.154688 1 0.156641 0.994629 0.154688 0.984863 0.150391 0.981445
1 0.224609 0.966797 0.221094 0.966797 0.217578 0.970215 0.214062 0.979004 0.213672 0.987305 0.216797 0.993652 0.221484 0.993164 0.224609 0.987305 0.225781 0.979004 0.225781 0.969238
1 0.739453 0.929199 0.736328 0.932129 0.735156 0.936035 0.735156 0.947266 0.737891 0.954102 0.739453 0.955566 0.742969 0.955566 0.746094 0.954102 0.747656 0.951172 0.748437 0.941406 0.745703 0.932129 0.74375 0.930176
1 0.810937 0.711426 0.808984 0.720215 0.809375 0.735352 0.813672 0.74707 0.815234 0.747559 0.81875 0.744629 0.820703 0.737793 0.820312 0.727051 0.819141 0.721191 0.815234 0.713379
1 0.9375 0.803711 0.935547 0.803223 0.930859 0.805664 0.923047 0.813965 0.920703 0.824219 0.920703 0.830078 0.922266 0.832031 0.924219 0.83252 0.926562 0.830566 0.935156 0.818848 0.938281 0.80957 0.938281 0.804688
1 0.990234 0.702637 0.987891 0.701172 0.985156 0.701172 0.975781 0.705078 0.969922 0.711914 0.96875 0.714844 0.96875 0.717773 0.970703 0.719238 0.976172 0.719238 0.984375 0.717285 0.989844 0.711914 0.991016 0.708984
1 0.876172 0.64209 0.872266 0.640137 0.860938 0.641602 0.851953 0.649414 0.850781 0.654785 0.853125 0.656738 0.85625 0.657227 0.867578 0.654785 0.872656 0.651855 0.876172 0.645996
1 0.81875 0.618164 0.814453 0.614258 0.806641 0.614258 0.799219 0.617188 0.797656 0.619629 0.797656 0.623047 0.799219 0.625 0.801953 0.625977 0.810547 0.625977 0.817187 0.623535 0.81875 0.621094
0 0.967578 0.775879 0.962891 0.77832 0.960547 0.78125 0.957422 0.789551 0.958203 0.79834 0.9625 0.807617 0.965625 0.807617 0.967969 0.805176 0.971484 0.79541 0.971875 0.782715 0.970313 0.777832
1 0.874219 0.584473 0.871875 0.585938 0.869141 0.601562 0.869141 0.610352 0.871875 0.614746 0.874609 0.614258 0.877344 0.609863 0.880078 0.599121 0.880078 0.590332 0.878125 0.586426
0 0.857031 0.500488 0.852344 0.498535 0.846484 0.500977 0.844922 0.504395 0.844922 0.51123 0.847656 0.513672 0.85 0.51416 0.855469 0.510742 0.858203 0.505371
1 0.989453 0.598633 0.987109 0.594727 0.982031 0.592773 0.975 0.59375 0.971094 0.595215 0.969141 0.597656 0.967969 0.601074 0.967969 0.604492 0.970313 0.60791 0.973828 0.608887 0.985938 0.60791 0.989844 0.604004
1 0.977734 0.45459 0.975391 0.458008 0.976172 0.469238 0.979297 0.475098 0.982422 0.476562 0.984375 0.475098 0.986328 0.471191 0.986328 0.463379 0.982422 0.455566
1 0.954688 0.447754 0.950781 0.447754 0.947656 0.449219 0.941797 0.455566 0.940234 0.458984 0.939844 0.463867 0.942187 0.466797 0.947656 0.466309 0.951562 0.463379 0.954688 0.458984 0.956641 0.452148 0.95625 0.449707
1 0.823828 0.425293 0.823828 0.429199 0.825 0.432129 0.830078 0.436035 0.838672 0.436523 0.842187 0.432129 0.840625 0.426758 0.838672 0.424316 0.834766 0.422363 0.827344 0.421875 0.824609 0.42334
1 0.789844 0.490723 0.788672 0.493164 0.788672 0.496582 0.790625 0.500488 0.798438 0.506348 0.801562 0.505859 0.803516 0.503906 0.803516 0.497559 0.801562 0.493652 0.795703 0.489746 0.791406 0.489746
1 0.935937 0.29834 0.935156 0.299316 0.935156 0.303711 0.937891 0.322266 0.942187 0.330078 0.94375 0.330566 0.945312 0.314453 0.944531 0.306641 0.942969 0.302734 0.940234 0.299316
1 0.989062 0.320801 0.986328 0.324219 0.985156 0.329102 0.986719 0.34082 0.993359 0.352539 1 0.353516 1 0.331543 0.997656 0.330078 0.995703 0.325195 0.991406 0.320801
1 0.888672 0.254883 0.889062 0.258789 0.895312 0.26416 0.905078 0.26416 0.907813 0.260254 0.906641 0.255371 0.904297 0.252441 0.900781 0.250977 0.892578 0.250977
1 0.854297 0.250488 0.852344 0.250488 0.850391 0.252441 0.848047 0.266602 0.848828 0.281738 0.85 0.283691 0.853125 0.283203 0.855469 0.280762 0.858594 0.271484 0.858984 0.263184 0.858203 0.256836 0.857031 0.25293
1 0.732031 0.255859 0.730859 0.258789 0.73125 0.262207 0.735938 0.273438 0.742188 0.280273 0.747656 0.283691 0.751563 0.283203 0.751953 0.278809 0.748437 0.267578 0.739844 0.259766 0.734766 0.256348
1 0.728516 0.239746 0.728516 0.246582 0.731641 0.250977 0.739844 0.251465 0.742969 0.247559 0.742188 0.240723 0.738281 0.236328 0.732812 0.235352
1 0.771094 0.275391 0.766797 0.275391 0.759375 0.280762 0.754297 0.290039 0.754687 0.291504 0.759375 0.291504 0.763672 0.288574 0.771094 0.279785
1 0.684766 0.297363 0.685156 0.300293 0.687891 0.304688 0.692187 0.306152 0.700391 0.306152 0.709375 0.303223 0.709375 0.301758 0.701953 0.293945 0.699219 0.292969 0.688281 0.292969
1 0.68125 0.305664 0.680078 0.308105 0.68125 0.320312 0.683984 0.32959 0.686328 0.330566 0.6875 0.325195 0.686719 0.311035 0.685156 0.308105
1 0.717969 0.368652 0.716406 0.366699 0.711328 0.365234 0.704688 0.365234 0.698828 0.369629 0.697266 0.372559 0.697656 0.376953 0.7 0.378906 0.711328 0.37793 0.717578 0.373047
1 0.760938 0.335449 0.762891 0.339355 0.767969 0.342285 0.779687 0.342773 0.788281 0.338379 0.790234 0.333984 0.7875 0.330566 0.779687 0.32666 0.773828 0.32666 0.764844 0.329102 0.761328 0.333008
1 0.765234 0.387695 0.764453 0.386719 0.760156 0.387207 0.751563 0.390137 0.748828 0.39209 0.742578 0.399902 0.741797 0.402832 0.742578 0.408691 0.747266 0.409668 0.756641 0.404297 0.763672 0.393555
1 0.703125 0.156738 0.702734 0.161621 0.704297 0.169434 0.712109 0.178711 0.717578 0.180176 0.719531 0.17627 0.719531 0.169922 0.716406 0.162109 0.712891 0.158203 0.708984 0.15625 0.704297 0.155762
1 0.68125 0.145996 0.678125 0.150879 0.677734 0.157715 0.68125 0.165039 0.685547 0.165527 0.6875 0.158691 0.687109 0.149414 0.685547 0.145996
1 0.723437 0.134277 0.721094 0.135254 0.719141 0.138184 0.717969 0.14209 0.717969 0.151367 0.719531 0.15625 0.721875 0.158691 0.724609 0.159668 0.727344 0.153809 0.728906 0.14209 0.725781 0.135254
1 0.736719 0.387207 0.731641 0.387207 0.727734 0.38916 0.724219 0.393066 0.721484 0.400879 0.721875 0.406738 0.723828 0.410156 0.728516 0.410156 0.734766 0.405273 0.739062 0.394043 0.739062 0.38916
1 0.662109 0.341797 0.665625 0.359375 0.669531 0.366699 0.673047 0.368164 0.674219 0.367676 0.675391 0.365723 0.675781 0.359863 0.674609 0.354004 0.671094 0.345703 0.666016 0.342285
1 0.663281 0.362305 0.662109 0.36084 0.658203 0.361328 0.652734 0.364746 0.642578 0.368652 0.637891 0.371582 0.636328 0.373535 0.636328 0.376465 0.6375 0.377441 0.64375 0.377441 0.653906 0.374023 0.663672 0.365723
1 0.630078 0.341309 0.632812 0.350098 0.638672 0.358398 0.641797 0.359863 0.645703 0.358398 0.646094 0.352539 0.642969 0.346191 0.635156 0.340332 0.63125 0.340332
1 0.626563 0.318848 0.620313 0.319824 0.6125 0.325684 0.609766 0.32959 0.609766 0.334961 0.607812 0.338867 0.616016 0.339355 0.623047 0.335449 0.627734 0.327148 0.628125 0.322266
1 0.625 0.306641 0.623047 0.305176 0.619922 0.305176 0.614453 0.308594 0.609766 0.313965 0.608203 0.322754 0.610938 0.324707 0.615234 0.324707 0.625 0.317383 0.626172 0.31543
1 0.61875 0.248535 0.618359 0.252441 0.619531 0.255371 0.631641 0.272461 0.637891 0.276367 0.642969 0.276855 0.64375 0.275879 0.6375 0.258789 0.630469 0.251465 0.625781 0.25 0.623437 0.248047
1 0.606641 0.222656 0.601172 0.222656 0.595313 0.228027 0.59375 0.238281 0.594531 0.245605 0.596094 0.248047 0.600781 0.248047 0.607422 0.238281 0.608984 0.232422 0.608594 0.225586
1 0.628906 0.0410156 0.626953 0.0439453 0.626953 0.0488281 0.628906 0.0532227 0.634766 0.0595703 0.638672 0.0600586 0.640234 0.059082 0.641797 0.0566406 0.641797 0.0537109 0.639453 0.0458984 0.633203 0.0410156
1 0.739453 0.0322266 0.736328 0.027832 0.728516 0.027832 0.720313 0.0341797 0.719531 0.0361328 0.719531 0.0415039 0.724609 0.0444336 0.732031 0.0429688 0.738281 0.0366211
1 0.749219 0.046875 0.744141 0.0454102 0.739453 0.0458984 0.735156 0.0478516 0.733984 0.0527344 0.733984 0.0605469 0.737109 0.0620117 0.740234 0.0600586 0.74375 0.0551758 0.748437 0.0532227 0.749609 0.0507812
1 0.673828 0.423828 0.667969 0.42334 0.664453 0.424805 0.659375 0.431641 0.658203 0.435059 0.658594 0.439453 0.661719 0.440918 0.670312 0.433594 0.673438 0.427734
1 0.628516 0.415527 0.628906 0.419434 0.634375 0.422852 0.646094 0.423828 0.650391 0.420898 0.650391 0.418457 0.648828 0.415527 0.642969 0.412598 0.634375 0.412598
1 0.544141 0.367676 0.544141 0.370117 0.545312 0.37207 0.555469 0.382324 0.562891 0.385254 0.566406 0.384277 0.566797 0.380859 0.560156 0.374512
1 0.566797 0.416504 0.566406 0.42041 0.571875 0.427734 0.576172 0.430664 0.579688 0.430176 0.580859 0.428711 0.580859 0.423828 0.578125 0.419434 0.569531 0.416016
1 0.900781 0.416992 0.9 0.418457 0.900391 0.424805 0.904687 0.439453 0.907813 0.443359 0.911719 0.442871 0.913281 0.44043 0.913672 0.433594 0.911328 0.423828 0.905078 0.416504
1 0.436328 0.251953 0.436328 0.254883 0.4375 0.257812 0.442188 0.260254 0.449609 0.260254 0.455469 0.258789 0.460547 0.256348 0.461719 0.253906 0.461719 0.251953 0.457813 0.248535 0.454297 0.246582 0.449219 0.245605 0.440234 0.247559
1 0.2625 0.162109 0.263281 0.16748 0.269141 0.174805 0.279297 0.182129 0.282813 0.182617 0.284766 0.181152 0.284766 0.176758 0.280078 0.168945 0.271875 0.164062 0.265234 0.161621
1 0.244922 0.138184 0.244922 0.141602 0.246094 0.143555 0.253516 0.147461 0.259766 0.152832 0.264062 0.15332 0.264844 0.152344 0.265234 0.146973 0.264453 0.142578 0.260937 0.137695 0.255469 0.134766 0.247656 0.135254
1 0.399609 0.0375977 0.398828 0.0400391 0.399219 0.043457 0.404297 0.050293 0.408984 0.0522461 0.4125 0.0522461 0.417187 0.0493164 0.417969 0.043457 0.412891 0.0366211 0.408594 0.034668 0.403516 0.034668
1 0.292187 0 0.292578 0.00634766 0.294531 0.0112305 0.298047 0.015625 0.301953 0.0180664 0.306641 0.0180664 0.307422 0.0170898 0.308203 0.00927734 0.305078 0
1 0.196875 0.0874023 0.197266 0.0922852 0.204297 0.097168 0.2125 0.0976562 0.214453 0.0966797 0.216406 0.0927734 0.216016 0.0878906 0.213672 0.0854492 0.208594 0.0830078 0.203516 0.0830078 0.198047 0.0854492
1 0.216016 0.0600586 0.2125 0.0649414 0.211719 0.0722656 0.213672 0.0766602 0.217578 0.0776367 0.221875 0.0722656 0.222266 0.0644531 0.220312 0.0610352
1 0.224609 0.0854492 0.221094 0.0864258 0.219922 0.0878906 0.218359 0.0952148 0.219141 0.10498 0.221094 0.108398 0.223438 0.108887 0.226562 0.106445 0.228906 0.0991211 0.228906 0.0922852 0.226953 0.0878906
1 0.458594 0 0.457813 0.00488281 0.458594 0.0136719 0.462109 0.0219727 0.465625 0.0258789 0.466797 0.0258789 0.46875 0.0170898 0.46875 0.00488281 0.467187 0
1 0.413672 0.104004 0.414453 0.11084 0.416016 0.114746 0.419922 0.119629 0.424219 0.123047 0.427734 0.124023 0.43125 0.12207 0.431641 0.118652 0.430078 0.11377 0.425781 0.106934 0.420703 0.103027 0.414453 0.103027
1 0.538281 0.11084 0.537891 0.115234 0.538672 0.119141 0.541016 0.122559 0.544141 0.124023 0.548438 0.124023 0.551172 0.122559 0.552344 0.118652 0.548828 0.11084 0.544922 0.108398 0.541016 0.108398
1 0.457422 0 0.445703 0 0.446484 0.00976562 0.448828 0.0151367 0.450391 0.0219727 0.451953 0.0209961 0.457031 0.0126953
1 0.578516 0.298828 0.578125 0.303223 0.580469 0.30957 0.587891 0.319336 0.590625 0.321289 0.591016 0.323242 0.592969 0.323242 0.592969 0.314941 0.590625 0.30957 0.580859 0.298828
1 0.981641 0.0405273 0.980469 0.0454102 0.986328 0.0522461 0.992969 0.0546875 1 0.0541992 1 0.0356445 0.988281 0.0356445 0.985156 0.0371094
1 0.282813 0.157715 0.282813 0.162598 0.284766 0.166992 0.287109 0.169922 0.293359 0.174805 0.296094 0.17627 0.298047 0.178223 0.300781 0.179199 0.301953 0.180176 0.303906 0.180176 0.306641 0.178711 0.306641 0.17627 0.30625 0.175781 0.30625 0.174316 0.305078 0.169922 0.303516 0.166992 0.299609 0.162598 0.295312 0.15918 0.292187 0.157715 0.287891 0.157227 0.2875 0.156738 0.285547 0.156738 0.285156 0.157227 0.283203 0.157227
1 0.477734 0.0947266 0.476562 0.0957031 0.476172 0.097168 0.476172 0.101074 0.476562 0.101562 0.476562 0.105957 0.476953 0.106445 0.476953 0.11377 0.477344 0.114258 0.477734 0.118652 0.478906 0.123047 0.48125 0.126953 0.481641 0.128418 0.486328 0.134766 0.490234 0.13623 0.491406 0.135254 0.492188 0.133301 0.492188 0.131836 0.492578 0.131348 0.492578 0.126953 0.492188 0.126465 0.492188 0.122559 0.491406 0.119629 0.491406 0.117188 0.491016 0.116699 0.491016 0.115234 0.489844 0.11084 0.4875 0.106934 0.487109 0.105469 0.483594 0.100586 0.482422 0.0981445 0.479687 0.0952148
1 0.483984 0.0649414 0.483594 0.0683594 0.485547 0.0722656 0.486719 0.0732422 0.489844 0.0742188 0.491406 0.0761719 0.495312 0.0791016 0.496484 0.0805664 0.498437 0.081543 0.501563 0.0820312 0.501953 0.0825195 0.506641 0.0825195 0.511328 0.0844727 0.513281 0.0864258 0.514453 0.0864258 0.514844 0.0839844 0.513281 0.0800781 0.510938 0.0776367 0.508594 0.0717773 0.505469 0.0678711 0.498437 0.0644531 0.489063 0.0644531 0.488672 0.0639648 0.485547 0.0639648
1 0.230469 0.432129 0.230469 0.436035 0.232031 0.437988 0.236328 0.440918 0.238672 0.441406 0.239063 0.441895 0.242969 0.442383 0.243359 0.442871 0.248047 0.442871 0.250391 0.441406 0.252734 0.440918 0.253125 0.44043 0.254688 0.44043 0.25625 0.439453 0.25625 0.438477 0.255469 0.4375 0.255078 0.436035 0.253516 0.434082 0.252344 0.433594 0.25 0.430176 0.248438 0.428711 0.244531 0.427734 0.244141 0.427246 0.242188 0.427246 0.241797 0.426758 0.236719 0.426758 0.234766 0.427734 0.23125 0.430664
1 0.40625 0.770996 0.404297 0.769043 0.399219 0.768066 0.398828 0.767578 0.39375 0.767578 0.391797 0.768555 0.384766 0.777832 0.382812 0.784668 0.382812 0.788086 0.384766 0.789551 0.388672 0.789551 0.391016 0.788574 0.392969 0.787109 0.395313 0.786621 0.396875 0.785645 0.398047 0.785645 0.403516 0.783203 0.405859 0.780762 0.407422 0.776367 0.407422 0.774414
2 0.610938 0.568848 0.607422 0.568848 0.606641 0.569336 0.605469 0.571289 0.603906 0.575684 0.603906 0.578125 0.603516 0.578613 0.603906 0.585449 0.604688 0.587402 0.607031 0.589355 0.608984 0.588379 0.610547 0.583984 0.611328 0.574707 0.611719 0.574219 0.611719 0.570801
1 0.539844 0.980225 0.537344 0.978174 0.534297 0.979639 0.528906 0.985352 0.513945 0.993652 0.505469 1 0.522852 1 0.530859 0.996338 0.538008 0.98916 0.54043 0.984375
1 0.785156 0 0.791641 0.00449219 0.797891 0.00908203 0.802187 0.0111328 0.807969 0.0140137 0.81332 0.0150391 0.815703 0.0121582 0.815312 0.00727539 0.812461 0.00410156 0.80875 0.00131836 0.807852 0
1 0.675703 0.42793 0.672891 0.431299 0.668633 0.434668 0.665352 0.437402 0.66293 0.440527 0.661484 0.444531 0.660586 0.459229 0.661484 0.462354 0.663477 0.462109 0.670625 0.452637 0.675508 0.44375 0.678906 0.435645 0.678984 0.432617 0.677734 0.428467
1 0.690273 0.417236 0.687695 0.416504 0.678906 0.431641 0.673047 0.446289 0.673047 0.450195 0.673828 0.451172 0.678125 0.450684 0.683594 0.44043 0.689844 0.421484
0 0.860586 0.561768 0.859375 0.559912 0.857617 0.559033 0.856055 0.559082 0.85457 0.559863 0.852344 0.562012 0.850391 0.563477 0.848047 0.564746 0.845234 0.567773 0.843359 0.571289 0.842578 0.574219 0.842148 0.575635 0.841797 0.576709 0.841289 0.579639 0.840781 0.582471 0.840859 0.584814 0.841836 0.586182 0.845313 0.586133 0.853125 0.580566 0.857812 0.575684 0.858984 0.573242 0.860938 0.565918 0.860938 0.563477
1 0.791016 0.919434 0.790234 0.92041 0.789062 0.924316 0.789062 0.932617 0.789453 0.933105 0.789453 0.936523 0.791406 0.943848 0.794531 0.950684 0.794531 0.955078 0.794922 0.956055 0.798438 0.957031 0.801172 0.95166 0.801562 0.947266 0.802344 0.944824 0.802344 0.936035 0.801953 0.935547 0.801953 0.933105 0.801562 0.932617 0.801562 0.931152 0.8 0.927734 0.799219 0.924316 0.795703 0.92041 0.794141 0.919434
1 0.785547 0.934082 0.783203 0.935059 0.783203 0.937012 0.782813 0.9375 0.782813 0.943359 0.782422 0.943848 0.782422 0.949219 0.782813 0.949707 0.782813 0.953125 0.783594 0.956055 0.785937 0.958008 0.7875 0.958008 0.789062 0.955566 0.789062 0.953125 0.789453 0.952637 0.789453 0.950684 0.790234 0.948242 0.790234 0.942871 0.789844 0.942383 0.789453 0.938965 0.788281 0.937012 0.787891 0.935059 0.787109 0.934082
1 0.751172 0.943848 0.749609 0.944824 0.748437 0.946777 0.747734 0.949561 0.747656 0.953125 0.747266 0.955078 0.748828 0.958984 0.750781 0.961426 0.753906 0.961426 0.755078 0.960449 0.755859 0.958008 0.755859 0.953125 0.755469 0.952637 0.755469 0.951172 0.754297 0.946777 0.752344 0.944336
1 0.744531 0.882812 0.744141 0.883789 0.744531 0.886719 0.745313 0.887695 0.747266 0.893066 0.749609 0.896484 0.750781 0.900391 0.752734 0.902832 0.755859 0.904785 0.759375 0.905273 0.759766 0.905762 0.765234 0.905762 0.767969 0.904297 0.769141 0.902832 0.769922 0.900879 0.769141 0.897949 0.767969 0.895996 0.763203 0.892188 0.758594 0.889648 0.755078 0.887207 0.751094 0.885107 0.749219 0.883789 0.747656 0.882812
1 0.754297 0.852051 0.752344 0.853516 0.751523 0.856104 0.751563 0.859375 0.751563 0.862305 0.751797 0.865186 0.752773 0.869189 0.755078 0.876953 0.7575 0.881445 0.758984 0.884766 0.764062 0.891113 0.767188 0.89209 0.767969 0.891602 0.768359 0.890625 0.767969 0.884277 0.767188 0.879883 0.76668 0.875684 0.766055 0.871875 0.765547 0.869678 0.765352 0.86709 0.763672 0.861816 0.757812 0.853027 0.756641 0.852051
1 0.758203 0.822754 0.757812 0.824219 0.757812 0.827637 0.758594 0.830566 0.761328 0.834473 0.764062 0.836914 0.767188 0.838867 0.770703 0.840332 0.773828 0.84082 0.774219 0.841309 0.776172 0.841309 0.776563 0.841797 0.779687 0.841797 0.780469 0.841309 0.781641 0.838867 0.781641 0.836914 0.780859 0.833984 0.779297 0.831543 0.776172 0.82959 0.774219 0.829102 0.773047 0.828125 0.767188 0.825684 0.763672 0.823242 0.7625 0.823242 0.760938 0.822266 0.758984 0.822266
1 0.561172 0.947168 0.560234 0.949854 0.557461 0.953271 0.553789 0.956836 0.549805 0.958154 0.546055 0.95918 0.543789 0.958936 0.541406 0.958008 0.540234 0.956055 0.540234 0.955078 0.541406 0.954102 0.544961 0.952344 0.548828 0.950195 0.553047 0.948438 0.556641 0.946777 0.558984 0.945068 0.560664 0.945361
1 0.182031 0.568848 0.180859 0.568848 0.179805 0.569238 0.177344 0.570312 0.172734 0.573389 0.167656 0.577979 0.164453 0.582422 0.162109 0.586914 0.160547 0.59082 0.160156 0.59375 0.159375 0.595215 0.159766 0.598145 0.160938 0.600098 0.163672 0.600098 0.165195 0.599805 0.166406 0.599121 0.169531 0.597168 0.172656 0.593262 0.174219 0.591504 0.176758 0.587793 0.178047 0.585156 0.178906 0.583984 0.182812 0.57666 0.183594 0.57373 0.183594 0.570801
1 0.176563 0.479004 0.175781 0.480225 0.176133 0.484375 0.177578 0.486475 0.179375 0.488037 0.181992 0.490527 0.184023 0.49165 0.185938 0.492334 0.1875 0.492676 0.189531 0.493018 0.192617 0.49292 0.193359 0.492676 0.194766 0.49248 0.196875 0.491699 0.200391 0.491211 0.202695 0.49043 0.203203 0.48833 0.2025 0.487012 0.200273 0.485645 0.198828 0.485156 0.196094 0.485352 0.192188 0.485352 0.189844 0.485352 0.187891 0.484375 0.185547 0.481934 0.181953 0.479248 0.180352 0.477881 0.179023 0.477686 0.177734 0.478027
1 0.698035 0.125991 0.69675 0.126665 0.695469 0.127764 0.695266 0.129707 0.695672 0.132827 0.697156 0.136201 0.699652 0.138311 0.704582 0.139155 0.707551 0.138481 0.711266 0.137046 0.71268 0.134766 0.712883 0.132153 0.712008 0.129199 0.70998 0.126919 0.707418 0.125654 0.704582 0.12498 0.702219 0.12498 0.699652 0.125146
1 0.701602 0.122705 0.702691 0.126016 0.705258 0.131841 0.708227 0.137744 0.71268 0.144072 0.715516 0.145508 0.717676 0.145679 0.718687 0.14416 0.719027 0.140278 0.718418 0.134878 0.717406 0.130234 0.715988 0.125259 0.714301 0.121206 0.711195 0.115132 0.709914 0.112095 0.707957 0.109648 0.705797 0.109141 0.704109 0.109482 0.702152 0.111504 0.70141 0.113447 0.701141 0.115977 0.70107 0.118848 0.70107 0.120532
1 0.791672 0.0197607 0.787406 0.0172998 0.78525 0.0168896 0.784457 0.0164209 0.784406 0.0149561 0.784781 0.0131982 0.786051 0.0110889 0.787734 0.00938965 0.790316 0.0079248 0.792984 0.00757324 0.796969 0.00810059 0.799641 0.00933105 0.802457 0.01021 0.806484 0.0121436 0.809625 0.0128467 0.812297 0.0140186 0.814125 0.0148975 0.81525 0.017417 0.815578 0.0196436 0.815156 0.0216357 0.813422 0.0236279 0.810094 0.0239209 0.806438 0.0242139 0.803766 0.0250342 0.801187 0.0254443 0.797719 0.024624 0.795094 0.0232764 0.793266 0.0211084
1 1 0.0028418 0.995383 0.00645996 0.990035 0.00949707 0.985078 0.0101025 0.983719 0.00961914 0.981773 0.00743164 0.981773 0.00354492 0.982164 0.000625 0.982633 0 0.995297 0 1 0
1 0.954949 0.0469189 0.953391 0.0540869 0.950863 0.0582178 0.949117 0.0633203 0.949406 0.0666016 0.952324 0.0685449 0.954754 0.0687891 0.957961 0.0669678 0.959613 0.0639307 0.962336 0.0577344 0.962625 0.0511719 0.962723 0.0453369 0.962625 0.0416943 0.961168 0.0370752 0.960098 0.0357422 0.957863 0.0352539 0.956406 0.0362256 0.955336 0.0386572 0.955043 0.0413281 0.955043 0.0437598
1 0.962336 0.0602832 0.958641 0.064292 0.956504 0.0692725 0.955531 0.0744971 0.952613 0.0820312 0.950086 0.0868945 0.948434 0.0916309 0.948531 0.0945459 0.950184 0.0960059 0.953879 0.0964893 0.958445 0.0955176 0.962625 0.091875 0.963793 0.0868945 0.965445 0.0837354 0.967 0.0805762 0.968168 0.0766846 0.969137 0.0724316 0.969332 0.0661133 0.971082 0.0619824 0.973512 0.0587061 0.975262 0.0556689 0.976137 0.0529932 0.976137 0.0511719 0.974875 0.0499561 0.973316 0.0502002 0.970598 0.0515332 0.966223 0.0546924 0.964277 0.0576123
1 0.940172 0.0608936 0.939008 0.0633203 0.938715 0.0673291 0.938035 0.0717041 0.936965 0.0754688 0.93541 0.0776562 0.934535 0.0805762 0.934633 0.0817871 0.93677 0.0820312 0.940465 0.0791162 0.944254 0.0764453 0.948145 0.0712207 0.951547 0.061499 0.952809 0.057124 0.953004 0.0532373 0.951641 0.0508057 0.949699 0.0489844 0.948047 0.0480127 0.946977 0.0483789 0.943187 0.0529932 0.941145 0.0574902
1 0.929383 0.0528711 0.926566 0.0549365 0.924816 0.0584619 0.923355 0.0628369 0.920637 0.0693945 0.919273 0.0736475 0.919957 0.0749854 0.921316 0.0753516 0.922578 0.0743799 0.926664 0.0706104 0.932398 0.0666016 0.93784 0.061499 0.94134 0.0573682 0.943285 0.0538428 0.943965 0.0506836 0.943965 0.0487402 0.942992 0.0469189 0.93959 0.0464307 0.937645 0.047041 0.935215 0.0486182 0.932105 0.0508057
1 0.911984 0.0512939 0.911984 0.0556689 0.912664 0.0596777 0.913539 0.0634424 0.913832 0.0680615 0.914414 0.0717041 0.916359 0.0751074 0.918207 0.0757129 0.921121 0.075957 0.922578 0.0736475 0.923164 0.0718262 0.923551 0.0676953 0.923551 0.061377 0.923551 0.0555469 0.923355 0.0493506 0.922676 0.0449756 0.921609 0.0410889 0.920637 0.0401123 0.918691 0.039873 0.917234 0.0408447 0.916262 0.0420605 0.914125 0.044126 0.913348 0.0458252 0.912473 0.0482568
1 0.901691 0.0731641 0.900137 0.0743799 0.897805 0.0768066 0.895664 0.0782666 0.894207 0.0797217 0.893809 0.0814258 0.893914 0.0837354 0.895957 0.0861621 0.899359 0.0877441 0.901207 0.0877441 0.902953 0.0871338 0.904414 0.0861621 0.906941 0.0838525 0.910926 0.0804541 0.914715 0.0776562 0.917242 0.0755908 0.919187 0.0735254 0.91909 0.071582 0.917633 0.0707324 0.914426 0.0692725 0.911801 0.0692725 0.908496 0.068667 0.906648 0.0687891 0.904609 0.0697607 0.903148 0.0710986
1 0.903238 0.0899316 0.902176 0.0882275 0.900137 0.0844629 0.898777 0.0832471 0.896832 0.0826416 0.89518 0.0833691 0.894207 0.0856787 0.893527 0.0898096 0.89343 0.0941797 0.894691 0.0997705 0.898191 0.103901 0.901293 0.105723 0.905871 0.106816 0.909078 0.106577 0.913937 0.104629 0.915687 0.103174 0.916855 0.100381 0.916855 0.0995264 0.91559 0.0980713 0.912871 0.0973389 0.90898 0.0949121 0.905676 0.0923584
1 0.863871 0.0709766 0.858523 0.0738916 0.855121 0.075835 0.853277 0.0779004 0.852207 0.0820312 0.854441 0.0850684 0.858137 0.0861621 0.863578 0.0861621 0.87116 0.0836133 0.87534 0.0811816 0.879715 0.0776562 0.883117 0.0746191 0.886324 0.0734033 0.887492 0.0720703 0.887297 0.0693945 0.884574 0.0684229 0.87748 0.0678174 0.872422 0.0677246 0.866105 0.0693945
1 0.877285 0.0489844 0.874367 0.0511719 0.872715 0.0533594 0.870871 0.0563965 0.869313 0.0582178 0.867273 0.0596777 0.865133 0.0605273 0.863387 0.061377 0.862996 0.0619824 0.862898 0.0633203 0.864164 0.0647803 0.868437 0.0669678 0.872328 0.0680615 0.875535 0.0680615 0.879133 0.0663574 0.883504 0.0636865 0.888852 0.0594336 0.891281 0.0577344 0.892836 0.0559082 0.893031 0.0538428 0.892156 0.0515332 0.890797 0.0492285 0.888367 0.0471631 0.885352 0.0466748 0.882629 0.0467969 0.87991 0.0474023
1 0.619797 0.0627051 0.617707 0.0665723 0.61659 0.0708594 0.615801 0.0768359 0.616082 0.0818311 0.617266 0.0859082 0.618559 0.087666 0.619852 0.0881592 0.62182 0.087876 0.623172 0.0869629 0.625359 0.0835889 0.626547 0.0796484 0.62677 0.0762061 0.628121 0.0738135 0.62902 0.0719873 0.629809 0.06854 0.63009 0.0624951 0.63009 0.0581348 0.630145 0.054126 0.629414 0.0514551 0.628457 0.0501172 0.626996 0.0501904 0.624859 0.0530713 0.623059 0.0567285 0.621707 0.059541 0.620641 0.0611572
1 0.684879 0.0603857 0.684258 0.0650879 0.683125 0.0681641 0.682305 0.0713379 0.681953 0.0764648 0.682305 0.0824707 0.683789 0.0874023 0.685383 0.0919531 0.686902 0.0972998 0.687914 0.0981396 0.68966 0.0983545 0.691066 0.0973682 0.692977 0.0942041 0.694328 0.0894922 0.695059 0.0825342 0.695227 0.0762061 0.694609 0.0720557 0.693598 0.0682568 0.690391 0.0603125 0.688871 0.0575 0.687352 0.0548975 0.686055 0.0541016 0.684883 0.0547363 0.684371 0.056167 0.684484 0.0579248
1 0.220039 0.940894 0.216934 0.942837 0.213223 0.944019 0.210387 0.944609 0.209172 0.945366 0.208023 0.947222 0.207754 0.949331 0.209848 0.952622 0.214168 0.95355 0.220715 0.954224 0.226789 0.95355 0.231379 0.951611 0.236914 0.946631 0.240625 0.943677 0.242586 0.941318 0.243328 0.939038 0.243328 0.936846 0.242246 0.935664 0.240898 0.934902 0.237453 0.93499 0.234078 0.936172 0.231109 0.9371 0.229086 0.9371 0.226992 0.937349 0.224695 0.938193 0.222605 0.939375
1 0.282289 0.984761 0.278035 0.988052 0.275875 0.990498 0.273648 0.994463 0.27277 0.997163 0.272566 0.999863 0.272738 1 0.288648 1 0.293695 0.995308 0.298148 0.991343 0.301121 0.98915 0.304629 0.98729 0.307195 0.986025 0.307871 0.985522 0.307938 0.983662 0.306586 0.982144 0.303484 0.981216 0.296461 0.981216 0.289766 0.981787 0.285258 0.983071
1 0.480785 0.932847 0.477543 0.937402 0.474383 0.941553 0.472359 0.946011 0.47066 0.950669 0.46977 0.955225 0.46977 0.957959 0.470496 0.961196 0.471309 0.961904 0.472926 0.96231 0.47398 0.960894 0.474953 0.958359 0.476328 0.956338 0.481512 0.951172 0.486535 0.944995 0.488398 0.941455 0.489371 0.936494 0.489125 0.932646 0.487102 0.926973 0.485727 0.923936 0.484672 0.922822 0.483863 0.922417 0.482891 0.923027 0.482891 0.925454 0.482891 0.929302 0.482402 0.93082 0.481836 0.931528
1 0.365867 0.339707 0.363922 0.336064 0.363145 0.333511 0.362563 0.330718 0.361883 0.32938 0.36023 0.329141 0.358676 0.330112 0.357508 0.334243 0.356828 0.338979 0.356828 0.343721 0.357605 0.348823 0.360035 0.35356 0.363437 0.359634 0.368879 0.366318 0.37277 0.368628 0.375488 0.369961 0.377043 0.368867 0.378016 0.367412 0.378113 0.363403 0.376949 0.358662 0.373254 0.352832 0.370434 0.348823 0.368004 0.344082
1 0.374227 0.328652 0.377918 0.33582 0.382488 0.342505 0.38725 0.345786 0.391625 0.347119 0.395707 0.347729 0.397164 0.346147 0.397066 0.342627 0.395707 0.339224 0.392109 0.332905 0.387738 0.326953 0.379961 0.32124 0.377043 0.318569 0.375004 0.316748 0.373254 0.316016 0.37277 0.316382 0.372184 0.316987 0.371699 0.320391 0.37277 0.324888
1 0.384414 0.353662 0.381906 0.35915 0.381031 0.361699 0.380543 0.366685 0.380543 0.369961 0.381031 0.370815 0.383559 0.369722 0.385211 0.367168 0.386961 0.364009 0.389098 0.361216 0.391332 0.359395 0.394539 0.358057 0.398137 0.35502 0.399887 0.351128 0.400371 0.347119 0.400277 0.34542 0.399496 0.343599 0.397555 0.343477 0.395125 0.34542 0.392984 0.348091 0.390555 0.349307 0.388805 0.350156 0.386668 0.351494
1 0.386426 0.369531 0.383203 0.372427 0.381883 0.372632 0.380559 0.373149 0.379898 0.373457 0.379734 0.374385 0.379734 0.37604 0.381551 0.377793 0.385105 0.3779 0.391797 0.3779 0.395598 0.375522 0.398488 0.372734 0.401297 0.370566 0.403941 0.369121 0.40477 0.367778 0.405098 0.365093 0.405016 0.363027 0.404188 0.361992 0.402453 0.36189 0.39882 0.362822 0.396422 0.363027 0.393117 0.364058 0.390062 0.36623 0.388242 0.367778
1 0.385262 0.384272 0.381957 0.389951 0.37857 0.393257 0.375676 0.395835 0.374355 0.397593 0.374105 0.399658 0.375512 0.400796 0.378484 0.401929 0.382617 0.402446 0.384434 0.401826 0.386086 0.399971 0.388316 0.397593 0.390055 0.396147 0.393359 0.394287 0.39534 0.392119 0.39716 0.388091 0.397652 0.385718 0.398727 0.383237 0.399473 0.380864 0.399555 0.378589 0.398727 0.376421 0.396332 0.375391 0.394516 0.375596 0.392613 0.376626 0.390383 0.378486 0.387492 0.381172 0.386254 0.38272
1 0.418809 0.224521 0.415383 0.22791 0.413383 0.233086 0.410813 0.238975 0.408957 0.244331 0.408387 0.2479 0.409531 0.253252 0.411813 0.255396 0.413668 0.255571 0.417238 0.253789 0.420809 0.250576 0.424379 0.245581 0.42666 0.238442 0.427945 0.232373 0.432371 0.226841 0.433941 0.224521 0.434086 0.222559 0.432516 0.220771 0.430516 0.219883 0.427234 0.219883 0.423379 0.221128 0.421094 0.223271
1 0.426945 0.280376 0.425949 0.291445 0.42609 0.301792 0.42666 0.306792 0.42823 0.308574 0.430375 0.309287 0.432941 0.308398 0.435512 0.303936 0.435941 0.29644 0.434512 0.284663 0.431801 0.269492 0.430516 0.26646 0.429801 0.26646 0.42866 0.26771 0.427234 0.277168
1 0.414383 0.315356 0.411102 0.317144 0.407816 0.319106 0.405961 0.319995 0.404676 0.320713 0.403531 0.322495 0.403531 0.325708 0.406387 0.328208 0.413242 0.329634 0.420809 0.327847 0.427805 0.324458 0.431516 0.318389 0.432801 0.31375 0.432371 0.310005 0.431371 0.308218 0.42866 0.307681 0.424949 0.309111 0.419953 0.311431 0.417383 0.313037
1 0.428805 0.330884 0.42809 0.336416 0.427945 0.341411 0.42923 0.348374 0.430801 0.355508 0.43223 0.356938 0.434371 0.357295 0.436797 0.355508 0.438512 0.351406 0.438652 0.344268 0.439652 0.336948 0.439937 0.330703 0.438227 0.320889 0.436512 0.312856 0.434512 0.308574 0.43323 0.308218 0.431801 0.308574 0.431801 0.311787 0.431371 0.317144 0.429516 0.325171
1 0.749758 0.0258154 0.748434 0.0266309 0.746863 0.0287061 0.745957 0.0309668 0.745625 0.0334473 0.745957 0.0344775 0.746863 0.0346973 0.747938 0.0341699 0.748684 0.0339697 0.750914 0.0352002 0.752812 0.0379883 0.755375 0.040376 0.759422 0.0413037 0.762312 0.0421289 0.763801 0.0450098 0.764461 0.0479053 0.766113 0.0500732 0.768344 0.0509082 0.769008 0.0495654 0.769418 0.0474902 0.769418 0.0434717 0.768344 0.038208 0.766031 0.0331445 0.763141 0.0290137 0.759258 0.0259082 0.755457 0.0246777 0.752895 0.0246777
1 0.750336 0.0145459 0.751988 0.0194092 0.752566 0.0228076 0.754547 0.0281885 0.75802 0.0331445 0.762148 0.0359229 0.767105 0.039126 0.768676 0.0406836 0.769996 0.0410889 0.77066 0.0398584 0.770742 0.0383008 0.769996 0.0355127 0.769172 0.0318945 0.768098 0.0263184 0.766691 0.0219824 0.762066 0.0137305 0.758598 0.00980469 0.756531 0.00805176 0.754301 0.00835938 0.753227 0.00958984 0.751324 0.0106299 0.750418 0.0109424 0.750004 0.0123877
1 0.856863 0.423857 0.853891 0.426646 0.851082 0.431704 0.849348 0.434907 0.847777 0.438213 0.847113 0.442446 0.847031 0.447715 0.847281 0.45019 0.848188 0.452153 0.850254 0.452876 0.85166 0.452979 0.854305 0.451738 0.856781 0.44833 0.857359 0.44606 0.859758 0.442031 0.861574 0.439243 0.864219 0.43666 0.866367 0.434082 0.867688 0.429951 0.869008 0.424785 0.870414 0.421479 0.87091 0.415078 0.87091 0.413218 0.870578 0.41043 0.869672 0.409502 0.86843 0.409502 0.866695 0.412085 0.864301 0.414561 0.861988 0.416626 0.859922 0.419209 0.858516 0.421377
1 0.860203 0.441309 0.85698 0.445234 0.854254 0.450088 0.851363 0.456079 0.849297 0.46062 0.848719 0.463306 0.848719 0.466304 0.850289 0.468057 0.852602 0.469604 0.85475 0.469604 0.855988 0.468882 0.856566 0.466406 0.857145 0.464341 0.857309 0.46248 0.858879 0.460415 0.861359 0.458042 0.865488 0.453184 0.867227 0.450503 0.869621 0.445645 0.87309 0.441514 0.87491 0.440068 0.875898 0.439038 0.876809 0.436147 0.876395 0.434907 0.87491 0.433975 0.87243 0.43439 0.867141 0.436455 0.863012 0.438623
1 0.858551 0.461963 0.855656 0.465371 0.854336 0.467539 0.85384 0.470122 0.854668 0.473428 0.856816 0.476421 0.858055 0.476421 0.860449 0.475391 0.865574 0.47167 0.870035 0.466509 0.873836 0.46021 0.876477 0.455146 0.878711 0.449673 0.879121 0.4473 0.878215 0.44606 0.876477 0.445542 0.872926 0.446987 0.86673 0.451533 0.863754 0.454219 0.860367 0.459175
1 0.894477 0.292524 0.892789 0.295991 0.890508 0.298721 0.888625 0.300825 0.888527 0.303306 0.889023 0.305781 0.891105 0.306899 0.893879 0.305161 0.896855 0.303179 0.89973 0.300576 0.902805 0.295 0.903895 0.291655 0.903895 0.28707 0.903496 0.285088 0.902703 0.284219 0.900426 0.285088 0.897945 0.287813 0.896754 0.289546
1 0.883867 0.310493 0.880199 0.316938 0.878016 0.320654 0.874945 0.323628 0.873059 0.327471 0.873258 0.331064 0.876133 0.332925 0.878215 0.332178 0.881191 0.330444 0.885059 0.326602 0.889617 0.321768 0.892395 0.316069 0.893781 0.311235 0.893594 0.306885 0.892492 0.305039 0.890809 0.304297 0.888527 0.304419 0.886543 0.305908 0.885059 0.308013
1 0.945734 0.334409 0.942262 0.333667 0.939 0.333789 0.936918 0.334536 0.935332 0.336392 0.935531 0.338994 0.938 0.340483 0.941766 0.341724 0.94723 0.345688 0.951781 0.347671 0.95773 0.34854 0.960406 0.34792 0.964879 0.346309 0.967156 0.344199 0.967258 0.342344 0.964879 0.340234 0.96091 0.339365 0.956746 0.339243 0.95416 0.338623 0.950898 0.337383 0.948508 0.335898
1 0.954664 0.314209 0.952176 0.312847 0.949898 0.313218 0.948012 0.314458 0.947715 0.319043 0.948719 0.325117 0.95198 0.331562 0.95516 0.33689 0.957926 0.341353 0.961793 0.348911 0.963777 0.350522 0.965762 0.350151 0.966156 0.347671 0.966156 0.343579 0.965176 0.335156 0.964777 0.328462 0.962895 0.322144 0.95991 0.318794 0.957145 0.316069
1 0.880895 0.372212 0.878016 0.377788 0.876629 0.383735 0.875141 0.390801 0.875043 0.394268 0.87643 0.395757 0.877719 0.395879 0.87891 0.394888 0.880098 0.391416 0.882977 0.38522 0.888527 0.378032 0.894078 0.370596 0.89725 0.364277 0.898242 0.359941 0.897945 0.357461 0.895352 0.355957 0.893086 0.35647 0.886941 0.362544 0.882977 0.368242
1 0.867914 0.3675 0.866715 0.373696 0.86473 0.380264 0.864535 0.385967 0.86632 0.388198 0.868797 0.389561 0.870383 0.389561 0.872961 0.38708 0.873961 0.38522 0.875141 0.381382 0.878215 0.374316 0.879813 0.36502 0.87991 0.360063 0.880109 0.355356 0.880695 0.350396 0.880594 0.348911 0.879813 0.348169 0.877434 0.349902 0.87425 0.355107 0.871781 0.359321 0.869301 0.363408
1 0.860566 0.3473 0.858586 0.354487 0.857891 0.359072 0.857297 0.365391 0.857793 0.367993 0.859676 0.370596 0.862055 0.371714 0.863344 0.370352 0.86384 0.367129 0.86602 0.360435 0.868102 0.356348 0.869094 0.350771 0.870285 0.342344 0.870977 0.337632 0.871176 0.331562 0.870781 0.329575 0.869094 0.329082 0.865723 0.333047 0.864039 0.336768 0.861559 0.342964
