1 0.473828 0.338379 0.469922 0.339844 0.466406 0.34375 0.464062 0.350586 0.462109 0.353516 0.457813 0.371094 0.457422 0.38623 0.458203 0.398438 0.461328 0.413574 0.465234 0.419922 0.469531 0.429688 0.473828 0.43457 0.475391 0.435059 0.477344 0.432617 0.476953 0.414551 0.479687 0.401367 0.480078 0.383789 0.476172 0.367676 0.475391 0.356934 0.476172 0.34082 0.475391 0.338867
1 0.447656 0.32959 0.450391 0.332031 0.466406 0.331543 0.476172 0.337402 0.48125 0.338867 0.492578 0.337402 0.498828 0.335449 0.505078 0.331055 0.514844 0.318359 0.516797 0.313477 0.514062 0.310059 0.510547 0.310059 0.505469 0.3125 0.497266 0.313965 0.475391 0.308105 0.469531 0.308594 0.457813 0.314453 0.45 0.321289 0.447656 0.325684
1 0.480078 0.238281 0.479687 0.240234 0.480859 0.241699 0.498047 0.253906 0.50625 0.264648 0.518359 0.275879 0.541016 0.287598 0.545312 0.287109 0.547266 0.284668 0.547266 0.278809 0.541016 0.270996 0.534766 0.250488 0.530078 0.244141 0.523047 0.242188 0.512891 0.242188 0.498828 0.236328 0.484766 0.23584 0.481641 0.236328
1 0.415625 0.164551 0.411328 0.166504 0.403125 0.186035 0.399609 0.189941 0.391797 0.203125 0.390625 0.20752 0.390234 0.219238 0.391797 0.233398 0.39375 0.240723 0.395313 0.267578 0.396875 0.274414 0.399609 0.278809 0.401953 0.278809 0.404297 0.275879 0.410547 0.23291 0.412891 0.225098 0.416797 0.205078 0.417578 0.168945 0.417187 0.166016
1 0.268359 0.189453 0.269141 0.193359 0.305078 0.22168 0.312891 0.225586 0.322656 0.228516 0.327344 0.228516 0.353516 0.224609 0.357031 0.221191 0.357031 0.219727 0.355078 0.217285 0.347266 0.214844 0.337891 0.208984 0.325 0.196777 0.317969 0.192871 0.276953 0.1875 0.271875 0.1875
1 0.164453 0.185547 0.164844 0.188477 0.166406 0.19043 0.191016 0.205078 0.205078 0.210938 0.216406 0.213867 0.227734 0.215332 0.232031 0.214844 0.247266 0.208496 0.263672 0.206543 0.265234 0.205566 0.266016 0.202148 0.263672 0.198242 0.260156 0.197754 0.257031 0.195312 0.25 0.192383 0.225391 0.185547 0.218359 0.18457 0.1875 0.185547 0.166406 0.18457
1 0.224219 0.240234 0.224219 0.244629 0.232813 0.267578 0.253906 0.296387 0.257031 0.301758 0.258594 0.307129 0.263281 0.312988 0.267578 0.312988 0.26875 0.310059 0.268359 0.299316 0.267188 0.29541 0.264453 0.271973 0.261719 0.259277 0.257812 0.251465 0.253516 0.247559 0.239453 0.239746 0.232422 0.237305 0.227344 0.237305
1 0.247266 0.321289 0.244922 0.322754 0.24375 0.325195 0.240625 0.346191 0.242188 0.376465 0.245703 0.394043 0.251563 0.412598 0.256641 0.422852 0.258203 0.424805 0.260547 0.425293 0.262109 0.422852 0.264844 0.392578 0.26875 0.374512 0.267969 0.354492 0.266406 0.346191 0.260547 0.32959 0.255469 0.323242 0.250391 0.321289
1 0.411328 0.357422 0.389844 0.351074 0.380469 0.351074 0.376172 0.353027 0.371875 0.35791 0.361328 0.365723 0.341406 0.373047 0.341016 0.376953 0.353125 0.380859 0.361719 0.381836 0.373828 0.380859 0.388281 0.374512 0.399219 0.366211 0.409766 0.361816 0.411328 0.359863
1 0.337109 0.240723 0.335547 0.243652 0.337109 0.257812 0.343359 0.273438 0.347656 0.290039 0.359766 0.308105 0.372656 0.333984 0.376563 0.336914 0.377734 0.336426 0.377734 0.314453 0.376563 0.297852 0.375391 0.294922 0.373828 0.282715 0.370312 0.273438 0.366797 0.26709 0.3625 0.262207 0.350391 0.251465 0.344922 0.248047 0.341406 0.243164
1 0.43125 0.0961914 0.426953 0.0957031 0.419141 0.101074 0.416016 0.104492 0.411328 0.114746 0.404297 0.124023 0.396094 0.12793 0.390625 0.133301 0.385547 0.142578 0.38125 0.15918 0.376563 0.166016 0.373437 0.182129 0.376172 0.185059 0.378125 0.18457 0.383594 0.176758 0.396484 0.169434 0.401953 0.163574 0.407031 0.154785 0.4125 0.143066 0.415234 0.134766 0.419531 0.126953 0.421875 0.118652 0.430469 0.100098
1 0.561328 0.0854492 0.55625 0.0854492 0.545312 0.0883789 0.524219 0.0898438 0.519922 0.0913086 0.513281 0.0957031 0.508984 0.101074 0.505859 0.109863 0.498828 0.12207 0.495703 0.125488 0.485938 0.131836 0.479297 0.142578 0.478906 0.146484 0.483203 0.146973 0.492188 0.140625 0.501172 0.138672 0.50625 0.13623 0.511719 0.131348 0.517969 0.122559 0.534766 0.104492 0.546094 0.0981445 0.560937 0.0922852 0.562891 0.0883789
1 0.584766 0.312988 0.582812 0.313477 0.580469 0.317871 0.575391 0.341797 0.571094 0.353027 0.569531 0.365234 0.567187 0.374023 0.567187 0.412598 0.56875 0.415039 0.572266 0.415039 0.575 0.412598 0.584375 0.39502 0.591406 0.37793 0.591797 0.369629 0.593359 0.361816 0.592187 0.338867 0.589063 0.321289 0.5875 0.316406
1 0.614844 0.312012 0.611719 0.312988 0.610547 0.315918 0.605859 0.34082 0.602734 0.345215 0.600781 0.351074 0.596094 0.359863 0.59375 0.370117 0.594141 0.392578 0.595703 0.400391 0.6 0.407227 0.604297 0.406738 0.605859 0.404297 0.608984 0.402344 0.614062 0.395508 0.619141 0.379883 0.623047 0.358887 0.622656 0.345703 0.617578 0.318359
1 0.658984 0.3125 0.653125 0.324707 0.650391 0.327637 0.645703 0.336914 0.633594 0.352539 0.627344 0.369141 0.627344 0.373535 0.625 0.377441 0.625 0.380371 0.622656 0.383789 0.622656 0.38623 0.623828 0.387695 0.626563 0.38916 0.63125 0.38916 0.638281 0.386719 0.644922 0.382324 0.655469 0.370605 0.658594 0.363281 0.659766 0.354492 0.660156 0.34375 0.659375 0.330566 0.661328 0.32666 0.661328 0.320801 0.660156 0.314453
1 0.664844 0.313477 0.661719 0.313477 0.661328 0.314453 0.661719 0.336914 0.660547 0.366699 0.662109 0.373047 0.6625 0.380859 0.660937 0.388184 0.658984 0.39209 0.658984 0.401367 0.661328 0.40625 0.662891 0.40625 0.669531 0.399902 0.675 0.390137 0.678125 0.386719 0.682813 0.373047 0.683203 0.367188 0.682031 0.344727 0.678125 0.335938 0.671484 0.325195 0.670312 0.320801 0.667188 0.314941
1 0.655859 0.395996 0.651172 0.391113 0.642188 0.390625 0.633984 0.391602 0.630469 0.393555 0.61875 0.39502 0.601953 0.404785 0.601953 0.408203 0.603125 0.412598 0.615625 0.419434 0.621484 0.420898 0.631641 0.420898 0.641406 0.416992 0.653125 0.40918 0.656641 0.404297
1 0.589063 0.419434 0.572656 0.42334 0.563281 0.431641 0.555859 0.442871 0.551562 0.45752 0.540625 0.478027 0.538281 0.488281 0.538672 0.491699 0.541797 0.492188 0.545312 0.491211 0.560156 0.483398 0.564063 0.480469 0.569531 0.474121 0.574219 0.466309 0.576562 0.460449 0.578906 0.451172 0.579297 0.445801 0.582422 0.436523 0.589844 0.423828 0.589844 0.42041
1 0.426172 0.507812 0.426172 0.513184 0.430078 0.521973 0.433594 0.525391 0.446094 0.546875 0.454688 0.557129 0.462109 0.562988 0.482812 0.573242 0.485938 0.575684 0.489844 0.575684 0.492188 0.573242 0.492188 0.568359 0.489063 0.55957 0.484375 0.554199 0.477344 0.541992 0.475391 0.536621 0.469531 0.529297 0.467578 0.525391 0.455859 0.518555 0.4375 0.512695 0.435156 0.509766 0.432031 0.509766 0.427344 0.506836
1 0.371875 0.450195 0.371094 0.451172 0.371094 0.458496 0.373828 0.467773 0.374219 0.474609 0.376172 0.479004 0.376172 0.483398 0.378125 0.486328 0.382031 0.506836 0.384375 0.513184 0.395703 0.527344 0.401953 0.53125 0.408203 0.537109 0.411719 0.536621 0.412891 0.535156 0.413672 0.530762 0.413281 0.517578 0.408984 0.500977 0.405859 0.495605 0.403906 0.489258 0.392578 0.471191 0.383203 0.462402 0.373828 0.450684
1 0.321484 0.455566 0.320703 0.459473 0.321875 0.463867 0.330078 0.476562 0.335938 0.483398 0.352734 0.498535 0.361719 0.501953 0.366016 0.504883 0.369922 0.509766 0.376563 0.526367 0.380469 0.523926 0.382422 0.517578 0.382812 0.512695 0.380078 0.505859 0.378125 0.496094 0.371094 0.478516 0.364453 0.46875 0.354687 0.462402 0.3375 0.456055 0.330078 0.45459 0.322266 0.45459
1 0.228516 0.442871 0.232422 0.44873 0.235937 0.45166 0.260937 0.467773 0.269141 0.47168 0.274219 0.47168 0.292578 0.466797 0.308203 0.459473 0.313672 0.455566 0.313281 0.453125 0.310547 0.450684 0.303125 0.449707 0.280859 0.442383 0.260156 0.439453 0.251172 0.439453 0.247656 0.44043 0.23125 0.440918
1 0.0703125 0.422363 0.0691406 0.419434 0.0523438 0.420898 0.0402344 0.416992 0.0351562 0.416992 0.0277344 0.418945 0.0121094 0.429199 0.00820313 0.430664 0.0015625 0.436035 0 0.436035 0 0.44873 0.0109375 0.44873 0.0144531 0.447754 0.0164063 0.44873 0.0214844 0.44873 0.0246094 0.450195 0.0386719 0.44873 0.0445313 0.445312 0.05 0.44043 0.0597656 0.436523 0.0644531 0.433105 0.0691406 0.427734
1 0.186328 0.591309 0.1875 0.595215 0.190625 0.599121 0.204687 0.611816 0.221094 0.621094 0.233594 0.625 0.241797 0.625 0.248438 0.623047 0.251563 0.620117 0.251563 0.618652 0.249219 0.616699 0.240234 0.612305 0.232422 0.603027 0.224219 0.59668 0.203125 0.592285 0.192188 0.588379 0.188672 0.588379
1 0.10625 0.473145 0.104297 0.474609 0.103906 0.479004 0.105469 0.495117 0.105078 0.523438 0.109375 0.54541 0.110156 0.568848 0.111719 0.571777 0.115234 0.571777 0.116797 0.568359 0.118359 0.54541 0.123047 0.528809 0.123047 0.512207 0.115625 0.489746 0.108594 0.474609
1 0.286328 0.514648 0.282813 0.520508 0.280469 0.53418 0.280859 0.544434 0.283203 0.55957 0.283203 0.567871 0.286328 0.57666 0.294141 0.584961 0.299609 0.587402 0.304688 0.588379 0.314844 0.587402 0.322266 0.589355 0.330469 0.588867 0.330859 0.585938 0.327734 0.580566 0.323437 0.577637 0.320312 0.571289 0.313672 0.564941 0.300781 0.54834 0.292578 0.529785 0.287891 0.514648
1 0.333203 0.484863 0.331641 0.487305 0.33125 0.491699 0.332813 0.498047 0.335938 0.505371 0.3375 0.517578 0.341016 0.530273 0.353125 0.552734 0.367969 0.574219 0.371875 0.576172 0.376953 0.575684 0.378516 0.572754 0.378125 0.568359 0.370703 0.552246 0.370312 0.547852 0.36875 0.543945 0.367188 0.528809 0.364063 0.518066 0.342578 0.491211 0.335547 0.485352
1 0.289062 0.646484 0.290625 0.648438 0.295703 0.648438 0.299219 0.647461 0.326172 0.647461 0.334766 0.645508 0.364844 0.624023 0.365625 0.620605 0.365234 0.619141 0.361719 0.617676 0.350781 0.619141 0.342578 0.618652 0.328906 0.612305 0.323437 0.61084 0.319922 0.611328 0.315234 0.614746 0.309375 0.62207 0.294141 0.636719 0.290234 0.641602
1 0.065625 0.645996 0.065625 0.647461 0.0679687 0.650879 0.0765625 0.656738 0.0902344 0.671387 0.0949219 0.674316 0.109766 0.672852 0.138672 0.67334 0.151953 0.671875 0.158203 0.67041 0.159375 0.669434 0.159766 0.666992 0.157812 0.665039 0.146875 0.662598 0.131641 0.655762 0.115234 0.644531 0.111328 0.643555 0.0871094 0.644531 0.0777344 0.642578 0.071875 0.642578 0.0683594 0.643555
1 0.616797 0.508789 0.614844 0.507812 0.611719 0.502441 0.603906 0.498047 0.587109 0.499023 0.579297 0.50293 0.572656 0.508789 0.567578 0.515137 0.557031 0.524902 0.551953 0.533691 0.554688 0.538574 0.557031 0.539551 0.575 0.538086 0.583984 0.53418 0.592187 0.527832 0.607812 0.512207 0.616016 0.510254
1 0.641797 0.446777 0.639844 0.450684 0.640625 0.454102 0.639844 0.45752 0.639844 0.469727 0.642578 0.484863 0.649219 0.49707 0.655078 0.503906 0.666016 0.520996 0.669531 0.523438 0.672656 0.523438 0.675781 0.521973 0.678906 0.518066 0.678906 0.50293 0.677344 0.493652 0.670312 0.479492 0.666016 0.475586 0.662109 0.469727 0.657422 0.46582 0.654297 0.459473 0.649219 0.455078 0.646094 0.449219 0.643359 0.446777
1 0.678125 0.394531 0.673828 0.395996 0.665625 0.405273 0.660156 0.415039 0.648438 0.429688 0.642969 0.439453 0.641406 0.446289 0.641797 0.452148 0.640625 0.463379 0.642188 0.466797 0.643359 0.466797 0.648438 0.461914 0.653125 0.460449 0.669531 0.448242 0.675391 0.44043 0.679297 0.428711 0.680859 0.413086 0.680469 0.401855
1 0.708594 0.378418 0.703906 0.379883 0.700781 0.383789 0.699609 0.395508 0.696484 0.406738 0.695312 0.415527 0.695312 0.421387 0.697266 0.432617 0.700391 0.439941 0.705469 0.446289 0.708984 0.445312 0.714063 0.440918 0.717969 0.438965 0.719922 0.432617 0.719922 0.418945 0.717578 0.399902 0.713672 0.388184 0.708594 0.380371
1 0.748828 0.436035 0.747656 0.435059 0.735938 0.436035 0.732812 0.437988 0.721094 0.438477 0.716016 0.442383 0.7125 0.443359 0.710547 0.446289 0.705469 0.449219 0.700781 0.458984 0.696875 0.471191 0.695312 0.480957 0.692578 0.486816 0.693359 0.493652 0.696484 0.496094 0.701172 0.496094 0.710156 0.486816 0.714453 0.478027 0.719141 0.47168 0.724609 0.467285 0.742578 0.444824 0.749219 0.44043 0.749609 0.438477
1 0.783203 0.397461 0.780859 0.401855 0.780469 0.409668 0.782813 0.432617 0.785547 0.444336 0.790625 0.45752 0.80625 0.490723 0.809766 0.494629 0.811719 0.494629 0.813672 0.489746 0.811719 0.476562 0.811719 0.453613 0.808984 0.438477 0.803125 0.421387 0.799609 0.415527 0.789844 0.403809 0.7875 0.397949
1 0.770703 0.504883 0.769531 0.510742 0.769531 0.535645 0.770703 0.541992 0.771094 0.556641 0.772656 0.566406 0.775 0.572266 0.784766 0.582031 0.790625 0.589844 0.794531 0.591309 0.798047 0.594727 0.802344 0.595703 0.805469 0.588379 0.805469 0.579102 0.801172 0.557129 0.794922 0.541016 0.789844 0.53418 0.776563 0.509766 0.772266 0.504883
1 0.760156 0.535645 0.758984 0.537109 0.757031 0.544434 0.755469 0.555176 0.756641 0.567871 0.755078 0.579102 0.755859 0.589355 0.759375 0.603516 0.761719 0.60791 0.764062 0.619141 0.766797 0.624023 0.770312 0.627441 0.775781 0.628418 0.775 0.606445 0.777734 0.588867 0.777344 0.57959 0.770312 0.567871 0.767578 0.561035 0.767188 0.55127 0.766406 0.549316 0.766797 0.544922 0.763672 0.537598
1 0.735547 0.506836 0.732422 0.509277 0.730078 0.519531 0.729688 0.553223 0.730469 0.569336 0.731641 0.57666 0.736719 0.592773 0.745313 0.60498 0.748437 0.608398 0.753125 0.61084 0.755469 0.609863 0.75625 0.603516 0.752734 0.591309 0.753906 0.564453 0.752344 0.549316 0.742188 0.523926 0.738281 0.509766 0.736719 0.506836
1 0.697266 0.515625 0.694531 0.520508 0.694922 0.530273 0.700391 0.551758 0.704297 0.561523 0.712109 0.57373 0.716016 0.578125 0.723828 0.591309 0.728906 0.597656 0.732422 0.598145 0.733984 0.595215 0.734375 0.59082 0.729688 0.576172 0.726562 0.553711 0.725 0.54834 0.717969 0.535156 0.712109 0.527832 0.708203 0.520508 0.701562 0.514648
1 0.587891 0.535645 0.587891 0.537598 0.591406 0.540527 0.615234 0.545898 0.622266 0.54834 0.630469 0.553711 0.637891 0.556641 0.646094 0.556152 0.651563 0.554199 0.65625 0.55127 0.669531 0.545898 0.673047 0.542969 0.685156 0.540527 0.6875 0.537598 0.687109 0.533203 0.685547 0.531738 0.668359 0.532227 0.642969 0.526367 0.598437 0.52832 0.590234 0.532227
1 0.580078 0.566895 0.580469 0.571777 0.582812 0.573242 0.5875 0.570312 0.595313 0.569824 0.605469 0.576172 0.614453 0.578125 0.620703 0.577637 0.637891 0.573242 0.650391 0.572266 0.652734 0.569824 0.651563 0.566895 0.648438 0.564941 0.639844 0.562012 0.623047 0.552246 0.612109 0.54834 0.607422 0.547852 0.599609 0.54834 0.595313 0.55127 0.592969 0.554199 0.582422 0.562012
1 0.342187 0.688477 0.342187 0.692383 0.344531 0.697754 0.348438 0.711914 0.348828 0.721191 0.352734 0.732422 0.368359 0.748535 0.369922 0.75293 0.374219 0.75293 0.378125 0.749023 0.379297 0.744629 0.378906 0.735352 0.373437 0.721191 0.366016 0.708984 0.357031 0.697754 0.349219 0.689941 0.345703 0.687988
1 0.325 0.741699 0.323437 0.743652 0.323437 0.749023 0.328125 0.757812 0.331641 0.772461 0.336719 0.785156 0.339062 0.787598 0.346875 0.791504 0.355859 0.800293 0.361328 0.807129 0.365234 0.807129 0.366797 0.803711 0.366016 0.789062 0.355469 0.759277 0.35 0.750977 0.338672 0.743164 0.330859 0.740234
1 0.560937 0.562012 0.558984 0.560547 0.55625 0.560547 0.549219 0.563965 0.544531 0.567871 0.532813 0.573242 0.528906 0.57666 0.525 0.577637 0.517969 0.583496 0.506641 0.595703 0.501641 0.600098 0.500703 0.607568 0.499023 0.612207 0.505078 0.6125 0.514062 0.611328 0.516406 0.609863 0.527734 0.60791 0.538281 0.600586 0.544922 0.594238 0.552734 0.58252 0.554688 0.577637 0.560156 0.569336 0.561328 0.56543
1 0.211719 0.770508 0.211719 0.773438 0.217578 0.777344 0.219922 0.781738 0.220312 0.79834 0.223438 0.811035 0.227734 0.821289 0.235937 0.830566 0.242969 0.835938 0.258203 0.842773 0.264453 0.842773 0.265234 0.841797 0.265234 0.837891 0.261719 0.833008 0.256641 0.821289 0.254297 0.817871 0.249609 0.806641 0.248828 0.802246 0.245703 0.795898 0.229297 0.774902 0.224609 0.770996 0.218359 0.769531
1 0.121094 0.830078 0.122656 0.832031 0.126562 0.833496 0.149609 0.835938 0.158594 0.838379 0.169531 0.838867 0.183594 0.835449 0.201172 0.828613 0.212109 0.825684 0.217188 0.822266 0.205469 0.814941 0.192578 0.812988 0.179688 0.80957 0.167578 0.809082 0.144531 0.814941 0.137109 0.819336 0.122656 0.825684
1 0.439063 0.617676 0.436328 0.618652 0.430469 0.628418 0.419141 0.660156 0.416016 0.681152 0.417578 0.693359 0.423047 0.708496 0.430859 0.718262 0.434766 0.720215 0.438281 0.719238 0.439844 0.716797 0.439844 0.702637 0.442969 0.69043 0.444531 0.677246 0.444531 0.670898 0.442578 0.665527 0.440625 0.651367 0.439453 0.636719 0.439844 0.619141
1 0.407422 0.550781 0.406641 0.553223 0.411328 0.56543 0.411719 0.57373 0.407031 0.595703 0.40625 0.607422 0.407422 0.612305 0.415234 0.625 0.419141 0.629883 0.421484 0.630371 0.423438 0.629395 0.424219 0.627441 0.423828 0.616699 0.429297 0.604492 0.431641 0.596191 0.431641 0.575684 0.427734 0.567383 0.421875 0.561035 0.419141 0.556152 0.412109 0.55127
1 0.494141 0.606934 0.482812 0.606934 0.478516 0.60791 0.470313 0.612793 0.467578 0.615723 0.454297 0.623047 0.447266 0.634277 0.445312 0.641113 0.442969 0.660645 0.442969 0.668457 0.444141 0.672852 0.447266 0.67334 0.451953 0.668945 0.453906 0.664551 0.466406 0.645996 0.467969 0.64209 0.477734 0.628906 0.482031 0.625 0.4875 0.622559 0.494141 0.615723 0.492188 0.611816
1 0.4875 0.65332 0.4875 0.655273 0.489063 0.658203 0.49375 0.662109 0.509375 0.671387 0.51875 0.674805 0.523828 0.674805 0.541406 0.670898 0.542969 0.669434 0.548359 0.664062 0.551367 0.65918 0.548867 0.654346 0.533594 0.65332 0.522656 0.644531 0.518359 0.642578 0.508984 0.64209 0.501563 0.643555 0.489844 0.649902
1 0.522266 0.626953 0.523438 0.631836 0.525 0.632812 0.542578 0.634277 0.558594 0.639648 0.567969 0.639648 0.576562 0.637695 0.582422 0.635254 0.588789 0.628467 0.588398 0.624072 0.578125 0.621582 0.568359 0.611328 0.560156 0.605957 0.555078 0.604004 0.545312 0.60498 0.535547 0.610352 0.524219 0.622559
1 0.583594 0.571777 0.581641 0.574707 0.582031 0.58252 0.5875 0.603516 0.598437 0.621094 0.605469 0.629395 0.608984 0.637695 0.610156 0.643066 0.613281 0.644531 0.616016 0.644043 0.619531 0.63623 0.620703 0.625977 0.619922 0.618652 0.617969 0.613281 0.617188 0.607422 0.613281 0.596191 0.607422 0.586426 0.604297 0.584473 0.592578 0.570801 0.587109 0.569824
1 0.616406 0.595703 0.618359 0.608887 0.622266 0.620605 0.633984 0.64209 0.647266 0.65332 0.651563 0.658691 0.663281 0.666016 0.667188 0.666504 0.667578 0.660645 0.661328 0.64209 0.657031 0.633789 0.647656 0.620117 0.636328 0.609863 0.631641 0.604004 0.626563 0.601562 0.623437 0.597656 0.619922 0.595215
1 0.685156 0.547852 0.68125 0.547852 0.679688 0.550781 0.679297 0.565918 0.676953 0.575684 0.674219 0.595215 0.674609 0.603516 0.676562 0.608887 0.678125 0.610352 0.682031 0.609863 0.692187 0.604004 0.695312 0.597168 0.699609 0.579102 0.699609 0.571289 0.695312 0.560059 0.692969 0.556152
1 0.505078 0.671387 0.503516 0.672363 0.502344 0.678223 0.503906 0.681152 0.504687 0.687012 0.504687 0.702637 0.505469 0.70752 0.508984 0.718262 0.520312 0.739258 0.522656 0.749023 0.522266 0.751953 0.524609 0.765625 0.525391 0.76709 0.529687 0.769043 0.530078 0.766602 0.528125 0.76416 0.529297 0.760742 0.528516 0.755859 0.532813 0.748047 0.533984 0.734863 0.533594 0.721191 0.530078 0.702148 0.522266 0.68457 0.514453 0.676758
1 0.571094 0.695801 0.565625 0.693359 0.555859 0.695312 0.546875 0.703125 0.542578 0.708496 0.540234 0.712891 0.537891 0.722168 0.535156 0.727051 0.532031 0.739746 0.525 0.746094 0.523828 0.749023 0.523438 0.758789 0.524609 0.765625 0.525781 0.768066 0.530078 0.771973 0.533984 0.773438 0.5375 0.771484 0.544531 0.759277 0.546875 0.752441 0.5625 0.732422 0.566016 0.720215 0.569531 0.713867 0.571094 0.708984 0.572266 0.69873
1 0.458594 0.747559 0.458594 0.751953 0.460547 0.755859 0.475391 0.768555 0.477734 0.774902 0.485547 0.789551 0.49375 0.79834 0.503906 0.803711 0.511328 0.805176 0.518359 0.804199 0.522656 0.799316 0.520703 0.794434 0.511719 0.785645 0.506641 0.774902 0.501172 0.76709 0.486328 0.754883 0.479297 0.750977 0.467187 0.749512 0.462891 0.74707
1 0.420703 0.760254 0.418359 0.760254 0.415234 0.762695 0.407422 0.783691 0.403516 0.800781 0.402734 0.810059 0.399609 0.82373 0.398438 0.833496 0.395313 0.842773 0.391797 0.847656 0.390234 0.854004 0.391406 0.85498 0.393359 0.85498 0.401172 0.849121 0.414062 0.836426 0.420312 0.83252 0.425 0.82666 0.426563 0.813965 0.426563 0.80127 0.423828 0.783203 0.423438 0.766602
1 0.682031 0.677246 0.678906 0.675293 0.675781 0.675293 0.665625 0.678711 0.660156 0.682129 0.65 0.692871 0.645703 0.70166 0.642969 0.705078 0.642578 0.709473 0.640625 0.713379 0.641797 0.714844 0.646094 0.713379 0.657031 0.70459 0.663281 0.70166 0.671094 0.693848 0.672656 0.689941 0.680078 0.682129
1 0.765234 0.643066 0.776953 0.65918 0.782031 0.672852 0.787109 0.679688 0.793359 0.685059 0.799219 0.6875 0.813281 0.696289 0.816016 0.695801 0.816406 0.689941 0.811328 0.677246 0.807422 0.671875 0.798047 0.663574 0.7875 0.649902 0.780078 0.64209 0.771484 0.63916 0.766797 0.63916
1 0.80625 0.579102 0.801953 0.579102 0.798438 0.583984 0.798828 0.587402 0.791406 0.592773 0.789062 0.602051 0.782422 0.617676 0.780469 0.628418 0.780469 0.635742 0.782813 0.641602 0.791797 0.653809 0.798828 0.659668 0.801953 0.659668 0.803516 0.658203 0.803516 0.652832 0.808203 0.631348 0.807031 0.58252
1 0.776563 0.721191 0.776953 0.724121 0.786719 0.73291 0.798047 0.738281 0.805469 0.740234 0.810156 0.740234 0.81875 0.737305 0.841797 0.73584 0.852344 0.731934 0.854297 0.729492 0.853906 0.727539 0.846094 0.722656 0.829688 0.714844 0.819141 0.708008 0.8125 0.706543 0.798438 0.708008 0.786719 0.712891 0.78125 0.716309
1 0.863281 0.700684 0.861719 0.705078 0.861328 0.709473 0.864062 0.72168 0.869141 0.72998 0.879687 0.741211 0.890234 0.746582 0.894531 0.75293 0.897656 0.754395 0.899609 0.756836 0.908203 0.758301 0.910937 0.759766 0.913281 0.759277 0.914062 0.757324 0.913672 0.750977 0.905078 0.739746 0.904687 0.73584 0.902344 0.732422 0.898438 0.720215 0.895703 0.716309 0.889453 0.710938 0.880859 0.707031 0.876563 0.706543 0.866016 0.699219
1 0.842187 0.743652 0.844141 0.747559 0.850391 0.750977 0.85625 0.756836 0.865625 0.763672 0.875 0.765137 0.899219 0.771973 0.903516 0.770996 0.904297 0.768555 0.901563 0.76123 0.890625 0.75293 0.885938 0.747559 0.880469 0.744141 0.858984 0.740723 0.846094 0.740723
1 0.9 0.787109 0.9 0.790527 0.903906 0.794434 0.914844 0.800781 0.927344 0.811523 0.939063 0.819336 0.962109 0.831055 0.970703 0.831543 0.973437 0.830078 0.973047 0.821777 0.965625 0.813965 0.960938 0.810547 0.950781 0.797852 0.942187 0.790039 0.935937 0.786621 0.903125 0.786133
1 0.852344 0.812988 0.852344 0.819336 0.85625 0.833984 0.860938 0.841797 0.865625 0.845703 0.876172 0.85791 0.892969 0.872559 0.908203 0.881836 0.910937 0.882812 0.913672 0.881836 0.912891 0.875488 0.905859 0.86377 0.901172 0.852539 0.887891 0.834961 0.876953 0.824707 0.864844 0.819336 0.854688 0.8125
1 0.853906 0.847168 0.848437 0.853027 0.846484 0.856934 0.844141 0.866699 0.84375 0.874023 0.847266 0.887695 0.851953 0.896973 0.85625 0.902832 0.863672 0.91748 0.865625 0.918945 0.86875 0.918457 0.869141 0.916504 0.868359 0.913086 0.869531 0.908691 0.869141 0.904785 0.873047 0.89502 0.872266 0.882812 0.8625 0.854492 0.857812 0.847656
1 0.834766 0.800293 0.832422 0.80127 0.830078 0.806152 0.826172 0.82959 0.821484 0.84375 0.819531 0.855469 0.818359 0.886719 0.819531 0.900879 0.821094 0.907715 0.822656 0.909668 0.826562 0.90918 0.830859 0.901855 0.832422 0.895996 0.835547 0.873047 0.840234 0.858887 0.841406 0.851562 0.841797 0.83252 0.838281 0.806152 0.837109 0.802734
1 0.809766 0.800293 0.807422 0.79834 0.805469 0.799805 0.801562 0.812988 0.794141 0.830566 0.785937 0.843262 0.778516 0.848633 0.774609 0.850098 0.772266 0.852539 0.772266 0.85498 0.773438 0.856934 0.786719 0.857422 0.794141 0.85498 0.803906 0.850098 0.811328 0.842285 0.813281 0.833008 0.813672 0.821289 0.8125 0.810547
1 0.7875 0.764648 0.783984 0.766113 0.78125 0.772461 0.773438 0.78125 0.767578 0.791504 0.763281 0.803223 0.762891 0.818359 0.765234 0.836426 0.765234 0.845703 0.767188 0.853516 0.768359 0.853516 0.775 0.844727 0.783594 0.822266 0.787891 0.813965 0.792969 0.799316 0.79375 0.788086 0.792969 0.776367 0.790234 0.768555
1 0.719141 0.697754 0.71875 0.70166 0.722266 0.708496 0.728125 0.715332 0.735938 0.720703 0.740625 0.727051 0.743359 0.733398 0.755078 0.747559 0.763672 0.752441 0.776563 0.755859 0.780469 0.755371 0.780859 0.751465 0.769141 0.73877 0.764453 0.725098 0.7625 0.722656 0.753125 0.716309 0.747656 0.709961 0.736328 0.705566 0.726562 0.699707 0.724609 0.697266 0.719922 0.696777
1 0.689063 0.685059 0.689453 0.689453 0.695312 0.700195 0.698828 0.710449 0.700781 0.72168 0.704688 0.73291 0.711719 0.746582 0.71875 0.755371 0.727734 0.771484 0.73125 0.773926 0.733203 0.773438 0.733984 0.771484 0.733984 0.765625 0.730078 0.736328 0.727344 0.724609 0.723828 0.714844 0.715625 0.704102 0.707422 0.697266 0.701172 0.687988 0.694531 0.684082
1 0.727734 0.848633 0.726562 0.850098 0.726953 0.859863 0.728906 0.865234 0.730469 0.866699 0.73125 0.87207 0.734375 0.878418 0.735547 0.884277 0.734766 0.88916 0.736719 0.892578 0.736328 0.897461 0.74375 0.918945 0.75 0.927734 0.755078 0.937988 0.756641 0.938965 0.759375 0.932617 0.759766 0.922363 0.757031 0.895508 0.755469 0.888184 0.748047 0.867676 0.745703 0.864746 0.741406 0.855469 0.739844 0.84668 0.735938 0.845215 0.732812 0.847656
1 0.561328 0.780762 0.555859 0.780273 0.548438 0.782227 0.544141 0.785645 0.541406 0.786133 0.533984 0.791016 0.53125 0.793945 0.527344 0.802734 0.525391 0.811035 0.516016 0.828613 0.516016 0.836914 0.517969 0.844727 0.521094 0.845215 0.523047 0.840332 0.527734 0.834473 0.534766 0.828613 0.545703 0.823242 0.548828 0.819336 0.552734 0.810547 0.553906 0.805176 0.561328 0.791992 0.562891 0.787109 0.562891 0.783203
1 0.423828 0.843262 0.420312 0.844727 0.4125 0.86084 0.400391 0.877441 0.399219 0.880371 0.396094 0.910156 0.396484 0.91748 0.399219 0.921387 0.401172 0.921387 0.405078 0.916016 0.406641 0.912109 0.419531 0.895996 0.422656 0.888672 0.426953 0.856934 0.426563 0.848633 0.425391 0.844727
1 0.427734 0.882324 0.426953 0.884277 0.427734 0.886719 0.441406 0.904785 0.446094 0.916992 0.45 0.921875 0.455469 0.924805 0.466016 0.92627 0.478125 0.930664 0.48125 0.933594 0.485938 0.934082 0.486719 0.925781 0.483594 0.916016 0.479687 0.912109 0.466797 0.893555 0.451172 0.884766 0.44375 0.881836 0.430469 0.880371
1 0.492578 0.91748 0.490625 0.919434 0.490625 0.921387 0.498047 0.95459 0.507812 0.973633 0.509766 0.981934 0.5125 0.983887 0.517188 0.982422 0.519531 0.978516 0.521484 0.970215 0.521484 0.960938 0.518359 0.944336 0.514062 0.935547 0.498437 0.917969
1 0.516016 0.864258 0.540234 0.905273 0.556641 0.916504 0.560937 0.917969 0.564063 0.920898 0.572266 0.922852 0.580859 0.922852 0.580859 0.919922 0.568359 0.907715 0.559766 0.895996 0.548047 0.885254 0.544141 0.879395 0.536328 0.872559 0.525 0.867188 0.521875 0.864258 0.518359 0.863281
1 0.630859 0.723633 0.624219 0.732422 0.622266 0.737793 0.621094 0.747559 0.624219 0.760254 0.632031 0.779785 0.633203 0.787109 0.634375 0.789551 0.635547 0.789551 0.637891 0.783691 0.637891 0.779785 0.639062 0.776367 0.638672 0.758789 0.636328 0.73877 0.635938 0.725586 0.634766 0.723633
1 0.561328 0.807617 0.559766 0.807617 0.557031 0.810059 0.554688 0.822754 0.540625 0.846191 0.538281 0.853027 0.537109 0.861328 0.537109 0.869141 0.540625 0.874512 0.545312 0.876465 0.551562 0.870605 0.562109 0.85791 0.570703 0.841797 0.571094 0.831055 0.569531 0.817871 0.568359 0.814941
1 0.602344 0.816406 0.600391 0.819336 0.600781 0.82666 0.6 0.829102 0.599609 0.84082 0.596094 0.849121 0.597656 0.853516 0.6 0.873047 0.599219 0.875488 0.599609 0.880859 0.598437 0.884766 0.602344 0.889648 0.608203 0.890625 0.610938 0.888184 0.6125 0.881836 0.616016 0.878418 0.61875 0.873047 0.619531 0.856934 0.61875 0.848145 0.614844 0.83252 0.613281 0.829102 0.609766 0.825195 0.607812 0.818848 0.604297 0.816406
1 0.641797 0.785645 0.638672 0.790527 0.639844 0.797363 0.639453 0.809082 0.641016 0.818359 0.642578 0.854004 0.649219 0.871094 0.650391 0.872559 0.653906 0.872559 0.657422 0.864746 0.660156 0.861328 0.660156 0.856445 0.661719 0.854004 0.665234 0.836914 0.661719 0.821777 0.654687 0.811523 0.651172 0.801758 0.648828 0.79834 0.646484 0.789551 0.643359 0.785645
1 0.685937 0.898926 0.681641 0.898926 0.669141 0.908203 0.661328 0.916504 0.657813 0.92334 0.656641 0.930176 0.656641 0.938477 0.660156 0.95459 0.660937 0.961914 0.660547 0.973145 0.662109 0.976562 0.666016 0.975586 0.669531 0.970703 0.671484 0.96582 0.675781 0.944824 0.682422 0.925293 0.687109 0.904785 0.687109 0.901367
1 0.573828 0.891602 0.571875 0.895996 0.573438 0.904785 0.586719 0.919922 0.602734 0.928223 0.605078 0.927734 0.608594 0.923828 0.607422 0.920898 0.608203 0.914062 0.606641 0.90625 0.604688 0.900391 0.599219 0.89209 0.591406 0.887695 0.579688 0.887695
1 0.982812 0.340332 0.978125 0.341797 0.971484 0.348145 0.969531 0.351074 0.967578 0.35791 0.967578 0.362305 0.969531 0.371094 0.968359 0.40918 0.971875 0.424316 0.978906 0.439453 0.982031 0.438477 0.985938 0.427734 0.992969 0.414062 0.996484 0.40918 0.998047 0.404297 0.997266 0.393066 0.994922 0.385254 0.988672 0.375 0.98125 0.353516 0.983594 0.345703 0.983594 0.341309
1 0.851562 0.933105 0.851562 0.935547 0.864453 0.952148 0.876172 0.963379 0.882812 0.967285 0.890234 0.969238 0.903906 0.969238 0.918359 0.967285 0.921094 0.966309 0.923438 0.963867 0.923438 0.961914 0.917969 0.954102 0.910156 0.948242 0.903125 0.94043 0.892188 0.939453 0.872656 0.931152 0.853906 0.931152
1 0.813672 0.90918 0.80625 0.922852 0.803125 0.931641 0.799609 0.946289 0.799219 0.956543 0.802344 0.970215 0.808594 0.984375 0.810937 0.995117 0.812891 0.99707 0.819141 0.997559 0.821875 0.994141 0.820703 0.95166 0.821094 0.919922 0.819141 0.915039 0.814844 0.90918
1 0.740586 0.94209 0.751836 0.948096 0.724609 0.963379 0.721875 0.967773 0.716797 0.970703 0.704688 0.973633 0.686328 0.980957 0.682422 0.980469 0.680859 0.979004 0.683203 0.974609 0.689844 0.968262 0.696484 0.95752 0.704297 0.94873 0.709375 0.946289 0.715625 0.945801 0.729648 0.941992
1 0.628125 0.954102 0.626953 0.953125 0.619531 0.953613 0.603906 0.959961 0.594922 0.966797 0.590625 0.97168 0.587109 0.979004 0.583984 0.992676 0.583984 0.996094 0.5875 0.998535 0.587891 1 0.607031 1 0.607812 0.998047 0.612109 0.996094 0.616016 0.989258 0.622656 0.97168 0.627734 0.961914 0.628516 0.958984
1 0.473828 0.936523 0.471094 0.939941 0.467187 0.958496 0.467187 0.966309 0.469141 0.973633 0.473828 0.979492 0.477734 0.981934 0.485938 0.982422 0.489844 0.980957 0.491406 0.979492 0.492188 0.976562 0.492188 0.969238 0.489844 0.953125 0.4875 0.947754 0.482422 0.941406
1 0.783594 0.974121 0.785156 0.981934 0.787891 0.989258 0.788281 0.995117 0.790625 0.998047 0.795312 0.998047 0.796484 1 0.810156 1 0.812109 0.993652 0.807422 0.982422 0.800781 0.973145 0.794531 0.971191 0.786719 0.971191
1 0.0820312 0.880371 0.0808594 0.878906 0.0777344 0.878906 0.0683594 0.882812 0.0652344 0.882812 0.0507812 0.878906 0.0402344 0.879883 0.0265625 0.884277 0.0199219 0.887695 0.00859375 0.895508 0.00703125 0.900391 0.009375 0.902344 0.0394531 0.90918 0.0519531 0.908203 0.0613281 0.905273 0.0726563 0.896973 0.0800781 0.887695 0.0816406 0.884277
1 0.850391 0.0483398 0.849219 0.0463867 0.845703 0.0449219 0.829688 0.0439453 0.813281 0.0449219 0.800781 0.0488281 0.791406 0.0566406 0.787109 0.0615234 0.782813 0.0639648 0.778516 0.0688477 0.773828 0.0712891 0.771484 0.0742188 0.762891 0.0800781 0.756641 0.0869141 0.755078 0.0917969 0.75625 0.0932617 0.760547 0.09375 0.773828 0.0878906 0.795703 0.0849609 0.810156 0.0810547 0.815625 0.0771484 0.822266 0.0678711 0.827734 0.0629883 0.834766 0.0581055 0.847656 0.0527344 0.85 0.050293
1 0.826172 0.450684 0.821094 0.450195 0.817187 0.454102 0.816016 0.458008 0.816016 0.463867 0.816797 0.466797 0.81875 0.469238 0.823047 0.469727 0.826953 0.466797 0.828125 0.461426 0.828125 0.455078
1 0.550781 0.539209 0.547656 0.537988 0.535234 0.541211 0.526953 0.54248 0.518359 0.542969 0.509375 0.546387 0.497656 0.553223 0.483203 0.555176 0.480469 0.559082 0.477344 0.560547 0.473047 0.565918 0.473047 0.567871 0.477734 0.572266 0.483594 0.574219 0.485938 0.576172 0.491797 0.57666 0.498047 0.575195 0.509375 0.577637 0.517969 0.577148 0.529687 0.569824 0.535937 0.561035 0.53957 0.557275 0.542422 0.553711 0.544492 0.55166 0.550781 0.548145 0.552891 0.544043
1 0.048125 0.44751 0.0414844 0.445361 0.0328125 0.446436 0.0214844 0.44873 0.0164063 0.450684 0.00898437 0.457031 0.00433594 0.462061 0 0.467529 0 0.496875 0.00378906 0.493994 0.0105469 0.490234 0.0222656 0.483398 0.0320703 0.472363 0.0459375 0.457178 0.0492578 0.451855
1 0.718008 0.667041 0.717734 0.670605 0.728125 0.682617 0.735156 0.6875 0.744531 0.691406 0.757422 0.694824 0.779297 0.694824 0.785937 0.696777 0.7925 0.701074 0.795742 0.703223 0.798867 0.700977 0.797227 0.695898 0.787148 0.682715 0.779805 0.676758 0.768398 0.665576 0.762773 0.66123 0.753555 0.66084 0.721562 0.666943
1 0.700937 0.746973 0.698242 0.750244 0.69875 0.755908 0.699844 0.759619 0.70043 0.762598 0.701562 0.767383 0.701484 0.772998 0.702305 0.77876 0.702734 0.793457 0.702734 0.811035 0.710938 0.845215 0.7125 0.847656 0.714453 0.847656 0.716797 0.846191 0.717969 0.84375 0.721875 0.826172 0.725 0.817871 0.726172 0.808105 0.725781 0.798828 0.724219 0.791992 0.717969 0.775391 0.71582 0.769189 0.71293 0.763428 0.710508 0.759668 0.707656 0.755811 0.705391 0.752002 0.703086 0.748584
1 0.739844 0.847168 0.736328 0.84668 0.728906 0.852051 0.724609 0.862305 0.712109 0.877441 0.709766 0.885254 0.707031 0.904297 0.702734 0.924316 0.702734 0.930176 0.704297 0.932617 0.709375 0.930664 0.718359 0.92041 0.725 0.90918 0.733594 0.891602 0.734805 0.889453 0.736563 0.884766 0.737109 0.881836 0.7375 0.871094 0.737656 0.869434 0.737891 0.867676 0.738672 0.864258 0.740508 0.855762 0.740625 0.849121
1 0.626172 0.833496 0.625391 0.834473 0.624102 0.836572 0.623828 0.845703 0.623125 0.848975 0.622695 0.853125 0.622617 0.856836 0.622109 0.861963 0.621953 0.866504 0.62293 0.879492 0.624766 0.885254 0.629297 0.889648 0.634766 0.893066 0.65 0.898926 0.655078 0.899414 0.657813 0.898438 0.658984 0.896973 0.658984 0.89209 0.650391 0.880371 0.646094 0.870605 0.643555 0.863721 0.641094 0.857422 0.640039 0.850781 0.638047 0.847314 0.634609 0.844189 0.629531 0.838037 0.627734 0.833984
1 0.628516 0.798828 0.619922 0.793945 0.609766 0.794434 0.591406 0.80127 0.5875 0.801758 0.580078 0.807129 0.575 0.813965 0.572266 0.821289 0.573047 0.845703 0.574219 0.848145 0.576562 0.850098 0.580469 0.845215 0.592969 0.838379 0.596484 0.834473 0.598437 0.830566 0.600469 0.827783 0.603477 0.82207 0.6075 0.81748 0.611328 0.814453 0.627734 0.803711
1 0.642188 0.844238 0.642188 0.853027 0.643945 0.855127 0.647109 0.858301 0.649961 0.859766 0.654023 0.860449 0.661719 0.863281 0.666016 0.865723 0.683984 0.871094 0.697266 0.87793 0.705078 0.87793 0.707031 0.876465 0.707031 0.872559 0.705859 0.869141 0.7 0.861328 0.697266 0.859375 0.692578 0.853516 0.689453 0.851562 0.685156 0.846191 0.677734 0.84082 0.669922 0.838379 0.666016 0.838867 0.663672 0.837891 0.656641 0.839355 0.651953 0.839355 0.646875 0.841797 0.642969 0.842285
1 0.370547 0.955713 0.368828 0.954199 0.363398 0.955859 0.353906 0.960303 0.34375 0.965527 0.338711 0.969092 0.335938 0.973145 0.332422 0.977539 0.330859 0.981934 0.327305 0.989795 0.323398 0.999072 0.323008 1 0.334453 1 0.340234 1 0.344141 1 0.345469 1 0.344687 1 0.347656 1 0.35 1 0.353203 1 0.356641 0.995117 0.365234 0.976074 0.370078 0.959766
1 0.313672 0.95752 0.310937 0.964355 0.309766 0.972168 0.310937 0.996582 0.310977 1 0.3125 1 0.332031 1 0.332813 0.994629 0.331758 0.983838 0.330117 0.977588 0.327734 0.973633 0.322266 0.96582 0.319141 0.956543 0.316797 0.956055
1 0.232813 0.95166 0.232031 0.960449 0.235547 0.973145 0.24375 0.991211 0.247266 0.996094 0.24875 0.997803 0.250781 1 0.27875 1 0.274219 0.993164 0.2625 0.977539 0.251172 0.967285 0.237891 0.950684 0.235156 0.950195
1 0.632812 0.825195 0.632422 0.825684 0.631641 0.825684 0.63125 0.826172 0.630859 0.826172 0.630469 0.82666 0.630078 0.82666 0.629687 0.827148 0.628906 0.827148 0.628516 0.827637 0.628125 0.827637 0.627734 0.828125 0.627344 0.828125 0.626953 0.828613 0.625391 0.828613 0.625 0.829102 0.624609 0.829102 0.624219 0.82959 0.623047 0.82959 0.622656 0.830078 0.622266 0.830078 0.621875 0.830566 0.619922 0.830566 0.619531 0.831055 0.618359 0.831055 0.617969 0.831543 0.617578 0.831543 0.617188 0.832031 0.615625 0.832031 0.615234 0.83252 0.614844 0.83252 0.613672 0.833984 0.610938 0.833984 0.610547 0.834473 0.610156 0.834473 0.609766 0.834961 0.609375 0.834961 0.608984 0.835449 0.608203 0.835449 0.607812 0.835938 0.607422 0.835938 0.607031 0.836426 0.605859 0.836426 0.605469 0.836914 0.605078 0.836914 0.604297 0.837891 0.603906 0.837891 0.603516 0.838379 0.603125 0.838379 0.602344 0.839355 0.601562 0.839355 0.601172 0.839844 0.600781 0.839844 0.6 0.84082 0.599609 0.84082 0.599219 0.841309 0.598828 0.841309 0.598437 0.841797 0.598047 0.841797 0.596484 0.84375 0.596094 0.84375 0.595313 0.844727 0.594922 0.844727 0.59375 0.846191 0.593359 0.846191 0.592578 0.847168 0.592187 0.847168 0.587891 0.852539 0.587891 0.853027 0.586719 0.854492 0.586719 0.85498 0.585156 0.856934 0.584375 0.856934 0.583984 0.857422 0.583594 0.857422 0.583203 0.85791 0.582812 0.85791 0.582422 0.858398 0.582031 0.858398 0.581641 0.858887 0.58125 0.858887 0.580469 0.859863 0.580078 0.859863 0.579688 0.860352 0.579297 0.860352 0.578516 0.861328 0.577734 0.861328 0.577344 0.861816 0.576172 0.861816 0.575781 0.862305 0.575391 0.862305 0.574609 0.863281 0.574219 0.863281 0.573828 0.86377 0.573438 0.86377 0.573047 0.864258 0.572656 0.864258 0.571484 0.865723 0.571484 0.866211 0.570703 0.867188 0.570703 0.867676 0.569141 0.869629 0.569141 0.870117 0.56875 0.870605 0.56875 0.871582 0.568359 0.87207 0.568359 0.872559 0.567969 0.873047 0.567969 0.874023 0.567578 0.874512 0.567578 0.875 0.567187 0.875488 0.567187 0.875977 0.566797 0.876465 0.566797 0.876953 0.566406 0.877441 0.566406 0.87793 0.566016 0.878418 0.566016 0.879395 0.565625 0.879883 0.565625 0.880371 0.565234 0.880859 0.565234 0.882324 0.564844 0.882812 0.564844 0.883301 0.564453 0.883789 0.564453 0.884277 0.564063 0.884766 0.564063 0.89209 0.564453 0.892578 0.564453 0.893066 0.565625 0.894531 0.566016 0.894531 0.566406 0.89502 0.56875 0.89502 0.569141 0.894531 0.569531 0.894531 0.570703 0.893066 0.570703 0.892578 0.571875 0.891113 0.572266 0.891113 0.573828 0.88916 0.574219 0.88916 0.574609 0.888672 0.575 0.888672 0.575391 0.888184 0.576562 0.888184 0.576953 0.887695 0.578125 0.887695 0.578516 0.888184 0.580469 0.888184 0.580859 0.888672 0.582422 0.888672 0.582812 0.88916 0.589453 0.88916 0.589844 0.888672 0.590625 0.888672 0.591016 0.888184 0.591406 0.888184 0.591797 0.887695 0.592187 0.887695 0.592578 0.887207 0.592969 0.887207 0.59375 0.88623 0.594141 0.88623 0.594922 0.885254 0.595313 0.885254 0.597266 0.882812 0.597656 0.882812 0.603516 0.875488 0.603516 0.875 0.605469 0.872559 0.605859 0.872559 0.607812 0.870117 0.608203 0.870117 0.610156 0.867676 0.610156 0.867188 0.6125 0.864258 0.6125 0.86377 0.612891 0.863281 0.613281 0.863281 0.614844 0.861328 0.614844 0.86084 0.616016 0.859375 0.616016 0.858887 0.619141 0.85498 0.619141 0.854492 0.622266 0.850586 0.622266 0.850098 0.622656 0.849609 0.622656 0.849121 0.623828 0.847656 0.623828 0.847168 0.624219 0.84668 0.624219 0.846191 0.625 0.845215 0.625 0.844727 0.627734 0.841309 0.628125 0.841309 0.630469 0.838379 0.630859 0.838379 0.63125 0.837891 0.631641 0.837891 0.633594 0.835449 0.633984 0.835449 0.634375 0.834961 0.634766 0.834961 0.635547 0.833984 0.636719 0.833984 0.637109 0.833496 0.6375 0.833496 0.638672 0.832031 0.638672 0.831543 0.639062 0.831055 0.639062 0.828125 0.638672 0.827637 0.638672 0.827148 0.6375 0.825684 0.637109 0.825684 0.636719 0.825195
1 0.653516 0.606445 0.653125 0.606934 0.651953 0.606934 0.651563 0.607422 0.648828 0.607422 0.648438 0.60791 0.648047 0.60791 0.647656 0.608398 0.646094 0.608398 0.645703 0.608887 0.644922 0.608887 0.644531 0.609375 0.644141 0.609375 0.64375 0.609863 0.642969 0.609863 0.642578 0.610352 0.642188 0.610352 0.641797 0.61084 0.641406 0.61084 0.641016 0.611328 0.640625 0.611328 0.640234 0.611816 0.639453 0.611816 0.639062 0.612305 0.638281 0.612305 0.637891 0.612793 0.6375 0.612793 0.637109 0.613281 0.636719 0.613281 0.636328 0.61377 0.635938 0.61377 0.635156 0.614746 0.634766 0.614746 0.634375 0.615234 0.633984 0.615234 0.632812 0.616699 0.632422 0.616699 0.629297 0.620605 0.629297 0.621094 0.628906 0.621582 0.628906 0.62207 0.628516 0.622559 0.628516 0.623047 0.627734 0.624023 0.627734 0.624512 0.626172 0.626465 0.626172 0.626953 0.625781 0.627441 0.625781 0.62793 0.625 0.628906 0.625 0.629395 0.624609 0.629883 0.624609 0.630371 0.624219 0.630859 0.624219 0.631348 0.623437 0.632324 0.623437 0.632812 0.623047 0.633301 0.623047 0.633789 0.622656 0.634277 0.622656 0.634766 0.622266 0.635254 0.622266 0.635742 0.621875 0.63623 0.621875 0.636719 0.620703 0.638184 0.620703 0.638672 0.620313 0.63916 0.620313 0.642578 0.620703 0.643066 0.620703 0.643555 0.621875 0.64502 0.622266 0.64502 0.622656 0.645508 0.626172 0.645508 0.626563 0.64502 0.632422 0.64502 0.632812 0.644531 0.633203 0.644531 0.633594 0.644043 0.636328 0.644043 0.636719 0.643555 0.637891 0.643555 0.638281 0.643066 0.639844 0.643066 0.640234 0.642578 0.641406 0.642578 0.641797 0.64209 0.64375 0.64209 0.644141 0.641602 0.644531 0.641602 0.644922 0.641113 0.646094 0.641113 0.646484 0.640625 0.648047 0.640625 0.648438 0.640137 0.650391 0.640137 0.650781 0.639648 0.651953 0.639648 0.652344 0.63916 0.652734 0.63916 0.653125 0.638672 0.654297 0.638672 0.654687 0.638184 0.655078 0.638184 0.655469 0.637695 0.65625 0.637695 0.656641 0.637207 0.657422 0.637207 0.657813 0.636719 0.658203 0.636719 0.658594 0.63623 0.658984 0.63623 0.660547 0.634277 0.660937 0.634277 0.662109 0.632812 0.6625 0.632812 0.663281 0.631836 0.663672 0.631836 0.664062 0.631348 0.664453 0.631348 0.664844 0.630859 0.665234 0.630859 0.666016 0.629883 0.666797 0.629883 0.667188 0.629395 0.66875 0.629395 0.669141 0.628906 0.669531 0.628906 0.669922 0.628418 0.670703 0.628418 0.671094 0.62793 0.671484 0.62793 0.671875 0.627441 0.672266 0.627441 0.672656 0.626953 0.673047 0.626953 0.673828 0.625977 0.674219 0.625977 0.674609 0.625488 0.675 0.625488 0.675391 0.625 0.675781 0.625 0.676172 0.624512 0.676562 0.624512 0.677344 0.623535 0.677734 0.623535 0.678125 0.623047 0.678516 0.623047 0.678906 0.622559 0.679688 0.622559 0.680078 0.62207 0.680469 0.62207 0.681641 0.620605 0.681641 0.620117 0.682031 0.619629 0.682031 0.616699 0.681641 0.616211 0.681641 0.615723 0.680078 0.61377 0.679688 0.61377 0.679297 0.613281 0.678906 0.613281 0.677344 0.611328 0.676953 0.611328 0.676562 0.61084 0.675391 0.61084 0.674609 0.609863 0.674219 0.609863 0.673828 0.609375 0.673047 0.609375 0.672656 0.608887 0.672266 0.608887 0.671484 0.60791 0.671094 0.60791 0.670703 0.607422 0.66875 0.607422 0.668359 0.606934 0.661719 0.606934 0.661328 0.606445
1 0.714063 0.592285 0.713672 0.592773 0.712891 0.592773 0.7125 0.593262 0.712109 0.593262 0.710156 0.595703 0.710156 0.596191 0.709766 0.59668 0.709766 0.597168 0.708984 0.598145 0.708594 0.598145 0.708203 0.598633 0.707812 0.598633 0.707422 0.599121 0.707031 0.599121 0.70625 0.600098 0.705078 0.600098 0.704688 0.600586 0.704297 0.600586 0.703906 0.601074 0.703516 0.601074 0.703125 0.601562 0.702734 0.601562 0.702344 0.602051 0.701953 0.602051 0.701172 0.603027 0.697266 0.603027 0.696875 0.603516 0.694531 0.603516 0.694141 0.604004 0.691016 0.604004 0.690625 0.604492 0.689844 0.604492 0.689453 0.60498 0.689063 0.60498 0.688672 0.605469 0.685547 0.605469 0.685156 0.605957 0.684375 0.605957 0.683984 0.606445 0.683594 0.606445 0.683203 0.606934 0.682813 0.606934 0.682031 0.60791 0.680859 0.60791 0.680469 0.608398 0.680078 0.608398 0.679688 0.608887 0.679297 0.608887 0.678906 0.609375 0.678516 0.609375 0.678125 0.609863 0.677734 0.609863 0.677344 0.610352 0.676953 0.610352 0.676562 0.61084 0.676172 0.61084 0.675781 0.611328 0.675 0.611328 0.674609 0.611816 0.674219 0.611816 0.673828 0.612305 0.673047 0.612305 0.672656 0.612793 0.671484 0.612793 0.671094 0.613281 0.670703 0.613281 0.669531 0.614746 0.669141 0.614746 0.66875 0.615234 0.668359 0.615234 0.667969 0.615723 0.667578 0.615723 0.667188 0.616211 0.666797 0.616211 0.666406 0.616699 0.666016 0.616699 0.665625 0.617188 0.664844 0.617188 0.664453 0.617676 0.664062 0.617676 0.663672 0.618164 0.663281 0.618164 0.662891 0.618652 0.6625 0.618652 0.661719 0.619629 0.660937 0.619629 0.660547 0.620117 0.660156 0.620117 0.657813 0.623047 0.657813 0.623535 0.657422 0.624023 0.657422 0.627441 0.657813 0.62793 0.657813 0.628418 0.659766 0.630859 0.660156 0.630859 0.660547 0.631348 0.661328 0.631348 0.661719 0.631836 0.662891 0.631836 0.663281 0.632324 0.665234 0.632324 0.665625 0.632812 0.669531 0.632812 0.669922 0.633301 0.671875 0.633301 0.672266 0.633789 0.672656 0.633789 0.673047 0.634277 0.674219 0.634277 0.674609 0.634766 0.675391 0.634766 0.675781 0.635254 0.677734 0.635254 0.678516 0.63623 0.678906 0.63623 0.679297 0.636719 0.680859 0.636719 0.68125 0.637207 0.696094 0.637207 0.696484 0.636719 0.696875 0.636719 0.697266 0.63623 0.697656 0.63623 0.698438 0.635254 0.698828 0.635254 0.699219 0.634766 0.699609 0.634766 0.701562 0.632324 0.701562 0.631836 0.705859 0.626465 0.705859 0.625977 0.707812 0.623535 0.707812 0.623047 0.708203 0.622559 0.708203 0.62207 0.709375 0.620605 0.709375 0.620117 0.709766 0.619629 0.709766 0.618652 0.710156 0.618164 0.710156 0.617676 0.710547 0.617188 0.710547 0.616211 0.710938 0.615723 0.710938 0.615234 0.711328 0.614746 0.711328 0.61377 0.711719 0.613281 0.711719 0.612793 0.712109 0.612305 0.712109 0.611816 0.7125 0.611328 0.7125 0.610352 0.712891 0.609863 0.712891 0.609375 0.713281 0.608887 0.713281 0.608398 0.713672 0.60791 0.713672 0.607422 0.714844 0.605957 0.714844 0.605469 0.715625 0.604492 0.715625 0.604004 0.716016 0.603516 0.716016 0.602539 0.716406 0.602051 0.716406 0.601562 0.717187 0.600586 0.717578 0.600586 0.71875 0.599121 0.71875 0.598633 0.719141 0.598145 0.719141 0.595215 0.71875 0.594727 0.71875 0.594238 0.717578 0.592773 0.717187 0.592773 0.716797 0.592285
1 0.641797 0.708496 0.641406 0.708984 0.640625 0.708984 0.640234 0.709473 0.639844 0.709473 0.638281 0.711426 0.638281 0.711914 0.637891 0.712402 0.637891 0.713379 0.6375 0.713867 0.6375 0.717773 0.637891 0.718262 0.637891 0.71875 0.638281 0.719238 0.638281 0.72168 0.638672 0.722168 0.638672 0.722656 0.639844 0.724121 0.640234 0.724121 0.640625 0.724609 0.641406 0.724609 0.642969 0.726562 0.642969 0.727051 0.644531 0.729004 0.644531 0.729492 0.645703 0.730957 0.645703 0.731445 0.646094 0.731934 0.646094 0.732422 0.646484 0.73291 0.646484 0.733398 0.647266 0.734375 0.647266 0.734863 0.647656 0.735352 0.647656 0.73584 0.648438 0.736816 0.648438 0.737793 0.648828 0.738281 0.648828 0.73877 0.649609 0.739746 0.649609 0.740234 0.65 0.740723 0.65 0.742188 0.650391 0.742676 0.650391 0.743652 0.650781 0.744141 0.650781 0.745605 0.651172 0.746094 0.651172 0.749023 0.651563 0.749512 0.651563 0.75 0.651953 0.750488 0.651953 0.751465 0.652344 0.751953 0.652344 0.752441 0.652734 0.75293 0.652734 0.753418 0.653125 0.753906 0.653125 0.754883 0.653516 0.755371 0.653516 0.755859 0.653906 0.756348 0.653906 0.756836 0.654297 0.757324 0.654297 0.757812 0.654687 0.758301 0.654687 0.758789 0.655078 0.759277 0.655078 0.759766 0.655469 0.760254 0.655469 0.760742 0.655859 0.76123 0.655859 0.761719 0.656641 0.762695 0.656641 0.763184 0.657422 0.76416 0.657422 0.765137 0.657813 0.765625 0.657813 0.766113 0.658594 0.76709 0.658594 0.767578 0.659375 0.768555 0.659375 0.769043 0.660937 0.770996 0.660937 0.771484 0.662891 0.773926 0.662891 0.774414 0.669922 0.783203 0.670312 0.783203 0.670703 0.783691 0.671094 0.783691 0.672656 0.785645 0.673047 0.785645 0.675391 0.788574 0.675781 0.788574 0.676953 0.790039 0.677344 0.790039 0.679688 0.792969 0.680078 0.792969 0.682813 0.796387 0.683203 0.796387 0.683594 0.796875 0.685937 0.796875 0.686328 0.796387 0.686719 0.796387 0.687891 0.794922 0.687891 0.794434 0.688281 0.793945 0.688281 0.789062 0.687891 0.788574 0.687891 0.788086 0.6875 0.787598 0.6875 0.785645 0.687109 0.785156 0.687109 0.784668 0.686719 0.78418 0.686719 0.783203 0.686328 0.782715 0.686328 0.781738 0.685937 0.78125 0.685937 0.779785 0.685547 0.779297 0.685547 0.778809 0.685156 0.77832 0.685156 0.776855 0.684766 0.776367 0.684766 0.774902 0.684375 0.774414 0.684375 0.773926 0.683984 0.773438 0.683984 0.762207 0.683594 0.761719 0.683594 0.760254 0.683203 0.759766 0.683203 0.757812 0.682813 0.757324 0.682813 0.756836 0.682422 0.756348 0.682422 0.754883 0.682031 0.754395 0.682031 0.751953 0.681641 0.751465 0.681641 0.74707 0.68125 0.746582 0.68125 0.746094 0.680859 0.745605 0.680859 0.744141 0.680469 0.743652 0.680469 0.742676 0.680078 0.742188 0.680078 0.741699 0.679297 0.740723 0.679297 0.740234 0.678906 0.739746 0.678906 0.739258 0.678516 0.73877 0.678516 0.738281 0.676562 0.73584 0.676562 0.735352 0.674219 0.732422 0.673828 0.732422 0.671484 0.729492 0.671094 0.729492 0.670703 0.729004 0.670703 0.728516 0.669531 0.727051 0.669141 0.727051 0.66875 0.726562 0.668359 0.726562 0.667188 0.725098 0.666797 0.725098 0.666406 0.724609 0.666016 0.724609 0.665625 0.724121 0.665234 0.724121 0.664453 0.723145 0.664062 0.723145 0.663672 0.722656 0.663281 0.722656 0.662891 0.722168 0.6625 0.722168 0.660937 0.720215 0.660547 0.720215 0.659375 0.71875 0.658984 0.71875 0.658594 0.718262 0.658203 0.718262 0.655859 0.715332 0.655469 0.715332 0.654687 0.714355 0.654297 0.714355 0.653906 0.713867 0.653516 0.713867 0.651172 0.710938 0.650781 0.710938 0.650391 0.710449 0.65 0.710449 0.649219 0.709473 0.648828 0.709473 0.648438 0.708984 0.647656 0.708984 0.647266 0.708496
1 0.644141 0.674805 0.64375 0.675293 0.643359 0.675293 0.642188 0.676758 0.641797 0.676758 0.639844 0.679199 0.639453 0.679199 0.638672 0.680176 0.638281 0.680176 0.637109 0.681641 0.636719 0.681641 0.636328 0.682129 0.635938 0.682129 0.635547 0.682617 0.635156 0.682617 0.634375 0.683594 0.633594 0.683594 0.633203 0.684082 0.632812 0.684082 0.632422 0.68457 0.632031 0.68457 0.631641 0.685059 0.630859 0.685059 0.630469 0.685547 0.630078 0.685547 0.629687 0.686035 0.629297 0.686035 0.628906 0.686523 0.628125 0.686523 0.627734 0.687012 0.627344 0.687012 0.626953 0.6875 0.626563 0.6875 0.626172 0.687988 0.624609 0.687988 0.624219 0.688477 0.623828 0.688477 0.623437 0.688965 0.623047 0.688965 0.622656 0.689453 0.622266 0.689453 0.621875 0.689941 0.620703 0.689941 0.620313 0.69043 0.619922 0.69043 0.619141 0.691406 0.61875 0.691406 0.618359 0.691895 0.617969 0.691895 0.617578 0.692383 0.617188 0.692383 0.616797 0.692871 0.616406 0.692871 0.615234 0.694336 0.614844 0.694336 0.614062 0.695312 0.613672 0.695312 0.607422 0.703125 0.607031 0.703125 0.603906 0.707031 0.603906 0.70752 0.602734 0.708984 0.602734 0.709473 0.602344 0.709961 0.602344 0.710449 0.600391 0.712891 0.600391 0.713379 0.6 0.713867 0.6 0.714355 0.599609 0.714844 0.599609 0.715332 0.598828 0.716309 0.598828 0.716797 0.598437 0.717285 0.598437 0.717773 0.598047 0.718262 0.598047 0.719238 0.597656 0.719727 0.597656 0.720215 0.597266 0.720703 0.597266 0.721191 0.596875 0.72168 0.596875 0.722168 0.596484 0.722656 0.596484 0.723145 0.596094 0.723633 0.596094 0.724609 0.595703 0.725098 0.595703 0.726074 0.595313 0.726562 0.595313 0.728027 0.594922 0.728516 0.594922 0.729004 0.594531 0.729492 0.594531 0.731934 0.594141 0.732422 0.594141 0.73584 0.59375 0.736328 0.59375 0.73877 0.593359 0.739258 0.593359 0.740723 0.592969 0.741211 0.592969 0.742676 0.592578 0.743164 0.592578 0.744141 0.592187 0.744629 0.592187 0.745605 0.591797 0.746094 0.591797 0.746582 0.591016 0.747559 0.591016 0.748047 0.590625 0.748535 0.590625 0.749512 0.590234 0.75 0.590234 0.750488 0.589844 0.750977 0.589844 0.751465 0.589453 0.751953 0.589453 0.752441 0.589063 0.75293 0.589063 0.753418 0.5875 0.755371 0.5875 0.755859 0.587109 0.756348 0.587109 0.759766 0.5875 0.760254 0.5875 0.760742 0.588672 0.762207 0.589063 0.762207 0.589453 0.762695 0.592187 0.762695 0.592578 0.762207 0.59375 0.762207 0.594141 0.761719 0.594531 0.761719 0.594922 0.76123 0.595703 0.76123 0.596094 0.760742 0.596484 0.760742 0.596875 0.760254 0.597266 0.760254 0.597656 0.759766 0.598047 0.759766 0.598437 0.759277 0.599219 0.759277 0.599609 0.758789 0.600781 0.758789 0.601172 0.758301 0.601562 0.758301 0.601953 0.757812 0.602344 0.757812 0.602734 0.757324 0.603125 0.757324 0.603516 0.756836 0.603906 0.756836 0.604688 0.755859 0.605078 0.755859 0.607031 0.753418 0.607422 0.753418 0.608594 0.751953 0.608984 0.751953 0.609375 0.751465 0.609766 0.751465 0.610547 0.750488 0.610938 0.750488 0.6125 0.748535 0.612891 0.748535 0.615234 0.745605 0.615625 0.745605 0.618359 0.742188 0.61875 0.742188 0.621094 0.739258 0.621484 0.739258 0.630469 0.728027 0.630469 0.727539 0.632422 0.725098 0.632422 0.724609 0.632812 0.724121 0.632812 0.723633 0.633203 0.723145 0.633203 0.722656 0.633594 0.722168 0.633594 0.72168 0.634375 0.720703 0.634375 0.720215 0.634766 0.719727 0.634766 0.719238 0.635156 0.71875 0.635156 0.718262 0.635547 0.717773 0.635547 0.717285 0.635938 0.716797 0.635938 0.716309 0.636328 0.71582 0.636328 0.714844 0.636719 0.714355 0.636719 0.713867 0.637109 0.713379 0.637109 0.712891 0.637891 0.711914 0.637891 0.711426 0.638281 0.710938 0.638281 0.709961 0.638672 0.709473 0.638672 0.708496 0.639062 0.708008 0.639062 0.70752 0.639453 0.707031 0.639453 0.706543 0.639844 0.706055 0.639844 0.705566 0.640234 0.705078 0.640234 0.70459 0.640625 0.704102 0.640625 0.703613 0.641016 0.703125 0.641016 0.702637 0.641406 0.702148 0.641406 0.70166 0.641797 0.701172 0.641797 0.700684 0.642969 0.699219 0.642969 0.69873 0.643359 0.698242 0.643359 0.697754 0.64375 0.697266 0.64375 0.696777 0.644141 0.696289 0.644141 0.695801 0.644531 0.695312 0.644531 0.694824 0.645312 0.693848 0.645312 0.693359 0.645703 0.692871 0.645703 0.692383 0.646094 0.691895 0.646094 0.691406 0.646484 0.690918 0.646484 0.69043 0.647266 0.689453 0.647266 0.688965 0.647656 0.688477 0.647656 0.6875 0.648047 0.687012 0.648047 0.686035 0.648438 0.685547 0.648438 0.685059 0.648828 0.68457 0.648828 0.683105 0.649219 0.682617 0.649219 0.681152 0.649609 0.680664 0.649609 0.677734 0.649219 0.677246 0.649219 0.676758 0.648047 0.675293 0.647656 0.675293 0.647266 0.674805
1 0.58125 0.635254 0.580859 0.635742 0.579688 0.635742 0.579297 0.63623 0.578906 0.63623 0.578516 0.636719 0.578125 0.636719 0.577734 0.637207 0.576953 0.637207 0.576562 0.637695 0.576172 0.637695 0.575781 0.638184 0.575391 0.638184 0.574219 0.639648 0.573828 0.639648 0.573438 0.640137 0.573047 0.640137 0.572656 0.640625 0.572266 0.640625 0.571875 0.641113 0.571484 0.641113 0.571094 0.641602 0.570703 0.641602 0.569922 0.642578 0.569141 0.642578 0.56875 0.643066 0.568359 0.643066 0.567969 0.643555 0.567187 0.643555 0.566797 0.644043 0.566406 0.644043 0.566016 0.644531 0.565625 0.644531 0.565234 0.64502 0.564844 0.64502 0.564453 0.645508 0.563672 0.645508 0.563281 0.645996 0.5625 0.645996 0.562109 0.646484 0.561719 0.646484 0.561328 0.646973 0.560156 0.646973 0.559766 0.647461 0.559375 0.647461 0.558984 0.647949 0.557813 0.647949 0.557422 0.648438 0.55625 0.648438 0.555859 0.648926 0.553906 0.648926 0.553516 0.649414 0.550391 0.649414 0.55 0.649902 0.549609 0.649902 0.549219 0.650391 0.548438 0.650391 0.548047 0.650879 0.547656 0.650879 0.546875 0.651855 0.546484 0.651855 0.546094 0.652344 0.545703 0.652344 0.544922 0.65332 0.544531 0.65332 0.542969 0.655273 0.542578 0.655273 0.541406 0.656738 0.541406 0.657227 0.538672 0.660645 0.538672 0.661133 0.537109 0.663086 0.537109 0.663574 0.536719 0.664062 0.536719 0.664551 0.535937 0.665527 0.535937 0.666016 0.535547 0.666504 0.535547 0.66748 0.535156 0.667969 0.535156 0.668457 0.534766 0.668945 0.534766 0.669434 0.534375 0.669922 0.534375 0.674805 0.534766 0.675293 0.534766 0.675781 0.535937 0.677246 0.536328 0.677246 0.536719 0.677734 0.539062 0.677734 0.539453 0.677246 0.539844 0.677246 0.54375 0.672363 0.54375 0.671875 0.544141 0.671387 0.544531 0.671387 0.545312 0.67041 0.545703 0.67041 0.546094 0.669922 0.546875 0.669922 0.547266 0.669434 0.548438 0.669434 0.548828 0.668945 0.550391 0.668945 0.550781 0.668457 0.55625 0.668457 0.556641 0.668945 0.557031 0.668945 0.557422 0.669434 0.557813 0.669434 0.558203 0.669922 0.559766 0.669922 0.560156 0.67041 0.561328 0.67041 0.561719 0.670898 0.562109 0.670898 0.5625 0.671387 0.563281 0.671387 0.563672 0.671875 0.564844 0.671875 0.565234 0.672363 0.567578 0.672363 0.567969 0.672852 0.56875 0.672852 0.569141 0.67334 0.569531 0.67334 0.569922 0.673828 0.571875 0.673828 0.572266 0.674316 0.583203 0.674316 0.583594 0.673828 0.586719 0.673828 0.587109 0.67334 0.588281 0.67334 0.588672 0.672852 0.589453 0.672852 0.589844 0.672363 0.591016 0.672363 0.591406 0.671875 0.591797 0.671875 0.592187 0.671387 0.592969 0.671387 0.593359 0.670898 0.59375 0.670898 0.594531 0.669922 0.594922 0.669922 0.595313 0.669434 0.595703 0.669434 0.596094 0.668945 0.596484 0.668945 0.599219 0.665527 0.599219 0.665039 0.599609 0.664551 0.6 0.664551 0.601562 0.662598 0.601953 0.662598 0.602344 0.662109 0.603125 0.662109 0.603516 0.661621 0.606641 0.661621 0.607422 0.662598 0.607812 0.662598 0.608203 0.663086 0.610547 0.663086 0.610938 0.662598 0.611328 0.662598 0.6125 0.661133 0.6125 0.660645 0.612891 0.660156 0.612891 0.656738 0.6125 0.65625 0.6125 0.655762 0.612109 0.655273 0.612109 0.654297 0.611719 0.653809 0.611719 0.65332 0.611328 0.652832 0.611328 0.652344 0.610547 0.651367 0.610547 0.650879 0.610156 0.650391 0.610156 0.649902 0.609766 0.649414 0.609766 0.648926 0.608984 0.647949 0.608984 0.647461 0.608594 0.646973 0.608594 0.646484 0.607812 0.645508 0.607812 0.64502 0.606641 0.643555 0.606641 0.643066 0.605469 0.641602 0.605078 0.641602 0.603125 0.63916 0.602734 0.63916 0.602344 0.638672 0.601953 0.638672 0.601172 0.637695 0.600781 0.637695 0.600391 0.637207 0.599219 0.637207 0.598828 0.636719 0.598437 0.636719 0.598047 0.63623 0.597266 0.63623 0.596875 0.635742 0.595313 0.635742 0.594922 0.635254
