1 0.367969 0.424316 0.367969 0.429688 0.380078 0.444336 0.388672 0.450684 0.394141 0.450195 0.394531 0.445801 0.386328 0.431641 0.373437 0.42334
1 0.426953 0.379883 0.426563 0.385742 0.430859 0.396484 0.442578 0.408691 0.448047 0.411133 0.449219 0.406738 0.443359 0.393066 0.435937 0.384277
1 0.458594 0.359863 0.454297 0.354492 0.446484 0.351562 0.437891 0.352539 0.428125 0.35791 0.427344 0.361816 0.438672 0.365234 0.45625 0.364746 0.458594 0.362793
2 0.550391 0.378906 0.550391 0.385742 0.555859 0.400879 0.564844 0.408691 0.569531 0.40918 0.570703 0.405762 0.569922 0.401855 0.560156 0.384277 0.553516 0.37793
2 0.425 0.271973 0.428125 0.275391 0.446875 0.277344 0.457813 0.273438 0.460156 0.271484 0.461328 0.267578 0.453906 0.264648 0.439063 0.264648 0.428125 0.267578
2 0.776172 0.253906 0.775 0.252441 0.767188 0.253906 0.751563 0.274902 0.751953 0.280273 0.75625 0.280762 0.765234 0.272949 0.772266 0.264648 0.776172 0.256836
0 0.598828 0.211914 0.601172 0.218262 0.608984 0.223145 0.619922 0.223633 0.627734 0.220215 0.626953 0.21582 0.619531 0.210449 0.603906 0.208496
1 0.664453 0.201172 0.665234 0.205566 0.676953 0.217773 0.689453 0.223145 0.694141 0.223633 0.695703 0.222168 0.694531 0.21582 0.685937 0.205566 0.671094 0.200195
1 0.743359 0.205566 0.746875 0.208008 0.761719 0.208008 0.771094 0.205078 0.772656 0.199707 0.770312 0.197266 0.764453 0.195312 0.752344 0.194824 0.747266 0.197266 0.744141 0.201172
1 0.522656 0.442383 0.526172 0.448242 0.526563 0.460938 0.522266 0.475586 0.517578 0.477539 0.516016 0.470703 0.516406 0.454102 0.517969 0.446289 0.520703 0.442383
1 0.4625 0.521484 0.457813 0.523438 0.455469 0.532227 0.455469 0.546875 0.458984 0.561035 0.462891 0.559082 0.465625 0.550781 0.464844 0.524902
1 0.5375 0.538086 0.537109 0.541504 0.547656 0.558105 0.555859 0.566895 0.561328 0.568359 0.5625 0.565918 0.562109 0.561523 0.556641 0.549805 0.54375 0.538086
1 0.632812 0.484863 0.63125 0.489258 0.632031 0.493164 0.641016 0.507324 0.645703 0.512207 0.654687 0.516113 0.655859 0.51416 0.655078 0.507812 0.647266 0.493652 0.639062 0.485352 0.635547 0.483887
2 0.58125 0.532715 0.579688 0.535156 0.580469 0.54541 0.587109 0.563965 0.591016 0.570801 0.592578 0.571289 0.59375 0.566406 0.592578 0.546387 0.584375 0.532715
2 0.627734 0.491699 0.622656 0.501465 0.621484 0.508301 0.620703 0.527344 0.622266 0.537598 0.624609 0.536621 0.629687 0.510742 0.630859 0.494629
2 0.647656 0.447266 0.646094 0.453125 0.650391 0.470703 0.656641 0.486328 0.662109 0.491211 0.663672 0.48877 0.663672 0.480469 0.661719 0.47168 0.652344 0.44873 0.650781 0.446777
2 0.691406 0.583984 0.692187 0.588379 0.703125 0.600586 0.716016 0.608887 0.721484 0.608398 0.721484 0.603027 0.715625 0.595215 0.708594 0.589355 0.698047 0.583984
1 0.44375 0.0751953 0.442188 0.081543 0.442188 0.0932617 0.445703 0.111328 0.448047 0.113281 0.450781 0.111328 0.451953 0.105957 0.452344 0.0888672 0.448437 0.0771484 0.446875 0.0751953
1 0.317188 0.0595703 0.31875 0.0639648 0.333594 0.0703125 0.342578 0.0703125 0.346875 0.0654297 0.346094 0.0620117 0.341406 0.0581055 0.329688 0.0571289
1 0.220703 0 0.212109 0 0.210156 0.019043 0.212109 0.0234375 0.216016 0.0224609 0.21875 0.0175781 0.221094 0.00732422
1 0.170313 0.0493164 0.169141 0.0615234 0.171094 0.0727539 0.174609 0.0805664 0.177734 0.0830078 0.180859 0.0825195 0.182422 0.0805664 0.182812 0.0742188 0.180859 0.0600586 0.176172 0.0507812
2 0.36875 0.0625 0.364844 0.0625 0.361719 0.0654297 0.358203 0.0761719 0.358203 0.0932617 0.361328 0.100586 0.365625 0.100098 0.367578 0.0751953 0.369922 0.0654297
2 0.270313 0.0405273 0.268359 0.0390625 0.260547 0.0395508 0.252344 0.0429688 0.248047 0.0488281 0.247266 0.0532227 0.250391 0.0566406 0.258594 0.0546875 0.267578 0.0483398 0.270313 0.0444336
2 0.478906 0.188477 0.472656 0.189453 0.466797 0.197266 0.460547 0.211426 0.460938 0.217773 0.464453 0.218262 0.467969 0.214844 0.475391 0.202637 0.479297 0.191895
1 0.598828 0.224121 0.602344 0.236328 0.609375 0.246094 0.617578 0.25 0.622266 0.248535 0.621484 0.244141 0.617188 0.236328 0.605469 0.224609 0.600781 0.223145
1 0.249609 0.320312 0.248828 0.325684 0.252344 0.338867 0.264453 0.354004 0.266406 0.350586 0.266406 0.346191 0.263672 0.336914 0.252344 0.319824
1 0.223047 0.365723 0.217969 0.362793 0.208203 0.365234 0.200391 0.372559 0.198828 0.379883 0.201172 0.381348 0.217188 0.374512 0.223047 0.370117
2 0.239844 0.463867 0.235547 0.464844 0.233984 0.471191 0.221094 0.494141 0.21875 0.500977 0.219922 0.504883 0.225391 0.50293 0.232813 0.494629 0.241797 0.474609 0.241797 0.467773
1 0.0378906 0.65332 0.0414062 0.662109 0.0480469 0.666992 0.0578125 0.668457 0.0617188 0.665039 0.0609375 0.658691 0.0535156 0.652344 0.0421875 0.650391
1 0.317578 0.945312 0.315234 0.953125 0.315625 0.96582 0.317969 0.973633 0.321484 0.978027 0.323437 0.978027 0.325781 0.974121 0.325781 0.957031 0.323047 0.948242
2 0.571875 0.824707 0.567969 0.821777 0.55625 0.82373 0.545703 0.82959 0.542578 0.833496 0.542578 0.835449 0.544141 0.837402 0.556641 0.835449 0.569141 0.829102 0.571875 0.82666
2 0.501563 0.768066 0.497266 0.766602 0.4875 0.775879 0.478125 0.790527 0.477734 0.79541 0.483203 0.795898 0.494922 0.787109 0.5 0.779297
1 0.426953 0.730469 0.423828 0.729004 0.408594 0.736816 0.395703 0.750977 0.395703 0.754883 0.401172 0.755371 0.417187 0.74707 0.424609 0.737793 0.427344 0.732422
1 0.517969 0.74707 0.522656 0.752441 0.5375 0.759277 0.544922 0.758789 0.548828 0.753418 0.548828 0.750977 0.545703 0.74707 0.530469 0.741211 0.520703 0.742676
1 0.455469 0.623047 0.455078 0.627441 0.462109 0.639648 0.474609 0.65625 0.478125 0.655273 0.478906 0.648926 0.474609 0.634766 0.466797 0.626465 0.458594 0.622559
1 0.630469 0.888672 0.630469 0.893555 0.638281 0.90332 0.645312 0.905762 0.652344 0.903809 0.652734 0.899414 0.647656 0.892578 0.637891 0.887695
1 0.70625 0.826172 0.698047 0.825195 0.688672 0.829102 0.679688 0.837891 0.678125 0.842773 0.6875 0.84375 0.696875 0.841309 0.700391 0.838867 0.705859 0.831055
1 0.760938 0.876465 0.755859 0.874512 0.744531 0.876465 0.740234 0.880371 0.738672 0.885254 0.742969 0.88916 0.751563 0.888184 0.757422 0.884277 0.760156 0.880859
1 0.745313 0.916016 0.740625 0.917969 0.735547 0.927734 0.734375 0.946777 0.735938 0.952148 0.741016 0.949219 0.748047 0.93457 0.748437 0.919434
1 0.809766 0.865723 0.810156 0.870605 0.821484 0.887207 0.828516 0.890625 0.831641 0.88916 0.831641 0.883789 0.825 0.871582 0.814453 0.864746
1 0.782031 0.825684 0.783203 0.82959 0.787891 0.835449 0.795312 0.841797 0.803516 0.84375 0.808594 0.841309 0.808984 0.838379 0.807422 0.834961 0.801562 0.828613 0.787891 0.823242 0.783594 0.82373
1 0.810547 0.750488 0.80625 0.75 0.803906 0.751465 0.798438 0.759766 0.795703 0.774902 0.796875 0.77832 0.799609 0.778809 0.802734 0.776367 0.809766 0.76709 0.812109 0.757324
2 0.720313 0.730469 0.716797 0.730469 0.713281 0.733887 0.703125 0.751465 0.701953 0.759277 0.703516 0.762695 0.705469 0.762695 0.717187 0.748047 0.720703 0.736328
2 0.739844 0.739258 0.740625 0.743164 0.751563 0.755371 0.767578 0.763672 0.772266 0.761719 0.772266 0.758301 0.767969 0.752441 0.756641 0.743164 0.747656 0.737793 0.741406 0.737793
1 0.965391 0.945605 0.962109 0.955078 0.961719 0.969238 0.965625 0.979492 0.970703 0.982422 0.973828 0.976562 0.973828 0.962891 0.971094 0.953613
2 0.707812 0.619141 0.70625 0.623535 0.7125 0.636719 0.721094 0.646973 0.728516 0.649414 0.728906 0.643555 0.724609 0.635742 0.716406 0.625 0.709766 0.619141
1 0.717969 0.5 0.713672 0.501465 0.712109 0.505371 0.709375 0.529297 0.711328 0.53125 0.713672 0.530762 0.716406 0.527344 0.721094 0.51416 0.721094 0.505859
1 0.00859375 0.101074 0.00546875 0.100586 0.003125 0.102051 0.00195312 0.103516 0 0.104004 0 0.133301 0.0015625 0.133301 0.00429688 0.130371 0.00546875 0.129883 0.009375 0.123047 0.00976562 0.120117 0.0109375 0.116211 0.0109375 0.114746 0.0113281 0.114258 0.0117188 0.109863 0.0113281 0.109375 0.0113281 0.106445 0.0109375 0.105957 0.0105469 0.103027
1 0.0101563 0.436035 0.00585938 0.436523 0.00195312 0.44043 0 0.440918 0 0.461914 0.00195312 0.461914 0.00625 0.456055 0.00742187 0.45166 0.00976562 0.447266 0.0109375 0.442871 0.0109375 0.437988
1 0.136328 0.990234 0.135937 0.991699 0.135937 0.995605 0.1375 0.998047 0.137891 1 0.15 1 0.15 0.997559 0.149219 0.996582 0.148438 0.993652 0.144922 0.991699 0.142578 0.989258 0.140234 0.98877 0.139844 0.988281 0.138281 0.988281
1 0.0632812 0.938965 0.0636719 0.939941 0.0652344 0.940918 0.06875 0.941406 0.0714844 0.942871 0.0769531 0.943359 0.0773438 0.943848 0.0828125 0.943848 0.0832031 0.943359 0.0878906 0.942871 0.0882813 0.942383 0.0894531 0.942383 0.0917969 0.941406 0.096875 0.9375 0.0976562 0.936523 0.0976562 0.935059 0.0960938 0.934082 0.09375 0.931152 0.0917969 0.929688 0.090625 0.929688 0.0902344 0.929199 0.0890625 0.929199 0.0855469 0.927734 0.0839844 0.927734 0.0835937 0.927246 0.078125 0.927246 0.0777344 0.927734 0.0757812 0.927734 0.0753906 0.928223 0.0722656 0.928711 0.0703125 0.930176 0.0648438 0.932129 0.0632812 0.93457
1 0.126562 0.880859 0.126562 0.883301 0.126172 0.884277 0.126562 0.885742 0.127344 0.886719 0.129297 0.887695 0.130469 0.887695 0.133203 0.890625 0.138672 0.893555 0.139844 0.893555 0.141797 0.894531 0.147656 0.89502 0.149609 0.895996 0.157422 0.895996 0.157812 0.896484 0.159375 0.896484 0.159766 0.895996 0.1625 0.895996 0.164453 0.894531 0.165234 0.893066 0.165234 0.891602 0.164453 0.890137 0.159766 0.884766 0.156641 0.883301 0.155469 0.882324 0.155078 0.881348 0.153125 0.879883 0.15 0.879395 0.147266 0.87793 0.137109 0.87793 0.13125 0.880371 0.126953 0.880371
1 0.021875 0.816895 0.0214844 0.817871 0.0214844 0.821289 0.021875 0.821777 0.021875 0.823242 0.0230469 0.827637 0.0246094 0.831055 0.0289063 0.836426 0.0308594 0.837402 0.0324219 0.838867 0.0347656 0.839844 0.0359375 0.839844 0.0363281 0.840332 0.0421875 0.84082 0.0425781 0.840332 0.0445313 0.840332 0.0453125 0.839355 0.0457031 0.837891 0.0421875 0.82959 0.0371094 0.822266 0.0339844 0.820312 0.0300781 0.816406 0.028125 0.81543 0.0242188 0.814941 0.0230469 0.81543
1 0.0515625 0.704102 0.05 0.702637 0.0472656 0.702637 0.0453125 0.703613 0.0417969 0.703613 0.0414062 0.704102 0.0390625 0.704102 0.0386719 0.70459 0.0363281 0.70459 0.0359375 0.705078 0.0332031 0.705078 0.0261719 0.709473 0.0222656 0.713867 0.0183594 0.716309 0.0164063 0.71875 0.0140625 0.720215 0.0140625 0.72168 0.0164063 0.724121 0.0175781 0.724609 0.0210938 0.724609 0.0214844 0.724121 0.0234375 0.724121 0.0238281 0.723633 0.0292969 0.723145 0.0296875 0.722656 0.0308594 0.722656 0.0324219 0.72168 0.0335937 0.72168 0.0359375 0.720703 0.0445313 0.714844 0.0472656 0.710938 0.0488281 0.709961 0.05 0.708496 0.0503906 0.707031 0.0515625 0.705566
1 0.200391 0.697754 0.198437 0.696289 0.196094 0.696289 0.195703 0.696777 0.188281 0.69873 0.182422 0.702637 0.180859 0.703125 0.177734 0.706055 0.174609 0.708008 0.171094 0.712402 0.170703 0.712402 0.168359 0.71582 0.165625 0.716797 0.165625 0.717773 0.167969 0.720703 0.169141 0.721191 0.175 0.721191 0.175391 0.720703 0.178516 0.720215 0.180859 0.71875 0.185938 0.717773 0.192188 0.712402 0.199219 0.704102 0.200781 0.701172
1 0.147266 0.618164 0.147656 0.620117 0.148047 0.620117 0.153125 0.626953 0.155859 0.628906 0.158594 0.631836 0.159766 0.631836 0.160938 0.632812 0.164062 0.633789 0.165234 0.634766 0.168359 0.635254 0.16875 0.635742 0.170703 0.635742 0.171094 0.63623 0.178125 0.63623 0.179297 0.635742 0.180078 0.634766 0.180078 0.631836 0.178906 0.628906 0.177344 0.626953 0.173437 0.624023 0.169531 0.620117 0.164844 0.618164 0.160156 0.617676 0.159766 0.617188 0.157812 0.617188 0.157422 0.616699 0.155078 0.616699 0.154688 0.616211 0.153125 0.616211 0.151172 0.615234 0.149219 0.615723
1 0.0222656 0.563965 0.0214844 0.564941 0.0214844 0.566895 0.0210938 0.567383 0.021875 0.570312 0.0257812 0.578125 0.0304687 0.584473 0.0324219 0.587891 0.0371094 0.591309 0.040625 0.592773 0.0433594 0.592285 0.0449219 0.590332 0.0449219 0.585449 0.0429688 0.578125 0.0398437 0.573242 0.0371094 0.570312 0.0351562 0.569336 0.0339844 0.567871 0.0289063 0.564453 0.0277344 0.564453 0.0257812 0.563477
1 0 0.506836 0 0.520508 0.0015625 0.520508 0.00585938 0.524902 0.009375 0.526855 0.0140625 0.527344 0.0144531 0.527832 0.0175781 0.527832 0.0195312 0.525879 0.0195312 0.522949 0.0183594 0.519043 0.0175781 0.517578 0.0171875 0.517578 0.0132812 0.512695 0.0078125 0.508789 0.00546875 0.507812 0.00351563 0.507812 0.0015625 0.506836
1 0.0878906 0.478027 0.0863281 0.477051 0.084375 0.477051 0.0839844 0.476562 0.0746094 0.476562 0.0742188 0.477051 0.0714844 0.477051 0.0710937 0.477539 0.0679687 0.478027 0.0675781 0.478516 0.0648438 0.478516 0.0625 0.480469 0.0609375 0.480957 0.0589844 0.482422 0.0582031 0.482422 0.0546875 0.484863 0.0535156 0.486328 0.053125 0.489746 0.0546875 0.491211 0.0589844 0.491699 0.059375 0.492188 0.0707031 0.490723 0.0722656 0.489746 0.0734375 0.489746 0.0757812 0.48877 0.0808594 0.485352 0.0816406 0.484375 0.084375 0.48291 0.0878906 0.479004
1 0.227734 0.515625 0.225781 0.517578 0.224219 0.520996 0.223438 0.523926 0.223047 0.52832 0.222266 0.530762 0.222266 0.532715 0.221875 0.533203 0.221875 0.536621 0.222266 0.537109 0.222656 0.543945 0.224609 0.548828 0.224609 0.550293 0.225391 0.552246 0.225391 0.556152 0.226562 0.560547 0.227734 0.562012 0.230469 0.562012 0.23125 0.561523 0.233203 0.558594 0.232813 0.547852 0.233203 0.547363 0.233594 0.527832 0.233203 0.527344 0.233203 0.524414 0.232813 0.523926 0.232813 0.521973 0.232422 0.521484 0.232031 0.518066 0.229687 0.515625
1 0.267969 0.118164 0.267969 0.121582 0.26875 0.123535 0.269922 0.125 0.270703 0.126953 0.272656 0.128906 0.274609 0.133301 0.279687 0.138672 0.283203 0.140625 0.288281 0.141113 0.290234 0.139648 0.292578 0.138672 0.294531 0.135742 0.294531 0.134277 0.291797 0.132324 0.2875 0.126465 0.283984 0.124023 0.282031 0.12207 0.280078 0.119141 0.278516 0.118164 0.277344 0.118164 0.275391 0.117188 0.273828 0.117188 0.271875 0.116211 0.269531 0.116699
1 0.272656 0.199707 0.271875 0.200195 0.271875 0.206055 0.272656 0.208496 0.272656 0.211914 0.273047 0.212402 0.273047 0.214355 0.273438 0.214844 0.274219 0.220215 0.277344 0.226074 0.278516 0.229492 0.280078 0.231445 0.282422 0.23584 0.283594 0.236816 0.286719 0.236816 0.2875 0.23584 0.2875 0.234375 0.287891 0.233887 0.287891 0.229004 0.287109 0.226074 0.285938 0.223633 0.285547 0.220215 0.283203 0.215332 0.283203 0.214355 0.281641 0.210938 0.280859 0.20752 0.279297 0.204102 0.278906 0.204102 0.275391 0.199219
1 0.467187 0.908203 0.464062 0.905762 0.462109 0.905273 0.459766 0.903809 0.458203 0.903809 0.457813 0.90332 0.450391 0.90332 0.45 0.903809 0.448437 0.903809 0.446094 0.904785 0.445312 0.905762 0.442188 0.906738 0.439844 0.908203 0.434375 0.915527 0.434375 0.91748 0.435937 0.919922 0.4375 0.920898 0.442188 0.920898 0.442578 0.92041 0.451562 0.919922 0.452734 0.918945 0.458984 0.916504 0.462109 0.914062 0.465625 0.912598 0.466797 0.910645
1 0.940625 0.96875 0.938672 0.96875 0.935937 0.971191 0.933203 0.976562 0.930078 0.984375 0.929688 0.987305 0.929297 0.987793 0.928906 0.992676 0.928516 0.993164 0.928516 0.995605 0.929688 1 0.9375 1 0.9375 0.999023 0.940234 0.995117 0.941016 0.98877 0.941406 0.988281 0.941406 0.986328 0.941797 0.98584 0.941797 0.983887 0.942187 0.983398 0.942578 0.979492 0.942969 0.979004 0.942969 0.976074 0.943359 0.975586 0.942969 0.97168 0.942578 0.970703
1 0.883984 0.660645 0.882422 0.662109 0.88125 0.664551 0.88125 0.666992 0.880859 0.66748 0.880859 0.673828 0.882422 0.678711 0.882422 0.680176 0.883203 0.682129 0.883203 0.683594 0.883984 0.686523 0.886719 0.691406 0.8875 0.693848 0.889453 0.696289 0.892188 0.698242 0.892969 0.698242 0.894141 0.696289 0.894141 0.686035 0.89375 0.685547 0.89375 0.681641 0.891406 0.672852 0.891406 0.67041 0.888672 0.663086 0.885547 0.660645
1 0.766797 0.645508 0.766797 0.650391 0.767578 0.652344 0.769531 0.655273 0.770312 0.657715 0.773047 0.661133 0.773438 0.662598 0.775781 0.666504 0.779297 0.669922 0.791406 0.678223 0.794922 0.678711 0.796484 0.677246 0.796484 0.671875 0.795703 0.668945 0.794922 0.667969 0.794531 0.666504 0.787891 0.657715 0.784375 0.655273 0.778906 0.649414 0.777734 0.649414 0.771484 0.645508 0.770312 0.645508 0.76875 0.644531 0.767578 0.644531
1 0.658203 0.342773 0.657031 0.344238 0.656641 0.346191 0.657813 0.350586 0.659766 0.355469 0.659766 0.356445 0.660937 0.358887 0.660937 0.359863 0.663672 0.364746 0.665625 0.370605 0.666406 0.37207 0.669141 0.375 0.669922 0.376953 0.673047 0.380371 0.673047 0.380859 0.675391 0.383789 0.676172 0.385742 0.678125 0.388184 0.680078 0.387695 0.680859 0.38623 0.680859 0.385254 0.678906 0.381836 0.678125 0.37793 0.675781 0.37207 0.675391 0.369141 0.674219 0.366699 0.673438 0.362793 0.672656 0.361328 0.672266 0.35791 0.670312 0.352051 0.666016 0.346191 0.663672 0.344727 0.6625 0.343262 0.661719 0.342773
1 0.65625 0.434082 0.65625 0.432617 0.654687 0.431152 0.652344 0.431152 0.651953 0.431641 0.649219 0.431641 0.648828 0.431152 0.640625 0.431641 0.640234 0.431152 0.638672 0.431152 0.638281 0.431641 0.636719 0.431641 0.636328 0.432129 0.633984 0.432617 0.630078 0.435059 0.628125 0.435059 0.622266 0.4375 0.621484 0.438477 0.621484 0.44043 0.623437 0.443359 0.625781 0.444336 0.6375 0.444336 0.637891 0.444824 0.639062 0.444824 0.639453 0.444336 0.643359 0.444336 0.649609 0.44043 0.654687 0.436035 0.656641 0.435059
1 0.891797 0.116699 0.891797 0.119141 0.894141 0.120605 0.896484 0.120605 0.900781 0.123047 0.903125 0.123047 0.903516 0.123535 0.905078 0.123535 0.907031 0.124512 0.920703 0.124512 0.923047 0.123535 0.926562 0.121094 0.928906 0.120117 0.930078 0.120117 0.931641 0.119141 0.933594 0.120117 0.936328 0.120117 0.936719 0.119141 0.936328 0.114746 0.935547 0.11377 0.931641 0.114258 0.930078 0.113281 0.928516 0.111328 0.924219 0.110352 0.921484 0.108887 0.919141 0.108887 0.91875 0.108398 0.907422 0.108398 0.904297 0.109863 0.900781 0.110352 0.897656 0.112305 0.896875 0.113281 0.892578 0.114746
1 0.661328 0.0458984 0.660937 0.0449219 0.658203 0.043457 0.652734 0.043457 0.652344 0.0439453 0.648047 0.0439453 0.647656 0.0444336 0.642578 0.0449219 0.640625 0.0463867 0.638281 0.0473633 0.633203 0.0483398 0.627344 0.0522461 0.626563 0.0546875 0.626563 0.0576172 0.629687 0.0600586 0.632031 0.0610352 0.633203 0.0610352 0.633594 0.0615234 0.641016 0.0620117 0.641406 0.0625 0.647266 0.0625 0.649609 0.0610352 0.653125 0.0600586 0.65625 0.0576172 0.660156 0.0527344 0.661328 0.0498047
1 0.648047 0.0688477 0.646875 0.0673828 0.646094 0.0668945 0.644531 0.0668945 0.644141 0.0664062 0.638672 0.0664062 0.638281 0.0668945 0.634375 0.0673828 0.632422 0.0683594 0.630859 0.0698242 0.626563 0.0712891 0.623437 0.0732422 0.621484 0.0756836 0.621484 0.0776367 0.621875 0.0791016 0.623437 0.0805664 0.63125 0.0810547 0.631641 0.081543 0.637109 0.081543 0.6375 0.0810547 0.639453 0.0810547 0.643359 0.0791016 0.644141 0.078125 0.646094 0.0771484 0.647266 0.0756836 0.648438 0.0727539
1 0.998437 0.0927734 0.997266 0.0952148 0.996875 0.0991211 0.996484 0.0996094 0.996094 0.107422 0.995703 0.10791 0.995703 0.113281 0.996094 0.11377 0.996094 0.115723 0.997266 0.120117 0.998437 0.121582 1 0.121582 1 0.0927734
1 0.623437 0.147949 0.622656 0.148438 0.621484 0.150391 0.620703 0.153809 0.619141 0.157227 0.619141 0.161621 0.619531 0.162109 0.619141 0.163574 0.619141 0.16748 0.619531 0.167969 0.619531 0.170898 0.619922 0.171387 0.620703 0.176758 0.621875 0.179688 0.622266 0.182129 0.624609 0.1875 0.625781 0.192871 0.626563 0.193848 0.627734 0.193848 0.630469 0.188965 0.63125 0.186035 0.63125 0.184082 0.631641 0.183594 0.631641 0.172852 0.630078 0.166992 0.628125 0.162109 0.627734 0.157715 0.627344 0.157227 0.626953 0.15332 0.626563 0.152832 0.626563 0.150879 0.625781 0.149414
2 0.719141 0.942871 0.717969 0.943848 0.717187 0.945801 0.717187 0.95752 0.717578 0.958008 0.718359 0.964355 0.720313 0.969727 0.722266 0.972656 0.724219 0.977051 0.727344 0.97998 0.729688 0.97998 0.730859 0.978027 0.730859 0.970215 0.729688 0.966797 0.729688 0.964355 0.729297 0.963867 0.728906 0.960938 0.727344 0.95752 0.726562 0.954102 0.724609 0.951172 0.723047 0.946777 0.721875 0.945312 0.721484 0.943848 0.720703 0.942871
2 0.436328 0.958008 0.435156 0.957031 0.43125 0.958008 0.428516 0.960449 0.423828 0.962891 0.421484 0.96582 0.415625 0.970703 0.413281 0.975098 0.410547 0.979004 0.410547 0.97998 0.409766 0.981445 0.409766 0.984375 0.410156 0.98584 0.411328 0.986816 0.413281 0.986816 0.417578 0.984375 0.419922 0.983887 0.424219 0.980469 0.433984 0.967773 0.435937 0.963379
2 0.402344 0.939941 0.401172 0.938965 0.398047 0.938965 0.397656 0.938477 0.383594 0.938477 0.383203 0.938965 0.380859 0.938965 0.380469 0.939453 0.377344 0.939453 0.371875 0.942871 0.36875 0.943848 0.367969 0.944824 0.365234 0.946289 0.364453 0.947266 0.364453 0.94873 0.364844 0.950195 0.366406 0.952148 0.367188 0.952148 0.368359 0.953125 0.371875 0.953613 0.372266 0.954102 0.382422 0.954102 0.382812 0.953613 0.385156 0.953613 0.385547 0.953125 0.388281 0.953125 0.394141 0.950684 0.395313 0.949707 0.396094 0.949707 0.399609 0.947266 0.401172 0.945801 0.402344 0.943848
2 0.267578 0.836914 0.266797 0.837891 0.266016 0.84082 0.266016 0.842285 0.265625 0.842773 0.265625 0.844238 0.265234 0.844727 0.265234 0.856934 0.265625 0.857422 0.265625 0.859863 0.266016 0.860352 0.266797 0.865723 0.26875 0.868652 0.269922 0.871582 0.271875 0.874023 0.274219 0.875488 0.276562 0.875488 0.277734 0.874023 0.278125 0.870117 0.278516 0.869629 0.278516 0.86084 0.277734 0.858398 0.277344 0.854004 0.275781 0.849609 0.275 0.844727 0.272266 0.837891 0.271484 0.836914
2 0.218359 0.596191 0.218359 0.600098 0.220312 0.607422 0.222266 0.611816 0.227734 0.618652 0.227734 0.619141 0.233594 0.624023 0.236719 0.627441 0.239063 0.62793 0.239453 0.628418 0.241016 0.628418 0.241797 0.62793 0.242969 0.626465 0.242969 0.620605 0.241797 0.616699 0.241797 0.615234 0.239844 0.610352 0.237891 0.607422 0.232813 0.602539 0.230859 0.602051 0.228125 0.600098 0.226172 0.599609 0.221484 0.596191 0.220312 0.595703
2 0.518359 0.610352 0.516406 0.608398 0.5125 0.607422 0.512109 0.60791 0.507422 0.60791 0.507031 0.608398 0.501953 0.608887 0.499609 0.610352 0.495312 0.611816 0.49375 0.612793 0.489844 0.617188 0.4875 0.618652 0.483984 0.623047 0.483984 0.624023 0.482422 0.626953 0.482812 0.627441 0.487891 0.627441 0.493359 0.625 0.497656 0.625 0.5 0.624023 0.50625 0.623047 0.508203 0.621582 0.512891 0.619629 0.516016 0.616699 0.518359 0.613281
2 0.702344 0.856934 0.699609 0.853027 0.698438 0.852051 0.695703 0.851562 0.695312 0.851074 0.680859 0.850098 0.680469 0.850586 0.678125 0.850586 0.677734 0.851074 0.673828 0.851562 0.667578 0.855469 0.666797 0.855469 0.662109 0.858887 0.658984 0.859863 0.656641 0.861328 0.653125 0.864746 0.649609 0.866699 0.648047 0.868652 0.648047 0.872559 0.648828 0.874023 0.651172 0.875 0.657031 0.875 0.657422 0.874512 0.660547 0.874512 0.660937 0.874023 0.663281 0.874023 0.665625 0.873047 0.667578 0.873047 0.667969 0.872559 0.669922 0.872559 0.670312 0.87207 0.673828 0.871582 0.678516 0.869629 0.681641 0.867676 0.683984 0.866699 0.685156 0.866699 0.689063 0.864746 0.692969 0.864258 0.693359 0.86377 0.694922 0.86377 0.695312 0.863281 0.696875 0.863281 0.699219 0.862305 0.701172 0.86084 0.701562 0.859375 0.702344 0.858398
2 0.957812 0.0454102 0.957031 0.0449219 0.955078 0.0449219 0.952734 0.0473633 0.950391 0.0483398 0.948438 0.050293 0.946484 0.0512695 0.944141 0.0537109 0.938672 0.0571289 0.936719 0.0600586 0.936328 0.0600586 0.933594 0.0634766 0.932031 0.0644531 0.926953 0.0761719 0.927344 0.0786133 0.928516 0.0791016 0.929297 0.078125 0.932422 0.0776367 0.936328 0.0756836 0.938281 0.0737305 0.940234 0.0727539 0.945703 0.0668945 0.948438 0.0649414 0.951953 0.0600586 0.953906 0.0556641 0.955469 0.0537109 0.956641 0.050293 0.957422 0.0493164
0 0.673438 0.475098 0.673438 0.478516 0.677734 0.481445 0.680469 0.484375 0.685156 0.486328 0.686328 0.486328 0.688281 0.487305 0.696094 0.488281 0.696484 0.48877 0.697656 0.48877 0.699609 0.489746 0.701172 0.489746 0.701562 0.490234 0.705078 0.48877 0.70625 0.486816 0.70625 0.485352 0.705078 0.482422 0.703516 0.480957 0.701953 0.478516 0.692578 0.473145 0.691016 0.473145 0.688672 0.472168 0.680859 0.472168 0.678125 0.473633 0.675 0.474121
0 0.544531 0.436523 0.540625 0.436523 0.538281 0.438477 0.536328 0.438965 0.535937 0.439941 0.533594 0.442871 0.533203 0.442871 0.53125 0.448242 0.529687 0.451172 0.528125 0.45752 0.526953 0.459961 0.526172 0.464844 0.524219 0.469727 0.524219 0.471191 0.525391 0.473145 0.528125 0.474609 0.529297 0.474609 0.530469 0.473145 0.53125 0.470703 0.532813 0.46875 0.533984 0.468262 0.535937 0.466309 0.5375 0.463867 0.538281 0.461426 0.540234 0.458984 0.540625 0.456055 0.542969 0.452637 0.54375 0.449707 0.544531 0.44873 0.544922 0.447266 0.544922 0.445312 0.545703 0.442871 0.545703 0.438477
1 0.145313 0 0.145703 0.00341797 0.146484 0.00488281 0.149609 0.00683594 0.153906 0.00634766 0.154688 0.00585938 0.157422 0.00195312 0.157422 0
