1 0.308984 0.144531 0.307812 0.144043 0.305859 0.144531 0.303125 0.147949 0.299219 0.151367 0.295703 0.155273 0.291016 0.157715 0.286719 0.165527 0.285156 0.171387 0.285156 0.176758 0.285547 0.177246 0.285547 0.179688 0.285938 0.180176 0.286328 0.191895 0.2875 0.196289 0.290625 0.196777 0.291797 0.192871 0.292187 0.187988 0.292969 0.186523 0.29375 0.182617 0.297266 0.177246 0.298047 0.174316 0.3 0.171387 0.301563 0.166504 0.301563 0.165039 0.302344 0.162598 0.302344 0.160645 0.302734 0.160156 0.302734 0.158203 0.305078 0.15332 0.307812 0.150391 0.308594 0.148438 0.309766 0.146973 0.309766 0.145508
1 0.325781 0.145996 0.325 0.146484 0.322656 0.146484 0.321484 0.147461 0.321484 0.147949 0.315625 0.154785 0.314453 0.155273 0.3125 0.157227 0.311328 0.161621 0.309766 0.164551 0.308203 0.171387 0.307031 0.173828 0.306641 0.177734 0.305469 0.180664 0.305469 0.187012 0.305859 0.1875 0.305859 0.188965 0.307031 0.19043 0.310547 0.189453 0.311328 0.188477 0.313281 0.179688 0.316016 0.174316 0.319922 0.169434 0.325 0.156738 0.326172 0.155273 0.326953 0.15332 0.326953 0.147949
1 0.326172 0.168457 0.325391 0.168457 0.323828 0.169922 0.322656 0.169922 0.31875 0.173828 0.317188 0.177734 0.315234 0.181152 0.315234 0.182617 0.314453 0.185059 0.314453 0.188477 0.314063 0.188965 0.314453 0.19043 0.314453 0.193848 0.314844 0.194336 0.314844 0.197266 0.316016 0.200684 0.317578 0.202148 0.319141 0.20166 0.322656 0.197266 0.324609 0.193848 0.326953 0.186523 0.326953 0.17627 0.326562 0.175781 0.326562 0.169434
1 0 0.182129 0.00234375 0.182129 0.00351563 0.181641 0.00898437 0.177246 0.0136719 0.174805 0.0171875 0.169922 0.0167969 0.167969 0.015625 0.166504 0.0144531 0.166016 0.00273437 0.166016 0.00234375 0.166504 0 0.166504
1 0.924609 0.980957 0.923047 0.980469 0.919141 0.983398 0.919141 0.983887 0.916797 0.986816 0.915234 0.991211 0.913281 0.994141 0.912891 1 0.924219 1 0.924219 0.998535 0.925 0.996094 0.925 0.987305 0.924609 0.986816 0.925 0.986328 0.925 0.981934
1 0.0675781 0.147949 0.0667969 0.150391 0.065625 0.162109 0.0640625 0.166016 0.0636719 0.170898 0.0628906 0.17334 0.0632812 0.185547 0.0640625 0.187988 0.0660156 0.190918 0.0660156 0.191895 0.0671875 0.194336 0.0683594 0.19873 0.0695313 0.199707 0.0714844 0.202637 0.0730469 0.203125 0.0738281 0.201172 0.0738281 0.194824 0.0734375 0.194336 0.0734375 0.192383 0.0730469 0.191895 0.0726563 0.188965 0.0730469 0.188477 0.0734375 0.183105 0.0738281 0.182617 0.0738281 0.17334 0.0722656 0.168945 0.0722656 0.166016 0.071875 0.165527 0.0714844 0.161621 0.0710937 0.161133 0.0707031 0.154297 0.0691406 0.148926 0.0683594 0.147949
1 0.078125 0.189941 0.0785156 0.190918 0.0785156 0.193359 0.0796875 0.195312 0.084375 0.199707 0.0886719 0.205566 0.0953125 0.210449 0.0976562 0.210938 0.0992187 0.211914 0.109375 0.212402 0.109766 0.211914 0.117188 0.211914 0.117578 0.211426 0.121094 0.210938 0.122656 0.209961 0.122656 0.208008 0.119922 0.206055 0.116797 0.205566 0.116406 0.205078 0.111328 0.20459 0.108594 0.202637 0.107031 0.200195 0.104297 0.199219 0.100391 0.196289 0.0957031 0.194824 0.0914062 0.191895 0.0875 0.190918 0.084375 0.188965 0.08125 0.188477 0.0808594 0.187988 0.0789062 0.188477
1 0.0761719 0.12793 0.0757812 0.128418 0.0757812 0.132812 0.0761719 0.133301 0.0761719 0.134766 0.0777344 0.137695 0.0796875 0.147461 0.0824219 0.153809 0.0871094 0.159668 0.0894531 0.161133 0.0914062 0.163086 0.0933594 0.164062 0.0988281 0.168945 0.101562 0.169922 0.102734 0.170898 0.104688 0.170898 0.105469 0.168457 0.105469 0.166016 0.104297 0.164062 0.101953 0.157715 0.100391 0.155273 0.0980469 0.149414 0.0925781 0.141602 0.0851563 0.138184 0.0796875 0.131348 0.0785156 0.130859 0.0773438 0.129395 0.0769531 0.12793
1 0.135937 0.081543 0.135547 0.0800781 0.134766 0.0791016 0.133281 0.0790039 0.13125 0.0795898 0.130898 0.0805176 0.129727 0.0820801 0.127656 0.0834961 0.125781 0.0854492 0.122266 0.0893555 0.120313 0.0893555 0.119922 0.0898438 0.111328 0.0898438 0.110937 0.090332 0.107031 0.0908203 0.106641 0.0913086 0.103516 0.0917969 0.103125 0.0922852 0.1 0.0927734 0.0996094 0.0932617 0.0945312 0.0932617 0.0933594 0.0942383 0.0921875 0.0942383 0.0902344 0.0952148 0.0902344 0.0966797 0.0925781 0.0991211 0.0953125 0.101074 0.102344 0.101562 0.105469 0.103027 0.106641 0.103027 0.110937 0.105469 0.114453 0.105469 0.114844 0.10498 0.117188 0.10498 0.117578 0.104492 0.119141 0.104492 0.119531 0.104004 0.122266 0.103516 0.124609 0.101074 0.126172 0.097168 0.127734 0.0952148 0.130859 0.0929199 0.134375 0.088623 0.135937 0.0849609
1 0.104297 0.103027 0.104297 0.104492 0.10625 0.106934 0.108594 0.108887 0.108984 0.11084 0.113672 0.116211 0.114062 0.116211 0.119141 0.123535 0.120313 0.124023 0.123828 0.127441 0.125781 0.128418 0.127344 0.129883 0.131641 0.131348 0.132812 0.132324 0.139844 0.135254 0.143359 0.135742 0.14375 0.135254 0.145313 0.135254 0.146484 0.134277 0.146875 0.132812 0.146875 0.129883 0.144531 0.126465 0.142187 0.125 0.137891 0.124512 0.135156 0.122559 0.133203 0.120117 0.132422 0.118164 0.130469 0.115234 0.124219 0.108398 0.122188 0.108008 0.120703 0.107422 0.115234 0.106494 0.113164 0.105908 0.11043 0.104834 0.108594 0.103516 0.107813 0.102539 0.105078 0.102539
1 0.126562 0.0878906 0.125 0.0908203 0.125 0.0942383 0.125391 0.0947266 0.125391 0.0966797 0.125781 0.097168 0.126172 0.100586 0.127344 0.103027 0.129297 0.111816 0.132812 0.115723 0.134766 0.119141 0.138281 0.123535 0.138672 0.125977 0.140625 0.130859 0.141797 0.132324 0.143359 0.132812 0.145313 0.134277 0.147656 0.134277 0.148438 0.133789 0.15 0.131836 0.149609 0.12793 0.148828 0.125977 0.146484 0.122559 0.141406 0.109375 0.141016 0.106934 0.139063 0.101562 0.136328 0.0981445 0.133203 0.0927734 0.132422 0.0888672 0.131641 0.0874023 0.129688 0.0869141 0.129297 0.0874023
1 0.112891 0.237305 0.111719 0.23877 0.111719 0.240723 0.111328 0.241211 0.111719 0.249023 0.1125 0.251953 0.112891 0.256836 0.114453 0.262695 0.116797 0.268555 0.118359 0.271484 0.126562 0.280762 0.127344 0.28125 0.130469 0.280762 0.130859 0.279785 0.130859 0.273926 0.130469 0.273438 0.130469 0.270996 0.129688 0.269043 0.128125 0.259766 0.125781 0.254395 0.125 0.251465 0.122266 0.247559 0.120313 0.243164 0.116016 0.237305 0.115234 0.236816
1 0.148438 0.231445 0.148047 0.233398 0.148438 0.233887 0.148438 0.23584 0.148828 0.236816 0.155078 0.245605 0.156641 0.249512 0.157812 0.250977 0.160156 0.25293 0.164062 0.254883 0.169141 0.254883 0.171094 0.25293 0.171484 0.250977 0.171094 0.250488 0.171094 0.247559 0.169922 0.243652 0.166016 0.239258 0.162891 0.236328 0.157812 0.234375 0.154297 0.231445 0.153125 0.231445 0.152734 0.230957 0.148828 0.230957
1 0.216406 0.220215 0.215625 0.220215 0.213281 0.22168 0.211719 0.227539 0.207813 0.233398 0.205859 0.234863 0.204297 0.236816 0.202734 0.241211 0.200391 0.244629 0.198828 0.249023 0.196875 0.252441 0.196875 0.254883 0.197656 0.256836 0.2 0.257324 0.200391 0.257812 0.201953 0.257324 0.204297 0.254883 0.208984 0.251953 0.211719 0.249023 0.212891 0.248535 0.216016 0.244141 0.217578 0.239258 0.217578 0.228027 0.217188 0.227539 0.217188 0.222168
1 0.204687 0.286621 0.204297 0.286621 0.203125 0.288574 0.203125 0.290039 0.202734 0.290527 0.202734 0.294922 0.201172 0.29834 0.2 0.303223 0.198437 0.306641 0.198437 0.307617 0.197266 0.310547 0.197266 0.313477 0.196484 0.316406 0.196484 0.318848 0.195703 0.320801 0.194141 0.322754 0.190234 0.325195 0.189062 0.32666 0.188281 0.329102 0.188281 0.330566 0.189453 0.331543 0.195312 0.331543 0.195703 0.331055 0.197656 0.331055 0.198047 0.330566 0.199609 0.330566 0.201563 0.32959 0.206641 0.324219 0.208984 0.318359 0.208984 0.315918 0.209375 0.31543 0.209375 0.307129 0.208984 0.306641 0.208984 0.304688 0.208594 0.304199 0.208203 0.300781 0.20625 0.294434 0.205859 0.289062
1 0.275 0.287598 0.273047 0.286133 0.269531 0.285645 0.269141 0.285156 0.265234 0.285156 0.264844 0.284668 0.263672 0.284668 0.263281 0.285156 0.258984 0.285645 0.253125 0.288086 0.251172 0.289551 0.247656 0.294434 0.246094 0.297363 0.245703 0.299316 0.247656 0.30127 0.250391 0.30127 0.250781 0.301758 0.260547 0.301758 0.260937 0.30127 0.264062 0.300781 0.266016 0.299805 0.266797 0.298828 0.271875 0.29541 0.275391 0.291016
1 0.105469 0.351562 0.105469 0.353516 0.105859 0.354492 0.108984 0.356445 0.110937 0.358398 0.117188 0.362305 0.118359 0.362305 0.11875 0.362793 0.125781 0.362793 0.126172 0.362305 0.128125 0.362305 0.128516 0.361816 0.130078 0.361816 0.130469 0.361328 0.132031 0.361328 0.134375 0.360352 0.136719 0.36084 0.137109 0.361328 0.140234 0.361328 0.140625 0.36084 0.14375 0.360352 0.146094 0.358398 0.146094 0.357422 0.145313 0.356445 0.143359 0.355469 0.142187 0.355469 0.141797 0.35498 0.140625 0.35498 0.137109 0.353516 0.135156 0.353516 0.130078 0.351074 0.126953 0.350586 0.126562 0.350098 0.124219 0.350098 0.123828 0.349609 0.120703 0.350098 0.120313 0.350586 0.119141 0.350586 0.115625 0.352051 0.114844 0.352051 0.111328 0.350098 0.108594 0.350098 0.107422 0.349609 0.10625 0.350098
1 0.282031 0.0952148 0.282031 0.097168 0.283594 0.100098 0.286328 0.101562 0.289453 0.105469 0.290234 0.107422 0.291406 0.108887 0.298047 0.114746 0.301563 0.116211 0.306641 0.116211 0.307812 0.115234 0.307812 0.11377 0.308203 0.113281 0.308203 0.111328 0.303125 0.101074 0.300391 0.0981445 0.294922 0.0947266 0.282422 0.0947266
1 0.339453 0.148926 0.337891 0.148926 0.337109 0.149414 0.335938 0.151855 0.330859 0.158203 0.328906 0.162598 0.327734 0.166992 0.327734 0.169922 0.326953 0.172363 0.326953 0.175781 0.327344 0.17627 0.327734 0.180176 0.329688 0.186035 0.331641 0.188477 0.333203 0.191406 0.335156 0.191406 0.336719 0.189453 0.337109 0.186523 0.3375 0.186035 0.3375 0.182617 0.337891 0.182129 0.337891 0.180664 0.338672 0.178223 0.338672 0.17627 0.339062 0.175781 0.339062 0.173828 0.340625 0.168945 0.341016 0.162598 0.341406 0.162109 0.341406 0.149902
1 0.335547 0.207031 0.335547 0.209473 0.335938 0.209961 0.341797 0.212402 0.344141 0.213867 0.346094 0.21582 0.349219 0.217773 0.35 0.217773 0.354297 0.220703 0.355078 0.220703 0.35625 0.22168 0.361328 0.22168 0.362109 0.220703 0.361328 0.217773 0.361328 0.216309 0.360547 0.215332 0.358984 0.211426 0.356641 0.208008 0.352734 0.20459 0.350391 0.203613 0.348438 0.203613 0.348047 0.203125 0.344922 0.203125 0.341797 0.20459 0.337891 0.20459 0.336719 0.205078
1 0.384375 0.147461 0.382812 0.148926 0.380859 0.15332 0.380469 0.158691 0.380078 0.15918 0.380078 0.162598 0.379688 0.163086 0.379297 0.168457 0.378906 0.168945 0.378906 0.171875 0.378516 0.172363 0.378906 0.179688 0.379297 0.180176 0.379297 0.182129 0.379688 0.182617 0.380078 0.186035 0.382812 0.191406 0.383984 0.194824 0.386328 0.19873 0.386719 0.200195 0.389453 0.20459 0.391406 0.205566 0.392188 0.206543 0.392969 0.206543 0.39375 0.205566 0.394531 0.203125 0.394531 0.199219 0.394141 0.19873 0.39375 0.190918 0.393359 0.19043 0.393359 0.179688 0.392969 0.179199 0.392578 0.172852 0.391406 0.169434 0.390625 0.164062 0.389844 0.162109 0.389453 0.156738 0.388672 0.154785 0.388281 0.151367 0.386719 0.148438 0.385547 0.147461
1 0.477734 0.166992 0.476953 0.169922 0.483594 0.177246 0.486719 0.183105 0.487891 0.183594 0.490234 0.186035 0.491016 0.186035 0.497656 0.19043 0.502734 0.190918 0.503906 0.189453 0.503906 0.185059 0.501953 0.181152 0.498828 0.172852 0.498047 0.171875 0.490234 0.166504 0.487109 0.166016 0.486719 0.165527 0.485156 0.165527 0.484766 0.166016 0.480469 0.166016 0.480078 0.166504 0.478516 0.166504
1 0.544141 0.120605 0.541797 0.123535 0.541797 0.125 0.541406 0.125488 0.541406 0.130371 0.541016 0.130859 0.541406 0.138184 0.543359 0.143066 0.546094 0.147461 0.548438 0.149902 0.552344 0.152344 0.557031 0.154297 0.560156 0.154297 0.560937 0.152832 0.560937 0.149414 0.558203 0.143066 0.558203 0.14209 0.555078 0.136719 0.554297 0.134277 0.550781 0.129883 0.55 0.127441 0.546484 0.123047 0.545703 0.121094
1 0.605078 0.0766602 0.604688 0.0776367 0.604688 0.0805664 0.608984 0.0864258 0.610156 0.0893555 0.610156 0.090332 0.6125 0.0947266 0.612891 0.0961914 0.619141 0.104492 0.623437 0.106934 0.625 0.106934 0.625391 0.107422 0.628906 0.107422 0.629297 0.10791 0.632812 0.10791 0.633203 0.108398 0.636719 0.108398 0.637109 0.108887 0.644141 0.108887 0.645703 0.10791 0.645703 0.106445 0.644922 0.103516 0.642578 0.100586 0.641016 0.100098 0.638281 0.0981445 0.634766 0.0981445 0.634375 0.0976562 0.633203 0.0976562 0.630859 0.0966797 0.630078 0.0957031 0.626953 0.09375 0.625 0.0908203 0.623828 0.0878906 0.622656 0.0864258 0.617969 0.0834961 0.615234 0.0805664 0.610938 0.078125 0.610156 0.078125 0.607422 0.0761719
1 0.663672 0.0595703 0.658594 0.0595703 0.655859 0.0615234 0.654687 0.0615234 0.654297 0.0620117 0.651172 0.0625 0.647266 0.0644531 0.642188 0.0708008 0.640625 0.0761719 0.640625 0.0791016 0.640234 0.0795898 0.639844 0.0844727 0.639062 0.0864258 0.638672 0.0913086 0.6375 0.0952148 0.637891 0.0981445 0.638672 0.0991211 0.639453 0.0991211 0.643359 0.0952148 0.647266 0.0878906 0.648438 0.0864258 0.651172 0.0844727 0.652734 0.0825195 0.655469 0.078125 0.657422 0.0737305 0.664844 0.0649414 0.665234 0.0634766 0.664844 0.0629883 0.664844 0.0605469
1 0.782422 0.149414 0.78125 0.146484 0.778906 0.144531 0.775781 0.144043 0.772656 0.142578 0.769922 0.142578 0.769531 0.14209 0.764062 0.142578 0.761328 0.144043 0.758984 0.145996 0.757422 0.148926 0.756641 0.151855 0.75625 0.158691 0.757031 0.161914 0.758555 0.163428 0.759844 0.161768 0.760469 0.159082 0.761992 0.157568 0.764062 0.157227 0.765977 0.157373 0.76875 0.157422 0.772773 0.156641 0.774883 0.155664 0.777734 0.154785 0.780078 0.15332 0.782031 0.151367
1 0.910547 0.0717773 0.908984 0.0708008 0.906641 0.0708008 0.903516 0.0722656 0.896094 0.0810547 0.89375 0.0874023 0.89375 0.0893555 0.892969 0.0922852 0.892969 0.0947266 0.892578 0.0952148 0.892188 0.0991211 0.891797 0.0996094 0.891406 0.103516 0.892578 0.105469 0.894922 0.105469 0.897266 0.104492 0.905859 0.0927734 0.907031 0.0898438 0.909375 0.0859375 0.910156 0.0834961 0.911719 0.0810547 0.912109 0.0795898 0.912109 0.0751953 0.911328 0.0727539
1 0.980859 0.111816 0.979688 0.11084 0.975391 0.11084 0.975 0.111328 0.971875 0.111816 0.967969 0.11377 0.966016 0.115723 0.962109 0.118164 0.958594 0.123047 0.957031 0.127441 0.957031 0.135742 0.958203 0.137207 0.9625 0.136719 0.967578 0.133301 0.968359 0.132324 0.971094 0.130859 0.972656 0.128906 0.974219 0.12793 0.981641 0.119141 0.982031 0.114258
1 0.897266 0.165527 0.897266 0.16748 0.898828 0.17334 0.900781 0.175781 0.904297 0.178711 0.905859 0.181641 0.908984 0.185059 0.914062 0.187012 0.916406 0.188477 0.917578 0.188477 0.919922 0.189941 0.924609 0.189453 0.926953 0.1875 0.927344 0.186523 0.927344 0.18457 0.927734 0.184082 0.927734 0.182129 0.926953 0.179199 0.925781 0.176758 0.922656 0.172852 0.920312 0.171387 0.917969 0.170898 0.917578 0.17041 0.913672 0.169922 0.913281 0.169434 0.910547 0.169434 0.910156 0.168945 0.907813 0.168945 0.905859 0.167969 0.904297 0.166016 0.901172 0.164551 0.898828 0.164551
1 0.995703 0.292969 0.994922 0.29248 0.993359 0.292969 0.991406 0.294922 0.987109 0.297852 0.985547 0.299805 0.984375 0.302734 0.982031 0.304688 0.978516 0.30957 0.976172 0.314941 0.976172 0.316406 0.973828 0.325195 0.973828 0.330078 0.975391 0.32959 0.976172 0.328125 0.978516 0.327637 0.983203 0.325195 0.990625 0.315918 0.991406 0.314453 0.991797 0.3125 0.994141 0.308105 0.996094 0.302246 0.996484 0.297852 0.996875 0.297363 0.996875 0.294434
1 0.881641 0.422363 0.880859 0.422363 0.880078 0.42334 0.879687 0.426758 0.877344 0.431641 0.876563 0.435547 0.875 0.439453 0.874609 0.442871 0.873437 0.445801 0.872656 0.449707 0.871094 0.453125 0.869141 0.455566 0.867969 0.458008 0.867578 0.460449 0.866797 0.461914 0.866797 0.463379 0.867969 0.464355 0.869531 0.464355 0.870313 0.463867 0.871875 0.461914 0.874609 0.459961 0.877344 0.457031 0.880859 0.45459 0.883594 0.451172 0.885547 0.446777 0.887109 0.440918 0.887109 0.435547 0.886719 0.435059 0.886328 0.431152 0.884375 0.426758 0.884375 0.425293
1 0.567578 0.469238 0.567187 0.470215 0.567187 0.472656 0.566797 0.473145 0.566797 0.476562 0.567187 0.477051 0.567187 0.480469 0.567578 0.480957 0.567578 0.487305 0.567969 0.487793 0.567969 0.491211 0.568359 0.491699 0.56875 0.496582 0.570703 0.50293 0.572656 0.506348 0.580078 0.513672 0.58125 0.51416 0.583594 0.51709 0.5875 0.518066 0.5875 0.516602 0.586719 0.515625 0.585938 0.510254 0.583594 0.504883 0.582812 0.500977 0.582031 0.499512 0.58125 0.494141 0.578516 0.48584 0.575781 0.481934 0.572266 0.472168 0.569531 0.469238
1 0.598828 0.429688 0.597656 0.430664 0.596875 0.430664 0.596094 0.431641 0.596094 0.436035 0.597266 0.439453 0.597266 0.442871 0.597656 0.443359 0.598437 0.44873 0.599219 0.450684 0.599219 0.455566 0.6 0.458496 0.6 0.461426 0.600391 0.461914 0.600391 0.464355 0.601172 0.466797 0.601562 0.470703 0.602734 0.473633 0.602734 0.474609 0.606641 0.483887 0.607812 0.48584 0.611328 0.487305 0.612109 0.486328 0.613281 0.481934 0.6125 0.461914 0.612109 0.461426 0.611328 0.455078 0.608594 0.449707 0.608203 0.446777 0.607031 0.444336 0.607031 0.443359 0.603516 0.435059 0.600391 0.430176
1 0.544141 0.413574 0.543359 0.415039 0.54375 0.418945 0.544922 0.422363 0.547266 0.42627 0.547266 0.427246 0.548828 0.431152 0.553125 0.436523 0.555078 0.437988 0.556641 0.439941 0.560547 0.442383 0.564063 0.445801 0.565625 0.446289 0.567578 0.447754 0.56875 0.447754 0.569922 0.445801 0.569922 0.441895 0.56875 0.438477 0.565625 0.433594 0.565234 0.432129 0.563281 0.429688 0.561328 0.425781 0.559766 0.423828 0.557422 0.422363 0.552734 0.420898 0.548047 0.417969 0.545703 0.414062
1 0.597656 0.376465 0.596094 0.37793 0.596094 0.382324 0.596484 0.382812 0.596875 0.386719 0.597266 0.387207 0.597266 0.393555 0.596875 0.394043 0.596875 0.397461 0.596484 0.397949 0.596484 0.40918 0.596875 0.409668 0.596875 0.411621 0.598828 0.418457 0.603125 0.423828 0.604688 0.424805 0.607422 0.425293 0.608203 0.423828 0.607422 0.420898 0.607422 0.414551 0.607812 0.414062 0.607812 0.401367 0.607422 0.400879 0.607422 0.398438 0.606641 0.396484 0.60625 0.392578 0.604297 0.388672 0.603906 0.385254 0.603125 0.382812 0.601953 0.381348 0.600781 0.37793 0.599609 0.376465
1 0.619531 0.367188 0.618359 0.368652 0.617578 0.370605 0.617188 0.373535 0.615625 0.377441 0.615625 0.380371 0.615234 0.380859 0.614844 0.385742 0.614453 0.38623 0.614453 0.391113 0.614844 0.391602 0.615234 0.395996 0.617188 0.40332 0.61875 0.407227 0.621484 0.411133 0.623047 0.412109 0.623828 0.411621 0.624609 0.409668 0.624609 0.400391 0.625 0.399902 0.625 0.396484 0.625391 0.395996 0.625391 0.394043 0.625 0.393555 0.625 0.38623 0.624609 0.385742 0.624609 0.382812 0.624219 0.382324 0.624219 0.379395 0.623828 0.378906 0.623828 0.373047 0.623437 0.372559 0.623437 0.370605 0.622656 0.367676 0.620313 0.367676
1 0.551953 0.321289 0.551953 0.32373 0.552734 0.32666 0.555469 0.333008 0.555469 0.333984 0.557031 0.337891 0.558984 0.341309 0.563281 0.34668 0.567578 0.350098 0.569531 0.350586 0.572266 0.352539 0.574219 0.353027 0.575391 0.354004 0.579688 0.354004 0.580078 0.353516 0.580078 0.350586 0.579688 0.349121 0.579297 0.349121 0.575781 0.344727 0.574219 0.34375 0.572266 0.341309 0.569531 0.333496 0.567969 0.331055 0.564453 0.328125 0.563281 0.327637 0.561328 0.325195 0.556641 0.321289 0.555469 0.321289 0.553906 0.320312 0.552734 0.320312
1 0.754687 0.638672 0.752734 0.636719 0.748047 0.634277 0.74375 0.634277 0.743359 0.634766 0.740625 0.634766 0.740234 0.635254 0.736719 0.635742 0.732422 0.638672 0.729297 0.639648 0.720313 0.645508 0.719531 0.646484 0.719141 0.650391 0.720313 0.651367 0.725781 0.651855 0.726172 0.651367 0.727734 0.651367 0.728125 0.650879 0.730859 0.650391 0.732422 0.649414 0.740625 0.648926 0.744141 0.647461 0.747656 0.646973 0.749219 0.645996 0.750781 0.644043 0.752734 0.643066 0.753906 0.641602
1 0.491016 0.369141 0.489453 0.369629 0.488281 0.371094 0.485938 0.37207 0.484375 0.374023 0.479297 0.376953 0.478125 0.378418 0.477344 0.380371 0.476953 0.383301 0.476172 0.384766 0.476172 0.387695 0.475781 0.388184 0.476172 0.394043 0.478516 0.402832 0.479297 0.404785 0.480859 0.406738 0.481641 0.409668 0.483203 0.411621 0.484375 0.411621 0.484766 0.412109 0.486328 0.412109 0.486719 0.411621 0.487891 0.407227 0.487891 0.394531 0.488281 0.394043 0.488281 0.390625 0.488672 0.390137 0.488672 0.387207 0.489063 0.386719 0.489063 0.380859 0.490625 0.37793 0.491797 0.374512 0.492578 0.373535 0.492578 0.371094 0.492188 0.370117
1 0.396484 0.469727 0.397266 0.47168 0.400391 0.473633 0.402344 0.474121 0.404687 0.475586 0.407422 0.476074 0.407813 0.476562 0.410156 0.476562 0.410547 0.477051 0.419531 0.477051 0.423438 0.474609 0.422656 0.471191 0.419922 0.467773 0.416016 0.46582 0.414453 0.46582 0.4125 0.464844 0.407031 0.464844 0.404297 0.466309 0.400391 0.466309 0.4 0.466797 0.398438 0.466797 0.396875 0.468262
1 0.373047 0.461914 0.372266 0.460938 0.370312 0.459961 0.367969 0.459961 0.367578 0.460449 0.364844 0.460938 0.3625 0.462402 0.360156 0.46582 0.359375 0.469238 0.356641 0.474609 0.354687 0.477051 0.352344 0.478516 0.351953 0.479492 0.351953 0.482422 0.352734 0.48291 0.354297 0.48291 0.354687 0.482422 0.356641 0.482422 0.357031 0.481934 0.362891 0.481934 0.365234 0.480957 0.366797 0.479004 0.368359 0.475098 0.371094 0.471191 0.373047 0.464844
1 0.412891 0.598633 0.411328 0.597168 0.408203 0.59668 0.407813 0.597168 0.405469 0.597168 0.405078 0.597656 0.399219 0.598145 0.395703 0.599609 0.394922 0.600586 0.392188 0.602051 0.390234 0.60498 0.385156 0.61084 0.385156 0.614746 0.386328 0.616211 0.3875 0.616699 0.393359 0.616699 0.39375 0.616211 0.396484 0.616211 0.398828 0.614746 0.402734 0.613281 0.405469 0.610352 0.406641 0.607422 0.410547 0.603027 0.410547 0.602539 0.412891 0.599609
1 0.441016 0.736816 0.439063 0.736328 0.434375 0.73877 0.426563 0.740234 0.423047 0.742188 0.420703 0.745117 0.417578 0.751953 0.417187 0.757324 0.416797 0.757812 0.417187 0.763672 0.417969 0.766113 0.419141 0.768066 0.421094 0.768066 0.421875 0.76709 0.424609 0.765625 0.426172 0.76416 0.428125 0.76123 0.431641 0.751953 0.433984 0.749023 0.435937 0.748047 0.4375 0.746094 0.439844 0.744629 0.441797 0.742188 0.442578 0.739258
1 0.300781 0.712402 0.300781 0.717285 0.301172 0.717773 0.301563 0.720703 0.303516 0.723633 0.305078 0.729004 0.307812 0.73291 0.308984 0.733398 0.310937 0.735352 0.312891 0.736328 0.314844 0.738281 0.317578 0.739746 0.319531 0.741699 0.321875 0.743164 0.326562 0.745117 0.329688 0.745117 0.330859 0.744629 0.330859 0.743164 0.329688 0.739258 0.327734 0.737305 0.326172 0.734375 0.324219 0.731934 0.320312 0.724609 0.317969 0.721191 0.313281 0.718262 0.310156 0.714355 0.304297 0.710938 0.301953 0.710938
1 0.30625 0.73291 0.303125 0.728516 0.300391 0.727539 0.295703 0.724121 0.293359 0.723633 0.292969 0.723145 0.291406 0.723145 0.291016 0.722656 0.289453 0.722656 0.2875 0.72168 0.282813 0.72168 0.282422 0.722168 0.280859 0.722168 0.278906 0.723145 0.275781 0.723633 0.271484 0.727051 0.267188 0.727539 0.263672 0.730469 0.259766 0.732422 0.258203 0.734863 0.257812 0.736816 0.258984 0.738281 0.285156 0.737793 0.285547 0.737305 0.288672 0.737305 0.289062 0.736816 0.291797 0.736816 0.292187 0.736328 0.294922 0.736328 0.295312 0.73584 0.295703 0.736328 0.299219 0.736328 0.299609 0.736816 0.304688 0.736816 0.30625 0.73584
1 0.275781 0.771484 0.276562 0.774902 0.277344 0.775879 0.280078 0.776855 0.282422 0.778809 0.285156 0.780273 0.287109 0.783203 0.288672 0.784668 0.291016 0.786133 0.292187 0.786133 0.294141 0.787109 0.298828 0.787109 0.299219 0.786621 0.302734 0.786133 0.304688 0.784668 0.307031 0.783691 0.310156 0.783203 0.312109 0.781738 0.314063 0.78125 0.315625 0.780273 0.316016 0.779297 0.314453 0.776855 0.310937 0.774902 0.303516 0.774902 0.303125 0.774414 0.3 0.774414 0.299609 0.773926 0.297266 0.773926 0.296875 0.773438 0.286719 0.773438 0.284766 0.771973 0.282422 0.771484 0.282031 0.770996 0.280469 0.770996 0.280078 0.770508 0.278516 0.770508 0.278125 0.770996 0.276562 0.770996
1 0.284375 0.792969 0.282422 0.792969 0.276562 0.79834 0.275 0.800293 0.274609 0.802246 0.272266 0.807617 0.270703 0.813477 0.270313 0.818848 0.269922 0.819336 0.269922 0.822266 0.269531 0.822754 0.269531 0.82666 0.269141 0.827148 0.269141 0.830078 0.270703 0.83252 0.271875 0.83252 0.278906 0.823242 0.283594 0.812012 0.284375 0.809082 0.284375 0.807617 0.284766 0.807129 0.285938 0.797852 0.286328 0.797363 0.286328 0.794922
1 0.232813 0.788086 0.232031 0.789062 0.232031 0.793457 0.234375 0.802246 0.234766 0.80957 0.235156 0.810059 0.235547 0.814453 0.236328 0.815918 0.236328 0.816895 0.240625 0.824219 0.242188 0.826172 0.24375 0.830078 0.244922 0.831055 0.25 0.837891 0.251172 0.838867 0.252344 0.838867 0.253125 0.837891 0.253125 0.836914 0.252734 0.836426 0.252734 0.834961 0.251563 0.830566 0.249609 0.826172 0.249609 0.824707 0.249219 0.824219 0.249219 0.821289 0.248828 0.820801 0.248828 0.813965 0.248438 0.813477 0.248438 0.811523 0.248047 0.811035 0.248047 0.80957 0.247266 0.806641 0.245703 0.804688 0.242578 0.798828 0.239453 0.794922 0.238281 0.791504 0.236328 0.789062
1 0.0929688 0.759766 0.0929688 0.760254 0.0953125 0.763184 0.1 0.765137 0.102344 0.767578 0.107422 0.77002 0.108594 0.77002 0.110156 0.770996 0.119922 0.770508 0.122266 0.771973 0.125391 0.771973 0.126953 0.770996 0.125781 0.766602 0.123047 0.762695 0.119922 0.762695 0.116797 0.759277 0.115234 0.758301 0.114062 0.758301 0.112109 0.757324 0.110547 0.757324 0.110156 0.756836 0.104688 0.756836 0.104297 0.757324 0.102344 0.757324 0.1 0.758301 0.0953125 0.757812
1 0.153906 0.797363 0.151953 0.797852 0.15 0.799805 0.148828 0.803711 0.146094 0.807129 0.145313 0.80957 0.142187 0.814453 0.142187 0.817383 0.141797 0.817871 0.141797 0.820312 0.141406 0.820801 0.141406 0.825195 0.141016 0.825684 0.141016 0.827637 0.140234 0.830078 0.140625 0.834473 0.141797 0.835938 0.14375 0.835449 0.148438 0.831543 0.151953 0.82666 0.153516 0.822266 0.153906 0.818359 0.154297 0.817871 0.154297 0.803711 0.154688 0.803223 0.154297 0.79834
1 0.446484 0.955566 0.444922 0.958008 0.444531 0.960938 0.444141 0.961426 0.444141 0.963379 0.445312 0.966309 0.445312 0.968262 0.444922 0.96875 0.444922 0.974609 0.445312 0.975098 0.445312 0.97998 0.445703 0.980469 0.446094 0.983887 0.449219 0.990723 0.450391 0.996094 0.452344 0.998535 0.452344 1 0.458594 1 0.458594 0.998535 0.459375 0.99707 0.459766 0.993652 0.458594 0.990723 0.458594 0.98877 0.458984 0.988281 0.458594 0.981445 0.458203 0.980957 0.457813 0.977539 0.456641 0.974609 0.45625 0.971191 0.454688 0.968262 0.453516 0.967285 0.452734 0.965332 0.452344 0.960938 0.451172 0.95752 0.448437 0.955566
1 0.529297 0.730957 0.528516 0.731934 0.527734 0.734863 0.527734 0.741699 0.527344 0.742188 0.527344 0.746094 0.527734 0.746582 0.527734 0.748047 0.525391 0.751465 0.525 0.75293 0.525 0.756348 0.524609 0.756836 0.524609 0.766602 0.525 0.76709 0.525391 0.77002 0.526563 0.772461 0.526953 0.774902 0.528516 0.77832 0.530078 0.779785 0.533984 0.780762 0.534375 0.780273 0.536328 0.780273 0.5375 0.779297 0.5375 0.775391 0.535547 0.771484 0.535547 0.769043 0.535156 0.768555 0.535547 0.766602 0.536719 0.76416 0.536719 0.758301 0.537109 0.757812 0.536719 0.751465 0.534766 0.747559 0.534766 0.743164 0.534375 0.742676 0.533984 0.738281 0.533203 0.735352 0.530078 0.730957
1 0.583594 0.785156 0.579688 0.784668 0.578906 0.785645 0.577344 0.790039 0.576172 0.791992 0.575391 0.794922 0.573438 0.797363 0.572266 0.797852 0.571484 0.798828 0.570312 0.804199 0.56875 0.807129 0.568359 0.810547 0.567969 0.811035 0.567969 0.827148 0.567187 0.82959 0.567578 0.83252 0.567969 0.833008 0.569141 0.833008 0.571875 0.830078 0.575391 0.821289 0.580078 0.81543 0.583594 0.809082 0.584375 0.806152 0.584375 0.804199 0.584766 0.803711 0.584766 0.80127 0.585156 0.800781 0.585156 0.79248 0.585547 0.791992 0.585156 0.790527 0.585156 0.787598
1 0.584766 0.790527 0.584375 0.791504 0.585156 0.792969 0.585156 0.794922 0.5875 0.799805 0.5875 0.802246 0.588672 0.806641 0.591016 0.812012 0.591016 0.814453 0.592969 0.817383 0.59375 0.819336 0.594141 0.822754 0.596094 0.82666 0.598437 0.829688 0.600859 0.831641 0.603906 0.83418 0.606719 0.835352 0.608359 0.833594 0.609453 0.829736 0.608359 0.823584 0.605859 0.817432 0.603906 0.812988 0.601953 0.809082 0.600391 0.804688 0.599219 0.803223 0.598437 0.80127 0.594531 0.797363 0.592187 0.791504 0.588672 0.790039 0.585938 0.790039
1 0.630469 0.763672 0.628906 0.762695 0.624609 0.762695 0.624219 0.763184 0.622656 0.763184 0.622266 0.763672 0.619531 0.76416 0.617578 0.765625 0.611719 0.768066 0.60625 0.775391 0.604297 0.780273 0.602734 0.782227 0.601562 0.785156 0.597656 0.791016 0.598828 0.796387 0.600391 0.796875 0.601562 0.795898 0.603516 0.79541 0.612891 0.789062 0.615625 0.788086 0.617969 0.785645 0.620313 0.78418 0.623828 0.778809 0.625391 0.774902 0.630469 0.768066
1 0.785937 0.571777 0.786328 0.57373 0.792188 0.581543 0.794141 0.583496 0.796875 0.584961 0.797656 0.585938 0.800781 0.587402 0.803906 0.587402 0.804297 0.586914 0.809375 0.585938 0.810937 0.584961 0.8125 0.58252 0.813672 0.581543 0.815234 0.581055 0.816406 0.57959 0.817187 0.577148 0.817187 0.576172 0.816406 0.575195 0.815234 0.574707 0.807031 0.575195 0.806641 0.574707 0.805078 0.574707 0.803125 0.57373 0.801172 0.57373 0.800781 0.573242 0.798828 0.573242 0.796875 0.572266 0.795312 0.572266 0.79375 0.571289 0.790625 0.570801 0.790234 0.570312 0.787109 0.570312 0.786328 0.570801
1 0.8125 0.625977 0.808203 0.626465 0.803516 0.628906 0.801953 0.630859 0.801953 0.631836 0.800391 0.635742 0.8 0.640625 0.800391 0.641113 0.800391 0.646973 0.801172 0.648926 0.801172 0.654297 0.802734 0.657227 0.805469 0.656738 0.80625 0.65625 0.806641 0.655273 0.807422 0.650391 0.810547 0.643066 0.812109 0.633301 0.813281 0.631348 0.814063 0.628906 0.814063 0.626953
1 0.790625 0.647949 0.790625 0.646484 0.788672 0.644531 0.7875 0.641602 0.787109 0.641602 0.783984 0.637695 0.781641 0.636719 0.780469 0.635254 0.778906 0.634277 0.778125 0.634766 0.771484 0.634766 0.771094 0.635254 0.766406 0.635254 0.766016 0.635742 0.759375 0.63623 0.758984 0.636719 0.755078 0.637207 0.752344 0.638672 0.752344 0.639648 0.753125 0.640625 0.753516 0.64209 0.754297 0.643066 0.755469 0.643555 0.762891 0.643555 0.763281 0.644043 0.765234 0.644043 0.76875 0.645508 0.773438 0.645996 0.773828 0.646484 0.775781 0.646484 0.776172 0.646973 0.778125 0.646973 0.778516 0.647461 0.781641 0.647461 0.782031 0.647949 0.785547 0.647949 0.785937 0.648438 0.789453 0.648438
1 0.701172 0.690918 0.698047 0.691895 0.696875 0.693359 0.696484 0.697266 0.696094 0.697754 0.696094 0.700684 0.695312 0.702637 0.692969 0.705078 0.692187 0.70752 0.689453 0.712891 0.689063 0.71582 0.688672 0.716309 0.688672 0.718262 0.684766 0.728027 0.684375 0.737305 0.685156 0.738281 0.686328 0.738281 0.6875 0.73584 0.689844 0.73291 0.691016 0.72998 0.694531 0.725586 0.696875 0.724121 0.699609 0.721191 0.701953 0.716309 0.702344 0.711426 0.702734 0.710938 0.702734 0.692871 0.702344 0.691895
1 0.948438 0.685547 0.947656 0.68457 0.945312 0.684082 0.944922 0.683594 0.943359 0.683594 0.942969 0.683105 0.938281 0.683105 0.936328 0.684082 0.934766 0.684082 0.934375 0.68457 0.931641 0.685059 0.930078 0.686523 0.925 0.689453 0.923047 0.691895 0.922656 0.693848 0.919141 0.702637 0.916406 0.708008 0.916016 0.709961 0.915234 0.711426 0.915234 0.713379 0.916016 0.714355 0.917578 0.714355 0.917969 0.713867 0.919531 0.713867 0.920312 0.713379 0.922656 0.709961 0.924219 0.708984 0.925391 0.70752 0.934766 0.70166 0.935937 0.700195 0.9375 0.696289 0.941406 0.691895 0.942969 0.690918 0.948828 0.689941 0.949219 0.688477
1 0.932813 0.946777 0.932813 0.947754 0.933594 0.949219 0.935156 0.955078 0.9375 0.95752 0.939453 0.961914 0.941406 0.964355 0.946484 0.968262 0.948828 0.96875 0.950391 0.969727 0.956641 0.970215 0.957031 0.969727 0.958984 0.969727 0.962109 0.967773 0.966406 0.966797 0.967187 0.963379 0.966406 0.962402 0.9625 0.962402 0.960938 0.961426 0.956641 0.956543 0.951562 0.952637 0.949219 0.952148 0.944531 0.950195 0.943359 0.949219 0.941406 0.94873 0.935547 0.944824 0.933594 0.945312
1 0.668359 0.560059 0.667578 0.561035 0.667578 0.5625 0.667969 0.562988 0.667969 0.569824 0.668359 0.570312 0.668359 0.572754 0.66875 0.573242 0.669141 0.577637 0.670312 0.581055 0.671875 0.583008 0.672656 0.584961 0.676953 0.588867 0.682422 0.590332 0.682813 0.59082 0.683984 0.59082 0.684375 0.591309 0.685937 0.591309 0.686328 0.591797 0.688281 0.591797 0.689063 0.592285 0.689453 0.591309 0.6875 0.589844 0.686719 0.586914 0.684375 0.584961 0.680859 0.580566 0.677734 0.573242 0.675 0.569824 0.674609 0.568359 0.672656 0.56543 0.671094 0.561035 0.670312 0.560059
1 0.673047 0.547852 0.672656 0.5625 0.675 0.568359 0.678906 0.574707 0.68125 0.577637 0.685937 0.580078 0.690625 0.580078 0.691016 0.580566 0.69375 0.580566 0.694141 0.581055 0.699219 0.581543 0.699609 0.582031 0.701953 0.582031 0.703516 0.580566 0.703516 0.57959 0.700391 0.575195 0.698828 0.574219 0.696484 0.571777 0.690234 0.563477 0.688672 0.5625 0.686328 0.55957 0.684766 0.556641 0.683203 0.555664 0.680469 0.552246 0.678516 0.547363 0.677344 0.545898 0.674219 0.545898
