1 0.622656 0.841309 0.621094 0.841309 0.620703 0.841797 0.619922 0.841797 0.619531 0.842285 0.619531 0.843262 0.619141 0.84375 0.619141 0.845215 0.61875 0.845703 0.61875 0.846191 0.618359 0.84668 0.618359 0.848145 0.617969 0.848633 0.617969 0.849609 0.617578 0.850098 0.617578 0.851074 0.617188 0.851562 0.617188 0.852051 0.616797 0.852539 0.616797 0.853027 0.616406 0.853516 0.616406 0.854492 0.616016 0.85498 0.616016 0.855957 0.615625 0.856445 0.615625 0.85791 0.615234 0.858398 0.615234 0.858887 0.614844 0.859375 0.614844 0.86084 0.614453 0.861328 0.614453 0.865234 0.614844 0.865723 0.614844 0.867676 0.615234 0.868164 0.615234 0.869629 0.615625 0.870117 0.615625 0.87207 0.616016 0.872559 0.616016 0.873535 0.616406 0.874023 0.616406 0.875 0.616797 0.875488 0.616797 0.875977 0.618359 0.87793 0.619531 0.87793 0.619922 0.877441 0.619922 0.876953 0.620313 0.876465 0.620313 0.875977 0.621094 0.875 0.621094 0.874512 0.621484 0.874023 0.621484 0.873535 0.621875 0.873047 0.621875 0.872559 0.622266 0.87207 0.622266 0.871582 0.622656 0.871094 0.622656 0.870117 0.623047 0.869629 0.623047 0.869141 0.623437 0.868652 0.623437 0.868164 0.623828 0.867676 0.623828 0.867188 0.624219 0.866699 0.624219 0.866211 0.624609 0.865723 0.624609 0.864746 0.625 0.864258 0.625 0.863281 0.625391 0.862793 0.625391 0.861816 0.625781 0.861328 0.625781 0.860352 0.626172 0.859863 0.626172 0.858887 0.626563 0.858398 0.626563 0.851074 0.626172 0.850586 0.626172 0.849121 0.625781 0.848633 0.625781 0.847656 0.625391 0.847168 0.625391 0.84668 0.625 0.846191 0.625 0.845703 0.624609 0.845215 0.624609 0.844727 0.623828 0.84375 0.623828 0.843262 0.623437 0.842773 0.623437 0.842285
1 0.205078 0.701172 0.205078 0.70166 0.205469 0.702148 0.205469 0.702637 0.206641 0.704102 0.206641 0.70459 0.207813 0.706055 0.208203 0.706055 0.208594 0.706543 0.208984 0.706543 0.209375 0.707031 0.210156 0.707031 0.210547 0.70752 0.210938 0.70752 0.212109 0.708984 0.2125 0.708984 0.212891 0.709473 0.213281 0.709473 0.213672 0.709961 0.214062 0.709961 0.214453 0.710449 0.214844 0.710449 0.216406 0.712402 0.216797 0.712402 0.217578 0.713379 0.217969 0.713379 0.218359 0.713867 0.21875 0.713867 0.219141 0.714355 0.219531 0.714355 0.219922 0.714844 0.220703 0.714844 0.221094 0.715332 0.225 0.715332 0.225391 0.71582 0.226953 0.71582 0.227344 0.716309 0.23125 0.716309 0.231641 0.71582 0.233984 0.71582 0.234375 0.715332 0.238281 0.715332 0.238672 0.71582 0.239844 0.71582 0.240234 0.716309 0.240625 0.716309 0.241016 0.716797 0.241406 0.716797 0.241797 0.717285 0.242188 0.717285 0.242578 0.717773 0.243359 0.717773 0.24375 0.718262 0.245312 0.718262 0.245703 0.71875 0.246484 0.71875 0.246875 0.719238 0.247656 0.719238 0.248047 0.719727 0.250391 0.719727 0.250781 0.720215 0.251953 0.720215 0.252344 0.719727 0.252734 0.719727 0.253125 0.719238 0.253125 0.71875 0.253516 0.718262 0.253516 0.716309 0.253125 0.71582 0.253125 0.715332 0.252344 0.714355 0.251953 0.714355 0.250781 0.712891 0.250391 0.712891 0.249609 0.711914 0.249219 0.711914 0.248438 0.710938 0.248047 0.710938 0.247656 0.710449 0.246875 0.710449 0.246484 0.709961 0.246094 0.709961 0.245703 0.709473 0.245312 0.709473 0.244922 0.708984 0.244531 0.708984 0.244141 0.708496 0.24375 0.708496 0.243359 0.708008 0.242578 0.708008 0.242188 0.70752 0.241797 0.70752 0.241016 0.706543 0.240625 0.706543 0.239453 0.705078 0.239063 0.705078 0.238672 0.70459 0.238281 0.70459 0.237891 0.704102 0.2375 0.704102 0.237109 0.703613 0.236719 0.703613 0.236328 0.703125 0.235937 0.703125 0.235547 0.702637 0.234766 0.702637 0.234375 0.702148 0.233984 0.702148 0.233594 0.70166 0.232813 0.70166 0.232422 0.701172 0.229687 0.701172 0.229297 0.700684 0.220312 0.700684 0.219922 0.701172 0.21875 0.701172 0.218359 0.70166 0.217578 0.70166 0.217188 0.702148 0.213672 0.702148 0.213281 0.70166 0.212109 0.70166 0.211719 0.701172 0.211328 0.701172 0.210938 0.700684 0.210156 0.700684 0.209766 0.700195 0.205469 0.700195 0.205469 0.700684
1 0.260547 0.835449 0.259375 0.835449 0.258984 0.835938 0.258594 0.835938 0.257812 0.836914 0.257422 0.836914 0.256641 0.837891 0.25625 0.837891 0.255859 0.838379 0.255469 0.838379 0.254297 0.839844 0.253906 0.839844 0.253125 0.84082 0.252734 0.84082 0.251563 0.842285 0.251172 0.842285 0.25 0.84375 0.249609 0.84375 0.249219 0.844238 0.248828 0.844238 0.248438 0.844727 0.248047 0.844727 0.247656 0.845215 0.247266 0.845215 0.246875 0.845703 0.246484 0.845703 0.245312 0.847168 0.244922 0.847168 0.24375 0.848633 0.24375 0.849121 0.243359 0.849609 0.243359 0.850098 0.242969 0.850586 0.242969 0.851074 0.242578 0.851562 0.242578 0.852051 0.242188 0.852539 0.242188 0.853027 0.241797 0.853516 0.241797 0.85498 0.241406 0.855469 0.241406 0.856445 0.241016 0.856934 0.241016 0.85791 0.240625 0.858398 0.240625 0.859863 0.240234 0.860352 0.240234 0.861328 0.239844 0.861816 0.239844 0.862793 0.239453 0.863281 0.239453 0.864258 0.239063 0.864746 0.239063 0.866211 0.238672 0.866699 0.238672 0.867676 0.238281 0.868164 0.238281 0.871582 0.238672 0.87207 0.238672 0.873047 0.239063 0.873535 0.239063 0.874023 0.239453 0.874512 0.239844 0.874512 0.240625 0.873535 0.241016 0.873535 0.241016 0.873047 0.241406 0.872559 0.241406 0.87207 0.241797 0.871582 0.241797 0.871094 0.242188 0.870605 0.242188 0.870117 0.242578 0.869629 0.242578 0.869141 0.245312 0.865723 0.245703 0.865723 0.247266 0.86377 0.247656 0.86377 0.248047 0.863281 0.248438 0.863281 0.253516 0.856934 0.253516 0.856445 0.254688 0.85498 0.254688 0.854492 0.255078 0.854004 0.255078 0.853516 0.255469 0.853027 0.255469 0.852539 0.255859 0.852051 0.255859 0.851562 0.25625 0.851074 0.25625 0.850586 0.256641 0.850098 0.256641 0.849609 0.257031 0.849121 0.257031 0.848145 0.257422 0.847656 0.257422 0.847168 0.257812 0.84668 0.257812 0.845703 0.258203 0.845215 0.258203 0.844238 0.258594 0.84375 0.258594 0.843262 0.260156 0.841309 0.260156 0.84082 0.260937 0.839844 0.260937 0.839355 0.261328 0.838867 0.261328 0.836914 0.260937 0.836426 0.260937 0.835938
1 0.00390625 0.87207 0.00390625 0.875488 0.00429688 0.875977 0.00429688 0.876953 0.0046875 0.877441 0.0046875 0.87793 0.00742187 0.881348 0.0078125 0.881348 0.00898437 0.882812 0.009375 0.882812 0.00976562 0.883301 0.0105469 0.883301 0.0109375 0.883789 0.0117188 0.883789 0.0121094 0.884277 0.0125 0.884277 0.0128906 0.884766 0.0144531 0.884766 0.0148437 0.885254 0.0222656 0.885254 0.0226562 0.884766 0.0242188 0.884766 0.0246094 0.884277 0.0265625 0.884277 0.0269531 0.883789 0.0289063 0.883789 0.0300781 0.882324 0.0300781 0.879883 0.0296875 0.879395 0.0292969 0.879395 0.0285156 0.878418 0.0277344 0.878418 0.0273438 0.87793 0.0269531 0.87793 0.0265625 0.877441 0.0261719 0.877441 0.0257812 0.876953 0.0253906 0.876953 0.025 0.876465 0.0246094 0.876465 0.0242188 0.875977 0.0238281 0.875977 0.0234375 0.875488 0.0230469 0.875488 0.0226562 0.875 0.0222656 0.875 0.0214844 0.874023 0.0210938 0.874023 0.0207031 0.873535 0.0203125 0.873535 0.0199219 0.873047 0.0195312 0.873047 0.0191406 0.872559 0.01875 0.872559 0.0183594 0.87207 0.0175781 0.87207 0.0171875 0.871582 0.0160156 0.871582 0.015625 0.871094 0.0152344 0.871094 0.0148437 0.870605 0.0140625 0.870605 0.0136719 0.870117 0.0125 0.870117 0.0121094 0.869629 0.0101563 0.869629 0.00976562 0.869141 0.00820313 0.869141 0.0078125 0.869629 0.00546875 0.869629 0.00429688 0.871094 0.00429688 0.871582
1 0.982422 0.893066 0.981641 0.89209 0.980469 0.89209 0.980078 0.891602 0.978125 0.891602 0.977734 0.891113 0.970703 0.891113 0.970313 0.891602 0.969141 0.891602 0.96875 0.89209 0.967187 0.89209 0.966797 0.892578 0.966016 0.892578 0.965625 0.893066 0.964844 0.893066 0.964453 0.893555 0.963672 0.893555 0.963281 0.894043 0.962891 0.894043 0.9625 0.894531 0.962109 0.894531 0.957031 0.900879 0.956641 0.900879 0.955469 0.902344 0.955469 0.902832 0.954688 0.903809 0.954688 0.904297 0.954297 0.904785 0.954297 0.905273 0.953906 0.905762 0.953906 0.906738 0.953516 0.907227 0.953516 0.907715 0.953125 0.908203 0.953125 0.908691 0.952734 0.90918 0.952734 0.909668 0.951953 0.910645 0.951953 0.911133 0.951172 0.912109 0.951172 0.912598 0.950391 0.913574 0.950391 0.914062 0.949219 0.915527 0.949219 0.916016 0.948828 0.916504 0.948828 0.916992 0.948438 0.91748 0.948438 0.917969 0.947656 0.918945 0.947656 0.922852 0.948047 0.92334 0.949219 0.92334 0.949609 0.923828 0.951172 0.923828 0.951562 0.92334 0.951953 0.92334 0.953125 0.921875 0.953516 0.921875 0.953906 0.921387 0.954297 0.921387 0.954688 0.920898 0.955078 0.920898 0.955469 0.92041 0.955859 0.92041 0.95625 0.919922 0.956641 0.919922 0.957031 0.919434 0.957422 0.919434 0.957812 0.918945 0.958203 0.918945 0.958984 0.917969 0.959375 0.917969 0.959766 0.91748 0.960156 0.91748 0.960938 0.916504 0.961328 0.916504 0.961719 0.916016 0.962109 0.916016 0.9625 0.915527 0.962891 0.915527 0.963672 0.914551 0.964063 0.914551 0.964844 0.913574 0.965234 0.913574 0.968359 0.909668 0.968359 0.90918 0.969531 0.907715 0.969531 0.907227 0.970703 0.905762 0.971094 0.905762 0.972266 0.904297 0.972656 0.904297 0.974219 0.902344 0.974609 0.902344 0.975781 0.900879 0.976172 0.900879 0.976953 0.899902 0.977344 0.899902 0.978125 0.898926 0.978906 0.898926 0.979297 0.898438 0.979688 0.898438 0.980078 0.897949 0.980469 0.897949 0.980859 0.897461 0.98125 0.897461 0.981641 0.896973 0.982031 0.896973 0.982422 0.896484
0 0.827734 0.551758 0.826953 0.550781 0.825391 0.550781 0.824609 0.551758 0.824219 0.551758 0.823828 0.552246 0.823047 0.552246 0.822656 0.552734 0.822266 0.552734 0.821875 0.553223 0.821484 0.553223 0.820703 0.554199 0.820312 0.554199 0.819922 0.554688 0.819531 0.554688 0.819141 0.555176 0.81875 0.555176 0.818359 0.555664 0.817578 0.555664 0.816406 0.557129 0.816016 0.557129 0.814844 0.558594 0.814844 0.559082 0.814063 0.560059 0.814063 0.560547 0.813672 0.561035 0.813672 0.561523 0.812891 0.5625 0.812891 0.562988 0.808203 0.568848 0.807813 0.568848 0.807031 0.569824 0.806641 0.569824 0.80625 0.570312 0.805859 0.570312 0.805469 0.570801 0.804688 0.570801 0.804297 0.571289 0.803516 0.571289 0.803125 0.571777 0.802734 0.571777 0.801953 0.572754 0.801953 0.575684 0.802344 0.575684 0.802734 0.576172 0.813672 0.576172 0.814063 0.575684 0.815625 0.575684 0.816016 0.575195 0.816797 0.575195 0.817187 0.574707 0.817969 0.574707 0.818359 0.574219 0.81875 0.574219 0.819531 0.573242 0.819922 0.573242 0.821094 0.571777 0.821484 0.571777 0.822656 0.570312 0.823047 0.570312 0.823438 0.569824 0.823828 0.569824 0.824609 0.568848 0.825 0.568848 0.825781 0.567871 0.825781 0.567383 0.826562 0.566406 0.826562 0.565918 0.826953 0.56543 0.826953 0.563965 0.827344 0.563477 0.827344 0.562012 0.827734 0.561523 0.827734 0.55957 0.828125 0.559082 0.828125 0.552734 0.827734 0.552246
1 0.805078 0.505371 0.805078 0.506836 0.805469 0.507324 0.805469 0.508301 0.805859 0.508789 0.805859 0.509277 0.80625 0.509766 0.80625 0.510254 0.814453 0.520508 0.814453 0.520996 0.814844 0.521484 0.815234 0.521484 0.816016 0.522461 0.816406 0.522461 0.817187 0.523438 0.817578 0.523438 0.817969 0.523926 0.818359 0.523926 0.819141 0.524902 0.819531 0.524902 0.820312 0.525879 0.820703 0.525879 0.821094 0.526367 0.821484 0.526367 0.821875 0.526855 0.823047 0.526855 0.823438 0.527344 0.825 0.527344 0.825391 0.527832 0.828906 0.527832 0.829297 0.527344 0.832031 0.527344 0.832422 0.526855 0.839453 0.526855 0.839844 0.526367 0.841406 0.526367 0.842187 0.525391 0.842187 0.524902 0.841797 0.524414 0.841797 0.523926 0.841406 0.523438 0.841406 0.522949 0.840625 0.521973 0.840234 0.521973 0.839844 0.521484 0.839453 0.521484 0.839063 0.520996 0.838672 0.520996 0.838281 0.520508 0.8375 0.520508 0.837109 0.52002 0.836328 0.52002 0.835938 0.519531 0.835547 0.519531 0.835156 0.519043 0.834766 0.519043 0.834375 0.518555 0.833984 0.518555 0.833203 0.517578 0.832812 0.517578 0.832422 0.51709 0.832031 0.51709 0.831641 0.516602 0.83125 0.516602 0.830859 0.516113 0.830078 0.516113 0.829688 0.515625 0.829297 0.515625 0.828906 0.515137 0.828516 0.515137 0.828125 0.514648 0.827734 0.514648 0.827344 0.51416 0.826953 0.51416 0.826562 0.513672 0.826172 0.513672 0.825781 0.513184 0.824609 0.513184 0.824219 0.512695 0.822656 0.512695 0.822266 0.512207 0.821094 0.512207 0.820703 0.511719 0.819922 0.511719 0.819531 0.51123 0.819141 0.51123 0.81875 0.510742 0.817969 0.510742 0.817578 0.510254 0.817187 0.510254 0.816797 0.509766 0.816016 0.509766 0.815625 0.509277 0.815234 0.509277 0.814844 0.508789 0.814453 0.508789 0.814063 0.508301 0.813672 0.508301 0.812891 0.507324 0.8125 0.507324 0.811719 0.506348 0.811328 0.506348 0.810937 0.505859 0.810547 0.505859 0.810156 0.505371 0.809375 0.505371 0.808984 0.504883 0.808203 0.504883 0.807813 0.504395 0.805859 0.504395
1 0.55 0.235352 0.549219 0.235352 0.548828 0.234863 0.548047 0.234863 0.547656 0.235352 0.546094 0.235352 0.545703 0.23584 0.544531 0.23584 0.544141 0.236328 0.54375 0.236328 0.543359 0.236816 0.542578 0.236816 0.542188 0.237305 0.541406 0.237305 0.541016 0.237793 0.540625 0.237793 0.540234 0.238281 0.539844 0.238281 0.539453 0.23877 0.539062 0.23877 0.538281 0.239746 0.537891 0.239746 0.537109 0.240723 0.536719 0.240723 0.535937 0.241699 0.535547 0.241699 0.534766 0.242676 0.534375 0.242676 0.533984 0.243164 0.533594 0.243164 0.532422 0.244629 0.532422 0.245117 0.532031 0.245605 0.532031 0.246094 0.531641 0.246582 0.531641 0.24707 0.53125 0.247559 0.53125 0.248047 0.530859 0.248535 0.530859 0.249023 0.528906 0.251465 0.528906 0.251953 0.528516 0.252441 0.528516 0.253418 0.528125 0.253906 0.528125 0.254883 0.527734 0.255371 0.527734 0.256348 0.527344 0.256836 0.527344 0.257812 0.526953 0.258301 0.526953 0.258789 0.526563 0.259277 0.526563 0.260742 0.527344 0.261719 0.527344 0.262207 0.527734 0.262695 0.527734 0.263184 0.529297 0.265137 0.530469 0.265137 0.530859 0.264648 0.53125 0.264648 0.531641 0.26416 0.532422 0.26416 0.532813 0.263672 0.533203 0.263672 0.533984 0.262695 0.534375 0.262695 0.535937 0.260742 0.536328 0.260742 0.537891 0.258789 0.537891 0.258301 0.541016 0.254395 0.541406 0.254395 0.545703 0.249023 0.545703 0.248535 0.546094 0.248047 0.546094 0.247559 0.546484 0.24707 0.546484 0.246094 0.546875 0.245605 0.546875 0.244141 0.547266 0.243652 0.547266 0.243164 0.547656 0.242676 0.547656 0.242188 0.548828 0.240723 0.548828 0.240234 0.549219 0.239746 0.549219 0.239258 0.549609 0.23877 0.549609 0.238281 0.55 0.237793 0.55 0.237305 0.550391 0.236816 0.550391 0.236328 0.55 0.23584
1 0.330859 0.21582 0.330078 0.21582 0.329688 0.215332 0.329297 0.215332 0.328906 0.21582 0.328125 0.21582 0.327734 0.216309 0.326953 0.216309 0.326562 0.216797 0.325781 0.216797 0.325391 0.217285 0.325 0.217285 0.324609 0.217773 0.323828 0.217773 0.323437 0.218262 0.322656 0.218262 0.322266 0.21875 0.321094 0.21875 0.320703 0.219238 0.31875 0.219238 0.318359 0.219727 0.315625 0.219727 0.315234 0.220215 0.314063 0.220215 0.313672 0.220703 0.313281 0.220703 0.312891 0.221191 0.3125 0.221191 0.310937 0.223145 0.310547 0.223145 0.307812 0.226562 0.307422 0.226562 0.306641 0.227539 0.30625 0.227539 0.30625 0.228027 0.305859 0.228516 0.305859 0.229004 0.305469 0.229492 0.305469 0.230469 0.305078 0.230957 0.305078 0.23291 0.304688 0.233398 0.304688 0.240234 0.305078 0.240723 0.305078 0.242676 0.305469 0.243164 0.305469 0.244141 0.305859 0.244629 0.305859 0.245117 0.30625 0.245117 0.306641 0.245605 0.308594 0.245605 0.308984 0.245117 0.309766 0.245117 0.310547 0.244141 0.310547 0.243164 0.310937 0.242676 0.310937 0.241699 0.311328 0.241211 0.311328 0.240723 0.313281 0.238281 0.313672 0.238281 0.314844 0.236816 0.315234 0.236816 0.317188 0.234375 0.317578 0.234375 0.318359 0.233398 0.31875 0.233398 0.319922 0.231934 0.319922 0.231445 0.321094 0.22998 0.321094 0.229492 0.323828 0.226074 0.324219 0.226074 0.324609 0.225586 0.325 0.225586 0.325391 0.225098 0.325781 0.225098 0.328906 0.221191 0.328906 0.220703 0.329688 0.219727 0.329688 0.219238 0.330859 0.217773
1 0.114844 0.344727 0.114844 0.34668 0.115234 0.347168 0.115234 0.347656 0.116016 0.348633 0.116016 0.349121 0.116406 0.349609 0.116406 0.350098 0.116797 0.350586 0.116797 0.351074 0.117578 0.352051 0.117578 0.352539 0.117969 0.353027 0.117969 0.353516 0.118359 0.354004 0.118359 0.354492 0.119141 0.355469 0.119141 0.355957 0.120703 0.35791 0.120703 0.358398 0.123438 0.361816 0.123828 0.361816 0.124609 0.362793 0.125 0.362793 0.125781 0.36377 0.126172 0.36377 0.126562 0.364258 0.126953 0.364258 0.127344 0.364746 0.128125 0.364746 0.128516 0.365234 0.129297 0.365234 0.129688 0.365723 0.131641 0.365723 0.132031 0.366211 0.138281 0.366211 0.138672 0.365723 0.139844 0.365723 0.140234 0.365234 0.140625 0.365234 0.141406 0.364258 0.141797 0.364258 0.143359 0.362305 0.143359 0.360352 0.140625 0.356934 0.140234 0.356934 0.139844 0.356445 0.139453 0.356445 0.138672 0.355469 0.138281 0.355469 0.137891 0.35498 0.1375 0.35498 0.137109 0.354492 0.136719 0.354492 0.136328 0.354004 0.135937 0.354004 0.135547 0.353516 0.134766 0.353516 0.134375 0.353027 0.133594 0.353027 0.133203 0.352539 0.132422 0.352539 0.132031 0.352051 0.130859 0.352051 0.130469 0.351562 0.130078 0.351562 0.129688 0.351074 0.128906 0.351074 0.128516 0.350586 0.128125 0.350586 0.127734 0.350098 0.127344 0.350098 0.126953 0.349609 0.126562 0.349609 0.126172 0.349121 0.125781 0.349121 0.125391 0.348633 0.125 0.348633 0.124609 0.348145 0.124219 0.348145 0.123828 0.347656 0.123438 0.347656 0.123047 0.347168 0.122656 0.347168 0.122266 0.34668 0.121875 0.34668 0.121094 0.345703 0.120703 0.345703 0.120313 0.345215 0.119922 0.345215 0.119531 0.344727 0.117969 0.344727 0.117578 0.344238 0.115234 0.344238
0 0.486719 0.342773 0.486719 0.345703 0.487891 0.347168 0.488281 0.347168 0.488672 0.347656 0.489063 0.347656 0.489453 0.348145 0.489844 0.348145 0.492188 0.351074 0.492578 0.351074 0.492969 0.351562 0.493359 0.351562 0.49375 0.352051 0.494141 0.352051 0.494531 0.352539 0.494922 0.352539 0.495312 0.353027 0.495703 0.353027 0.496094 0.353516 0.496484 0.353516 0.496875 0.354004 0.497266 0.354004 0.497656 0.354492 0.498047 0.354492 0.498437 0.35498 0.499219 0.35498 0.499609 0.355469 0.500391 0.355469 0.500781 0.355957 0.503516 0.355957 0.503906 0.355469 0.504687 0.355469 0.505078 0.35498 0.505859 0.35498 0.50625 0.354492 0.506641 0.354492 0.507031 0.354004 0.507422 0.354004 0.507812 0.353516 0.508203 0.353516 0.508594 0.353027 0.508984 0.353027 0.509375 0.352539 0.509766 0.352539 0.510156 0.352051 0.510938 0.352051 0.511328 0.351562 0.512109 0.351562 0.5125 0.351074 0.513281 0.351074 0.514453 0.349609 0.514844 0.349609 0.514844 0.349121 0.515625 0.348145 0.515625 0.347656 0.516016 0.347168 0.516016 0.345703 0.515625 0.345703 0.514844 0.344727 0.514062 0.344727 0.513672 0.344238 0.513281 0.344238 0.512891 0.34375 0.5125 0.34375 0.511719 0.342773 0.511328 0.342773 0.510938 0.342285 0.510547 0.342285 0.509766 0.341309 0.509375 0.341309 0.508984 0.34082 0.508594 0.34082 0.508203 0.340332 0.507812 0.340332 0.507422 0.339844 0.507031 0.339844 0.50625 0.338867 0.505859 0.338867 0.505469 0.338379 0.504687 0.338379 0.504297 0.337891 0.503516 0.337891 0.503125 0.337402 0.499609 0.337402 0.499219 0.336914 0.498437 0.336914 0.498047 0.337402 0.495312 0.337402 0.494922 0.337891 0.49375 0.337891 0.493359 0.338379 0.492969 0.338379 0.492578 0.338867 0.492188 0.338867 0.491797 0.339355 0.491406 0.339355 0.490625 0.340332 0.490234 0.340332 0.489844 0.34082 0.489453 0.34082 0.489063 0.341309 0.488281 0.341309 0.487891 0.341797 0.4875 0.341797
0 0.553516 0.251953 0.553125 0.251953 0.551953 0.253418 0.551953 0.254395 0.551562 0.254883 0.551562 0.255371 0.551172 0.255859 0.551172 0.256348 0.550781 0.256836 0.550781 0.257324 0.55 0.258301 0.55 0.258789 0.549219 0.259766 0.549219 0.260254 0.547656 0.262207 0.547656 0.262695 0.544922 0.266113 0.544531 0.266113 0.543359 0.267578 0.543359 0.268066 0.541016 0.270996 0.541016 0.271484 0.540625 0.271973 0.540625 0.272461 0.540234 0.272949 0.540234 0.273926 0.539453 0.274902 0.539453 0.275391 0.539062 0.275879 0.539062 0.276367 0.538672 0.276855 0.538672 0.277344 0.537891 0.27832 0.537891 0.278809 0.536719 0.280273 0.536328 0.280273 0.535937 0.280762 0.535547 0.280762 0.535156 0.28125 0.534766 0.28125 0.534375 0.281738 0.533984 0.281738 0.533203 0.282715 0.533203 0.283203 0.532813 0.283691 0.532813 0.28418 0.532422 0.284668 0.532422 0.285645 0.532031 0.286133 0.532031 0.287598 0.532422 0.288086 0.532422 0.288574 0.533594 0.290039 0.535547 0.290039 0.535937 0.290527 0.5375 0.290527 0.537891 0.290039 0.538672 0.290039 0.539062 0.289551 0.539844 0.289551 0.540234 0.289062 0.541016 0.289062 0.541406 0.288574 0.542578 0.288574 0.542969 0.288086 0.544531 0.288086 0.544922 0.287598 0.545312 0.287598 0.546094 0.286621 0.546094 0.286133 0.547656 0.28418 0.548047 0.28418 0.549609 0.282227 0.549609 0.281738 0.550781 0.280273 0.551172 0.280273 0.552734 0.27832 0.552734 0.277344 0.553125 0.276855 0.553125 0.276367 0.553516 0.275879 0.553516 0.274414 0.553906 0.273926 0.553906 0.272461 0.554297 0.271973 0.554297 0.27002 0.554688 0.269531 0.554688 0.265625 0.555078 0.265137 0.555078 0.262207 0.555469 0.261719 0.555469 0.260254 0.555859 0.259766 0.555859 0.257324 0.55625 0.256836 0.55625 0.255371
0 0.701953 0.371582 0.7 0.371582 0.699219 0.372559 0.698828 0.372559 0.698438 0.373047 0.698047 0.373047 0.697266 0.374023 0.696875 0.374023 0.696094 0.375 0.696094 0.375488 0.694922 0.376953 0.694922 0.377441 0.694141 0.378418 0.694141 0.378906 0.69375 0.379395 0.69375 0.379883 0.693359 0.380371 0.693359 0.380859 0.692969 0.381348 0.692969 0.381836 0.692578 0.382324 0.692578 0.382812 0.692187 0.383301 0.692187 0.384277 0.691797 0.384766 0.691797 0.387207 0.691406 0.387695 0.691406 0.391602 0.691016 0.39209 0.691016 0.393066 0.691406 0.393555 0.691406 0.397949 0.691797 0.398438 0.691797 0.400391 0.692187 0.400879 0.692187 0.402344 0.692578 0.402832 0.692578 0.404297 0.692969 0.404785 0.692969 0.405273 0.693359 0.405762 0.693359 0.40625 0.69375 0.406738 0.69375 0.407227 0.694141 0.407715 0.694141 0.408203 0.694531 0.408691 0.694531 0.40918 0.694922 0.409668 0.694922 0.410156 0.695312 0.410645 0.695312 0.411133 0.695703 0.411621 0.695703 0.412109 0.696094 0.412598 0.696094 0.413086 0.696484 0.413574 0.696484 0.414551 0.697266 0.415527 0.698047 0.415527 0.698438 0.415039 0.698438 0.414551 0.698828 0.414062 0.698828 0.413574 0.699219 0.413086 0.699219 0.412598 0.699609 0.412109 0.699609 0.411621 0.7 0.411133 0.7 0.410645 0.700391 0.410156 0.700391 0.409668 0.700781 0.40918 0.700781 0.408203 0.701172 0.407715 0.701172 0.407227 0.701562 0.406738 0.701562 0.40625 0.701953 0.405762 0.701953 0.405273 0.702344 0.404785 0.702344 0.403809 0.702734 0.40332 0.702734 0.401855 0.703125 0.401367 0.703125 0.399902 0.703516 0.399414 0.703516 0.397949 0.703906 0.397461 0.703906 0.39502 0.704297 0.394531 0.704297 0.390137 0.704688 0.389648 0.704688 0.387207 0.704297 0.386719 0.704297 0.379395 0.703906 0.378906 0.703906 0.376953 0.703516 0.376465 0.703516 0.375 0.703125 0.374512 0.703125 0.374023 0.702734 0.373535 0.702734 0.373047 0.702344 0.372559 0.702344 0.37207
0 0.679297 0.578125 0.676953 0.578125 0.676172 0.579102 0.676172 0.57959 0.675391 0.580566 0.675391 0.581055 0.675 0.581543 0.675 0.582031 0.674609 0.58252 0.674609 0.583008 0.674219 0.583496 0.674219 0.583984 0.673828 0.584473 0.673828 0.584961 0.673047 0.585938 0.673047 0.586426 0.672656 0.586914 0.672656 0.587891 0.672266 0.588379 0.672266 0.589355 0.671875 0.589844 0.671875 0.591309 0.671484 0.591797 0.671484 0.593262 0.671094 0.59375 0.671094 0.597168 0.670703 0.597656 0.670703 0.605469 0.671094 0.605957 0.671094 0.60791 0.671484 0.608398 0.671484 0.609375 0.672266 0.610352 0.672266 0.61084 0.672656 0.611328 0.674219 0.611328 0.678125 0.606445 0.678125 0.605957 0.678516 0.605469 0.678516 0.60498 0.678906 0.604492 0.678906 0.604004 0.679297 0.603516 0.679297 0.602539 0.679688 0.602051 0.679688 0.601562 0.680469 0.600586 0.680469 0.600098 0.680859 0.599609 0.680859 0.599121 0.68125 0.598633 0.68125 0.597656 0.681641 0.597168 0.681641 0.59668 0.682031 0.596191 0.682031 0.594727 0.682422 0.594238 0.682422 0.586426 0.682031 0.585938 0.682031 0.584961 0.681641 0.584473 0.681641 0.583008 0.68125 0.58252 0.68125 0.580566 0.680859 0.580078 0.680859 0.57959 0.680469 0.579102 0.680078 0.579102
0 0.444141 0.611328 0.443359 0.611328 0.442578 0.612305 0.442578 0.612793 0.442188 0.613281 0.442188 0.61377 0.441797 0.614258 0.441797 0.615723 0.441406 0.616211 0.441406 0.617676 0.441016 0.618164 0.441016 0.621582 0.440625 0.62207 0.440625 0.623047 0.439844 0.624023 0.439844 0.624512 0.439453 0.625 0.439453 0.625488 0.439063 0.625977 0.439063 0.626953 0.438672 0.627441 0.438672 0.640625 0.439063 0.641113 0.439063 0.642578 0.439453 0.643066 0.439453 0.64502 0.439844 0.645508 0.439844 0.646973 0.440234 0.647461 0.440234 0.647949 0.441016 0.648926 0.441016 0.649414 0.441406 0.649902 0.441406 0.651855 0.441797 0.652344 0.441797 0.655273 0.442188 0.655762 0.442188 0.661621 0.441797 0.662109 0.441797 0.664062 0.441406 0.664551 0.441406 0.666504 0.442188 0.66748 0.44375 0.66748 0.444922 0.666016 0.444922 0.665527 0.445312 0.665039 0.445312 0.664062 0.445703 0.663574 0.445703 0.663086 0.446094 0.662598 0.446094 0.662109 0.446484 0.661621 0.446484 0.660645 0.446875 0.660156 0.446875 0.658691 0.447266 0.658203 0.447266 0.657227 0.447656 0.656738 0.447656 0.655762 0.448047 0.655273 0.448047 0.654297 0.448437 0.653809 0.448437 0.651855 0.448828 0.651367 0.448828 0.649902 0.449219 0.649414 0.449219 0.648926 0.449609 0.648438 0.449609 0.647461 0.45 0.646973 0.45 0.645996 0.450391 0.645508 0.450391 0.631836 0.45 0.631348 0.45 0.62793 0.449609 0.627441 0.449609 0.626465 0.449219 0.625977 0.449219 0.625488 0.448828 0.625 0.448828 0.624512 0.448437 0.624023 0.448437 0.623535 0.448047 0.623047 0.448047 0.621094 0.447656 0.620605 0.447656 0.618164 0.447266 0.617676 0.447266 0.617188 0.446875 0.616699 0.446875 0.616211 0.446484 0.615723 0.446484 0.615234 0.446094 0.614746 0.446094 0.614258 0.444531 0.612305 0.444531 0.611816
0 0.241016 0.482422 0.240234 0.481445 0.239844 0.481445 0.239453 0.480957 0.237891 0.480957 0.2375 0.480469 0.236328 0.480469 0.235937 0.480957 0.235547 0.480957 0.234766 0.481934 0.234766 0.482422 0.233594 0.483887 0.233203 0.483887 0.232813 0.484375 0.232422 0.484375 0.232031 0.484863 0.23125 0.484863 0.230859 0.485352 0.228906 0.485352 0.228516 0.48584 0.227734 0.48584 0.227344 0.486328 0.226562 0.486328 0.226172 0.486816 0.225391 0.486816 0.225 0.487305 0.222656 0.487305 0.222266 0.487793 0.220703 0.487793 0.220312 0.488281 0.219922 0.488281 0.219531 0.48877 0.219141 0.48877 0.21875 0.489258 0.218359 0.489258 0.217578 0.490234 0.217188 0.490234 0.216406 0.491211 0.216016 0.491211 0.214844 0.492676 0.214453 0.492676 0.214062 0.493164 0.213672 0.493164 0.212109 0.495117 0.212109 0.495605 0.211719 0.496094 0.211719 0.496582 0.208203 0.500977 0.207813 0.500977 0.207422 0.501465 0.207031 0.501465 0.205859 0.50293 0.205469 0.50293 0.204687 0.503906 0.204297 0.503906 0.203125 0.505371 0.203125 0.507812 0.203516 0.508301 0.203516 0.508789 0.203906 0.509277 0.207422 0.509277 0.207813 0.508789 0.208984 0.508789 0.209375 0.508301 0.210547 0.508301 0.210938 0.507812 0.211719 0.507812 0.212109 0.507324 0.212891 0.507324 0.213281 0.506836 0.214453 0.506836 0.214844 0.506348 0.216406 0.506348 0.216797 0.505859 0.217188 0.505859 0.217578 0.505371 0.217969 0.505371 0.21875 0.504395 0.219141 0.504395 0.219531 0.503906 0.219922 0.503906 0.220312 0.503418 0.220703 0.503418 0.221094 0.50293 0.221484 0.50293 0.221875 0.502441 0.222266 0.502441 0.222656 0.501953 0.223047 0.501953 0.223828 0.500977 0.224219 0.500977 0.224609 0.500488 0.225 0.500488 0.226172 0.499023 0.226562 0.499023 0.228906 0.496094 0.229297 0.496094 0.230078 0.495117 0.230469 0.495117 0.233203 0.491699 0.233594 0.491699 0.233984 0.491211 0.234375 0.491211 0.235156 0.490234 0.235547 0.490234 0.236328 0.489258 0.236719 0.489258 0.237109 0.48877 0.238672 0.48877 0.239063 0.488281 0.240625 0.488281 0.241406 0.487305 0.241406 0.486816 0.241797 0.486328 0.241797 0.485352 0.241406 0.484863 0.241406 0.483398 0.241016 0.48291
0 0.112109 0.63916 0.111719 0.63916 0.111719 0.639648 0.110547 0.641113 0.110547 0.641602 0.110156 0.64209 0.110156 0.642578 0.109766 0.643066 0.109766 0.64502 0.109375 0.645508 0.109375 0.646484 0.106641 0.649902 0.106641 0.650391 0.10625 0.650879 0.10625 0.651367 0.105859 0.651855 0.105859 0.652344 0.105469 0.652832 0.105469 0.65332 0.105078 0.653809 0.105078 0.654297 0.104688 0.654785 0.104688 0.655273 0.103906 0.65625 0.103906 0.656738 0.103516 0.657227 0.103516 0.657715 0.103125 0.658203 0.103125 0.660645 0.102734 0.661133 0.102734 0.664551 0.102344 0.665039 0.102344 0.668457 0.102734 0.668945 0.102734 0.67334 0.103125 0.673828 0.103125 0.674805 0.103516 0.675293 0.103516 0.675781 0.103906 0.67627 0.103906 0.676758 0.107031 0.676758 0.108203 0.675293 0.108203 0.674805 0.108594 0.674316 0.108594 0.673828 0.111719 0.669922 0.111719 0.669434 0.112109 0.668945 0.112109 0.668457 0.1125 0.667969 0.1125 0.666992 0.112891 0.666504 0.112891 0.665527 0.113281 0.665039 0.113281 0.664062 0.113672 0.663574 0.113672 0.662598 0.114062 0.662109 0.114062 0.660156 0.114453 0.659668 0.114453 0.650391 0.114844 0.649902 0.114844 0.645508 0.114453 0.64502 0.114453 0.643066 0.114062 0.642578 0.114062 0.641113 0.112891 0.639648 0.1125 0.639648
0 0.341016 0.939941 0.340625 0.94043 0.339844 0.94043 0.338281 0.942383 0.338281 0.946289 0.337891 0.946777 0.337891 0.950684 0.3375 0.951172 0.3375 0.952148 0.337109 0.952637 0.337109 0.954102 0.336719 0.95459 0.336719 0.964844 0.337109 0.965332 0.337109 0.967773 0.3375 0.968262 0.3375 0.96875 0.337891 0.969238 0.337891 0.969727 0.338281 0.970215 0.338281 0.970703 0.339062 0.97168 0.339062 0.972168 0.339844 0.973145 0.339844 0.973633 0.341016 0.975098 0.341016 0.975586 0.341797 0.976562 0.342187 0.976562 0.342969 0.977539 0.343359 0.977539 0.344922 0.979492 0.346094 0.979492 0.347266 0.978027 0.347266 0.975586 0.347656 0.975098 0.347656 0.972656 0.348047 0.972168 0.348047 0.970215 0.348438 0.969727 0.348438 0.96875 0.348828 0.968262 0.348828 0.967285 0.349219 0.966797 0.349219 0.962402 0.349609 0.961914 0.349609 0.956543 0.349219 0.956055 0.349219 0.953613 0.348828 0.953125 0.348828 0.952148 0.348438 0.95166 0.348438 0.950195 0.348047 0.949707 0.348047 0.949219 0.347656 0.94873 0.347656 0.947754 0.347266 0.947266 0.347266 0.946777 0.346484 0.945801 0.346484 0.945312 0.344141 0.942383 0.34375 0.942383 0.342578 0.940918 0.342578 0.94043 0.342187 0.94043 0.341797 0.939941
0 0.563281 0.724121 0.563281 0.726562 0.563672 0.727051 0.563672 0.729004 0.566016 0.731934 0.566016 0.732422 0.567187 0.733887 0.567187 0.734375 0.567969 0.735352 0.567969 0.73584 0.56875 0.736816 0.569141 0.736816 0.570703 0.73877 0.570703 0.739258 0.571094 0.739746 0.571094 0.740234 0.572266 0.741699 0.572266 0.742188 0.575391 0.746094 0.575781 0.746094 0.576953 0.747559 0.577344 0.747559 0.578125 0.748535 0.578516 0.748535 0.578906 0.749023 0.579297 0.749023 0.579688 0.749512 0.580859 0.749512 0.58125 0.75 0.582812 0.75 0.583203 0.750488 0.584766 0.750488 0.585156 0.750977 0.591016 0.750977 0.591406 0.751465 0.592578 0.751465 0.592969 0.751953 0.59375 0.751953 0.594141 0.752441 0.595313 0.752441 0.595703 0.75293 0.597656 0.75293 0.598047 0.753418 0.600391 0.753418 0.600781 0.75293 0.601172 0.75293 0.601562 0.752441 0.601562 0.750977 0.601172 0.750488 0.601172 0.75 0.600781 0.749512 0.600781 0.749023 0.599219 0.74707 0.598828 0.74707 0.598437 0.746582 0.598047 0.746582 0.597656 0.746094 0.597266 0.746094 0.596875 0.745605 0.596094 0.745605 0.595703 0.745117 0.595313 0.745117 0.594922 0.744629 0.594531 0.744629 0.591797 0.741211 0.591797 0.740723 0.591016 0.739746 0.590625 0.739746 0.589844 0.73877 0.589453 0.73877 0.588672 0.737793 0.588281 0.737793 0.5875 0.736816 0.587109 0.736816 0.586719 0.736328 0.585938 0.736328 0.585547 0.73584 0.584375 0.73584 0.583984 0.735352 0.582812 0.735352 0.582422 0.734863 0.58125 0.734863 0.580859 0.734375 0.580078 0.734375 0.579688 0.733887 0.578516 0.733887 0.578125 0.733398 0.577344 0.733398 0.576953 0.73291 0.576562 0.73291 0.576172 0.732422 0.575391 0.732422 0.575 0.731934 0.574609 0.731934 0.574219 0.731445 0.573438 0.731445 0.573047 0.730957 0.572656 0.730957 0.572266 0.730469 0.571484 0.730469 0.570703 0.729492 0.570312 0.729492 0.568359 0.727051 0.567969 0.727051 0.567578 0.726562 0.567187 0.726562 0.565234 0.724121 0.564844 0.724121 0.564453 0.723633 0.563672 0.723633
0 0.452344 0.834473 0.452344 0.835449 0.451953 0.835938 0.451953 0.838379 0.453125 0.839844 0.453125 0.840332 0.453906 0.841309 0.453906 0.841797 0.454297 0.842285 0.454297 0.842773 0.455078 0.84375 0.455078 0.844238 0.455469 0.844727 0.455469 0.845215 0.459375 0.850098 0.459375 0.850586 0.459766 0.851074 0.459766 0.852051 0.460156 0.852539 0.460156 0.853516 0.460938 0.854492 0.460938 0.85498 0.461719 0.855957 0.461719 0.856445 0.463281 0.858398 0.463672 0.858398 0.466406 0.861816 0.466797 0.861816 0.467187 0.862305 0.467969 0.862305 0.468359 0.862793 0.469141 0.862793 0.469531 0.863281 0.470313 0.863281 0.470703 0.86377 0.472266 0.86377 0.472656 0.863281 0.475391 0.863281 0.475781 0.862793 0.476172 0.862793 0.476562 0.862305 0.477344 0.862305 0.478125 0.861328 0.478125 0.857422 0.476562 0.855469 0.476562 0.85498 0.476172 0.854492 0.476172 0.854004 0.475781 0.853516 0.475781 0.853027 0.475391 0.852539 0.475391 0.852051 0.473047 0.849121 0.473047 0.848633 0.470703 0.845703 0.470313 0.845703 0.469531 0.844727 0.469141 0.844727 0.468359 0.84375 0.467969 0.84375 0.466406 0.841797 0.466016 0.841797 0.465234 0.84082 0.464844 0.84082 0.464062 0.839844 0.463672 0.839844 0.462891 0.838867 0.4625 0.838867 0.461328 0.837402 0.460938 0.837402 0.460156 0.836426 0.459766 0.836426 0.459375 0.835938 0.458984 0.835938 0.458594 0.835449 0.458203 0.835449 0.457813 0.834961 0.457422 0.834961 0.457031 0.834473 0.456641 0.834473 0.45625 0.833984 0.455469 0.833984 0.455078 0.833496 0.454297 0.833496 0.453906 0.833984 0.453125 0.833984 0.452734 0.834473
0 0.885156 0.523926 0.883984 0.523926 0.883594 0.524414 0.883203 0.524414 0.88125 0.526855 0.88125 0.527344 0.880859 0.527832 0.880859 0.528809 0.880078 0.529785 0.880078 0.530273 0.879687 0.530762 0.879687 0.53125 0.879297 0.531738 0.879297 0.532227 0.878906 0.532715 0.878906 0.533691 0.878516 0.53418 0.878516 0.535156 0.878125 0.535645 0.878125 0.536621 0.877734 0.537109 0.877734 0.538086 0.877344 0.538574 0.877344 0.539551 0.876953 0.540039 0.876953 0.541504 0.876563 0.541992 0.876563 0.545898 0.876172 0.546387 0.876172 0.553223 0.876563 0.553711 0.876563 0.560059 0.876953 0.560547 0.876953 0.574219 0.877344 0.574707 0.877344 0.575195 0.878516 0.57666 0.878906 0.57666 0.880078 0.578125 0.880469 0.578125 0.880859 0.577637 0.880859 0.577148 0.88125 0.57666 0.88125 0.576172 0.881641 0.575684 0.881641 0.574219 0.882031 0.57373 0.882031 0.572266 0.882422 0.571777 0.882422 0.570312 0.882812 0.569824 0.882812 0.568848 0.883203 0.568359 0.883203 0.565918 0.883594 0.56543 0.883594 0.564453 0.883984 0.563965 0.883984 0.563477 0.884375 0.562988 0.884375 0.5625 0.885156 0.561523 0.885156 0.561035 0.885938 0.560059 0.885938 0.55957 0.886328 0.559082 0.886328 0.558594 0.886719 0.558105 0.886719 0.557617 0.887109 0.557129 0.887109 0.556641 0.8875 0.556152 0.8875 0.555664 0.887891 0.555176 0.887891 0.554688 0.888281 0.554199 0.888281 0.553223 0.888672 0.552734 0.888672 0.550781 0.889062 0.550293 0.889062 0.54541 0.889453 0.544922 0.889453 0.541992 0.889062 0.541504 0.889062 0.535156 0.888672 0.534668 0.888672 0.532715 0.888281 0.532227 0.888281 0.530762 0.887891 0.530273 0.887891 0.529785 0.8875 0.529297 0.8875 0.528809 0.887109 0.52832 0.887109 0.527832 0.886719 0.527344 0.886719 0.526367 0.886328 0.525879 0.886328 0.525391
0 0.790625 0.669922 0.790234 0.67041 0.790234 0.671875 0.789844 0.672363 0.789844 0.675781 0.790234 0.67627 0.790234 0.677734 0.790625 0.678223 0.790625 0.679199 0.791016 0.679688 0.791016 0.680176 0.791406 0.680664 0.791406 0.681641 0.791797 0.682129 0.791797 0.682617 0.792188 0.683105 0.792188 0.683594 0.792578 0.684082 0.792578 0.685059 0.793359 0.686035 0.793359 0.686523 0.794922 0.688477 0.794922 0.688965 0.795703 0.689941 0.795703 0.69043 0.796484 0.691406 0.796484 0.691895 0.796875 0.692383 0.796875 0.692871 0.797266 0.693359 0.797266 0.694336 0.797656 0.694824 0.797656 0.695801 0.798047 0.696289 0.798047 0.697266 0.798438 0.697754 0.798438 0.698242 0.799219 0.699219 0.802734 0.699219 0.803516 0.698242 0.803516 0.697754 0.803906 0.697266 0.803906 0.696289 0.804297 0.695801 0.804297 0.695312 0.804688 0.694824 0.804688 0.694336 0.805078 0.693848 0.805078 0.692383 0.805469 0.691895 0.805469 0.689453 0.805859 0.688965 0.805859 0.686035 0.805469 0.685547 0.805469 0.683594 0.805078 0.683105 0.805078 0.681641 0.804688 0.681152 0.804688 0.680664 0.804297 0.680176 0.804297 0.679688 0.803906 0.679199 0.803906 0.678711 0.803516 0.678223 0.803516 0.677734 0.800391 0.673828 0.8 0.673828 0.799609 0.67334 0.799219 0.67334 0.798828 0.672852 0.798047 0.672852 0.797656 0.672363 0.796484 0.672363 0.796094 0.671875 0.795703 0.671875 0.795312 0.671387 0.794531 0.671387 0.794141 0.670898 0.792969 0.670898 0.792578 0.67041 0.792188 0.67041 0.791797 0.669922
0 0.900781 0.650879 0.900391 0.650391 0.898438 0.650391 0.898047 0.650879 0.895703 0.650879 0.895312 0.651367 0.894531 0.651367 0.894141 0.651855 0.892969 0.651855 0.892578 0.652344 0.892188 0.652344 0.891797 0.652832 0.891406 0.652832 0.889844 0.654785 0.889453 0.654785 0.888672 0.655762 0.888281 0.655762 0.887891 0.65625 0.8875 0.65625 0.887109 0.656738 0.886719 0.656738 0.886328 0.657227 0.885938 0.657227 0.885547 0.657715 0.885156 0.657715 0.884766 0.658203 0.884375 0.658203 0.883203 0.659668 0.883203 0.660156 0.882031 0.661621 0.882031 0.662109 0.880859 0.663574 0.880469 0.663574 0.880078 0.664062 0.876953 0.664062 0.876563 0.664551 0.876172 0.664551 0.875391 0.665527 0.875 0.665527 0.874219 0.666504 0.874219 0.66748 0.874609 0.667969 0.874609 0.67041 0.876172 0.672363 0.876953 0.672363 0.877344 0.672852 0.877734 0.672852 0.878125 0.672363 0.880469 0.672363 0.880859 0.672852 0.88125 0.672852 0.881641 0.67334 0.882422 0.67334 0.882812 0.673828 0.888672 0.673828 0.889062 0.67334 0.889453 0.67334 0.890625 0.671875 0.891016 0.671875 0.891406 0.671387 0.891797 0.671387 0.892188 0.670898 0.892578 0.670898 0.892969 0.67041 0.893359 0.67041 0.89375 0.669922 0.894141 0.669922 0.896484 0.666992 0.896484 0.666504 0.896875 0.666016 0.896875 0.665527 0.897266 0.665039 0.897266 0.664062 0.897656 0.663574 0.897656 0.662598 0.898047 0.662109 0.898047 0.661133 0.898438 0.660645 0.898438 0.660156 0.898828 0.659668 0.898828 0.658691 0.899219 0.658203 0.899219 0.657715 0.899609 0.657227 0.899609 0.656738 0.9 0.65625 0.9 0.655762 0.900781 0.654785
0 0.670703 0.696289 0.668359 0.696289 0.667969 0.696777 0.666797 0.696777 0.666406 0.697266 0.666016 0.697266 0.665625 0.697754 0.665234 0.697754 0.663672 0.699707 0.663281 0.699707 0.662891 0.700195 0.6625 0.700195 0.662109 0.700684 0.661719 0.700684 0.661328 0.701172 0.660937 0.701172 0.660156 0.702148 0.659766 0.702148 0.659375 0.702637 0.658984 0.702637 0.658594 0.703125 0.658203 0.703125 0.657422 0.704102 0.657031 0.704102 0.656641 0.70459 0.656641 0.705078 0.65625 0.705566 0.65625 0.706055 0.655859 0.706543 0.655859 0.707031 0.655078 0.708008 0.655078 0.708496 0.654687 0.708984 0.654687 0.709473 0.653906 0.710449 0.653906 0.710938 0.653516 0.711426 0.653516 0.711914 0.653125 0.712402 0.653125 0.713379 0.652734 0.713867 0.652734 0.715332 0.652344 0.71582 0.652344 0.718262 0.651953 0.71875 0.651953 0.727051 0.652344 0.727539 0.652344 0.72998 0.652734 0.730469 0.652734 0.731445 0.653125 0.731934 0.653125 0.733398 0.653516 0.733887 0.653516 0.735352 0.654297 0.736328 0.655078 0.736328 0.655469 0.73584 0.655469 0.735352 0.655859 0.734863 0.655859 0.734375 0.658984 0.730469 0.658984 0.72998 0.659375 0.729492 0.659375 0.729004 0.659766 0.728516 0.659766 0.728027 0.660156 0.727539 0.660156 0.727051 0.661719 0.725098 0.661719 0.724609 0.662109 0.724121 0.662109 0.723633 0.6625 0.723145 0.6625 0.722656 0.662891 0.722168 0.662891 0.721191 0.663281 0.720703 0.663281 0.719727 0.663672 0.719238 0.663672 0.71875 0.664062 0.718262 0.664062 0.717773 0.664453 0.717285 0.664453 0.716309 0.664844 0.71582 0.664844 0.714355 0.665234 0.713867 0.665234 0.712891 0.665625 0.712402 0.665625 0.711426 0.666016 0.710938 0.666016 0.710449 0.666406 0.709961 0.666406 0.709473 0.666797 0.708984 0.666797 0.708496 0.667578 0.70752 0.667578 0.707031 0.667969 0.706543 0.667969 0.706055 0.668359 0.705566 0.668359 0.705078 0.669531 0.703613 0.669531 0.703125 0.670703 0.70166 0.670703 0.701172 0.671094 0.700684 0.671094 0.69873 0.671484 0.698242 0.671484 0.697266
1 0.189453 0.00390625 0.188672 0.00488281 0.188672 0.00537109 0.188281 0.00585938 0.188281 0.0146484 0.188672 0.0151367 0.188672 0.0175781 0.189062 0.0180664 0.189062 0.019043 0.189453 0.0195312 0.189453 0.0205078 0.189844 0.0209961 0.189844 0.0219727 0.191797 0.0244141 0.191797 0.0249023 0.192188 0.0253906 0.192188 0.0258789 0.193359 0.0273438 0.193359 0.027832 0.194531 0.0292969 0.194922 0.0292969 0.195703 0.0302734 0.196094 0.0302734 0.196484 0.0307617 0.196875 0.0307617 0.197266 0.03125 0.198047 0.03125 0.198437 0.0317383 0.198828 0.0317383 0.199219 0.0322266 0.199609 0.0322266 0.200781 0.0336914 0.201172 0.0336914 0.201563 0.0341797 0.202734 0.0341797 0.203125 0.034668 0.203516 0.034668 0.204297 0.0356445 0.205078 0.0356445 0.205469 0.0351562 0.205469 0.034668 0.205859 0.0341797 0.205859 0.0336914 0.203516 0.0307617 0.203516 0.0302734 0.203125 0.0297852 0.203125 0.0283203 0.202734 0.027832 0.202734 0.0263672 0.202344 0.0258789 0.202344 0.0239258 0.201953 0.0234375 0.201953 0.0209961 0.201563 0.0205078 0.201563 0.0180664 0.201172 0.0175781 0.201172 0.0166016 0.200781 0.0161133 0.200781 0.0151367 0.200391 0.0146484 0.200391 0.0141602 0.199609 0.0131836 0.199609 0.0126953 0.199219 0.012207 0.199219 0.0117188 0.198437 0.0107422 0.198437 0.0102539 0.198047 0.00976562 0.198047 0.00927734 0.197656 0.00878906 0.197266 0.00878906 0.196484 0.0078125 0.196094 0.0078125 0.194922 0.00634766 0.194922 0.00585938 0.19375 0.00439453 0.193359 0.00439453 0.192969 0.00390625
1 0.228125 0.0512695 0.225391 0.0493164 0.223047 0.0498047 0.221484 0.0507812 0.217969 0.0512695 0.212891 0.0541992 0.208594 0.0581055 0.207031 0.0605469 0.20625 0.0634766 0.20625 0.065918 0.205859 0.0664062 0.205859 0.0717773 0.20625 0.0727539 0.205469 0.074707 0.205469 0.0791016 0.208203 0.078125 0.210938 0.0742188 0.213281 0.0732422 0.215625 0.0708008 0.21875 0.0688477 0.223047 0.0649414 0.224219 0.0634766 0.225781 0.0595703 0.227734 0.0561523 0.227734 0.0551758 0.228516 0.0537109
1 0.401172 0.00878906 0.400391 0.00732422 0.396484 0.00683594 0.396094 0.00732422 0.392969 0.00732422 0.389844 0.00927734 0.384375 0.0107422 0.383203 0.0117188 0.379297 0.0131836 0.376563 0.0151367 0.375391 0.0166016 0.372656 0.0180664 0.370312 0.0200195 0.36875 0.0205078 0.368359 0.0209961 0.368359 0.0224609 0.369531 0.0234375 0.372656 0.0234375 0.374609 0.0249023 0.376953 0.0253906 0.377344 0.0258789 0.379297 0.0258789 0.379688 0.0263672 0.386328 0.0263672 0.386719 0.0258789 0.388281 0.0258789 0.392969 0.0224609 0.39375 0.0224609 0.398438 0.0175781 0.401172 0.0102539
1 0.880859 0.279297 0.880078 0.280762 0.880078 0.283691 0.882422 0.286133 0.883594 0.289551 0.885156 0.29248 0.888281 0.296387 0.892969 0.30127 0.895312 0.302246 0.898828 0.302246 0.899609 0.30127 0.899609 0.299316 0.9 0.298828 0.9 0.293945 0.899609 0.293457 0.898828 0.288086 0.897266 0.28418 0.896484 0.283203 0.892578 0.28125 0.891406 0.28125 0.885547 0.278809 0.882031 0.278809
1 0.675781 0.194336 0.674609 0.196777 0.674609 0.198242 0.674219 0.19873 0.673828 0.205078 0.675391 0.208008 0.677344 0.210449 0.681641 0.213379 0.683203 0.213379 0.683594 0.213867 0.693359 0.213867 0.69375 0.213379 0.694922 0.213379 0.696094 0.212402 0.696875 0.210449 0.696875 0.208984 0.695703 0.208008 0.69375 0.205078 0.691406 0.203613 0.689453 0.201172 0.6875 0.199707 0.685547 0.196777 0.683594 0.196289 0.682031 0.194824 0.679688 0.193848 0.678516 0.192383 0.677344 0.192383
0 0.173437 0.0610352 0.171875 0.0629883 0.171094 0.065918 0.171094 0.0771484 0.172656 0.0825195 0.172656 0.0839844 0.176172 0.090332 0.177734 0.0922852 0.178906 0.0927734 0.180078 0.0942383 0.181641 0.0952148 0.185156 0.0991211 0.186328 0.0991211 0.187109 0.0976562 0.187109 0.0947266 0.185938 0.0913086 0.185547 0.0869141 0.184375 0.0825195 0.184375 0.0800781 0.182812 0.0756836 0.182422 0.0717773 0.180469 0.0678711 0.179688 0.0644531 0.178125 0.0620117 0.175781 0.0610352
