1 0.155992 0.926689 0.15732 0.927666 0.157867 0.929375 0.158258 0.931279 0.159195 0.933232 0.160562 0.935967 0.161187 0.938408 0.162867 0.94251 0.164742 0.945635 0.167086 0.947295 0.170602 0.948076 0.17357 0.948174 0.175563 0.947344 0.177398 0.945342 0.178258 0.942998 0.179156 0.942021 0.179352 0.940117 0.178883 0.936406 0.178531 0.935039 0.177281 0.934063 0.175133 0.932891 0.173023 0.932354 0.1715 0.931377 0.168805 0.92957 0.168023 0.928594 0.165992 0.92708 0.164313 0.925664 0.162281 0.925078 0.160562 0.924492 0.159 0.924443 0.157477 0.925127 0.156461 0.925518
1 0.110945 0.840024 0.109344 0.841294 0.107078 0.844077 0.105672 0.846763 0.104695 0.850571 0.104973 0.853843 0.107 0.854429 0.107859 0.856138 0.10825 0.8577 0.109422 0.858726 0.11302 0.85853 0.116414 0.857896 0.120164 0.856724 0.123484 0.856626 0.125945 0.855649 0.128133 0.852671 0.128875 0.849937 0.128254 0.84686 0.125828 0.84564 0.122234 0.842515 0.119855 0.841587 0.118098 0.840903 0.115008 0.840366 0.112785 0.839634 0.111688 0.839731
1 0.275402 0.847104 0.274309 0.845347 0.274699 0.843491 0.275598 0.842515 0.277043 0.842026 0.279309 0.841587 0.282359 0.841196 0.284816 0.841538 0.288137 0.84354 0.290637 0.846714 0.292785 0.850327 0.295168 0.853062 0.297121 0.855796 0.297203 0.857603 0.297789 0.859556 0.298879 0.860386 0.29966 0.860532 0.300012 0.860776 0.299816 0.861655 0.298527 0.862632 0.293527 0.865171 0.291496 0.864878 0.288293 0.863462 0.284703 0.860728 0.282512 0.857261 0.279348 0.853452 0.276848 0.851011 0.276184 0.848569
1 0.348953 0.795347 0.346938 0.798218 0.344406 0.801909 0.341969 0.805894 0.340375 0.809585 0.340375 0.812456 0.342438 0.815972 0.343938 0.81814 0.345953 0.821187 0.348062 0.823706 0.349562 0.825522 0.351016 0.825991 0.352281 0.825874 0.353781 0.823999 0.355187 0.823472 0.35725 0.820659 0.357953 0.816499 0.356406 0.812397 0.353406 0.808296 0.351906 0.805132 0.351578 0.801382 0.351766 0.79939 0.352281 0.797749 0.351766 0.796577 0.350938 0.796436 0.3505 0.795347 0.349656 0.795171
1 0.36457 0.76626 0.362656 0.768115 0.358984 0.769976 0.356969 0.770972 0.353359 0.773491 0.350969 0.775308 0.348156 0.777007 0.346516 0.779526 0.344922 0.783511 0.343422 0.787261 0.341969 0.789897 0.340844 0.791479 0.339672 0.793237 0.339391 0.794585 0.340422 0.795698 0.343328 0.794819 0.346516 0.794175 0.349469 0.7923 0.352141 0.791831 0.354109 0.789897 0.356219 0.787026 0.358656 0.783159 0.360766 0.780464 0.362922 0.778354 0.363766 0.777241 0.364922 0.773877 0.365594 0.770269 0.366109 0.768804 0.365734 0.767456 0.365117 0.766797
1 0.354766 0.810581 0.352797 0.807124 0.351859 0.803433 0.352234 0.7998 0.353125 0.797222 0.355187 0.793589 0.357063 0.789956 0.358047 0.787378 0.358891 0.785796 0.360016 0.783511 0.360812 0.78187 0.361609 0.781753 0.362172 0.782808 0.362641 0.785327 0.363812 0.787847 0.364516 0.78978 0.365453 0.792183 0.366109 0.796636 0.366578 0.799214 0.367188 0.804312 0.367422 0.808999 0.367609 0.811284 0.367375 0.81187 0.366016 0.812456 0.363812 0.814097 0.362453 0.815269 0.36025 0.815327 0.358422 0.814155 0.356828 0.812983
1 0.370516 0.772026 0.369484 0.773667 0.367609 0.777534 0.366859 0.781284 0.365922 0.785093 0.365078 0.790073 0.365313 0.792886 0.366063 0.79605 0.367 0.80103 0.367609 0.802612 0.36775 0.804546 0.367797 0.807534 0.3685 0.809058 0.369672 0.809644 0.37075 0.808706 0.371453 0.808296 0.372812 0.80519 0.375203 0.802612 0.376938 0.799683 0.377453 0.792827 0.378109 0.790425 0.378953 0.788608 0.378953 0.7848 0.378578 0.781577 0.377969 0.775684 0.376797 0.775 0.375578 0.771675 0.374172 0.770327 0.372953 0.770503 0.3715 0.77103
1 0.400887 0.779019 0.400039 0.777666 0.399195 0.773682 0.398633 0.770693 0.397602 0.769697 0.397133 0.767998 0.398117 0.767119 0.399289 0.766592 0.401445 0.763662 0.403414 0.762432 0.404539 0.760967 0.405055 0.759443 0.40632 0.758857 0.40693 0.757686 0.407539 0.757744 0.408359 0.758447 0.40918 0.760381 0.409977 0.761963 0.41157 0.764365 0.412508 0.765654 0.412602 0.767295 0.414008 0.768115 0.414852 0.769521 0.415602 0.773916 0.41532 0.776494 0.414992 0.780947 0.41368 0.7854 0.412977 0.786807 0.411852 0.788447 0.410633 0.788213 0.407727 0.787217 0.405477 0.785928 0.402477 0.782119
1 0.284672 0.712822 0.285926 0.711553 0.287602 0.709258 0.288621 0.707744 0.290727 0.705205 0.292645 0.703203 0.294402 0.702373 0.296195 0.701689 0.298074 0.701396 0.298734 0.70042 0.299793 0.700469 0.30077 0.700859 0.302055 0.702568 0.303582 0.704717 0.303895 0.706768 0.303617 0.7096 0.303152 0.711797 0.30198 0.714092 0.299676 0.716924 0.299051 0.718975 0.297527 0.718975 0.296707 0.720342 0.295414 0.721025 0.293426 0.722002 0.291238 0.723564 0.289051 0.723369 0.286707 0.722979 0.285105 0.723076 0.284246 0.722539 0.284207 0.721758 0.284012 0.720391 0.284363 0.719219 0.284207 0.717803 0.283738 0.716436 0.283305 0.715557 0.283582 0.713896
1 0.0963711 0.651733 0.0952773 0.65105 0.0940664 0.650317 0.0922305 0.650269 0.0921914 0.64895 0.0925039 0.646997 0.0942617 0.645435 0.0959414 0.644507 0.0992617 0.644214 0.101215 0.643481 0.104496 0.644116 0.107348 0.645679 0.110004 0.648022 0.113129 0.652026 0.114652 0.6552 0.115512 0.658472 0.115629 0.662769 0.115199 0.664038 0.113754 0.666138 0.111098 0.666724 0.109691 0.666333 0.10809 0.665112 0.105277 0.663257 0.103871 0.661694 0.102543 0.659937 0.100941 0.657153 0.100004 0.655151 0.0986367 0.654028 0.0974648 0.653101
1 0.280816 0.468408 0.279879 0.467139 0.278512 0.46543 0.277887 0.462305 0.278629 0.460889 0.279605 0.460889 0.280348 0.461475 0.282027 0.462109 0.284215 0.462744 0.28648 0.462744 0.288512 0.461133 0.290934 0.460986 0.29273 0.461914 0.296598 0.463721 0.299762 0.465479 0.300934 0.466602 0.302652 0.467334 0.303004 0.469189 0.302535 0.470361 0.301793 0.472607 0.300035 0.474609 0.297262 0.476807 0.294918 0.477344 0.29109 0.477686 0.28941 0.478125 0.288355 0.478955 0.286637 0.478906 0.284879 0.477344 0.283121 0.474609 0.28148 0.471729 0.28109 0.469922
1 0.184801 0.381948 0.183941 0.383223 0.182145 0.384688 0.181676 0.386782 0.180543 0.389082 0.178316 0.393032 0.17652 0.395376 0.175582 0.399526 0.17523 0.407485 0.17523 0.411929 0.175387 0.41354 0.176949 0.415542 0.17902 0.417007 0.180816 0.416812 0.181637 0.41564 0.184137 0.413882 0.185426 0.412319 0.18691 0.408999 0.188551 0.404995 0.189488 0.402021 0.191051 0.399038 0.192066 0.395571 0.192262 0.391323 0.19273 0.388784 0.193082 0.38771 0.19277 0.385269 0.191988 0.383022 0.19023 0.380386 0.188941 0.380142 0.186754 0.38019 0.18523 0.380972
1 0.122445 0.289565 0.121547 0.28688 0.120766 0.285464 0.120883 0.284292 0.123227 0.283315 0.126664 0.283125 0.12932 0.282974 0.130961 0.281904 0.134164 0.280142 0.137055 0.279219 0.139359 0.278872 0.142758 0.27936 0.145023 0.279604 0.146508 0.280337 0.147133 0.282534 0.146859 0.286001 0.145883 0.288833 0.143695 0.292251 0.141391 0.293135 0.139711 0.2946 0.134242 0.295425 0.13018 0.295425 0.12682 0.295229 0.125805 0.295034 0.124242 0.293135 0.123617 0.291079
1 0.121891 0.262441 0.121188 0.260146 0.120484 0.257412 0.120562 0.256045 0.121891 0.256191 0.122594 0.256777 0.124391 0.25624 0.1265 0.255068 0.128453 0.253311 0.131383 0.251553 0.133297 0.250039 0.136031 0.249746 0.139156 0.249844 0.141578 0.251553 0.144664 0.254092 0.145172 0.25541 0.146539 0.256387 0.147594 0.256631 0.148375 0.255508 0.149313 0.255068 0.150641 0.255068 0.150875 0.255312 0.150172 0.256045 0.149469 0.257559 0.149313 0.26 0.148609 0.262637 0.148258 0.263467 0.147047 0.263857 0.144352 0.263906 0.142008 0.264248 0.138102 0.264443 0.135445 0.265176 0.134 0.266152 0.132125 0.267178 0.130914 0.268496 0.128766 0.269277 0.126031 0.269277 0.124508 0.268594 0.123102 0.267031 0.122789 0.265225 0.122359 0.263125
1 0.0857148 0.162163 0.0854336 0.159487 0.0845313 0.158574 0.0834648 0.155972 0.0837461 0.154639 0.085207 0.154849 0.0868945 0.1571 0.0894805 0.160332 0.0929141 0.164834 0.0955586 0.169331 0.0967383 0.172847 0.0971328 0.17833 0.0969062 0.184097 0.0946562 0.188174 0.0929141 0.190708 0.0924062 0.193237 0.0915078 0.19626 0.0904961 0.197949 0.0895391 0.199565 0.088918 0.199639 0.0884141 0.197739 0.0880195 0.19626 0.086332 0.194927 0.0850937 0.193521 0.0841367 0.190356 0.0830117 0.188599 0.0826211 0.184097 0.0826211 0.177349 0.0831836 0.172354 0.0838555 0.170386 0.084082 0.16666 0.0847578 0.164131
1 0.0595234 0.0426221 0.0579609 0.0406689 0.0567109 0.0395947 0.0548359 0.0387158 0.0522578 0.0388135 0.0505781 0.0386182 0.0487422 0.0368604 0.048668 0.0355908 0.0499922 0.0347119 0.0520234 0.033833 0.0554219 0.0339307 0.0563594 0.0347607 0.0571406 0.0345654 0.0577656 0.0333936 0.0585469 0.0320264 0.0596055 0.030708 0.0609297 0.0300732 0.0629609 0.0300732 0.0644883 0.0316846 0.0662031 0.0339795 0.0678828 0.0375439 0.0696406 0.0405713 0.0703047 0.0439404 0.0703047 0.0562939 0.0693711 0.0583936 0.0687422 0.0603955 0.0687031 0.0657666 0.0683945 0.0673291 0.0676484 0.0656201 0.0672969 0.0634717 0.0663203 0.0625439 0.0651094 0.0607861 0.0640547 0.05854 0.0621016 0.0558545 0.0606172 0.0537549 0.060582 0.0504346 0.0606172 0.0475049 0.0596406 0.0445264
1 0.104035 0.0968799 0.104191 0.0992725 0.105242 0.101079 0.10634 0.105278 0.106688 0.107524 0.108055 0.110161 0.109895 0.112212 0.11259 0.11436 0.114738 0.116216 0.117625 0.117485 0.121844 0.11729 0.123797 0.116313 0.125359 0.114165 0.126457 0.111187 0.126848 0.108892 0.127547 0.10811 0.127898 0.104741 0.128953 0.103716 0.129777 0.101421 0.129305 0.0995166 0.127238 0.0990771 0.124152 0.0987354 0.122625 0.0998096 0.121379 0.100396 0.117156 0.100688 0.114777 0.1002 0.112078 0.09854 0.111066 0.0967822 0.108953 0.0947803 0.106453 0.0946338 0.104336 0.0953125
1 0.197695 0.221826 0.19691 0.221523 0.19648 0.220254 0.196051 0.218984 0.195543 0.218984 0.194918 0.221523 0.19441 0.224062 0.195035 0.226895 0.195348 0.228799 0.196324 0.229629 0.198004 0.230215 0.200348 0.231191 0.203004 0.231094 0.205582 0.229824 0.208551 0.22748 0.209801 0.225527 0.211285 0.222793 0.212926 0.220205 0.214605 0.219375 0.216363 0.218643 0.216949 0.216885 0.216324 0.215273 0.215738 0.213125 0.215543 0.208291 0.214645 0.205898 0.213551 0.204629 0.212105 0.204141 0.210035 0.205361 0.207262 0.206143 0.205582 0.207705 0.20398 0.208682 0.203004 0.211416 0.200738 0.215469 0.199293 0.21918 0.198668 0.220938
1 0.134258 0.236523 0.133734 0.234966 0.132914 0.233989 0.133266 0.232915 0.135336 0.23145 0.137992 0.23062 0.139633 0.231597 0.143227 0.232622 0.145648 0.23438 0.148461 0.236138 0.149867 0.238286 0.150883 0.240728 0.151703 0.24356 0.151547 0.249712 0.148617 0.252935 0.146117 0.254204 0.14393 0.253911 0.140297 0.25147 0.138148 0.249126 0.136273 0.24688 0.135492 0.243755 0.134672 0.240972 0.134711 0.238823
1 0.311633 0.234697 0.311672 0.236846 0.312727 0.238115 0.313664 0.240605 0.314797 0.242803 0.317336 0.24627 0.319484 0.248857 0.32093 0.250762 0.321555 0.251982 0.324523 0.252129 0.326164 0.253252 0.328273 0.253887 0.331516 0.253838 0.333898 0.253252 0.336477 0.251934 0.337922 0.250615 0.338547 0.248955 0.338039 0.246221 0.336672 0.245146 0.334758 0.244951 0.332414 0.243535 0.32968 0.240996 0.326945 0.239434 0.32468 0.238066 0.321867 0.236309 0.318977 0.23416 0.317773 0.232422 0.316484 0.231201 0.31457 0.231006 0.313203 0.231299 0.31168 0.231982 0.311055 0.232764 0.311086 0.233965
1 0.473805 0.397109 0.469492 0.397344 0.465117 0.398828 0.462461 0.400391 0.458992 0.402266 0.45693 0.403906 0.454961 0.407246 0.453789 0.409648 0.452523 0.412695 0.452523 0.415684 0.453648 0.418496 0.456367 0.42125 0.460211 0.422539 0.460586 0.423652 0.462648 0.423477 0.465086 0.422656 0.466586 0.422656 0.467805 0.422656 0.468461 0.420781 0.470289 0.417559 0.471523 0.413574 0.474414 0.410586 0.476523 0.407246 0.477742 0.404902 0.477461 0.402148 0.476805 0.399512 0.475352 0.398281
1 0.619559 0.290527 0.620223 0.286279 0.621434 0.283789 0.622059 0.279492 0.622371 0.277832 0.624324 0.277295 0.626512 0.278516 0.628621 0.280469 0.629324 0.283301 0.63034 0.285254 0.631746 0.287256 0.632098 0.290234 0.63284 0.296045 0.632449 0.298926 0.631785 0.302832 0.629754 0.307178 0.62823 0.308936 0.626434 0.311475 0.62534 0.312793 0.62366 0.313428 0.621785 0.313574 0.620691 0.314551 0.619715 0.314551 0.619168 0.313086 0.618465 0.310693 0.618035 0.306201 0.617031 0.302783 0.616914 0.29624 0.618074 0.292285
1 0.687586 0.24873 0.687664 0.247021 0.687078 0.246582 0.686453 0.247119 0.685984 0.247998 0.685672 0.249121 0.684617 0.250342 0.683797 0.252783 0.684422 0.255615 0.685984 0.257666 0.687664 0.258838 0.689734 0.260059 0.694383 0.261572 0.699539 0.262012 0.70118 0.261816 0.702859 0.260596 0.705359 0.258643 0.706648 0.257861 0.708445 0.257373 0.710242 0.25542 0.711023 0.254199 0.711023 0.24834 0.709461 0.245801 0.707078 0.244775 0.704148 0.244434 0.700398 0.244971 0.698836 0.245801 0.696609 0.246729 0.692859 0.247803 0.690867 0.247998 0.690359 0.24873
1 0.687406 0.137329 0.687289 0.140015 0.68682 0.141772 0.687016 0.145483 0.687445 0.149292 0.689203 0.152124 0.690727 0.153589 0.693227 0.156323 0.694203 0.157983 0.694828 0.158813 0.694594 0.160962 0.695609 0.161938 0.697562 0.16228 0.699437 0.160913 0.701508 0.158179 0.702172 0.155347 0.702172 0.151147 0.702016 0.148218 0.700922 0.146655 0.699633 0.143433 0.69725 0.14021 0.696172 0.137646 0.694063 0.134912 0.692578 0.133594 0.691156 0.133032 0.689945 0.133081 0.688734 0.133765 0.687602 0.133813 0.686391 0.133813 0.685688 0.134155 0.685258 0.136206 0.686039 0.136743 0.687016 0.136792
1 0.473125 0.752393 0.471523 0.75127 0.470305 0.746963 0.470305 0.743643 0.472453 0.741299 0.474172 0.74042 0.477648 0.741494 0.481984 0.743154 0.488391 0.746914 0.489797 0.749648 0.491672 0.752627 0.492648 0.755752 0.493199 0.759414 0.492766 0.762393 0.489172 0.763369 0.483547 0.762881 0.480383 0.760195 0.475695 0.755703 0.473977 0.754092
1 0.493813 0.701978 0.493969 0.700024 0.494906 0.699048 0.496469 0.697876 0.497406 0.696167 0.498305 0.694214 0.49975 0.693384 0.502133 0.692212 0.504633 0.690454 0.50893 0.690308 0.513852 0.690894 0.518227 0.69187 0.521312 0.693433 0.524008 0.695435 0.524281 0.697192 0.523695 0.697974 0.520883 0.699292 0.519594 0.701587 0.517055 0.703149 0.51432 0.703931 0.510023 0.704956 0.50725 0.706274 0.50432 0.706519 0.498656 0.70686 0.495023 0.70647 0.49393 0.706128 0.493813 0.704614 0.493773 0.703442
1 0.945258 0.333164 0.943461 0.331553 0.940883 0.328623 0.940922 0.326572 0.941586 0.323984 0.942602 0.322568 0.943773 0.320811 0.945141 0.320713 0.947172 0.321006 0.952484 0.321299 0.956391 0.32208 0.959008 0.32335 0.961117 0.325205 0.963695 0.326768 0.964516 0.328428 0.966039 0.330674 0.967133 0.333213 0.96768 0.334922 0.96768 0.33707 0.966898 0.338389 0.964086 0.339268 0.960609 0.340195 0.956078 0.340439 0.952797 0.340146 0.950141 0.337852 0.947523 0.335459
1 0.644977 0.362363 0.643844 0.360752 0.642789 0.358213 0.641852 0.354941 0.642906 0.353574 0.642984 0.3523 0.644195 0.351523 0.645875 0.35001 0.647047 0.348789 0.648883 0.348447 0.650328 0.349668 0.652359 0.352402 0.653531 0.353086 0.655797 0.354551 0.65732 0.356309 0.65775 0.359434 0.657672 0.363486 0.656734 0.367148 0.656266 0.369736 0.656266 0.371831 0.655289 0.373008 0.653766 0.373252 0.651734 0.371885 0.649391 0.372227 0.647633 0.372129 0.646813 0.371055 0.645875 0.366416 0.645641 0.364072
1 0.639445 0.372476 0.638703 0.374038 0.637762 0.37521 0.636945 0.376333 0.636004 0.377163 0.634637 0.378872 0.634051 0.38146 0.633586 0.385903 0.633039 0.390347 0.633391 0.393081 0.634324 0.396011 0.635613 0.397085 0.63698 0.397671 0.638859 0.398452 0.640422 0.397866 0.643113 0.396597 0.644988 0.394692 0.647258 0.392349 0.649324 0.388247 0.649992 0.386294 0.649797 0.381851 0.64882 0.376772 0.646477 0.373745 0.643195 0.372964 0.642332 0.37228 0.641242 0.372085 0.639949 0.37228
1 0.917422 0.192627 0.91582 0.193701 0.914375 0.194385 0.913164 0.194434 0.912422 0.193652 0.911758 0.192773 0.911562 0.191553 0.912305 0.189941 0.911812 0.18877 0.911344 0.186377 0.91107 0.183887 0.911266 0.181787 0.911695 0.178955 0.912516 0.175488 0.914195 0.171045 0.915602 0.168066 0.916734 0.16626 0.917945 0.164404 0.919531 0.164355 0.920703 0.164453 0.923258 0.163965 0.92543 0.164453 0.926133 0.165527 0.926406 0.16709 0.926344 0.168848 0.925094 0.17041 0.924859 0.173584 0.923687 0.174561 0.92275 0.176416 0.922516 0.181006 0.922672 0.186426 0.922672 0.187842 0.922008 0.189502 0.920289 0.191309 0.918727 0.191943
1 0.973906 0.26564 0.972969 0.267349 0.97207 0.268813 0.971602 0.27311 0.971523 0.279263 0.971992 0.281704 0.972813 0.284243 0.975898 0.287856 0.97793 0.289907 0.979805 0.292056 0.980977 0.293765 0.982773 0.294595 0.983398 0.295669 0.984531 0.29772 0.986875 0.297915 0.986961 0.299053 0.986648 0.300371 0.987078 0.300566 0.987547 0.299297 0.989305 0.297441 0.989891 0.295928 0.990242 0.292656 0.990359 0.287529 0.988523 0.283232 0.986766 0.280449 0.985477 0.278301 0.983172 0.275469 0.981336 0.273223 0.981102 0.270977 0.979773 0.268975 0.979617 0.26624 0.978133 0.264092 0.975164 0.263457 0.974617 0.264678
1 0.940805 0.312852 0.940805 0.309336 0.939906 0.308311 0.938773 0.304209 0.939398 0.30084 0.940375 0.297227 0.942016 0.294687 0.944047 0.292441 0.946117 0.290488 0.948031 0.289219 0.948656 0.287607 0.950023 0.286973 0.950805 0.286094 0.951234 0.285703 0.952523 0.286484 0.953617 0.287998 0.953891 0.28917 0.953578 0.289756 0.953187 0.292344 0.953969 0.294053 0.954555 0.29791 0.954984 0.300303 0.954047 0.303965 0.952211 0.308848 0.951469 0.311826 0.95143 0.31417 0.949828 0.314219 0.947563 0.314512 0.946859 0.315488 0.946156 0.315391 0.945922 0.314756 0.944281 0.314512 0.942367 0.313633
1 0.247422 0.280288 0.244781 0.281626 0.242137 0.284155 0.240563 0.287109 0.239828 0.292031 0.240109 0.295972 0.241461 0.298921 0.244441 0.299063 0.248828 0.299907 0.251305 0.300469 0.25468 0.299414 0.258168 0.297515 0.260137 0.296953 0.261992 0.294844 0.264129 0.292241 0.263625 0.289292 0.263172 0.285703 0.261766 0.283735 0.258281 0.281626 0.25423 0.280781 0.251531 0.280713 0.250066 0.280923 0.248773 0.28043
1 0.959086 0.298203 0.957797 0.299717 0.955531 0.30167 0.9535 0.305723 0.952719 0.307969 0.952055 0.311436 0.95143 0.314951 0.951469 0.316514 0.952836 0.318271 0.9535 0.320273 0.954867 0.322227 0.956234 0.323691 0.957641 0.32418 0.959281 0.323545 0.960336 0.323008 0.963031 0.322227 0.964828 0.320957 0.965687 0.318076 0.966156 0.314316 0.966547 0.309043 0.966391 0.305234 0.965453 0.302207 0.965664 0.299512 0.964648 0.297949 0.962016 0.297959 0.959984 0.298154
1 0.937297 0.680293 0.935777 0.684087 0.935215 0.687041 0.932176 0.688447 0.929477 0.68957 0.926945 0.690205 0.925598 0.689644 0.925316 0.687183 0.926215 0.68458 0.92852 0.681416 0.931391 0.677617 0.932629 0.676846 0.936789 0.676704 0.939266 0.676914 0.940109 0.677549 0.939828 0.679585 0.938477 0.68022
1 0.886039 0.33998 0.885223 0.338223 0.884207 0.332461 0.88491 0.330264 0.885258 0.329141 0.884754 0.328164 0.88452 0.326748 0.884793 0.325039 0.885418 0.324404 0.886395 0.324209 0.887016 0.324209 0.88793 0.323877 0.889793 0.322256 0.891719 0.32168 0.894754 0.322061 0.89918 0.322559 0.900391 0.324463 0.903074 0.325967 0.905375 0.327969 0.906004 0.330068 0.906395 0.333633 0.906043 0.337051 0.90573 0.338125 0.906082 0.339834 0.906238 0.340566 0.905691 0.340957 0.904203 0.340225 0.902879 0.340273 0.899441 0.341055 0.895609 0.340957 0.892344 0.341113 0.890531 0.341982 0.88952 0.342959 0.887879 0.343398 0.886707 0.343789 0.88616 0.343203 0.88616 0.342373 0.886551 0.341152
1 0.920359 0.456362 0.920203 0.460464 0.919734 0.463345 0.919539 0.466177 0.919266 0.470034 0.919734 0.472769 0.921922 0.476089 0.923719 0.478872 0.926453 0.481997 0.928133 0.483657 0.929031 0.485659 0.930125 0.487368 0.93157 0.48854 0.931453 0.489956 0.932 0.490884 0.933289 0.491274 0.934734 0.491274 0.934812 0.4902 0.934852 0.48854 0.935281 0.487271 0.936688 0.486196 0.936992 0.48374 0.936844 0.481021 0.936445 0.479687 0.935984 0.476528 0.935047 0.474575 0.93407 0.471938 0.933289 0.469058 0.932234 0.466763 0.931375 0.464028 0.930477 0.46144 0.929109 0.459243 0.927937 0.457974 0.926531 0.455972 0.925164 0.454214 0.924891 0.453628 0.923914 0.453433 0.923172 0.454165 0.922781 0.454409 0.921922 0.454849 0.920945 0.455435 0.920516 0.455776
1 0.965879 0.569292 0.965879 0.572271 0.966152 0.57647 0.967285 0.578521 0.968652 0.581157 0.969434 0.583354 0.971426 0.585454 0.974395 0.587896 0.978027 0.590581 0.980684 0.59229 0.98252 0.591704 0.984434 0.589263 0.986035 0.586919 0.986777 0.584673 0.986465 0.581206 0.986113 0.578472 0.985332 0.575884 0.98334 0.573931 0.981348 0.57188 0.978145 0.568853 0.975801 0.566558 0.973066 0.564751 0.970371 0.564946 0.969277 0.565581 0.96709 0.567192
1 0.813199 0.386577 0.809996 0.388188 0.806637 0.390093 0.802852 0.392871 0.799531 0.394971 0.798277 0.39771 0.797105 0.399907 0.796715 0.401616 0.797301 0.402935 0.798355 0.404741 0.799684 0.405034 0.80191 0.40396 0.805426 0.402788 0.808238 0.4023 0.812027 0.401958 0.816285 0.401567 0.817262 0.400688 0.819215 0.400396 0.820113 0.398931 0.822301 0.396538 0.823238 0.396294 0.824137 0.394976 0.824293 0.393706 0.823738 0.392461 0.822996 0.390801 0.822176 0.39041 0.821785 0.389189 0.820379 0.388262 0.818934 0.387529 0.815926 0.387383 0.815379 0.386406
1 0.743594 0.493623 0.742863 0.492642 0.741738 0.492217 0.741117 0.491377 0.741008 0.489756 0.741398 0.488916 0.742242 0.489053 0.74275 0.489478 0.744211 0.489194 0.745281 0.489126 0.746914 0.489687 0.749051 0.490952 0.75057 0.492358 0.751469 0.494678 0.751637 0.50333 0.751414 0.506211 0.749836 0.508389 0.747867 0.51064 0.744156 0.512046 0.741852 0.512471 0.740219 0.513452 0.739375 0.51458 0.737914 0.515635 0.735 0.515332 0.733516 0.513477 0.733477 0.50957 0.734414 0.507129 0.734762 0.502764 0.738195 0.499248 0.74168 0.496226 0.742523 0.495454
1 0.790773 0.507598 0.791289 0.50748 0.791664 0.505957 0.79232 0.506426 0.793023 0.507656 0.79443 0.508008 0.79532 0.508477 0.795977 0.510352 0.795977 0.513105 0.795461 0.515039 0.795695 0.520488 0.795508 0.522949 0.794477 0.525234 0.792086 0.525703 0.789461 0.526348 0.788148 0.527695 0.785383 0.528164 0.783461 0.528809 0.781445 0.529922 0.780133 0.531504 0.778961 0.532148 0.778211 0.53168 0.777602 0.530801 0.776477 0.528281 0.775727 0.526348 0.776102 0.521484 0.777227 0.519082 0.778117 0.516738 0.779383 0.514395 0.782852 0.511523 0.785102 0.510234 0.786695 0.508887 0.788008 0.507715
1 0.778152 0.595835 0.775457 0.595444 0.771902 0.595444 0.769715 0.596274 0.766863 0.5973 0.763387 0.599106 0.760965 0.602622 0.758113 0.607114 0.756043 0.610776 0.755574 0.612729 0.753738 0.614536 0.752879 0.616147 0.754129 0.617515 0.755848 0.617856 0.758543 0.618247 0.760457 0.618931 0.764598 0.619565 0.766914 0.618799 0.768855 0.618784 0.771121 0.615366 0.773934 0.610581 0.776121 0.606577 0.776707 0.60521 0.778426 0.603745 0.780105 0.602134 0.78077 0.600034 0.780613 0.599253 0.781082 0.597593 0.780965 0.597056 0.780184 0.596567 0.77909 0.596274
1 0.726363 0.677593 0.728164 0.680054 0.729609 0.681299 0.731484 0.682715 0.73227 0.683848 0.734648 0.683789 0.737672 0.682231 0.739246 0.680684 0.74082 0.678926 0.742395 0.678013 0.743297 0.675762 0.743633 0.671123 0.743016 0.668804 0.743016 0.664795 0.743801 0.663247 0.744195 0.660786 0.744871 0.659663 0.744984 0.658535 0.74425 0.656919 0.743238 0.656499 0.742844 0.657554 0.742172 0.658257 0.741328 0.659238 0.738457 0.6598 0.735141 0.660366 0.731875 0.661558 0.729008 0.663179 0.727883 0.664863 0.727883 0.667324 0.72732 0.669644 0.727152 0.673022 0.726422 0.675132
1 0.706133 0.690381 0.704492 0.691392 0.700789 0.694907 0.698258 0.69772 0.694648 0.701177 0.692117 0.703521 0.690102 0.704985 0.68607 0.707974 0.682648 0.709028 0.680773 0.7102 0.67918 0.712134 0.678242 0.713833 0.678477 0.715474 0.680586 0.716235 0.682742 0.716353 0.684711 0.717056 0.68668 0.717876 0.69043 0.718052 0.694086 0.7177 0.698117 0.715825 0.700977 0.713306 0.704398 0.709263 0.705898 0.706567 0.707633 0.703228 0.708898 0.700181 0.709508 0.696958 0.709414 0.694204 0.709977 0.693032 0.710023 0.690278 0.708336 0.689224
1 0.717984 0.742427 0.717781 0.749595 0.716902 0.750522 0.716434 0.752212 0.7165 0.75626 0.716902 0.757441 0.716973 0.763096 0.717176 0.765039 0.718254 0.765542 0.718523 0.767568 0.719336 0.769849 0.72048 0.773643 0.720887 0.774907 0.720277 0.776089 0.719266 0.776343 0.719199 0.778286 0.720078 0.780308 0.722305 0.780308 0.723453 0.779297 0.725004 0.777778 0.726691 0.776006 0.72809 0.774092 0.729594 0.770928 0.730156 0.768115 0.731 0.764834 0.730949 0.761147 0.730203 0.758389 0.729324 0.756582 0.728426 0.75439 0.726902 0.751655 0.725961 0.748818 0.725187 0.747544 0.724992 0.74374 0.725066 0.742427 0.725187 0.741641 0.724559 0.741108 0.722762 0.74106 0.721629 0.741494 0.719328 0.741641 0.718586 0.741494
1 0.698633 0.912349 0.697957 0.913687 0.697172 0.914038 0.696551 0.915864 0.695312 0.91875 0.695145 0.922476 0.694977 0.927891 0.695371 0.932739 0.696383 0.935762 0.696719 0.937734 0.696664 0.943428 0.696719 0.945254 0.697172 0.946592 0.699309 0.94645 0.70077 0.945747 0.701332 0.944766 0.702797 0.944063 0.704371 0.942935 0.705719 0.941812 0.706562 0.940054 0.707969 0.938364 0.708082 0.935835 0.707859 0.930068 0.707125 0.928521 0.706281 0.925566 0.705719 0.923457 0.704594 0.921138 0.70375 0.920366 0.703469 0.917905 0.702457 0.915444 0.702063 0.913687 0.701164 0.912773 0.699871 0.911997
1 0.664453 0.708203 0.664727 0.710596 0.664223 0.710928 0.664184 0.713076 0.664301 0.714736 0.666371 0.714834 0.669496 0.714834 0.672387 0.714785 0.67473 0.713174 0.676918 0.710928 0.678402 0.709512 0.681059 0.707998 0.683637 0.706973 0.686488 0.705752 0.687543 0.70585 0.688129 0.705313 0.688285 0.704336 0.687816 0.702285 0.687152 0.700479 0.685746 0.698525 0.682855 0.696719 0.680941 0.696084 0.678402 0.695303 0.676879 0.695986 0.674652 0.696865 0.671762 0.697891 0.670277 0.698721 0.668402 0.700332 0.666527 0.702432 0.664965 0.704434 0.664418 0.706094
1 0.624203 0.689263 0.622844 0.689731 0.62125 0.691021 0.619234 0.692954 0.61675 0.696235 0.615109 0.698872 0.614594 0.706548 0.614969 0.709888 0.616187 0.7127 0.617547 0.713579 0.619516 0.714224 0.620922 0.714575 0.622375 0.71563 0.622563 0.716743 0.623828 0.717036 0.626734 0.716978 0.627859 0.716509 0.629875 0.713931 0.63025 0.713462 0.630437 0.709185 0.63025 0.706313 0.629687 0.70479 0.629141 0.701807 0.62918 0.698975 0.629375 0.696582 0.629922 0.696118 0.630484 0.695122 0.630437 0.690435 0.629453 0.688442 0.628328 0.687388 0.627391 0.687681 0.626125 0.688208
1 0.696547 0.804316 0.695363 0.805581 0.694016 0.806426 0.691316 0.806562 0.690754 0.808535 0.689008 0.810781 0.686871 0.813315 0.685465 0.814863 0.684395 0.817109 0.684227 0.822173 0.684395 0.824072 0.68507 0.825762 0.685352 0.827871 0.685801 0.828433 0.685801 0.833281 0.68552 0.835605 0.685129 0.837573 0.685238 0.839399 0.686926 0.839824 0.688727 0.838906 0.689852 0.83708 0.691879 0.834268 0.693902 0.830752 0.695195 0.828081 0.696207 0.823862 0.697445 0.819854 0.698234 0.818657 0.698289 0.811909 0.698176 0.808184 0.698234 0.805371 0.697895 0.804316 0.697391 0.804243
1 0.494773 1 0.494738 0.99855 0.494426 0.995425 0.494152 0.993618 0.493918 0.992056 0.49423 0.98981 0.494895 0.988784 0.495012 0.986733 0.495285 0.984292 0.495793 0.983071 0.496613 0.982534 0.498176 0.982388 0.499504 0.982534 0.499934 0.982046 0.501145 0.981899 0.502004 0.983022 0.503137 0.984585 0.503879 0.987905 0.505207 0.991421 0.505988 0.996108 0.506191 1
1 0.547754 0.704038 0.548301 0.705796 0.548926 0.70687 0.548809 0.708823 0.548848 0.710581 0.55002 0.711899 0.550801 0.714097 0.552363 0.716099 0.554707 0.718198 0.556074 0.719028 0.557988 0.720737 0.560605 0.721274 0.561934 0.721812 0.562793 0.721763 0.563379 0.72103 0.564004 0.718833 0.564629 0.717124 0.565176 0.715659 0.565215 0.713706 0.564668 0.711167 0.563926 0.708677 0.562441 0.706675 0.559824 0.704966 0.557285 0.704282 0.554043 0.703452 0.551719 0.703613 0.549727 0.701709 0.548848 0.702231 0.548262 0.70311
1 0.213156 0.226768 0.211977 0.228169 0.211191 0.228379 0.21018 0.227891 0.209957 0.227256 0.211867 0.2248 0.213102 0.222905 0.215012 0.222695 0.215629 0.221782 0.216641 0.221572 0.217313 0.223467 0.219563 0.228594 0.221977 0.231538 0.225684 0.237017 0.227199 0.240879 0.227594 0.24439 0.228098 0.248037 0.227535 0.253232 0.226246 0.256392 0.223492 0.259341 0.221078 0.259204 0.21827 0.258428 0.217035 0.2552 0.215125 0.250073 0.213438 0.245933 0.212879 0.243125 0.212988 0.237788 0.213102 0.234697 0.213383 0.231611 0.213887 0.229292 0.213777 0.227891
1 0.101734 0.374473 0.0995313 0.376289 0.0984531 0.378809 0.0978906 0.382559 0.0980313 0.386543 0.0983125 0.390762 0.0991563 0.393105 0.0992031 0.395449 0.0999063 0.397617 0.0994375 0.398262 0.0996719 0.400371 0.10075 0.40166 0.103 0.402246 0.10525 0.401602 0.107875 0.401309 0.111437 0.400547 0.112563 0.399375 0.113828 0.396328 0.115047 0.393281 0.115234 0.38918 0.114766 0.384492 0.114109 0.381973 0.11275 0.378691 0.109469 0.376172 0.108344 0.374531 0.10525 0.373828 0.103281 0.374063
1 0.192488 0.523086 0.189621 0.523721 0.18816 0.524634 0.185684 0.52625 0.183941 0.529976 0.181973 0.535249 0.180621 0.541509 0.179777 0.544814 0.178426 0.546924 0.178316 0.548818 0.179723 0.549453 0.180621 0.550576 0.180789 0.553037 0.182082 0.553882 0.183152 0.554937 0.184504 0.553955 0.185348 0.55332 0.18709 0.553252 0.188664 0.55332 0.189957 0.553252 0.190578 0.551494 0.191195 0.547344 0.191871 0.54207 0.192941 0.537217 0.193391 0.532368 0.193391 0.526743 0.193445 0.523438
1 0.937398 0.688926 0.937445 0.687109 0.937539 0.683945 0.938477 0.683887 0.940398 0.683652 0.944195 0.683535 0.950008 0.684473 0.952773 0.685937 0.954977 0.689043 0.956711 0.691914 0.958352 0.694199 0.960273 0.695605 0.960508 0.698242 0.96182 0.699531 0.963039 0.700762 0.963086 0.702168 0.962898 0.703164 0.961445 0.703398 0.960461 0.704688 0.95718 0.705801 0.95132 0.704922 0.949164 0.703574 0.945789 0.701406 0.944008 0.699824 0.942367 0.697246 0.941055 0.694902 0.939273 0.692383 0.938195 0.691094
1 0.7035 0.119106 0.70307 0.117886 0.70307 0.116323 0.703539 0.115542 0.704516 0.114517 0.705023 0.113491 0.706508 0.112759 0.707875 0.112271 0.710219 0.112661 0.712445 0.114224 0.714008 0.11686 0.714281 0.122573 0.715688 0.12394 0.716 0.126919 0.716156 0.130776 0.715375 0.134731 0.714281 0.136294 0.7135 0.138101 0.712484 0.139224 0.709906 0.139761 0.707172 0.139321 0.706352 0.137808 0.706039 0.134292 0.705023 0.131899 0.703773 0.130044 0.702992 0.127798 0.702992 0.123354 0.703188 0.121792 0.703672 0.121143 0.703734 0.11979
1 0.721875 0.0248047 0.721445 0.0275586 0.721023 0.0327148 0.721352 0.0362891 0.72182 0.0413281 0.722336 0.0428516 0.722992 0.0449023 0.724492 0.0450781 0.72557 0.044082 0.72857 0.0437891 0.728992 0.0446094 0.73068 0.0450195 0.73143 0.0438477 0.733539 0.0419727 0.735555 0.0393945 0.73682 0.0382813 0.738555 0.0379297 0.740852 0.0374609 0.741461 0.0363477 0.741367 0.0319531 0.742492 0.0306641 0.743195 0.0286133 0.743148 0.0267969 0.741977 0.0249219 0.739211 0.0250977 0.738086 0.0236328 0.737383 0.0228711 0.734711 0.0226367 0.733727 0.0231055 0.730492 0.0235156 0.728523 0.024043 0.726273 0.0245703 0.724492 0.0243945 0.723133 0.0242773
1 0.484754 0.808257 0.485551 0.809194 0.485879 0.812651 0.488691 0.81564 0.489535 0.818745 0.49052 0.819741 0.491082 0.821147 0.491785 0.822671 0.492301 0.825659 0.493285 0.828179 0.494129 0.830405 0.49591 0.833452 0.496426 0.834683 0.497504 0.834097 0.500316 0.833804 0.50266 0.832925 0.503316 0.831284 0.504254 0.828706 0.504113 0.824722 0.50416 0.82314 0.503457 0.820562 0.503129 0.818218 0.501629 0.815405 0.499941 0.813765 0.497176 0.812065 0.495957 0.810776 0.493285 0.808726 0.49127 0.807437 0.488926 0.806558 0.487801 0.805327 0.486957 0.804976 0.486113 0.805562 0.485082 0.806968
1 3.90625e-06 0.330112 0.00340625 0.328696 0.00551562 0.327681 0.00713281 0.329102 0.00802344 0.331328 0.00916016 0.33376 0.00916016 0.343374 0.00802344 0.347222 0.00680859 0.352085 0.00526953 0.357046 0.00389453 0.360283 0.00203125 0.361299 8.59375e-05 0.361396
1 0.528754 0.641631 0.527629 0.644233 0.527234 0.648101 0.527402 0.650986 0.528078 0.654922 0.529484 0.656045 0.530832 0.657734 0.533195 0.660264 0.535164 0.662656 0.537359 0.663359 0.538934 0.662656 0.54152 0.66167 0.543152 0.660967 0.546133 0.660195 0.547203 0.659702 0.547598 0.658579 0.547539 0.657451 0.545738 0.65647 0.543547 0.654287 0.541859 0.652393 0.541297 0.650771 0.540848 0.647959 0.540676 0.64543 0.540676 0.64374 0.539551 0.641494 0.537078 0.639595 0.535504 0.638892 0.532691 0.638818 0.531676 0.638818 0.531004 0.639102 0.529707 0.640508
1 0.539211 0.603208 0.537578 0.604189 0.535441 0.605317 0.533023 0.607847 0.532066 0.613472 0.531672 0.616494 0.531055 0.620996 0.531164 0.625635 0.531617 0.628169 0.532742 0.630347 0.534711 0.633369 0.535836 0.634775 0.537465 0.636113 0.539773 0.636606 0.541289 0.637588 0.542809 0.637236 0.54343 0.635693 0.544102 0.632666 0.543316 0.631685 0.543258 0.628169 0.543766 0.62627 0.543766 0.620928 0.544836 0.618955 0.54607 0.61748 0.546242 0.613193 0.546184 0.612139 0.545398 0.610801 0.545059 0.608901 0.544664 0.60644 0.544102 0.60356 0.54309 0.602153 0.541684 0.602222 0.540164 0.602783
1 0.55159 0.609434 0.55159 0.612852 0.552215 0.614121 0.553152 0.615 0.553543 0.617246 0.555066 0.618516 0.556629 0.620371 0.559637 0.622471 0.563387 0.623105 0.56741 0.623203 0.57241 0.62335 0.575184 0.622715 0.576473 0.620127 0.576355 0.616221 0.576512 0.613926 0.577176 0.6129 0.578426 0.612803 0.57866 0.611875 0.57827 0.610508 0.577645 0.60958 0.576355 0.609922 0.574988 0.611094 0.573895 0.611973 0.573035 0.611777 0.571824 0.610947 0.56991 0.608945 0.567957 0.60709 0.565223 0.604746 0.561473 0.604307 0.559246 0.604502 0.55616 0.605576 0.553543 0.606406 0.552449 0.607725
1 0.610992 0.597812 0.609305 0.597461 0.607617 0.596172 0.605555 0.596934 0.601711 0.599102 0.599789 0.600098 0.597445 0.603496 0.595617 0.606309 0.595195 0.609355 0.593742 0.610527 0.593273 0.61252 0.593742 0.618262 0.594398 0.620254 0.595242 0.621602 0.595336 0.623008 0.595242 0.625879 0.596133 0.626758 0.597117 0.627402 0.597352 0.626992 0.597539 0.625996 0.597773 0.625059 0.599227 0.624121 0.601898 0.622246 0.604852 0.618906 0.607242 0.618027 0.60832 0.616035 0.609539 0.614746 0.61118 0.61041 0.612258 0.609062 0.613242 0.606309 0.614133 0.604492 0.614648 0.602324 0.613805 0.60127 0.612914 0.600098 0.612023 0.599277
1 0.622812 0.611279 0.62107 0.612344 0.618586 0.614395 0.617977 0.616855 0.618445 0.619844 0.619898 0.622422 0.621023 0.624824 0.623273 0.626641 0.626227 0.628164 0.62843 0.628633 0.63007 0.628809 0.630867 0.627109 0.63218 0.624238 0.633586 0.621895 0.634617 0.62002 0.635742 0.619551 0.635836 0.615391 0.635742 0.612168 0.635273 0.610352 0.634195 0.608418 0.633023 0.607129 0.63082 0.606602 0.627539 0.605957 0.625758 0.607305 0.624398 0.609297 0.623508 0.610645
1 0.690746 0.409639 0.691332 0.411201 0.691957 0.414229 0.692816 0.417207 0.694965 0.419111 0.697465 0.42165 0.697855 0.422725 0.69891 0.423115 0.700746 0.424238 0.702621 0.425605 0.705043 0.427217 0.706879 0.427754 0.709613 0.426826 0.712309 0.425605 0.713676 0.423604 0.713871 0.421357 0.71434 0.419746 0.71477 0.417695 0.714145 0.414863 0.712504 0.413057 0.71184 0.411152 0.710121 0.40959 0.708129 0.40876 0.704535 0.407148 0.701918 0.405781 0.69934 0.404365 0.697582 0.404121 0.69602 0.40373 0.694926 0.402656 0.694105 0.40251 0.692504 0.403682 0.692031 0.405273 0.691914 0.407813 0.690977 0.408008
1 0.364305 0.928286 0.362754 0.929722 0.360789 0.931743 0.358223 0.933516 0.356543 0.934277 0.355656 0.937822 0.354719 0.943389 0.354512 0.951318 0.356473 0.954609 0.357691 0.95731 0.359379 0.959502 0.361402 0.961108 0.362953 0.960771 0.363352 0.95959 0.362414 0.958071 0.361809 0.956973 0.361875 0.955708 0.363488 0.954609 0.364637 0.952671 0.365453 0.949126 0.365656 0.946172 0.367336 0.943472 0.367816 0.940098 0.367816 0.937651 0.368684 0.935625 0.369434 0.934023 0.369367 0.932422 0.367816 0.930059 0.36707 0.929131 0.366465 0.927949 0.365184 0.927949
1 0.554824 1 0.555516 0.997578 0.555703 0.994062 0.555656 0.991836 0.556359 0.989199 0.557438 0.988145 0.558047 0.987324 0.558563 0.9875 0.558844 0.987969 0.560578 0.988613 0.56175 0.99002 0.562031 0.992246 0.562406 0.994297 0.563719 0.996172 0.566062 0.998398 0.566684 1
1 0.746855 0.959956 0.744559 0.95978 0.743152 0.958784 0.743012 0.957144 0.743668 0.956265 0.745777 0.954917 0.748309 0.953452 0.750512 0.952456 0.752059 0.95187 0.754027 0.951343 0.756137 0.950991 0.756605 0.949761 0.757121 0.949175 0.758246 0.949233 0.758668 0.95064 0.758574 0.955562 0.758434 0.957085 0.75698 0.957144 0.755199 0.958081 0.751262 0.960015
1 0.486117 0.742026 0.484852 0.742729 0.483023 0.742788 0.481523 0.742378 0.480633 0.741089 0.48082 0.7398 0.481852 0.738394 0.483398 0.737749 0.484008 0.736636 0.484617 0.733765 0.485555 0.731831 0.487102 0.729839 0.489398 0.728315 0.493477 0.728198 0.498352 0.728433 0.501398 0.728257 0.502523 0.727261 0.504023 0.727085 0.505148 0.728315 0.50693 0.730308 0.507727 0.733003 0.508055 0.734995 0.508148 0.738042 0.505055 0.742671 0.502336 0.745776 0.499055 0.746011 0.494133 0.745425 0.490055 0.743257
1 0.612422 0.500977 0.612465 0.503369 0.612012 0.505972 0.612465 0.507588 0.612574 0.509277 0.614434 0.512017 0.61702 0.513848 0.619664 0.515884 0.626809 0.515884 0.628664 0.514619 0.63125 0.512935 0.63384 0.512441 0.635637 0.511597 0.637043 0.511313 0.638508 0.512651 0.638902 0.51188 0.638508 0.510122 0.637605 0.507939 0.636145 0.50604 0.635469 0.504146 0.634121 0.503931 0.63232 0.502876 0.630406 0.501401 0.627539 0.501333 0.624613 0.500981 0.623434 0.500205 0.62152 0.500137 0.619551 0.499644 0.616965 0.498799 0.615219 0.499575 0.614262 0.49936 0.612969 0.499082 0.61173 0.498306 0.611508 0.498799 0.611563 0.499575 0.612012 0.500278
1 0.60773 0.466719 0.607121 0.471191 0.607527 0.475835 0.608676 0.479629 0.611375 0.48562 0.613805 0.489419 0.616707 0.49355 0.619203 0.494312 0.62332 0.494395 0.627305 0.494312 0.628723 0.492959 0.628926 0.491104 0.629602 0.489839 0.629871 0.489248 0.629398 0.487812 0.627641 0.485703 0.626227 0.484272 0.625008 0.483931 0.623188 0.48022 0.6215 0.477603 0.620148 0.474565 0.617246 0.472373 0.613805 0.471025 0.612926 0.47001 0.611645 0.468579 0.61016 0.466719 0.609891 0.465791 0.608406 0.466045
1 0.790766 0.262471 0.790297 0.264932 0.788797 0.267627 0.788047 0.270439 0.788422 0.273135 0.789453 0.277178 0.789969 0.283213 0.790672 0.28585 0.791844 0.2879 0.79325 0.289365 0.796297 0.288896 0.798172 0.287549 0.800609 0.287197 0.802297 0.283857 0.802297 0.278936 0.801969 0.275713 0.800984 0.273486 0.800047 0.271143 0.798453 0.268916 0.796719 0.266104 0.794844 0.263291 0.793578 0.263057 0.792172 0.262354 0.791703 0.262119
1 0.331496 0.371968 0.331324 0.377666 0.332227 0.378511 0.333746 0.38146 0.334758 0.383569 0.335824 0.38582 0.336613 0.38814 0.337906 0.390884 0.339258 0.3925 0.342352 0.3925 0.347246 0.391377 0.349437 0.390322 0.349945 0.388354 0.349324 0.386313 0.348426 0.384697 0.346906 0.380195 0.345727 0.375557 0.344094 0.373867 0.342406 0.372041 0.340777 0.371128 0.340215 0.36937 0.339762 0.367471 0.338527 0.365781 0.337793 0.365571 0.336559 0.365854 0.335094 0.366558 0.333125 0.368101 0.332 0.369507
1 0.0798633 0.278623 0.0795352 0.2798 0.0783633 0.281323 0.0772852 0.282847 0.0765352 0.287124 0.0764883 0.292573 0.0769102 0.296201 0.0790195 0.299839 0.0806133 0.302119 0.0835195 0.305288 0.0848789 0.306636 0.087125 0.307222 0.0876445 0.308218 0.0886289 0.309272 0.0894258 0.308569 0.090832 0.30769 0.0931758 0.306694 0.0950977 0.302944 0.0955664 0.298257 0.0955195 0.293213 0.0950977 0.289932 0.0941133 0.287002 0.091957 0.284482 0.0896133 0.282261 0.087082 0.280503 0.0855352 0.279038 0.0835195 0.278623 0.0829063 0.277627 0.0820625 0.277046 0.080332 0.277339 0.0798164 0.277749
1 0.440508 0.338804 0.439043 0.34063 0.43657 0.342529 0.436008 0.343867 0.436008 0.34731 0.436793 0.348716 0.43775 0.351743 0.43848 0.353428 0.438652 0.363203 0.438934 0.365029 0.439664 0.36707 0.441465 0.368618 0.444219 0.370161 0.446246 0.370864 0.448945 0.371079 0.450914 0.370864 0.451363 0.369038 0.451137 0.367915 0.451926 0.365103 0.452094 0.36229 0.451871 0.360742 0.451699 0.354063 0.451137 0.350264 0.448945 0.346821 0.447199 0.34478 0.446582 0.342529 0.444219 0.34 0.443488 0.338311 0.44259 0.337187 0.441633 0.337046
1 0.28652 0.708516 0.285855 0.709443 0.284176 0.711006 0.282105 0.71335 0.278629 0.716816 0.27648 0.718232 0.274488 0.719795 0.270738 0.7196 0.267809 0.71916 0.267184 0.716768 0.267066 0.712031 0.267301 0.707246 0.268082 0.706807 0.268746 0.704072 0.269527 0.702656 0.27066 0.700752 0.272184 0.699189 0.274371 0.698848 0.276441 0.697676 0.27816 0.697334 0.279371 0.697187 0.281559 0.697432 0.283277 0.698066 0.284918 0.700557 0.285191 0.702266 0.285621 0.704121 0.28652 0.704854 0.286715 0.706123
1 0.00537891 0.364702 0.00717578 0.361577 0.00912891 0.359233 0.0114336 0.357378 0.0145195 0.357231 0.0195586 0.357183 0.0213945 0.358257 0.0259648 0.359575 0.027918 0.360942 0.0278398 0.363042 0.025418 0.367437 0.0226055 0.371538 0.0207305 0.372271 0.0182305 0.37437 0.0168633 0.376323 0.0143633 0.37769 0.012293 0.378081 0.00920703 0.376372 0.00432422 0.372563 0.00315234 0.371099 0.00354297 0.369341 0.00416797 0.366509
1 0.305418 0.411279 0.303777 0.412793 0.30241 0.412549 0.301434 0.412402 0.300262 0.413379 0.29952 0.414014 0.299129 0.413232 0.29909 0.410986 0.299207 0.407813 0.299324 0.40415 0.300105 0.401514 0.300848 0.399707 0.302723 0.396729 0.304168 0.395508 0.306238 0.393701 0.309207 0.393408 0.312293 0.393262 0.314168 0.39375 0.317215 0.394385 0.319168 0.396094 0.320887 0.397314 0.322215 0.398389 0.323152 0.399902 0.324012 0.401758 0.323973 0.403027 0.323152 0.403223 0.322566 0.404736 0.320965 0.407031 0.317645 0.408496 0.316902 0.41001 0.314246 0.410986 0.310535 0.41084 0.307684 0.411084
1 0.240574 0.626655 0.240293 0.624487 0.238371 0.621968 0.236309 0.619155 0.233262 0.618101 0.230352 0.618335 0.227027 0.620093 0.22332 0.623784 0.220043 0.627417 0.218121 0.631929 0.218074 0.634976 0.219293 0.638257 0.222477 0.641187 0.224965 0.643179 0.227258 0.643472 0.229699 0.643062 0.231523 0.642476 0.23373 0.639487 0.236402 0.635151 0.238371 0.632808 0.239965 0.631929 0.242813 0.631689 0.242891 0.630176 0.242656 0.628564 0.241793 0.627944 0.240762 0.62771
1 0.250141 0.815742 0.250422 0.813208 0.252336 0.812646 0.253629 0.811523 0.25543 0.807935 0.256664 0.80646 0.258633 0.806387 0.261391 0.807583 0.263359 0.810957 0.264371 0.812788 0.265328 0.815176 0.266789 0.816865 0.267523 0.818906 0.268027 0.820381 0.267859 0.82207 0.267297 0.822632 0.26707 0.825654 0.26516 0.826641 0.263246 0.82748 0.260941 0.828398 0.259648 0.82917 0.258691 0.82959 0.255539 0.829453 0.25318 0.827622 0.25284 0.825371 0.252504 0.822559 0.251098 0.820874 0.250703 0.818975 0.25059 0.817358
1 0.35482 0.706592 0.354469 0.708154 0.355133 0.710059 0.354977 0.712012 0.355055 0.714551 0.354234 0.717969 0.353609 0.722163 0.354391 0.724219 0.355719 0.726025 0.357203 0.727148 0.358414 0.728076 0.360172 0.728267 0.362555 0.727534 0.365094 0.726221 0.367203 0.72436 0.368688 0.721533 0.36943 0.718745 0.369352 0.717187 0.369039 0.716504 0.368727 0.712397 0.368531 0.7104 0.367516 0.708203 0.365523 0.705957 0.364039 0.70415 0.363414 0.702783 0.362242 0.701465 0.361539 0.701655 0.360312 0.702393 0.358766 0.703174 0.357164 0.703906 0.355563 0.705317
1 0.680703 0.557227 0.682273 0.555894 0.683328 0.555063 0.684031 0.555356 0.6845 0.557358 0.684031 0.558677 0.683953 0.559653 0.685125 0.560679 0.686063 0.56146 0.686688 0.563901 0.686766 0.565903 0.686219 0.568491 0.685359 0.570054 0.683328 0.571128 0.680633 0.572349 0.676961 0.573325 0.675242 0.574058 0.674188 0.575034 0.671805 0.575083 0.670125 0.574839 0.667273 0.573228 0.666453 0.57103 0.666023 0.569126 0.666023 0.566538 0.666648 0.563706 0.668719 0.560874 0.671297 0.55853 0.672625 0.557603 0.675867 0.557212 0.679773 0.557065
1 0.748527 0.689277 0.749934 0.690596 0.751809 0.692451 0.753918 0.69499 0.755754 0.697041 0.757746 0.699727 0.758137 0.701826 0.757902 0.705049 0.755988 0.705879 0.754113 0.706416 0.752395 0.708027 0.747395 0.708906 0.745285 0.70876 0.743254 0.706904 0.74134 0.704121 0.740012 0.702803 0.737668 0.700117 0.735402 0.697383 0.733645 0.696895 0.732668 0.694795 0.731652 0.693525 0.73091 0.693086 0.730129 0.692158 0.730637 0.691475 0.731105 0.690693 0.731184 0.689326 0.731965 0.687471 0.73341 0.687666 0.733996 0.688496 0.73548 0.687959 0.737238 0.687568 0.739504 0.687764 0.742199 0.687813 0.743801 0.68791 0.746301 0.688301
1 0.775406 0.398843 0.774891 0.400601 0.773578 0.402827 0.772219 0.404233 0.77025 0.404761 0.768141 0.407163 0.766547 0.409624 0.764437 0.412144 0.763172 0.41437 0.763078 0.417944 0.763641 0.419058 0.763641 0.420405 0.763172 0.423276 0.762703 0.424507 0.763453 0.426968 0.764813 0.427261 0.767344 0.426851 0.768797 0.426499 0.7695 0.425796 0.770109 0.425269 0.773531 0.424917 0.774984 0.425562 0.775406 0.427202 0.776531 0.427026 0.776625 0.425269 0.778641 0.4248 0.778687 0.423452 0.778078 0.42187 0.777234 0.421636 0.776672 0.421108 0.776719 0.419409 0.777844 0.418003 0.78 0.414487 0.780469 0.412202 0.780516 0.409741 0.78 0.408276 0.779109 0.406577 0.778594 0.404292 0.778547 0.401421 0.777094 0.399722 0.776484 0.398608 0.776297 0.397905 0.775828 0.398081
1 0.843941 0.220781 0.842617 0.220342 0.841367 0.220098 0.840977 0.221318 0.841367 0.22249 0.842539 0.22293 0.842812 0.223711 0.8425 0.225469 0.842184 0.226836 0.842379 0.228691 0.843633 0.230059 0.845586 0.232012 0.848555 0.234209 0.853242 0.234453 0.855742 0.233477 0.858281 0.231621 0.861289 0.228936 0.862461 0.227129 0.863082 0.226104 0.864375 0.225225 0.866207 0.224639 0.867031 0.223369 0.866875 0.222002 0.86668 0.221123 0.8675 0.220586 0.867812 0.220098 0.867695 0.219023 0.866484 0.218047 0.865426 0.217168 0.864727 0.215654 0.862656 0.215068 0.85875 0.214775 0.856797 0.214775 0.854727 0.215801 0.852617 0.216582 0.850625 0.217461 0.848555 0.218779 0.847539 0.219707 0.846953 0.220244 0.84582 0.220439
1 0.685426 0.857065 0.684246 0.857344 0.683625 0.856572 0.683906 0.855586 0.684582 0.854604 0.684695 0.853335 0.684809 0.85186 0.68475 0.850596 0.685031 0.849116 0.686496 0.847852 0.690152 0.84729 0.695215 0.848555 0.697969 0.849819 0.700895 0.852773 0.703934 0.855093 0.705902 0.856782 0.706914 0.857837 0.707027 0.861772 0.706293 0.865713 0.705676 0.868101 0.704496 0.869858 0.701457 0.870703 0.700895 0.871968 0.699937 0.872041 0.697574 0.870562 0.694707 0.868174 0.691895 0.86501 0.689926 0.8629 0.688184 0.860649 0.686887 0.859385
1 0.859285 0.999917 0.859598 0.997866 0.860652 0.99645 0.86323 0.994448 0.866355 0.993081 0.869871 0.992153 0.873152 0.991714 0.87659 0.993472 0.87784 0.995327 0.878543 0.997378 0.878801 1 0.861855 1
0 0.0647148 0.160581 0.0639883 0.159468 0.0647148 0.157236 0.0648789 0.154604 0.0656875 0.153696 0.0675508 0.155415 0.0708711 0.158755 0.0724922 0.161997 0.0749219 0.167466 0.0752461 0.170503 0.0748398 0.176377 0.0737891 0.18083 0.0716016 0.185586 0.0681992 0.189741 0.067957 0.192476 0.0673086 0.194399 0.0657695 0.193589 0.0636641 0.191157 0.0618828 0.188828 0.0605039 0.186499 0.0601016 0.181436 0.060668 0.178501 0.0612344 0.172832 0.0622852 0.16959 0.0631758 0.166147 0.0639883 0.163618
1 0.564414 0.866743 0.565539 0.870894 0.568184 0.874409 0.571672 0.878066 0.575102 0.881021 0.580391 0.882637 0.584328 0.882637 0.58759 0.881299 0.589895 0.878979 0.590008 0.875957 0.589277 0.875254 0.587758 0.875112 0.586746 0.873774 0.585566 0.871738 0.584258 0.868555 0.583047 0.865674 0.581008 0.861191 0.578758 0.859854 0.575215 0.860415 0.573414 0.861401 0.570715 0.863091 0.567957 0.864355 0.565371 0.864424 0.564246 0.865127
1 0.664961 0.633203 0.665219 0.640903 0.666906 0.643267 0.668391 0.644956 0.669406 0.647231 0.670621 0.648584 0.67143 0.650103 0.672172 0.650947 0.67332 0.65103 0.67332 0.652378 0.673926 0.652632 0.675344 0.651284 0.676898 0.649258 0.678652 0.647231 0.681148 0.644028 0.681082 0.634829 0.680473 0.631709 0.679191 0.629009 0.677844 0.62749 0.675816 0.625381 0.672375 0.624282 0.669539 0.624111 0.665422 0.624956 0.664141 0.626055 0.663059 0.627573 0.662453 0.629429 0.662926 0.631621 0.663871 0.6323
1 0.0972656 0.103027 0.096875 0.103516 0.0964844 0.103516 0.09375 0.106934 0.09375 0.10791 0.0933594 0.108398 0.0933594 0.109863 0.0929688 0.110352 0.0929688 0.119141 0.0941406 0.120605 0.0957031 0.120605 0.096875 0.119141 0.096875 0.118652 0.0972656 0.118164 0.0972656 0.117676 0.0992187 0.115234 0.0996094 0.115234 0.100391 0.114258 0.100781 0.114258 0.101172 0.11377 0.101562 0.11377 0.103125 0.111816 0.103516 0.111816 0.105078 0.109863 0.105469 0.109863 0.106641 0.108398 0.106641 0.105957 0.105078 0.104004 0.104688 0.104004 0.104297 0.103516 0.100391 0.103516 0.1 0.103027
1 0.168359 0.210938 0.167187 0.212402 0.167187 0.214844 0.166797 0.215332 0.166797 0.217773 0.166406 0.218262 0.166406 0.221191 0.166016 0.22168 0.166016 0.222656 0.165625 0.223145 0.165625 0.223633 0.164844 0.224609 0.164453 0.224609 0.162891 0.222656 0.162891 0.222168 0.1625 0.22168 0.1625 0.221191 0.160938 0.219238 0.159375 0.219238 0.158203 0.220703 0.158203 0.229492 0.160156 0.231934 0.160938 0.231934 0.161328 0.232422 0.164844 0.232422 0.165234 0.231934 0.165625 0.231934 0.166797 0.230469 0.167187 0.230469 0.169141 0.228027 0.169141 0.227539 0.169531 0.227051 0.169531 0.226562 0.170313 0.225586 0.170313 0.225098 0.171094 0.224121 0.171094 0.223145 0.171484 0.222656 0.171484 0.222168 0.171875 0.22168 0.171875 0.220703 0.172656 0.219727 0.172656 0.212402 0.171484 0.210938
1 0.169531 0.254883 0.167969 0.256836 0.167969 0.257324 0.166797 0.258789 0.166406 0.258789 0.166016 0.259277 0.165625 0.259277 0.163672 0.261719 0.163672 0.262695 0.1625 0.26416 0.1625 0.265625 0.162109 0.266113 0.162109 0.270508 0.1625 0.270996 0.1625 0.271973 0.163281 0.272949 0.163281 0.273438 0.166016 0.276855 0.167578 0.276855 0.16875 0.275391 0.16875 0.274414 0.169141 0.273926 0.169141 0.272949 0.169531 0.272461 0.169531 0.271973 0.169922 0.271484 0.169922 0.270996 0.170313 0.270508 0.170313 0.269531 0.171484 0.268066 0.171484 0.267578 0.172656 0.266113 0.172656 0.265625 0.174219 0.263672 0.174609 0.263672 0.175 0.263184 0.175391 0.263184 0.176563 0.261719 0.176563 0.26123 0.176953 0.260742 0.176953 0.256348 0.175781 0.254883
1 0.158594 0.300293 0.157422 0.301758 0.157422 0.303223 0.157031 0.303711 0.157031 0.304688 0.156641 0.305176 0.156641 0.305664 0.15625 0.306152 0.15625 0.306641 0.154297 0.309082 0.154297 0.30957 0.153516 0.310547 0.153516 0.312012 0.153125 0.3125 0.153125 0.314453 0.152734 0.314941 0.152734 0.31543 0.150391 0.318359 0.150391 0.318848 0.15 0.319336 0.15 0.320801 0.149219 0.321777 0.149219 0.32666 0.151172 0.329102 0.151953 0.329102 0.152344 0.32959 0.152734 0.32959 0.153125 0.330078 0.153516 0.330078 0.153906 0.330566 0.15625 0.330566 0.157422 0.329102 0.157422 0.325684 0.158984 0.32373 0.158984 0.322754 0.160156 0.321289 0.160156 0.319824 0.160547 0.319336 0.160547 0.318848 0.160938 0.318359 0.160938 0.30957 0.161328 0.309082 0.161328 0.301758 0.160156 0.300293
1 0.348828 0.352051 0.348438 0.352539 0.347266 0.352539 0.346875 0.353027 0.346094 0.353027 0.345703 0.353516 0.345313 0.353516 0.344922 0.354004 0.344531 0.354004 0.344141 0.354492 0.34375 0.354492 0.342969 0.355469 0.342187 0.355469 0.341797 0.355957 0.341406 0.355957 0.340625 0.356934 0.340234 0.356934 0.339062 0.358398 0.339062 0.36084 0.340234 0.362305 0.344141 0.362305 0.344531 0.362793 0.345313 0.362793 0.345703 0.363281 0.349609 0.363281 0.35 0.362793 0.350391 0.362793 0.350781 0.362305 0.351562 0.362305 0.351953 0.361816 0.352734 0.361816 0.353125 0.361328 0.353906 0.361328 0.354297 0.36084 0.354687 0.36084 0.355078 0.360352 0.35625 0.360352 0.356641 0.359863 0.357031 0.359863 0.358594 0.35791 0.358594 0.355469 0.35625 0.352539 0.355469 0.352539 0.355078 0.352051
1 0.513281 0.740234 0.512891 0.740723 0.5125 0.740723 0.512109 0.741211 0.511719 0.741211 0.511328 0.741699 0.510547 0.741699 0.510156 0.742188 0.508594 0.742188 0.508203 0.742676 0.507422 0.742676 0.507031 0.743164 0.506641 0.743164 0.50625 0.743652 0.505859 0.743652 0.503906 0.746094 0.503906 0.746582 0.503516 0.74707 0.503516 0.759766 0.504687 0.76123 0.50625 0.76123 0.509375 0.757324 0.509375 0.756836 0.509766 0.756348 0.509766 0.755859 0.510156 0.755371 0.510156 0.754883 0.510547 0.754395 0.510547 0.753906 0.511328 0.75293 0.511328 0.751953 0.511719 0.751465 0.511719 0.750977 0.5125 0.75 0.5125 0.749512 0.512891 0.749023 0.512891 0.748535 0.513281 0.748047 0.513281 0.747559 0.513672 0.74707 0.513672 0.746582 0.514844 0.745117 0.515234 0.745117 0.516406 0.743652 0.516406 0.741699 0.515234 0.740234
2 0.839844 0.864746 0.839453 0.865234 0.838672 0.865234 0.838281 0.865723 0.837891 0.865723 0.8375 0.866211 0.837109 0.866211 0.836719 0.866699 0.836328 0.866699 0.835938 0.867188 0.835156 0.867188 0.833984 0.868652 0.833594 0.868652 0.832812 0.869629 0.832422 0.869629 0.831641 0.870605 0.83125 0.870605 0.830859 0.871094 0.830469 0.871094 0.829688 0.87207 0.829297 0.87207 0.826562 0.875488 0.826562 0.87793 0.827734 0.879395 0.829297 0.879395 0.829688 0.878906 0.830078 0.878906 0.830469 0.878418 0.830859 0.878418 0.831641 0.877441 0.832422 0.877441 0.832812 0.876953 0.833594 0.876953 0.833984 0.876465 0.834375 0.876465 0.834766 0.875977 0.835156 0.875977 0.835547 0.875488 0.836719 0.875488 0.8375 0.874512 0.837891 0.874512 0.838281 0.874023 0.839063 0.874023 0.839453 0.873535 0.841016 0.873535 0.841406 0.873047 0.842969 0.873047 0.843359 0.872559 0.844922 0.872559 0.845313 0.87207 0.845703 0.87207 0.846875 0.870605 0.846875 0.866699 0.845703 0.865234 0.844531 0.865234 0.844141 0.864746
1 0.505469 0 0.50625 0.000976562 0.506641 0.000976562 0.507422 0.00195312 0.507812 0.00195312 0.508203 0.00244141 0.508984 0.00244141 0.509375 0.00292969 0.510156 0.00292969 0.510938 0.00390625 0.512109 0.00390625 0.5125 0.00439453 0.513281 0.00439453 0.513672 0.00488281 0.514453 0.00488281 0.514844 0.00537109 0.516016 0.00537109 0.516797 0.00634766 0.517578 0.00634766 0.518359 0.00732422 0.51875 0.00732422 0.519141 0.0078125 0.522656 0.0078125 0.523047 0.00732422 0.523438 0.00732422 0.524609 0.00585938 0.524609 0.00244141 0.524219 0.00195312 0.524219 0.000976562 0.523438 0
2 0.021875 0.33252 0.0183594 0.336914 0.0183594 0.34082 0.021875 0.345215 0.0226562 0.345215 0.0230469 0.345703 0.0234375 0.345703 0.0238281 0.346191 0.0242188 0.346191 0.0246094 0.34668 0.025 0.34668 0.0257812 0.347656 0.0269531 0.347656 0.0277344 0.348633 0.0285156 0.348633 0.0289063 0.349121 0.03125 0.349121 0.0324219 0.347656 0.0324219 0.345215 0.0320312 0.344727 0.0320312 0.344238 0.0316406 0.34375 0.0316406 0.343262 0.0304687 0.341797 0.0300781 0.341797 0.0292969 0.34082 0.0289063 0.34082 0.0269531 0.338379 0.0265625 0.338379 0.0246094 0.335938 0.0246094 0.333984 0.0234375 0.33252
