1 0.100238 0.647891 0.0988789 0.646675 0.0976641 0.644893 0.0966562 0.642441 0.0942305 0.641348 0.0920742 0.640586 0.0911328 0.638828 0.0910664 0.636377 0.0910664 0.633682 0.0911328 0.631826 0.0918711 0.631572 0.0926172 0.632847 0.0925508 0.634604 0.0926172 0.636548 0.0933555 0.637637 0.0947734 0.637808 0.0964531 0.637554 0.0983437 0.636802 0.101578 0.637227 0.103402 0.636802 0.105352 0.637227 0.106566 0.638062 0.108789 0.641519 0.111352 0.645728 0.112563 0.648252 0.113367 0.652476 0.11432 0.657109 0.114184 0.660298 0.113914 0.662324 0.113652 0.664956 0.113176 0.666133 0.113312 0.667651 0.11466 0.669424 0.115871 0.670937 0.116609 0.672285 0.117418 0.673716 0.116746 0.675063 0.115871 0.676338 0.114254 0.674907 0.113582 0.673462 0.110883 0.669849 0.108457 0.667314 0.106496 0.665298 0.104613 0.661924 0.103332 0.659062 0.102121 0.655264 0.101316 0.651143 0.101109 0.649966
1 0.0228672 0.6854 0.0198555 0.686978 0.0162656 0.688677 0.0122852 0.689771 0.0085 0.690254 0.00762891 0.688677 0.00811328 0.686128 0.0107344 0.685156 0.0142266 0.681396 0.0180117 0.677153 0.0205352 0.673511 0.0236406 0.670234 0.0272344 0.668418 0.0300469 0.667808 0.0349961 0.667446 0.0393633 0.666719 0.0456719 0.666353 0.0493594 0.665142 0.0520781 0.662471 0.0554766 0.659561 0.057125 0.657134 0.0587773 0.654463 0.0608125 0.653496 0.0627539 0.652886 0.0632383 0.654707 0.0627539 0.657739 0.0612031 0.662227 0.0596484 0.666475 0.0568359 0.669507 0.0511094 0.674116 0.0470313 0.676543 0.041207 0.679941 0.0348984 0.683218 0.0304336 0.684673 0.0263594 0.684917
1 0.0230312 0.504404 0.0246797 0.500752 0.0252617 0.49543 0.0261367 0.489727 0.0275938 0.482812 0.0306016 0.478198 0.0334141 0.474199 0.0366172 0.471045 0.0401133 0.467402 0.0425391 0.465581 0.0438984 0.464854 0.0462266 0.463398 0.0474883 0.4629 0.0473906 0.465581 0.0458398 0.467754 0.0439922 0.471514 0.0417617 0.475288 0.0409844 0.478442 0.0395313 0.482202 0.0387539 0.48645 0.0364219 0.490078 0.0354531 0.493364 0.0336094 0.496763 0.0308906 0.501128 0.0291445 0.505498 0.0278828 0.507305 0.0255547 0.508896 0.0233203 0.509502 0.0217695 0.510107 0.0209375 0.507227 0.0203125 0.506104 0.0191406 0.504834 0.0188672 0.503613 0.0197305 0.503301 0.0207969 0.503071 0.0215742 0.503799
1 0 0.391992 0.00222266 0.391577 0.00582031 0.390728 0.00922266 0.390122 0.0122344 0.389634 0.0154414 0.389028 0.0172891 0.387813 0.0182617 0.386963 0.019332 0.386475 0.0196211 0.387813 0.0186484 0.389512 0.0174844 0.392188 0.0164141 0.39498 0.0156367 0.397651 0.0136914 0.400449 0.0110664 0.402998 0.00815234 0.405674 0.00542969 0.407495 0.00251563 0.409683 0 0.411143
1 0.00854297 0.358164 0.00542969 0.358047 0.003875 0.356953 0.00202734 0.355005 0.00192969 0.3527 0.00261328 0.349053 0.00397266 0.347354 0.00620703 0.344678 0.00863672 0.341763 0.0115547 0.339819 0.0150547 0.338242 0.0191367 0.337271 0.0227305 0.336538 0.0244805 0.337271 0.0258437 0.338726 0.0273008 0.34043 0.0287578 0.340791 0.0298281 0.342495 0.0309961 0.343706 0.0313828 0.345044 0.0313828 0.347354 0.0287578 0.348691 0.0257461 0.349419 0.0220508 0.350146 0.0190391 0.351362 0.0161211 0.353428 0.0131094 0.355249 0.0115547 0.357075
1 0.069582 0.345771 0.0679297 0.34395 0.0664727 0.341035 0.0655977 0.338604 0.0639453 0.335205 0.0633633 0.333018 0.0639453 0.332046 0.0658906 0.332529 0.0689023 0.33314 0.0728867 0.334111 0.0759023 0.336416 0.0778438 0.338726 0.0803711 0.341035 0.0822187 0.344922 0.0834805 0.346504 0.0849414 0.350146 0.0855234 0.354277 0.0860078 0.358164 0.0842617 0.362661 0.0817344 0.366914 0.0799844 0.369224 0.0787188 0.372383 0.0781367 0.374326 0.0775547 0.37627 0.0759961 0.376997 0.0745391 0.37481 0.0735664 0.372866 0.0736641 0.369951 0.0738594 0.366309 0.0740547 0.362539 0.0738594 0.358652 0.0736641 0.356587 0.0728867 0.354644 0.0723047 0.3527 0.0718164 0.350513 0.0710391 0.348691
1 0.112598 0.250073 0.112191 0.247646 0.111867 0.245723 0.112109 0.244204 0.111059 0.241772 0.10984 0.240356 0.108465 0.238633 0.107168 0.237217 0.10798 0.235698 0.109438 0.235493 0.113082 0.234585 0.114621 0.23418 0.115672 0.235088 0.115754 0.236509 0.117535 0.238228 0.119562 0.240356 0.121262 0.243291 0.123043 0.245723 0.124828 0.250073 0.125879 0.253213 0.127582 0.257871 0.127742 0.262427 0.127906 0.267593 0.128309 0.271035 0.128309 0.273262 0.128957 0.274375 0.129363 0.276094 0.128309 0.27731 0.127176 0.279131 0.126203 0.280044 0.123937 0.277715 0.121586 0.273867 0.118832 0.267896 0.117375 0.266172 0.115996 0.264551 0.11527 0.261313 0.113324 0.256353 0.112918 0.2523
1 0.0557187 0.182388 0.0523984 0.184009 0.0495625 0.186338 0.0469687 0.187349 0.0455938 0.185933 0.0472109 0.18249 0.0486719 0.179248 0.0518281 0.175605 0.0547461 0.172466 0.0571758 0.169731 0.0611445 0.169126 0.0658438 0.168618 0.0721602 0.167305 0.0739414 0.166494 0.0751563 0.164873 0.0762109 0.162139 0.0774258 0.161328 0.0788828 0.160015 0.0800156 0.159204 0.0805039 0.161128 0.0804219 0.162646 0.0805859 0.167808 0.0804219 0.173477 0.0782344 0.180264 0.0754805 0.182593 0.0699727 0.184111 0.0643828 0.183604 0.0611445 0.183096 0.0586328 0.18249
1 0.058082 0.0540869 0.054293 0.0573682 0.0512813 0.061377 0.0477812 0.0625928 0.0438945 0.0616211 0.0431133 0.0599219 0.0438945 0.0566406 0.046418 0.0534814 0.0483633 0.0482568 0.0519609 0.0420605 0.054293 0.0375635 0.0575977 0.0333105 0.0613867 0.0303955 0.065082 0.029668 0.0689687 0.0276025 0.0743164 0.0269922 0.0783008 0.0258984 0.0812187 0.0265088 0.0834531 0.0291797 0.0837461 0.0322168 0.0841328 0.0352539 0.0825781 0.0384131 0.0781055 0.0401172 0.072957 0.0427881 0.0698438 0.0450977 0.0676094 0.0480127 0.0652773 0.0503223 0.061 0.0523877
1 0.129355 0 0.126805 0.00342285 0.123887 0.00658203 0.119516 0.0104688 0.11582 0.0142383 0.114461 0.016665 0.115336 0.0189746 0.116988 0.020918 0.120195 0.0222559 0.124277 0.0226221 0.126902 0.0218896 0.131277 0.0203125 0.133898 0.0175146 0.135648 0.0133838 0.135359 0.0103467 0.136719 0.00548828 0.138566 0.00184082 0.139645 0
1 0.146828 0.00864746 0.142746 0.00901367 0.139051 0.0103467 0.136234 0.0121729 0.135746 0.0161816 0.136234 0.0204346 0.139051 0.0229834 0.144203 0.023833 0.147215 0.0246875 0.150715 0.0258984 0.157035 0.0260205 0.162086 0.0255371 0.164711 0.0220117 0.168309 0.0184863 0.170934 0.0163037 0.172586 0.0135059 0.174043 0.0113184 0.174336 0.00779785 0.173266 0.0071875 0.169766 0.00743164 0.166363 0.00864746 0.160922 0.00864746 0.157617 0.00876953 0.153824 0.00852539 0.149938 0.0088916
1 0.34107 0.0297852 0.33927 0.0285205 0.336906 0.0281006 0.333926 0.0276758 0.331844 0.0276758 0.331449 0.0262012 0.33173 0.0241602 0.331898 0.022124 0.333418 0.0209277 0.335949 0.0207861 0.340281 0.0202246 0.346133 0.0201563 0.348664 0.0212109 0.349168 0.0219141 0.350633 0.0226172 0.35198 0.023457 0.35502 0.0238086 0.358617 0.0238818 0.36132 0.0236719 0.363398 0.0226172 0.364582 0.0224023 0.365648 0.0231055 0.366102 0.0252148 0.366887 0.0267627 0.367227 0.0289453 0.366102 0.0312646 0.363738 0.0344287 0.359742 0.0382959 0.357211 0.039209 0.353668 0.0393506 0.350574 0.0389258 0.34827 0.0376611 0.346187 0.0349219 0.34523 0.0337939 0.343824 0.0322461
1 0.460102 0.0735547 0.458805 0.0749707 0.457105 0.0768945 0.455242 0.0782129 0.453219 0.0800342 0.451598 0.0830713 0.449652 0.0854004 0.447953 0.0883398 0.445926 0.0912744 0.444793 0.0950195 0.443336 0.0990723 0.442039 0.102817 0.440258 0.105854 0.438152 0.109297 0.437504 0.112231 0.437988 0.114561 0.438801 0.114863 0.439609 0.114053 0.442363 0.111523 0.443984 0.109497 0.44625 0.107271 0.448355 0.105552 0.450465 0.10292 0.45427 0.101094 0.456457 0.0985645 0.458887 0.0937061 0.459695 0.0889453 0.46059 0.0868213 0.460992 0.0843896 0.462047 0.0808447 0.463262 0.0790234 0.463504 0.0767969 0.463262 0.0752783 0.462773 0.073252 0.462207 0.0715283 0.461074 0.071123 0.460273 0.0720703
1 0.446316 0.12957 0.444488 0.126816 0.443176 0.124238 0.442895 0.12166 0.443504 0.119258 0.445379 0.117383 0.448379 0.116504 0.451566 0.116094 0.45541 0.115098 0.457801 0.115449 0.460988 0.118672 0.464129 0.121543 0.465395 0.123418 0.466004 0.126406 0.466285 0.129805 0.467785 0.132734 0.46952 0.135313 0.47041 0.137363 0.469988 0.139063 0.466801 0.139531 0.465254 0.140645 0.464176 0.140527 0.462395 0.138535 0.460473 0.13707 0.458785 0.135781 0.456676 0.135254 0.450535 0.134902 0.448613 0.133086 0.447207 0.131562
1 0.305934 0.167144 0.303121 0.169814 0.301492 0.171504 0.299746 0.171431 0.29716 0.170728 0.295699 0.170937 0.295191 0.171855 0.296879 0.173965 0.300254 0.175723 0.302617 0.177056 0.306723 0.177339 0.311672 0.175229 0.31634 0.171782 0.319043 0.16855 0.322137 0.165176 0.325172 0.160957 0.326918 0.156523 0.328434 0.153433 0.328996 0.15062 0.328828 0.148511 0.327648 0.146963 0.326016 0.146191 0.325004 0.147876 0.32298 0.149565 0.319375 0.1521 0.31543 0.153857 0.313477 0.155273 0.309531 0.158984 0.30723 0.16166 0.306105 0.164961
1 0.333355 0.169438 0.332383 0.170898 0.332285 0.17333 0.332676 0.176489 0.333258 0.180498 0.334133 0.186938 0.334035 0.189731 0.334617 0.192646 0.33598 0.195562 0.336465 0.198115 0.336465 0.202124 0.337145 0.206743 0.338992 0.211235 0.34084 0.216099 0.342395 0.219253 0.343949 0.222173 0.344754 0.224126 0.344844 0.226665 0.345727 0.229399 0.346621 0.2302 0.347516 0.229399 0.348078 0.227163 0.348156 0.223823 0.348324 0.218662 0.34743 0.21583 0.347031 0.212695 0.345895 0.20793 0.345574 0.203276 0.345328 0.198418 0.344922 0.19335 0.34468 0.189004 0.343141 0.184941 0.341031 0.181406 0.338816 0.179292 0.337555 0.1773 0.336328 0.174663 0.336047 0.171675 0.336047 0.169624 0.335445 0.168105 0.334219 0.167568 0.333605 0.167754
1 0.00961328 0.925049 0.0156055 0.922515 0.0200625 0.921807 0.0224922 0.920996 0.025082 0.918262 0.0284063 0.914722 0.0310781 0.911479 0.0329414 0.908745 0.0360195 0.905103 0.0386914 0.901963 0.0408789 0.899634 0.0413633 0.897104 0.0398242 0.895278 0.0390977 0.894468 0.0374766 0.894468 0.0339922 0.895483 0.0309961 0.898115 0.0287266 0.900342 0.0273516 0.901963 0.0242734 0.902471 0.0206289 0.903584 0.0182812 0.905605 0.0152031 0.909253 0.0130156 0.911279 0.0107461 0.915532 0.00888281 0.919883 0.00750781 0.923125 0.00750781 0.925454 0.00807422 0.926362
1 0.0403125 0.925757 0.038125 0.92606 0.0359375 0.925049 0.0335078 0.926567 0.0335898 0.929604 0.0346406 0.932539 0.0369922 0.934971 0.0416875 0.936592 0.0455781 0.936689 0.0528672 0.933555 0.0567539 0.930718 0.0623437 0.923223 0.064207 0.920996 0.0644492 0.916948 0.0642891 0.91249 0.0636406 0.909355 0.0612891 0.90834 0.0572422 0.910063 0.0553789 0.912593 0.0533516 0.91543 0.0487344 0.918164 0.0446836 0.921299 0.0429023 0.92353
1 0.0365859 0.966157 0.0353711 0.961191 0.0339141 0.955825 0.0340742 0.951069 0.0341562 0.946919 0.0370703 0.944688 0.042418 0.941348 0.0443594 0.94145 0.0445234 0.944487 0.0457383 0.948232 0.0472773 0.954209 0.0492227 0.958359 0.049707 0.961191 0.0521367 0.96332 0.0546484 0.965952 0.056918 0.972939 0.0572422 0.977393 0.0572422 0.982759 0.0567539 0.98752 0.0558633 0.990659 0.0536758 0.994404 0.0523008 0.996528 0.0498711 0.99876 0.0501133 0.994507 0.0497891 0.990557 0.0488164 0.987417 0.0458984 0.983164 0.043875 0.979824 0.0416875 0.977495 0.0386914 0.974966 0.0373945 0.973042 0.0371523 0.969902
1 0.168293 0.956675 0.166266 0.959487 0.164918 0.961807 0.164805 0.965044 0.166492 0.965884 0.169137 0.965605 0.171949 0.965815 0.174535 0.965532 0.177121 0.964058 0.179992 0.962441 0.182465 0.959067 0.184996 0.955903 0.185168 0.950981 0.18584 0.949644 0.185785 0.947114 0.185277 0.943315 0.185391 0.939028 0.185168 0.934878 0.184152 0.931011 0.183199 0.929673 0.181734 0.928901 0.180387 0.929321 0.178754 0.931572 0.177012 0.93354 0.176559 0.936353 0.175492 0.940083 0.174535 0.943457 0.174535 0.94606 0.172004 0.94936 0.171211 0.952246 0.169641 0.954146
1 0.175309 0.812153 0.173461 0.813364 0.171129 0.815308 0.16957 0.81689 0.168699 0.819683 0.168477 0.820752 0.168437 0.822119 0.16582 0.822266 0.164492 0.826221 0.162574 0.830742 0.161797 0.833901 0.160922 0.837666 0.159852 0.843862 0.159465 0.848237 0.159172 0.851396 0.158395 0.855889 0.157129 0.861113 0.156352 0.864272 0.156062 0.866826 0.15684 0.867676 0.15791 0.868647 0.160145 0.867432 0.163059 0.864155 0.163836 0.860264 0.164129 0.857837 0.166949 0.855039 0.169961 0.850547 0.17132 0.844834 0.172781 0.837666 0.173363 0.833657 0.174336 0.830254 0.174531 0.825879 0.174625 0.821143 0.175016 0.817012 0.175598 0.815308 0.17657 0.813608 0.177059 0.812153 0.176766 0.81106 0.176184 0.811299
1 0.190977 0.785771 0.189457 0.783311 0.188109 0.781553 0.186477 0.780078 0.185633 0.77811 0.184621 0.775928 0.183328 0.774243 0.182371 0.772979 0.181922 0.771431 0.182875 0.770234 0.184059 0.770166 0.185633 0.770303 0.188219 0.770166 0.190246 0.770093 0.192832 0.771499 0.195195 0.77396 0.198234 0.775928 0.200594 0.777334 0.202113 0.778252 0.204645 0.78043 0.206445 0.783662 0.20802 0.787319 0.209203 0.790557 0.211395 0.793857 0.212688 0.795405 0.215051 0.796885 0.216121 0.798428 0.216289 0.799907 0.215109 0.801382 0.212238 0.802085 0.208359 0.802227 0.205883 0.801104 0.202 0.798711 0.197727 0.796743 0.195871 0.794775 0.193957 0.792666 0.192551 0.790557 0.191426 0.787251
1 0.266453 0.836514 0.265887 0.833579 0.265484 0.830337 0.265645 0.8271 0.26532 0.824263 0.266617 0.824063 0.269129 0.825884 0.274555 0.830239 0.277551 0.832363 0.280875 0.837529 0.282656 0.843398 0.28298 0.850688 0.283953 0.857476 0.283547 0.864155 0.282574 0.868208 0.280305 0.870532 0.278766 0.869219 0.277066 0.86436 0.276176 0.861421 0.274313 0.858281 0.272531 0.85626 0.270344 0.853931 0.269047 0.851094 0.268074 0.847856 0.267102 0.843604 0.267023 0.839854
1 0.306496 0.945542 0.30616 0.943179 0.305418 0.939971 0.303797 0.935498 0.302719 0.932715 0.299949 0.930352 0.298398 0.929424 0.297859 0.928496 0.298871 0.927568 0.300086 0.927485 0.303797 0.927485 0.308117 0.927651 0.310074 0.92875 0.311695 0.932124 0.313449 0.935669 0.314598 0.938623 0.316352 0.940562 0.318379 0.94208 0.320875 0.94377 0.322227 0.946216 0.323238 0.948833 0.323711 0.951025 0.324859 0.953979 0.325602 0.956509 0.324992 0.958872 0.323641 0.960981 0.320539 0.961572 0.316961 0.960728 0.314328 0.958872 0.312438 0.957017 0.309063 0.953979 0.307645 0.951699 0.306836 0.948916
1 0.334016 0.911582 0.330977 0.911021 0.327941 0.910317 0.326703 0.909263 0.326422 0.906592 0.326363 0.904199 0.326422 0.902583 0.326477 0.900894 0.32732 0.900054 0.329289 0.899839 0.331988 0.900122 0.335535 0.900122 0.338852 0.900122 0.342676 0.900332 0.345883 0.901387 0.34802 0.903218 0.35027 0.90603 0.351848 0.909824 0.354941 0.912988 0.35809 0.915308 0.360621 0.918545 0.363039 0.922202 0.364613 0.9248 0.363602 0.926069 0.361691 0.926558 0.359609 0.927051 0.356289 0.925083 0.352016 0.92269 0.349988 0.921709 0.346109 0.919526 0.34116 0.916436 0.34009 0.915591 0.337277 0.913623
1 0.396598 0.832646 0.397164 0.829204 0.397246 0.82708 0.395301 0.824546 0.393844 0.824243 0.391656 0.821406 0.390117 0.81999 0.390523 0.818672 0.392871 0.818066 0.396031 0.818672 0.40073 0.821001 0.405348 0.824546 0.40818 0.82708 0.410691 0.831431 0.412555 0.838013 0.413527 0.842671 0.414258 0.851987 0.414578 0.856338 0.415066 0.861704 0.415793 0.864136 0.414824 0.867173 0.412637 0.869604 0.409559 0.87082 0.408262 0.869399 0.407855 0.86707 0.406805 0.862109 0.405668 0.858467 0.403969 0.851987 0.402836 0.847935 0.400566 0.842671 0.398543 0.838926 0.39773 0.835986
1 0.480445 0.888232 0.480352 0.885562 0.479863 0.883496 0.478406 0.88228 0.477434 0.881431 0.477824 0.880459 0.479766 0.879487 0.481906 0.879243 0.484723 0.878638 0.486184 0.879487 0.487152 0.881797 0.488027 0.885684 0.489098 0.890908 0.489488 0.897954 0.489488 0.90585 0.488711 0.9129 0.485988 0.919702 0.484336 0.92335 0.482004 0.926509 0.479477 0.929424 0.478309 0.928208 0.478016 0.926626 0.478988 0.925049 0.479863 0.92335 0.480543 0.920918 0.48132 0.917637 0.481711 0.915449 0.481129 0.913022 0.479379 0.910225 0.478211 0.906943 0.477047 0.902207 0.477918 0.898076 0.478016 0.895522 0.479281 0.893335 0.479766 0.891636 0.480543 0.890298
1 0.48509 0.895234 0.481379 0.895444 0.478961 0.895518 0.47643 0.89418 0.475473 0.891929 0.477891 0.890454 0.480816 0.889468 0.483797 0.888276 0.486723 0.886377 0.489254 0.884478 0.492121 0.882368 0.494879 0.879907 0.497805 0.877729 0.50084 0.877446 0.504668 0.876675 0.507309 0.875898 0.510402 0.874424 0.512824 0.875972 0.51434 0.877378 0.513949 0.878853 0.511809 0.879346 0.510012 0.879487 0.507984 0.881948 0.505566 0.885322 0.503148 0.888345 0.499547 0.891226 0.496117 0.893477 0.492684 0.894814 0.488906 0.895215 0.48723 0.895024
1 0.490582 0.863628 0.487578 0.862104 0.485938 0.86064 0.484629 0.859116 0.482988 0.856948 0.482094 0.855015 0.482988 0.85396 0.485285 0.853608 0.486734 0.854487 0.49016 0.855483 0.494922 0.855078 0.495734 0.854077 0.498922 0.852847 0.501363 0.851206 0.505953 0.851147 0.509707 0.850796 0.513504 0.849976 0.516031 0.849214 0.517672 0.847456 0.519879 0.845522 0.521848 0.845347 0.524145 0.84564 0.525973 0.846577 0.52602 0.849507 0.522312 0.852788 0.520066 0.854136 0.517816 0.856538 0.514816 0.859351 0.511813 0.862456 0.509238 0.864155 0.506613 0.865093 0.502957 0.865327 0.498691 0.864976 0.495832 0.86439 0.493813 0.864214
2 0.605348 0.777944 0.605684 0.776089 0.60582 0.773477 0.605754 0.77187 0.605414 0.768496 0.60548 0.76647 0.605551 0.765376 0.605629 0.763013 0.605793 0.7621 0.606926 0.762305 0.60798 0.763618 0.608707 0.766152 0.60968 0.768579 0.610977 0.7702 0.611383 0.773037 0.611625 0.77668 0.612273 0.784478 0.613082 0.788833 0.613 0.79207 0.612758 0.796118 0.613406 0.799766 0.613324 0.805234 0.611219 0.807764 0.610734 0.808979 0.609762 0.811104 0.606684 0.811914 0.605711 0.810195 0.605551 0.806953 0.605629 0.803716 0.604496 0.800171 0.604336 0.796021 0.603766 0.790752 0.603445 0.787817 0.603605 0.785386 0.604254 0.783564 0.604578 0.780732
2 0.57752 0.771118 0.576637 0.767773 0.575422 0.765547 0.57518 0.762813 0.575988 0.761499 0.577121 0.759067 0.57825 0.757549 0.578582 0.758359 0.57825 0.761699 0.580113 0.76646 0.583758 0.772231 0.585945 0.776182 0.588129 0.78043 0.58975 0.786914 0.589434 0.789243 0.588375 0.790859 0.586188 0.790962 0.582469 0.786606 0.581012 0.781953 0.580113 0.779521 0.579141 0.7777 0.578824 0.775269
2 0.529738 0.761196 0.528281 0.762007 0.526578 0.76231 0.525121 0.761499 0.525203 0.759678 0.525762 0.757954 0.526418 0.756641 0.526734 0.754717 0.524715 0.752891 0.522926 0.750464 0.520902 0.748843 0.519523 0.747827 0.519766 0.746616 0.520414 0.746514 0.521953 0.747222 0.524301 0.746714 0.528434 0.746006 0.531602 0.744893 0.534184 0.744287 0.539781 0.742969 0.544398 0.742666 0.547875 0.743677 0.551363 0.745298 0.555254 0.747524 0.558168 0.749043 0.560348 0.750562 0.559789 0.751675 0.557195 0.752993 0.553137 0.756333 0.550059 0.758159 0.547801 0.75937 0.544551 0.760083 0.537191 0.760083 0.534426 0.760083 0.532574 0.760386
1 0.517336 0.764131 0.515805 0.761602 0.513773 0.759473 0.511746 0.757349 0.510945 0.755928 0.510785 0.754106 0.511992 0.752793 0.513934 0.753701 0.515238 0.754512 0.51775 0.754312 0.520008 0.754717 0.522043 0.757041 0.523574 0.758867 0.525273 0.759775 0.526488 0.761699 0.527551 0.763423 0.529738 0.76646 0.531844 0.769697 0.534672 0.77395 0.538477 0.778003 0.541152 0.781851 0.543094 0.785293 0.545199 0.789644 0.546012 0.792783 0.546496 0.794609 0.546012 0.796733 0.545199 0.797241 0.544309 0.796128 0.543094 0.793696 0.541879 0.792378 0.539531 0.789951 0.537102 0.78772 0.535156 0.786104 0.531512 0.783672 0.527625 0.781143 0.524391 0.777495 0.522043 0.77314 0.521801 0.771221 0.520586 0.769092 0.518398 0.76646
1 0.389758 0.754985 0.388105 0.752554 0.386746 0.749639 0.385387 0.745874 0.383734 0.741743 0.383246 0.737612 0.383148 0.733237 0.384512 0.729712 0.386844 0.725459 0.389176 0.724365 0.392094 0.725337 0.392773 0.727402 0.391898 0.730806 0.391219 0.733843 0.392773 0.737002 0.395398 0.741133 0.39802 0.745996 0.399285 0.748911 0.399867 0.752676 0.399383 0.756445 0.399187 0.760454 0.398801 0.762881 0.396176 0.763247 0.393844 0.762397 0.391508 0.75875
1 0.409781 0.729473 0.408031 0.726919 0.405992 0.724126 0.40434 0.722544 0.402008 0.721089 0.39948 0.719141 0.397535 0.717319 0.397051 0.713916 0.39734 0.711489 0.398312 0.711123 0.399285 0.712217 0.40123 0.71501 0.40366 0.717075 0.408129 0.718901 0.410754 0.720356 0.412504 0.721089 0.417559 0.721328 0.421348 0.721089 0.424461 0.722544 0.428832 0.724976 0.432234 0.727524 0.436414 0.730444 0.439914 0.734814 0.438652 0.736758 0.436027 0.737612 0.432527 0.736758 0.428348 0.735059 0.422809 0.734937 0.417363 0.733965 0.413281 0.73251 0.411629 0.731538
1 0.414191 0.744761 0.412246 0.747295 0.409008 0.749219 0.405441 0.752354 0.402934 0.753672 0.403984 0.755293 0.406336 0.757314 0.410871 0.758833 0.414598 0.758735 0.417512 0.757314 0.424723 0.752456 0.428043 0.750532 0.431523 0.747393 0.436305 0.744561 0.439141 0.742734 0.439383 0.739697 0.43825 0.735752 0.438004 0.733018 0.437844 0.731094 0.435816 0.729878 0.434277 0.729575 0.432336 0.731396 0.429742 0.733926 0.427961 0.735444 0.424477 0.736357 0.420996 0.737876 0.418078 0.739497 0.415813 0.742734
2 0.395562 0.733828 0.395887 0.737368 0.396098 0.739932 0.397652 0.742485 0.399305 0.745156 0.399691 0.743696 0.399109 0.739448 0.399012 0.735557 0.399305 0.72936 0.399984 0.724985 0.400273 0.721587 0.399012 0.71624 0.398234 0.70895 0.397555 0.704209 0.398234 0.702632 0.399305 0.699473 0.399887 0.696191 0.399887 0.69376 0.399789 0.689873 0.399109 0.687563 0.398332 0.685864 0.397555 0.686108 0.396582 0.687446 0.394832 0.688535 0.39318 0.689512 0.391918 0.691694 0.391332 0.696313 0.39007 0.700933 0.389582 0.706274 0.389293 0.711016 0.390266 0.715391 0.391723 0.719883 0.392887 0.726079 0.394441 0.730942
1 0.463988 0.633486 0.461723 0.632271 0.459293 0.63187 0.45759 0.631362 0.456863 0.629233 0.458402 0.625791 0.458887 0.622754 0.460266 0.620933 0.463422 0.620327 0.468203 0.621641 0.470875 0.623564 0.471848 0.624375 0.476141 0.625693 0.479543 0.62812 0.482781 0.630654 0.486102 0.633794 0.487156 0.63541 0.488531 0.63541 0.490316 0.635107 0.491773 0.634194 0.493797 0.633589 0.493797 0.63541 0.493473 0.637134 0.491125 0.640068 0.487563 0.642397 0.486023 0.643408 0.483914 0.645132 0.481973 0.645737 0.479219 0.643916 0.474195 0.640981 0.47193 0.639766 0.467473 0.636523 0.465934 0.63521
1 0.557922 0.693965 0.556293 0.691162 0.554828 0.688271 0.554492 0.686089 0.553762 0.681738 0.553703 0.67998 0.555055 0.679341 0.557586 0.679771 0.558766 0.68146 0.56175 0.683569 0.563379 0.685747 0.564391 0.687437 0.567598 0.689614 0.569961 0.690952 0.571762 0.69271 0.57491 0.696426 0.576656 0.69981 0.578344 0.702612 0.581492 0.705786 0.584023 0.70874 0.584922 0.710146 0.585148 0.711543 0.584473 0.713091 0.582898 0.714365 0.580703 0.713379 0.574797 0.710288 0.570469 0.707896 0.568609 0.707192 0.56698 0.705708 0.565293 0.703667 0.561355 0.700581 0.559387 0.698193 0.558992 0.696147
1 0.380016 0.590298 0.379059 0.591772 0.376191 0.593745 0.373152 0.595151 0.369215 0.596416 0.366293 0.597119 0.36168 0.598804 0.35791 0.601055 0.355266 0.602603 0.35116 0.605063 0.348855 0.605767 0.346715 0.607876 0.346266 0.611108 0.346715 0.615049 0.348121 0.61772 0.351723 0.618633 0.355043 0.618003 0.35943 0.616172 0.363422 0.614272 0.366855 0.612515 0.371184 0.611108 0.373492 0.609214 0.375965 0.60605 0.37743 0.603516 0.379004 0.59979 0.380691 0.596694 0.381309 0.594517 0.381367 0.592476 0.38148 0.591636 0.382324 0.591143 0.382266 0.590156 0.381703 0.589595 0.380859 0.589663
1 0.260535 0.67354 0.2575 0.673623 0.2575 0.672192 0.256961 0.670249 0.255945 0.667466 0.256488 0.665273 0.257633 0.662993 0.259793 0.660718 0.260535 0.659956 0.261617 0.659956 0.261617 0.664595 0.263238 0.665356 0.265328 0.666958 0.265598 0.668564 0.265328 0.671431 0.264789 0.673457 0.263508 0.674468 0.26182 0.674385
1 0.27825 0.382964 0.276469 0.385596 0.274441 0.389648 0.272418 0.394507 0.271281 0.400581 0.270797 0.404126 0.270313 0.406963 0.270637 0.413745 0.271121 0.418809 0.271121 0.422554 0.269906 0.425693 0.268125 0.427314 0.266586 0.429644 0.266586 0.43126 0.268285 0.431162 0.271121 0.429741 0.273066 0.428628 0.27493 0.426504 0.277359 0.423564 0.279625 0.420024 0.281082 0.415264 0.28173 0.410098 0.281652 0.405947 0.281406 0.400483 0.280922 0.397139 0.281164 0.393193 0.281488 0.390962 0.282297 0.387925 0.282785 0.38519 0.282621 0.383877 0.28173 0.383066 0.280355 0.382559 0.279141 0.382661
1 0.311496 0.367012 0.309992 0.366426 0.309105 0.366074 0.307371 0.366309 0.306477 0.365957 0.306574 0.365254 0.309195 0.363438 0.313133 0.360801 0.316418 0.359043 0.319559 0.357051 0.321574 0.355703 0.323824 0.354004 0.326496 0.352773 0.328699 0.351016 0.332727 0.349199 0.336195 0.349023 0.340039 0.349727 0.342383 0.349902 0.345105 0.35084 0.346367 0.352715 0.347117 0.354707 0.346887 0.357695 0.346934 0.359336 0.344965 0.359336 0.342621 0.359687 0.342008 0.361504 0.340699 0.362617 0.336762 0.364727 0.332633 0.366602 0.328887 0.368125 0.323965 0.368184 0.319836 0.368711 0.315762 0.368594 0.314121 0.368242
1 0.605004 0.531982 0.603832 0.530859 0.602426 0.52998 0.600199 0.530029 0.599379 0.528662 0.599379 0.526514 0.600238 0.523584 0.60223 0.521045 0.603715 0.519189 0.60641 0.519775 0.60809 0.520801 0.609105 0.522217 0.610629 0.521924 0.612348 0.522803 0.614145 0.525342 0.617465 0.529883 0.619965 0.533252 0.621371 0.536133 0.622934 0.539014 0.622973 0.543408 0.62223 0.545703 0.621762 0.547314 0.621488 0.548096 0.61934 0.548047 0.618871 0.547119 0.617895 0.546191 0.61727 0.54541 0.615902 0.545264 0.614613 0.543457 0.613324 0.543311 0.611527 0.542871 0.609184 0.542041 0.60809 0.540771 0.606371 0.537842 0.605863 0.535059
1 0.372098 0.383579 0.371984 0.386953 0.37266 0.390679 0.373277 0.391382 0.373895 0.394761 0.374965 0.398555 0.377891 0.402705 0.381379 0.407554 0.383348 0.409663 0.385371 0.411211 0.38852 0.413604 0.391785 0.41543 0.393977 0.418945 0.394418 0.419824 0.394219 0.421387 0.394805 0.422119 0.395625 0.42187 0.396723 0.421138 0.397934 0.420459 0.398555 0.418701 0.398242 0.417378 0.39727 0.416016 0.396172 0.414453 0.395508 0.412695 0.394336 0.409663 0.393437 0.405664 0.391684 0.402148 0.389496 0.399165 0.387773 0.396577 0.386262 0.394287 0.384246 0.391826 0.382789 0.389487 0.381621 0.386792 0.380398 0.384971 0.378902 0.382749 0.377164 0.380225 0.37632 0.378237 0.374914 0.378237 0.373508 0.379995 0.372422 0.381934
1 0.339586 0.442256 0.33832 0.444077 0.337348 0.446387 0.336961 0.449302 0.33657 0.452583 0.334918 0.457202 0.333168 0.461089 0.331516 0.464854 0.330059 0.470811 0.328504 0.477246 0.328113 0.482109 0.32802 0.485513 0.328113 0.489521 0.329184 0.491948 0.330836 0.491709 0.331906 0.493164 0.333074 0.495107 0.335016 0.495107 0.33657 0.493652 0.336766 0.490737 0.337738 0.486362 0.340363 0.481621 0.3425 0.477734 0.343473 0.47251 0.34425 0.466558 0.344641 0.460845 0.344348 0.45623 0.343863 0.451733 0.343277 0.448208 0.342402 0.446265 0.341527 0.445049 0.340664 0.444043 0.340508 0.441553 0.340078 0.441455
1 0.441918 0.490659 0.438375 0.490659 0.434945 0.491011 0.434043 0.491714 0.432637 0.492344 0.43084 0.490796 0.430387 0.48939 0.43084 0.488125 0.43202 0.486577 0.434438 0.485244 0.437418 0.483628 0.440793 0.481655 0.442988 0.479409 0.446027 0.476597 0.450918 0.474204 0.455082 0.473359 0.46009 0.473081 0.465094 0.472588 0.46909 0.471533 0.471621 0.471533 0.472238 0.473711 0.472855 0.476313 0.474824 0.480532 0.474262 0.482925 0.473309 0.484258 0.468977 0.485034 0.464309 0.486157 0.459977 0.487847 0.455645 0.489531 0.450074 0.489673 0.445688 0.490308
1 0.473055 0.384336 0.471098 0.386108 0.468801 0.388052 0.466234 0.390581 0.463535 0.393447 0.461512 0.397163 0.459687 0.401548 0.458473 0.40543 0.457258 0.409648 0.456855 0.41252 0.455641 0.415386 0.454559 0.418423 0.45348 0.421548 0.45368 0.423486 0.454828 0.424922 0.455367 0.427197 0.457055 0.429141 0.458812 0.427285 0.460363 0.425176 0.461645 0.422476 0.463266 0.41834 0.464547 0.41522 0.465898 0.412012 0.468465 0.40813 0.470016 0.40543 0.470488 0.402476 0.47157 0.400117 0.473121 0.395811 0.473055 0.392017 0.473863 0.388809 0.475078 0.386699 0.475957 0.385264 0.475551 0.38417 0.474473 0.383916
1 0.538687 0.451479 0.534891 0.451948 0.533766 0.453062 0.532219 0.454526 0.530344 0.456636 0.527578 0.459507 0.524766 0.462026 0.523031 0.463726 0.519234 0.46437 0.516891 0.465601 0.513891 0.465601 0.511031 0.46519 0.509062 0.463901 0.507 0.462085 0.505734 0.461323 0.504469 0.460796 0.503109 0.460679 0.501984 0.460034 0.501563 0.458979 0.502406 0.457808 0.503297 0.457222 0.505078 0.45728 0.506531 0.457632 0.508687 0.45769 0.510938 0.457925 0.512672 0.457222 0.514266 0.455698 0.515953 0.453354 0.517687 0.450659 0.520172 0.448022 0.522797 0.446558 0.525047 0.445034 0.526641 0.443628 0.529266 0.442515 0.532312 0.442163 0.534891 0.441929 0.538547 0.442104 0.540188 0.44439 0.541359 0.446851 0.541453 0.448901 0.540609 0.450894
1 0.439984 0.296455 0.438691 0.2954 0.437734 0.294624 0.436777 0.294204 0.435316 0.293921 0.435035 0.293569 0.434527 0.292446 0.434754 0.291392 0.436328 0.290269 0.437227 0.288789 0.437789 0.287524 0.438914 0.287524 0.440152 0.288228 0.442684 0.288721 0.445836 0.289351 0.447633 0.290337 0.449996 0.292236 0.452754 0.29519 0.455789 0.298706 0.456465 0.300391 0.458152 0.302358 0.459617 0.305244 0.461305 0.305806 0.463383 0.307354 0.465465 0.309673 0.466195 0.311362 0.466027 0.313608 0.465184 0.317266 0.464117 0.318813 0.464117 0.319937 0.463836 0.320571 0.463047 0.320288 0.461695 0.319165 0.461191 0.31811 0.461023 0.316421 0.460289 0.315791 0.457984 0.315859 0.45568 0.314385 0.452641 0.313047 0.449715 0.310937 0.447746 0.309604 0.445664 0.306509 0.444258 0.304468 0.442234 0.300464 0.440941 0.29814
1 0.459969 0.339272 0.460699 0.34103 0.461152 0.343491 0.462105 0.345742 0.463008 0.347993 0.464582 0.349189 0.465031 0.350947 0.465988 0.353408 0.466664 0.355938 0.46734 0.357344 0.468801 0.359595 0.471105 0.361704 0.47257 0.362407 0.473637 0.36353 0.47482 0.364868 0.47482 0.365991 0.476508 0.365854 0.477238 0.364517 0.478082 0.3629 0.47859 0.359102 0.478758 0.353901 0.478531 0.351719 0.477746 0.349116 0.476508 0.346025 0.474313 0.341875 0.471105 0.338994 0.469309 0.338008 0.467508 0.337305 0.466496 0.336533 0.465313 0.33583 0.464133 0.335054 0.46323 0.334844 0.461824 0.333296 0.460531 0.333647 0.459406 0.335195 0.458957 0.336812
1 0.562836 0.29209 0.560867 0.292651 0.556141 0.29293 0.551867 0.292441 0.549672 0.29293 0.546184 0.293496 0.54416 0.294199 0.54191 0.294971 0.538703 0.295254 0.535945 0.295181 0.534539 0.294619 0.532402 0.29293 0.531617 0.291807 0.531277 0.29019 0.531785 0.288643 0.533359 0.286392 0.534711 0.284214 0.537129 0.282598 0.541742 0.281963 0.546691 0.281543 0.550797 0.281191 0.555297 0.281328 0.558055 0.281401 0.559797 0.282598 0.560867 0.284072 0.562496 0.284355 0.564578 0.285898 0.566039 0.287095 0.567445 0.288784 0.568461 0.291455 0.568797 0.293633 0.568742 0.296235 0.568797 0.298838 0.567785 0.299048 0.566547 0.298555 0.565367 0.297363 0.565141 0.296025 0.564973 0.294336 0.565086 0.291875
1 0.599539 0.217241 0.597906 0.217241 0.594645 0.217734 0.592113 0.218438 0.590086 0.219067 0.587781 0.220615 0.585758 0.223428 0.584125 0.226592 0.582437 0.229966 0.581145 0.233203 0.57957 0.23728 0.578781 0.239531 0.578051 0.242344 0.577937 0.245015 0.57923 0.246699 0.580242 0.248105 0.581086 0.248672 0.58193 0.248247 0.583281 0.246421 0.58525 0.243608 0.587051 0.240513 0.588793 0.237422 0.591156 0.234819 0.59307 0.23292 0.595938 0.231582 0.597176 0.229546 0.599086 0.226943 0.600043 0.225327 0.602238 0.223921 0.603137 0.222441 0.603867 0.220195 0.60398 0.21689 0.603926 0.2152 0.605387 0.21457 0.606457 0.214146 0.606961 0.213516 0.606852 0.212598 0.605273 0.212388 0.603137 0.212739 0.601445 0.214355 0.600383 0.215835
1 0.584137 0.430776 0.582789 0.432466 0.581371 0.434829 0.580762 0.437275 0.580762 0.439634 0.579348 0.442759 0.578402 0.445625 0.578133 0.447485 0.578805 0.448496 0.579887 0.447988 0.580832 0.446724 0.58252 0.444023 0.58407 0.442505 0.585082 0.441494 0.585555 0.440732 0.589 0.439976 0.59109 0.438369 0.592711 0.436597 0.596422 0.434575 0.599191 0.432041 0.600473 0.429766 0.602297 0.428247 0.60466 0.426304 0.606953 0.424619 0.607832 0.423101 0.608977 0.420146 0.610195 0.419893 0.611207 0.417529 0.610598 0.415166 0.608977 0.413228 0.606145 0.413311 0.604117 0.415337 0.601957 0.416602 0.598922 0.418291 0.596895 0.419893 0.593789 0.42082 0.591359 0.422676 0.588867 0.424609 0.58684 0.427065
1 0.630512 0.422422 0.629297 0.423774 0.627742 0.426392 0.62484 0.429678 0.624098 0.431196 0.623965 0.433394 0.62275 0.434741 0.621332 0.438706 0.619441 0.439468 0.61809 0.439805 0.616133 0.440815 0.614785 0.441743 0.614242 0.441914 0.613367 0.440986 0.613703 0.439634 0.614984 0.436348 0.616539 0.432632 0.618023 0.42833 0.619375 0.424111 0.621332 0.420312 0.62302 0.416431 0.62491 0.413481 0.62727 0.41061 0.628957 0.409263 0.63348 0.409175 0.637664 0.409429 0.640027 0.411455 0.64327 0.413984 0.64543 0.414321 0.64759 0.415337 0.648262 0.417529 0.647926 0.421074 0.646711 0.422173 0.644957 0.421411 0.643742 0.420483 0.640297 0.42124 0.637734 0.421748 0.635777 0.422085
1 0.65373 0.398965 0.652516 0.398125 0.65157 0.395928 0.651773 0.3923 0.652516 0.39019 0.653527 0.390107 0.654539 0.391206 0.656633 0.393145 0.659875 0.394497 0.662844 0.39627 0.665543 0.399053 0.667973 0.403101 0.670875 0.40791 0.672562 0.411118 0.67243 0.414072 0.672227 0.417192 0.671887 0.422847 0.671887 0.427402 0.672832 0.429429 0.673723 0.433442 0.673645 0.435469 0.672754 0.435977 0.671293 0.435166 0.67016 0.434253 0.666758 0.432935 0.664652 0.432129 0.66368 0.429697 0.662383 0.425142 0.661414 0.419165 0.659875 0.415625 0.658242 0.411182 0.655906 0.407422 0.654203 0.402661
1 0.717313 0.398457 0.714875 0.398281 0.713469 0.397813 0.711453 0.396523 0.709812 0.396113 0.708078 0.395234 0.706813 0.394238 0.706438 0.393652 0.706672 0.393125 0.708172 0.393125 0.711172 0.392305 0.714266 0.390664 0.718156 0.388613 0.720453 0.388145 0.7235 0.3875 0.726312 0.38709 0.727672 0.386328 0.730484 0.386035 0.732031 0.384688 0.734891 0.382988 0.739156 0.382637 0.741125 0.382578 0.741688 0.381289 0.742156 0.380879 0.742297 0.382812 0.74225 0.385449 0.742109 0.389961 0.740938 0.391016 0.739391 0.39248 0.737844 0.39377 0.737563 0.39623 0.736344 0.396992 0.734703 0.398047 0.733437 0.399453 0.732453 0.400156 0.730719 0.400566 0.7295 0.401094 0.728094 0.400918 0.72575 0.400625 0.7225 0.399902 0.719375 0.398809
1 0.761836 0.340586 0.762258 0.343398 0.762586 0.347441 0.762727 0.349844 0.763617 0.351484 0.765539 0.353242 0.767367 0.354824 0.76868 0.35582 0.769852 0.356406 0.770508 0.357754 0.770648 0.359336 0.771492 0.360449 0.772992 0.360566 0.774117 0.358809 0.774492 0.356113 0.774492 0.353008 0.774211 0.350488 0.774867 0.348145 0.775148 0.344687 0.77332 0.341875 0.771258 0.339414 0.770133 0.337598 0.769758 0.335371 0.769992 0.333789 0.769805 0.332031 0.769148 0.3325 0.768117 0.333262 0.766758 0.334023 0.765164 0.335371 0.763008 0.337187 0.762211 0.339121
2 0.759605 0.282446 0.758926 0.278438 0.760285 0.274307 0.76252 0.269932 0.765145 0.266533 0.769035 0.260576 0.772145 0.257417 0.775254 0.255229 0.777684 0.254868 0.779047 0.256567 0.777977 0.258877 0.77652 0.263008 0.775254 0.267017 0.775254 0.269448 0.775645 0.271514 0.776324 0.2754 0.776324 0.279775 0.774672 0.286094 0.774184 0.29083 0.772531 0.296421 0.770879 0.300913 0.768547 0.304927 0.766605 0.30772 0.76534 0.30687 0.763785 0.305049 0.762426 0.304683 0.761937 0.303101 0.762617 0.300063 0.763203 0.295327 0.763395 0.290708 0.763785 0.289253 0.76223 0.288281 0.760867 0.29083 0.759312 0.292896 0.758535 0.29083 0.758926 0.288037 0.759215 0.285244
1 0.922668 0.176133 0.9215 0.170908 0.920625 0.166172 0.919559 0.163379 0.918781 0.160581 0.920531 0.158276 0.921598 0.157183 0.923543 0.158394 0.92957 0.164834 0.932777 0.167754 0.935207 0.172124 0.938027 0.178198 0.940066 0.185005 0.940457 0.189741 0.941719 0.193511 0.944637 0.198247 0.945898 0.200313 0.945023 0.202866 0.942789 0.204082 0.941332 0.20335 0.938996 0.200557 0.936859 0.197764 0.934137 0.195454 0.932 0.193267 0.928207 0.189136 0.926363 0.184277
1 0.94002 0.487842 0.93759 0.485308 0.935809 0.483892 0.934836 0.48207 0.934512 0.479336 0.935078 0.476499 0.936051 0.474473 0.937102 0.473359 0.939047 0.473564 0.94107 0.474375 0.944637 0.477915 0.948848 0.479839 0.952332 0.482476 0.954762 0.485107 0.956379 0.491284 0.956867 0.496953 0.957598 0.502725 0.957676 0.508594 0.957027 0.510825 0.955977 0.512749 0.95452 0.516289 0.953305 0.518926 0.951359 0.518521 0.950227 0.516899 0.949902 0.515278 0.950227 0.512544 0.949902 0.509609 0.949332 0.507988 0.948117 0.506064 0.946578 0.504141 0.944473 0.499688 0.943582 0.496143 0.941883 0.490674
1 0.542734 0.531011 0.541469 0.526396 0.542246 0.523843 0.542734 0.520439 0.542926 0.515337 0.543316 0.509751 0.544387 0.505859 0.545551 0.504648 0.550023 0.504648 0.554398 0.506104 0.558578 0.509629 0.560617 0.514854 0.561883 0.521899 0.561883 0.527368 0.561492 0.534048 0.559645 0.537085 0.558965 0.538911 0.558188 0.54207 0.55741 0.546323 0.556051 0.550571 0.553035 0.553369 0.551187 0.553613 0.550508 0.550937 0.548855 0.546929 0.547789 0.541216 0.54623 0.537939 0.543609 0.535508
1 0.644262 0.456128 0.642723 0.453589 0.641996 0.451572 0.641996 0.44833 0.643371 0.447207 0.645398 0.447007 0.64718 0.446206 0.648879 0.448027 0.652039 0.452178 0.654469 0.455308 0.657223 0.460166 0.661113 0.467051 0.664836 0.472432 0.666699 0.476367 0.669777 0.47749 0.671156 0.478188 0.67302 0.478496 0.673746 0.47749 0.674477 0.475864 0.674961 0.475254 0.675043 0.476367 0.674719 0.477886 0.673828 0.479619 0.672207 0.48123 0.670102 0.482749 0.668805 0.483569 0.667672 0.483872 0.665 0.482554 0.663137 0.481138 0.660867 0.479619 0.658438 0.478403 0.653984 0.475342 0.649766 0.471729 0.647988 0.467266 0.646531 0.462202 0.64548 0.459966
1 0.689023 0.525293 0.68775 0.525645 0.686109 0.526348 0.684797 0.527637 0.684141 0.52957 0.683812 0.53127 0.682266 0.531738 0.681469 0.530977 0.681234 0.52834 0.681234 0.52459 0.681516 0.521836 0.682453 0.519844 0.685312 0.516211 0.688594 0.514219 0.692672 0.511758 0.697688 0.510293 0.700922 0.509473 0.706453 0.50877 0.709359 0.507773 0.711094 0.506367 0.712688 0.504258 0.713391 0.503672 0.713906 0.50373 0.714234 0.504551 0.714234 0.506484 0.713953 0.51 0.713625 0.511992 0.712172 0.513281 0.710391 0.514746 0.708797 0.516504 0.708328 0.518145 0.706781 0.519902 0.704625 0.521426 0.702375 0.523125 0.699656 0.524531 0.697406 0.525234 0.690375 0.525176
1 0.719566 0.555557 0.716402 0.555703 0.714371 0.55375 0.712379 0.550967 0.71234 0.549258 0.712379 0.548232 0.713824 0.547549 0.716012 0.547158 0.719566 0.546133 0.72148 0.544814 0.724879 0.544375 0.728473 0.544961 0.732105 0.546865 0.735074 0.549111 0.737379 0.551309 0.738043 0.552871 0.740309 0.555166 0.741871 0.556338 0.74316 0.556875 0.744059 0.55751 0.745504 0.559121 0.746324 0.56127 0.746246 0.564492 0.74652 0.565859 0.746598 0.567275 0.746285 0.567715 0.745113 0.566885 0.743434 0.566299 0.740973 0.565322 0.740113 0.564688 0.735855 0.56376 0.731559 0.563076 0.729293 0.561367 0.726754 0.560781 0.723512 0.559023 0.720465 0.556582
1 0.794297 0.514058 0.795352 0.514985 0.797148 0.515571 0.799336 0.51689 0.800898 0.51855 0.801797 0.519282 0.802969 0.520454 0.80332 0.522163 0.803203 0.523433 0.801758 0.524312 0.8 0.525679 0.798867 0.526606 0.796641 0.526802 0.793555 0.526802 0.789492 0.527388 0.786328 0.526851 0.783086 0.526362 0.77957 0.525386 0.775625 0.525337 0.773008 0.525288 0.771328 0.525386 0.771016 0.523872 0.771406 0.522896 0.771563 0.520991 0.77207 0.518062 0.773281 0.51645 0.775938 0.514399 0.778516 0.512739 0.781211 0.511226 0.784336 0.510591 0.788867 0.510737 0.791914 0.51147 0.793359 0.512935
1 0.772664 0.508843 0.775984 0.508892 0.780477 0.508892 0.783758 0.509136 0.785203 0.509429 0.786766 0.509624 0.79032 0.509673 0.795086 0.509478 0.79907 0.50894 0.802078 0.508159 0.803641 0.506987 0.806258 0.506548 0.809344 0.506353 0.809383 0.505181 0.80825 0.504692 0.805047 0.504204 0.802078 0.503081 0.799617 0.500981 0.796609 0.497954 0.793914 0.496782 0.791102 0.496489 0.788484 0.496245 0.783016 0.495903 0.781805 0.494878 0.780945 0.49439 0.780594 0.495464 0.779695 0.495708 0.77825 0.49644 0.777313 0.49771 0.776062 0.498198 0.772742 0.498442 0.771531 0.498784 0.769422 0.499028 0.767938 0.500542 0.767625 0.502544 0.767781 0.503325 0.768875 0.504595 0.769813 0.506694 0.770281 0.50772 0.771727 0.507964
1 0.834891 0.443374 0.835473 0.445195 0.836348 0.449751 0.836348 0.453574 0.836711 0.460039 0.837148 0.463589 0.837953 0.47042 0.838461 0.473789 0.840645 0.476431 0.842469 0.479253 0.845441 0.482104 0.848062 0.484507 0.849723 0.486689 0.85182 0.488438 0.853309 0.487021 0.853309 0.485269 0.851559 0.482212 0.850246 0.477402 0.850074 0.474019 0.85016 0.470303 0.849898 0.465273 0.848762 0.461777 0.846926 0.459263 0.845703 0.457515 0.844391 0.455767 0.844391 0.453911 0.844742 0.451616 0.844828 0.449429 0.844129 0.447681 0.842469 0.445933 0.841242 0.445059 0.840281 0.44375 0.839758 0.442109 0.840195 0.441016 0.84002 0.439595 0.839406 0.438506 0.838273 0.438506 0.837398 0.439814 0.836609 0.441563
1 0.853805 0.525308 0.851969 0.52749 0.849785 0.531426 0.848648 0.533501 0.848035 0.535908 0.849785 0.537871 0.851883 0.537983 0.855117 0.536016 0.857563 0.532954 0.861324 0.528696 0.864121 0.525308 0.867004 0.518203 0.867531 0.512305 0.86823 0.506733 0.86893 0.504219 0.869801 0.502251 0.870328 0.500283 0.86884 0.497773 0.866918 0.496353 0.864469 0.496025 0.86307 0.496899 0.860973 0.500176 0.860012 0.503018 0.857914 0.506401 0.856516 0.508809 0.855379 0.512524 0.855031 0.515693 0.854941 0.520063 0.854504 0.522573
1 0.869891 0.543882 0.868578 0.537983 0.868578 0.533394 0.86893 0.530552 0.870328 0.528584 0.871813 0.528477 0.874172 0.530332 0.87566 0.531753 0.877582 0.536235 0.87907 0.539731 0.881254 0.545083 0.882738 0.549893 0.883703 0.554263 0.884051 0.559834 0.884402 0.566499 0.882477 0.570327 0.880379 0.572075 0.877406 0.570327 0.876621 0.568252 0.876797 0.566611 0.876445 0.563442 0.874348 0.55896 0.871988 0.555464 0.870766 0.549453
1 0.902539 0.585449 0.900449 0.586592 0.89807 0.587856 0.895945 0.588804 0.894328 0.589312 0.891797 0.589058 0.889723 0.58937 0.887648 0.589624 0.886688 0.590322 0.887648 0.592788 0.88957 0.594053 0.891344 0.594492 0.892961 0.595 0.894578 0.595381 0.89534 0.595381 0.896703 0.596265 0.898879 0.596646 0.901309 0.596899 0.905152 0.596392 0.907023 0.594746 0.910617 0.593105 0.913449 0.591143 0.915977 0.588931 0.919012 0.586147 0.920023 0.583682 0.921797 0.582417 0.923414 0.580581 0.92468 0.577803 0.925539 0.57584 0.926754 0.575273 0.92832 0.575146 0.928777 0.573882 0.928879 0.572236 0.928523 0.570464 0.92741 0.568379 0.926551 0.567559 0.925387 0.567686 0.923516 0.568696 0.919469 0.571035 0.917547 0.572681 0.91618 0.574072 0.912992 0.576157 0.91168 0.577676 0.909453 0.578877 0.907227 0.580518 0.905355 0.582163 0.903484 0.584126
1 0.959891 0.747998 0.958754 0.745156 0.958668 0.741221 0.959367 0.739038 0.96068 0.735649 0.961816 0.734009 0.963301 0.730078 0.965051 0.725488 0.967234 0.722319 0.969246 0.722754 0.971258 0.725703 0.972305 0.729204 0.972918 0.734009 0.974055 0.735649 0.974141 0.740239 0.974141 0.748433 0.973793 0.754443 0.971691 0.757939 0.969508 0.760234 0.968633 0.76209 0.968109 0.765698 0.967324 0.766792 0.966012 0.764932 0.964613 0.759687 0.962863 0.754771 0.961027 0.751494
2 0.349508 0.332705 0.347934 0.330215 0.345207 0.327461 0.343633 0.324839 0.343422 0.322217 0.343422 0.319985 0.344156 0.318413 0.345102 0.317759 0.34552 0.31894 0.345207 0.320249 0.34552 0.322217 0.346465 0.323525 0.348773 0.325493 0.351605 0.327725 0.353809 0.329692 0.356535 0.331919 0.359367 0.333359 0.363145 0.335723 0.364297 0.338081 0.365449 0.34123 0.366184 0.343984 0.367652 0.346211 0.368492 0.346738 0.368703 0.348574 0.367234 0.349097 0.365555 0.347261 0.364086 0.345029 0.363246 0.343198 0.362512 0.342017 0.361359 0.340571 0.358633 0.338735 0.35643 0.336772 0.354016 0.335068 0.350871 0.334019
1 0.291902 0.719854 0.292582 0.723979 0.293355 0.72665 0.293551 0.729561 0.294133 0.732959 0.294715 0.736235 0.296074 0.740479 0.296656 0.743389 0.297727 0.746787 0.299375 0.749941 0.300637 0.751885 0.301121 0.753945 0.301316 0.756372 0.300441 0.760254 0.298891 0.763652 0.297629 0.766201 0.295297 0.770688 0.293941 0.772871 0.29268 0.776147 0.291512 0.778086 0.291805 0.77833 0.292484 0.777969 0.29423 0.773965 0.297531 0.769473 0.300832 0.766318 0.303355 0.761587 0.307625 0.755522 0.308691 0.751885 0.308207 0.749941 0.308109 0.745454 0.30782 0.741206 0.306266 0.735142 0.306266 0.732231 0.305488 0.730894 0.30384 0.728105 0.301414 0.724707 0.299375 0.721191 0.298309 0.718887 0.297141 0.717549 0.296559 0.717549 0.294035 0.717793 0.292484 0.718398
2 0.0932773 0.522861 0.0923047 0.521953 0.0936836 0.519927 0.0923047 0.517495 0.089793 0.516079 0.0880117 0.515874 0.0856641 0.516279 0.0851758 0.5177 0.0859883 0.519722 0.0876875 0.523975 0.0892266 0.528125 0.0922227 0.531973 0.0948164 0.534707 0.0989453 0.536226 0.103887 0.535215 0.110125 0.534707 0.115148 0.534404 0.11766 0.532583 0.118953 0.530254 0.118953 0.52853 0.119844 0.526914 0.12098 0.526812 0.121141 0.525293 0.120332 0.524277 0.118469 0.523369 0.116281 0.521548 0.113852 0.520737 0.109316 0.520635 0.105023 0.520938 0.101539 0.52124 0.0978945 0.521445 0.0958711 0.522051
2 0.0498711 0.947729 0.0465469 0.945093 0.0441992 0.942866 0.0416875 0.939526 0.0414453 0.937603 0.043875 0.936084 0.0456562 0.935073 0.0500313 0.933955 0.0527031 0.933149 0.0571602 0.933555 0.0616953 0.934766 0.0656641 0.9375 0.0687422 0.939121 0.0722266 0.941348 0.0764375 0.944287 0.0792734 0.946919 0.0804883 0.950156 0.080082 0.953398 0.0792734 0.955728 0.0791914 0.958057 0.0784609 0.959473 0.0778125 0.958867 0.0765977 0.957446 0.0747344 0.955928 0.0719805 0.954106 0.0686602 0.953901 0.0656641 0.953501 0.0621016 0.95269 0.0578867 0.951675 0.0545664 0.950562 0.052625 0.949653
2 0.241992 0.856563 0.239238 0.858994 0.238266 0.862231 0.237297 0.865269 0.236891 0.869624 0.23616 0.87165 0.234621 0.869624 0.233246 0.866182 0.232516 0.860205 0.232434 0.854028 0.233328 0.850586 0.235512 0.848159 0.238023 0.844414 0.24102 0.841069 0.243047 0.839551 0.245801 0.838032 0.250336 0.835605 0.254062 0.831855 0.256332 0.829429 0.258516 0.827197 0.261352 0.824365 0.263781 0.822139 0.264836 0.81981 0.266535 0.819199 0.26775 0.819907 0.267023 0.823149 0.264918 0.827402 0.262648 0.831855 0.260137 0.835605 0.256816 0.841372 0.251309 0.846538 0.245883 0.850894 0.243613 0.855044
1 0.534574 0.849946 0.527207 0.853799 0.522582 0.856157 0.51316 0.861509 0.503734 0.865581 0.498254 0.868789 0.491914 0.870288 0.48352 0.868789 0.479922 0.869863 0.478039 0.872217 0.47684 0.876284 0.47684 0.879927 0.478551 0.881855 0.481809 0.88207 0.484547 0.88207 0.488832 0.880571 0.490887 0.879497 0.493113 0.879497 0.496027 0.877358 0.498937 0.876499 0.503906 0.876499 0.50973 0.876074 0.516586 0.875645 0.520523 0.873501 0.527891 0.873076 0.531488 0.872217 0.534059 0.870718 0.536457 0.86772 0.539715 0.864507 0.543313 0.862368 0.546051 0.85937 0.546566 0.856797 0.547937 0.849517 0.548621 0.842451 0.549309 0.839023 0.551363 0.834312 0.552906 0.829175 0.55359 0.819751 0.551879 0.817183 0.549648 0.816538 0.546566 0.817607 0.544512 0.819751 0.543996 0.822749 0.544852 0.825747 0.542625 0.831743 0.539199 0.837954 0.537656 0.840308 0.536629 0.842881 0.536285 0.84459 0.535602 0.847803
