1 0.386039 0.405786 0.385703 0.403589 0.384824 0.400552 0.384352 0.396421 0.384352 0.391274 0.384488 0.387646 0.385086 0.385283 0.386574 0.382749 0.388469 0.379546 0.390352 0.376675 0.392656 0.373809 0.393937 0.371865 0.396434 0.368662 0.398461 0.366465 0.399879 0.364443 0.400613 0.3625 0.40116 0.360474 0.402238 0.359634 0.403387 0.359883 0.404195 0.361743 0.403723 0.363936 0.401969 0.3679 0.400348 0.370518 0.399129 0.373301 0.397246 0.376255 0.395484 0.380049 0.394949 0.382583 0.394477 0.38604 0.393801 0.389331 0.393129 0.391865 0.392383 0.394814 0.392453 0.398193 0.392316 0.401904 0.392781 0.404771 0.394133 0.406289 0.394727 0.408545 0.395543 0.411606 0.397176 0.417876 0.399391 0.423994 0.401145 0.428955 0.402191 0.432598 0.403246 0.435947 0.404063 0.439155 0.404063 0.441777 0.402543 0.444258 0.400094 0.442217 0.398461 0.438286 0.396598 0.433184 0.392977 0.425166 0.390176 0.418306 0.388543 0.413794 0.387031 0.409414
1 0.345594 0.4629 0.343492 0.464941 0.341625 0.467275 0.339879 0.469463 0.338242 0.47165 0.336609 0.474126 0.334629 0.477334 0.332645 0.480688 0.330547 0.484771 0.329031 0.487979 0.327398 0.491475 0.325879 0.495703 0.324016 0.500078 0.32273 0.505034 0.322148 0.509995 0.320863 0.515532 0.320164 0.521802 0.319465 0.526763 0.319113 0.532739 0.318297 0.535654 0.318648 0.539009 0.319 0.541484 0.318883 0.544404 0.319816 0.544692 0.320398 0.542363 0.32168 0.54105 0.32343 0.539736 0.325062 0.539009 0.325879 0.536235 0.325762 0.532012 0.32623 0.527197 0.327164 0.520928 0.328098 0.516699 0.329145 0.512324 0.330195 0.505474 0.332297 0.499204 0.335094 0.494102 0.337543 0.49002 0.33941 0.486958 0.342211 0.483457 0.345008 0.479961 0.347926 0.47646 0.351074 0.472813 0.354457 0.46873 0.356906 0.465381 0.358809 0.462637 0.358949 0.460947 0.360348 0.458364 0.361758 0.457012 0.363113 0.4552 0.364383 0.453203 0.365598 0.450801 0.366402 0.448467 0.366262 0.446704 0.365457 0.446411 0.364758 0.447402 0.362832 0.449341 0.360676 0.450801 0.358242 0.452686 0.357031 0.453662 0.355938 0.455376 0.354258 0.45666 0.352426 0.457725 0.349805 0.459824 0.348207 0.460117 0.346805 0.46147
1 0.466039 0.399551 0.463609 0.399146 0.460938 0.39813 0.458262 0.396919 0.454457 0.395093 0.450488 0.393979 0.447652 0.393477 0.443359 0.392261 0.439473 0.392056 0.435422 0.392666 0.431777 0.393071 0.428617 0.393979 0.424566 0.395298 0.42141 0.397422 0.417926 0.399346 0.414848 0.40208 0.412336 0.404712 0.409664 0.407246 0.407883 0.408965 0.404641 0.411802 0.402859 0.413726 0.398891 0.416963 0.396543 0.417573 0.393301 0.419902 0.390871 0.422329 0.388359 0.425063 0.385688 0.427695 0.384879 0.429824 0.383984 0.431445 0.384555 0.433569 0.385203 0.435293 0.386496 0.434277 0.387387 0.43418 0.388926 0.43519 0.390629 0.433975 0.392977 0.433369 0.394922 0.431543 0.396703 0.429116 0.399215 0.427598 0.402859 0.425977 0.405531 0.42395 0.407234 0.421621 0.410715 0.417773 0.413633 0.414331 0.416305 0.411597 0.418734 0.408765 0.421086 0.407651 0.424566 0.406436 0.427078 0.405625 0.431371 0.404614 0.435098 0.403901 0.438258 0.40269 0.44109 0.402485 0.444574 0.402485 0.446641 0.402588 0.449648 0.402734 0.451914 0.403027 0.45375 0.403223 0.455664 0.403369 0.456992 0.403711 0.458516 0.40376 0.460531 0.404106 0.462801 0.404512 0.464742 0.404004 0.466039 0.403496 0.467336 0.402485 0.46782 0.400664 0.467336 0.399346
1 0.403328 0.413755 0.404883 0.416426 0.406148 0.419097 0.407508 0.420435 0.409258 0.420923 0.410035 0.419097 0.410617 0.417153 0.410715 0.414238 0.410035 0.411689 0.40984 0.40792 0.41023 0.402695 0.411301 0.392974 0.413145 0.385928 0.41509 0.380703 0.415965 0.376694 0.416937 0.373901 0.418492 0.37147 0.420145 0.370742 0.422281 0.371108 0.423547 0.371108 0.425004 0.367339 0.424617 0.363452 0.422184 0.362842 0.419465 0.363086 0.414699 0.366245 0.411785 0.369404 0.408965 0.373413 0.406438 0.377544 0.405078 0.382529 0.404105 0.387993 0.403426 0.392734 0.402453 0.40063 0.402551 0.405488 0.402551 0.409863
1 0.453309 0.397422 0.451363 0.399365 0.449324 0.401919 0.447867 0.403618 0.446797 0.404106 0.449031 0.407144 0.450586 0.408115 0.453309 0.407871 0.456031 0.406172 0.460211 0.402285 0.463027 0.39791 0.464098 0.393535 0.465652 0.387095 0.466723 0.380898 0.467984 0.374458 0.469348 0.369233 0.470512 0.364131 0.471195 0.359395 0.472555 0.354048 0.47343 0.349673 0.474148 0.343369 0.474344 0.340332 0.475605 0.338145 0.47716 0.335835 0.477938 0.332188 0.478719 0.328667 0.480273 0.326724 0.481535 0.324536 0.480465 0.323198 0.479203 0.322471 0.47716 0.324536 0.475121 0.327329 0.473176 0.330854 0.470844 0.332798 0.468316 0.336562 0.466664 0.339238 0.465012 0.344463 0.462969 0.349077 0.461414 0.354546 0.460055 0.358799 0.458207 0.364268 0.457227 0.369175 0.455844 0.374849 0.455844 0.378799 0.456254 0.381421 0.456738 0.38396 0.456332 0.386694 0.455844 0.389927 0.455039 0.392866 0.45398 0.394897
1 0.503547 0.284849 0.505062 0.288496 0.505762 0.292139 0.508094 0.298262 0.510543 0.30293 0.512063 0.306138 0.513695 0.309927 0.514859 0.314302 0.517426 0.317798 0.520691 0.3248 0.521508 0.327422 0.522207 0.332964 0.522559 0.337773 0.523258 0.342295 0.524773 0.345356 0.525824 0.347104 0.526641 0.345938 0.527574 0.342295 0.527223 0.338647 0.528039 0.334858 0.528625 0.330776 0.528625 0.327275 0.528273 0.321738 0.526641 0.31605 0.524426 0.310801 0.523023 0.306572 0.521391 0.30293 0.519293 0.297827 0.517777 0.293306 0.516027 0.289517 0.514742 0.285288 0.51241 0.28208 0.512293 0.279307 0.513926 0.276392 0.516727 0.273623 0.518172 0.271201 0.518758 0.269131 0.518172 0.268286 0.516238 0.268037 0.513996 0.266333 0.511664 0.266099 0.509715 0.266465 0.507875 0.268037 0.50525 0.271069 0.5035 0.273623 0.502531 0.278359 0.503008 0.282368
1 0.937676 0.0924463 0.934855 0.0918359 0.933398 0.0925684 0.932137 0.0947656 0.92893 0.0969434 0.929023 0.0954932 0.930289 0.0937842 0.931066 0.0907471 0.933301 0.0875879 0.935441 0.0841943 0.939328 0.0817676 0.943117 0.0798242 0.948465 0.0778662 0.952449 0.0756787 0.957309 0.0733691 0.964211 0.0719238 0.970531 0.0694824 0.976168 0.0683887 0.980734 0.0664453 0.985109 0.0662158 0.988316 0.0675488 0.990457 0.0713184 0.990551 0.0732471 0.989484 0.0755713 0.985789 0.0769043 0.981125 0.0782324 0.975582 0.0798242 0.967129 0.0826025 0.963238 0.083335 0.957215 0.0856396 0.951187 0.0870996 0.945355 0.0886816 0.941758 0.0914746
1 0.935246 0.0518652 0.933012 0.0535645 0.932426 0.0584277 0.932039 0.0619629 0.932234 0.0681592 0.932234 0.0731396 0.929996 0.077998 0.928344 0.0809033 0.927273 0.0864941 0.925527 0.0907471 0.922707 0.0957275 0.9195 0.0997461 0.916293 0.101694 0.913766 0.10022 0.913473 0.0982764 0.916484 0.0965869 0.918723 0.0932959 0.921152 0.0883154 0.922223 0.084668 0.922316 0.0807812 0.923 0.0767822 0.924457 0.0733691 0.925137 0.0687646 0.926305 0.0618262 0.926984 0.0563721 0.929898 0.051499 0.932328 0.0500439 0.934371 0.0484619 0.936996 0.0472461 0.938551 0.0474902 0.938937 0.0488379 0.938746 0.0502832 0.936898 0.0511377
1 0.464902 0.488867 0.463203 0.487549 0.460617 0.485122 0.458996 0.482798 0.458512 0.480776 0.459969 0.480474 0.461426 0.47916 0.462801 0.479966 0.465551 0.48209 0.469918 0.483711 0.474043 0.48543 0.476711 0.486538 0.480996 0.487852 0.484312 0.48917 0.488277 0.490381 0.491672 0.491392 0.494504 0.492402 0.498223 0.493213 0.50073 0.494629 0.502754 0.495537 0.504531 0.495537 0.505586 0.494019 0.507688 0.491797 0.508254 0.488257 0.508902 0.485024 0.509789 0.482192 0.51052 0.480776 0.512055 0.479565 0.514156 0.480371 0.515289 0.481079 0.515453 0.483203 0.514645 0.484419 0.513996 0.487046 0.513754 0.491089 0.511973 0.494121 0.511406 0.496445 0.510355 0.498472 0.50793 0.501299 0.505988 0.504233 0.502836 0.504536 0.498711 0.504639 0.496039 0.504434 0.491187 0.502612 0.483988 0.499985 0.481563 0.498774 0.478004 0.497661 0.475418 0.49584 0.471777 0.493413 0.469512 0.491694 0.467734 0.490278
1 0.210117 0.417578 0.205094 0.411758 0.202531 0.407246 0.200199 0.401279 0.19857 0.396475 0.198918 0.39356 0.199734 0.392544 0.202996 0.393271 0.205324 0.39749 0.207422 0.402588 0.211496 0.408413 0.215457 0.414087 0.218953 0.416416 0.222328 0.418892 0.229668 0.420493 0.234094 0.421367 0.239797 0.422534 0.24632 0.423843 0.251445 0.424277 0.256801 0.424717 0.26018 0.424424 0.264023 0.422969 0.26682 0.421948 0.268332 0.420493 0.269613 0.421514 0.268684 0.424136 0.266703 0.425298 0.262859 0.427627 0.257852 0.428794 0.253891 0.430103 0.250746 0.43127 0.247367 0.431704 0.243527 0.430977 0.237934 0.430542 0.23048 0.428208 0.226172 0.427046 0.223027 0.425151 0.219301 0.422969 0.216855 0.42166 0.213828 0.419766
1 0.0621641 0.425308 0.0575039 0.426157 0.052457 0.428218 0.0498359 0.431733 0.0471211 0.433433 0.0445 0.433555 0.0428477 0.436465 0.0392578 0.440835 0.0354727 0.444961 0.0315898 0.448232 0.0269336 0.452964 0.0241172 0.454907 0.0218867 0.455273 0.0211094 0.453208 0.0215938 0.451631 0.0233398 0.448477 0.0253789 0.446655 0.0275156 0.444473 0.0303281 0.441685 0.0335312 0.438286 0.035668 0.435859 0.0376094 0.432583 0.0400352 0.429917 0.0428477 0.427612 0.0473125 0.424092 0.052168 0.419849 0.0550781 0.416572 0.0593477 0.414385 0.0630352 0.41208 0.0678906 0.410747 0.0753633 0.409653 0.0793398 0.408809 0.0839023 0.407715 0.0872031 0.404805 0.0905039 0.40165 0.0911836 0.400801 0.0933164 0.400801 0.0941914 0.402617 0.0941914 0.404561 0.0917656 0.406865 0.0889492 0.409414 0.0860391 0.411475 0.0818633 0.414146 0.0787578 0.417056 0.0749609 0.420459 0.0733203 0.422266 0.0708008 0.423608 0.0679844 0.42397 0.0656562 0.424458
1 0.0316875 0.398979 0.0286797 0.397158 0.027125 0.39437 0.0268359 0.389761 0.0292617 0.387573 0.0313945 0.388423 0.0351797 0.388789 0.0388711 0.387817 0.0445977 0.386484 0.0484766 0.385151 0.0541055 0.383813 0.0580859 0.382603 0.0619687 0.380903 0.0676953 0.380537 0.0722578 0.381265 0.0738086 0.383936 0.0738086 0.385513 0.0723555 0.385513 0.0700234 0.385029 0.068375 0.386729 0.0644922 0.388911 0.0613867 0.390728 0.0590586 0.393154 0.0558555 0.394492 0.053332 0.394976 0.0508086 0.396309 0.0491562 0.397646 0.0459531 0.398735 0.0433359 0.399346 0.0408125 0.399585 0.0391602 0.398979 0.0377031 0.398496
1 0.0330352 0.364053 0.0352461 0.359521 0.0382656 0.353989 0.0388711 0.34896 0.0400781 0.338896 0.0436992 0.334116 0.0465195 0.333613 0.0483281 0.336631 0.0475234 0.340654 0.0467187 0.348203 0.044707 0.356758 0.0441016 0.365562 0.0420898 0.372354 0.0392734 0.373613 0.0338398 0.375122 0.0280039 0.376631 0.0215625 0.378389 0.0171328 0.379902 0.0153242 0.380908 0.0123047 0.384932 0.0123047 0.390718 0.0131094 0.396001 0.0121016 0.39877 0.0096875 0.396504 0.00747266 0.393486 0.00606641 0.388452 0.00586328 0.381157 0.00687109 0.374365 0.00989063 0.372354 0.0159258 0.369839 0.0201523 0.368076 0.0239766 0.36707 0.0278008 0.365811 0.0302148 0.365562
1 0.0849336 0.803101 0.0807422 0.800044 0.0773633 0.799751 0.0759648 0.801206 0.0725898 0.803682 0.0701445 0.806011 0.0685117 0.807759 0.067582 0.806304 0.067582 0.803247 0.069793 0.800918 0.0729375 0.797715 0.076082 0.7948 0.0795781 0.793491 0.0822539 0.793784 0.0845859 0.795239 0.0879609 0.796841 0.0927383 0.799604 0.0964648 0.803389 0.0983281 0.806157 0.101121 0.809648 0.105316 0.816348 0.10718 0.818677 0.108691 0.822461 0.11009 0.828574 0.112887 0.832651 0.114398 0.836001 0.116148 0.840952 0.118359 0.843652 0.122227 0.848437 0.125812 0.851143 0.127445 0.851143 0.131055 0.852891 0.133965 0.853032 0.135016 0.854199 0.134434 0.855508 0.133734 0.857837 0.133266 0.859731 0.130238 0.859438 0.127445 0.858857 0.124766 0.857109 0.120687 0.85478 0.118242 0.852598 0.115566 0.849688 0.11277 0.846045 0.11009 0.841387 0.106945 0.836001 0.105082 0.831196 0.102055 0.825811 0.0977461 0.819404 0.09425 0.814019 0.0906406 0.80936 0.0878437 0.80645
1 0.0638281 0.761182 0.0594531 0.756812 0.0584766 0.752793 0.0567969 0.749302 0.0576172 0.744482 0.0583984 0.741504 0.0596484 0.740869 0.0615508 0.741265 0.0644844 0.74563 0.0671406 0.74895 0.0688164 0.752446 0.068957 0.755767 0.0710547 0.759434 0.0741289 0.762925 0.0760859 0.766245 0.0776211 0.76939 0.0808359 0.774106 0.0837695 0.777778 0.0869844 0.781621 0.0895 0.784766 0.0915977 0.78686 0.0946719 0.789482 0.0976094 0.792627 0.102219 0.794722 0.103336 0.79769 0.104441 0.799282 0.106582 0.804121 0.107656 0.807407 0.108621 0.809712 0.109781 0.81165 0.11066 0.814199 0.109879 0.815405 0.106187 0.815649 0.104832 0.814321 0.10057 0.807651 0.0991172 0.804731 0.0968789 0.802793 0.0921289 0.798306 0.0900898 0.796855 0.0866914 0.794546 0.0830039 0.791021 0.0790195 0.786772 0.0767852 0.783872 0.0731914 0.777568 0.0697266 0.771875 0.0660547 0.764941
1 0 0.866636 0.00191016 0.866406 0.00385156 0.864224 0.00695703 0.861558 0.0104531 0.858037 0.0128789 0.853911 0.0156914 0.84894 0.0180234 0.845176 0.0198672 0.84166 0.0221953 0.83729 0.02375 0.834624 0.0242344 0.832681 0.0249141 0.830742 0.0260781 0.829771 0.0275352 0.828071 0.0288906 0.828071 0.030543 0.828921 0.0307383 0.832319 0.0304453 0.836201 0.0286992 0.841416 0.0272422 0.845542 0.0259805 0.847847 0.0253008 0.852095 0.0238438 0.854399 0.022582 0.858281 0.0202539 0.861313 0.0175352 0.865317 0.0148203 0.869805 0.0116172 0.872715 0.00878906 0.876465 0.00657031 0.87854 0.00482422 0.880845 0.0026875 0.8823 0.000550781 0.883755 0 0.883984
1 0.347539 0.849268 0.347441 0.850889 0.346551 0.851597 0.343641 0.851294 0.34 0.851191 0.33523 0.850688 0.330781 0.851094 0.326414 0.851094 0.322531 0.8527 0.318406 0.854326 0.313309 0.856753 0.311531 0.857451 0.308781 0.859482 0.307 0.860796 0.30393 0.863428 0.299883 0.867471 0.296164 0.869692 0.290582 0.874346 0.288398 0.876973 0.286457 0.880005 0.284355 0.884858 0.282656 0.888486 0.281605 0.888389 0.279262 0.886172 0.27748 0.884355 0.275137 0.881929 0.275215 0.8796 0.277156 0.877881 0.278047 0.876167 0.280313 0.874448 0.283223 0.871714 0.287996 0.868169 0.292445 0.865244 0.295355 0.86311 0.29859 0.860898 0.300773 0.858574 0.303523 0.855742 0.306031 0.854229 0.309508 0.852295 0.312258 0.850386 0.314281 0.848462 0.316223 0.84644 0.320266 0.844116 0.322047 0.843711 0.325441 0.843208 0.328598 0.842905 0.331992 0.843511 0.334984 0.844419 0.33798 0.845024 0.340164 0.845635 0.342102 0.846543 0.343398 0.847139 0.345418 0.848159
1 0.37207 0.865918 0.37207 0.86854 0.37102 0.870869 0.369039 0.874507 0.368203 0.881592 0.369102 0.890527 0.371602 0.90042 0.374863 0.907847 0.37766 0.912212 0.380922 0.917891 0.384648 0.924443 0.387559 0.931431 0.391168 0.937983 0.392449 0.943076 0.394617 0.949146 0.397062 0.954824 0.398344 0.960068 0.39916 0.965308 0.39916 0.96793 0.397996 0.970259 0.398109 0.974771 0.39916 0.975933 0.399391 0.979282 0.400789 0.980156 0.402305 0.980303 0.403352 0.977393 0.404168 0.974917 0.406031 0.972295 0.407895 0.969385 0.408711 0.964141 0.408242 0.959194 0.406031 0.953809 0.40277 0.945508 0.398109 0.935317 0.395199 0.926436 0.391937 0.919595 0.389957 0.914937 0.387395 0.910566 0.384719 0.903726 0.382762 0.899839 0.381398 0.898135 0.378578 0.897046 0.376832 0.895586 0.375957 0.892676 0.374316 0.8871 0.373734 0.883579 0.373629 0.880303 0.37441 0.876431 0.37441 0.87375 0.375668 0.87145 0.376355 0.86854 0.375285 0.866602 0.374699 0.865381 0.373629 0.863691 0.373152 0.862466 0.372664 0.862715 0.372371 0.864287
1 0.343066 0.88499 0.341043 0.880342 0.339184 0.877002 0.337891 0.87377 0.337242 0.871445 0.334977 0.869219 0.334898 0.867397 0.336434 0.867095 0.338133 0.868105 0.339832 0.868105 0.342258 0.869321 0.344602 0.871445 0.34509 0.873467 0.346867 0.877812 0.348082 0.88105 0.350508 0.88752 0.351801 0.890854 0.35277 0.892876 0.354711 0.893687 0.357625 0.894595 0.361102 0.895103 0.363449 0.895708 0.367574 0.896514 0.369191 0.896113 0.369512 0.894492 0.369512 0.893281 0.370887 0.89126 0.370566 0.889438 0.371859 0.886709 0.373879 0.884687 0.374367 0.883574 0.375336 0.884282 0.376066 0.886709 0.3755 0.889844 0.375336 0.894292 0.374691 0.896616 0.373395 0.899648 0.370645 0.901572 0.368625 0.904199 0.364258 0.903896 0.359402 0.902378 0.356734 0.901167 0.352934 0.899951 0.348727 0.89894 0.346141 0.894897 0.345332 0.891157 0.344117 0.887822
1 0.305297 0.890854 0.302547 0.892471 0.300523 0.895708 0.29834 0.897124 0.297207 0.896313 0.296883 0.894595 0.297613 0.891865 0.297613 0.888228 0.299391 0.88499 0.301492 0.883374 0.305133 0.88145 0.307965 0.879834 0.312734 0.87751 0.317105 0.876294 0.320906 0.874883 0.324301 0.873467 0.327457 0.872959 0.332473 0.872554 0.335301 0.872153 0.339426 0.872251 0.343309 0.871948 0.345574 0.870127 0.349457 0.868105 0.35075 0.865581 0.352934 0.862949 0.354227 0.860728 0.35552 0.860625 0.357059 0.861636 0.356086 0.864165 0.354551 0.866689 0.352691 0.870332 0.351395 0.871948 0.350102 0.875488 0.347027 0.878721 0.342984 0.880742 0.339023 0.881353 0.332793 0.881753 0.327859 0.883071 0.322848 0.884687 0.318234 0.885698 0.316941 0.885801 0.31298 0.887314 0.309906 0.889238 0.307316 0.890552
1 0.656633 0.818027 0.657508 0.816084 0.659352 0.814146 0.660516 0.813779 0.661875 0.814873 0.662844 0.816084 0.663137 0.81936 0.663039 0.823486 0.662844 0.827368 0.66275 0.831616 0.662652 0.838652 0.66275 0.843262 0.66275 0.849082 0.663137 0.858062 0.663137 0.865581 0.662941 0.869463 0.66168 0.873467 0.66032 0.876865 0.658574 0.880747 0.656816 0.88439 0.65484 0.88832 0.652625 0.89123 0.650762 0.894722 0.649598 0.898945 0.64948 0.902002 0.648316 0.902729 0.646219 0.901421 0.643309 0.896763 0.642375 0.893994 0.643191 0.892393 0.644473 0.894141 0.645492 0.893813 0.646453 0.892891 0.647238 0.890864 0.647684 0.888052 0.648473 0.884678 0.649926 0.881875 0.651559 0.878369 0.653691 0.874219 0.655102 0.869795 0.656449 0.865376 0.657652 0.862002 0.657371 0.855088 0.656973 0.84854 0.657168 0.841987 0.656875 0.835547 0.656973 0.827793 0.656789 0.823184 0.656613 0.820063
1 0.595371 0.832114 0.591391 0.833208 0.589375 0.834385 0.587344 0.834639 0.585598 0.835483 0.58452 0.836157 0.583781 0.835313 0.584785 0.833208 0.586207 0.832114 0.58816 0.831016 0.590309 0.829502 0.593949 0.8279 0.598398 0.825625 0.59982 0.823433 0.602313 0.821836 0.604066 0.821245 0.60582 0.819136 0.607707 0.817368 0.610266 0.816528 0.613496 0.816528 0.61768 0.816611 0.619297 0.817876 0.623949 0.821074 0.625566 0.82335 0.628129 0.824697 0.63143 0.827144 0.634934 0.830176 0.637961 0.831606 0.641742 0.833125 0.645449 0.835059 0.648754 0.837334 0.650699 0.839609 0.651246 0.842812 0.651043 0.845591 0.649563 0.846182 0.647332 0.846016 0.644168 0.844326 0.640523 0.841885 0.637758 0.839106 0.63325 0.836997 0.629273 0.834639 0.626172 0.832788 0.623816 0.83144 0.620781 0.829331 0.618422 0.828828 0.616602 0.828066 0.61518 0.827393 0.612559 0.827227 0.609863 0.827393 0.607969 0.828237 0.605551 0.829165 0.602043 0.829839 0.599012 0.830679
1 0.543695 0.842896 0.541137 0.842729 0.539113 0.842812 0.537496 0.842979 0.536484 0.842056 0.53716 0.840791 0.539449 0.839609 0.544305 0.838345 0.548754 0.837422 0.55293 0.836831 0.556707 0.836914 0.563512 0.838433 0.570184 0.841382 0.574094 0.845337 0.576992 0.849888 0.58016 0.854355 0.582652 0.856631 0.58434 0.86042 0.585762 0.862104 0.587648 0.864209 0.588195 0.867666 0.587852 0.869517 0.587387 0.871709 0.586164 0.871626 0.585227 0.87019 0.583746 0.869097 0.581793 0.868169 0.580234 0.865391 0.578895 0.863286 0.57559 0.859409 0.573164 0.856631 0.570469 0.8525 0.56918 0.850488 0.566758 0.849121 0.563945 0.847266 0.560977 0.845752 0.55875 0.844141 0.555117 0.843652 0.552473 0.842559 0.548359 0.842305 0.546199 0.842559
1 0.506828 0.885078 0.50227 0.887021 0.497316 0.889565 0.495184 0.891143 0.494117 0.893813 0.49266 0.895757 0.491687 0.898789 0.493629 0.900244 0.498387 0.897939 0.502074 0.894907 0.507996 0.891387 0.511391 0.887988 0.51343 0.8852 0.516242 0.883257 0.518863 0.881563 0.523328 0.878647 0.525563 0.876709 0.527988 0.874404 0.530121 0.872583 0.531676 0.8704 0.534004 0.867607 0.535559 0.864453 0.537012 0.861182 0.536918 0.857783 0.537887 0.853901 0.539344 0.850259 0.540121 0.847349 0.539535 0.846016 0.539051 0.844072 0.537598 0.8448 0.536918 0.84541 0.536043 0.848198 0.534684 0.85208 0.533813 0.855962 0.532645 0.858511 0.530898 0.860693 0.528859 0.862148 0.52818 0.864214 0.527406 0.866274 0.526105 0.868472 0.524387 0.870376 0.52259 0.871396 0.519816 0.873301 0.518313 0.874438 0.515582 0.877266 0.513738 0.879316 0.511324 0.88127 0.509012 0.883706
1 0.467141 0.790947 0.46552 0.788755 0.464848 0.787402 0.463227 0.786646 0.461742 0.785464 0.461539 0.782935 0.462012 0.781499 0.46282 0.781836 0.463023 0.782847 0.463969 0.783608 0.464914 0.783101 0.466535 0.78251 0.470105 0.783438 0.472137 0.785547 0.474227 0.787993 0.47693 0.790693 0.479762 0.793647 0.481992 0.795083 0.485629 0.798037 0.489957 0.8004 0.494277 0.803184 0.497516 0.805039 0.500883 0.806641 0.503516 0.807485 0.505945 0.807822 0.50825 0.808584 0.513918 0.80875 0.519918 0.810439 0.526398 0.811113 0.53093 0.810605 0.533289 0.810103 0.53491 0.809849 0.536191 0.81002 0.53659 0.811621 0.535512 0.812969 0.533359 0.81314 0.531461 0.814575 0.528363 0.814824 0.524312 0.814404 0.521613 0.815415 0.518441 0.816768 0.514188 0.817275 0.50993 0.817441 0.504266 0.817441 0.499812 0.816006 0.497379 0.813984 0.493602 0.81314 0.49016 0.811196 0.485492 0.809004 0.48334 0.806978 0.480844 0.805376 0.476996 0.801919 0.473418 0.798628 0.470172 0.795083 0.468957 0.793228
1 0.479309 0.844312 0.479469 0.838643 0.479875 0.833779 0.480926 0.830137 0.481816 0.824771 0.482223 0.822544 0.483195 0.817783 0.484246 0.814746 0.485383 0.811709 0.487004 0.80938 0.487406 0.807153 0.484977 0.805732 0.482223 0.804722 0.479063 0.80229 0.478012 0.801079 0.479063 0.799658 0.481816 0.800166 0.485059 0.801177 0.487004 0.80229 0.488863 0.803203 0.490484 0.805024 0.490648 0.807656 0.489758 0.810596 0.488703 0.812822 0.488785 0.815254 0.488703 0.818696 0.488137 0.823452 0.487488 0.828413 0.48668 0.832363 0.485785 0.836313 0.485383 0.838843 0.485422 0.843398 0.48577 0.848794 0.486004 0.855498 0.485883 0.861035 0.486242 0.866729 0.486824 0.870371 0.486824 0.874746 0.486469 0.880874 0.487051 0.886704 0.487336 0.890635 0.487172 0.893164 0.488793 0.897617 0.489117 0.899541 0.488227 0.899746 0.485957 0.898325 0.483043 0.893975 0.482555 0.890732 0.48134 0.885571 0.480125 0.880508 0.479477 0.873926 0.479316 0.863701 0.47907 0.855298 0.479227 0.849595
1 0.646832 0.725923 0.645012 0.722949 0.643191 0.720674 0.641934 0.717349 0.641234 0.713325 0.640395 0.710874 0.640254 0.709126 0.642352 0.71 0.64473 0.713501 0.64641 0.717173 0.64823 0.720322 0.650469 0.723472 0.65243 0.727847 0.653691 0.732573 0.654391 0.736772 0.655371 0.743418 0.65691 0.750591 0.658309 0.756714 0.659148 0.761963 0.66027 0.767388 0.662648 0.772813 0.664328 0.776484 0.666988 0.779111 0.669508 0.782437 0.670668 0.783623 0.672797 0.785586 0.674824 0.787144 0.67652 0.788052 0.678199 0.788403 0.680285 0.789243 0.681125 0.789312 0.681066 0.790518 0.679891 0.791987 0.678086 0.793525 0.675887 0.794873 0.673594 0.794873 0.669758 0.793965 0.667293 0.792266 0.664707 0.79001 0.662059 0.786934 0.660422 0.784253 0.657555 0.780806 0.655875 0.779829 0.655145 0.777432 0.653789 0.774053 0.652891 0.771235 0.652109 0.768857 0.651309 0.767163 0.650051 0.763608 0.64966 0.761245 0.649254 0.757031 0.648441 0.754072 0.647824 0.749771 0.647336 0.746973 0.647195 0.742231 0.647195 0.739238 0.647141 0.73644 0.647141 0.73292
1 0.450066 0.628862 0.449016 0.626094 0.449133 0.621865 0.449484 0.618076 0.450766 0.613701 0.452398 0.610493 0.450535 0.609473 0.448082 0.612681 0.446336 0.616035 0.44552 0.622886 0.446566 0.630762 0.447383 0.640527 0.450066 0.646504 0.454266 0.655107 0.459164 0.66269 0.462313 0.6675 0.465578 0.673042 0.46943 0.680039 0.472578 0.68354 0.476895 0.685288 0.481211 0.686309 0.483309 0.686162 0.483891 0.684561 0.484707 0.680625 0.482844 0.677852 0.481676 0.675664 0.479461 0.676104 0.474328 0.674355 0.470828 0.670562 0.467797 0.665752 0.464762 0.660356 0.46173 0.65438 0.458582 0.648403 0.45625 0.642285 0.452398 0.635571 0.451117 0.632217
1 0.428348 0.73377 0.42582 0.731221 0.423875 0.726968 0.422711 0.722227 0.422516 0.7198 0.423098 0.718828 0.424461 0.720771 0.427863 0.726118 0.430195 0.729033 0.433984 0.734502 0.435348 0.737295 0.437191 0.74082 0.437191 0.743613 0.436609 0.746895 0.436414 0.750537 0.434762 0.757344 0.432043 0.761597 0.430484 0.764873 0.427473 0.767793 0.42407 0.76998 0.420184 0.77083 0.415031 0.77083 0.41027 0.769492 0.409004 0.76937 0.40609 0.770586 0.400453 0.773623 0.39977 0.774351 0.398215 0.777148 0.39741 0.780513 0.395543 0.784668 0.393598 0.787402 0.391656 0.789224 0.390516 0.789526 0.389391 0.788008 0.388738 0.782637 0.388574 0.776978 0.388012 0.77373 0.388332 0.769385 0.390605 0.767354 0.39457 0.765327 0.398293 0.764014 0.400723 0.761377 0.404613 0.760161 0.408012 0.760879 0.411336 0.761582 0.414418 0.762285 0.418949 0.762495 0.421379 0.761885 0.423652 0.759761 0.425598 0.757729 0.427211 0.753784 0.428027 0.750439 0.429641 0.747002 0.430273 0.744194 0.430215 0.738291 0.429934 0.736104 0.429594 0.734692
1 0.424102 0.732183 0.423023 0.732603 0.421539 0.734546 0.420457 0.735303 0.419984 0.739355 0.418836 0.744331 0.417824 0.747705 0.416609 0.750742 0.414316 0.754541 0.411684 0.755386 0.408375 0.755298 0.405406 0.755723 0.401895 0.755889 0.400004 0.755552 0.399602 0.75437 0.401691 0.753442 0.404395 0.751758 0.408441 0.748379 0.410332 0.746777 0.411816 0.745933 0.412832 0.743657 0.413438 0.740874 0.413773 0.735894 0.415328 0.732012 0.418164 0.72813 0.42066 0.72543 0.424371 0.724082 0.427074 0.722563 0.429434 0.720537 0.432539 0.718008 0.436457 0.716738 0.44152 0.716318 0.445703 0.716064 0.448672 0.716064 0.451035 0.717329 0.453602 0.718765 0.457109 0.719692 0.460418 0.720708 0.463523 0.721548 0.464129 0.723828 0.462914 0.724756 0.459945 0.724927 0.456301 0.724419 0.453059 0.723999 0.450629 0.723745 0.447523 0.723574 0.444691 0.723911 0.442395 0.723999 0.439289 0.724082 0.437871 0.724756 0.435781 0.725518 0.434363 0.727036 0.433891 0.728218 0.432461 0.730176 0.429219 0.731934 0.426801 0.732349
1 0.426094 0.720557 0.424633 0.719326 0.423254 0.717202 0.422187 0.714404 0.420469 0.710986 0.419203 0.709404 0.418559 0.70667 0.417098 0.703735 0.415316 0.69938 0.413777 0.695937 0.413129 0.69189 0.413211 0.687739 0.413371 0.684297 0.414344 0.681562 0.415156 0.67832 0.415641 0.676499 0.416613 0.675283 0.417113 0.672388 0.417059 0.668936 0.417059 0.665708 0.417512 0.662534 0.418242 0.661553 0.419539 0.663032 0.420266 0.664722 0.420379 0.667256 0.420437 0.672461 0.420437 0.678149 0.419652 0.679697 0.418914 0.680894 0.418914 0.682856 0.41875 0.686865 0.419367 0.689893 0.420605 0.692778 0.422121 0.696636 0.424047 0.699199 0.427223 0.703677 0.429184 0.707129 0.43168 0.710254 0.434449 0.712695 0.436336 0.716211 0.437918 0.719307 0.439543 0.721768 0.4405 0.722964 0.44123 0.725283 0.441457 0.727456 0.442191 0.728652 0.443426 0.730898 0.444719 0.734067 0.446129 0.737656 0.447359 0.741807 0.44868 0.744204 0.449668 0.747012 0.450227 0.750703 0.450934 0.754341 0.451355 0.756973 0.4515 0.760254 0.449246 0.761953 0.446949 0.762837 0.44582 0.764355 0.445215 0.764771 0.444137 0.761304 0.443109 0.756387 0.441934 0.750117 0.440719 0.74314 0.437625 0.736934 0.434941 0.732876 0.432863 0.729502 0.430836 0.72606 0.429152 0.723599 0.427801 0.722266
1 0.67393 0.667505 0.670852 0.66103 0.668332 0.658579 0.666789 0.655605 0.668191 0.654033 0.670711 0.652983 0.673371 0.65228 0.676309 0.655605 0.679668 0.663306 0.682746 0.670303 0.683867 0.675728 0.686246 0.6829 0.688766 0.6927 0.690023 0.701445 0.690863 0.707046 0.691426 0.715791 0.691426 0.722441 0.690445 0.725239 0.689465 0.724014 0.687645 0.717891 0.687367 0.713867 0.684566 0.703022 0.681766 0.690425 0.679387 0.684824 0.677148 0.677476 0.675887 0.672402
1 0.359512 0.617461 0.362039 0.615879 0.364664 0.614424 0.369812 0.613813 0.373508 0.61333 0.377785 0.61272 0.38352 0.612358 0.389254 0.611143 0.393727 0.610532 0.400527 0.610049 0.406652 0.609321 0.409762 0.609199 0.413941 0.609199 0.417637 0.609077 0.418633 0.608447 0.420551 0.607012 0.423566 0.605674 0.425508 0.604946 0.428426 0.603486 0.429594 0.601177 0.427941 0.600449 0.424051 0.600083 0.419289 0.600083 0.414234 0.599844 0.405777 0.600205 0.401113 0.600083 0.398195 0.599233 0.394309 0.600083 0.388574 0.600815 0.380117 0.601421 0.373023 0.602393 0.366801 0.603608 0.360871 0.605674 0.355527 0.608228 0.351539 0.609927 0.346098 0.612476 0.343957 0.612236 0.341625 0.608955 0.339777 0.607373 0.337738 0.608105 0.335695 0.610776 0.333852 0.613691 0.333266 0.615635 0.334043 0.616489 0.335793 0.615635 0.337836 0.615151 0.339293 0.615518 0.340848 0.617339 0.34318 0.618188 0.344738 0.617583 0.346777 0.617944 0.349598 0.6177 0.354066 0.617583 0.356887 0.617583
1 0.306523 0.539307 0.308258 0.545337 0.310355 0.551167 0.313387 0.557876 0.315371 0.562539 0.318754 0.569102 0.323418 0.576538 0.3275 0.581055 0.330418 0.585283 0.333566 0.588784 0.335551 0.592573 0.337766 0.597095 0.340098 0.601323 0.341031 0.605698 0.342664 0.609194 0.343598 0.611235 0.344297 0.610947 0.344883 0.609194 0.344883 0.6073 0.346164 0.606133 0.346746 0.603364 0.34418 0.599282 0.341266 0.595488 0.338117 0.590098 0.334035 0.582368 0.331234 0.578286 0.328203 0.573037 0.325637 0.569395 0.323188 0.566621 0.319453 0.561084 0.316539 0.556709 0.314438 0.553354 0.313039 0.549854 0.311824 0.547246 0.310684 0.543525 0.309738 0.54083 0.309598 0.538291 0.309199 0.536191 0.309063 0.533833 0.309738 0.532139 0.309668 0.531118 0.309199 0.531118 0.308117 0.5323 0.307371 0.534326 0.306496 0.536602
1 0.452016 0.527378 0.450461 0.530781 0.448809 0.534062 0.447059 0.537827 0.444922 0.543784 0.442684 0.547427 0.441324 0.54998 0.440547 0.552773 0.43909 0.555444 0.437047 0.55897 0.435199 0.562251 0.433645 0.5648 0.431797 0.568569 0.430145 0.571851 0.427715 0.575493 0.426258 0.577314 0.42684 0.579868 0.428395 0.580718 0.430438 0.580229 0.433258 0.578652 0.435785 0.575981 0.438797 0.572456 0.44152 0.569175 0.443656 0.56626 0.446477 0.562007 0.447836 0.558481 0.45007 0.552773 0.451531 0.548032 0.453766 0.54354 0.456875 0.53856 0.459016 0.533452 0.460766 0.529204 0.462609 0.524097 0.463445 0.519653 0.464828 0.5154 0.466207 0.508716 0.467258 0.504673 0.468879 0.501123 0.471309 0.496772 0.473652 0.494346 0.474012 0.492437 0.474672 0.4898 0.474527 0.48856 0.47373 0.488975 0.471719 0.490845 0.469609 0.493018 0.468113 0.494536 0.466332 0.49665 0.46398 0.499399 0.462484 0.502739 0.460988 0.505679 0.459812 0.508716 0.458926 0.512061 0.457234 0.515811 0.456418 0.51771 0.455855 0.519287 0.454641 0.521924 0.453746 0.523794 0.452996 0.525205
1 0.499613 0.42334 0.498828 0.425405 0.497672 0.427471 0.496398 0.428926 0.494559 0.42978 0.491828 0.432085 0.490188 0.434395 0.487844 0.438281 0.485715 0.442412 0.484258 0.445815 0.482012 0.449946 0.480176 0.454443 0.478328 0.458086 0.477445 0.461245 0.476473 0.46708 0.476191 0.471938 0.47657 0.478623 0.47793 0.482388 0.480176 0.486641 0.482117 0.488584 0.48416 0.489072 0.486484 0.489072 0.489602 0.488828 0.492227 0.488101 0.49427 0.486763 0.496398 0.484697 0.499227 0.481416 0.501258 0.478984 0.502434 0.475947 0.503602 0.474976 0.50534 0.474854 0.505543 0.473154 0.506516 0.471211 0.506215 0.469023 0.50573 0.46708 0.504477 0.465498 0.502727 0.46623 0.500004 0.469023 0.499031 0.470117 0.497477 0.471694 0.49591 0.473276 0.494074 0.475586 0.492227 0.476919 0.490285 0.478862 0.48834 0.480811 0.487074 0.481294 0.485512 0.480811 0.484355 0.477651 0.483676 0.475703 0.483187 0.472183 0.483383 0.469873 0.484551 0.465376 0.485715 0.462949 0.486172 0.46041 0.487113 0.458306 0.487582 0.456934 0.487891 0.455039 0.488242 0.452451 0.489223 0.449766 0.490039 0.447856 0.490586 0.445498 0.490742 0.443594 0.491246 0.44165 0.492141 0.438804 0.493434 0.436572 0.495113 0.43353 0.496438 0.433145 0.497961 0.43085 0.499723 0.428066 0.5005 0.427104 0.501246 0.425293 0.50148 0.423984 0.501133 0.422417 0.500586 0.420908 0.49984 0.420068 0.498984 0.420166 0.498828 0.421104 0.499254 0.422271
1 0.534168 0.389829 0.533199 0.387764 0.530766 0.383027 0.529504 0.379985 0.528531 0.376709 0.528145 0.374033 0.529406 0.373062 0.531254 0.374521 0.532613 0.376099 0.532418 0.377803 0.533586 0.379985 0.536504 0.382661 0.539223 0.386187 0.540684 0.390073 0.540973 0.39481 0.540391 0.399912 0.538738 0.404531 0.535531 0.41085 0.533391 0.415103 0.532711 0.419717 0.534656 0.422876 0.537473 0.425308 0.539809 0.427373 0.54282 0.429438 0.544277 0.430654 0.545055 0.43272 0.544375 0.436484 0.543016 0.438428 0.540391 0.438428 0.538059 0.435513 0.536113 0.433691 0.533684 0.431382 0.530379 0.428589 0.526977 0.426768 0.52552 0.424819 0.524156 0.421299 0.524547 0.41583 0.526102 0.413521 0.527852 0.40939 0.529504 0.405381 0.531352 0.403071 0.533293 0.39894 0.534168 0.396631 0.534266 0.39311
1 0.475848 0.438066 0.474004 0.438066 0.471961 0.437212 0.470406 0.435879 0.467004 0.435391 0.466227 0.436001 0.466711 0.439038 0.467879 0.441465 0.468656 0.444263 0.468656 0.445962 0.470211 0.447056 0.473906 0.447056 0.477598 0.44645 0.480805 0.443291 0.483527 0.440254 0.486445 0.436729 0.489164 0.432842 0.492859 0.429194 0.495777 0.427979 0.498789 0.426646 0.502969 0.425674 0.508023 0.424697 0.51259 0.422876 0.513855 0.422026 0.518035 0.421782 0.520367 0.420811 0.522602 0.420811 0.526297 0.421421 0.530766 0.420811 0.531738 0.418867 0.531254 0.416318 0.529113 0.414009 0.526395 0.413887 0.52377 0.414253 0.52027 0.414009 0.514437 0.413037 0.511328 0.412187 0.506953 0.412305 0.501023 0.413037 0.496457 0.41437 0.492277 0.416558 0.487418 0.420327 0.484891 0.423364 0.482555 0.426279 0.479445 0.430288 0.478184 0.433081 0.477598 0.435391 0.47682 0.436973
1 0.43807 0.472871 0.438137 0.476079 0.437797 0.478271 0.436312 0.480044 0.434289 0.48207 0.432129 0.484092 0.429766 0.486792 0.426594 0.49042 0.425109 0.492866 0.422609 0.496245 0.419641 0.500293 0.416602 0.504683 0.41559 0.506792 0.415387 0.509741 0.412957 0.511938 0.410867 0.514468 0.409516 0.516411 0.407625 0.517002 0.40641 0.514976 0.40425 0.512441 0.403441 0.511685 0.403305 0.508901 0.404387 0.507383 0.405262 0.506201 0.40668 0.504175 0.407762 0.501895 0.409719 0.498521 0.412285 0.495566 0.414242 0.492866 0.416332 0.49 0.418629 0.48688 0.420383 0.48502 0.42268 0.48291 0.425312 0.480718 0.427199 0.478779 0.429227 0.477007 0.43125 0.475908 0.43273 0.475151 0.435039 0.474517 0.435488 0.472827 0.435711 0.47002 0.43616 0.468188 0.436105 0.465869 0.436219 0.464536 0.437063 0.46397 0.437621 0.465024 0.437852 0.468066 0.438074 0.470796
1 0.44248 0.566514 0.444523 0.567607 0.44559 0.568701 0.44491 0.570161 0.44423 0.571494 0.443648 0.57417 0.441801 0.576963 0.439566 0.575747 0.436355 0.574653 0.431887 0.570889 0.428969 0.567124 0.424402 0.562993 0.419348 0.556797 0.416332 0.552422 0.412836 0.547319 0.409918 0.542334 0.407004 0.53687 0.404379 0.532979 0.40127 0.527026 0.399711 0.523262 0.398156 0.517549 0.398332 0.508545 0.398402 0.504829 0.399082 0.503652 0.399617 0.50002 0.399957 0.497661 0.40048 0.495801 0.401133 0.492656 0.402105 0.489214 0.403641 0.485972 0.40502 0.482329 0.406965 0.481113 0.407285 0.482837 0.40607 0.486787 0.40575 0.491851 0.40502 0.49812 0.40502 0.502583 0.405098 0.508862 0.40607 0.511597 0.407121 0.515132 0.407605 0.518472 0.409152 0.520708 0.410367 0.523335 0.411734 0.525571 0.413195 0.528911 0.414605 0.531899 0.41825 0.537061 0.421 0.541011 0.425297 0.545762 0.428941 0.550928 0.432984 0.556392 0.435238 0.559297 0.437504 0.561118 0.439203 0.563345 0.440664 0.565166
1 0.415535 0.449082 0.413512 0.451714 0.41173 0.454448 0.410027 0.457686 0.408488 0.461128 0.407273 0.46437 0.405168 0.467612 0.403547 0.47146 0.401848 0.475508 0.400391 0.480571 0.399254 0.484722 0.398605 0.489785 0.397879 0.49272 0.397957 0.495249 0.399254 0.496973 0.401117 0.498491 0.402332 0.498794 0.404359 0.498594 0.406223 0.497378 0.404926 0.494746 0.404844 0.493125 0.406059 0.487656 0.407516 0.484214 0.408652 0.479863 0.410027 0.477534 0.412781 0.474092 0.413996 0.47146 0.415129 0.46751 0.416266 0.464775 0.417883 0.461738 0.420152 0.457891 0.422098 0.454346 0.42477 0.449688 0.42793 0.445942 0.430965 0.441094 0.433461 0.438135 0.436426 0.434683 0.438457 0.432993 0.439473 0.429277 0.439941 0.424468 0.439195 0.420762 0.438855 0.417886 0.437437 0.414941 0.435145 0.413926 0.432715 0.413501 0.431031 0.413755 0.430895 0.414687 0.432043 0.415527 0.433121 0.416714 0.433121 0.418481 0.433195 0.420669 0.432246 0.423457 0.430488 0.426157 0.429348 0.428184 0.42725 0.431475 0.424484 0.435098 0.42225 0.43856 0.420363 0.441519 0.418273 0.444717 0.417059 0.446582
1 0.410844 0.441182 0.408754 0.443037 0.407336 0.445229 0.404637 0.44751 0.401938 0.450464 0.398898 0.453501 0.396062 0.455439 0.394242 0.457969 0.391879 0.460249 0.389516 0.46312 0.386949 0.466157 0.38398 0.46877 0.381551 0.470542 0.380199 0.472822 0.378715 0.475352 0.377367 0.47687 0.376219 0.478306 0.37777 0.479907 0.38027 0.478643 0.381887 0.476616 0.383711 0.474087 0.385332 0.472734 0.387691 0.471216 0.390191 0.46936 0.392352 0.467759 0.395793 0.465649 0.399371 0.463369 0.40207 0.46126 0.405648 0.45856 0.409629 0.455522 0.412289 0.452334 0.414766 0.449668 0.417582 0.446992 0.41927 0.444951 0.421516 0.441089 0.423543 0.436514 0.424945 0.432793 0.426187 0.429063 0.427141 0.424912 0.428293 0.421841 0.429105 0.417705 0.428902 0.414331 0.427754 0.409858 0.426676 0.407329 0.425258 0.407246 0.425055 0.409521 0.424648 0.412222 0.423504 0.414922 0.422758 0.416777 0.421816 0.419648 0.421207 0.421924 0.419855 0.425132 0.418641 0.428086 0.417629 0.430703 0.416145 0.432812 0.415199 0.434751 0.413918 0.437031
1 0.301965 0.227642 0.30352 0.222183 0.305469 0.217432 0.30575 0.215024 0.306723 0.212354 0.307012 0.206895 0.307402 0.200952 0.307207 0.196948 0.306043 0.190151 0.305461 0.18542 0.304297 0.17875 0.302547 0.175474 0.301773 0.173896 0.301094 0.170742 0.300605 0.168071 0.302453 0.168315 0.304781 0.170864 0.30682 0.172319 0.309246 0.17584 0.310699 0.180688 0.312449 0.185181 0.313516 0.189912 0.314484 0.196099 0.314973 0.202041 0.314098 0.207139 0.313129 0.214297 0.312352 0.221694 0.310508 0.226548 0.308234 0.22998 0.307023 0.23252 0.305004 0.23686 0.302656 0.242017 0.300305 0.247681 0.298609 0.252329 0.298074 0.255776 0.297492 0.257593 0.298074 0.25978 0.29827 0.261719 0.296426 0.262324 0.294484 0.261841 0.293609 0.260508 0.293414 0.255776 0.294094 0.251167 0.294773 0.246919 0.296715 0.241094 0.29827 0.237212 0.299629 0.233208 0.300402 0.231147
1 0.250941 0.189604 0.251277 0.186738 0.252223 0.182949 0.253367 0.179155 0.25566 0.174858 0.257008 0.171826 0.259031 0.167949 0.261793 0.164331 0.265566 0.158936 0.267793 0.156074 0.269609 0.1527 0.272309 0.149248 0.274129 0.147144 0.276016 0.145962 0.277902 0.146045 0.278711 0.146973 0.278305 0.148574 0.276215 0.151689 0.275207 0.15439 0.273586 0.15835 0.271699 0.16374 0.270219 0.168203 0.26759 0.172583 0.266039 0.176123 0.263344 0.179492 0.261457 0.18354 0.260445 0.186909 0.259973 0.190952 0.260512 0.193818 0.260445 0.197529 0.260605 0.200161 0.260688 0.203394 0.261172 0.206328 0.26198 0.208755 0.262547 0.211685 0.262871 0.214111 0.263113 0.217349 0.263598 0.219268 0.263844 0.223008 0.26368 0.226143 0.262145 0.226143 0.261012 0.224321 0.259961 0.221797 0.259152 0.21937 0.258988 0.216943 0.257938 0.214214 0.257453 0.210571 0.25543 0.206631 0.25373 0.203799 0.252844 0.200059 0.251871 0.196621 0.25082 0.192983
1 0.301672 0.152012 0.300297 0.154946 0.297305 0.156665 0.294313 0.158384 0.291645 0.159697 0.28784 0.161719 0.284605 0.163335 0.279836 0.164751 0.275062 0.16728 0.270211 0.169302 0.266652 0.170918 0.262363 0.172231 0.257594 0.17375 0.254602 0.175166 0.249426 0.17769 0.245461 0.180117 0.239879 0.183154 0.236 0.185273 0.231953 0.186895 0.229367 0.187905 0.226293 0.189624 0.224027 0.19124 0.221359 0.193667 0.218367 0.195386 0.21602 0.196699 0.214809 0.195688 0.214727 0.194478 0.216586 0.191846 0.218285 0.190024 0.220711 0.186992 0.222977 0.184668 0.225887 0.182241 0.229852 0.179209 0.232117 0.177085 0.236 0.17375 0.239637 0.170615 0.24441 0.167783 0.250312 0.165054 0.254277 0.163335 0.258805 0.161519 0.262121 0.160103 0.267703 0.158887 0.270289 0.157876 0.27377 0.156865 0.277246 0.156362 0.279512 0.155752 0.283242 0.154736 0.285742 0.153516 0.288973 0.152822 0.292211 0.152114 0.294473 0.151304 0.297465 0.150698 0.299328 0.150601 0.301105 0.150195 0.30159 0.150498
1 0.451063 0.180815 0.449242 0.178628 0.447695 0.177026 0.44648 0.175005 0.446547 0.173486 0.447895 0.172056 0.449242 0.17374 0.45248 0.176182 0.457668 0.180815 0.460633 0.183018 0.464031 0.185747 0.467832 0.189487 0.471309 0.192217 0.473414 0.194946 0.474707 0.197876 0.478023 0.204448 0.479121 0.208062 0.47902 0.210723 0.476883 0.210117 0.475238 0.207329 0.471359 0.20418 0.469027 0.20272 0.466504 0.199687 0.462324 0.196538 0.45932 0.193379 0.457668 0.190708 0.454859 0.187314 0.452723 0.183672
1 0.434477 0.168755 0.430203 0.167178 0.427875 0.165601 0.423023 0.16293 0.420016 0.160503 0.417781 0.158198 0.416035 0.155771 0.415742 0.153833 0.417004 0.152739 0.418168 0.15395 0.421664 0.156255 0.424477 0.157471 0.429375 0.159229 0.432305 0.161377 0.434219 0.161914 0.43707 0.163623 0.439813 0.164629 0.444082 0.167417 0.448258 0.169238 0.450004 0.171182 0.452043 0.17397 0.454063 0.176323 0.455809 0.178179 0.456555 0.180703 0.458301 0.183311 0.459719 0.185 0.460262 0.187534 0.459992 0.190059 0.458777 0.190225 0.457496 0.188965 0.45473 0.185508 0.452914 0.183652 0.450953 0.181211 0.449277 0.179697 0.447656 0.178267 0.44557 0.176323 0.444492 0.174893 0.442395 0.173462 0.439969 0.172114 0.437473 0.171021
1 0.47302 0.06979 0.472211 0.0719141 0.470672 0.0762695 0.469539 0.0794092 0.469375 0.0843701 0.468891 0.0889258 0.467434 0.0913525 0.465328 0.0948975 0.463543 0.0986426 0.462895 0.101885 0.462086 0.104819 0.461602 0.107051 0.461844 0.110288 0.463543 0.11353 0.464273 0.116162 0.464922 0.12021 0.46573 0.122842 0.467758 0.125073 0.470324 0.127026 0.472672 0.129658 0.473969 0.13209 0.474375 0.132695 0.476641 0.132695 0.477777 0.133809 0.479395 0.135127 0.481422 0.13624 0.481906 0.137456 0.48223 0.139683 0.482395 0.140391 0.483609 0.140591 0.484336 0.140288 0.484984 0.140088 0.485551 0.138467 0.485309 0.135327 0.484012 0.132896 0.482555 0.130874 0.480449 0.128848 0.478504 0.126318 0.477047 0.124595 0.475023 0.120747 0.473238 0.117915 0.471699 0.114473 0.47073 0.110625 0.470406 0.107383 0.470406 0.103838 0.471379 0.100601 0.472672 0.0979687 0.474133 0.0950293 0.475266 0.0912842 0.475969 0.0884082 0.476441 0.0867969 0.476578 0.0846094 0.476641 0.0820801 0.475969 0.0808936 0.476441 0.0786963 0.477453 0.0768457 0.47873 0.0749023 0.478871 0.0731299 0.478871 0.0710254 0.477996 0.0700098 0.477516 0.069082 0.476641 0.0673096 0.474754 0.0668945 0.474008 0.0670557 0.473945 0.0678125 0.473945 0.069082
1 0.353934 0 0.353629 0.00175781 0.354031 0.00408691 0.35541 0.00682129 0.358 0.00894531 0.359621 0.0102637 0.359945 0.0117822 0.359945 0.0158301 0.360105 0.0223145 0.359379 0.0242383 0.358164 0.0274756 0.357273 0.0312207 0.357109 0.0369922 0.357352 0.0419531 0.358164 0.0471191 0.359453 0.0493652 0.361969 0.0508643 0.363184 0.0525879 0.36448 0.0539014 0.365047 0.0540039 0.364805 0.0525879 0.363832 0.0502588 0.363508 0.0477246 0.36448 0.0445898 0.365617 0.0407422 0.366426 0.0369922 0.367074 0.0332471 0.368289 0.0281836 0.368531 0.024541 0.368449 0.0194775 0.367801 0.0150244 0.36675 0.0100635 0.365695 0.00702148 0.36432 0.00408691 0.363023 0.00186035 0.362789 0
1 0.214953 0.0886133 0.211645 0.0880225 0.207125 0.0885254 0.204289 0.0892871 0.200375 0.0891992 0.196527 0.0894531 0.196188 0.0877686 0.197336 0.0860791 0.199363 0.0847314 0.205773 0.0827881 0.208543 0.0821973 0.211375 0.079668 0.215965 0.0791602 0.221434 0.0805127 0.226293 0.0836328 0.231426 0.0873437 0.236285 0.0902979 0.240605 0.0936719 0.245059 0.0955273 0.251742 0.096626 0.257277 0.0981445 0.262742 0.0976367 0.265984 0.0962891 0.26882 0.0945996 0.27118 0.0922412 0.273273 0.0912256 0.274625 0.0915625 0.275027 0.092832 0.274355 0.0960352 0.272668 0.0982275 0.270035 0.100508 0.266051 0.103462 0.262137 0.10481 0.258426 0.105825 0.253832 0.106665 0.247625 0.107344 0.244316 0.107256 0.241277 0.105317 0.238512 0.103965 0.235945 0.102617 0.229805 0.0985693 0.226293 0.0958691 0.222109 0.0924902 0.219949 0.0906348 0.218195 0.089624
2 0.3925 0.561523 0.392801 0.564194 0.391539 0.56541 0.389984 0.564561 0.387746 0.565288 0.38425 0.566138 0.37832 0.567476 0.372391 0.568325 0.368211 0.569053 0.364711 0.570874 0.358879 0.57209 0.352852 0.572939 0.347895 0.574766 0.344301 0.577803 0.341676 0.580962 0.339535 0.580474 0.338078 0.578408 0.337496 0.574644 0.338273 0.57209 0.341188 0.569419 0.344492 0.567231 0.34673 0.565166 0.349938 0.564316 0.355867 0.563584 0.360238 0.562251 0.364129 0.559453 0.367141 0.55897 0.370934 0.558481 0.374238 0.558359 0.377734 0.558359 0.381527 0.559453 0.383957 0.560308 0.387555 0.561279 0.390082 0.561401
1 0.256746 0 0.254734 0.00350586 0.253047 0.00554199 0.251531 0.00814453 0.250629 0.0113086 0.25018 0.015459 0.251473 0.018623 0.253781 0.0186914 0.255188 0.0164404 0.256703 0.0136279 0.257324 0.011167 0.257887 0.00905762 0.258844 0.00652832 0.260641 0.0032959 0.262105 0.000551758 0.262199 0
1 0.252992 0.0210107 0.25316 0.0184131 0.253273 0.0153857 0.254734 0.0142627 0.256535 0.0137012 0.257156 0.0131396 0.256703 0.0112402 0.255355 0.0108887 0.252543 0.012085 0.25091 0.013208 0.249953 0.0157373 0.248773 0.0177783 0.247762 0.0205908 0.247141 0.0229102 0.245906 0.0261475 0.245004 0.0291699 0.244555 0.0337402 0.244555 0.0378857 0.243938 0.0396436 0.244555 0.0421777 0.245453 0.0444971 0.247254 0.0445654 0.248719 0.0429492 0.250066 0.0409131 0.251137 0.0367627 0.251641 0.033667 0.252094 0.0307861 0.252543 0.0281152 0.252656 0.0247412 0.252656 0.0231201
1 0.457258 0.776265 0.459113 0.786436 0.459398 0.791255 0.459398 0.796787 0.460684 0.803389 0.461684 0.810884 0.462254 0.819448 0.462254 0.826943 0.462395 0.828911 0.462824 0.830693 0.463395 0.832119 0.464965 0.837295 0.466395 0.841401 0.470676 0.844434 0.473676 0.844971 0.477816 0.845864 0.481383 0.845864 0.482227 0.844336 0.481172 0.841943 0.475672 0.836763 0.472391 0.833369 0.47025 0.829443 0.468391 0.822661 0.46625 0.81249 0.464965 0.801782 0.464965 0.797144 0.465109 0.791968 0.464539 0.787686 0.463109 0.782866 0.460969 0.773408 0.461539 0.7652 0.462969 0.761987 0.46368 0.758774 0.463109 0.757168 0.461398 0.756455 0.458684 0.757349 0.456398 0.758418 0.454828 0.760557 0.454402 0.764487 0.455113 0.77002 0.456684 0.773945
