2 0.432812 0.0571289 0.425 0.0561523 0.413281 0.0561523 0.407422 0.0576172 0.403516 0.0610352 0.400391 0.0615234 0.392969 0.0664062 0.386328 0.074707 0.385156 0.0751953 0.380469 0.0825195 0.378125 0.0874023 0.378516 0.0922852 0.377344 0.0957031 0.382031 0.0957031 0.388281 0.0874023 0.389453 0.0834961 0.392188 0.0800781 0.396094 0.078125 0.399609 0.074707 0.415234 0.0654297 0.425 0.0620117 0.43125 0.0610352 0.432812 0.0600586
2 0.252734 0.55127 0.250391 0.550781 0.247266 0.551758 0.239453 0.558105 0.230859 0.561035 0.21875 0.561523 0.216797 0.562988 0.216797 0.564941 0.224609 0.570312 0.232813 0.570801 0.235547 0.569824 0.248828 0.561523 0.252344 0.556641
2 0.264062 0.622559 0.264062 0.626465 0.269922 0.632324 0.272656 0.63623 0.274219 0.641113 0.276562 0.645508 0.277344 0.652344 0.276953 0.654297 0.271875 0.660645 0.26875 0.660645 0.267188 0.659668 0.265625 0.656738 0.260547 0.651367 0.258984 0.651855 0.258594 0.652832 0.258594 0.658203 0.260156 0.661621 0.264062 0.666992 0.271094 0.670898 0.275781 0.67041 0.279297 0.668457 0.281641 0.665527 0.285156 0.658203 0.285938 0.654297 0.285938 0.646973 0.285156 0.642578 0.283594 0.637695 0.280078 0.630371 0.278516 0.628418 0.267578 0.622559
2 0.788281 0.715332 0.788281 0.716797 0.791406 0.719238 0.810156 0.738281 0.817187 0.748535 0.819922 0.754395 0.820703 0.759277 0.826562 0.779297 0.829297 0.783203 0.83125 0.783203 0.832031 0.781738 0.832031 0.775391 0.829688 0.76709 0.826953 0.750977 0.824219 0.744141 0.819141 0.735352 0.810547 0.726074 0.80625 0.723633 0.803125 0.720703 0.796875 0.718262 0.792578 0.715332
2 0.55 0.0712891 0.550391 0.0766602 0.554688 0.0844727 0.559766 0.0917969 0.567969 0.100098 0.570703 0.104492 0.579297 0.112305 0.584375 0.114746 0.5875 0.118164 0.591016 0.120117 0.592578 0.119141 0.588672 0.11084 0.584375 0.106445 0.576562 0.0952148 0.573828 0.0932617 0.56875 0.0869141 0.566797 0.0859375 0.554297 0.0708008 0.553125 0.0698242 0.551562 0.0698242
1 0.213672 0.214355 0.212109 0.214844 0.211328 0.217285 0.211328 0.22998 0.207813 0.258301 0.205469 0.26416 0.200781 0.270508 0.192188 0.275879 0.191016 0.27832 0.191016 0.279785 0.193359 0.281738 0.201172 0.281738 0.207422 0.279297 0.210547 0.275879 0.214844 0.268066 0.216406 0.263672 0.21875 0.248047 0.219141 0.230469 0.217578 0.220215 0.216406 0.216797
1 0.327734 0.443359 0.326172 0.437988 0.320703 0.431152 0.314453 0.428223 0.307031 0.428223 0.294531 0.432617 0.285156 0.440918 0.278516 0.449707 0.274219 0.452637 0.26875 0.45459 0.26875 0.455566 0.271484 0.457031 0.275391 0.45752 0.283984 0.457031 0.293359 0.451172 0.299219 0.445312 0.310156 0.438965 0.314063 0.439453 0.31875 0.442383 0.320312 0.447266 0.322656 0.449707 0.326953 0.44873 0.327734 0.446289
1 0.235937 0.411621 0.236719 0.416016 0.244141 0.42041 0.256641 0.424316 0.266016 0.425293 0.284375 0.425293 0.2875 0.424805 0.289844 0.422363 0.294531 0.42041 0.294531 0.416504 0.292187 0.415039 0.280859 0.414551 0.271094 0.415527 0.256641 0.413574 0.251563 0.412109 0.243359 0.411133 0.241406 0.410156 0.238281 0.410156
1 0.385547 0.0878906 0.383984 0.0898438 0.383984 0.0947266 0.385547 0.103516 0.383203 0.132812 0.383594 0.152344 0.389453 0.182129 0.391797 0.187012 0.394141 0.1875 0.396094 0.187012 0.397266 0.184082 0.39375 0.153809 0.39375 0.132812 0.394922 0.124023 0.395703 0.106934 0.394531 0.0996094 0.392578 0.0952148 0.390625 0.0927734 0.389062 0.0883789
1 0.497266 0.118164 0.49375 0.12207 0.489453 0.137695 0.489063 0.144043 0.488281 0.146973 0.488281 0.158203 0.489453 0.166016 0.491406 0.173828 0.493359 0.178711 0.496094 0.183105 0.502734 0.190918 0.505078 0.192383 0.509766 0.19873 0.514062 0.200684 0.514844 0.196777 0.512109 0.188965 0.508594 0.18457 0.507031 0.180176 0.503906 0.17627 0.5 0.169434 0.496484 0.15918 0.495703 0.155273 0.495703 0.14502 0.496875 0.137695 0.498828 0.132324 0.5 0.125488 0.499609 0.119629 0.498437 0.118164
1 0.551172 0.101074 0.549219 0.100586 0.541016 0.104004 0.532422 0.108887 0.528906 0.112305 0.524219 0.118652 0.519922 0.130371 0.516797 0.143555 0.516797 0.146973 0.515625 0.149902 0.514062 0.162109 0.516016 0.165039 0.518359 0.165039 0.522266 0.158203 0.526172 0.138672 0.530078 0.125488 0.540625 0.11377 0.546484 0.108887 0.548828 0.10791 0.551953 0.104004 0.551953 0.102051
1 0.438672 0 0.438281 0.00537109 0.439844 0.0107422 0.442188 0.0161133 0.452344 0.0336914 0.454688 0.0444336 0.460547 0.0605469 0.4625 0.0678711 0.464453 0.0703125 0.465625 0.0732422 0.469141 0.0771484 0.471484 0.0776367 0.473828 0.0756836 0.474219 0.0722656 0.471484 0.0683594 0.468359 0.0610352 0.464844 0.0483398 0.4625 0.0429688 0.460156 0.0322266 0.454688 0.0175781 0.450781 0.0117188 0.446094 0.00732422 0.444531 0.00390625 0.442188 0.000976562 0.442188 0
1 0.440234 0.0214844 0.438281 0.0200195 0.430859 0.0205078 0.428125 0.0224609 0.421875 0.0244141 0.408594 0.0332031 0.404297 0.0395508 0.400781 0.0424805 0.395703 0.0488281 0.395313 0.050293 0.392578 0.0527344 0.391016 0.0566406 0.392188 0.0576172 0.396484 0.0566406 0.398438 0.0537109 0.405078 0.050293 0.407031 0.0478516 0.408594 0.046875 0.412109 0.0463867 0.419922 0.0419922 0.423828 0.0375977 0.432031 0.0317383 0.437109 0.0292969 0.440625 0.0253906
1 0.501172 0.351562 0.501172 0.354492 0.505078 0.356934 0.508203 0.356934 0.525 0.351562 0.535156 0.349609 0.539062 0.349609 0.560156 0.353027 0.576562 0.358887 0.580859 0.358398 0.580859 0.356934 0.578125 0.353027 0.571484 0.348633 0.567969 0.345215 0.560156 0.341797 0.550391 0.340332 0.532813 0.340332 0.521875 0.34375 0.510156 0.346191 0.502344 0.349609
1 0.551953 0.360352 0.549609 0.361328 0.548047 0.364258 0.549219 0.373535 0.550391 0.375977 0.551562 0.382324 0.551562 0.391602 0.550391 0.399902 0.550391 0.415527 0.551172 0.419434 0.552734 0.422363 0.555859 0.425781 0.557031 0.425781 0.558203 0.42334 0.558203 0.412598 0.560156 0.396484 0.559766 0.376465 0.558984 0.368652 0.557813 0.36377 0.55625 0.361816
1 0.746875 0.422852 0.744922 0.421875 0.743359 0.422363 0.740625 0.425781 0.735547 0.429688 0.73125 0.43457 0.724609 0.439453 0.719531 0.444824 0.715234 0.452148 0.712109 0.456055 0.710156 0.461426 0.704297 0.470703 0.703906 0.474121 0.697266 0.493652 0.697266 0.500977 0.699609 0.504883 0.701953 0.505371 0.703906 0.50293 0.707812 0.488281 0.7125 0.476562 0.716797 0.46875 0.721875 0.460938 0.728906 0.452637 0.730469 0.45166 0.740234 0.439453 0.746484 0.428223 0.747266 0.424805
1 0.760938 0.48584 0.761719 0.490234 0.764062 0.492188 0.776172 0.497559 0.789062 0.500488 0.794141 0.502441 0.810937 0.513184 0.816797 0.518066 0.819922 0.519531 0.821875 0.521973 0.823828 0.521484 0.824219 0.518066 0.81875 0.508789 0.817187 0.507812 0.812109 0.501465 0.801562 0.494141 0.793359 0.490723 0.777734 0.487793 0.767969 0.484863 0.763672 0.484375
1 0.739062 0.56543 0.736328 0.567383 0.735938 0.577148 0.737109 0.585449 0.738281 0.616699 0.739453 0.626465 0.743359 0.639648 0.746875 0.644531 0.751953 0.648926 0.754687 0.649902 0.759766 0.649902 0.760156 0.646484 0.752734 0.638184 0.750391 0.630371 0.746875 0.605469 0.745703 0.578613 0.744141 0.571777 0.741016 0.565918
1 0.552734 0.626953 0.551562 0.629883 0.551562 0.640137 0.558594 0.669434 0.560937 0.684082 0.562891 0.689453 0.567578 0.694336 0.572656 0.697266 0.578125 0.69873 0.580859 0.69873 0.583203 0.697266 0.585938 0.692871 0.585938 0.689453 0.585156 0.688477 0.575781 0.687012 0.570703 0.681641 0.567578 0.67334 0.565234 0.658203 0.563672 0.654297 0.561328 0.643555 0.55625 0.630371 0.553906 0.626953
1 0.873828 0.736816 0.866016 0.736328 0.861328 0.737305 0.857812 0.739258 0.852344 0.744629 0.848437 0.751953 0.845313 0.759766 0.840625 0.78418 0.839063 0.788086 0.837109 0.790527 0.836328 0.794434 0.832422 0.802246 0.83125 0.805664 0.83125 0.807129 0.832031 0.808105 0.835156 0.808594 0.841797 0.800781 0.853516 0.764648 0.85625 0.760742 0.858984 0.754395 0.8625 0.749512 0.867578 0.745117 0.874609 0.740723 0.874609 0.738281
1 0.428906 0.834473 0.427734 0.834473 0.427344 0.839355 0.428906 0.848145 0.428906 0.856934 0.422656 0.884277 0.420312 0.90332 0.419141 0.908203 0.417578 0.923828 0.417187 0.938477 0.418359 0.941406 0.419531 0.942383 0.423438 0.941406 0.425 0.939453 0.426563 0.935059 0.429297 0.916504 0.430078 0.905762 0.438281 0.861816 0.438281 0.854004 0.436328 0.845703 0.432422 0.836914
1 0.275391 0.86377 0.274219 0.866211 0.273438 0.87207 0.273438 0.881836 0.275 0.888184 0.278516 0.894531 0.283984 0.902344 0.298828 0.915527 0.304297 0.917969 0.308984 0.91748 0.309766 0.916504 0.309766 0.915039 0.307812 0.90918 0.298438 0.901855 0.290234 0.893555 0.282813 0.883301 0.280078 0.876953 0.279297 0.865234 0.277734 0.86377
1 0.256641 0.8125 0.254688 0.8125 0.250391 0.814453 0.243359 0.822754 0.238281 0.836914 0.235937 0.845703 0.235156 0.853027 0.234766 0.871582 0.235547 0.883789 0.234766 0.890137 0.231641 0.898926 0.232031 0.901855 0.233203 0.901855 0.237891 0.897949 0.241406 0.892578 0.244922 0.869141 0.244922 0.858398 0.246875 0.846191 0.250391 0.831543 0.257422 0.818359 0.257812 0.813965
1 0.240625 0.768066 0.239453 0.767578 0.239063 0.769043 0.236719 0.771973 0.236719 0.774414 0.234375 0.782227 0.228125 0.791504 0.225 0.798828 0.215625 0.812012 0.212109 0.813965 0.209766 0.816895 0.201172 0.82373 0.200391 0.825195 0.200391 0.827637 0.201172 0.829102 0.205469 0.829102 0.216406 0.823242 0.225781 0.81543 0.230859 0.809082 0.233203 0.804688 0.234375 0.799805 0.236719 0.795898 0.238281 0.791016 0.241016 0.772949
1 0.173828 0.86377 0.173047 0.871094 0.173047 0.882324 0.174219 0.88916 0.18125 0.905762 0.183984 0.909668 0.188672 0.918945 0.197266 0.927246 0.201563 0.930176 0.205078 0.931152 0.208984 0.931152 0.215234 0.929199 0.216406 0.927246 0.216406 0.924316 0.215234 0.922363 0.203906 0.916016 0.198828 0.911133 0.191406 0.901367 0.1875 0.894531 0.184766 0.886719 0.18125 0.880371 0.178516 0.871582 0.176172 0.868164 0.175391 0.864746
1 0.287109 0.689453 0.283203 0.693359 0.282031 0.696289 0.278125 0.712891 0.277344 0.719727 0.278125 0.743652 0.279687 0.749023 0.279687 0.751953 0.282813 0.762207 0.285156 0.765625 0.287109 0.771484 0.291406 0.780273 0.294531 0.784668 0.296875 0.784668 0.298438 0.783691 0.296875 0.775391 0.291016 0.763672 0.286719 0.748535 0.285156 0.73291 0.285156 0.704102 0.285938 0.699707 0.288281 0.693848 0.288281 0.689941
1 0.242188 0.666016 0.241797 0.666992 0.242578 0.670898 0.245312 0.677246 0.249609 0.68457 0.252734 0.700684 0.256641 0.710938 0.258984 0.719727 0.262109 0.726074 0.262891 0.72998 0.266016 0.737793 0.267969 0.740234 0.271484 0.741211 0.272266 0.740723 0.273047 0.737305 0.271875 0.729004 0.268359 0.719238 0.265625 0.713867 0.261719 0.697754 0.259375 0.692871 0.257031 0.682129 0.252734 0.674805 0.245312 0.666504
1 0.145703 0.641602 0.146094 0.645508 0.148047 0.648438 0.149609 0.655762 0.157422 0.669922 0.163281 0.675293 0.170313 0.683594 0.184375 0.694824 0.185938 0.697266 0.189844 0.700684 0.191797 0.701172 0.195703 0.704102 0.201953 0.704102 0.205469 0.70166 0.204687 0.697266 0.2 0.693848 0.196094 0.688965 0.191016 0.686523 0.185938 0.680664 0.182031 0.678223 0.176953 0.672852 0.170703 0.668457 0.161719 0.658203 0.157422 0.654785 0.155078 0.650879 0.150391 0.645508 0.149219 0.645508 0.147656 0.643555 0.147266 0.641602
1 0.272266 0.582031 0.271484 0.581543 0.270703 0.58252 0.269922 0.588379 0.261719 0.605469 0.25625 0.612793 0.246875 0.620605 0.23125 0.626465 0.230859 0.62793 0.231641 0.630371 0.242188 0.630371 0.251172 0.62793 0.257031 0.624023 0.259375 0.621094 0.262109 0.619141 0.264844 0.615723 0.266016 0.612305 0.271875 0.603516 0.273047 0.600586 0.272266 0.595215 0.273828 0.592285 0.273828 0.59082 0.272656 0.587891
1 0.252734 0.535645 0.251172 0.537109 0.251563 0.541504 0.252734 0.544434 0.258594 0.55127 0.259375 0.553223 0.260547 0.553711 0.265234 0.55957 0.266406 0.562012 0.269922 0.565918 0.272266 0.570801 0.273438 0.585449 0.272656 0.586914 0.272656 0.592773 0.271875 0.595703 0.273438 0.600098 0.274609 0.601562 0.278125 0.600586 0.279687 0.599121 0.280859 0.596191 0.283203 0.585449 0.283203 0.57666 0.280469 0.564453 0.276172 0.556152 0.273047 0.551758 0.263281 0.540527 0.257422 0.537109 0.255469 0.535156
1 0.313281 0.302246 0.313281 0.310547 0.316016 0.31543 0.332031 0.331543 0.344531 0.342285 0.347656 0.34375 0.349609 0.346191 0.353906 0.347656 0.361719 0.348145 0.362891 0.34668 0.362109 0.344727 0.357812 0.34375 0.355469 0.341309 0.351953 0.339844 0.350391 0.337402 0.347266 0.335938 0.340625 0.329102 0.330859 0.320801 0.324219 0.313965 0.320312 0.309082 0.318359 0.305176 0.316016 0.304199 0.314453 0.301758
1 0.150977 0.193848 0.150703 0.199121 0.152148 0.205908 0.154961 0.212744 0.159336 0.226807 0.159922 0.23833 0.157812 0.266113 0.158203 0.268066 0.161328 0.271973 0.167187 0.272461 0.169141 0.270508 0.169922 0.268555 0.169922 0.263184 0.168359 0.251465 0.168359 0.241699 0.169141 0.23584 0.169141 0.226074 0.168359 0.220703 0.164062 0.212891 0.158984 0.206543 0.155781 0.19873 0.152617 0.193604
1 0.330937 0.356836 0.325391 0.358398 0.321094 0.359863 0.3125 0.36709 0.309297 0.37417 0.30957 0.380762 0.310078 0.383643 0.310352 0.385742 0.311523 0.390723 0.312891 0.397461 0.314453 0.400879 0.314844 0.404297 0.316406 0.406738 0.318359 0.412598 0.318359 0.416016 0.319531 0.420898 0.321094 0.424805 0.322148 0.426758 0.323437 0.428223 0.325195 0.427002 0.326055 0.424463 0.32625 0.418408 0.322266 0.401562 0.318555 0.390234 0.316797 0.384277 0.315625 0.381836 0.315625 0.378418 0.319531 0.373047 0.325078 0.367822 0.332187 0.36377 0.338828 0.365332 0.340586 0.362646 0.337578 0.360107
2 0.555859 0.893555 0.552734 0.896973 0.551562 0.901367 0.551953 0.909668 0.552344 0.910156 0.552344 0.912109 0.552734 0.912598 0.553516 0.917969 0.555469 0.923828 0.557813 0.926758 0.560547 0.928711 0.564063 0.928223 0.565234 0.926758 0.566016 0.924805 0.566016 0.920898 0.566406 0.92041 0.566016 0.918945 0.566016 0.914551 0.565234 0.912598 0.564844 0.907715 0.563672 0.905273 0.5625 0.899902 0.561328 0.896973 0.559766 0.89502 0.557422 0.893555
1 0.204297 0.939453 0.203516 0.944336 0.203906 0.944824 0.203906 0.949219 0.204297 0.949707 0.204297 0.964355 0.204687 0.964844 0.204687 0.972656 0.205078 0.973145 0.205078 0.991699 0.204687 0.992188 0.204687 0.996582 0.205469 0.998535 0.205469 1 0.212891 1 0.212891 0.998047 0.214062 0.995117 0.214062 0.990234 0.214453 0.989746 0.214453 0.98584 0.214844 0.985352 0.214844 0.975586 0.214453 0.975098 0.214453 0.970703 0.214062 0.970215 0.214062 0.968262 0.213672 0.967773 0.213672 0.966309 0.212891 0.963379 0.210547 0.958008 0.210156 0.95459 0.208984 0.95166 0.208594 0.949219 0.20625 0.944336 0.20625 0.942871 0.205078 0.939453
1 0.0582031 0.95752 0.0574219 0.956543 0.05625 0.956543 0.0542969 0.958496 0.0484375 0.962402 0.0433594 0.967773 0.0390625 0.970703 0.0339844 0.975586 0.0300781 0.978027 0.0269531 0.981445 0.025 0.982422 0.0226562 0.984863 0.0175781 0.991699 0.0144531 0.994141 0.0127734 0.996338 0.0115234 0.99834 0.0103906 1 0.025 1 0.0261328 0.999561 0.0276172 0.998193 0.0289063 0.99707 0.0300781 0.996094 0.0328125 0.992188 0.0339844 0.991699 0.0359375 0.989746 0.0410156 0.983398 0.0425781 0.982422 0.0453125 0.979004 0.0460938 0.977051 0.0488281 0.973633 0.0539063 0.96582 0.0570312 0.962891 0.0574219 0.960938 0.0582031 0.959961
1 0.290625 0.875 0.287891 0.877441 0.2875 0.880859 0.290625 0.885742 0.296094 0.88916 0.298594 0.890332 0.301914 0.893652 0.303906 0.898438 0.305859 0.902832 0.309375 0.907715 0.310937 0.912598 0.310937 0.914062 0.311719 0.916504 0.311719 0.918457 0.313672 0.92334 0.313672 0.924805 0.314453 0.926758 0.314453 0.928711 0.314844 0.929199 0.315234 0.933105 0.315625 0.933594 0.315625 0.936523 0.316406 0.937988 0.316797 0.94043 0.316406 0.940918 0.316406 0.944336 0.316016 0.944824 0.315625 0.94873 0.312891 0.956055 0.311328 0.958008 0.309766 0.961914 0.309766 0.963379 0.310547 0.963867 0.314063 0.963379 0.314844 0.962891 0.319141 0.957031 0.319922 0.954102 0.321094 0.95166 0.322266 0.944824 0.322656 0.944336 0.323047 0.938477 0.323437 0.937988 0.323437 0.934082 0.323828 0.933594 0.323828 0.925293 0.324219 0.924805 0.323828 0.923828 0.323828 0.921875 0.323047 0.919922 0.322656 0.916016 0.319141 0.907715 0.319141 0.906738 0.317578 0.902832 0.317266 0.900781 0.315859 0.897412 0.315156 0.895215 0.313789 0.892285 0.311875 0.888916 0.308281 0.88457 0.305938 0.882324 0.303867 0.880615 0.301289 0.878857 0.299023 0.877344 0.296484 0.876221 0.291797 0.875
1 0.277734 0.860352 0.277344 0.862305 0.277734 0.863281 0.279297 0.864746 0.283594 0.864258 0.285938 0.865723 0.2875 0.867676 0.292656 0.870264 0.296641 0.872754 0.298867 0.874658 0.302187 0.878125 0.307578 0.883398 0.311328 0.885742 0.314453 0.889648 0.315625 0.89209 0.316406 0.89502 0.317969 0.896973 0.319141 0.900391 0.320703 0.902344 0.322656 0.906738 0.324609 0.909668 0.325781 0.912598 0.326172 0.916504 0.328516 0.919434 0.328125 0.923828 0.329297 0.925293 0.333594 0.925293 0.334375 0.923828 0.334375 0.920898 0.333984 0.92041 0.334375 0.919922 0.334375 0.914062 0.332813 0.908203 0.331641 0.906738 0.330078 0.900879 0.328516 0.898438 0.326172 0.893066 0.323828 0.890625 0.321875 0.886719 0.321094 0.88623 0.320703 0.884766 0.317969 0.881348 0.314063 0.877441 0.313281 0.877441 0.311328 0.875977 0.309766 0.875488 0.306641 0.871582 0.305859 0.871582 0.303906 0.868652 0.302344 0.867676 0.301172 0.867676 0.298438 0.865723 0.296484 0.865234 0.292969 0.863281 0.289453 0.862793 0.2875 0.861328 0.284375 0.860352 0.283203 0.859375 0.279687 0.858887
1 0.174609 0.700684 0.173047 0.700684 0.172656 0.701172 0.172656 0.711426 0.1725 0.713916 0.172031 0.717139 0.171094 0.721191 0.170195 0.724902 0.169922 0.728027 0.169375 0.731104 0.168594 0.733203 0.167578 0.735352 0.166797 0.737305 0.165195 0.741162 0.163828 0.745557 0.162422 0.74834 0.161133 0.750537 0.160547 0.752441 0.159492 0.754199 0.158594 0.755859 0.157148 0.758594 0.155938 0.760449 0.154297 0.763184 0.152656 0.766113 0.150391 0.769531 0.148828 0.772949 0.146875 0.775879 0.144531 0.782227 0.144531 0.78418 0.145703 0.785645 0.147656 0.785156 0.151172 0.783203 0.152344 0.78125 0.155078 0.77832 0.159375 0.771484 0.160391 0.769775 0.161719 0.767578 0.164258 0.763379 0.166797 0.759277 0.168789 0.755078 0.170664 0.751611 0.172422 0.747559 0.173945 0.743555 0.175352 0.739209 0.176367 0.734619 0.177109 0.731055 0.177852 0.727148 0.178281 0.721094 0.178906 0.71582 0.178906 0.708496 0.178516 0.708008 0.178125 0.705078 0.177734 0.704102
1 0.148438 0.680664 0.147656 0.681152 0.147656 0.682129 0.148828 0.684082 0.149219 0.686035 0.15 0.6875 0.151953 0.689941 0.154688 0.691895 0.15625 0.693848 0.157031 0.696777 0.157891 0.69873 0.158867 0.701465 0.159844 0.704395 0.160938 0.707422 0.162344 0.710596 0.161758 0.71709 0.161562 0.721582 0.161289 0.725 0.160273 0.72959 0.159297 0.733447 0.158438 0.737305 0.157422 0.739746 0.155469 0.742334 0.152656 0.742822 0.149141 0.742676 0.147812 0.743506 0.147852 0.745117 0.149492 0.74668 0.154727 0.747754 0.161484 0.745654 0.163281 0.742676 0.164453 0.739258 0.166016 0.736816 0.166406 0.732422 0.167187 0.730957 0.169141 0.723633 0.169141 0.720703 0.169531 0.720215 0.169531 0.717773 0.169922 0.717285 0.169922 0.71377 0.169883 0.71167 0.169453 0.708203 0.168711 0.705566 0.168281 0.703223 0.166797 0.697754 0.166016 0.695801 0.162891 0.690918 0.161328 0.689453 0.158438 0.685791 0.155391 0.682666 0.153125 0.681641 0.151172 0.680664
1 0.168984 0.684521 0.169531 0.690918 0.169609 0.692627 0.169922 0.693848 0.170195 0.695557 0.170313 0.697266 0.171367 0.699951 0.171719 0.701953 0.172266 0.70459 0.173828 0.709961 0.180469 0.722656 0.182812 0.728516 0.185547 0.732422 0.186719 0.736816 0.188672 0.739258 0.190625 0.743164 0.19375 0.74707 0.194141 0.74707 0.198047 0.752441 0.199219 0.75293 0.200391 0.754395 0.201953 0.754395 0.202344 0.753418 0.202344 0.75 0.201563 0.748047 0.200391 0.746582 0.2 0.744141 0.197656 0.740234 0.194531 0.736328 0.191758 0.731934 0.188672 0.725586 0.186328 0.719727 0.183594 0.716309 0.182148 0.712549 0.181172 0.71001 0.180469 0.708984 0.178906 0.70459 0.177187 0.700439 0.176172 0.696387 0.175391 0.692871 0.174609 0.690918 0.174453 0.688086 0.173711 0.68501 0.172656 0.683252 0.171992 0.682178 0.170859 0.681885 0.169766 0.682373
2 0.167187 0.634766 0.167187 0.63623 0.167969 0.637695 0.167969 0.638672 0.170703 0.643555 0.173437 0.645996 0.175781 0.646973 0.177344 0.648438 0.186719 0.653809 0.188672 0.65625 0.190234 0.656738 0.194141 0.662109 0.194531 0.663574 0.196094 0.665527 0.199219 0.667969 0.201953 0.671387 0.202734 0.673828 0.208594 0.682129 0.212891 0.682129 0.213281 0.681641 0.213281 0.676758 0.2125 0.675293 0.2125 0.674316 0.204687 0.662109 0.203516 0.661621 0.2 0.657227 0.199219 0.655762 0.199219 0.654785 0.197656 0.652832 0.195312 0.651367 0.191016 0.646484 0.188672 0.64502 0.185156 0.641602 0.18125 0.63916 0.180469 0.63916 0.177734 0.637207 0.173437 0.635742 0.171094 0.634277 0.167969 0.634277
2 0.174219 0.648926 0.173437 0.649902 0.173047 0.654785 0.173437 0.655273 0.173437 0.656738 0.174219 0.65918 0.174219 0.661133 0.175391 0.665527 0.176563 0.668457 0.177734 0.669922 0.178516 0.67334 0.180078 0.675781 0.180859 0.678223 0.182656 0.681592 0.183984 0.683105 0.186602 0.686279 0.194023 0.692822 0.195938 0.695361 0.198008 0.697754 0.200547 0.700488 0.202813 0.702686 0.205859 0.70459 0.20625 0.705078 0.209375 0.705566 0.209766 0.706055 0.211719 0.706055 0.212109 0.706543 0.215234 0.706543 0.215625 0.706055 0.216797 0.706055 0.217188 0.705566 0.217188 0.704102 0.213281 0.699219 0.210938 0.696777 0.209375 0.696289 0.20625 0.694336 0.205469 0.693359 0.203125 0.692383 0.201172 0.689941 0.199609 0.688965 0.195312 0.68457 0.194141 0.682617 0.191016 0.679199 0.190234 0.677246 0.188281 0.674805 0.1875 0.671387 0.186328 0.668457 0.183203 0.664062 0.182422 0.661621 0.181641 0.660645 0.180469 0.657715 0.180078 0.654785 0.178516 0.651367 0.177344 0.649902 0.176172 0.649902
1 0.186434 0.610713 0.193715 0.615962 0.200152 0.619458 0.209109 0.621733 0.218348 0.622085 0.229824 0.621558 0.236543 0.621558 0.240043 0.620337 0.243961 0.616484 0.244242 0.614912 0.24382 0.613159 0.239762 0.612109 0.232902 0.612812 0.221008 0.613159 0.210508 0.611938 0.20057 0.607036 0.194133 0.601616 0.191613 0.597588 0.190074 0.596714 0.188535 0.596714 0.186156 0.597588 0.182938 0.601787 0.181957 0.60459 0.182234 0.607036 0.183773 0.608965
1 0.125613 0.496582 0.118594 0.499707 0.109211 0.501982 0.102461 0.500718 0.0968594 0.498354 0.0898398 0.496582 0.0865977 0.496582 0.084707 0.497852 0.0833594 0.500552 0.0833594 0.503418 0.0865313 0.508145 0.0907852 0.510674 0.0955078 0.51312 0.0983437 0.513457 0.102797 0.514727 0.10766 0.514639 0.11441 0.513628 0.121023 0.511519 0.127098 0.508818 0.131621 0.505444 0.135063 0.501392 0.137223 0.497935 0.141137 0.492788 0.144648 0.48688 0.146 0.483252 0.146 0.481313 0.145187 0.48064 0.141609 0.482578 0.136547 0.487725 0.130473 0.493633
1 0.157879 0.471357 0.154098 0.477852 0.146672 0.482158 0.140598 0.487642 0.136008 0.495825 0.134254 0.502827 0.133645 0.510508 0.138508 0.52021 0.142219 0.523921 0.145594 0.525693 0.147281 0.524766 0.14809 0.522236 0.147348 0.518354 0.144715 0.514639 0.142285 0.510757 0.140734 0.505361 0.142961 0.49937 0.147418 0.494307 0.15241 0.489243 0.157473 0.484858 0.161523 0.480386 0.165234 0.473804 0.167395 0.460723 0.166723 0.455576 0.164965 0.453047 0.162941 0.452539 0.16132 0.454648 0.160309 0.457856 0.159633 0.462075 0.15923 0.466631
2 0.213836 0.446719 0.208031 0.452539 0.202633 0.456758 0.19325 0.459546 0.182652 0.460723 0.174348 0.462412 0.169488 0.464102 0.167668 0.465366 0.167531 0.466968 0.168883 0.46874 0.173402 0.469668 0.180152 0.469668 0.19048 0.469668 0.198379 0.468823 0.202969 0.467393 0.208098 0.463765 0.214578 0.459375 0.219234 0.455327 0.222004 0.453384 0.225582 0.450854 0.230711 0.448911 0.234086 0.44689 0.235098 0.443345 0.234492 0.440474 0.231723 0.439126 0.22673 0.439126 0.223285 0.439883 0.218629 0.442163 0.216805 0.443682
1 0.188984 0.437012 0.180695 0.434482 0.176645 0.431699 0.172457 0.42917 0.168883 0.430771 0.166449 0.434819 0.166113 0.439971 0.169422 0.444355 0.176238 0.44832 0.182855 0.45043 0.188793 0.451782 0.194059 0.451782 0.198512 0.450518 0.203172 0.449839 0.208504 0.450176 0.215457 0.453218 0.225785 0.459121 0.231453 0.461147 0.234895 0.46022 0.234355 0.457437 0.230848 0.454395 0.225043 0.448066 0.218359 0.443091 0.213699 0.440562 0.209246 0.439629 0.204184 0.439629 0.197027 0.439546 0.191211 0.438135
1 0.269773 0.432476 0.279426 0.435005 0.285973 0.435259 0.29252 0.434839 0.302105 0.432559 0.305414 0.430112 0.30852 0.427246 0.311414 0.424458 0.311824 0.422939 0.310812 0.422183 0.308047 0.422856 0.303996 0.424209 0.298125 0.425811 0.286852 0.427158 0.278203 0.426655 0.272473 0.424883 0.265379 0.423193 0.261531 0.422183 0.258965 0.422183 0.257082 0.422856 0.256477 0.423618 0.256812 0.425391 0.258965 0.427583 0.261262 0.429268 0.264914 0.431211
1 0.606828 0 0.607816 0.00655273 0.60968 0.0151562 0.60968 0.0204199 0.610488 0.0258887 0.611055 0.0309521 0.612027 0.0365234 0.612676 0.040874 0.614055 0.0421924 0.614945 0.0426953 0.615512 0.0425977 0.615836 0.0413818 0.615836 0.0368262 0.615348 0.0310547 0.615023 0.0259912 0.615754 0.0224463 0.615918 0.0185986 0.615754 0.0132324 0.615348 0.00847656 0.614699 0.00290527 0.614121 0
1 0.282293 0.407407 0.28132 0.412876 0.28132 0.417373 0.282391 0.421504 0.284238 0.424053 0.286473 0.427456 0.288805 0.431104 0.289875 0.433047 0.291238 0.435112 0.293082 0.436328 0.293766 0.436689 0.294543 0.436567 0.295027 0.435596 0.295125 0.433774 0.295027 0.431221 0.293473 0.427578 0.291332 0.423813 0.290652 0.418345 0.290652 0.413726 0.291625 0.409595 0.293277 0.406436 0.295609 0.401943 0.296484 0.399023 0.296973 0.394653 0.299305 0.388818 0.30125 0.384565 0.303289 0.379102 0.304941 0.373755 0.308734 0.362212 0.311164 0.354922 0.311941 0.350303 0.311066 0.346416 0.309605 0.345444 0.307082 0.34666 0.304457 0.350425 0.298137 0.364277 0.294055 0.373511 0.291238 0.380195 0.28725 0.389912 0.284238 0.401577
1 0.299535 0.296475 0.298719 0.308433 0.29802 0.32418 0.297203 0.331177 0.295453 0.33876 0.295805 0.342695 0.296855 0.343423 0.298137 0.341968 0.299535 0.337881 0.301984 0.333657 0.30327 0.330591 0.303734 0.323447 0.303734 0.315283 0.304902 0.303477 0.306301 0.294873 0.307816 0.279419 0.308867 0.267607 0.310617 0.254775 0.310734 0.25084 0.309102 0.248218 0.30677 0.246904 0.304434 0.248071 0.303969 0.252734 0.302219 0.26644 0.301055 0.282187 0.300121 0.291812
1 0.312602 0.28248 0.311199 0.275771 0.309219 0.272129 0.305719 0.268774 0.300469 0.267754 0.293473 0.267754 0.286707 0.269941 0.283441 0.272417 0.282855 0.275044 0.282855 0.279565 0.283789 0.283062 0.285074 0.284521 0.285773 0.284668 0.286707 0.284375 0.288574 0.281895 0.290555 0.28 0.295453 0.277085 0.29907 0.276646 0.30257 0.278252 0.304551 0.282915 0.305484 0.289185 0.305719 0.299102 0.307352 0.310908 0.307469 0.317178 0.307934 0.325347 0.309566 0.332197 0.310152 0.334678 0.311434 0.334678 0.312367 0.331758 0.312484 0.328115 0.312484 0.317324 0.313184 0.308579 0.313184 0.297642 0.313066 0.28875
1 0.314379 0.340708 0.311172 0.336816 0.309035 0.332686 0.306215 0.329043 0.303395 0.325273 0.300285 0.320049 0.297758 0.317378 0.294844 0.312881 0.293578 0.30644 0.293383 0.304136 0.292605 0.30292 0.291926 0.304014 0.291246 0.306685 0.291246 0.312153 0.292023 0.317744 0.293383 0.321875 0.295523 0.326489 0.299215 0.330259 0.302426 0.334995 0.304562 0.339614 0.307672 0.345322 0.310199 0.348359 0.314965 0.351035 0.319824 0.352734 0.331 0.354678 0.338293 0.3548 0.347137 0.3548 0.355789 0.354678 0.359773 0.35334 0.362492 0.353218 0.367355 0.352007 0.369297 0.349575 0.369008 0.347388 0.36648 0.345688 0.360551 0.344839 0.352773 0.343623 0.346066 0.343257 0.339359 0.343257 0.333238 0.343257 0.327113 0.343257 0.322836 0.342891 0.317977 0.342041
1 0.224227 0.248789 0.21927 0.257295 0.214992 0.263979 0.209063 0.274429 0.204203 0.282568 0.198859 0.288037 0.191566 0.293745 0.188652 0.297754 0.189625 0.300791 0.192152 0.302617 0.195164 0.303345 0.199246 0.302617 0.203328 0.299336 0.207121 0.296055 0.210426 0.291313 0.21509 0.282935 0.218688 0.275034 0.222379 0.268716 0.226074 0.264102 0.228891 0.259238 0.232102 0.252559 0.234918 0.244658 0.235406 0.238462 0.235016 0.232266 0.234723 0.228257 0.235504 0.223643 0.237156 0.219995 0.237738 0.216714 0.236766 0.215864 0.234723 0.216714 0.231906 0.219512 0.230059 0.222666 0.228891 0.229839 0.227434 0.241987 0.226074 0.24563
1 0.548687 0 0.548687 0.00341309 0.54909 0.00796875 0.549172 0.0132324 0.547797 0.0181934 0.546094 0.0207275 0.543824 0.0225488 0.542934 0.0232568 0.542855 0.0246729 0.543504 0.0256885 0.545687 0.0265967 0.548687 0.0265967 0.551359 0.0240674 0.552816 0.0205225 0.555488 0.0139404 0.556785 0.010498 0.55784 0.00685547 0.55873 0.00260254 0.559008 0
1 0.587766 0.18437 0.590195 0.173315 0.591555 0.164565 0.591266 0.151929 0.591168 0.145127 0.590582 0.142695 0.589125 0.141118 0.587277 0.14124 0.585238 0.143306 0.583 0.147559 0.58232 0.151929 0.582223 0.15752 0.580863 0.162261 0.579113 0.165298 0.578629 0.167969 0.57882 0.171978 0.579602 0.17623 0.579406 0.182427 0.577656 0.188989 0.576879 0.197129 0.577461 0.206729 0.581254 0.22082 0.582906 0.224102 0.58475 0.225073 0.586211 0.22313 0.586598 0.221309 0.586891 0.219365 0.585918 0.215356 0.584652 0.209038 0.584652 0.202598 0.58475 0.196885 0.586598 0.189595
1 0.631687 0.455767 0.631594 0.465244 0.631594 0.468403 0.632758 0.470713 0.633535 0.471196 0.636355 0.470952 0.638883 0.469375 0.640824 0.464878 0.642383 0.459409 0.642477 0.453579 0.642285 0.448354 0.641508 0.442158 0.64102 0.438149 0.639465 0.433896 0.638008 0.429399 0.637133 0.428672 0.635578 0.429038 0.63441 0.431343 0.633148 0.438149 0.632469 0.444468 0.632078 0.44896
1 0.624887 0.479097 0.627703 0.472534 0.630035 0.46415 0.630816 0.457588 0.632469 0.450908 0.633633 0.443252 0.635965 0.433652 0.638301 0.425635 0.640039 0.417236 0.641719 0.410303 0.642867 0.405103 0.644324 0.399756 0.644871 0.392354 0.644871 0.388125 0.643469 0.382876 0.641488 0.381274 0.639152 0.380107 0.638687 0.381274 0.639621 0.383608 0.640555 0.385796 0.640555 0.390752 0.63857 0.396729 0.635887 0.403872 0.633437 0.410728 0.631563 0.419775 0.629238 0.42939 0.628891 0.437407 0.626906 0.451548 0.623641 0.465107 0.620609 0.473276 0.618625 0.47896 0.616059 0.483628 0.613961 0.486396 0.611977 0.48873 0.611742 0.491646 0.613961 0.493979 0.616293 0.493247 0.619441 0.489604 0.622707 0.484209
1 0.573711 0.301421 0.562965 0.303462 0.557566 0.304585 0.551434 0.306343 0.546934 0.307749 0.54159 0.307891 0.539172 0.308384 0.537371 0.309648 0.536754 0.311475 0.53816 0.313726 0.539566 0.315132 0.54266 0.316045 0.545754 0.316328 0.549691 0.316328 0.552504 0.314922 0.555879 0.313657 0.558523 0.313516 0.565328 0.313374 0.571742 0.312671 0.579953 0.312671 0.585691 0.311968 0.593285 0.31042 0.601441 0.308735 0.610215 0.305991 0.615223 0.304023 0.61584 0.302056 0.615672 0.300576 0.613367 0.299312 0.608867 0.299243 0.601891 0.299663 0.593902 0.300859 0.587773 0.301211 0.580797 0.301211 0.575902 0.301211
1 0.541254 0.320405 0.544348 0.320898 0.546711 0.320757 0.549129 0.320264 0.551434 0.319209 0.553684 0.318647 0.556555 0.319985 0.560715 0.322095 0.566621 0.324131 0.575621 0.326665 0.584004 0.326943 0.592555 0.32582 0.599246 0.323501 0.604871 0.319985 0.610273 0.31499 0.61359 0.311406 0.614996 0.308804 0.615336 0.305923 0.614152 0.304795 0.611902 0.304727 0.60791 0.307749 0.604367 0.310845 0.600203 0.314219 0.596379 0.316045 0.591992 0.316748 0.588391 0.316821 0.582711 0.315693 0.57534 0.31478 0.567129 0.31457 0.557621 0.314009 0.553234 0.313867 0.548453 0.314219 0.544402 0.315693 0.542152 0.316748 0.540523 0.318086 0.540297 0.319351
1 1 0.0653564 0.99723 0.0655957 0.994301 0.0668164 0.990707 0.068623 0.986371 0.0704297 0.983207 0.0725293 0.981801 0.0747266 0.981449 0.0777539 0.981723 0.0793652 0.983207 0.0805371 0.986098 0.0805859 0.988363 0.08 0.992035 0.0781445 0.996332 0.0766309 0.999027 0.0765332 1 0.0768604
